 0.000e+00 1.7970e+00 3.6320e-02 9.9847e-04 0.0000e+00
 1.133e-01 1.7970e+00 3.6320e-02 9.9847e-04 3.4651e-03
 2.267e-01 1.8006e+00 3.6453e-02 9.9482e-04 6.4591e-03
 3.400e-01 1.8076e+00 3.6709e-02 9.8790e-04 9.1936e-03
 4.533e-01 1.8176e+00 3.7079e-02 9.7803e-04 1.2060e-02
 5.667e-01 1.8304e+00 3.7556e-02 9.6560e-04 1.5303e-02
 6.800e-01 1.8457e+00 3.8133e-02 9.5100e-04 1.9099e-02
 7.933e-01 1.8630e+00 3.8799e-02 9.3468e-04 2.3530e-02
 9.067e-01 1.8819e+00 3.9541e-02 9.1713e-04 2.8539e-02
 1.020e+00 1.9020e+00 4.0345e-02 8.9886e-04 3.3900e-02
 1.133e+00 1.9228e+00 4.1191e-02 8.8040e-04 3.9231e-02
 1.247e+00 1.9437e+00 4.2060e-02 8.6221e-04 4.4093e-02
 1.360e+00 1.9642e+00 4.2933e-02 8.4468e-04 4.8138e-02
 1.473e+00 1.9841e+00 4.3794e-02 8.2807e-04 5.1211e-02
 1.587e+00 2.0030e+00 4.4630e-02 8.1257e-04 5.3363e-02
 1.700e+00 2.0208e+00 4.5431e-02 7.9823e-04 5.4768e-02
 1.813e+00 2.0374e+00 4.6194e-02 7.8505e-04 5.5632e-02
 1.927e+00 2.0529e+00 4.6914e-02 7.7300e-04 5.6130e-02
 2.040e+00 2.0672e+00 4.7591e-02 7.6201e-04 5.6394e-02
 2.153e+00 2.0804e+00 4.8224e-02 7.5199e-04 5.6514e-02
 2.267e+00 2.0926e+00 4.8816e-02 7.4288e-04 5.6546e-02
 2.380e+00 2.1038e+00 4.9366e-02 7.3460e-04 5.6527e-02
 2.493e+00 2.1142e+00 4.9878e-02 7.2707e-04 5.6479e-02
 2.607e+00 2.1236e+00 5.0352e-02 7.2022e-04 5.6415e-02
 2.720e+00 2.1323e+00 5.0792e-02 7.1399e-04 5.6343e-02
 2.833e+00 2.1403e+00 5.1198e-02 7.0832e-04 5.6269e-02
 2.947e+00 2.1476e+00 5.1573e-02 7.0316e-04 5.6196e-02
 3.060e+00 2.1543e+00 5.1920e-02 6.9847e-04 5.6124e-02
 3.173e+00 2.1604e+00 5.2239e-02 6.9420e-04 5.6055e-02
 3.287e+00 2.1660e+00 5.2533e-02 6.9032e-04 5.5990e-02
 3.400e+00 2.1712e+00 5.2804e-02 6.8678e-04 5.5928e-02
 3.513e+00 2.1759e+00 5.3052e-02 6.8356e-04 5.5870e-02
 3.627e+00 2.1802e+00 5.3281e-02 6.8063e-04 5.5816e-02
 3.740e+00 2.1841e+00 5.3491e-02 6.7796e-04 5.5765e-02
 3.853e+00 2.1877e+00 5.3683e-02 6.7553e-04 5.5717e-02
 3.967e+00 2.1910e+00 5.3859e-02 6.7332e-04 5.5672e-02
 4.080e+00 2.1939e+00 5.4021e-02 6.7131e-04 5.5631e-02
 4.193e+00 2.1967e+00 5.4168e-02 6.6948e-04 5.5592e-02
 4.307e+00 2.1992e+00 5.4303e-02 6.6781e-04 5.5555e-02
 4.420e+00 2.2014e+00 5.4427e-02 6.6630e-04 5.5521e-02
 4.533e+00 2.2035e+00 5.4539e-02 6.6492e-04 5.5489e-02
 4.647e+00 2.2054e+00 5.4642e-02 6.6367e-04 5.5459e-02
 4.760e+00 2.2071e+00 5.4736e-02 6.6254e-04 5.5431e-02
 4.873e+00 2.2087e+00 5.4821e-02 6.6151e-04 5.5405e-02
 4.987e+00 2.2101e+00 5.4899e-02 6.6057e-04 5.5380e-02
 5.100e+00 2.2114e+00 5.4969e-02 6.5972e-04 5.5356e-02
 5.213e+00 2.2125e+00 5.5033e-02 6.5896e-04 5.5334e-02
 5.327e+00 2.2136e+00 5.5091e-02 6.5827e-04 5.5313e-02
 5.440e+00 2.2145e+00 5.5143e-02 6.5764e-04 5.5293e-02
 5.553e+00 2.2154e+00 5.5191e-02 6.5708e-04 5.5275e-02
 5.667e+00 2.2161e+00 5.5233e-02 6.5657e-04 5.5257e-02
 5.780e+00 2.2168e+00 5.5272e-02 6.5611e-04 5.5240e-02
 5.893e+00 2.2175e+00 5.5306e-02 6.5570e-04 5.5223e-02
 6.007e+00 2.2180e+00 5.5337e-02 6.5534e-04 5.5208e-02
 6.120e+00 2.2185e+00 5.5365e-02 6.5501e-04 5.5192e-02
 6.233e+00 2.2190e+00 5.5389e-02 6.5472e-04 5.5178e-02
 6.347e+00 2.2194e+00 5.5411e-02 6.5446e-04 5.5164e-02
 6.460e+00 2.2197e+00 5.5430e-02 6.5424e-04 5.5150e-02
 6.573e+00 2.2200e+00 5.5447e-02 6.5404e-04 5.5137e-02
 6.687e+00 2.2203e+00 5.5461e-02 6.5387e-04 5.5124e-02
 6.800e+00 2.2205e+00 5.5474e-02 6.5372e-04 5.5112e-02
 6.913e+00 2.2207e+00 5.5484e-02 6.5360e-04 5.5100e-02
 7.027e+00 2.2208e+00 5.5493e-02 6.5349e-04 5.5088e-02
 7.140e+00 2.2210e+00 5.5501e-02 6.5341e-04 5.5076e-02
 7.253e+00 2.2211e+00 5.5507e-02 6.5334e-04 5.5065e-02
 7.367e+00 2.2212e+00 5.5511e-02 6.5328e-04 5.5053e-02
 7.480e+00 2.2212e+00 5.5514e-02 6.5324e-04 5.5042e-02
 7.593e+00 2.2213e+00 5.5517e-02 6.5322e-04 5.5031e-02
 7.707e+00 2.2213e+00 5.5518e-02 6.5321e-04 5.5020e-02
 7.820e+00 2.2213e+00 5.5518e-02 6.5320e-04 5.5009e-02
 7.933e+00 2.2213e+00 5.5517e-02 6.5321e-04 5.4998e-02
 8.047e+00 2.2212e+00 5.5515e-02 6.5323e-04 5.4987e-02
 8.160e+00 2.2212e+00 5.5513e-02 6.5326e-04 5.4976e-02
 8.273e+00 2.2211e+00 5.5510e-02 6.5330e-04 5.4966e-02
 8.387e+00 2.2211e+00 5.5506e-02 6.5335e-04 5.4955e-02
 8.500e+00 2.2210e+00 5.5501e-02 6.5340e-04 5.4944e-02
 8.613e+00 2.2209e+00 5.5496e-02 6.5346e-04 5.4933e-02
 8.727e+00 2.2208e+00 5.5490e-02 6.5353e-04 5.4923e-02
 8.840e+00 2.2207e+00 5.5484e-02 6.5360e-04 5.4912e-02
 8.953e+00 2.2206e+00 5.5477e-02 6.5368e-04 5.4901e-02
 9.067e+00 2.2204e+00 5.5470e-02 6.5377e-04 5.4890e-02
 9.180e+00 2.2203e+00 5.5462e-02 6.5386e-04 5.4879e-02
 9.293e+00 2.2201e+00 5.5454e-02 6.5396e-04 5.4869e-02
 9.407e+00 2.2200e+00 5.5445e-02 6.5406e-04 5.4858e-02
 9.520e+00 2.2198e+00 5.5436e-02 6.5417e-04 5.4847e-02
 9.633e+00 2.2196e+00 5.5427e-02 6.5428e-04 5.4836e-02
 9.747e+00 2.2195e+00 5.5417e-02 6.5440e-04 5.4824e-02
 9.860e+00 2.2193e+00 5.5406e-02 6.5452e-04 5.4813e-02
 9.973e+00 2.2191e+00 5.5396e-02 6.5464e-04 5.4802e-02
 1.009e+01 2.2189e+00 5.5385e-02 6.5477e-04 5.4791e-02
 1.020e+01 2.2187e+00 5.5373e-02 6.5491e-04 5.4779e-02
 1.031e+01 2.2185e+00 5.5361e-02 6.5505e-04 5.4768e-02
 1.043e+01 2.2182e+00 5.5349e-02 6.5519e-04 5.4757e-02
 1.054e+01 2.2180e+00 5.5337e-02 6.5534e-04 5.4745e-02
 1.065e+01 2.2178e+00 5.5324e-02 6.5550e-04 5.4734e-02
 1.077e+01 2.2175e+00 5.5310e-02 6.5566e-04 5.4722e-02
 1.088e+01 2.2173e+00 5.5296e-02 6.5582e-04 5.4710e-02
 1.099e+01 2.2170e+00 5.5282e-02 6.5599e-04 5.4699e-02
 1.111e+01 2.2168e+00 5.5267e-02 6.5617e-04 5.4687e-02
 1.122e+01 2.2165e+00 5.5252e-02 6.5635e-04 5.4675e-02
 1.133e+01 2.2162e+00 5.5236e-02 6.5653e-04 5.4663e-02
 1.145e+01 2.2159e+00 5.5220e-02 6.5673e-04 5.4652e-02
 1.156e+01 2.2156e+00 5.5203e-02 6.5693e-04 5.4640e-02
 1.167e+01 2.2153e+00 5.5186e-02 6.5713e-04 5.4628e-02
 1.179e+01 2.2150e+00 5.5168e-02 6.5735e-04 5.4616e-02
 1.190e+01 2.2146e+00 5.5149e-02 6.5757e-04 5.4605e-02
 1.201e+01 2.2143e+00 5.5130e-02 6.5780e-04 5.4593e-02
 1.213e+01 2.2139e+00 5.5110e-02 6.5804e-04 5.4581e-02
 1.224e+01 2.2135e+00 5.5089e-02 6.5829e-04 5.4570e-02
 1.235e+01 2.2131e+00 5.5067e-02 6.5855e-04 5.4558e-02
 1.247e+01 2.2127e+00 5.5044e-02 6.5883e-04 5.4547e-02
 1.258e+01 2.2123e+00 5.5020e-02 6.5911e-04 5.4536e-02
 1.269e+01 2.2118e+00 5.4995e-02 6.5941e-04 5.4525e-02
 1.281e+01 2.2114e+00 5.4969e-02 6.5972e-04 5.4514e-02
 1.292e+01 2.2109e+00 5.4942e-02 6.6005e-04 5.4503e-02
 1.303e+01 2.2103e+00 5.4913e-02 6.6040e-04 5.4493e-02
 1.315e+01 2.2098e+00 5.4883e-02 6.6076e-04 5.4483e-02
 1.326e+01 2.2092e+00 5.4851e-02 6.6114e-04 5.4473e-02
 1.337e+01 2.2086e+00 5.4818e-02 6.6155e-04 5.4464e-02
 1.349e+01 2.2079e+00 5.4782e-02 6.6198e-04 5.4455e-02
 1.360e+01 2.2073e+00 5.4744e-02 6.6243e-04 5.4447e-02
 1.371e+01 2.2065e+00 5.4705e-02 6.6291e-04 5.4440e-02
 1.383e+01 2.2058e+00 5.4662e-02 6.6343e-04 5.4433e-02
 1.394e+01 2.2049e+00 5.4617e-02 6.6398e-04 5.4426e-02
 1.405e+01 2.2041e+00 5.4569e-02 6.6456e-04 5.4421e-02
 1.417e+01 2.2031e+00 5.4518e-02 6.6518e-04 5.4416e-02
 1.428e+01 2.2021e+00 5.4464e-02 6.6585e-04 5.4413e-02
 1.439e+01 2.2010e+00 5.4405e-02 6.6656e-04 5.4411e-02
 1.451e+01 2.1999e+00 5.4343e-02 6.6733e-04 5.4409e-02
 1.462e+01 2.1987e+00 5.4276e-02 6.6816e-04 5.4410e-02
 1.473e+01 2.1973e+00 5.4204e-02 6.6904e-04 5.4411e-02
 1.485e+01 2.1959e+00 5.4126e-02 6.7000e-04 5.4415e-02
 1.496e+01 2.1944e+00 5.4043e-02 6.7103e-04 5.4420e-02
 1.507e+01 2.1927e+00 5.3954e-02 6.7214e-04 5.4427e-02
 1.519e+01 2.1909e+00 5.3857e-02 6.7335e-04 5.4437e-02
 1.530e+01 2.1890e+00 5.3753e-02 6.7465e-04 5.4449e-02
 1.541e+01 2.1869e+00 5.3641e-02 6.7606e-04 5.4463e-02
 1.553e+01 2.1846e+00 5.3520e-02 6.7759e-04 5.4481e-02
 1.564e+01 2.1822e+00 5.3389e-02 6.7925e-04 5.4501e-02
 1.575e+01 2.1795e+00 5.3247e-02 6.8106e-04 5.4525e-02
 1.587e+01 2.1766e+00 5.3094e-02 6.8303e-04 5.4553e-02
 1.598e+01 2.1735e+00 5.2928e-02 6.8517e-04 5.4584e-02
 1.609e+01 2.1701e+00 5.2749e-02 6.8750e-04 5.4620e-02
 1.621e+01 2.1664e+00 5.2554e-02 6.9004e-04 5.4660e-02
 1.632e+01 2.1624e+00 5.2344e-02 6.9281e-04 5.4705e-02
 1.643e+01 2.1581e+00 5.2116e-02 6.9584e-04 5.4756e-02
 1.655e+01 2.1533e+00 5.1869e-02 6.9915e-04 5.4812e-02
 1.666e+01 2.1481e+00 5.1602e-02 7.0277e-04 5.4874e-02
 1.677e+01 2.1425e+00 5.1313e-02 7.0673e-04 5.4942e-02
 1.689e+01 2.1364e+00 5.1000e-02 7.1106e-04 5.5017e-02
 1.700e+01 2.1298e+00 5.0662e-02 7.1582e-04 5.5098e-02
 1.711e+01 2.1225e+00 5.0296e-02 7.2102e-04 5.5187e-02
 1.723e+01 2.1146e+00 4.9900e-02 7.2674e-04 5.5284e-02
 1.734e+01 2.1060e+00 4.9473e-02 7.3301e-04 5.5388e-02
 1.745e+01 2.0966e+00 4.9012e-02 7.3991e-04 5.5501e-02
 1.757e+01 2.0865e+00 4.8515e-02 7.4749e-04 5.5622e-02
 1.768e+01 2.0754e+00 4.7980e-02 7.5582e-04 5.5751e-02
 1.779e+01 2.0633e+00 4.7404e-02 7.6500e-04 5.5887e-02
 1.791e+01 2.0502e+00 4.6786e-02 7.7511e-04 5.6032e-02
 1.802e+01 2.0359e+00 4.6122e-02 7.8626e-04 5.6183e-02
 1.813e+01 2.0204e+00 4.5412e-02 7.9857e-04 5.6338e-02
 1.825e+01 2.0035e+00 4.4652e-02 8.1216e-04 5.6494e-02
 1.836e+01 1.9852e+00 4.3841e-02 8.2718e-04 5.6647e-02
 1.847e+01 1.9653e+00 4.2978e-02 8.4380e-04 5.6786e-02
 1.859e+01 1.9437e+00 4.2060e-02 8.6220e-04 5.6897e-02
 1.870e+01 1.9203e+00 4.1088e-02 8.8260e-04 5.6953e-02
 1.881e+01 1.8950e+00 4.0062e-02 9.0521e-04 5.6912e-02
 1.893e+01 1.8677e+00 3.8982e-02 9.3030e-04 5.6701e-02
 1.904e+01 1.8382e+00 3.7849e-02 9.5813e-04 5.6205e-02
 1.915e+01 1.8065e+00 3.6668e-02 9.8899e-04 5.5247e-02
 1.927e+01 1.7725e+00 3.5445e-02 1.0231e-03 5.3585e-02
 1.938e+01 1.7364e+00 3.4186e-02 1.0608e-03 5.0940e-02
 1.949e+01 1.6982e+00 3.2905e-02 1.1021e-03 4.7100e-02
 1.961e+01 1.6583e+00 3.1617e-02 1.1470e-03 4.2071e-02
 1.972e+01 1.6170e+00 3.0338e-02 1.1953e-03 3.6175e-02
 1.983e+01 1.5749e+00 2.9088e-02 1.2467e-03 2.9974e-02
 1.995e+01 1.5326e+00 2.7883e-02 1.3006e-03 2.4064e-02
 2.006e+01 1.4905e+00 2.6735e-02 1.3565e-03 1.8876e-02
 2.017e+01 1.4492e+00 2.5653e-02 1.4136e-03 1.4609e-02
 2.029e+01 1.4091e+00 2.4643e-02 1.4716e-03 1.1266e-02
 2.040e+01 1.3702e+00 2.3704e-02 1.5299e-03 8.7390e-03
 2.051e+01 1.3330e+00 2.2837e-02 1.5880e-03 6.8756e-03
 2.063e+01 1.2973e+00 2.2038e-02 1.6456e-03 5.5248e-03
 2.074e+01 1.2634e+00 2.1303e-02 1.7024e-03 4.5566e-03
 2.085e+01 1.2312e+00 2.0628e-02 1.7581e-03 3.8679e-03
 2.097e+01 1.2007e+00 2.0009e-02 1.8125e-03 3.3803e-03
 2.108e+01 1.1720e+00 1.9441e-02 1.8654e-03 3.0364e-03
 2.119e+01 1.1449e+00 1.8921e-02 1.9166e-03 2.7945e-03
 2.131e+01 1.1194e+00 1.8445e-02 1.9660e-03 2.6249e-03
 2.142e+01 1.0955e+00 1.8010e-02 2.0136e-03 2.5065e-03
 2.153e+01 1.0732e+00 1.7612e-02 2.0590e-03 2.4244e-03
 2.165e+01 1.0524e+00 1.7249e-02 2.1024e-03 2.3680e-03
 2.176e+01 1.0330e+00 1.6919e-02 2.1434e-03 2.3297e-03
 2.187e+01 1.0151e+00 1.6618e-02 2.1822e-03 2.3044e-03
 2.199e+01 9.9854e-01 1.6346e-02 2.2186e-03 2.2881e-03
 2.210e+01 9.8337e-01 1.6099e-02 2.2525e-03 2.2783e-03
 2.221e+01 9.6952e-01 1.5878e-02 2.2839e-03 2.2729e-03
 2.233e+01 9.5697e-01 1.5680e-02 2.3128e-03 2.2706e-03
 2.244e+01 9.4570e-01 1.5504e-02 2.3390e-03 2.2703e-03
 2.255e+01 9.3567e-01 1.5350e-02 2.3626e-03 2.2713e-03
 2.267e+01 9.2688e-01 1.5215e-02 2.3834e-03 2.2731e-03
 2.278e+01 9.1930e-01 1.5100e-02 2.4016e-03 2.2754e-03
 2.289e+01 9.1292e-01 1.5004e-02 2.4169e-03 2.2778e-03
 2.301e+01 9.0772e-01 1.4926e-02 2.4295e-03 2.2801e-03
 2.312e+01 9.0369e-01 1.4866e-02 2.4393e-03 2.2823e-03
 2.323e+01 9.0083e-01 1.4824e-02 2.4463e-03 2.2842e-03
 2.335e+01 8.9912e-01 1.4799e-02 2.4505e-03 2.2859e-03
 2.346e+01 8.9858e-01 1.4791e-02 2.4519e-03 2.2874e-03
 2.357e+01 8.9918e-01 1.4800e-02 2.4504e-03 2.2889e-03
 2.369e+01 9.0094e-01 1.4826e-02 2.4461e-03 2.2905e-03
 2.380e+01 9.0386e-01 1.4869e-02 2.4389e-03 2.2926e-03
 2.391e+01 9.0794e-01 1.4930e-02 2.4290e-03 2.2956e-03
 2.403e+01 9.1320e-01 1.5009e-02 2.4163e-03 2.3002e-03
 2.414e+01 9.1963e-01 1.5105e-02 2.4008e-03 2.3072e-03
 2.425e+01 9.2726e-01 1.5221e-02 2.3825e-03 2.3179e-03
 2.437e+01 9.3610e-01 1.5356e-02 2.3615e-03 2.3343e-03
 2.448e+01 9.4616e-01 1.5512e-02 2.3379e-03 2.3588e-03
 2.459e+01 9.5747e-01 1.5688e-02 2.3116e-03 2.3952e-03
 2.471e+01 9.7003e-01 1.5886e-02 2.2828e-03 2.4488e-03
 2.482e+01 9.8388e-01 1.6108e-02 2.2514e-03 2.5270e-03
 2.493e+01 9.9902e-01 1.6354e-02 2.2175e-03 2.6406e-03
 2.505e+01 1.0155e+00 1.6625e-02 2.1813e-03 2.8050e-03
 2.516e+01 1.0333e+00 1.6924e-02 2.1428e-03 3.0419e-03
 2.527e+01 1.0524e+00 1.7251e-02 2.1022e-03 3.3827e-03
 2.539e+01 1.0729e+00 1.7608e-02 2.0595e-03 3.8711e-03
 2.550e+01 1.0948e+00 1.7997e-02 2.0150e-03 4.5685e-03
 2.561e+01 1.1179e+00 1.8418e-02 1.9689e-03 5.5588e-03
 2.573e+01 1.1423e+00 1.8873e-02 1.9215e-03 6.9535e-03
 2.584e+01 1.1679e+00 1.9362e-02 1.8730e-03 8.8935e-03
 2.595e+01 1.1944e+00 1.9882e-02 1.8239e-03 1.1543e-02
 2.607e+01 1.2217e+00 2.0432e-02 1.7749e-03 1.5068e-02
 2.618e+01 1.2494e+00 2.1006e-02 1.7264e-03 1.9585e-02
 2.629e+01 1.2771e+00 2.1595e-02 1.6793e-03 2.5080e-02
 2.641e+01 1.3041e+00 2.2188e-02 1.6344e-03 3.1321e-02
 2.652e+01 1.3300e+00 2.2769e-02 1.5927e-03 3.7817e-02
 2.663e+01 1.3539e+00 2.3320e-02 1.5551e-03 4.3912e-02
 2.675e+01 1.3753e+00 2.3824e-02 1.5222e-03 4.9012e-02
 2.686e+01 1.3936e+00 2.4264e-02 1.4946e-03 5.2817e-02
 2.697e+01 1.4084e+00 2.4627e-02 1.4725e-03 5.5381e-02
 2.709e+01 1.4196e+00 2.4904e-02 1.4562e-03 5.6972e-02
 2.720e+01 1.4269e+00 2.5087e-02 1.4456e-03 5.7898e-02
 2.731e+01 1.4303e+00 2.5172e-02 1.4407e-03 5.8403e-02
 2.743e+01 1.4297e+00 2.5156e-02 1.4416e-03 5.8643e-02
 2.754e+01 1.4251e+00 2.5041e-02 1.4482e-03 5.8693e-02
 2.765e+01 1.4164e+00 2.4825e-02 1.4608e-03 5.8555e-02
 2.777e+01 1.4038e+00 2.4512e-02 1.4794e-03 5.8165e-02
 2.788e+01 1.3870e+00 2.4106e-02 1.5044e-03 5.7370e-02
 2.799e+01 1.3663e+00 2.3612e-02 1.5358e-03 5.5915e-02
 2.811e+01 1.3418e+00 2.3039e-02 1.5741e-03 5.3456e-02
 2.822e+01 1.3135e+00 2.2397e-02 1.6192e-03 4.9655e-02
 2.833e+01 1.2819e+00 2.1700e-02 1.6711e-03 4.4385e-02
 2.845e+01 1.2475e+00 2.0967e-02 1.7296e-03 3.7923e-02
 2.856e+01 1.2110e+00 2.0215e-02 1.7939e-03 3.0929e-02
 2.867e+01 1.1731e+00 1.9462e-02 1.8633e-03 2.4173e-02
 2.879e+01 1.1343e+00 1.8723e-02 1.9369e-03 1.8235e-02
 2.890e+01 1.0955e+00 1.8009e-02 2.0136e-03 1.3389e-02
 2.901e+01 1.0569e+00 1.7328e-02 2.0928e-03 9.6438e-03
 2.913e+01 1.0190e+00 1.6683e-02 2.1738e-03 6.8598e-03
 2.924e+01 9.8190e-01 1.6076e-02 2.2558e-03 4.8440e-03
 2.935e+01 9.4587e-01 1.5507e-02 2.3386e-03 3.4092e-03
 2.947e+01 9.1096e-01 1.4975e-02 2.4217e-03 2.3987e-03
 2.958e+01 8.7722e-01 1.4478e-02 2.5048e-03 1.6909e-03
 2.969e+01 8.4466e-01 1.4014e-02 2.5877e-03 1.1964e-03
 2.981e+01 8.1328e-01 1.3581e-02 2.6702e-03 8.5079e-04
 2.992e+01 7.8304e-01 1.3177e-02 2.7521e-03 6.0876e-04
 3.003e+01 7.5394e-01 1.2799e-02 2.8334e-03 4.3870e-04
 3.015e+01 7.2593e-01 1.2445e-02 2.9139e-03 3.1868e-04
 3.026e+01 6.9898e-01 1.2114e-02 2.9935e-03 2.3351e-04
 3.037e+01 6.7305e-01 1.1804e-02 3.0721e-03 1.7271e-04
 3.049e+01 6.4810e-01 1.1513e-02 3.1498e-03 1.2901e-04
 3.060e+01 6.2409e-01 1.1240e-02 3.2263e-03 9.7357e-05
 3.071e+01 6.0100e-01 1.0984e-02 3.3017e-03 7.4252e-05
 3.083e+01 5.7877e-01 1.0742e-02 3.3758e-03 5.7240e-05
 3.094e+01 5.5739e-01 1.0515e-02 3.4488e-03 4.4598e-05
 3.105e+01 5.3682e-01 1.0301e-02 3.5205e-03 3.5115e-05
 3.117e+01 5.1701e-01 1.0099e-02 3.5909e-03 2.7931e-05
 3.128e+01 4.9796e-01 9.9083e-03 3.6600e-03 2.2433e-05
 3.139e+01 4.7961e-01 9.7282e-03 3.7278e-03 1.8183e-05
 3.151e+01 4.6196e-01 9.5580e-03 3.7942e-03 1.4863e-05
 3.162e+01 4.4496e-01 9.3969e-03 3.8592e-03 1.2245e-05
 3.173e+01 4.2860e-01 9.2444e-03 3.9229e-03 1.0161e-05
 3.185e+01 4.1285e-01 9.0999e-03 3.9851e-03 8.4850e-06
 3.196e+01 3.9768e-01 8.9629e-03 4.0460e-03 7.1265e-06
 3.207e+01 3.8308e-01 8.8330e-03 4.1056e-03 6.0160e-06
 3.219e+01 3.6902e-01 8.7097e-03 4.1637e-03 5.1015e-06
 3.230e+01 3.5548e-01 8.5926e-03 4.2204e-03 4.3433e-06
 3.241e+01 3.4244e-01 8.4813e-03 4.2758e-03 3.7106e-06
 3.253e+01 3.2989e-01 8.3755e-03 4.3299e-03 3.1798e-06
 3.264e+01 3.1780e-01 8.2748e-03 4.3825e-03 2.7323e-06
 3.275e+01 3.0615e-01 8.1790e-03 4.4339e-03 2.3532e-06
 3.287e+01 2.9494e-01 8.0878e-03 4.4839e-03 2.0309e-06
 3.298e+01 2.8414e-01 8.0009e-03 4.5325e-03 1.7559e-06
 3.309e+01 2.7373e-01 7.9181e-03 4.5799e-03 1.5205e-06
 3.321e+01 2.6371e-01 7.8392e-03 4.6261e-03 1.3185e-06
 3.332e+01 2.5406e-01 7.7639e-03 4.6709e-03 1.1448e-06
 3.343e+01 2.4476e-01 7.6920e-03 4.7146e-03 9.9501e-07
 3.355e+01 2.3581e-01 7.6235e-03 4.7570e-03 8.6567e-07
 3.366e+01 2.2718e-01 7.5580e-03 4.7982e-03 7.5380e-07
 3.377e+01 2.1888e-01 7.4954e-03 4.8382e-03 6.5689e-07
 3.389e+01 2.1087e-01 7.4357e-03 4.8771e-03 5.7283e-07
 3.400e+01 2.0316e-01 7.3786e-03 4.9148e-03 4.9984e-07
 3.411e+01 1.9573e-01 7.3240e-03 4.9515e-03 4.3640e-07
 3.423e+01 1.8858e-01 7.2718e-03 4.9870e-03 3.8121e-07
 3.434e+01 1.8169e-01 7.2218e-03 5.0215e-03 3.3315e-07
 3.445e+01 1.7505e-01 7.1740e-03 5.0550e-03 2.9128e-07
 3.457e+01 1.6865e-01 7.1283e-03 5.0874e-03 2.5477e-07
 3.468e+01 1.6249e-01 7.0845e-03 5.1189e-03 2.2291e-07
 3.479e+01 1.5655e-01 7.0425e-03 5.1493e-03 1.9511e-07
 3.491e+01 1.5083e-01 7.0024e-03 5.1789e-03 1.7082e-07
 3.502e+01 1.4532e-01 6.9639e-03 5.2075e-03 1.4960e-07
 3.513e+01 1.4001e-01 6.9270e-03 5.2352e-03 1.3106e-07
 3.525e+01 1.3490e-01 6.8917e-03 5.2621e-03 1.1484e-07
 3.536e+01 1.2997e-01 6.8578e-03 5.2880e-03 1.0065e-07
 3.547e+01 1.2522e-01 6.8253e-03 5.3132e-03 8.8231e-08
 3.559e+01 1.2065e-01 6.7942e-03 5.3376e-03 7.7362e-08
 3.570e+01 1.1624e-01 6.7643e-03 5.3611e-03 6.7845e-08
 3.581e+01 1.1200e-01 6.7357e-03 5.3839e-03 5.9509e-08
 3.593e+01 1.0791e-01 6.7082e-03 5.4060e-03 5.2207e-08
 3.604e+01 1.0397e-01 6.6818e-03 5.4274e-03 4.5808e-08
 3.615e+01 1.0017e-01 6.6565e-03 5.4480e-03 4.0199e-08
 3.627e+01 9.6514e-02 6.6322e-03 5.4680e-03 3.5282e-08
 3.638e+01 9.2989e-02 6.6088e-03 5.4873e-03 3.0971e-08
 3.649e+01 8.9594e-02 6.5864e-03 5.5059e-03 2.7190e-08
 3.661e+01 8.6323e-02 6.5649e-03 5.5240e-03 2.3874e-08
 3.672e+01 8.3171e-02 6.5443e-03 5.5414e-03 2.0964e-08
 3.683e+01 8.0135e-02 6.5244e-03 5.5583e-03 1.8411e-08
 3.695e+01 7.7209e-02 6.5054e-03 5.5745e-03 1.6171e-08
 3.706e+01 7.4390e-02 6.4871e-03 5.5903e-03 1.4205e-08
 3.717e+01 7.1674e-02 6.4695e-03 5.6055e-03 1.2479e-08
 3.729e+01 6.9057e-02 6.4526e-03 5.6202e-03 1.0963e-08
 3.740e+01 6.6536e-02 6.4363e-03 5.6344e-03 9.6328e-09
 3.751e+01 6.4107e-02 6.4207e-03 5.6481e-03 8.4645e-09
 3.763e+01 6.1767e-02 6.4057e-03 5.6613e-03 7.4384e-09
 3.774e+01 5.9512e-02 6.3913e-03 5.6741e-03 6.5372e-09
 3.785e+01 5.7340e-02 6.3774e-03 5.6864e-03 5.7455e-09
 3.797e+01 5.5246e-02 6.3641e-03 5.6983e-03 5.0501e-09
 3.808e+01 5.3230e-02 6.3512e-03 5.7098e-03 4.4391e-09
 3.819e+01 5.1287e-02 6.3389e-03 5.7209e-03 3.9023e-09
 3.831e+01 4.9414e-02 6.3270e-03 5.7317e-03 3.4306e-09
 3.842e+01 4.7610e-02 6.3156e-03 5.7420e-03 3.0161e-09
 3.853e+01 4.5873e-02 6.3047e-03 5.7520e-03 2.6518e-09
 3.865e+01 4.4198e-02 6.2941e-03 5.7616e-03 2.3316e-09
 3.876e+01 4.2585e-02 6.2840e-03 5.7709e-03 2.0502e-09
 3.887e+01 4.1030e-02 6.2742e-03 5.7799e-03 1.8028e-09
 3.899e+01 3.9532e-02 6.2648e-03 5.7886e-03 1.5853e-09
 3.910e+01 3.8089e-02 6.2558e-03 5.7969e-03 1.3942e-09
 3.921e+01 3.6699e-02 6.2471e-03 5.8050e-03 1.2261e-09
 3.933e+01 3.5359e-02 6.2387e-03 5.8128e-03 1.0783e-09
 3.944e+01 3.4069e-02 6.2307e-03 5.8203e-03 9.4838e-10
 3.955e+01 3.2825e-02 6.2230e-03 5.8275e-03 8.3413e-10
 3.967e+01 3.1627e-02 6.2155e-03 5.8345e-03 7.3367e-10
 3.978e+01 3.0472e-02 6.2083e-03 5.8413e-03 6.4533e-10
 3.989e+01 2.9360e-02 6.2014e-03 5.8478e-03 5.6764e-10
 4.001e+01 2.8288e-02 6.1948e-03 5.8540e-03 4.9932e-10
 4.012e+01 2.7256e-02 6.1884e-03 5.8601e-03 4.3923e-10
 4.023e+01 2.6261e-02 6.1822e-03 5.8659e-03 3.8639e-10
 4.035e+01 2.5302e-02 6.1763e-03 5.8715e-03 3.3991e-10
 4.046e+01 2.4379e-02 6.1706e-03 5.8770e-03 2.9902e-10
 4.057e+01 2.3489e-02 6.1651e-03 5.8822e-03 2.6306e-10
 4.069e+01 2.2632e-02 6.1598e-03 5.8872e-03 2.3143e-10
 4.080e+01 2.1806e-02 6.1548e-03 5.8921e-03 2.0361e-10
 4.091e+01 2.1010e-02 6.1499e-03 5.8968e-03 1.7913e-10
 4.103e+01 2.0243e-02 6.1451e-03 5.9013e-03 1.5760e-10
 4.114e+01 1.9504e-02 6.1406e-03 5.9057e-03 1.3866e-10
 4.125e+01 1.8792e-02 6.1362e-03 5.9099e-03 1.2200e-10
 4.137e+01 1.8106e-02 6.1320e-03 5.9139e-03 1.0734e-10
 4.148e+01 1.7445e-02 6.1280e-03 5.9179e-03 9.4444e-11
 4.159e+01 1.6808e-02 6.1241e-03 5.9216e-03 8.3098e-11
 4.171e+01 1.6195e-02 6.1203e-03 5.9253e-03 7.3116e-11
 4.182e+01 1.5604e-02 6.1167e-03 5.9288e-03 6.4334e-11
 4.193e+01 1.5034e-02 6.1132e-03 5.9321e-03 5.6607e-11
 4.205e+01 1.4485e-02 6.1099e-03 5.9354e-03 4.9809e-11
 4.216e+01 1.3957e-02 6.1066e-03 5.9385e-03 4.3828e-11
 4.227e+01 1.3447e-02 6.1035e-03 5.9416e-03 3.8565e-11
 4.239e+01 1.2956e-02 6.1005e-03 5.9445e-03 3.3934e-11
 4.250e+01 1.2483e-02 6.0976e-03 5.9473e-03 2.9860e-11
 4.261e+01 1.2028e-02 6.0949e-03 5.9500e-03 2.6275e-11
 4.273e+01 1.1589e-02 6.0922e-03 5.9526e-03 2.3120e-11
 4.284e+01 1.1166e-02 6.0896e-03 5.9551e-03 2.0345e-11
 4.295e+01 1.0758e-02 6.0871e-03 5.9576e-03 1.7902e-11
 4.307e+01 1.0366e-02 6.0847e-03 5.9599e-03 1.5753e-11
 4.318e+01 9.9872e-03 6.0824e-03 5.9622e-03 1.3862e-11
 4.329e+01 9.6226e-03 6.0802e-03 5.9643e-03 1.2198e-11
 4.341e+01 9.2714e-03 6.0781e-03 5.9664e-03 1.0734e-11
 4.352e+01 8.9330e-03 6.0760e-03 5.9684e-03 9.4456e-12
 4.363e+01 8.6069e-03 6.0741e-03 5.9704e-03 8.3118e-12
 4.375e+01 8.2928e-03 6.0721e-03 5.9723e-03 7.3142e-12
 4.386e+01 7.9901e-03 6.0703e-03 5.9741e-03 6.4363e-12
 4.397e+01 7.6984e-03 6.0685e-03 5.9758e-03 5.6637e-12
 4.409e+01 7.4174e-03 6.0668e-03 5.9775e-03 4.9839e-12
 4.420e+01 7.1467e-03 6.0652e-03 5.9791e-03 4.3857e-12
 4.431e+01 6.8858e-03 6.0636e-03 5.9807e-03 3.8593e-12
 4.443e+01 6.6345e-03 6.0621e-03 5.9822e-03 3.3961e-12
 4.454e+01 6.3923e-03 6.0606e-03 5.9836e-03 2.9885e-12
 4.465e+01 6.1590e-03 6.0592e-03 5.9850e-03 2.6297e-12
 4.477e+01 5.9342e-03 6.0578e-03 5.9864e-03 2.3141e-12
 4.488e+01 5.7176e-03 6.0565e-03 5.9877e-03 2.0363e-12
 4.499e+01 5.5089e-03 6.0553e-03 5.9889e-03 1.7919e-12
 4.511e+01 5.3078e-03 6.0540e-03 5.9901e-03 1.5768e-12
 4.522e+01 5.1141e-03 6.0529e-03 5.9913e-03 1.3875e-12
 4.533e+01 4.9274e-03 6.0517e-03 5.9924e-03 1.2209e-12
 4.545e+01 4.7476e-03 6.0507e-03 5.9935e-03 1.0744e-12
 4.556e+01 4.5743e-03 6.0496e-03 5.9945e-03 9.4539e-13
 4.567e+01 4.4073e-03 6.0486e-03 5.9955e-03 8.3189e-13
 4.579e+01 4.2464e-03 6.0476e-03 5.9965e-03 7.3201e-13
 4.590e+01 4.0914e-03 6.0467e-03 5.9974e-03 6.4412e-13
 4.601e+01 3.9421e-03 6.0458e-03 5.9983e-03 5.6678e-13
 4.613e+01 3.7982e-03 6.0449e-03 5.9992e-03 4.9873e-13
 4.624e+01 3.6596e-03 6.0441e-03 6.0000e-03 4.3884e-13
 4.635e+01 3.5260e-03 6.0433e-03 6.0008e-03 3.8614e-13
 4.647e+01 3.3973e-03 6.0425e-03 6.0016e-03 3.3977e-13
 4.658e+01 3.2733e-03 6.0417e-03 6.0023e-03 2.9896e-13
 4.669e+01 3.1538e-03 6.0410e-03 6.0030e-03 2.6305e-13
 4.681e+01 3.0387e-03 6.0403e-03 6.0037e-03 2.3146e-13
 4.692e+01 2.9278e-03 6.0397e-03 6.0044e-03 2.0366e-13
 4.703e+01 2.8209e-03 6.0390e-03 6.0050e-03 1.7919e-13
 4.715e+01 2.7180e-03 6.0384e-03 6.0057e-03 1.5767e-13
 4.726e+01 2.6187e-03 6.0378e-03 6.0063e-03 1.3872e-13
 4.737e+01 2.5232e-03 6.0372e-03 6.0068e-03 1.2206e-13
 4.749e+01 2.4311e-03 6.0367e-03 6.0074e-03 1.0739e-13
 4.760e+01 2.3423e-03 6.0361e-03 6.0079e-03 9.4485e-14
 4.771e+01 2.2568e-03 6.0356e-03 6.0084e-03 8.3131e-14
 4.783e+01 2.1745e-03 6.0351e-03 6.0089e-03 7.3140e-14
 4.794e+01 2.0951e-03 6.0346e-03 6.0094e-03 6.4349e-14
 4.805e+01 2.0186e-03 6.0342e-03 6.0099e-03 5.6614e-14
 4.817e+01 1.9449e-03 6.0337e-03 6.0103e-03 4.9808e-14
 4.828e+01 1.8739e-03 6.0333e-03 6.0107e-03 4.3820e-14
 4.839e+01 1.8055e-03 6.0329e-03 6.0111e-03 3.8552e-14
 4.851e+01 1.7396e-03 6.0325e-03 6.0115e-03 3.3916e-14
 4.862e+01 1.6761e-03 6.0321e-03 6.0119e-03 2.9838e-14
 4.873e+01 1.6150e-03 6.0317e-03 6.0123e-03 2.6249e-14
 4.885e+01 1.5560e-03 6.0314e-03 6.0126e-03 2.3092e-14
 4.896e+01 1.4992e-03 6.0310e-03 6.0130e-03 2.0315e-14
 4.907e+01 1.4445e-03 6.0307e-03 6.0133e-03 1.7871e-14
 4.919e+01 1.3918e-03 6.0304e-03 6.0136e-03 1.5721e-14
 4.930e+01 1.3410e-03 6.0301e-03 6.0139e-03 1.3829e-14
 4.941e+01 1.2920e-03 6.0298e-03 6.0142e-03 1.2165e-14
 4.953e+01 1.2449e-03 6.0295e-03 6.0145e-03 1.0701e-14
 4.964e+01 1.1994e-03 6.0292e-03 6.0148e-03 9.4130e-15
 4.975e+01 1.1556e-03 6.0290e-03 6.0150e-03 8.2799e-15
 4.987e+01 1.1135e-03 6.0287e-03 6.0153e-03 7.2831e-15
 4.998e+01 1.0728e-03 6.0285e-03 6.0155e-03 6.4062e-15
 5.009e+01 1.0337e-03 6.0282e-03 6.0158e-03 5.6347e-15
 5.021e+01 9.9593e-04 6.0280e-03 6.0160e-03 4.9561e-15
 5.032e+01 9.5958e-04 6.0278e-03 6.0162e-03 4.3592e-15
 5.043e+01 9.2456e-04 6.0276e-03 6.0164e-03 3.8341e-15
 5.055e+01 8.9081e-04 6.0274e-03 6.0166e-03 3.3722e-15
 5.066e+01 8.5829e-04 6.0272e-03 6.0168e-03 2.9658e-15
 5.077e+01 8.2697e-04 6.0270e-03 6.0170e-03 2.6084e-15
 5.089e+01 7.9678e-04 6.0268e-03 6.0172e-03 2.2940e-15
 5.100e+01 7.6770e-04 6.0266e-03 6.0174e-03 2.0175e-15
 5.111e+01 7.3968e-04 6.0265e-03 6.0175e-03 1.7743e-15
 5.123e+01 7.1268e-04 6.0263e-03 6.0177e-03 1.5604e-15
 5.134e+01 6.8666e-04 6.0261e-03 6.0179e-03 1.3722e-15
 5.145e+01 6.6160e-04 6.0260e-03 6.0180e-03 1.2067e-15
 5.157e+01 6.3745e-04 6.0258e-03 6.0182e-03 1.0611e-15
 5.168e+01 6.1418e-04 6.0257e-03 6.0183e-03 9.3310e-16
 5.179e+01 5.9177e-04 6.0256e-03 6.0184e-03 8.2051e-16
 5.191e+01 5.7017e-04 6.0254e-03 6.0186e-03 7.2148e-16
 5.202e+01 5.4936e-04 6.0253e-03 6.0187e-03 6.3440e-16
 5.213e+01 5.2930e-04 6.0252e-03 6.0188e-03 5.5781e-16
 5.225e+01 5.0998e-04 6.0251e-03 6.0189e-03 4.9046e-16
 5.236e+01 4.9137e-04 6.0250e-03 6.0190e-03 4.3123e-16
 5.247e+01 4.7343e-04 6.0249e-03 6.0191e-03 3.7914e-16
 5.259e+01 4.5615e-04 6.0247e-03 6.0193e-03 3.3334e-16
 5.270e+01 4.3950e-04 6.0246e-03 6.0194e-03 2.9306e-16
 5.281e+01 4.2346e-04 6.0246e-03 6.0195e-03 2.5765e-16
 5.293e+01 4.0800e-04 6.0245e-03 6.0195e-03 2.2650e-16
 5.304e+01 3.9311e-04 6.0244e-03 6.0196e-03 1.9912e-16
 5.315e+01 3.7876e-04 6.0243e-03 6.0197e-03 1.7504e-16
 5.327e+01 3.6494e-04 6.0242e-03 6.0198e-03 1.5387e-16
 5.338e+01 3.5162e-04 6.0241e-03 6.0199e-03 1.3526e-16
 5.349e+01 3.3878e-04 6.0240e-03 6.0200e-03 1.1890e-16
 5.361e+01 3.2642e-04 6.0240e-03 6.0200e-03 1.0451e-16
 5.372e+01 3.1450e-04 6.0239e-03 6.0201e-03 9.1859e-17
 5.383e+01 3.0302e-04 6.0238e-03 6.0202e-03 8.0739e-17
 5.395e+01 2.9196e-04 6.0238e-03 6.0202e-03 7.0962e-17
 5.406e+01 2.8131e-04 6.0237e-03 6.0203e-03 6.2368e-17
 5.417e+01 2.7104e-04 6.0236e-03 6.0204e-03 5.4813e-17
 5.429e+01 2.6114e-04 6.0236e-03 6.0204e-03 4.8172e-17
 5.440e+01 2.5161e-04 6.0235e-03 6.0205e-03 4.2334e-17
 5.451e+01 2.4243e-04 6.0235e-03 6.0205e-03 3.7202e-17
 5.463e+01 2.3358e-04 6.0234e-03 6.0206e-03 3.2692e-17
 5.474e+01 2.2505e-04 6.0234e-03 6.0206e-03 2.8727e-17
 5.485e+01 2.1684e-04 6.0233e-03 6.0207e-03 2.5243e-17
 5.497e+01 2.0892e-04 6.0233e-03 6.0207e-03 2.2180e-17
 5.508e+01 2.0130e-04 6.0232e-03 6.0208e-03 1.9488e-17
 5.519e+01 1.9395e-04 6.0232e-03 6.0208e-03 1.7123e-17
 5.531e+01 1.8687e-04 6.0231e-03 6.0209e-03 1.5044e-17
 5.542e+01 1.8005e-04 6.0231e-03 6.0209e-03 1.3217e-17
 5.553e+01 1.7348e-04 6.0230e-03 6.0210e-03 1.1611e-17
 5.565e+01 1.6715e-04 6.0230e-03 6.0210e-03 1.0200e-17
 5.576e+01 1.6105e-04 6.0230e-03 6.0210e-03 8.9606e-18
 5.587e+01 1.5517e-04 6.0229e-03 6.0211e-03 7.8713e-18
 5.599e+01 1.4950e-04 6.0229e-03 6.0211e-03 6.9141e-18
 5.610e+01 1.4405e-04 6.0229e-03 6.0211e-03 6.0731e-18
 5.621e+01 1.3879e-04 6.0228e-03 6.0212e-03 5.3342e-18
 5.633e+01 1.3372e-04 6.0228e-03 6.0212e-03 4.6850e-18
 5.644e+01 1.2884e-04 6.0228e-03 6.0212e-03 4.1147e-18
 5.655e+01 1.2414e-04 6.0227e-03 6.0213e-03 3.6137e-18
 5.667e+01 1.1961e-04 6.0227e-03 6.0213e-03 3.1735e-18
 5.678e+01 1.1524e-04 6.0227e-03 6.0213e-03 2.7869e-18
 5.689e+01 1.1104e-04 6.0227e-03 6.0213e-03 2.4472e-18
 5.701e+01 1.0698e-04 6.0226e-03 6.0214e-03 2.1489e-18
 5.712e+01 1.0308e-04 6.0226e-03 6.0214e-03 1.8868e-18
 5.723e+01 9.9315e-05 6.0226e-03 6.0214e-03 1.6567e-18
 5.735e+01 9.5690e-05 6.0226e-03 6.0214e-03 1.4545e-18
 5.746e+01 9.2197e-05 6.0226e-03 6.0214e-03 1.2770e-18
 5.757e+01 8.8832e-05 6.0225e-03 6.0215e-03 1.1211e-18
 5.769e+01 8.5589e-05 6.0225e-03 6.0215e-03 9.8416e-19
 5.780e+01 8.2465e-05 6.0225e-03 6.0215e-03 8.6392e-19
 5.791e+01 7.9455e-05 6.0225e-03 6.0215e-03 7.5834e-19
 5.803e+01 7.6555e-05 6.0225e-03 6.0215e-03 6.6564e-19
 5.814e+01 7.3760e-05 6.0224e-03 6.0216e-03 5.8423e-19
 5.825e+01 7.1068e-05 6.0224e-03 6.0216e-03 5.1276e-19
 5.837e+01 6.8474e-05 6.0224e-03 6.0216e-03 4.5002e-19
 5.848e+01 6.5974e-05 6.0224e-03 6.0216e-03 3.9493e-19
 5.859e+01 6.3566e-05 6.0224e-03 6.0216e-03 3.4657e-19
 5.871e+01 6.1246e-05 6.0224e-03 6.0216e-03 3.0411e-19
 5.882e+01 5.9010e-05 6.0224e-03 6.0216e-03 2.6685e-19
 5.893e+01 5.6856e-05 6.0223e-03 6.0217e-03 2.3414e-19
 5.905e+01 5.4781e-05 6.0223e-03 6.0217e-03 2.0543e-19
 5.916e+01 5.2781e-05 6.0223e-03 6.0217e-03 1.8023e-19
 5.927e+01 5.0855e-05 6.0223e-03 6.0217e-03 1.5811e-19
 5.939e+01 4.8998e-05 6.0223e-03 6.0217e-03 1.3870e-19
 5.950e+01 4.7210e-05 6.0223e-03 6.0217e-03 1.2167e-19
 5.961e+01 4.5486e-05 6.0223e-03 6.0217e-03 1.0672e-19
 5.973e+01 4.3826e-05 6.0223e-03 6.0217e-03 9.3604e-20
 5.984e+01 4.2226e-05 6.0223e-03 6.0217e-03 8.2096e-20
 5.995e+01 4.0685e-05 6.0222e-03 6.0218e-03 7.1999e-20
 6.007e+01 3.9199e-05 6.0222e-03 6.0218e-03 6.3140e-20
 6.018e+01 3.7768e-05 6.0222e-03 6.0218e-03 5.5368e-20
 6.029e+01 3.6390e-05 6.0222e-03 6.0218e-03 4.8550e-20
 6.041e+01 3.5061e-05 6.0222e-03 6.0218e-03 4.2569e-20
 6.052e+01 3.3781e-05 6.0222e-03 6.0218e-03 3.7323e-20
 6.063e+01 3.2548e-05 6.0222e-03 6.0218e-03 3.2722e-20
 6.075e+01 3.1360e-05 6.0222e-03 6.0218e-03 2.8686e-20
 6.086e+01 3.0215e-05 6.0222e-03 6.0218e-03 2.5147e-20
 6.097e+01 2.9112e-05 6.0222e-03 6.0218e-03 2.2042e-20
 6.109e+01 2.8049e-05 6.0222e-03 6.0218e-03 1.9320e-20
 6.120e+01 2.7025e-05 6.0222e-03 6.0218e-03 1.6934e-20
 6.131e+01 2.6038e-05 6.0222e-03 6.0218e-03 1.4841e-20
 6.143e+01 2.5088e-05 6.0222e-03 6.0218e-03 1.3006e-20
 6.154e+01 2.4172e-05 6.0221e-03 6.0219e-03 1.1397e-20
 6.165e+01 2.3289e-05 6.0221e-03 6.0219e-03 9.9863e-21
 6.177e+01 2.2439e-05 6.0221e-03 6.0219e-03 8.7498e-21
 6.188e+01 2.1619e-05 6.0221e-03 6.0219e-03 7.6660e-21
 6.199e+01 2.0830e-05 6.0221e-03 6.0219e-03 6.7160e-21
 6.211e+01 2.0069e-05 6.0221e-03 6.0219e-03 5.8834e-21
 6.222e+01 1.9336e-05 6.0221e-03 6.0219e-03 5.1536e-21
 6.233e+01 1.8630e-05 6.0221e-03 6.0219e-03 4.5141e-21
 6.245e+01 1.7950e-05 6.0221e-03 6.0219e-03 3.9536e-21
 6.256e+01 1.7294e-05 6.0221e-03 6.0219e-03 3.4626e-21
 6.267e+01 1.6663e-05 6.0221e-03 6.0219e-03 3.0323e-21
 6.279e+01 1.6054e-05 6.0221e-03 6.0219e-03 2.6553e-21
 6.290e+01 1.5468e-05 6.0221e-03 6.0219e-03 2.3250e-21
 6.301e+01 1.4903e-05 6.0221e-03 6.0219e-03 2.0357e-21
 6.313e+01 1.4358e-05 6.0221e-03 6.0219e-03 1.7822e-21
 6.324e+01 1.3834e-05 6.0221e-03 6.0219e-03 1.5602e-21
 6.335e+01 1.3328e-05 6.0221e-03 6.0219e-03 1.3657e-21
 6.347e+01 1.2841e-05 6.0221e-03 6.0219e-03 1.1954e-21
 6.358e+01 1.2372e-05 6.0221e-03 6.0219e-03 1.0463e-21
 6.369e+01 1.1920e-05 6.0221e-03 6.0219e-03 9.1571e-22
 6.381e+01 1.1484e-05 6.0221e-03 6.0219e-03 8.0136e-22
 6.392e+01 1.1065e-05 6.0221e-03 6.0219e-03 7.0123e-22
 6.403e+01 1.0660e-05 6.0221e-03 6.0219e-03 6.1357e-22
 6.415e+01 1.0270e-05 6.0221e-03 6.0219e-03 5.3683e-22
 6.426e+01 9.8948e-06 6.0221e-03 6.0219e-03 4.6965e-22
 6.437e+01 9.5330e-06 6.0221e-03 6.0219e-03 4.1085e-22
 6.449e+01 9.1843e-06 6.0221e-03 6.0219e-03 3.5938e-22
 6.460e+01 8.8483e-06 6.0221e-03 6.0219e-03 3.1434e-22
 6.471e+01 8.5246e-06 6.0221e-03 6.0219e-03 2.7492e-22
 6.483e+01 8.2127e-06 6.0220e-03 6.0220e-03 2.4042e-22
 6.494e+01 7.9121e-06 6.0220e-03 6.0220e-03 2.1024e-22
 6.505e+01 7.6224e-06 6.0220e-03 6.0220e-03 1.8383e-22
 6.517e+01 7.3433e-06 6.0220e-03 6.0220e-03 1.6073e-22
 6.528e+01 7.0744e-06 6.0220e-03 6.0220e-03 1.4052e-22
 6.539e+01 6.8152e-06 6.0220e-03 6.0220e-03 1.2284e-22
 6.551e+01 6.5655e-06 6.0220e-03 6.0220e-03 1.0737e-22
 6.562e+01 6.3248e-06 6.0220e-03 6.0220e-03 9.3850e-23
 6.573e+01 6.0929e-06 6.0220e-03 6.0220e-03 8.2022e-23
 6.585e+01 5.8694e-06 6.0220e-03 6.0220e-03 7.1679e-23
 6.596e+01 5.6540e-06 6.0220e-03 6.0220e-03 6.2635e-23
 6.607e+01 5.4465e-06 6.0220e-03 6.0220e-03 5.4727e-23
 6.619e+01 5.2464e-06 6.0220e-03 6.0220e-03 4.7814e-23
 6.630e+01 5.0537e-06 6.0220e-03 6.0220e-03 4.1771e-23
 6.641e+01 4.8679e-06 6.0220e-03 6.0220e-03 3.6488e-23
 6.653e+01 4.6888e-06 6.0220e-03 6.0220e-03 3.1871e-23
 6.664e+01 4.5162e-06 6.0220e-03 6.0220e-03 2.7835e-23
 6.675e+01 4.3499e-06 6.0220e-03 6.0220e-03 2.4308e-23
 6.687e+01 4.1896e-06 6.0220e-03 6.0220e-03 2.1227e-23
 6.698e+01 4.0351e-06 6.0220e-03 6.0220e-03 1.8534e-23
 6.709e+01 3.8861e-06 6.0220e-03 6.0220e-03 1.6182e-23
 6.721e+01 3.7426e-06 6.0220e-03 6.0220e-03 1.4127e-23
 6.732e+01 3.6042e-06 6.0220e-03 6.0220e-03 1.2331e-23
 6.743e+01 3.4708e-06 6.0220e-03 6.0220e-03 1.0763e-23
 6.755e+01 3.3422e-06 6.0220e-03 6.0220e-03 9.3936e-24
 6.766e+01 3.2182e-06 6.0220e-03 6.0220e-03 8.1976e-24
 6.777e+01 3.0987e-06 6.0220e-03 6.0220e-03 7.1532e-24
 6.789e+01 2.9834e-06 6.0220e-03 6.0220e-03 6.2412e-24
 6.800e+01 2.8723e-06 6.0220e-03 6.0220e-03 5.4450e-24
 6.811e+01 2.7651e-06 6.0220e-03 6.0220e-03 4.7499e-24
 6.823e+01 2.6618e-06 6.0220e-03 6.0220e-03 4.1432e-24
 6.834e+01 2.5621e-06 6.0220e-03 6.0220e-03 3.6136e-24
 6.845e+01 2.4660e-06 6.0220e-03 6.0220e-03 3.1513e-24
 6.857e+01 2.3733e-06 6.0220e-03 6.0220e-03 2.7480e-24
 6.868e+01 2.2839e-06 6.0220e-03 6.0220e-03 2.3960e-24
 6.879e+01 2.1977e-06 6.0220e-03 6.0220e-03 2.0889e-24
 6.891e+01 2.1145e-06 6.0220e-03 6.0220e-03 1.8209e-24
 6.902e+01 2.0342e-06 6.0220e-03 6.0220e-03 1.5872e-24
 6.913e+01 1.9567e-06 6.0220e-03 6.0220e-03 1.3833e-24
 6.925e+01 1.8819e-06 6.0220e-03 6.0220e-03 1.2054e-24
 6.936e+01 1.8097e-06 6.0220e-03 6.0220e-03 1.0503e-24
 6.947e+01 1.7401e-06 6.0220e-03 6.0220e-03 9.1510e-25
 6.959e+01 1.6728e-06 6.0220e-03 6.0220e-03 7.9717e-25
 6.970e+01 1.6078e-06 6.0220e-03 6.0220e-03 6.9435e-25
 6.981e+01 1.5451e-06 6.0220e-03 6.0220e-03 6.0472e-25
 6.993e+01 1.4845e-06 6.0220e-03 6.0220e-03 5.2658e-25
 7.004e+01 1.4260e-06 6.0220e-03 6.0220e-03 4.5848e-25
 7.015e+01 1.3694e-06 6.0220e-03 6.0220e-03 3.9912e-25
 7.027e+01 1.3147e-06 6.0220e-03 6.0220e-03 3.4740e-25
 7.038e+01 1.2619e-06 6.0220e-03 6.0220e-03 3.0233e-25
 7.049e+01 1.2108e-06 6.0220e-03 6.0220e-03 2.6306e-25
 7.061e+01 1.1613e-06 6.0220e-03 6.0220e-03 2.2885e-25
 7.072e+01 1.1135e-06 6.0220e-03 6.0220e-03 1.9905e-25
 7.083e+01 1.0672e-06 6.0220e-03 6.0220e-03 1.7309e-25
 7.095e+01 1.0224e-06 6.0220e-03 6.0220e-03 1.5049e-25
 7.106e+01 9.7900e-07 6.0220e-03 6.0220e-03 1.3080e-25
 7.117e+01 9.3696e-07 6.0220e-03 6.0220e-03 1.1366e-25
 7.129e+01 8.9620e-07 6.0220e-03 6.0220e-03 9.8736e-26
 7.140e+01 8.5669e-07 6.0220e-03 6.0220e-03 8.5742e-26
 7.151e+01 8.1836e-07 6.0220e-03 6.0220e-03 7.4432e-26
 7.163e+01 7.8117e-07 6.0220e-03 6.0220e-03 6.4587e-26
 7.174e+01 7.4505e-07 6.0220e-03 6.0220e-03 5.6018e-26
 7.185e+01 7.0996e-07 6.0220e-03 6.0220e-03 4.8561e-26
 7.197e+01 6.7586e-07 6.0220e-03 6.0220e-03 4.2072e-26
 7.208e+01 6.4269e-07 6.0220e-03 6.0220e-03 3.6425e-26
 7.219e+01 6.1041e-07 6.0220e-03 6.0220e-03 3.1512e-26
 7.231e+01 5.7897e-07 6.0220e-03 6.0220e-03 2.7237e-26
 7.242e+01 5.4833e-07 6.0220e-03 6.0220e-03 2.3518e-26
 7.253e+01 5.1845e-07 6.0220e-03 6.0220e-03 2.0282e-26
 7.265e+01 4.8929e-07 6.0220e-03 6.0220e-03 1.7467e-26
 7.276e+01 4.6081e-07 6.0220e-03 6.0220e-03 1.5017e-26
 7.287e+01 4.3296e-07 6.0220e-03 6.0220e-03 1.2885e-26
 7.299e+01 4.0571e-07 6.0220e-03 6.0220e-03 1.1029e-26
 7.310e+01 3.7902e-07 6.0220e-03 6.0220e-03 9.4133e-27
 7.321e+01 3.5286e-07 6.0220e-03 6.0220e-03 8.0063e-27
 7.333e+01 3.2718e-07 6.0220e-03 6.0220e-03 6.7804e-27
 7.344e+01 3.0196e-07 6.0220e-03 6.0220e-03 5.7119e-27
 7.355e+01 2.7715e-07 6.0220e-03 6.0220e-03 4.7802e-27
 7.367e+01 2.5273e-07 6.0220e-03 6.0220e-03 3.9672e-27
 7.378e+01 2.2866e-07 6.0220e-03 6.0220e-03 3.2578e-27
 7.389e+01 2.0490e-07 6.0220e-03 6.0220e-03 2.6388e-27
 7.401e+01 1.8143e-07 6.0220e-03 6.0220e-03 2.0992e-27
 7.412e+01 1.5820e-07 6.0220e-03 6.0220e-03 1.6300e-27
 7.423e+01 1.3520e-07 6.0220e-03 6.0220e-03 1.2241e-27
 7.435e+01 1.1238e-07 6.0220e-03 6.0220e-03 8.7631e-28
 7.446e+01 8.9718e-08 6.0220e-03 6.0220e-03 5.8376e-28
 7.457e+01 6.7180e-08 6.0220e-03 6.0220e-03 3.4584e-28
 7.469e+01 4.4735e-08 6.0220e-03 6.0220e-03 1.6478e-28
 7.480e+01 2.2352e-08 6.0220e-03 6.0220e-03 4.6201e-29
 7.491e+01 4.4466e-323 6.0220e-03 6.0220e-03 0.0000e+00
