 0.000e+00 2.1532e+00 5.1866e-02 6.9920e-04 0.0000e+00
 1.133e-01 2.1532e+00 5.1866e-02 6.9920e-04 3.9141e-03
 2.267e-01 2.1587e+00 5.2148e-02 6.9541e-04 7.7459e-03
 3.400e-01 2.1691e+00 5.2696e-02 6.8819e-04 1.1031e-02
 4.533e-01 2.1843e+00 5.3500e-02 6.7784e-04 1.5030e-02
 5.667e-01 2.2037e+00 5.4553e-02 6.6476e-04 2.0501e-02
 6.800e-01 2.2271e+00 5.5840e-02 6.4944e-04 2.8148e-02
 7.933e-01 2.2535e+00 5.7335e-02 6.3250e-04 3.8337e-02
 9.067e-01 2.2820e+00 5.8994e-02 6.1471e-04 5.0561e-02
 1.020e+00 2.3115e+00 6.0756e-02 5.9688e-04 6.3043e-02
 1.133e+00 2.3406e+00 6.2550e-02 5.7977e-04 7.3339e-02
 1.247e+00 2.3683e+00 6.4313e-02 5.6387e-04 8.0015e-02
 1.360e+00 2.3943e+00 6.6002e-02 5.4944e-04 8.3488e-02
 1.473e+00 2.4181e+00 6.7596e-02 5.3649e-04 8.5016e-02
 1.587e+00 2.4399e+00 6.9085e-02 5.2492e-04 8.5601e-02
 1.700e+00 2.4598e+00 7.0470e-02 5.1461e-04 8.5778e-02
 1.813e+00 2.4778e+00 7.1751e-02 5.0542e-04 8.5790e-02
 1.927e+00 2.4941e+00 7.2934e-02 4.9722e-04 8.5738e-02
 2.040e+00 2.5090e+00 7.4023e-02 4.8991e-04 8.5664e-02
 2.153e+00 2.5224e+00 7.5024e-02 4.8337e-04 8.5586e-02
 2.267e+00 2.5346e+00 7.5942e-02 4.7753e-04 8.5509e-02
 2.380e+00 2.5456e+00 7.6783e-02 4.7230e-04 8.5437e-02
 2.493e+00 2.5555e+00 7.7552e-02 4.6762e-04 8.5370e-02
 2.607e+00 2.5645e+00 7.8254e-02 4.6342e-04 8.5308e-02
 2.720e+00 2.5727e+00 7.8894e-02 4.5966e-04 8.5252e-02
 2.833e+00 2.5801e+00 7.9477e-02 4.5629e-04 8.5200e-02
 2.947e+00 2.5867e+00 8.0008e-02 4.5326e-04 8.5152e-02
 3.060e+00 2.5927e+00 8.0490e-02 4.5054e-04 8.5109e-02
 3.173e+00 2.5982e+00 8.0929e-02 4.4810e-04 8.5069e-02
 3.287e+00 2.6031e+00 8.1327e-02 4.4591e-04 8.5033e-02
 3.400e+00 2.6075e+00 8.1688e-02 4.4394e-04 8.5000e-02
 3.513e+00 2.6115e+00 8.2015e-02 4.4217e-04 8.4970e-02
 3.627e+00 2.6151e+00 8.2311e-02 4.4058e-04 8.4943e-02
 3.740e+00 2.6183e+00 8.2579e-02 4.3915e-04 8.4918e-02
 3.853e+00 2.6213e+00 8.2822e-02 4.3786e-04 8.4895e-02
 3.967e+00 2.6239e+00 8.3041e-02 4.3670e-04 8.4874e-02
 4.080e+00 2.6263e+00 8.3240e-02 4.3566e-04 8.4854e-02
 4.193e+00 2.6285e+00 8.3419e-02 4.3473e-04 8.4837e-02
 4.307e+00 2.6304e+00 8.3581e-02 4.3389e-04 8.4820e-02
 4.420e+00 2.6321e+00 8.3727e-02 4.3313e-04 8.4805e-02
 4.533e+00 2.6337e+00 8.3859e-02 4.3245e-04 8.4792e-02
 4.647e+00 2.6351e+00 8.3977e-02 4.3184e-04 8.4779e-02
 4.760e+00 2.6364e+00 8.4084e-02 4.3129e-04 8.4767e-02
 4.873e+00 2.6375e+00 8.4181e-02 4.3079e-04 8.4756e-02
 4.987e+00 2.6386e+00 8.4268e-02 4.3035e-04 8.4746e-02
 5.100e+00 2.6395e+00 8.4346e-02 4.2995e-04 8.4737e-02
 5.213e+00 2.6403e+00 8.4416e-02 4.2959e-04 8.4728e-02
 5.327e+00 2.6411e+00 8.4479e-02 4.2927e-04 8.4719e-02
 5.440e+00 2.6418e+00 8.4536e-02 4.2898e-04 8.4712e-02
 5.553e+00 2.6424e+00 8.4586e-02 4.2873e-04 8.4704e-02
 5.667e+00 2.6429e+00 8.4632e-02 4.2850e-04 8.4697e-02
 5.780e+00 2.6434e+00 8.4673e-02 4.2829e-04 8.4690e-02
 5.893e+00 2.6438e+00 8.4709e-02 4.2811e-04 8.4684e-02
 6.007e+00 2.6442e+00 8.4741e-02 4.2794e-04 8.4678e-02
 6.120e+00 2.6445e+00 8.4770e-02 4.2780e-04 8.4672e-02
 6.233e+00 2.6448e+00 8.4796e-02 4.2767e-04 8.4666e-02
 6.347e+00 2.6451e+00 8.4819e-02 4.2755e-04 8.4661e-02
 6.460e+00 2.6453e+00 8.4839e-02 4.2745e-04 8.4656e-02
 6.573e+00 2.6455e+00 8.4857e-02 4.2736e-04 8.4650e-02
 6.687e+00 2.6457e+00 8.4873e-02 4.2728e-04 8.4645e-02
 6.800e+00 2.6459e+00 8.4887e-02 4.2721e-04 8.4640e-02
 6.913e+00 2.6460e+00 8.4899e-02 4.2715e-04 8.4635e-02
 7.027e+00 2.6462e+00 8.4909e-02 4.2710e-04 8.4631e-02
 7.140e+00 2.6463e+00 8.4918e-02 4.2705e-04 8.4626e-02
 7.253e+00 2.6464e+00 8.4926e-02 4.2701e-04 8.4621e-02
 7.367e+00 2.6464e+00 8.4932e-02 4.2698e-04 8.4616e-02
 7.480e+00 2.6465e+00 8.4937e-02 4.2696e-04 8.4612e-02
 7.593e+00 2.6465e+00 8.4942e-02 4.2693e-04 8.4607e-02
 7.707e+00 2.6466e+00 8.4945e-02 4.2692e-04 8.4602e-02
 7.820e+00 2.6466e+00 8.4948e-02 4.2690e-04 8.4598e-02
 7.933e+00 2.6466e+00 8.4950e-02 4.2689e-04 8.4593e-02
 8.047e+00 2.6467e+00 8.4951e-02 4.2689e-04 8.4589e-02
 8.160e+00 2.6467e+00 8.4952e-02 4.2688e-04 8.4584e-02
 8.273e+00 2.6467e+00 8.4952e-02 4.2688e-04 8.4579e-02
 8.387e+00 2.6467e+00 8.4951e-02 4.2689e-04 8.4575e-02
 8.500e+00 2.6466e+00 8.4950e-02 4.2689e-04 8.4570e-02
 8.613e+00 2.6466e+00 8.4949e-02 4.2690e-04 8.4565e-02
 8.727e+00 2.6466e+00 8.4947e-02 4.2691e-04 8.4560e-02
 8.840e+00 2.6466e+00 8.4945e-02 4.2692e-04 8.4556e-02
 8.953e+00 2.6466e+00 8.4942e-02 4.2693e-04 8.4551e-02
 9.067e+00 2.6465e+00 8.4939e-02 4.2695e-04 8.4546e-02
 9.180e+00 2.6465e+00 8.4936e-02 4.2696e-04 8.4541e-02
 9.293e+00 2.6464e+00 8.4932e-02 4.2698e-04 8.4536e-02
 9.407e+00 2.6464e+00 8.4928e-02 4.2700e-04 8.4531e-02
 9.520e+00 2.6463e+00 8.4924e-02 4.2702e-04 8.4527e-02
 9.633e+00 2.6463e+00 8.4920e-02 4.2704e-04 8.4522e-02
 9.747e+00 2.6462e+00 8.4915e-02 4.2707e-04 8.4517e-02
 9.860e+00 2.6462e+00 8.4910e-02 4.2709e-04 8.4511e-02
 9.973e+00 2.6461e+00 8.4905e-02 4.2712e-04 8.4506e-02
 1.009e+01 2.6460e+00 8.4899e-02 4.2715e-04 8.4501e-02
 1.020e+01 2.6460e+00 8.4893e-02 4.2718e-04 8.4496e-02
 1.031e+01 2.6459e+00 8.4887e-02 4.2721e-04 8.4491e-02
 1.043e+01 2.6458e+00 8.4880e-02 4.2724e-04 8.4486e-02
 1.054e+01 2.6457e+00 8.4874e-02 4.2728e-04 8.4480e-02
 1.065e+01 2.6457e+00 8.4867e-02 4.2731e-04 8.4475e-02
 1.077e+01 2.6456e+00 8.4859e-02 4.2735e-04 8.4470e-02
 1.088e+01 2.6455e+00 8.4851e-02 4.2739e-04 8.4464e-02
 1.099e+01 2.6454e+00 8.4843e-02 4.2743e-04 8.4459e-02
 1.111e+01 2.6453e+00 8.4834e-02 4.2747e-04 8.4454e-02
 1.122e+01 2.6452e+00 8.4825e-02 4.2752e-04 8.4448e-02
 1.133e+01 2.6451e+00 8.4815e-02 4.2757e-04 8.4443e-02
 1.145e+01 2.6449e+00 8.4805e-02 4.2762e-04 8.4438e-02
 1.156e+01 2.6448e+00 8.4795e-02 4.2767e-04 8.4432e-02
 1.167e+01 2.6447e+00 8.4783e-02 4.2773e-04 8.4427e-02
 1.179e+01 2.6445e+00 8.4771e-02 4.2779e-04 8.4421e-02
 1.190e+01 2.6444e+00 8.4758e-02 4.2786e-04 8.4416e-02
 1.201e+01 2.6442e+00 8.4745e-02 4.2793e-04 8.4410e-02
 1.213e+01 2.6441e+00 8.4730e-02 4.2800e-04 8.4405e-02
 1.224e+01 2.6439e+00 8.4715e-02 4.2808e-04 8.4400e-02
 1.235e+01 2.6437e+00 8.4698e-02 4.2816e-04 8.4395e-02
 1.247e+01 2.6435e+00 8.4680e-02 4.2825e-04 8.4389e-02
 1.258e+01 2.6432e+00 8.4661e-02 4.2835e-04 8.4384e-02
 1.269e+01 2.6430e+00 8.4640e-02 4.2845e-04 8.4379e-02
 1.281e+01 2.6427e+00 8.4618e-02 4.2857e-04 8.4374e-02
 1.292e+01 2.6424e+00 8.4594e-02 4.2869e-04 8.4369e-02
 1.303e+01 2.6421e+00 8.4568e-02 4.2882e-04 8.4365e-02
 1.315e+01 2.6418e+00 8.4539e-02 4.2897e-04 8.4360e-02
 1.326e+01 2.6414e+00 8.4509e-02 4.2912e-04 8.4356e-02
 1.337e+01 2.6410e+00 8.4475e-02 4.2929e-04 8.4352e-02
 1.349e+01 2.6406e+00 8.4439e-02 4.2947e-04 8.4348e-02
 1.360e+01 2.6401e+00 8.4400e-02 4.2968e-04 8.4344e-02
 1.371e+01 2.6396e+00 8.4356e-02 4.2990e-04 8.4341e-02
 1.383e+01 2.6391e+00 8.4309e-02 4.3014e-04 8.4338e-02
 1.394e+01 2.6385e+00 8.4258e-02 4.3040e-04 8.4336e-02
 1.405e+01 2.6378e+00 8.4201e-02 4.3069e-04 8.4334e-02
 1.417e+01 2.6371e+00 8.4140e-02 4.3100e-04 8.4332e-02
 1.428e+01 2.6363e+00 8.4072e-02 4.3135e-04 8.4331e-02
 1.439e+01 2.6354e+00 8.3997e-02 4.3173e-04 8.4331e-02
 1.451e+01 2.6344e+00 8.3916e-02 4.3215e-04 8.4331e-02
 1.462e+01 2.6333e+00 8.3826e-02 4.3262e-04 8.4332e-02
 1.473e+01 2.6321e+00 8.3727e-02 4.3313e-04 8.4334e-02
 1.485e+01 2.6308e+00 8.3618e-02 4.3369e-04 8.4338e-02
 1.496e+01 2.6294e+00 8.3499e-02 4.3431e-04 8.4342e-02
 1.507e+01 2.6278e+00 8.3367e-02 4.3500e-04 8.4347e-02
 1.519e+01 2.6261e+00 8.3222e-02 4.3575e-04 8.4354e-02
 1.530e+01 2.6242e+00 8.3063e-02 4.3659e-04 8.4362e-02
 1.541e+01 2.6221e+00 8.2887e-02 4.3752e-04 8.4372e-02
 1.553e+01 2.6197e+00 8.2693e-02 4.3854e-04 8.4384e-02
 1.564e+01 2.6171e+00 8.2480e-02 4.3968e-04 8.4398e-02
 1.575e+01 2.6143e+00 8.2245e-02 4.4093e-04 8.4414e-02
 1.587e+01 2.6111e+00 8.1986e-02 4.4233e-04 8.4433e-02
 1.598e+01 2.6076e+00 8.1701e-02 4.4387e-04 8.4454e-02
 1.609e+01 2.6038e+00 8.1386e-02 4.4558e-04 8.4478e-02
 1.621e+01 2.5995e+00 8.1040e-02 4.4749e-04 8.4506e-02
 1.632e+01 2.5948e+00 8.0660e-02 4.4960e-04 8.4537e-02
 1.643e+01 2.5896e+00 8.0241e-02 4.5194e-04 8.4573e-02
 1.655e+01 2.5839e+00 7.9781e-02 4.5455e-04 8.4612e-02
 1.666e+01 2.5775e+00 7.9275e-02 4.5745e-04 8.4657e-02
 1.677e+01 2.5705e+00 7.8719e-02 4.6068e-04 8.4706e-02
 1.689e+01 2.5627e+00 7.8110e-02 4.6428e-04 8.4761e-02
 1.700e+01 2.5541e+00 7.7442e-02 4.6828e-04 8.4822e-02
 1.711e+01 2.5446e+00 7.6710e-02 4.7275e-04 8.4889e-02
 1.723e+01 2.5341e+00 7.5910e-02 4.7773e-04 8.4963e-02
 1.734e+01 2.5226e+00 7.5037e-02 4.8329e-04 8.5045e-02
 1.745e+01 2.5098e+00 7.4084e-02 4.8951e-04 8.5134e-02
 1.757e+01 2.4957e+00 7.3046e-02 4.9646e-04 8.5232e-02
 1.768e+01 2.4801e+00 7.1918e-02 5.0425e-04 8.5339e-02
 1.779e+01 2.4629e+00 7.0694e-02 5.1298e-04 8.5455e-02
 1.791e+01 2.4440e+00 6.9370e-02 5.2277e-04 8.5581e-02
 1.802e+01 2.4232e+00 6.7939e-02 5.3378e-04 8.5717e-02
 1.813e+01 2.4003e+00 6.6398e-02 5.4617e-04 8.5863e-02
 1.825e+01 2.3750e+00 6.4744e-02 5.6012e-04 8.6019e-02
 1.836e+01 2.3473e+00 6.2972e-02 5.7588e-04 8.6186e-02
 1.847e+01 2.3168e+00 6.1082e-02 5.9370e-04 8.6359e-02
 1.859e+01 2.2834e+00 5.9073e-02 6.1389e-04 8.6534e-02
 1.870e+01 2.2467e+00 5.6946e-02 6.3682e-04 8.6694e-02
 1.881e+01 2.2065e+00 5.4705e-02 6.6291e-04 8.6797e-02
 1.893e+01 2.1626e+00 5.2354e-02 6.9268e-04 8.6727e-02
 1.904e+01 2.1147e+00 4.9903e-02 7.2669e-04 8.6187e-02
 1.915e+01 2.0625e+00 4.7366e-02 7.6563e-04 8.4438e-02
 1.927e+01 2.0059e+00 4.4762e-02 8.1016e-04 8.0006e-02
 1.938e+01 1.9453e+00 4.2127e-02 8.6084e-04 7.1139e-02
 1.949e+01 1.8812e+00 3.9511e-02 9.1783e-04 5.7832e-02
 1.961e+01 1.8148e+00 3.6976e-02 9.8076e-04 4.2810e-02
 1.972e+01 1.7478e+00 3.4576e-02 1.0488e-03 2.9328e-02
 1.983e+01 1.6811e+00 3.2348e-02 1.1211e-03 1.9032e-02
 1.995e+01 1.6159e+00 3.0306e-02 1.1966e-03 1.1946e-02
 2.006e+01 1.5527e+00 2.8449e-02 1.2747e-03 7.3664e-03
 2.017e+01 1.4917e+00 2.6766e-02 1.3549e-03 4.5095e-03
 2.029e+01 1.4331e+00 2.5243e-02 1.4366e-03 2.7598e-03
 2.040e+01 1.3770e+00 2.3865e-02 1.5196e-03 1.6964e-03
 2.051e+01 1.3232e+00 2.2615e-02 1.6035e-03 1.0507e-03
 2.063e+01 1.2717e+00 2.1480e-02 1.6883e-03 6.5748e-04
 2.074e+01 1.2224e+00 2.0447e-02 1.7736e-03 4.1648e-04
 2.085e+01 1.1752e+00 1.9504e-02 1.8593e-03 2.6756e-04
 2.097e+01 1.1300e+00 1.8642e-02 1.9453e-03 1.7463e-04
 2.108e+01 1.0867e+00 1.7852e-02 2.0314e-03 1.1595e-04
 2.119e+01 1.0452e+00 1.7126e-02 2.1174e-03 7.8423e-05
 2.131e+01 1.0054e+00 1.6458e-02 2.2034e-03 5.4070e-05
 2.142e+01 9.6726e-01 1.5842e-02 2.2891e-03 3.8016e-05
 2.153e+01 9.3065e-01 1.5273e-02 2.3745e-03 2.7252e-05
 2.165e+01 8.9552e-01 1.4746e-02 2.4593e-03 1.9904e-05
 2.176e+01 8.6180e-01 1.4257e-02 2.5437e-03 1.4796e-05
 2.187e+01 8.2943e-01 1.3802e-02 2.6274e-03 1.1177e-05
 2.199e+01 7.9833e-01 1.3380e-02 2.7104e-03 8.5665e-06
 2.210e+01 7.6846e-01 1.2986e-02 2.7926e-03 6.6499e-06
 2.221e+01 7.3975e-01 1.2619e-02 2.8739e-03 5.2194e-06
 2.233e+01 7.1217e-01 1.2275e-02 2.9543e-03 4.1357e-06
 2.244e+01 6.8566e-01 1.1954e-02 3.0336e-03 3.3035e-06
 2.255e+01 6.6016e-01 1.1653e-02 3.1120e-03 2.6568e-06
 2.267e+01 6.3565e-01 1.1371e-02 3.1892e-03 2.1490e-06
 2.278e+01 6.1208e-01 1.1106e-02 3.2653e-03 1.7467e-06
 2.289e+01 5.8941e-01 1.0857e-02 3.3401e-03 1.4255e-06
 2.301e+01 5.6760e-01 1.0623e-02 3.4138e-03 1.1675e-06
 2.312e+01 5.4662e-01 1.0402e-02 3.4861e-03 9.5896e-07
 2.323e+01 5.2643e-01 1.0195e-02 3.5572e-03 7.8972e-07
 2.335e+01 5.0701e-01 9.9984e-03 3.6270e-03 6.5180e-07
 2.346e+01 4.8832e-01 9.8133e-03 3.6955e-03 5.3901e-07
 2.357e+01 4.7032e-01 9.6383e-03 3.7625e-03 4.4650e-07
 2.369e+01 4.5301e-01 9.4728e-03 3.8283e-03 3.7043e-07
 2.380e+01 4.3634e-01 9.3162e-03 3.8926e-03 3.0775e-07
 2.391e+01 4.2029e-01 9.1679e-03 3.9556e-03 2.5599e-07
 2.403e+01 4.0485e-01 9.0274e-03 4.0172e-03 2.1317e-07
 2.414e+01 3.8997e-01 8.8941e-03 4.0773e-03 1.7770e-07
 2.425e+01 3.7565e-01 8.7677e-03 4.1362e-03 1.4828e-07
 2.437e+01 3.6187e-01 8.6476e-03 4.1936e-03 1.2384e-07
 2.448e+01 3.4859e-01 8.5336e-03 4.2496e-03 1.0351e-07
 2.459e+01 3.3580e-01 8.4252e-03 4.3043e-03 8.6585e-08
 2.471e+01 3.2349e-01 8.3221e-03 4.3576e-03 7.2482e-08
 2.482e+01 3.1164e-01 8.2240e-03 4.4096e-03 6.0718e-08
 2.493e+01 3.0022e-01 8.1306e-03 4.4602e-03 5.0897e-08
 2.505e+01 2.8922e-01 8.0417e-03 4.5096e-03 4.2690e-08
 2.516e+01 2.7863e-01 7.9570e-03 4.5576e-03 3.5828e-08
 2.527e+01 2.6843e-01 7.8762e-03 4.6043e-03 3.0086e-08
 2.539e+01 2.5860e-01 7.7992e-03 4.6498e-03 2.5277e-08
 2.550e+01 2.4914e-01 7.7257e-03 4.6940e-03 2.1248e-08
 2.561e+01 2.4002e-01 7.6556e-03 4.7370e-03 1.7870e-08
 2.573e+01 2.3124e-01 7.5887e-03 4.7787e-03 1.5036e-08
 2.584e+01 2.2278e-01 7.5248e-03 4.8193e-03 1.2657e-08
 2.595e+01 2.1464e-01 7.4637e-03 4.8588e-03 1.0659e-08
 2.607e+01 2.0679e-01 7.4054e-03 4.8970e-03 8.9797e-09
 2.618e+01 1.9923e-01 7.3496e-03 4.9342e-03 7.5681e-09
 2.629e+01 1.9194e-01 7.2963e-03 4.9703e-03 6.3807e-09
 2.641e+01 1.8493e-01 7.2453e-03 5.0053e-03 5.3816e-09
 2.652e+01 1.7817e-01 7.1964e-03 5.0392e-03 4.5404e-09
 2.663e+01 1.7166e-01 7.1497e-03 5.0721e-03 3.8320e-09
 2.675e+01 1.6538e-01 7.1050e-03 5.1041e-03 3.2351e-09
 2.686e+01 1.5934e-01 7.0622e-03 5.1350e-03 2.7320e-09
 2.697e+01 1.5352e-01 7.0212e-03 5.1650e-03 2.3078e-09
 2.709e+01 1.4791e-01 6.9820e-03 5.1940e-03 1.9500e-09
 2.720e+01 1.4251e-01 6.9443e-03 5.2222e-03 1.6481e-09
 2.731e+01 1.3730e-01 6.9083e-03 5.2494e-03 1.3933e-09
 2.743e+01 1.3229e-01 6.8737e-03 5.2758e-03 1.1782e-09
 2.754e+01 1.2745e-01 6.8406e-03 5.3014e-03 9.9651e-10
 2.765e+01 1.2280e-01 6.8088e-03 5.3261e-03 8.4303e-10
 2.777e+01 1.1831e-01 6.7783e-03 5.3500e-03 7.1334e-10
 2.788e+01 1.1399e-01 6.7491e-03 5.3732e-03 6.0372e-10
 2.799e+01 1.0983e-01 6.7211e-03 5.3956e-03 5.1105e-10
 2.811e+01 1.0582e-01 6.6942e-03 5.4173e-03 4.3268e-10
 2.822e+01 1.0196e-01 6.6684e-03 5.4383e-03 3.6640e-10
 2.833e+01 9.8232e-02 6.6436e-03 5.4586e-03 3.1032e-10
 2.845e+01 9.4645e-02 6.6198e-03 5.4782e-03 2.6287e-10
 2.856e+01 9.1189e-02 6.5970e-03 5.4972e-03 2.2271e-10
 2.867e+01 8.7860e-02 6.5750e-03 5.5155e-03 1.8871e-10
 2.879e+01 8.4652e-02 6.5540e-03 5.5332e-03 1.5993e-10
 2.890e+01 8.1561e-02 6.5337e-03 5.5503e-03 1.3555e-10
 2.901e+01 7.8583e-02 6.5143e-03 5.5669e-03 1.1491e-10
 2.913e+01 7.5714e-02 6.4957e-03 5.5829e-03 9.7420e-11
 2.924e+01 7.2950e-02 6.4777e-03 5.5983e-03 8.2603e-11
 2.935e+01 7.0287e-02 6.4605e-03 5.6133e-03 7.0048e-11
 2.947e+01 6.7721e-02 6.4439e-03 5.6277e-03 5.9408e-11
 2.958e+01 6.5249e-02 6.4280e-03 5.6416e-03 5.0389e-11
 2.969e+01 6.2866e-02 6.4127e-03 5.6551e-03 4.2744e-11
 2.981e+01 6.0571e-02 6.3980e-03 5.6681e-03 3.6262e-11
 2.992e+01 5.8360e-02 6.3839e-03 5.6806e-03 3.0766e-11
 3.003e+01 5.6230e-02 6.3703e-03 5.6927e-03 2.6106e-11
 3.015e+01 5.4177e-02 6.3573e-03 5.7044e-03 2.2153e-11
 3.026e+01 5.2199e-02 6.3447e-03 5.7157e-03 1.8800e-11
 3.037e+01 5.0294e-02 6.3326e-03 5.7266e-03 1.5956e-11
 3.049e+01 4.8458e-02 6.3210e-03 5.7371e-03 1.3543e-11
 3.060e+01 4.6689e-02 6.3098e-03 5.7473e-03 1.1496e-11
 3.071e+01 4.4985e-02 6.2991e-03 5.7571e-03 9.7590e-12
 3.083e+01 4.3343e-02 6.2887e-03 5.7666e-03 8.2850e-12
 3.094e+01 4.1760e-02 6.2788e-03 5.7757e-03 7.0340e-12
 3.105e+01 4.0236e-02 6.2692e-03 5.7845e-03 5.9723e-12
 3.117e+01 3.8767e-02 6.2600e-03 5.7930e-03 5.0711e-12
 3.128e+01 3.7352e-02 6.2512e-03 5.8012e-03 4.3061e-12
 3.139e+01 3.5989e-02 6.2427e-03 5.8091e-03 3.6568e-12
 3.151e+01 3.4675e-02 6.2345e-03 5.8168e-03 3.1055e-12
 3.162e+01 3.3409e-02 6.2266e-03 5.8241e-03 2.6374e-12
 3.173e+01 3.2190e-02 6.2190e-03 5.8312e-03 2.2400e-12
 3.185e+01 3.1015e-02 6.2117e-03 5.8381e-03 1.9025e-12
 3.196e+01 2.9883e-02 6.2047e-03 5.8447e-03 1.6160e-12
 3.207e+01 2.8792e-02 6.1979e-03 5.8511e-03 1.3727e-12
 3.219e+01 2.7741e-02 6.1914e-03 5.8572e-03 1.1660e-12
 3.230e+01 2.6728e-02 6.1851e-03 5.8632e-03 9.9051e-13
 3.241e+01 2.5753e-02 6.1791e-03 5.8689e-03 8.4144e-13
 3.253e+01 2.4813e-02 6.1733e-03 5.8744e-03 7.1484e-13
 3.264e+01 2.3907e-02 6.1677e-03 5.8797e-03 6.0730e-13
 3.275e+01 2.3034e-02 6.1623e-03 5.8849e-03 5.1596e-13
 3.287e+01 2.2194e-02 6.1571e-03 5.8898e-03 4.3836e-13
 3.298e+01 2.1384e-02 6.1522e-03 5.8946e-03 3.7245e-13
 3.309e+01 2.0603e-02 6.1474e-03 5.8992e-03 3.1645e-13
 3.321e+01 1.9851e-02 6.1427e-03 5.9036e-03 2.6888e-13
 3.332e+01 1.9126e-02 6.1383e-03 5.9079e-03 2.2847e-13
 3.343e+01 1.8428e-02 6.1340e-03 5.9120e-03 1.9413e-13
 3.355e+01 1.7756e-02 6.1299e-03 5.9160e-03 1.6496e-13
 3.366e+01 1.7107e-02 6.1259e-03 5.9199e-03 1.4017e-13
 3.377e+01 1.6483e-02 6.1221e-03 5.9236e-03 1.1911e-13
 3.389e+01 1.5881e-02 6.1184e-03 5.9271e-03 1.0122e-13
 3.400e+01 1.5302e-02 6.1149e-03 5.9306e-03 8.6013e-14
 3.411e+01 1.4743e-02 6.1114e-03 5.9339e-03 7.3094e-14
 3.423e+01 1.4205e-02 6.1082e-03 5.9371e-03 6.2116e-14
 3.434e+01 1.3687e-02 6.1050e-03 5.9401e-03 5.2787e-14
 3.445e+01 1.3187e-02 6.1019e-03 5.9431e-03 4.4860e-14
 3.457e+01 1.2706e-02 6.0990e-03 5.9460e-03 3.8124e-14
 3.468e+01 1.2242e-02 6.0962e-03 5.9487e-03 3.2400e-14
 3.479e+01 1.1795e-02 6.0935e-03 5.9514e-03 2.7535e-14
 3.491e+01 1.1364e-02 6.0908e-03 5.9540e-03 2.3401e-14
 3.502e+01 1.0950e-02 6.0883e-03 5.9564e-03 1.9888e-14
 3.513e+01 1.0550e-02 6.0859e-03 5.9588e-03 1.6902e-14
 3.525e+01 1.0165e-02 6.0835e-03 5.9611e-03 1.4365e-14
 3.536e+01 9.7939e-03 6.0813e-03 5.9633e-03 1.2208e-14
 3.547e+01 9.4364e-03 6.0791e-03 5.9654e-03 1.0376e-14
 3.559e+01 9.0920e-03 6.0770e-03 5.9675e-03 8.8185e-15
 3.570e+01 8.7601e-03 6.0750e-03 5.9695e-03 7.4948e-15
 3.581e+01 8.4404e-03 6.0730e-03 5.9714e-03 6.3699e-15
 3.593e+01 8.1323e-03 6.0712e-03 5.9732e-03 5.4138e-15
 3.604e+01 7.8354e-03 6.0694e-03 5.9750e-03 4.6012e-15
 3.615e+01 7.5494e-03 6.0676e-03 5.9767e-03 3.9106e-15
 3.627e+01 7.2739e-03 6.0660e-03 5.9784e-03 3.3237e-15
 3.638e+01 7.0084e-03 6.0644e-03 5.9799e-03 2.8248e-15
 3.649e+01 6.7526e-03 6.0628e-03 5.9815e-03 2.4009e-15
 3.661e+01 6.5061e-03 6.0613e-03 5.9829e-03 2.0405e-15
 3.672e+01 6.2686e-03 6.0599e-03 5.9844e-03 1.7343e-15
 3.683e+01 6.0398e-03 6.0585e-03 5.9857e-03 1.4740e-15
 3.695e+01 5.8194e-03 6.0571e-03 5.9871e-03 1.2528e-15
 3.706e+01 5.6069e-03 6.0559e-03 5.9883e-03 1.0647e-15
 3.717e+01 5.4023e-03 6.0546e-03 5.9896e-03 9.0493e-16
 3.729e+01 5.2051e-03 6.0534e-03 5.9907e-03 7.6911e-16
 3.740e+01 5.0151e-03 6.0523e-03 5.9919e-03 6.5367e-16
 3.751e+01 4.8321e-03 6.0512e-03 5.9930e-03 5.5556e-16
 3.763e+01 4.6557e-03 6.0501e-03 5.9940e-03 4.7217e-16
 3.774e+01 4.4857e-03 6.0491e-03 5.9950e-03 4.0130e-16
 3.785e+01 4.3220e-03 6.0481e-03 5.9960e-03 3.4106e-16
 3.797e+01 4.1643e-03 6.0471e-03 5.9970e-03 2.8986e-16
 3.808e+01 4.0123e-03 6.0462e-03 5.9979e-03 2.4635e-16
 3.819e+01 3.8658e-03 6.0453e-03 5.9988e-03 2.0937e-16
 3.831e+01 3.7247e-03 6.0445e-03 5.9996e-03 1.7794e-16
 3.842e+01 3.5888e-03 6.0437e-03 6.0004e-03 1.5123e-16
 3.853e+01 3.4578e-03 6.0429e-03 6.0012e-03 1.2852e-16
 3.865e+01 3.3315e-03 6.0421e-03 6.0020e-03 1.0923e-16
 3.876e+01 3.2099e-03 6.0414e-03 6.0027e-03 9.2830e-17
 3.887e+01 3.0928e-03 6.0407e-03 6.0034e-03 7.8892e-17
 3.899e+01 2.9799e-03 6.0400e-03 6.0041e-03 6.7047e-17
 3.910e+01 2.8711e-03 6.0393e-03 6.0047e-03 5.6979e-17
 3.921e+01 2.7663e-03 6.0387e-03 6.0054e-03 4.8424e-17
 3.933e+01 2.6654e-03 6.0381e-03 6.0060e-03 4.1152e-17
 3.944e+01 2.5681e-03 6.0375e-03 6.0066e-03 3.4972e-17
 3.955e+01 2.4743e-03 6.0369e-03 6.0071e-03 2.9720e-17
 3.967e+01 2.3840e-03 6.0364e-03 6.0077e-03 2.5257e-17
 3.978e+01 2.2970e-03 6.0358e-03 6.0082e-03 2.1463e-17
 3.989e+01 2.2132e-03 6.0353e-03 6.0087e-03 1.8240e-17
 4.001e+01 2.1324e-03 6.0349e-03 6.0092e-03 1.5500e-17
 4.012e+01 2.0545e-03 6.0344e-03 6.0096e-03 1.3172e-17
 4.023e+01 1.9795e-03 6.0339e-03 6.0101e-03 1.1193e-17
 4.035e+01 1.9073e-03 6.0335e-03 6.0105e-03 9.5117e-18
 4.046e+01 1.8377e-03 6.0331e-03 6.0109e-03 8.0828e-18
 4.057e+01 1.7706e-03 6.0327e-03 6.0113e-03 6.8684e-18
 4.069e+01 1.7060e-03 6.0323e-03 6.0117e-03 5.8365e-18
 4.080e+01 1.6437e-03 6.0319e-03 6.0121e-03 4.9595e-18
 4.091e+01 1.5837e-03 6.0315e-03 6.0125e-03 4.2143e-18
 4.103e+01 1.5259e-03 6.0312e-03 6.0128e-03 3.5810e-18
 4.114e+01 1.4702e-03 6.0309e-03 6.0132e-03 3.0428e-18
 4.125e+01 1.4165e-03 6.0305e-03 6.0135e-03 2.5855e-18
 4.137e+01 1.3648e-03 6.0302e-03 6.0138e-03 2.1969e-18
 4.148e+01 1.3150e-03 6.0299e-03 6.0141e-03 1.8667e-18
 4.159e+01 1.2670e-03 6.0296e-03 6.0144e-03 1.5861e-18
 4.171e+01 1.2208e-03 6.0294e-03 6.0147e-03 1.3477e-18
 4.182e+01 1.1762e-03 6.0291e-03 6.0149e-03 1.1451e-18
 4.193e+01 1.1333e-03 6.0288e-03 6.0152e-03 9.7295e-19
 4.205e+01 1.0919e-03 6.0286e-03 6.0154e-03 8.2667e-19
 4.216e+01 1.0521e-03 6.0283e-03 6.0157e-03 7.0237e-19
 4.227e+01 1.0137e-03 6.0281e-03 6.0159e-03 5.9676e-19
 4.239e+01 9.7666e-04 6.0279e-03 6.0161e-03 5.0702e-19
 4.250e+01 9.4101e-04 6.0277e-03 6.0163e-03 4.3077e-19
 4.261e+01 9.0666e-04 6.0275e-03 6.0165e-03 3.6598e-19
 4.273e+01 8.7357e-04 6.0273e-03 6.0167e-03 3.1094e-19
 4.284e+01 8.4168e-04 6.0271e-03 6.0169e-03 2.6417e-19
 4.295e+01 8.1096e-04 6.0269e-03 6.0171e-03 2.2443e-19
 4.307e+01 7.8136e-04 6.0267e-03 6.0173e-03 1.9067e-19
 4.318e+01 7.5284e-04 6.0265e-03 6.0175e-03 1.6198e-19
 4.329e+01 7.2536e-04 6.0264e-03 6.0176e-03 1.3761e-19
 4.341e+01 6.9889e-04 6.0262e-03 6.0178e-03 1.1690e-19
 4.352e+01 6.7338e-04 6.0261e-03 6.0179e-03 9.9313e-20
 4.363e+01 6.4880e-04 6.0259e-03 6.0181e-03 8.4368e-20
 4.375e+01 6.2512e-04 6.0258e-03 6.0182e-03 7.1670e-20
 4.386e+01 6.0230e-04 6.0256e-03 6.0184e-03 6.0883e-20
 4.397e+01 5.8031e-04 6.0255e-03 6.0185e-03 5.1719e-20
 4.409e+01 5.5913e-04 6.0254e-03 6.0186e-03 4.3934e-20
 4.420e+01 5.3872e-04 6.0252e-03 6.0188e-03 3.7320e-20
 4.431e+01 5.1906e-04 6.0251e-03 6.0189e-03 3.1701e-20
 4.443e+01 5.0011e-04 6.0250e-03 6.0190e-03 2.6928e-20
 4.454e+01 4.8186e-04 6.0249e-03 6.0191e-03 2.2873e-20
 4.465e+01 4.6427e-04 6.0248e-03 6.0192e-03 1.9429e-20
 4.477e+01 4.4732e-04 6.0247e-03 6.0193e-03 1.6503e-20
 4.488e+01 4.3100e-04 6.0246e-03 6.0194e-03 1.4017e-20
 4.499e+01 4.1527e-04 6.0245e-03 6.0195e-03 1.1906e-20
 4.511e+01 4.0011e-04 6.0244e-03 6.0196e-03 1.0113e-20
 4.522e+01 3.8550e-04 6.0243e-03 6.0197e-03 8.5892e-21
 4.533e+01 3.7143e-04 6.0242e-03 6.0198e-03 7.2951e-21
 4.545e+01 3.5788e-04 6.0242e-03 6.0198e-03 6.1960e-21
 4.556e+01 3.4481e-04 6.0241e-03 6.0199e-03 5.2624e-21
 4.567e+01 3.3223e-04 6.0240e-03 6.0200e-03 4.4693e-21
 4.579e+01 3.2010e-04 6.0239e-03 6.0201e-03 3.7958e-21
 4.590e+01 3.0842e-04 6.0239e-03 6.0201e-03 3.2237e-21
 4.601e+01 2.9716e-04 6.0238e-03 6.0202e-03 2.7378e-21
 4.613e+01 2.8631e-04 6.0237e-03 6.0203e-03 2.3251e-21
 4.624e+01 2.7586e-04 6.0237e-03 6.0203e-03 1.9746e-21
 4.635e+01 2.6579e-04 6.0236e-03 6.0204e-03 1.6769e-21
 4.647e+01 2.5609e-04 6.0235e-03 6.0205e-03 1.4240e-21
 4.658e+01 2.4674e-04 6.0235e-03 6.0205e-03 1.2093e-21
 4.669e+01 2.3774e-04 6.0234e-03 6.0206e-03 1.0269e-21
 4.681e+01 2.2906e-04 6.0234e-03 6.0206e-03 8.7203e-22
 4.692e+01 2.2070e-04 6.0233e-03 6.0207e-03 7.4050e-22
 4.703e+01 2.1264e-04 6.0233e-03 6.0207e-03 6.2880e-22
 4.715e+01 2.0488e-04 6.0232e-03 6.0208e-03 5.3394e-22
 4.726e+01 1.9740e-04 6.0232e-03 6.0208e-03 4.5338e-22
 4.737e+01 1.9020e-04 6.0231e-03 6.0209e-03 3.8497e-22
 4.749e+01 1.8326e-04 6.0231e-03 6.0209e-03 3.2688e-22
 4.760e+01 1.7657e-04 6.0231e-03 6.0209e-03 2.7755e-22
 4.771e+01 1.7012e-04 6.0230e-03 6.0210e-03 2.3566e-22
 4.783e+01 1.6391e-04 6.0230e-03 6.0210e-03 2.0009e-22
 4.794e+01 1.5793e-04 6.0230e-03 6.0210e-03 1.6988e-22
 4.805e+01 1.5216e-04 6.0229e-03 6.0211e-03 1.4424e-22
 4.817e+01 1.4661e-04 6.0229e-03 6.0211e-03 1.2246e-22
 4.828e+01 1.4126e-04 6.0229e-03 6.0211e-03 1.0397e-22
 4.839e+01 1.3610e-04 6.0228e-03 6.0212e-03 8.8267e-23
 4.851e+01 1.3114e-04 6.0228e-03 6.0212e-03 7.4937e-23
 4.862e+01 1.2635e-04 6.0228e-03 6.0212e-03 6.3618e-23
 4.873e+01 1.2174e-04 6.0227e-03 6.0213e-03 5.4008e-23
 4.885e+01 1.1729e-04 6.0227e-03 6.0213e-03 4.5849e-23
 4.896e+01 1.1301e-04 6.0227e-03 6.0213e-03 3.8922e-23
 4.907e+01 1.0889e-04 6.0227e-03 6.0213e-03 3.3041e-23
 4.919e+01 1.0491e-04 6.0226e-03 6.0214e-03 2.8048e-23
 4.930e+01 1.0108e-04 6.0226e-03 6.0214e-03 2.3809e-23
 4.941e+01 9.7394e-05 6.0226e-03 6.0214e-03 2.0211e-23
 4.953e+01 9.3839e-05 6.0226e-03 6.0214e-03 1.7156e-23
 4.964e+01 9.0414e-05 6.0225e-03 6.0215e-03 1.4562e-23
 4.975e+01 8.7114e-05 6.0225e-03 6.0215e-03 1.2360e-23
 4.987e+01 8.3934e-05 6.0225e-03 6.0215e-03 1.0492e-23
 4.998e+01 8.0870e-05 6.0225e-03 6.0215e-03 8.9050e-24
 5.009e+01 7.7918e-05 6.0225e-03 6.0215e-03 7.5583e-24
 5.021e+01 7.5074e-05 6.0225e-03 6.0215e-03 6.4151e-24
 5.032e+01 7.2334e-05 6.0224e-03 6.0216e-03 5.4447e-24
 5.043e+01 6.9694e-05 6.0224e-03 6.0216e-03 4.6210e-24
 5.055e+01 6.7150e-05 6.0224e-03 6.0216e-03 3.9218e-24
 5.066e+01 6.4699e-05 6.0224e-03 6.0216e-03 3.3284e-24
 5.077e+01 6.2337e-05 6.0224e-03 6.0216e-03 2.8247e-24
 5.089e+01 6.0062e-05 6.0224e-03 6.0216e-03 2.3972e-24
 5.100e+01 5.7870e-05 6.0223e-03 6.0217e-03 2.0344e-24
 5.111e+01 5.5757e-05 6.0223e-03 6.0217e-03 1.7264e-24
 5.123e+01 5.3722e-05 6.0223e-03 6.0217e-03 1.4650e-24
 5.134e+01 5.1761e-05 6.0223e-03 6.0217e-03 1.2432e-24
 5.145e+01 4.9872e-05 6.0223e-03 6.0217e-03 1.0550e-24
 5.157e+01 4.8052e-05 6.0223e-03 6.0217e-03 8.9518e-25
 5.168e+01 4.6298e-05 6.0223e-03 6.0217e-03 7.5960e-25
 5.179e+01 4.4608e-05 6.0223e-03 6.0217e-03 6.4453e-25
 5.191e+01 4.2980e-05 6.0223e-03 6.0217e-03 5.4689e-25
 5.202e+01 4.1411e-05 6.0222e-03 6.0218e-03 4.6403e-25
 5.213e+01 3.9899e-05 6.0222e-03 6.0218e-03 3.9371e-25
 5.225e+01 3.8443e-05 6.0222e-03 6.0218e-03 3.3405e-25
 5.236e+01 3.7040e-05 6.0222e-03 6.0218e-03 2.8342e-25
 5.247e+01 3.5688e-05 6.0222e-03 6.0218e-03 2.4046e-25
 5.259e+01 3.4385e-05 6.0222e-03 6.0218e-03 2.0400e-25
 5.270e+01 3.3130e-05 6.0222e-03 6.0218e-03 1.7307e-25
 5.281e+01 3.1921e-05 6.0222e-03 6.0218e-03 1.4683e-25
 5.293e+01 3.0756e-05 6.0222e-03 6.0218e-03 1.2456e-25
 5.304e+01 2.9633e-05 6.0222e-03 6.0218e-03 1.0567e-25
 5.315e+01 2.8551e-05 6.0222e-03 6.0218e-03 8.9640e-26
 5.327e+01 2.7509e-05 6.0222e-03 6.0218e-03 7.6041e-26
 5.338e+01 2.6505e-05 6.0222e-03 6.0218e-03 6.4504e-26
 5.349e+01 2.5538e-05 6.0222e-03 6.0218e-03 5.4716e-26
 5.361e+01 2.4606e-05 6.0221e-03 6.0219e-03 4.6412e-26
 5.372e+01 2.3707e-05 6.0221e-03 6.0219e-03 3.9367e-26
 5.383e+01 2.2842e-05 6.0221e-03 6.0219e-03 3.3391e-26
 5.395e+01 2.2008e-05 6.0221e-03 6.0219e-03 2.8322e-26
 5.406e+01 2.1205e-05 6.0221e-03 6.0219e-03 2.4022e-26
 5.417e+01 2.0431e-05 6.0221e-03 6.0219e-03 2.0374e-26
 5.429e+01 1.9685e-05 6.0221e-03 6.0219e-03 1.7279e-26
 5.440e+01 1.8967e-05 6.0221e-03 6.0219e-03 1.4655e-26
 5.451e+01 1.8274e-05 6.0221e-03 6.0219e-03 1.2429e-26
 5.463e+01 1.7607e-05 6.0221e-03 6.0219e-03 1.0540e-26
 5.474e+01 1.6965e-05 6.0221e-03 6.0219e-03 8.9386e-27
 5.485e+01 1.6346e-05 6.0221e-03 6.0219e-03 7.5802e-27
 5.497e+01 1.5749e-05 6.0221e-03 6.0219e-03 6.4280e-27
 5.508e+01 1.5174e-05 6.0221e-03 6.0219e-03 5.4509e-27
 5.519e+01 1.4620e-05 6.0221e-03 6.0219e-03 4.6222e-27
 5.531e+01 1.4087e-05 6.0221e-03 6.0219e-03 3.9194e-27
 5.542e+01 1.3572e-05 6.0221e-03 6.0219e-03 3.3233e-27
 5.553e+01 1.3077e-05 6.0221e-03 6.0219e-03 2.8179e-27
 5.565e+01 1.2600e-05 6.0221e-03 6.0219e-03 2.3892e-27
 5.576e+01 1.2140e-05 6.0221e-03 6.0219e-03 2.0258e-27
 5.587e+01 1.1697e-05 6.0221e-03 6.0219e-03 1.7175e-27
 5.599e+01 1.1270e-05 6.0221e-03 6.0219e-03 1.4562e-27
 5.610e+01 1.0858e-05 6.0221e-03 6.0219e-03 1.2345e-27
 5.621e+01 1.0462e-05 6.0221e-03 6.0219e-03 1.0466e-27
 5.633e+01 1.0080e-05 6.0221e-03 6.0219e-03 8.8728e-28
 5.644e+01 9.7122e-06 6.0221e-03 6.0219e-03 7.5219e-28
 5.655e+01 9.3577e-06 6.0221e-03 6.0219e-03 6.3764e-28
 5.667e+01 9.0161e-06 6.0221e-03 6.0219e-03 5.4053e-28
 5.678e+01 8.6870e-06 6.0221e-03 6.0219e-03 4.5819e-28
 5.689e+01 8.3699e-06 6.0221e-03 6.0219e-03 3.8839e-28
 5.701e+01 8.0644e-06 6.0220e-03 6.0220e-03 3.2921e-28
 5.712e+01 7.7701e-06 6.0220e-03 6.0220e-03 2.7904e-28
 5.723e+01 7.4864e-06 6.0220e-03 6.0220e-03 2.3651e-28
 5.735e+01 7.2132e-06 6.0220e-03 6.0220e-03 2.0046e-28
 5.746e+01 6.9499e-06 6.0220e-03 6.0220e-03 1.6990e-28
 5.757e+01 6.6962e-06 6.0220e-03 6.0220e-03 1.4399e-28
 5.769e+01 6.4518e-06 6.0220e-03 6.0220e-03 1.2203e-28
 5.780e+01 6.2163e-06 6.0220e-03 6.0220e-03 1.0342e-28
 5.791e+01 5.9894e-06 6.0220e-03 6.0220e-03 8.7645e-29
 5.803e+01 5.7708e-06 6.0220e-03 6.0220e-03 7.4273e-29
 5.814e+01 5.5601e-06 6.0220e-03 6.0220e-03 6.2939e-29
 5.825e+01 5.3572e-06 6.0220e-03 6.0220e-03 5.3334e-29
 5.837e+01 5.1616e-06 6.0220e-03 6.0220e-03 4.5193e-29
 5.848e+01 4.9732e-06 6.0220e-03 6.0220e-03 3.8294e-29
 5.859e+01 4.7917e-06 6.0220e-03 6.0220e-03 3.2447e-29
 5.871e+01 4.6168e-06 6.0220e-03 6.0220e-03 2.7492e-29
 5.882e+01 4.4482e-06 6.0220e-03 6.0220e-03 2.3293e-29
 5.893e+01 4.2859e-06 6.0220e-03 6.0220e-03 1.9735e-29
 5.905e+01 4.1294e-06 6.0220e-03 6.0220e-03 1.6720e-29
 5.916e+01 3.9787e-06 6.0220e-03 6.0220e-03 1.4165e-29
 5.927e+01 3.8335e-06 6.0220e-03 6.0220e-03 1.2000e-29
 5.939e+01 3.6935e-06 6.0220e-03 6.0220e-03 1.0166e-29
 5.950e+01 3.5587e-06 6.0220e-03 6.0220e-03 8.6117e-30
 5.961e+01 3.4288e-06 6.0220e-03 6.0220e-03 7.2949e-30
 5.973e+01 3.3036e-06 6.0220e-03 6.0220e-03 6.1793e-30
 5.984e+01 3.1830e-06 6.0220e-03 6.0220e-03 5.2342e-30
 5.995e+01 3.0668e-06 6.0220e-03 6.0220e-03 4.4335e-30
 6.007e+01 2.9549e-06 6.0220e-03 6.0220e-03 3.7551e-30
 6.018e+01 2.8470e-06 6.0220e-03 6.0220e-03 3.1805e-30
 6.029e+01 2.7431e-06 6.0220e-03 6.0220e-03 2.6937e-30
 6.041e+01 2.6429e-06 6.0220e-03 6.0220e-03 2.2814e-30
 6.052e+01 2.5465e-06 6.0220e-03 6.0220e-03 1.9321e-30
 6.063e+01 2.4535e-06 6.0220e-03 6.0220e-03 1.6362e-30
 6.075e+01 2.3639e-06 6.0220e-03 6.0220e-03 1.3856e-30
 6.086e+01 2.2776e-06 6.0220e-03 6.0220e-03 1.1734e-30
 6.097e+01 2.1945e-06 6.0220e-03 6.0220e-03 9.9359e-31
 6.109e+01 2.1144e-06 6.0220e-03 6.0220e-03 8.4133e-31
 6.120e+01 2.0372e-06 6.0220e-03 6.0220e-03 7.1239e-31
 6.131e+01 1.9628e-06 6.0220e-03 6.0220e-03 6.0319e-31
 6.143e+01 1.8911e-06 6.0220e-03 6.0220e-03 5.1071e-31
 6.154e+01 1.8221e-06 6.0220e-03 6.0220e-03 4.3239e-31
 6.165e+01 1.7555e-06 6.0220e-03 6.0220e-03 3.6608e-31
 6.177e+01 1.6914e-06 6.0220e-03 6.0220e-03 3.0992e-31
 6.188e+01 1.6297e-06 6.0220e-03 6.0220e-03 2.6237e-31
 6.199e+01 1.5702e-06 6.0220e-03 6.0220e-03 2.2211e-31
 6.211e+01 1.5128e-06 6.0220e-03 6.0220e-03 1.8802e-31
 6.222e+01 1.4576e-06 6.0220e-03 6.0220e-03 1.5916e-31
 6.233e+01 1.4044e-06 6.0220e-03 6.0220e-03 1.3472e-31
 6.245e+01 1.3531e-06 6.0220e-03 6.0220e-03 1.1403e-31
 6.256e+01 1.3037e-06 6.0220e-03 6.0220e-03 9.6517e-32
 6.267e+01 1.2561e-06 6.0220e-03 6.0220e-03 8.1690e-32
 6.279e+01 1.2102e-06 6.0220e-03 6.0220e-03 6.9138e-32
 6.290e+01 1.1660e-06 6.0220e-03 6.0220e-03 5.8513e-32
 6.301e+01 1.1234e-06 6.0220e-03 6.0220e-03 4.9519e-32
 6.313e+01 1.0823e-06 6.0220e-03 6.0220e-03 4.1906e-32
 6.324e+01 1.0428e-06 6.0220e-03 6.0220e-03 3.5462e-32
 6.335e+01 1.0047e-06 6.0220e-03 6.0220e-03 3.0008e-32
 6.347e+01 9.6799e-07 6.0220e-03 6.0220e-03 2.5392e-32
 6.358e+01 9.3262e-07 6.0220e-03 6.0220e-03 2.1486e-32
 6.369e+01 8.9854e-07 6.0220e-03 6.0220e-03 1.8179e-32
 6.381e+01 8.6570e-07 6.0220e-03 6.0220e-03 1.5381e-32
 6.392e+01 8.3405e-07 6.0220e-03 6.0220e-03 1.3013e-32
 6.403e+01 8.0356e-07 6.0220e-03 6.0220e-03 1.1010e-32
 6.415e+01 7.7419e-07 6.0220e-03 6.0220e-03 9.3140e-33
 6.426e+01 7.4588e-07 6.0220e-03 6.0220e-03 7.8793e-33
 6.437e+01 7.1860e-07 6.0220e-03 6.0220e-03 6.6653e-33
 6.449e+01 6.9232e-07 6.0220e-03 6.0220e-03 5.6382e-33
 6.460e+01 6.6699e-07 6.0220e-03 6.0220e-03 4.7692e-33
 6.471e+01 6.4259e-07 6.0220e-03 6.0220e-03 4.0339e-33
 6.483e+01 6.1908e-07 6.0220e-03 6.0220e-03 3.4119e-33
 6.494e+01 5.9642e-07 6.0220e-03 6.0220e-03 2.8857e-33
 6.505e+01 5.7459e-07 6.0220e-03 6.0220e-03 2.4406e-33
 6.517e+01 5.5355e-07 6.0220e-03 6.0220e-03 2.0640e-33
 6.528e+01 5.3327e-07 6.0220e-03 6.0220e-03 1.7455e-33
 6.539e+01 5.1374e-07 6.0220e-03 6.0220e-03 1.4761e-33
 6.551e+01 4.9491e-07 6.0220e-03 6.0220e-03 1.2482e-33
 6.562e+01 4.7677e-07 6.0220e-03 6.0220e-03 1.0554e-33
 6.573e+01 4.5929e-07 6.0220e-03 6.0220e-03 8.9242e-34
 6.585e+01 4.4244e-07 6.0220e-03 6.0220e-03 7.5456e-34
 6.596e+01 4.2620e-07 6.0220e-03 6.0220e-03 6.3796e-34
 6.607e+01 4.1056e-07 6.0220e-03 6.0220e-03 5.3936e-34
 6.619e+01 3.9548e-07 6.0220e-03 6.0220e-03 4.5599e-34
 6.630e+01 3.8095e-07 6.0220e-03 6.0220e-03 3.8548e-34
 6.641e+01 3.6694e-07 6.0220e-03 6.0220e-03 3.2587e-34
 6.653e+01 3.5345e-07 6.0220e-03 6.0220e-03 2.7546e-34
 6.664e+01 3.4044e-07 6.0220e-03 6.0220e-03 2.3284e-34
 6.675e+01 3.2790e-07 6.0220e-03 6.0220e-03 1.9681e-34
 6.687e+01 3.1582e-07 6.0220e-03 6.0220e-03 1.6634e-34
 6.698e+01 3.0417e-07 6.0220e-03 6.0220e-03 1.4059e-34
 6.709e+01 2.9294e-07 6.0220e-03 6.0220e-03 1.1882e-34
 6.721e+01 2.8212e-07 6.0220e-03 6.0220e-03 1.0041e-34
 6.732e+01 2.7169e-07 6.0220e-03 6.0220e-03 8.4855e-35
 6.743e+01 2.6163e-07 6.0220e-03 6.0220e-03 7.1705e-35
 6.755e+01 2.5194e-07 6.0220e-03 6.0220e-03 6.0590e-35
 6.766e+01 2.4259e-07 6.0220e-03 6.0220e-03 5.1196e-35
 6.777e+01 2.3358e-07 6.0220e-03 6.0220e-03 4.3257e-35
 6.789e+01 2.2489e-07 6.0220e-03 6.0220e-03 3.6547e-35
 6.800e+01 2.1651e-07 6.0220e-03 6.0220e-03 3.0877e-35
 6.811e+01 2.0844e-07 6.0220e-03 6.0220e-03 2.6085e-35
 6.823e+01 2.0065e-07 6.0220e-03 6.0220e-03 2.2036e-35
 6.834e+01 1.9314e-07 6.0220e-03 6.0220e-03 1.8615e-35
 6.845e+01 1.8589e-07 6.0220e-03 6.0220e-03 1.5724e-35
 6.857e+01 1.7890e-07 6.0220e-03 6.0220e-03 1.3281e-35
 6.868e+01 1.7216e-07 6.0220e-03 6.0220e-03 1.1218e-35
 6.879e+01 1.6566e-07 6.0220e-03 6.0220e-03 9.4742e-36
 6.891e+01 1.5939e-07 6.0220e-03 6.0220e-03 8.0013e-36
 6.902e+01 1.5334e-07 6.0220e-03 6.0220e-03 6.7571e-36
 6.913e+01 1.4750e-07 6.0220e-03 6.0220e-03 5.7061e-36
 6.925e+01 1.4186e-07 6.0220e-03 6.0220e-03 4.8183e-36
 6.936e+01 1.3642e-07 6.0220e-03 6.0220e-03 4.0685e-36
 6.947e+01 1.3117e-07 6.0220e-03 6.0220e-03 3.4351e-36
 6.959e+01 1.2610e-07 6.0220e-03 6.0220e-03 2.9002e-36
 6.970e+01 1.2120e-07 6.0220e-03 6.0220e-03 2.4485e-36
 6.981e+01 1.1647e-07 6.0220e-03 6.0220e-03 2.0669e-36
 6.993e+01 1.1190e-07 6.0220e-03 6.0220e-03 1.7448e-36
 7.004e+01 1.0749e-07 6.0220e-03 6.0220e-03 1.4727e-36
 7.015e+01 1.0323e-07 6.0220e-03 6.0220e-03 1.2430e-36
 7.027e+01 9.9107e-08 6.0220e-03 6.0220e-03 1.0491e-36
 7.038e+01 9.5122e-08 6.0220e-03 6.0220e-03 8.8533e-37
 7.049e+01 9.1269e-08 6.0220e-03 6.0220e-03 7.4708e-37
 7.061e+01 8.7543e-08 6.0220e-03 6.0220e-03 6.3036e-37
 7.072e+01 8.3937e-08 6.0220e-03 6.0220e-03 5.3183e-37
 7.083e+01 8.0448e-08 6.0220e-03 6.0220e-03 4.4866e-37
 7.095e+01 7.7070e-08 6.0220e-03 6.0220e-03 3.7845e-37
 7.106e+01 7.3798e-08 6.0220e-03 6.0220e-03 3.1919e-37
 7.117e+01 7.0628e-08 6.0220e-03 6.0220e-03 2.6917e-37
 7.129e+01 6.7557e-08 6.0220e-03 6.0220e-03 2.2696e-37
 7.140e+01 6.4578e-08 6.0220e-03 6.0220e-03 1.9133e-37
 7.151e+01 6.1689e-08 6.0220e-03 6.0220e-03 1.6127e-37
 7.163e+01 5.8885e-08 6.0220e-03 6.0220e-03 1.3590e-37
 7.174e+01 5.6162e-08 6.0220e-03 6.0220e-03 1.1449e-37
 7.185e+01 5.3518e-08 6.0220e-03 6.0220e-03 9.6423e-38
 7.197e+01 5.0947e-08 6.0220e-03 6.0220e-03 8.1180e-38
 7.208e+01 4.8446e-08 6.0220e-03 6.0220e-03 6.8320e-38
 7.219e+01 4.6013e-08 6.0220e-03 6.0220e-03 5.7469e-38
 7.231e+01 4.3643e-08 6.0220e-03 6.0220e-03 4.8315e-38
 7.242e+01 4.1334e-08 6.0220e-03 6.0220e-03 4.0592e-38
 7.253e+01 3.9082e-08 6.0220e-03 6.0220e-03 3.4076e-38
 7.265e+01 3.6883e-08 6.0220e-03 6.0220e-03 2.8579e-38
 7.276e+01 3.4736e-08 6.0220e-03 6.0220e-03 2.3941e-38
 7.287e+01 3.2637e-08 6.0220e-03 6.0220e-03 2.0028e-38
 7.299e+01 3.0583e-08 6.0220e-03 6.0220e-03 1.6725e-38
 7.310e+01 2.8571e-08 6.0220e-03 6.0220e-03 1.3938e-38
 7.321e+01 2.6599e-08 6.0220e-03 6.0220e-03 1.1584e-38
 7.333e+01 2.4663e-08 6.0220e-03 6.0220e-03 9.5971e-39
 7.344e+01 2.2762e-08 6.0220e-03 6.0220e-03 7.9179e-39
 7.355e+01 2.0892e-08 6.0220e-03 6.0220e-03 6.4982e-39
 7.367e+01 1.9051e-08 6.0220e-03 6.0220e-03 5.2972e-39
 7.378e+01 1.7236e-08 6.0220e-03 6.0220e-03 4.2802e-39
 7.389e+01 1.5445e-08 6.0220e-03 6.0220e-03 3.4184e-39
 7.401e+01 1.3676e-08 6.0220e-03 6.0220e-03 2.6877e-39
 7.412e+01 1.1925e-08 6.0220e-03 6.0220e-03 2.0683e-39
 7.423e+01 1.0191e-08 6.0220e-03 6.0220e-03 1.5443e-39
 7.435e+01 8.4713e-09 6.0220e-03 6.0220e-03 1.1034e-39
 7.446e+01 6.7630e-09 6.0220e-03 6.0220e-03 7.3707e-40
 7.457e+01 5.0641e-09 6.0220e-03 6.0220e-03 4.4071e-40
 7.469e+01 3.3722e-09 6.0220e-03 6.0220e-03 2.1424e-40
 7.480e+01 1.6849e-09 6.0220e-03 6.0220e-03 6.3125e-41
 7.491e+01 4.4466e-323 6.0220e-03 6.0220e-03 0.0000e+00
