 0.000e+00 0.0000e+00 0.0000e+00 [ 0.0000e+00 0.0000e+00 0.0000e+00 0.0000e+00 0.0000e+00 ] 1.0000e+00
 1.133e-01 5.9007e-02 5.9007e-02 [ 5.8731e-02 1.3457e-04 6.6397e-05 6.8493e-05 5.9211e-06 ] 9.4099e-01
 2.267e-01 1.0406e-01 1.0406e-01 [ 1.0297e-01 5.3447e-04 2.6370e-04 2.7199e-04 2.0532e-05 ] 8.9594e-01
 3.400e-01 1.4937e-01 1.4937e-01 [ 1.4696e-01 1.1879e-03 5.8604e-04 6.0330e-04 4.0492e-05 ] 8.5063e-01
 4.533e-01 1.9041e-01 1.9041e-01 [ 1.8620e-01 2.0750e-03 1.0236e-03 1.0508e-03 6.3118e-05 ] 8.0959e-01
 5.667e-01 2.2723e-01 2.2723e-01 [ 2.2081e-01 3.1694e-03 1.5632e-03 1.5992e-03 8.6371e-05 ] 7.7277e-01
 6.800e-01 2.5988e-01 2.5988e-01 [ 2.5091e-01 4.4403e-03 2.1896e-03 2.2311e-03 1.0892e-04 ] 7.4012e-01
 7.933e-01 2.8851e-01 2.8851e-01 [ 2.7671e-01 5.8550e-03 2.8865e-03 2.9278e-03 1.3006e-04 ] 7.1149e-01
 9.067e-01 3.1333e-01 3.1333e-01 [ 2.9849e-01 7.3813e-03 3.6379e-03 3.6714e-03 1.4950e-04 ] 6.8667e-01
 1.020e+00 3.3459e-01 3.3459e-01 [ 3.1656e-01 8.9891e-03 4.4289e-03 4.4451e-03 1.6724e-04 ] 6.6541e-01
 1.133e+00 3.5263e-01 3.5263e-01 [ 3.3131e-01 1.0652e-02 5.2463e-03 5.2346e-03 1.8340e-04 ] 6.4737e-01
 1.247e+00 3.6778e-01 3.6778e-01 [ 3.4313e-01 1.2348e-02 6.0790e-03 6.0281e-03 1.9817e-04 ] 6.3222e-01
 1.360e+00 3.8041e-01 3.8041e-01 [ 3.5241e-01 1.4058e-02 6.9179e-03 6.8161e-03 2.1174e-04 ] 6.1959e-01
 1.473e+00 3.9085e-01 3.9085e-01 [ 3.5951e-01 1.5769e-02 7.7560e-03 7.5916e-03 2.2427e-04 ] 6.0915e-01
 1.587e+00 3.9943e-01 3.9943e-01 [ 3.6478e-01 1.7471e-02 8.5880e-03 8.3495e-03 2.3594e-04 ] 6.0057e-01
 1.700e+00 4.0643e-01 4.0643e-01 [ 3.6853e-01 1.9155e-02 9.4101e-03 9.0862e-03 2.4685e-04 ] 5.9357e-01
 1.813e+00 4.1210e-01 4.1210e-01 [ 3.7101e-01 2.0817e-02 1.0220e-02 9.7998e-03 2.5713e-04 ] 5.8790e-01
 1.927e+00 4.1668e-01 4.1668e-01 [ 3.7245e-01 2.2454e-02 1.1015e-02 1.0489e-02 2.6685e-04 ] 5.8332e-01
 2.040e+00 4.2034e-01 4.2034e-01 [ 3.7305e-01 2.4063e-02 1.1795e-02 1.1153e-02 2.7609e-04 ] 5.7966e-01
 2.153e+00 4.2326e-01 4.2326e-01 [ 3.7297e-01 2.5644e-02 1.2559e-02 1.1793e-02 2.8492e-04 ] 5.7674e-01
 2.267e+00 4.2555e-01 4.2555e-01 [ 3.7235e-01 2.7197e-02 1.3308e-02 1.2408e-02 2.9337e-04 ] 5.7445e-01
 2.380e+00 4.2734e-01 4.2734e-01 [ 3.7128e-01 2.8723e-02 1.4041e-02 1.3001e-02 3.0149e-04 ] 5.7266e-01
 2.493e+00 4.2872e-01 4.2872e-01 [ 3.6986e-01 3.0222e-02 1.4759e-02 1.3570e-02 3.0933e-04 ] 5.7128e-01
 2.607e+00 4.2975e-01 4.2975e-01 [ 3.6816e-01 3.1696e-02 1.5462e-02 1.4119e-02 3.1690e-04 ] 5.7025e-01
 2.720e+00 4.3051e-01 4.3051e-01 [ 3.6625e-01 3.3147e-02 1.6151e-02 1.4648e-02 3.2425e-04 ] 5.6949e-01
 2.833e+00 4.3105e-01 4.3105e-01 [ 3.6416e-01 3.4575e-02 1.6826e-02 1.5157e-02 3.3139e-04 ] 5.6895e-01
 2.947e+00 4.3140e-01 4.3140e-01 [ 3.6194e-01 3.5982e-02 1.7489e-02 1.5649e-02 3.3834e-04 ] 5.6860e-01
 3.060e+00 4.3160e-01 4.3160e-01 [ 3.5963e-01 3.7370e-02 1.8140e-02 1.6123e-02 3.4513e-04 ] 5.6840e-01
 3.173e+00 4.3169e-01 4.3169e-01 [ 3.5723e-01 3.8740e-02 1.8779e-02 1.6583e-02 3.5177e-04 ] 5.6831e-01
 3.287e+00 4.3167e-01 4.3167e-01 [ 3.5478e-01 4.0093e-02 1.9408e-02 1.7027e-02 3.5828e-04 ] 5.6833e-01
 3.400e+00 4.3157e-01 4.3157e-01 [ 3.5229e-01 4.1432e-02 2.0026e-02 1.7458e-02 3.6467e-04 ] 5.6843e-01
 3.513e+00 4.3141e-01 4.3141e-01 [ 3.4977e-01 4.2757e-02 2.0635e-02 1.7877e-02 3.7096e-04 ] 5.6859e-01
 3.627e+00 4.3120e-01 4.3120e-01 [ 3.4724e-01 4.4069e-02 2.1235e-02 1.8284e-02 3.7715e-04 ] 5.6880e-01
 3.740e+00 4.3095e-01 4.3095e-01 [ 3.4469e-01 4.5370e-02 2.1827e-02 1.8680e-02 3.8326e-04 ] 5.6905e-01
 3.853e+00 4.3067e-01 4.3067e-01 [ 3.4214e-01 4.6661e-02 2.2410e-02 1.9066e-02 3.8930e-04 ] 5.6933e-01
 3.967e+00 4.3036e-01 4.3036e-01 [ 3.3959e-01 4.7942e-02 2.2987e-02 1.9443e-02 3.9527e-04 ] 5.6964e-01
 4.080e+00 4.3003e-01 4.3003e-01 [ 3.3704e-01 4.9216e-02 2.3557e-02 1.9811e-02 4.0118e-04 ] 5.6997e-01
 4.193e+00 4.2969e-01 4.2969e-01 [ 3.3451e-01 5.0482e-02 2.4120e-02 2.0172e-02 4.0705e-04 ] 5.7031e-01
 4.307e+00 4.2933e-01 4.2933e-01 [ 3.3198e-01 5.1742e-02 2.4678e-02 2.0525e-02 4.1287e-04 ] 5.7067e-01
 4.420e+00 4.2897e-01 4.2897e-01 [ 3.2946e-01 5.2997e-02 2.5230e-02 2.0872e-02 4.1865e-04 ] 5.7103e-01
 4.533e+00 4.2861e-01 4.2861e-01 [ 3.2695e-01 5.4246e-02 2.5777e-02 2.1213e-02 4.2441e-04 ] 5.7139e-01
 4.647e+00 4.2824e-01 4.2824e-01 [ 3.2445e-01 5.5491e-02 2.6319e-02 2.1549e-02 4.3014e-04 ] 5.7176e-01
 4.760e+00 4.2787e-01 4.2787e-01 [ 3.2196e-01 5.6733e-02 2.6856e-02 2.1880e-02 4.3585e-04 ] 5.7213e-01
 4.873e+00 4.2750e-01 4.2750e-01 [ 3.1949e-01 5.7972e-02 2.7390e-02 2.2207e-02 4.4154e-04 ] 5.7250e-01
 4.987e+00 4.2713e-01 4.2713e-01 [ 3.1703e-01 5.9208e-02 2.7920e-02 2.2530e-02 4.4722e-04 ] 5.7287e-01
 5.100e+00 4.2677e-01 4.2677e-01 [ 3.1458e-01 6.0442e-02 2.8446e-02 2.2849e-02 4.5289e-04 ] 5.7323e-01
 5.213e+00 4.2640e-01 4.2640e-01 [ 3.1214e-01 6.1675e-02 2.8970e-02 2.3165e-02 4.5855e-04 ] 5.7360e-01
 5.327e+00 4.2604e-01 4.2604e-01 [ 3.0971e-01 6.2906e-02 2.9490e-02 2.3479e-02 4.6421e-04 ] 5.7396e-01
 5.440e+00 4.2569e-01 4.2569e-01 [ 3.0728e-01 6.4137e-02 3.0008e-02 2.3790e-02 4.6987e-04 ] 5.7431e-01
 5.553e+00 4.2534e-01 4.2534e-01 [ 3.0487e-01 6.5367e-02 3.0523e-02 2.4099e-02 4.7554e-04 ] 5.7466e-01
 5.667e+00 4.2499e-01 4.2499e-01 [ 3.0247e-01 6.6597e-02 3.1036e-02 2.4406e-02 4.8120e-04 ] 5.7501e-01
 5.780e+00 4.2465e-01 4.2465e-01 [ 3.0007e-01 6.7826e-02 3.1547e-02 2.4712e-02 4.8688e-04 ] 5.7535e-01
 5.893e+00 4.2431e-01 4.2431e-01 [ 2.9769e-01 6.9056e-02 3.2056e-02 2.5016e-02 4.9256e-04 ] 5.7569e-01
 6.007e+00 4.2397e-01 4.2397e-01 [ 2.9530e-01 7.0286e-02 3.2563e-02 2.5320e-02 4.9826e-04 ] 5.7603e-01
 6.120e+00 4.2364e-01 4.2364e-01 [ 2.9293e-01 7.1517e-02 3.3069e-02 2.5623e-02 5.0396e-04 ] 5.7636e-01
 6.233e+00 4.2332e-01 4.2332e-01 [ 2.9056e-01 7.2748e-02 3.3574e-02 2.5925e-02 5.0968e-04 ] 5.7668e-01
 6.347e+00 4.2299e-01 4.2299e-01 [ 2.8819e-01 7.3980e-02 3.4078e-02 2.6227e-02 5.1541e-04 ] 5.7701e-01
 6.460e+00 4.2267e-01 4.2267e-01 [ 2.8583e-01 7.5212e-02 3.4580e-02 2.6529e-02 5.2116e-04 ] 5.7733e-01
 6.573e+00 4.2236e-01 4.2236e-01 [ 2.8347e-01 7.6446e-02 3.5082e-02 2.6831e-02 5.2693e-04 ] 5.7764e-01
 6.687e+00 4.2205e-01 4.2205e-01 [ 2.8112e-01 7.7680e-02 3.5583e-02 2.7133e-02 5.3271e-04 ] 5.7795e-01
 6.800e+00 4.2174e-01 4.2174e-01 [ 2.7877e-01 7.8915e-02 3.6083e-02 2.7436e-02 5.3852e-04 ] 5.7826e-01
 6.913e+00 4.2143e-01 4.2143e-01 [ 2.7642e-01 8.0150e-02 3.6583e-02 2.7738e-02 5.4434e-04 ] 5.7857e-01
 7.027e+00 4.2113e-01 4.2113e-01 [ 2.7407e-01 8.1387e-02 3.7082e-02 2.8041e-02 5.5018e-04 ] 5.7887e-01
 7.140e+00 4.2083e-01 4.2083e-01 [ 2.7173e-01 8.2624e-02 3.7581e-02 2.8345e-02 5.5604e-04 ] 5.7917e-01
 7.253e+00 4.2054e-01 4.2054e-01 [ 2.6938e-01 8.3861e-02 3.8080e-02 2.8650e-02 5.6192e-04 ] 5.7946e-01
 7.367e+00 4.2024e-01 4.2024e-01 [ 2.6704e-01 8.5100e-02 3.8578e-02 2.8955e-02 5.6783e-04 ] 5.7976e-01
 7.480e+00 4.1995e-01 4.1995e-01 [ 2.6470e-01 8.6338e-02 3.9077e-02 2.9262e-02 5.7375e-04 ] 5.8005e-01
 7.593e+00 4.1966e-01 4.1966e-01 [ 2.6236e-01 8.7577e-02 3.9576e-02 2.9569e-02 5.7970e-04 ] 5.8034e-01
 7.707e+00 4.1937e-01 4.1937e-01 [ 2.6002e-01 8.8817e-02 4.0074e-02 2.9877e-02 5.8567e-04 ] 5.8063e-01
 7.820e+00 4.1909e-01 4.1909e-01 [ 2.5768e-01 9.0056e-02 4.0573e-02 3.0186e-02 5.9165e-04 ] 5.8091e-01
 7.933e+00 4.1880e-01 4.1880e-01 [ 2.5534e-01 9.1296e-02 4.1072e-02 3.0496e-02 5.9767e-04 ] 5.8120e-01
 8.047e+00 4.1852e-01 4.1852e-01 [ 2.5300e-01 9.2535e-02 4.1571e-02 3.0808e-02 6.0370e-04 ] 5.8148e-01
 8.160e+00 4.1823e-01 4.1823e-01 [ 2.5066e-01 9.3774e-02 4.2071e-02 3.1121e-02 6.0976e-04 ] 5.8177e-01
 8.273e+00 4.1795e-01 4.1795e-01 [ 2.4832e-01 9.5012e-02 4.2571e-02 3.1434e-02 6.1583e-04 ] 5.8205e-01
 8.387e+00 4.1767e-01 4.1767e-01 [ 2.4598e-01 9.6250e-02 4.3071e-02 3.1749e-02 6.2193e-04 ] 5.8233e-01
 8.500e+00 4.1739e-01 4.1739e-01 [ 2.4364e-01 9.7488e-02 4.3572e-02 3.2066e-02 6.2806e-04 ] 5.8261e-01
 8.613e+00 4.1711e-01 4.1711e-01 [ 2.4130e-01 9.8724e-02 4.4073e-02 3.2383e-02 6.3420e-04 ] 5.8289e-01
 8.727e+00 4.1683e-01 4.1683e-01 [ 2.3896e-01 9.9959e-02 4.4575e-02 3.2702e-02 6.4036e-04 ] 5.8317e-01
 8.840e+00 4.1655e-01 4.1655e-01 [ 2.3661e-01 1.0119e-01 4.5077e-02 3.3022e-02 6.4655e-04 ] 5.8345e-01
 8.953e+00 4.1627e-01 4.1627e-01 [ 2.3427e-01 1.0243e-01 4.5580e-02 3.3343e-02 6.5276e-04 ] 5.8373e-01
 9.067e+00 4.1599e-01 4.1599e-01 [ 2.3193e-01 1.0366e-01 4.6083e-02 3.3666e-02 6.5898e-04 ] 5.8401e-01
 9.180e+00 4.1572e-01 4.1572e-01 [ 2.2959e-01 1.0488e-01 4.6587e-02 3.3990e-02 6.6523e-04 ] 5.8428e-01
 9.293e+00 4.1544e-01 4.1544e-01 [ 2.2725e-01 1.0611e-01 4.7092e-02 3.4315e-02 6.7150e-04 ] 5.8456e-01
 9.407e+00 4.1516e-01 4.1516e-01 [ 2.2490e-01 1.0734e-01 4.7597e-02 3.4641e-02 6.7779e-04 ] 5.8484e-01
 9.520e+00 4.1488e-01 4.1488e-01 [ 2.2256e-01 1.0856e-01 4.8103e-02 3.4969e-02 6.8410e-04 ] 5.8512e-01
 9.633e+00 4.1460e-01 4.1460e-01 [ 2.2022e-01 1.0978e-01 4.8609e-02 3.5297e-02 6.9043e-04 ] 5.8540e-01
 9.747e+00 4.1432e-01 4.1432e-01 [ 2.1788e-01 1.1099e-01 4.9116e-02 3.5627e-02 6.9677e-04 ] 5.8568e-01
 9.860e+00 4.1403e-01 4.1403e-01 [ 2.1554e-01 1.1221e-01 4.9624e-02 3.5958e-02 7.0314e-04 ] 5.8597e-01
 9.973e+00 4.1375e-01 4.1375e-01 [ 2.1320e-01 1.1342e-01 5.0132e-02 3.6290e-02 7.0952e-04 ] 5.8625e-01
 1.009e+01 4.1347e-01 4.1347e-01 [ 2.1086e-01 1.1463e-01 5.0641e-02 3.6624e-02 7.1592e-04 ] 5.8653e-01
 1.020e+01 4.1318e-01 4.1318e-01 [ 2.0852e-01 1.1583e-01 5.1151e-02 3.6958e-02 7.2234e-04 ] 5.8682e-01
 1.031e+01 4.1290e-01 4.1290e-01 [ 2.0619e-01 1.1703e-01 5.1661e-02 3.7293e-02 7.2878e-04 ] 5.8710e-01
 1.043e+01 4.1261e-01 4.1261e-01 [ 2.0385e-01 1.1822e-01 5.2172e-02 3.7630e-02 7.3523e-04 ] 5.8739e-01
 1.054e+01 4.1232e-01 4.1232e-01 [ 2.0152e-01 1.1941e-01 5.2683e-02 3.7967e-02 7.4170e-04 ] 5.8768e-01
 1.065e+01 4.1203e-01 4.1203e-01 [ 1.9918e-01 1.2060e-01 5.3195e-02 3.8306e-02 7.4819e-04 ] 5.8797e-01
 1.077e+01 4.1174e-01 4.1174e-01 [ 1.9685e-01 1.2178e-01 5.3708e-02 3.8646e-02 7.5469e-04 ] 5.8826e-01
 1.088e+01 4.1145e-01 4.1145e-01 [ 1.9453e-01 1.2296e-01 5.4221e-02 3.8986e-02 7.6121e-04 ] 5.8855e-01
 1.099e+01 4.1116e-01 4.1116e-01 [ 1.9220e-01 1.2413e-01 5.4735e-02 3.9327e-02 7.6774e-04 ] 5.8884e-01
 1.111e+01 4.1086e-01 4.1086e-01 [ 1.8988e-01 1.2530e-01 5.5249e-02 3.9670e-02 7.7429e-04 ] 5.8914e-01
 1.122e+01 4.1057e-01 4.1057e-01 [ 1.8755e-01 1.2646e-01 5.5764e-02 4.0013e-02 7.8085e-04 ] 5.8943e-01
 1.133e+01 4.1027e-01 4.1027e-01 [ 1.8524e-01 1.2761e-01 5.6279e-02 4.0357e-02 7.8742e-04 ] 5.8973e-01
 1.145e+01 4.0997e-01 4.0997e-01 [ 1.8292e-01 1.2876e-01 5.6795e-02 4.0701e-02 7.9401e-04 ] 5.9003e-01
 1.156e+01 4.0967e-01 4.0967e-01 [ 1.8061e-01 1.2990e-01 5.7311e-02 4.1047e-02 8.0061e-04 ] 5.9033e-01
 1.167e+01 4.0937e-01 4.0937e-01 [ 1.7830e-01 1.3104e-01 5.7827e-02 4.1393e-02 8.0723e-04 ] 5.9063e-01
 1.179e+01 4.0906e-01 4.0906e-01 [ 1.7600e-01 1.3217e-01 5.8344e-02 4.1740e-02 8.1385e-04 ] 5.9094e-01
 1.190e+01 4.0876e-01 4.0876e-01 [ 1.7370e-01 1.3329e-01 5.8862e-02 4.2088e-02 8.2049e-04 ] 5.9124e-01
 1.201e+01 4.0845e-01 4.0845e-01 [ 1.7140e-01 1.3440e-01 5.9379e-02 4.2436e-02 8.2714e-04 ] 5.9155e-01
 1.213e+01 4.0814e-01 4.0814e-01 [ 1.6911e-01 1.3551e-01 5.9897e-02 4.2786e-02 8.3381e-04 ] 5.9186e-01
 1.224e+01 4.0783e-01 4.0783e-01 [ 1.6683e-01 1.3661e-01 6.0415e-02 4.3135e-02 8.4048e-04 ] 5.9217e-01
 1.235e+01 4.0751e-01 4.0751e-01 [ 1.6454e-01 1.3770e-01 6.0934e-02 4.3485e-02 8.4716e-04 ] 5.9249e-01
 1.247e+01 4.0720e-01 4.0720e-01 [ 1.6227e-01 1.3878e-01 6.1453e-02 4.3836e-02 8.5385e-04 ] 5.9280e-01
 1.258e+01 4.0688e-01 4.0688e-01 [ 1.6000e-01 1.3986e-01 6.1972e-02 4.4188e-02 8.6056e-04 ] 5.9312e-01
 1.269e+01 4.0656e-01 4.0656e-01 [ 1.5773e-01 1.4093e-01 6.2491e-02 4.4539e-02 8.6727e-04 ] 5.9344e-01
 1.281e+01 4.0624e-01 4.0624e-01 [ 1.5548e-01 1.4198e-01 6.3010e-02 4.4892e-02 8.7399e-04 ] 5.9376e-01
 1.292e+01 4.0591e-01 4.0591e-01 [ 1.5322e-01 1.4303e-01 6.3530e-02 4.5245e-02 8.8072e-04 ] 5.9409e-01
 1.303e+01 4.0558e-01 4.0558e-01 [ 1.5098e-01 1.4407e-01 6.4049e-02 4.5598e-02 8.8746e-04 ] 5.9442e-01
 1.315e+01 4.0526e-01 4.0526e-01 [ 1.4874e-01 1.4510e-01 6.4569e-02 4.5952e-02 8.9421e-04 ] 5.9474e-01
 1.326e+01 4.0492e-01 4.0492e-01 [ 1.4651e-01 1.4612e-01 6.5089e-02 4.6306e-02 9.0096e-04 ] 5.9508e-01
 1.337e+01 4.0459e-01 4.0459e-01 [ 1.4429e-01 1.4713e-01 6.5608e-02 4.6660e-02 9.0773e-04 ] 5.9541e-01
 1.349e+01 4.0426e-01 4.0426e-01 [ 1.4207e-01 1.4813e-01 6.6128e-02 4.7015e-02 9.1450e-04 ] 5.9574e-01
 1.360e+01 4.0392e-01 4.0392e-01 [ 1.3987e-01 1.4911e-01 6.6648e-02 4.7370e-02 9.2127e-04 ] 5.9608e-01
 1.371e+01 4.0358e-01 4.0358e-01 [ 1.3767e-01 1.5009e-01 6.7167e-02 4.7726e-02 9.2806e-04 ] 5.9642e-01
 1.383e+01 4.0324e-01 4.0324e-01 [ 1.3548e-01 1.5106e-01 6.7687e-02 4.8081e-02 9.3485e-04 ] 5.9676e-01
 1.394e+01 4.0289e-01 4.0289e-01 [ 1.3330e-01 1.5201e-01 6.8206e-02 4.8437e-02 9.4164e-04 ] 5.9711e-01
 1.405e+01 4.0254e-01 4.0254e-01 [ 1.3113e-01 1.5295e-01 6.8725e-02 4.8794e-02 9.4844e-04 ] 5.9746e-01
 1.417e+01 4.0219e-01 4.0219e-01 [ 1.2896e-01 1.5388e-01 6.9244e-02 4.9150e-02 9.5525e-04 ] 5.9781e-01
 1.428e+01 4.0184e-01 4.0184e-01 [ 1.2681e-01 1.5480e-01 6.9763e-02 4.9507e-02 9.6206e-04 ] 5.9816e-01
 1.439e+01 4.0149e-01 4.0149e-01 [ 1.2467e-01 1.5570e-01 7.0281e-02 4.9864e-02 9.6888e-04 ] 5.9851e-01
 1.451e+01 4.0113e-01 4.0113e-01 [ 1.2254e-01 1.5659e-01 7.0799e-02 5.0221e-02 9.7570e-04 ] 5.9887e-01
 1.462e+01 4.0077e-01 4.0077e-01 [ 1.2042e-01 1.5747e-01 7.1317e-02 5.0579e-02 9.8252e-04 ] 5.9923e-01
 1.473e+01 4.0041e-01 4.0041e-01 [ 1.1831e-01 1.5834e-01 7.1835e-02 5.0936e-02 9.8935e-04 ] 5.9959e-01
 1.485e+01 4.0004e-01 4.0004e-01 [ 1.1621e-01 1.5919e-01 7.2352e-02 5.1294e-02 9.9619e-04 ] 5.9996e-01
 1.496e+01 3.9968e-01 3.9968e-01 [ 1.1413e-01 1.6003e-01 7.2869e-02 5.1651e-02 1.0030e-03 ] 6.0032e-01
 1.507e+01 3.9931e-01 3.9931e-01 [ 1.1205e-01 1.6085e-01 7.3385e-02 5.2009e-02 1.0099e-03 ] 6.0069e-01
 1.519e+01 3.9893e-01 3.9893e-01 [ 1.0999e-01 1.6166e-01 7.3901e-02 5.2367e-02 1.0167e-03 ] 6.0107e-01
 1.530e+01 3.9856e-01 3.9856e-01 [ 1.0795e-01 1.6245e-01 7.4417e-02 5.2725e-02 1.0235e-03 ] 6.0144e-01
 1.541e+01 3.9818e-01 3.9818e-01 [ 1.0591e-01 1.6322e-01 7.4932e-02 5.3083e-02 1.0304e-03 ] 6.0182e-01
 1.553e+01 3.9780e-01 3.9780e-01 [ 1.0389e-01 1.6399e-01 7.5446e-02 5.3441e-02 1.0372e-03 ] 6.0220e-01
 1.564e+01 3.9742e-01 3.9742e-01 [ 1.0188e-01 1.6473e-01 7.5960e-02 5.3799e-02 1.0441e-03 ] 6.0258e-01
 1.575e+01 3.9703e-01 3.9703e-01 [ 9.9891e-02 1.6546e-01 7.6473e-02 5.4158e-02 1.0509e-03 ] 6.0297e-01
 1.587e+01 3.9664e-01 3.9664e-01 [ 9.7913e-02 1.6617e-01 7.6986e-02 5.4516e-02 1.0578e-03 ] 6.0336e-01
 1.598e+01 3.9625e-01 3.9625e-01 [ 9.5949e-02 1.6687e-01 7.7498e-02 5.4874e-02 1.0647e-03 ] 6.0375e-01
 1.609e+01 3.9586e-01 3.9586e-01 [ 9.4001e-02 1.6755e-01 7.8009e-02 5.5232e-02 1.0715e-03 ] 6.0414e-01
 1.621e+01 3.9546e-01 3.9546e-01 [ 9.2069e-02 1.6821e-01 7.8520e-02 5.5590e-02 1.0784e-03 ] 6.0454e-01
 1.632e+01 3.9506e-01 3.9506e-01 [ 9.0152e-02 1.6885e-01 7.9030e-02 5.5948e-02 1.0852e-03 ] 6.0494e-01
 1.643e+01 3.9466e-01 3.9466e-01 [ 8.8252e-02 1.6947e-01 7.9539e-02 5.6306e-02 1.0921e-03 ] 6.0534e-01
 1.655e+01 3.9426e-01 3.9426e-01 [ 8.6368e-02 1.7008e-01 8.0047e-02 5.6664e-02 1.0989e-03 ] 6.0574e-01
 1.666e+01 3.9385e-01 3.9385e-01 [ 8.4501e-02 1.7067e-01 8.0555e-02 5.7022e-02 1.1058e-03 ] 6.0615e-01
 1.677e+01 3.9344e-01 3.9344e-01 [ 8.2651e-02 1.7124e-01 8.1061e-02 5.7379e-02 1.1127e-03 ] 6.0656e-01
 1.689e+01 3.9303e-01 3.9303e-01 [ 8.0819e-02 1.7179e-01 8.1567e-02 5.7737e-02 1.1195e-03 ] 6.0697e-01
 1.700e+01 3.9261e-01 3.9261e-01 [ 7.9005e-02 1.7231e-01 8.2072e-02 5.8094e-02 1.1264e-03 ] 6.0739e-01
 1.711e+01 3.9219e-01 3.9219e-01 [ 7.7209e-02 1.7282e-01 8.2577e-02 5.8452e-02 1.1332e-03 ] 6.0781e-01
 1.723e+01 3.9177e-01 3.9177e-01 [ 7.5431e-02 1.7331e-01 8.3080e-02 5.8809e-02 1.1401e-03 ] 6.0823e-01
 1.734e+01 3.9135e-01 3.9135e-01 [ 7.3672e-02 1.7378e-01 8.3582e-02 5.9166e-02 1.1469e-03 ] 6.0865e-01
 1.745e+01 3.9092e-01 3.9092e-01 [ 7.1933e-02 1.7423e-01 8.4083e-02 5.9523e-02 1.1538e-03 ] 6.0908e-01
 1.757e+01 3.9049e-01 3.9049e-01 [ 7.0213e-02 1.7466e-01 8.4583e-02 5.9879e-02 1.1606e-03 ] 6.0951e-01
 1.768e+01 3.9006e-01 3.9006e-01 [ 6.8512e-02 1.7506e-01 8.5083e-02 6.0236e-02 1.1675e-03 ] 6.0994e-01
 1.779e+01 3.8962e-01 3.8962e-01 [ 6.6832e-02 1.7544e-01 8.5581e-02 6.0592e-02 1.1743e-03 ] 6.1038e-01
 1.791e+01 3.8919e-01 3.8919e-01 [ 6.5172e-02 1.7581e-01 8.6078e-02 6.0948e-02 1.1811e-03 ] 6.1081e-01
 1.802e+01 3.8874e-01 3.8874e-01 [ 6.3533e-02 1.7615e-01 8.6574e-02 6.1304e-02 1.1880e-03 ] 6.1126e-01
 1.813e+01 3.8830e-01 3.8830e-01 [ 6.1914e-02 1.7646e-01 8.7069e-02 6.1659e-02 1.1948e-03 ] 6.1170e-01
 1.825e+01 3.8785e-01 3.8785e-01 [ 6.0317e-02 1.7676e-01 8.7562e-02 6.2015e-02 1.2016e-03 ] 6.1215e-01
 1.836e+01 3.8740e-01 3.8740e-01 [ 5.8741e-02 1.7703e-01 8.8055e-02 6.2370e-02 1.2084e-03 ] 6.1260e-01
 1.847e+01 3.8695e-01 3.8695e-01 [ 5.7186e-02 1.7728e-01 8.8546e-02 6.2724e-02 1.2153e-03 ] 6.1305e-01
 1.859e+01 3.8649e-01 3.8649e-01 [ 5.5654e-02 1.7750e-01 8.9036e-02 6.3079e-02 1.2221e-03 ] 6.1351e-01
 1.870e+01 3.8603e-01 3.8603e-01 [ 5.4143e-02 1.7770e-01 8.9525e-02 6.3433e-02 1.2289e-03 ] 6.1397e-01
 1.881e+01 3.8557e-01 3.8557e-01 [ 5.2655e-02 1.7788e-01 9.0012e-02 6.3787e-02 1.2357e-03 ] 6.1443e-01
 1.893e+01 3.8511e-01 3.8511e-01 [ 5.1190e-02 1.7804e-01 9.0498e-02 6.4140e-02 1.2425e-03 ] 6.1489e-01
 1.904e+01 3.8464e-01 3.8464e-01 [ 4.9747e-02 1.7817e-01 9.0983e-02 6.4493e-02 1.2493e-03 ] 6.1536e-01
 1.915e+01 3.8417e-01 3.8417e-01 [ 4.8327e-02 1.7827e-01 9.1466e-02 6.4846e-02 1.2561e-03 ] 6.1583e-01
 1.927e+01 3.8369e-01 3.8369e-01 [ 4.6930e-02 1.7836e-01 9.1948e-02 6.5199e-02 1.2629e-03 ] 6.1631e-01
 1.938e+01 3.8322e-01 3.8322e-01 [ 4.5556e-02 1.7841e-01 9.2429e-02 6.5551e-02 1.2697e-03 ] 6.1678e-01
 1.949e+01 3.8274e-01 3.8274e-01 [ 4.4206e-02 1.7845e-01 9.2908e-02 6.5903e-02 1.2764e-03 ] 6.1726e-01
 1.961e+01 3.8226e-01 3.8226e-01 [ 4.2879e-02 1.7845e-01 9.3385e-02 6.6254e-02 1.2832e-03 ] 6.1774e-01
 1.972e+01 3.8177e-01 3.8177e-01 [ 4.1576e-02 1.7844e-01 9.3862e-02 6.6605e-02 1.2900e-03 ] 6.1823e-01
 1.983e+01 3.8128e-01 3.8128e-01 [ 4.0296e-02 1.7840e-01 9.4336e-02 6.6955e-02 1.2967e-03 ] 6.1872e-01
 1.995e+01 3.8079e-01 3.8079e-01 [ 3.9041e-02 1.7833e-01 9.4809e-02 6.7306e-02 1.3035e-03 ] 6.1921e-01
 2.006e+01 3.8029e-01 3.8029e-01 [ 3.7809e-02 1.7824e-01 9.5281e-02 6.7655e-02 1.3102e-03 ] 6.1971e-01
 2.017e+01 3.7979e-01 3.7979e-01 [ 3.6601e-02 1.7812e-01 9.5750e-02 6.8005e-02 1.3170e-03 ] 6.2021e-01
 2.029e+01 3.7929e-01 3.7929e-01 [ 3.5417e-02 1.7798e-01 9.6218e-02 6.8353e-02 1.3237e-03 ] 6.2071e-01
 2.040e+01 3.7879e-01 3.7879e-01 [ 3.4258e-02 1.7781e-01 9.6685e-02 6.8702e-02 1.3304e-03 ] 6.2121e-01
 2.051e+01 3.7828e-01 3.7828e-01 [ 3.3122e-02 1.7762e-01 9.7150e-02 6.9050e-02 1.3371e-03 ] 6.2172e-01
 2.063e+01 3.7777e-01 3.7777e-01 [ 3.2010e-02 1.7741e-01 9.7613e-02 6.9397e-02 1.3438e-03 ] 6.2223e-01
 2.074e+01 3.7726e-01 3.7726e-01 [ 3.0923e-02 1.7717e-01 9.8074e-02 6.9744e-02 1.3505e-03 ] 6.2274e-01
 2.085e+01 3.7674e-01 3.7674e-01 [ 2.9859e-02 1.7690e-01 9.8534e-02 7.0090e-02 1.3572e-03 ] 6.2326e-01
 2.097e+01 3.7622e-01 3.7622e-01 [ 2.8819e-02 1.7661e-01 9.8991e-02 7.0436e-02 1.3639e-03 ] 6.2378e-01
 2.108e+01 3.7570e-01 3.7570e-01 [ 2.7804e-02 1.7630e-01 9.9447e-02 7.0781e-02 1.3706e-03 ] 6.2430e-01
 2.119e+01 3.7517e-01 3.7517e-01 [ 2.6812e-02 1.7596e-01 9.9901e-02 7.1126e-02 1.3772e-03 ] 6.2483e-01
 2.131e+01 3.7464e-01 3.7464e-01 [ 2.5844e-02 1.7559e-01 1.0035e-01 7.1470e-02 1.3839e-03 ] 6.2536e-01
 2.142e+01 3.7411e-01 3.7411e-01 [ 2.4899e-02 1.7520e-01 1.0080e-01 7.1814e-02 1.3905e-03 ] 6.2589e-01
 2.153e+01 3.7357e-01 3.7357e-01 [ 2.3978e-02 1.7479e-01 1.0125e-01 7.2157e-02 1.3972e-03 ] 6.2643e-01
 2.165e+01 3.7303e-01 3.7303e-01 [ 2.3080e-02 1.7435e-01 1.0170e-01 7.2499e-02 1.4038e-03 ] 6.2697e-01
 2.176e+01 3.7249e-01 3.7249e-01 [ 2.2206e-02 1.7389e-01 1.0214e-01 7.2841e-02 1.4104e-03 ] 6.2751e-01
 2.187e+01 3.7195e-01 3.7195e-01 [ 2.1354e-02 1.7341e-01 1.0258e-01 7.3183e-02 1.4170e-03 ] 6.2805e-01
 2.199e+01 3.7140e-01 3.7140e-01 [ 2.0526e-02 1.7290e-01 1.0302e-01 7.3523e-02 1.4236e-03 ] 6.2860e-01
 2.210e+01 3.7085e-01 3.7085e-01 [ 1.9720e-02 1.7237e-01 1.0346e-01 7.3863e-02 1.4302e-03 ] 6.2915e-01
 2.221e+01 3.7029e-01 3.7029e-01 [ 1.8937e-02 1.7182e-01 1.0390e-01 7.4203e-02 1.4367e-03 ] 6.2971e-01
 2.233e+01 3.6973e-01 3.6973e-01 [ 1.8176e-02 1.7124e-01 1.0433e-01 7.4541e-02 1.4433e-03 ] 6.3027e-01
 2.244e+01 3.6917e-01 3.6917e-01 [ 1.7436e-02 1.7064e-01 1.0476e-01 7.4879e-02 1.4499e-03 ] 6.3083e-01
 2.255e+01 3.6861e-01 3.6861e-01 [ 1.6719e-02 1.7002e-01 1.0519e-01 7.5217e-02 1.4564e-03 ] 6.3139e-01
 2.267e+01 3.6804e-01 3.6804e-01 [ 1.6023e-02 1.6938e-01 1.0562e-01 7.5553e-02 1.4629e-03 ] 6.3196e-01
 2.278e+01 3.6747e-01 3.6747e-01 [ 1.5348e-02 1.6872e-01 1.0604e-01 7.5889e-02 1.4694e-03 ] 6.3253e-01
 2.289e+01 3.6689e-01 3.6689e-01 [ 1.4695e-02 1.6803e-01 1.0646e-01 7.6224e-02 1.4759e-03 ] 6.3311e-01
 2.301e+01 3.6631e-01 3.6631e-01 [ 1.4062e-02 1.6733e-01 1.0688e-01 7.6559e-02 1.4824e-03 ] 6.3369e-01
 2.312e+01 3.6573e-01 3.6573e-01 [ 1.3449e-02 1.6660e-01 1.0730e-01 7.6893e-02 1.4889e-03 ] 6.3427e-01
 2.323e+01 3.6515e-01 3.6515e-01 [ 1.2856e-02 1.6586e-01 1.0771e-01 7.7225e-02 1.4954e-03 ] 6.3485e-01
 2.335e+01 3.6456e-01 3.6456e-01 [ 1.2283e-02 1.6509e-01 1.0813e-01 7.7558e-02 1.5018e-03 ] 6.3544e-01
 2.346e+01 3.6397e-01 3.6397e-01 [ 1.1729e-02 1.6431e-01 1.0854e-01 7.7889e-02 1.5082e-03 ] 6.3603e-01
 2.357e+01 3.6337e-01 3.6337e-01 [ 1.1194e-02 1.6350e-01 1.0894e-01 7.8220e-02 1.5147e-03 ] 6.3663e-01
 2.369e+01 3.6278e-01 3.6278e-01 [ 1.0678e-02 1.6268e-01 1.0935e-01 7.8550e-02 1.5211e-03 ] 6.3722e-01
 2.380e+01 3.6218e-01 3.6218e-01 [ 1.0180e-02 1.6184e-01 1.0975e-01 7.8879e-02 1.5275e-03 ] 6.3782e-01
 2.391e+01 3.6157e-01 3.6157e-01 [ 9.7005e-03 1.6098e-01 1.1015e-01 7.9207e-02 1.5338e-03 ] 6.3843e-01
 2.403e+01 3.6096e-01 3.6096e-01 [ 9.2382e-03 1.6011e-01 1.1054e-01 7.9534e-02 1.5402e-03 ] 6.3904e-01
 2.414e+01 3.6035e-01 3.6035e-01 [ 8.7930e-03 1.5921e-01 1.1094e-01 7.9860e-02 1.5466e-03 ] 6.3965e-01
 2.425e+01 3.5974e-01 3.5974e-01 [ 8.3647e-03 1.5830e-01 1.1133e-01 8.0186e-02 1.5529e-03 ] 6.4026e-01
 2.437e+01 3.5912e-01 3.5912e-01 [ 7.9528e-03 1.5738e-01 1.1172e-01 8.0511e-02 1.5592e-03 ] 6.4088e-01
 2.448e+01 3.5850e-01 3.5850e-01 [ 7.5569e-03 1.5644e-01 1.1210e-01 8.0835e-02 1.5655e-03 ] 6.4150e-01
 2.459e+01 3.5787e-01 3.5787e-01 [ 7.1767e-03 1.5548e-01 1.1248e-01 8.1157e-02 1.5718e-03 ] 6.4213e-01
 2.471e+01 3.5724e-01 3.5724e-01 [ 6.8117e-03 1.5451e-01 1.1286e-01 8.1479e-02 1.5781e-03 ] 6.4276e-01
 2.482e+01 3.5661e-01 3.5661e-01 [ 6.4616e-03 1.5353e-01 1.1324e-01 8.1800e-02 1.5843e-03 ] 6.4339e-01
 2.493e+01 3.5597e-01 3.5597e-01 [ 6.1259e-03 1.5253e-01 1.1361e-01 8.2120e-02 1.5906e-03 ] 6.4403e-01
 2.505e+01 3.5534e-01 3.5534e-01 [ 5.8043e-03 1.5151e-01 1.1398e-01 8.2440e-02 1.5968e-03 ] 6.4466e-01
 2.516e+01 3.5469e-01 3.5469e-01 [ 5.4964e-03 1.5049e-01 1.1435e-01 8.2758e-02 1.6030e-03 ] 6.4531e-01
 2.527e+01 3.5405e-01 3.5405e-01 [ 5.2018e-03 1.4945e-01 1.1471e-01 8.3075e-02 1.6092e-03 ] 6.4595e-01
 2.539e+01 3.5340e-01 3.5340e-01 [ 4.9200e-03 1.4840e-01 1.1507e-01 8.3391e-02 1.6154e-03 ] 6.4660e-01
 2.550e+01 3.5275e-01 3.5275e-01 [ 4.6508e-03 1.4734e-01 1.1543e-01 8.3706e-02 1.6215e-03 ] 6.4725e-01
 2.561e+01 3.5209e-01 3.5209e-01 [ 4.3936e-03 1.4626e-01 1.1578e-01 8.4020e-02 1.6277e-03 ] 6.4791e-01
 2.573e+01 3.5143e-01 3.5143e-01 [ 4.1482e-03 1.4518e-01 1.1613e-01 8.4333e-02 1.6338e-03 ] 6.4857e-01
 2.584e+01 3.5077e-01 3.5077e-01 [ 3.9141e-03 1.4409e-01 1.1648e-01 8.4645e-02 1.6399e-03 ] 6.4923e-01
 2.595e+01 3.5010e-01 3.5010e-01 [ 3.6910e-03 1.4298e-01 1.1683e-01 8.4956e-02 1.6460e-03 ] 6.4990e-01
 2.607e+01 3.4943e-01 3.4943e-01 [ 3.4785e-03 1.4187e-01 1.1717e-01 8.5266e-02 1.6520e-03 ] 6.5057e-01
 2.618e+01 3.4876e-01 3.4876e-01 [ 3.2763e-03 1.4074e-01 1.1750e-01 8.5574e-02 1.6581e-03 ] 6.5124e-01
 2.629e+01 3.4808e-01 3.4808e-01 [ 3.0839e-03 1.3961e-01 1.1783e-01 8.5882e-02 1.6641e-03 ] 6.5192e-01
 2.641e+01 3.4740e-01 3.4740e-01 [ 2.9009e-03 1.3847e-01 1.1816e-01 8.6188e-02 1.6701e-03 ] 6.5260e-01
 2.652e+01 3.4671e-01 3.4671e-01 [ 2.7272e-03 1.3733e-01 1.1849e-01 8.6494e-02 1.6761e-03 ] 6.5329e-01
 2.663e+01 3.4602e-01 3.4602e-01 [ 2.5622e-03 1.3617e-01 1.1881e-01 8.6798e-02 1.6821e-03 ] 6.5398e-01
 2.675e+01 3.4533e-01 3.4533e-01 [ 2.4057e-03 1.3501e-01 1.1913e-01 8.7101e-02 1.6880e-03 ] 6.5467e-01
 2.686e+01 3.4464e-01 3.4464e-01 [ 2.2574e-03 1.3384e-01 1.1944e-01 8.7403e-02 1.6939e-03 ] 6.5536e-01
 2.697e+01 3.4394e-01 3.4394e-01 [ 2.1168e-03 1.3266e-01 1.1975e-01 8.7703e-02 1.6998e-03 ] 6.5606e-01
 2.709e+01 3.4324e-01 3.4324e-01 [ 1.9838e-03 1.3148e-01 1.2006e-01 8.8002e-02 1.7057e-03 ] 6.5676e-01
 2.720e+01 3.4253e-01 3.4253e-01 [ 1.8579e-03 1.3030e-01 1.2036e-01 8.8300e-02 1.7116e-03 ] 6.5747e-01
 2.731e+01 3.4182e-01 3.4182e-01 [ 1.7389e-03 1.2910e-01 1.2066e-01 8.8597e-02 1.7174e-03 ] 6.5818e-01
 2.743e+01 3.4111e-01 3.4111e-01 [ 1.6264e-03 1.2791e-01 1.2096e-01 8.8893e-02 1.7232e-03 ] 6.5889e-01
 2.754e+01 3.4039e-01 3.4039e-01 [ 1.5203e-03 1.2671e-01 1.2125e-01 8.9187e-02 1.7290e-03 ] 6.5961e-01
 2.765e+01 3.3967e-01 3.3967e-01 [ 1.4201e-03 1.2550e-01 1.2153e-01 8.9480e-02 1.7348e-03 ] 6.6033e-01
 2.777e+01 3.3894e-01 3.3894e-01 [ 1.3257e-03 1.2429e-01 1.2181e-01 8.9771e-02 1.7405e-03 ] 6.6106e-01
 2.788e+01 3.3822e-01 3.3822e-01 [ 1.2367e-03 1.2308e-01 1.2209e-01 9.0062e-02 1.7462e-03 ] 6.6178e-01
 2.799e+01 3.3748e-01 3.3748e-01 [ 1.1530e-03 1.2186e-01 1.2236e-01 9.0351e-02 1.7519e-03 ] 6.6252e-01
 2.811e+01 3.3675e-01 3.3675e-01 [ 1.0742e-03 1.2065e-01 1.2263e-01 9.0638e-02 1.7576e-03 ] 6.6325e-01
 2.822e+01 3.3601e-01 3.3601e-01 [ 1.0001e-03 1.1943e-01 1.2290e-01 9.0924e-02 1.7633e-03 ] 6.6399e-01
 2.833e+01 3.3527e-01 3.3527e-01 [ 9.3055e-04 1.1820e-01 1.2315e-01 9.1209e-02 1.7689e-03 ] 6.6473e-01
 2.845e+01 3.3452e-01 3.3452e-01 [ 8.6523e-04 1.1698e-01 1.2341e-01 9.1492e-02 1.7745e-03 ] 6.6548e-01
 2.856e+01 3.3377e-01 3.3377e-01 [ 8.0395e-04 1.1575e-01 1.2366e-01 9.1774e-02 1.7801e-03 ] 6.6623e-01
 2.867e+01 3.3302e-01 3.3302e-01 [ 7.4651e-04 1.1452e-01 1.2390e-01 9.2055e-02 1.7856e-03 ] 6.6698e-01
 2.879e+01 3.3226e-01 3.3226e-01 [ 6.9271e-04 1.1330e-01 1.2414e-01 9.2333e-02 1.7911e-03 ] 6.6774e-01
 2.890e+01 3.3150e-01 3.3150e-01 [ 6.4235e-04 1.1207e-01 1.2438e-01 9.2611e-02 1.7966e-03 ] 6.6850e-01
 2.901e+01 3.3073e-01 3.3073e-01 [ 5.9524e-04 1.1084e-01 1.2461e-01 9.2887e-02 1.8021e-03 ] 6.6927e-01
 2.913e+01 3.2996e-01 3.2996e-01 [ 5.5121e-04 1.0961e-01 1.2484e-01 9.3161e-02 1.8076e-03 ] 6.7004e-01
 2.924e+01 3.2919e-01 3.2919e-01 [ 5.1009e-04 1.0838e-01 1.2506e-01 9.3434e-02 1.8130e-03 ] 6.7081e-01
 2.935e+01 3.2841e-01 3.2841e-01 [ 4.7171e-04 1.0715e-01 1.2527e-01 9.3705e-02 1.8184e-03 ] 6.7159e-01
 2.947e+01 3.2763e-01 3.2763e-01 [ 4.3591e-04 1.0592e-01 1.2548e-01 9.3975e-02 1.8237e-03 ] 6.7237e-01
 2.958e+01 3.2685e-01 3.2685e-01 [ 4.0256e-04 1.0469e-01 1.2568e-01 9.4243e-02 1.8291e-03 ] 6.7315e-01
 2.969e+01 3.2606e-01 3.2606e-01 [ 3.7150e-04 1.0346e-01 1.2588e-01 9.4510e-02 1.8344e-03 ] 6.7394e-01
 2.981e+01 3.2527e-01 3.2527e-01 [ 3.4259e-04 1.0224e-01 1.2608e-01 9.4775e-02 1.8397e-03 ] 6.7473e-01
 2.992e+01 3.2447e-01 3.2447e-01 [ 3.1571e-04 1.0101e-01 1.2626e-01 9.5038e-02 1.8449e-03 ] 6.7553e-01
 3.003e+01 3.2367e-01 3.2367e-01 [ 2.9074e-04 9.9787e-02 1.2645e-01 9.5300e-02 1.8501e-03 ] 6.7633e-01
 3.015e+01 3.2287e-01 3.2287e-01 [ 2.6756e-04 9.8565e-02 1.2662e-01 9.5559e-02 1.8553e-03 ] 6.7713e-01
 3.026e+01 3.2206e-01 3.2206e-01 [ 2.4605e-04 9.7346e-02 1.2679e-01 9.5818e-02 1.8605e-03 ] 6.7794e-01
 3.037e+01 3.2125e-01 3.2125e-01 [ 2.2611e-04 9.6129e-02 1.2696e-01 9.6074e-02 1.8656e-03 ] 6.7875e-01
 3.049e+01 3.2044e-01 3.2044e-01 [ 2.0763e-04 9.4914e-02 1.2712e-01 9.6329e-02 1.8707e-03 ] 6.7956e-01
 3.060e+01 3.1962e-01 3.1962e-01 [ 1.9053e-04 9.3702e-02 1.2727e-01 9.6582e-02 1.8758e-03 ] 6.8038e-01
 3.071e+01 3.1880e-01 3.1880e-01 [ 1.7472e-04 9.2493e-02 1.2742e-01 9.6833e-02 1.8808e-03 ] 6.8120e-01
 3.083e+01 3.1797e-01 3.1797e-01 [ 1.6010e-04 9.1286e-02 1.2756e-01 9.7082e-02 1.8858e-03 ] 6.8203e-01
 3.094e+01 3.1714e-01 3.1714e-01 [ 1.4660e-04 9.0083e-02 1.2769e-01 9.7329e-02 1.8908e-03 ] 6.8286e-01
 3.105e+01 3.1631e-01 3.1631e-01 [ 1.3414e-04 8.8883e-02 1.2782e-01 9.7575e-02 1.8958e-03 ] 6.8369e-01
 3.117e+01 3.1547e-01 3.1547e-01 [ 1.2265e-04 8.7687e-02 1.2794e-01 9.7819e-02 1.9007e-03 ] 6.8453e-01
 3.128e+01 3.1463e-01 3.1463e-01 [ 1.1207e-04 8.6494e-02 1.2805e-01 9.8061e-02 1.9056e-03 ] 6.8537e-01
 3.139e+01 3.1378e-01 3.1378e-01 [ 1.0232e-04 8.5305e-02 1.2816e-01 9.8301e-02 1.9104e-03 ] 6.8622e-01
 3.151e+01 3.1293e-01 3.1293e-01 [ 9.3355e-05 8.4121e-02 1.2826e-01 9.8539e-02 1.9152e-03 ] 6.8707e-01
 3.162e+01 3.1208e-01 3.1208e-01 [ 8.5112e-05 8.2940e-02 1.2836e-01 9.8775e-02 1.9200e-03 ] 6.8792e-01
 3.173e+01 3.1122e-01 3.1122e-01 [ 7.7540e-05 8.1764e-02 1.2845e-01 9.9009e-02 1.9247e-03 ] 6.8878e-01
 3.185e+01 3.1036e-01 3.1036e-01 [ 7.0590e-05 8.0592e-02 1.2853e-01 9.9241e-02 1.9294e-03 ] 6.8964e-01
 3.196e+01 3.0949e-01 3.0949e-01 [ 6.4216e-05 7.9425e-02 1.2860e-01 9.9471e-02 1.9341e-03 ] 6.9051e-01
 3.207e+01 3.0862e-01 3.0862e-01 [ 5.8374e-05 7.8263e-02 1.2867e-01 9.9700e-02 1.9388e-03 ] 6.9138e-01
 3.219e+01 3.0775e-01 3.0775e-01 [ 5.3025e-05 7.7106e-02 1.2872e-01 9.9926e-02 1.9434e-03 ] 6.9225e-01
 3.230e+01 3.0687e-01 3.0687e-01 [ 4.8130e-05 7.5954e-02 1.2878e-01 1.0015e-01 1.9479e-03 ] 6.9313e-01
 3.241e+01 3.0599e-01 3.0599e-01 [ 4.3655e-05 7.4807e-02 1.2882e-01 1.0037e-01 1.9525e-03 ] 6.9401e-01
 3.253e+01 3.0511e-01 3.0511e-01 [ 3.9566e-05 7.3665e-02 1.2886e-01 1.0059e-01 1.9570e-03 ] 6.9489e-01
 3.264e+01 3.0422e-01 3.0422e-01 [ 3.5834e-05 7.2529e-02 1.2888e-01 1.0081e-01 1.9614e-03 ] 6.9578e-01
 3.275e+01 3.0333e-01 3.0333e-01 [ 3.2429e-05 7.1399e-02 1.2890e-01 1.0102e-01 1.9658e-03 ] 6.9667e-01
 3.287e+01 3.0243e-01 3.0243e-01 [ 2.9326e-05 7.0275e-02 1.2892e-01 1.0124e-01 1.9702e-03 ] 6.9757e-01
 3.298e+01 3.0153e-01 3.0153e-01 [ 2.6500e-05 6.9157e-02 1.2892e-01 1.0145e-01 1.9746e-03 ] 6.9847e-01
 3.309e+01 3.0062e-01 3.0062e-01 [ 2.3928e-05 6.8045e-02 1.2892e-01 1.0166e-01 1.9789e-03 ] 6.9938e-01
 3.321e+01 2.9972e-01 2.9972e-01 [ 2.1590e-05 6.6939e-02 1.2891e-01 1.0186e-01 1.9831e-03 ] 7.0028e-01
 3.332e+01 2.9880e-01 2.9880e-01 [ 1.9465e-05 6.5839e-02 1.2889e-01 1.0207e-01 1.9873e-03 ] 7.0120e-01
 3.343e+01 2.9789e-01 2.9789e-01 [ 1.7536e-05 6.4746e-02 1.2886e-01 1.0227e-01 1.9915e-03 ] 7.0211e-01
 3.355e+01 2.9696e-01 2.9696e-01 [ 1.5787e-05 6.3660e-02 1.2882e-01 1.0247e-01 1.9957e-03 ] 7.0304e-01
 3.366e+01 2.9604e-01 2.9604e-01 [ 1.4201e-05 6.2581e-02 1.2878e-01 1.0267e-01 1.9998e-03 ] 7.0396e-01
 3.377e+01 2.9511e-01 2.9511e-01 [ 1.2765e-05 6.1508e-02 1.2872e-01 1.0286e-01 2.0038e-03 ] 7.0489e-01
 3.389e+01 2.9418e-01 2.9418e-01 [ 1.1465e-05 6.0443e-02 1.2866e-01 1.0306e-01 2.0079e-03 ] 7.0582e-01
 3.400e+01 2.9324e-01 2.9324e-01 [ 1.0290e-05 5.9385e-02 1.2859e-01 1.0325e-01 2.0118e-03 ] 7.0676e-01
 3.411e+01 2.9230e-01 2.9230e-01 [ 9.2279e-06 5.8334e-02 1.2851e-01 1.0343e-01 2.0158e-03 ] 7.0770e-01
 3.423e+01 2.9136e-01 2.9136e-01 [ 8.2693e-06 5.7291e-02 1.2842e-01 1.0362e-01 2.0197e-03 ] 7.0864e-01
 3.434e+01 2.9041e-01 2.9041e-01 [ 7.4046e-06 5.6256e-02 1.2832e-01 1.0380e-01 2.0235e-03 ] 7.0959e-01
 3.445e+01 2.8945e-01 2.8945e-01 [ 6.6252e-06 5.5228e-02 1.2821e-01 1.0398e-01 2.0273e-03 ] 7.1055e-01
 3.457e+01 2.8850e-01 2.8850e-01 [ 5.9233e-06 5.4208e-02 1.2809e-01 1.0416e-01 2.0311e-03 ] 7.1150e-01
 3.468e+01 2.8754e-01 2.8754e-01 [ 5.2917e-06 5.3197e-02 1.2796e-01 1.0433e-01 2.0348e-03 ] 7.1246e-01
 3.479e+01 2.8657e-01 2.8657e-01 [ 4.7237e-06 5.2193e-02 1.2783e-01 1.0451e-01 2.0385e-03 ] 7.1343e-01
 3.491e+01 2.8560e-01 2.8560e-01 [ 4.2135e-06 5.1198e-02 1.2768e-01 1.0468e-01 2.0421e-03 ] 7.1440e-01
 3.502e+01 2.8463e-01 2.8463e-01 [ 3.7554e-06 5.0211e-02 1.2752e-01 1.0484e-01 2.0457e-03 ] 7.1537e-01
 3.513e+01 2.8365e-01 2.8365e-01 [ 3.3446e-06 4.9232e-02 1.2736e-01 1.0501e-01 2.0492e-03 ] 7.1635e-01
 3.525e+01 2.8267e-01 2.8267e-01 [ 2.9763e-06 4.8263e-02 1.2718e-01 1.0517e-01 2.0527e-03 ] 7.1733e-01
 3.536e+01 2.8168e-01 2.8168e-01 [ 2.6466e-06 4.7302e-02 1.2699e-01 1.0533e-01 2.0562e-03 ] 7.1832e-01
 3.547e+01 2.8069e-01 2.8069e-01 [ 2.3515e-06 4.6350e-02 1.2680e-01 1.0549e-01 2.0596e-03 ] 7.1931e-01
 3.559e+01 2.7970e-01 2.7970e-01 [ 2.0877e-06 4.5406e-02 1.2659e-01 1.0564e-01 2.0629e-03 ] 7.2030e-01
 3.570e+01 2.7870e-01 2.7870e-01 [ 1.8521e-06 4.4473e-02 1.2637e-01 1.0579e-01 2.0662e-03 ] 7.2130e-01
 3.581e+01 2.7770e-01 2.7770e-01 [ 1.6417e-06 4.3548e-02 1.2614e-01 1.0594e-01 2.0695e-03 ] 7.2230e-01
 3.593e+01 2.7670e-01 2.7670e-01 [ 1.4541e-06 4.2633e-02 1.2590e-01 1.0609e-01 2.0727e-03 ] 7.2330e-01
 3.604e+01 2.7569e-01 2.7569e-01 [ 1.2869e-06 4.1727e-02 1.2565e-01 1.0623e-01 2.0758e-03 ] 7.2431e-01
 3.615e+01 2.7467e-01 2.7467e-01 [ 1.1381e-06 4.0830e-02 1.2539e-01 1.0637e-01 2.0789e-03 ] 7.2533e-01
 3.627e+01 2.7366e-01 2.7366e-01 [ 1.0057e-06 3.9944e-02 1.2512e-01 1.0651e-01 2.0820e-03 ] 7.2634e-01
 3.638e+01 2.7263e-01 2.7263e-01 [ 8.8793e-07 3.9067e-02 1.2484e-01 1.0664e-01 2.0850e-03 ] 7.2737e-01
 3.649e+01 2.7161e-01 2.7161e-01 [ 7.8337e-07 3.8200e-02 1.2455e-01 1.0677e-01 2.0879e-03 ] 7.2839e-01
 3.661e+01 2.7058e-01 2.7058e-01 [ 6.9057e-07 3.7343e-02 1.2425e-01 1.0690e-01 2.0908e-03 ] 7.2942e-01
 3.672e+01 2.6954e-01 2.6954e-01 [ 6.0828e-07 3.6496e-02 1.2393e-01 1.0702e-01 2.0937e-03 ] 7.3046e-01
 3.683e+01 2.6851e-01 2.6851e-01 [ 5.3537e-07 3.5659e-02 1.2361e-01 1.0714e-01 2.0965e-03 ] 7.3149e-01
 3.695e+01 2.6746e-01 2.6746e-01 [ 4.7082e-07 3.4833e-02 1.2327e-01 1.0726e-01 2.0992e-03 ] 7.3254e-01
 3.706e+01 2.6642e-01 2.6642e-01 [ 4.1373e-07 3.4016e-02 1.2292e-01 1.0738e-01 2.1019e-03 ] 7.3358e-01
 3.717e+01 2.6537e-01 2.6537e-01 [ 3.6327e-07 3.3210e-02 1.2256e-01 1.0749e-01 2.1045e-03 ] 7.3463e-01
 3.729e+01 2.6431e-01 2.6431e-01 [ 3.1870e-07 3.2415e-02 1.2219e-01 1.0760e-01 2.1071e-03 ] 7.3569e-01
 3.740e+01 2.6325e-01 2.6325e-01 [ 2.7938e-07 3.1630e-02 1.2181e-01 1.0771e-01 2.1096e-03 ] 7.3675e-01
 3.751e+01 2.6219e-01 2.6219e-01 [ 2.4472e-07 3.0856e-02 1.2141e-01 1.0781e-01 2.1121e-03 ] 7.3781e-01
 3.763e+01 2.6112e-01 2.6112e-01 [ 2.1418e-07 3.0093e-02 1.2101e-01 1.0791e-01 2.1145e-03 ] 7.3888e-01
 3.774e+01 2.6005e-01 2.6005e-01 [ 1.8731e-07 2.9340e-02 1.2059e-01 1.0800e-01 2.1168e-03 ] 7.3995e-01
 3.785e+01 2.5898e-01 2.5898e-01 [ 1.6367e-07 2.8598e-02 1.2016e-01 1.0810e-01 2.1191e-03 ] 7.4102e-01
 3.797e+01 2.5790e-01 2.5790e-01 [ 1.4290e-07 2.7867e-02 1.1973e-01 1.0819e-01 2.1214e-03 ] 7.4210e-01
 3.808e+01 2.5682e-01 2.5682e-01 [ 1.2467e-07 2.7147e-02 1.1927e-01 1.0827e-01 2.1235e-03 ] 7.4318e-01
 3.819e+01 2.5573e-01 2.5573e-01 [ 1.0867e-07 2.6437e-02 1.1881e-01 1.0836e-01 2.1257e-03 ] 7.4427e-01
 3.831e+01 2.5464e-01 2.5464e-01 [ 9.4650e-08 2.5739e-02 1.1834e-01 1.0844e-01 2.1277e-03 ] 7.4536e-01
 3.842e+01 2.5355e-01 2.5355e-01 [ 8.2372e-08 2.5052e-02 1.1785e-01 1.0851e-01 2.1297e-03 ] 7.4645e-01
 3.853e+01 2.5245e-01 2.5245e-01 [ 7.1629e-08 2.4376e-02 1.1736e-01 1.0858e-01 2.1317e-03 ] 7.4755e-01
 3.865e+01 2.5134e-01 2.5134e-01 [ 6.2236e-08 2.3711e-02 1.1685e-01 1.0865e-01 2.1335e-03 ] 7.4866e-01
 3.876e+01 2.5024e-01 2.5024e-01 [ 5.4030e-08 2.3057e-02 1.1633e-01 1.0872e-01 2.1354e-03 ] 7.4976e-01
 3.887e+01 2.4913e-01 2.4913e-01 [ 4.6869e-08 2.2414e-02 1.1580e-01 1.0878e-01 2.1371e-03 ] 7.5087e-01
 3.899e+01 2.4801e-01 2.4801e-01 [ 4.0623e-08 2.1782e-02 1.1525e-01 1.0884e-01 2.1388e-03 ] 7.5199e-01
 3.910e+01 2.4689e-01 2.4689e-01 [ 3.5181e-08 2.1162e-02 1.1470e-01 1.0889e-01 2.1404e-03 ] 7.5311e-01
 3.921e+01 2.4577e-01 2.4577e-01 [ 3.0443e-08 2.0552e-02 1.1413e-01 1.0894e-01 2.1420e-03 ] 7.5423e-01
 3.933e+01 2.4464e-01 2.4464e-01 [ 2.6321e-08 1.9954e-02 1.1355e-01 1.0899e-01 2.1435e-03 ] 7.5536e-01
 3.944e+01 2.4351e-01 2.4351e-01 [ 2.2739e-08 1.9367e-02 1.1297e-01 1.0903e-01 2.1450e-03 ] 7.5649e-01
 3.955e+01 2.4237e-01 2.4237e-01 [ 1.9628e-08 1.8791e-02 1.1237e-01 1.0907e-01 2.1463e-03 ] 7.5763e-01
 3.967e+01 2.4123e-01 2.4123e-01 [ 1.6929e-08 1.8226e-02 1.1176e-01 1.0911e-01 2.1476e-03 ] 7.5877e-01
 3.978e+01 2.4009e-01 2.4009e-01 [ 1.4589e-08 1.7672e-02 1.1113e-01 1.0914e-01 2.1489e-03 ] 7.5991e-01
 3.989e+01 2.3894e-01 2.3894e-01 [ 1.2562e-08 1.7130e-02 1.1050e-01 1.0916e-01 2.1500e-03 ] 7.6106e-01
 4.001e+01 2.3779e-01 2.3779e-01 [ 1.0808e-08 1.6598e-02 1.0986e-01 1.0919e-01 2.1512e-03 ] 7.6221e-01
 4.012e+01 2.3664e-01 2.3664e-01 [ 9.2910e-09 1.6077e-02 1.0920e-01 1.0921e-01 2.1522e-03 ] 7.6336e-01
 4.023e+01 2.3548e-01 2.3548e-01 [ 7.9803e-09 1.5568e-02 1.0854e-01 1.0922e-01 2.1532e-03 ] 7.6452e-01
 4.035e+01 2.3432e-01 2.3432e-01 [ 6.8488e-09 1.5069e-02 1.0786e-01 1.0923e-01 2.1541e-03 ] 7.6568e-01
 4.046e+01 2.3315e-01 2.3315e-01 [ 5.8729e-09 1.4581e-02 1.0717e-01 1.0924e-01 2.1549e-03 ] 7.6685e-01
 4.057e+01 2.3198e-01 2.3198e-01 [ 5.0319e-09 1.4104e-02 1.0647e-01 1.0924e-01 2.1557e-03 ] 7.6802e-01
 4.069e+01 2.3080e-01 2.3080e-01 [ 4.3077e-09 1.3637e-02 1.0577e-01 1.0924e-01 2.1564e-03 ] 7.6920e-01
 4.080e+01 2.2962e-01 2.2962e-01 [ 3.6847e-09 1.3181e-02 1.0505e-01 1.0924e-01 2.1570e-03 ] 7.7038e-01
 4.091e+01 2.2844e-01 2.2844e-01 [ 3.1491e-09 1.2736e-02 1.0432e-01 1.0923e-01 2.1575e-03 ] 7.7156e-01
 4.103e+01 2.2725e-01 2.2725e-01 [ 2.6891e-09 1.2301e-02 1.0358e-01 1.0921e-01 2.1580e-03 ] 7.7275e-01
 4.114e+01 2.2606e-01 2.2606e-01 [ 2.2945e-09 1.1877e-02 1.0283e-01 1.0919e-01 2.1584e-03 ] 7.7394e-01
 4.125e+01 2.2487e-01 2.2487e-01 [ 1.9561e-09 1.1463e-02 1.0207e-01 1.0917e-01 2.1587e-03 ] 7.7513e-01
 4.137e+01 2.2367e-01 2.2367e-01 [ 1.6662e-09 1.1059e-02 1.0131e-01 1.0914e-01 2.1590e-03 ] 7.7633e-01
 4.148e+01 2.2247e-01 2.2247e-01 [ 1.4180e-09 1.0666e-02 1.0053e-01 1.0911e-01 2.1591e-03 ] 7.7753e-01
 4.159e+01 2.2126e-01 2.2126e-01 [ 1.2059e-09 1.0282e-02 9.9744e-02 1.0907e-01 2.1592e-03 ] 7.7874e-01
 4.171e+01 2.2005e-01 2.2005e-01 [ 1.0246e-09 9.9083e-03 9.8949e-02 1.0903e-01 2.1592e-03 ] 7.7995e-01
 4.182e+01 2.1883e-01 2.1883e-01 [ 8.6979e-10 9.5446e-03 9.8145e-02 1.0898e-01 2.1592e-03 ] 7.8117e-01
 4.193e+01 2.1761e-01 2.1761e-01 [ 7.3777e-10 9.1905e-03 9.7332e-02 1.0893e-01 2.1590e-03 ] 7.8239e-01
 4.205e+01 2.1639e-01 2.1639e-01 [ 6.2527e-10 8.8461e-03 9.6510e-02 1.0888e-01 2.1588e-03 ] 7.8361e-01
 4.216e+01 2.1517e-01 2.1517e-01 [ 5.2947e-10 8.5111e-03 9.5680e-02 1.0882e-01 2.1585e-03 ] 7.8483e-01
 4.227e+01 2.1394e-01 2.1394e-01 [ 4.4797e-10 8.1856e-03 9.4842e-02 1.0875e-01 2.1581e-03 ] 7.8606e-01
 4.239e+01 2.1270e-01 2.1270e-01 [ 3.7869e-10 7.8692e-03 9.3996e-02 1.0868e-01 2.1577e-03 ] 7.8730e-01
 4.250e+01 2.1146e-01 2.1146e-01 [ 3.1986e-10 7.5620e-03 9.3142e-02 1.0860e-01 2.1571e-03 ] 7.8854e-01
 4.261e+01 2.1022e-01 2.1022e-01 [ 2.6994e-10 7.2637e-03 9.2280e-02 1.0852e-01 2.1565e-03 ] 7.8978e-01
 4.273e+01 2.0898e-01 2.0898e-01 [ 2.2761e-10 6.9743e-03 9.1411e-02 1.0843e-01 2.1558e-03 ] 7.9102e-01
 4.284e+01 2.0773e-01 2.0773e-01 [ 1.9176e-10 6.6937e-03 9.0535e-02 1.0834e-01 2.1550e-03 ] 7.9227e-01
 4.295e+01 2.0647e-01 2.0647e-01 [ 1.6142e-10 6.4215e-03 8.9652e-02 1.0824e-01 2.1541e-03 ] 7.9353e-01
 4.307e+01 2.0521e-01 2.0521e-01 [ 1.3576e-10 6.1578e-03 8.8762e-02 1.0814e-01 2.1531e-03 ] 7.9479e-01
 4.318e+01 2.0395e-01 2.0395e-01 [ 1.1408e-10 5.9024e-03 8.7866e-02 1.0803e-01 2.1520e-03 ] 7.9605e-01
 4.329e+01 2.0269e-01 2.0269e-01 [ 9.5785e-11 5.6551e-03 8.6963e-02 1.0792e-01 2.1509e-03 ] 7.9731e-01
 4.341e+01 2.0142e-01 2.0142e-01 [ 8.0353e-11 5.4158e-03 8.6055e-02 1.0780e-01 2.1496e-03 ] 7.9858e-01
 4.352e+01 2.0014e-01 2.0014e-01 [ 6.7350e-11 5.1844e-03 8.5140e-02 1.0767e-01 2.1483e-03 ] 7.9986e-01
 4.363e+01 1.9887e-01 1.9887e-01 [ 5.6402e-11 4.9606e-03 8.4220e-02 1.0754e-01 2.1468e-03 ] 8.0113e-01
 4.375e+01 1.9759e-01 1.9759e-01 [ 4.7194e-11 4.7444e-03 8.3295e-02 1.0740e-01 2.1453e-03 ] 8.0241e-01
 4.386e+01 1.9630e-01 1.9630e-01 [ 3.9454e-11 4.5355e-03 8.2364e-02 1.0726e-01 2.1437e-03 ] 8.0370e-01
 4.397e+01 1.9501e-01 1.9501e-01 [ 3.2956e-11 4.3339e-03 8.1429e-02 1.0711e-01 2.1419e-03 ] 8.0499e-01
 4.409e+01 1.9372e-01 1.9372e-01 [ 2.7504e-11 4.1393e-03 8.0489e-02 1.0695e-01 2.1401e-03 ] 8.0628e-01
 4.420e+01 1.9242e-01 1.9242e-01 [ 2.2934e-11 3.9516e-03 7.9544e-02 1.0679e-01 2.1382e-03 ] 8.0758e-01
 4.431e+01 1.9112e-01 1.9112e-01 [ 1.9107e-11 3.7707e-03 7.8596e-02 1.0662e-01 2.1361e-03 ] 8.0888e-01
 4.443e+01 1.8982e-01 1.8982e-01 [ 1.5905e-11 3.5964e-03 7.7644e-02 1.0644e-01 2.1340e-03 ] 8.1018e-01
 4.454e+01 1.8851e-01 1.8851e-01 [ 1.3228e-11 3.4285e-03 7.6688e-02 1.0626e-01 2.1318e-03 ] 8.1149e-01
 4.465e+01 1.8720e-01 1.8720e-01 [ 1.0991e-11 3.2669e-03 7.5729e-02 1.0607e-01 2.1294e-03 ] 8.1280e-01
 4.477e+01 1.8588e-01 1.8588e-01 [ 9.1255e-12 3.1115e-03 7.4767e-02 1.0587e-01 2.1270e-03 ] 8.1412e-01
 4.488e+01 1.8456e-01 1.8456e-01 [ 7.5697e-12 2.9620e-03 7.3802e-02 1.0567e-01 2.1244e-03 ] 8.1544e-01
 4.499e+01 1.8323e-01 1.8323e-01 [ 6.2736e-12 2.8183e-03 7.2835e-02 1.0546e-01 2.1217e-03 ] 8.1677e-01
 4.511e+01 1.8191e-01 1.8191e-01 [ 5.1950e-12 2.6803e-03 7.1865e-02 1.0524e-01 2.1189e-03 ] 8.1809e-01
 4.522e+01 1.8057e-01 1.8057e-01 [ 4.2980e-12 2.5477e-03 7.0893e-02 1.0502e-01 2.1160e-03 ] 8.1943e-01
 4.533e+01 1.7924e-01 1.7924e-01 [ 3.5528e-12 2.4206e-03 6.9920e-02 1.0478e-01 2.1130e-03 ] 8.2076e-01
 4.545e+01 1.7789e-01 1.7789e-01 [ 2.9342e-12 2.2986e-03 6.8945e-02 1.0454e-01 2.1098e-03 ] 8.2211e-01
 4.556e+01 1.7655e-01 1.7655e-01 [ 2.4212e-12 2.1817e-03 6.7969e-02 1.0429e-01 2.1066e-03 ] 8.2345e-01
 4.567e+01 1.7520e-01 1.7520e-01 [ 1.9961e-12 2.0696e-03 6.6992e-02 1.0404e-01 2.1032e-03 ] 8.2480e-01
 4.579e+01 1.7385e-01 1.7385e-01 [ 1.6442e-12 1.9624e-03 6.6015e-02 1.0377e-01 2.0997e-03 ] 8.2615e-01
 4.590e+01 1.7249e-01 1.7249e-01 [ 1.3531e-12 1.8597e-03 6.5037e-02 1.0350e-01 2.0960e-03 ] 8.2751e-01
 4.601e+01 1.7113e-01 1.7113e-01 [ 1.1126e-12 1.7615e-03 6.4059e-02 1.0322e-01 2.0922e-03 ] 8.2887e-01
 4.613e+01 1.6976e-01 1.6976e-01 [ 9.1404e-13 1.6676e-03 6.3082e-02 1.0292e-01 2.0883e-03 ] 8.3024e-01
 4.624e+01 1.6839e-01 1.6839e-01 [ 7.5024e-13 1.5779e-03 6.2105e-02 1.0263e-01 2.0843e-03 ] 8.3161e-01
 4.635e+01 1.6702e-01 1.6702e-01 [ 6.1525e-13 1.4922e-03 6.1128e-02 1.0232e-01 2.0801e-03 ] 8.3298e-01
 4.647e+01 1.6564e-01 1.6564e-01 [ 5.0409e-13 1.4104e-03 6.0153e-02 1.0200e-01 2.0758e-03 ] 8.3436e-01
 4.658e+01 1.6426e-01 1.6426e-01 [ 4.1265e-13 1.3324e-03 5.9179e-02 1.0167e-01 2.0713e-03 ] 8.3574e-01
 4.669e+01 1.6287e-01 1.6287e-01 [ 3.3750e-13 1.2581e-03 5.8207e-02 1.0134e-01 2.0667e-03 ] 8.3713e-01
 4.681e+01 1.6148e-01 1.6148e-01 [ 2.7579e-13 1.1872e-03 5.7236e-02 1.0099e-01 2.0619e-03 ] 8.3852e-01
 4.692e+01 1.6008e-01 1.6008e-01 [ 2.2516e-13 1.1197e-03 5.6268e-02 1.0064e-01 2.0570e-03 ] 8.3992e-01
 4.703e+01 1.5868e-01 1.5868e-01 [ 1.8366e-13 1.0555e-03 5.5302e-02 1.0027e-01 2.0519e-03 ] 8.4132e-01
 4.715e+01 1.5728e-01 1.5728e-01 [ 1.4967e-13 9.9439e-04 5.4338e-02 9.9896e-02 2.0467e-03 ] 8.4272e-01
 4.726e+01 1.5587e-01 1.5587e-01 [ 1.2187e-13 9.3631e-04 5.3378e-02 9.9510e-02 2.0413e-03 ] 8.4413e-01
 4.737e+01 1.5445e-01 1.5445e-01 [ 9.9135e-14 8.8114e-04 5.2421e-02 9.9114e-02 2.0357e-03 ] 8.4555e-01
 4.749e+01 1.5303e-01 1.5303e-01 [ 8.0572e-14 8.2874e-04 5.1467e-02 9.8707e-02 2.0300e-03 ] 8.4697e-01
 4.760e+01 1.5161e-01 1.5161e-01 [ 6.5426e-14 7.7902e-04 5.0517e-02 9.8290e-02 2.0241e-03 ] 8.4839e-01
 4.771e+01 1.5018e-01 1.5018e-01 [ 5.3079e-14 7.3186e-04 4.9571e-02 9.7861e-02 2.0181e-03 ] 8.4982e-01
 4.783e+01 1.4875e-01 1.4875e-01 [ 4.3023e-14 6.8716e-04 4.8630e-02 9.7422e-02 2.0118e-03 ] 8.5125e-01
 4.794e+01 1.4731e-01 1.4731e-01 [ 3.4841e-14 6.4482e-04 4.7693e-02 9.6970e-02 2.0054e-03 ] 8.5269e-01
 4.805e+01 1.4587e-01 1.4587e-01 [ 2.8189e-14 6.0474e-04 4.6760e-02 9.6508e-02 1.9988e-03 ] 8.5413e-01
 4.817e+01 1.4443e-01 1.4443e-01 [ 2.2786e-14 5.6681e-04 4.5833e-02 9.6034e-02 1.9920e-03 ] 8.5557e-01
 4.828e+01 1.4297e-01 1.4297e-01 [ 1.8402e-14 5.3095e-04 4.4911e-02 9.5547e-02 1.9850e-03 ] 8.5703e-01
 4.839e+01 1.4152e-01 1.4152e-01 [ 1.4848e-14 4.9706e-04 4.3995e-02 9.5049e-02 1.9778e-03 ] 8.5848e-01
 4.851e+01 1.4006e-01 1.4006e-01 [ 1.1969e-14 4.6506e-04 4.3084e-02 9.4539e-02 1.9704e-03 ] 8.5994e-01
 4.862e+01 1.3859e-01 1.3859e-01 [ 9.6399e-15 4.3486e-04 4.2180e-02 9.4016e-02 1.9629e-03 ] 8.6141e-01
 4.873e+01 1.3712e-01 1.3712e-01 [ 7.7567e-15 4.0637e-04 4.1282e-02 9.3481e-02 1.9551e-03 ] 8.6288e-01
 4.885e+01 1.3565e-01 1.3565e-01 [ 6.2357e-15 3.7952e-04 4.0390e-02 9.2933e-02 1.9471e-03 ] 8.6435e-01
 4.896e+01 1.3417e-01 1.3417e-01 [ 5.0083e-15 3.5422e-04 3.9505e-02 9.2373e-02 1.9389e-03 ] 8.6583e-01
 4.907e+01 1.3269e-01 1.3269e-01 [ 4.0188e-15 3.3041e-04 3.8627e-02 9.1799e-02 1.9305e-03 ] 8.6731e-01
 4.919e+01 1.3120e-01 1.3120e-01 [ 3.2218e-15 3.0800e-04 3.7757e-02 9.1213e-02 1.9218e-03 ] 8.6880e-01
 4.930e+01 1.2971e-01 1.2971e-01 [ 2.5805e-15 2.8694e-04 3.6894e-02 9.0613e-02 1.9130e-03 ] 8.7029e-01
 4.941e+01 1.2821e-01 1.2821e-01 [ 2.0649e-15 2.6715e-04 3.6039e-02 9.0000e-02 1.9039e-03 ] 8.7179e-01
 4.953e+01 1.2671e-01 1.2671e-01 [ 1.6508e-15 2.4857e-04 3.5191e-02 8.9374e-02 1.8946e-03 ] 8.7329e-01
 4.964e+01 1.2520e-01 1.2520e-01 [ 1.3185e-15 2.3113e-04 3.4352e-02 8.8734e-02 1.8850e-03 ] 8.7480e-01
 4.975e+01 1.2369e-01 1.2369e-01 [ 1.0521e-15 2.1478e-04 3.3522e-02 8.8081e-02 1.8753e-03 ] 8.7631e-01
 4.987e+01 1.2218e-01 1.2218e-01 [ 8.3877e-16 1.9946e-04 3.2699e-02 8.7414e-02 1.8652e-03 ] 8.7782e-01
 4.998e+01 1.2066e-01 1.2066e-01 [ 6.6807e-16 1.8511e-04 3.1886e-02 8.6734e-02 1.8550e-03 ] 8.7934e-01
 5.009e+01 1.1914e-01 1.1914e-01 [ 5.3160e-16 1.7168e-04 3.1082e-02 8.6040e-02 1.8445e-03 ] 8.8086e-01
 5.021e+01 1.1761e-01 1.1761e-01 [ 4.2262e-16 1.5912e-04 3.0287e-02 8.5332e-02 1.8338e-03 ] 8.8239e-01
 5.032e+01 1.1608e-01 1.1608e-01 [ 3.3566e-16 1.4738e-04 2.9501e-02 8.4610e-02 1.8228e-03 ] 8.8392e-01
 5.043e+01 1.1455e-01 1.1455e-01 [ 2.6634e-16 1.3642e-04 2.8725e-02 8.3875e-02 1.8115e-03 ] 8.8545e-01
 5.055e+01 1.1301e-01 1.1301e-01 [ 2.1114e-16 1.2619e-04 2.7959e-02 8.3126e-02 1.8000e-03 ] 8.8699e-01
 5.066e+01 1.1147e-01 1.1147e-01 [ 1.6722e-16 1.1664e-04 2.7203e-02 8.2364e-02 1.7883e-03 ] 8.8853e-01
 5.077e+01 1.0993e-01 1.0993e-01 [ 1.3231e-16 1.0775e-04 2.6456e-02 8.1588e-02 1.7763e-03 ] 8.9007e-01
 5.089e+01 1.0838e-01 1.0838e-01 [ 1.0459e-16 9.9470e-05 2.5720e-02 8.0798e-02 1.7641e-03 ] 8.9162e-01
 5.100e+01 1.0683e-01 1.0683e-01 [ 8.2604e-17 9.1761e-05 2.4995e-02 7.9995e-02 1.7516e-03 ] 8.9317e-01
 5.111e+01 1.0528e-01 1.0528e-01 [ 6.5175e-17 8.4592e-05 2.4280e-02 7.9179e-02 1.7388e-03 ] 8.9472e-01
 5.123e+01 1.0373e-01 1.0373e-01 [ 5.1374e-17 7.7930e-05 2.3576e-02 7.8349e-02 1.7258e-03 ] 8.9627e-01
 5.134e+01 1.0217e-01 1.0217e-01 [ 4.0457e-17 7.1742e-05 2.2883e-02 7.7507e-02 1.7125e-03 ] 8.9783e-01
 5.145e+01 1.0062e-01 1.0062e-01 [ 3.1830e-17 6.6000e-05 2.2201e-02 7.6652e-02 1.6989e-03 ] 8.9938e-01
 5.157e+01 9.9059e-02 9.9059e-02 [ 2.5018e-17 6.0675e-05 2.1530e-02 7.5784e-02 1.6851e-03 ] 9.0094e-01
 5.168e+01 9.7500e-02 9.7500e-02 [ 1.9645e-17 5.5740e-05 2.0870e-02 7.4904e-02 1.6711e-03 ] 9.0250e-01
 5.179e+01 9.5941e-02 9.5941e-02 [ 1.5412e-17 5.1171e-05 2.0222e-02 7.4011e-02 1.6568e-03 ] 9.0406e-01
 5.191e+01 9.4381e-02 9.4381e-02 [ 1.2079e-17 4.6943e-05 1.9585e-02 7.3107e-02 1.6422e-03 ] 9.0562e-01
 5.202e+01 9.2821e-02 9.2821e-02 [ 9.4578e-18 4.3033e-05 1.8960e-02 7.2191e-02 1.6274e-03 ] 9.0718e-01
 5.213e+01 9.1262e-02 9.1262e-02 [ 7.3983e-18 3.9420e-05 1.8346e-02 7.1265e-02 1.6123e-03 ] 9.0874e-01
 5.225e+01 8.9704e-02 8.9704e-02 [ 5.7817e-18 3.6085e-05 1.7744e-02 7.0327e-02 1.5970e-03 ] 9.1030e-01
 5.236e+01 8.8147e-02 8.8147e-02 [ 4.5140e-18 3.3008e-05 1.7154e-02 6.9379e-02 1.5814e-03 ] 9.1185e-01
 5.247e+01 8.6592e-02 8.6592e-02 [ 3.5209e-18 3.0172e-05 1.6576e-02 6.8420e-02 1.5656e-03 ] 9.1341e-01
 5.259e+01 8.5039e-02 8.5039e-02 [ 2.7436e-18 2.7559e-05 1.6010e-02 6.7452e-02 1.5495e-03 ] 9.1496e-01
 5.270e+01 8.3488e-02 8.3488e-02 [ 2.1359e-18 2.5154e-05 1.5455e-02 6.6475e-02 1.5332e-03 ] 9.1651e-01
 5.281e+01 8.1941e-02 8.1941e-02 [ 1.6612e-18 2.2942e-05 1.4913e-02 6.5489e-02 1.5167e-03 ] 9.1806e-01
 5.293e+01 8.0397e-02 8.0397e-02 [ 1.2907e-18 2.0909e-05 1.4382e-02 6.4494e-02 1.4999e-03 ] 9.1960e-01
 5.304e+01 7.8858e-02 7.8858e-02 [ 1.0019e-18 1.9042e-05 1.3864e-02 6.3492e-02 1.4829e-03 ] 9.2114e-01
 5.315e+01 7.7323e-02 7.7323e-02 [ 7.7695e-19 1.7328e-05 1.3358e-02 6.2482e-02 1.4657e-03 ] 9.2268e-01
 5.327e+01 7.5793e-02 7.5793e-02 [ 6.0193e-19 1.5757e-05 1.2863e-02 6.1466e-02 1.4483e-03 ] 9.2421e-01
 5.338e+01 7.4270e-02 7.4270e-02 [ 4.6588e-19 1.4318e-05 1.2381e-02 6.0443e-02 1.4307e-03 ] 9.2573e-01
 5.349e+01 7.2752e-02 7.2752e-02 [ 3.6024e-19 1.3000e-05 1.1911e-02 5.9415e-02 1.4129e-03 ] 9.2725e-01
 5.361e+01 7.1241e-02 7.1241e-02 [ 2.7828e-19 1.1795e-05 1.1452e-02 5.8382e-02 1.3949e-03 ] 9.2876e-01
 5.372e+01 6.9737e-02 6.9737e-02 [ 2.1476e-19 1.0693e-05 1.1006e-02 5.7344e-02 1.3767e-03 ] 9.3026e-01
 5.383e+01 6.8242e-02 6.8242e-02 [ 1.6558e-19 9.6867e-06 1.0571e-02 5.6303e-02 1.3583e-03 ] 9.3176e-01
 5.395e+01 6.6755e-02 6.6755e-02 [ 1.2753e-19 8.7685e-06 1.0148e-02 5.5258e-02 1.3398e-03 ] 9.3325e-01
 5.406e+01 6.5277e-02 6.5277e-02 [ 9.8137e-20 7.9311e-06 9.7372e-03 5.4211e-02 1.3210e-03 ] 9.3472e-01
 5.417e+01 6.3809e-02 6.3809e-02 [ 7.5442e-20 7.1682e-06 9.3376e-03 5.3162e-02 1.3022e-03 ] 9.3619e-01
 5.429e+01 6.2351e-02 6.2351e-02 [ 5.7940e-20 6.4737e-06 8.9495e-03 5.2111e-02 1.2832e-03 ] 9.3765e-01
 5.440e+01 6.0903e-02 6.0903e-02 [ 4.4455e-20 5.8419e-06 8.5729e-03 5.1061e-02 1.2640e-03 ] 9.3910e-01
 5.451e+01 5.9468e-02 5.9468e-02 [ 3.4075e-20 5.2677e-06 8.2076e-03 5.0010e-02 1.2448e-03 ] 9.4053e-01
 5.463e+01 5.8044e-02 5.8044e-02 [ 2.6094e-20 4.7462e-06 7.8534e-03 4.8960e-02 1.2254e-03 ] 9.4196e-01
 5.474e+01 5.6632e-02 5.6632e-02 [ 1.9963e-20 4.2729e-06 7.5103e-03 4.7912e-02 1.2059e-03 ] 9.4337e-01
 5.485e+01 5.5234e-02 5.5234e-02 [ 1.5257e-20 3.8439e-06 7.1782e-03 4.6866e-02 1.1864e-03 ] 9.4477e-01
 5.497e+01 5.3849e-02 5.3849e-02 [ 1.1650e-20 3.4552e-06 6.8568e-03 4.5822e-02 1.1667e-03 ] 9.4615e-01
 5.508e+01 5.2479e-02 5.2479e-02 [ 8.8864e-21 3.1034e-06 6.5461e-03 4.4783e-02 1.1470e-03 ] 9.4752e-01
 5.519e+01 5.1123e-02 5.1123e-02 [ 6.7720e-21 2.7852e-06 6.2458e-03 4.3747e-02 1.1272e-03 ] 9.4888e-01
 5.531e+01 4.9782e-02 4.9782e-02 [ 5.1558e-21 2.4976e-06 5.9559e-03 4.2717e-02 1.1073e-03 ] 9.5022e-01
 5.542e+01 4.8457e-02 4.8457e-02 [ 3.9215e-21 2.2379e-06 5.6761e-03 4.1692e-02 1.0874e-03 ] 9.5154e-01
 5.553e+01 4.7149e-02 4.7149e-02 [ 2.9798e-21 2.0037e-06 5.4063e-03 4.0673e-02 1.0675e-03 ] 9.5285e-01
 5.565e+01 4.5857e-02 4.5857e-02 [ 2.2620e-21 1.7925e-06 5.1462e-03 3.9661e-02 1.0476e-03 ] 9.5414e-01
 5.576e+01 4.4582e-02 4.4582e-02 [ 1.7155e-21 1.6023e-06 4.8958e-03 3.8657e-02 1.0277e-03 ] 9.5542e-01
 5.587e+01 4.3324e-02 4.3324e-02 [ 1.2998e-21 1.4312e-06 4.6548e-03 3.7660e-02 1.0077e-03 ] 9.5668e-01
 5.599e+01 4.2085e-02 4.2085e-02 [ 9.8386e-22 1.2773e-06 4.4230e-03 3.6673e-02 9.8782e-04 ] 9.5792e-01
 5.610e+01 4.0864e-02 4.0864e-02 [ 7.4400e-22 1.1390e-06 4.2002e-03 3.5695e-02 9.6793e-04 ] 9.5914e-01
 5.621e+01 3.9662e-02 3.9662e-02 [ 5.6208e-22 1.0149e-06 3.9862e-03 3.4726e-02 9.4809e-04 ] 9.6034e-01
 5.633e+01 3.8478e-02 3.8478e-02 [ 4.2423e-22 9.0360e-07 3.7808e-03 3.3768e-02 9.2830e-04 ] 9.6152e-01
 5.644e+01 3.7315e-02 3.7315e-02 [ 3.1989e-22 8.0385e-07 3.5838e-03 3.2821e-02 9.0858e-04 ] 9.6269e-01
 5.655e+01 3.6171e-02 3.6171e-02 [ 2.4097e-22 7.1453e-07 3.3950e-03 3.1886e-02 8.8893e-04 ] 9.6383e-01
 5.667e+01 3.5047e-02 3.5047e-02 [ 1.8135e-22 6.3463e-07 3.2142e-03 3.0962e-02 8.6936e-04 ] 9.6495e-01
 5.678e+01 3.3943e-02 3.3943e-02 [ 1.3636e-22 5.6320e-07 3.0411e-03 3.0051e-02 8.4990e-04 ] 9.6606e-01
 5.689e+01 3.2860e-02 3.2860e-02 [ 1.0242e-22 4.9941e-07 2.8756e-03 2.9153e-02 8.3054e-04 ] 9.6714e-01
 5.701e+01 3.1797e-02 3.1797e-02 [ 7.6864e-23 4.4249e-07 2.7174e-03 2.8268e-02 8.1130e-04 ] 9.6820e-01
 5.712e+01 3.0756e-02 3.0756e-02 [ 5.7627e-23 3.9174e-07 2.5663e-03 2.7397e-02 7.9220e-04 ] 9.6924e-01
 5.723e+01 2.9736e-02 2.9736e-02 [ 4.3164e-23 3.4652e-07 2.4220e-03 2.6540e-02 7.7323e-04 ] 9.7026e-01
 5.735e+01 2.8736e-02 2.8736e-02 [ 3.2300e-23 3.0628e-07 2.2845e-03 2.5697e-02 7.5441e-04 ] 9.7126e-01
 5.746e+01 2.7759e-02 2.7759e-02 [ 2.4147e-23 2.7050e-07 2.1534e-03 2.4869e-02 7.3575e-04 ] 9.7224e-01
 5.757e+01 2.6802e-02 2.6802e-02 [ 1.8036e-23 2.3870e-07 2.0285e-03 2.4056e-02 7.1726e-04 ] 9.7320e-01
 5.769e+01 2.5868e-02 2.5868e-02 [ 1.3458e-23 2.1046e-07 1.9097e-03 2.3259e-02 6.9895e-04 ] 9.7413e-01
 5.780e+01 2.4954e-02 2.4954e-02 [ 1.0033e-23 1.8542e-07 1.7967e-03 2.2476e-02 6.8083e-04 ] 9.7505e-01
 5.791e+01 2.4062e-02 2.4062e-02 [ 7.4723e-24 1.6323e-07 1.6894e-03 2.1710e-02 6.6291e-04 ] 9.7594e-01
 5.803e+01 2.3192e-02 2.3192e-02 [ 5.5601e-24 1.4357e-07 1.5874e-03 2.0960e-02 6.4519e-04 ] 9.7681e-01
 5.814e+01 2.2344e-02 2.2344e-02 [ 4.1334e-24 1.2618e-07 1.4906e-03 2.0225e-02 6.2768e-04 ] 9.7766e-01
 5.825e+01 2.1516e-02 2.1516e-02 [ 3.0699e-24 1.1081e-07 1.3989e-03 1.9507e-02 6.1039e-04 ] 9.7848e-01
 5.837e+01 2.0710e-02 2.0710e-02 [ 2.2779e-24 9.7226e-08 1.3119e-03 1.8805e-02 5.9334e-04 ] 9.7929e-01
 5.848e+01 1.9926e-02 1.9926e-02 [ 1.6887e-24 8.5242e-08 1.2296e-03 1.8120e-02 5.7651e-04 ] 9.8007e-01
 5.859e+01 1.9162e-02 1.9162e-02 [ 1.2507e-24 7.4675e-08 1.1517e-03 1.7450e-02 5.5993e-04 ] 9.8084e-01
 5.871e+01 1.8420e-02 1.8420e-02 [ 9.2547e-25 6.5365e-08 1.0780e-03 1.6798e-02 5.4359e-04 ] 9.8158e-01
 5.882e+01 1.7698e-02 1.7698e-02 [ 6.8418e-25 5.7169e-08 1.0084e-03 1.6162e-02 5.2751e-04 ] 9.8230e-01
 5.893e+01 1.6997e-02 1.6997e-02 [ 5.0533e-25 4.9961e-08 9.4273e-04 1.5542e-02 5.1168e-04 ] 9.8300e-01
 5.905e+01 1.6316e-02 1.6316e-02 [ 3.7290e-25 4.3626e-08 8.8075e-04 1.4939e-02 4.9612e-04 ] 9.8368e-01
 5.916e+01 1.5656e-02 1.5656e-02 [ 2.7492e-25 3.8064e-08 8.2231e-04 1.4353e-02 4.8083e-04 ] 9.8434e-01
 5.927e+01 1.5015e-02 1.5015e-02 [ 2.0250e-25 3.3184e-08 7.6725e-04 1.3782e-02 4.6581e-04 ] 9.8498e-01
 5.939e+01 1.4395e-02 1.4395e-02 [ 1.4902e-25 2.8907e-08 7.1543e-04 1.3228e-02 4.5106e-04 ] 9.8561e-01
 5.950e+01 1.3794e-02 1.3794e-02 [ 1.0956e-25 2.5161e-08 6.6667e-04 1.2690e-02 4.3659e-04 ] 9.8621e-01
 5.961e+01 1.3212e-02 1.3212e-02 [ 8.0483e-26 2.1883e-08 6.2084e-04 1.2168e-02 4.2241e-04 ] 9.8679e-01
 5.973e+01 1.2648e-02 1.2648e-02 [ 5.9067e-26 1.9016e-08 5.7779e-04 1.1662e-02 4.0851e-04 ] 9.8735e-01
 5.984e+01 1.2104e-02 1.2104e-02 [ 4.3311e-26 1.6512e-08 5.3738e-04 1.1172e-02 3.9489e-04 ] 9.8790e-01
 5.995e+01 1.1577e-02 1.1577e-02 [ 3.1730e-26 1.4326e-08 4.9948e-04 1.0696e-02 3.8157e-04 ] 9.8842e-01
 6.007e+01 1.1069e-02 1.1069e-02 [ 2.3224e-26 1.2420e-08 4.6395e-04 1.0237e-02 3.6853e-04 ] 9.8893e-01
 6.018e+01 1.0578e-02 1.0578e-02 [ 1.6984e-26 1.0759e-08 4.3068e-04 9.7919e-03 3.5579e-04 ] 9.8942e-01
 6.029e+01 1.0105e-02 1.0105e-02 [ 1.2409e-26 9.3125e-09 3.9953e-04 9.3619e-03 3.4333e-04 ] 9.8990e-01
 6.041e+01 9.6482e-03 9.6482e-03 [ 9.0587e-27 8.0541e-09 3.7040e-04 8.9466e-03 3.3117e-04 ] 9.9035e-01
 6.052e+01 9.2081e-03 9.2081e-03 [ 6.6070e-27 6.9603e-09 3.4318e-04 8.5456e-03 3.1930e-04 ] 9.9079e-01
 6.063e+01 8.7842e-03 8.7842e-03 [ 4.8147e-27 6.0104e-09 3.1775e-04 8.1587e-03 3.0772e-04 ] 9.9122e-01
 6.075e+01 8.3761e-03 8.3761e-03 [ 3.5055e-27 5.1859e-09 2.9403e-04 7.7856e-03 2.9643e-04 ] 9.9162e-01
 6.086e+01 7.9834e-03 7.9834e-03 [ 2.5500e-27 4.4711e-09 2.7190e-04 7.4261e-03 2.8543e-04 ] 9.9202e-01
 6.097e+01 7.6058e-03 7.6058e-03 [ 1.8534e-27 3.8518e-09 2.5127e-04 7.0798e-03 2.7472e-04 ] 9.9239e-01
 6.109e+01 7.2429e-03 7.2429e-03 [ 1.3459e-27 3.3157e-09 2.3207e-04 6.7465e-03 2.6430e-04 ] 9.9276e-01
 6.120e+01 6.8942e-03 6.8942e-03 [ 9.7654e-28 2.8519e-09 2.1420e-04 6.4259e-03 2.5415e-04 ] 9.9311e-01
 6.131e+01 6.5595e-03 6.5595e-03 [ 7.0793e-28 2.4512e-09 1.9758e-04 6.1176e-03 2.4430e-04 ] 9.9344e-01
 6.143e+01 6.2382e-03 6.2382e-03 [ 5.1277e-28 2.1051e-09 1.8213e-04 5.8214e-03 2.3472e-04 ] 9.9376e-01
 6.154e+01 5.9302e-03 5.9302e-03 [ 3.7109e-28 1.8065e-09 1.6779e-04 5.5370e-03 2.2542e-04 ] 9.9407e-01
 6.165e+01 5.6349e-03 5.6349e-03 [ 2.6833e-28 1.5490e-09 1.5448e-04 5.2640e-03 2.1639e-04 ] 9.9437e-01
 6.177e+01 5.3520e-03 5.3520e-03 [ 1.9386e-28 1.3273e-09 1.4214e-04 5.0022e-03 2.0763e-04 ] 9.9465e-01
 6.188e+01 5.0810e-03 5.0810e-03 [ 1.3994e-28 1.1364e-09 1.3070e-04 4.7512e-03 1.9914e-04 ] 9.9492e-01
 6.199e+01 4.8218e-03 4.8218e-03 [ 1.0094e-28 9.7218e-10 1.2011e-04 4.5107e-03 1.9092e-04 ] 9.9518e-01
 6.211e+01 4.5738e-03 4.5738e-03 [ 7.2741e-29 8.3109e-10 1.1031e-04 4.2805e-03 1.8295e-04 ] 9.9543e-01
 6.222e+01 4.3367e-03 4.3367e-03 [ 5.2379e-29 7.0994e-10 1.0124e-04 4.0602e-03 1.7524e-04 ] 9.9566e-01
 6.233e+01 4.1101e-03 4.1101e-03 [ 3.7685e-29 6.0599e-10 9.2868e-05 3.8494e-03 1.6778e-04 ] 9.9589e-01
 6.245e+01 3.8937e-03 3.8937e-03 [ 2.7091e-29 5.1687e-10 8.5133e-05 3.6480e-03 1.6057e-04 ] 9.9611e-01
 6.256e+01 3.6872e-03 3.6872e-03 [ 1.9459e-29 4.4052e-10 7.7995e-05 3.4556e-03 1.5360e-04 ] 9.9631e-01
 6.267e+01 3.4901e-03 3.4901e-03 [ 1.3966e-29 3.7518e-10 7.1412e-05 3.2718e-03 1.4687e-04 ] 9.9651e-01
 6.279e+01 3.3022e-03 3.3022e-03 [ 1.0015e-29 3.1929e-10 6.5345e-05 3.0965e-03 1.4038e-04 ] 9.9670e-01
 6.290e+01 3.1231e-03 3.1231e-03 [ 7.1764e-30 2.7152e-10 5.9757e-05 2.9292e-03 1.3411e-04 ] 9.9688e-01
 6.301e+01 2.9524e-03 2.9524e-03 [ 5.1381e-30 2.3073e-10 5.4615e-05 2.7698e-03 1.2807e-04 ] 9.9705e-01
 6.313e+01 2.7900e-03 2.7900e-03 [ 3.6758e-30 1.9592e-10 4.9885e-05 2.6178e-03 1.2224e-04 ] 9.9721e-01
 6.324e+01 2.6354e-03 2.6354e-03 [ 2.6275e-30 1.6624e-10 4.5538e-05 2.4732e-03 1.1664e-04 ] 9.9736e-01
 6.335e+01 2.4883e-03 2.4883e-03 [ 1.8767e-30 1.4096e-10 4.1545e-05 2.3355e-03 1.1124e-04 ] 9.9751e-01
 6.347e+01 2.3484e-03 2.3484e-03 [ 1.3394e-30 1.1943e-10 3.7879e-05 2.2045e-03 1.0604e-04 ] 9.9765e-01
 6.358e+01 2.2156e-03 2.2156e-03 [ 9.5520e-31 1.0112e-10 3.4517e-05 2.0800e-03 1.0105e-04 ] 9.9778e-01
 6.369e+01 2.0894e-03 2.0894e-03 [ 6.8065e-31 8.5554e-11 3.1435e-05 1.9617e-03 9.6243e-05 ] 9.9791e-01
 6.381e+01 1.9695e-03 1.9695e-03 [ 4.8465e-31 7.2332e-11 2.8612e-05 1.8493e-03 9.1630e-05 ] 9.9803e-01
 6.392e+01 1.8558e-03 1.8558e-03 [ 3.4482e-31 6.1110e-11 2.6027e-05 1.7426e-03 8.7200e-05 ] 9.9814e-01
 6.403e+01 1.7480e-03 1.7480e-03 [ 2.4514e-31 5.1592e-11 2.3662e-05 1.6414e-03 8.2950e-05 ] 9.9825e-01
 6.415e+01 1.6458e-03 1.6458e-03 [ 1.7415e-31 4.3526e-11 2.1499e-05 1.5454e-03 7.8872e-05 ] 9.9835e-01
 6.426e+01 1.5489e-03 1.5489e-03 [ 1.2362e-31 3.6695e-11 1.9523e-05 1.4544e-03 7.4964e-05 ] 9.9845e-01
 6.437e+01 1.4572e-03 1.4572e-03 [ 8.7683e-32 3.0915e-11 1.7719e-05 1.3682e-03 7.1218e-05 ] 9.9854e-01
 6.449e+01 1.3703e-03 1.3703e-03 [ 6.2148e-32 2.6027e-11 1.6072e-05 1.2866e-03 6.7632e-05 ] 9.9863e-01
 6.460e+01 1.2881e-03 1.2881e-03 [ 4.4016e-32 2.1896e-11 1.4570e-05 1.2094e-03 6.4198e-05 ] 9.9871e-01
 6.471e+01 1.2104e-03 1.2104e-03 [ 3.1151e-32 1.8408e-11 1.3201e-05 1.1363e-03 6.0913e-05 ] 9.9879e-01
 6.483e+01 1.1369e-03 1.1369e-03 [ 2.2030e-32 1.5466e-11 1.1954e-05 1.0672e-03 5.7772e-05 ] 9.9886e-01
 6.494e+01 1.0675e-03 1.0675e-03 [ 1.5568e-32 1.2984e-11 1.0819e-05 1.0019e-03 5.4770e-05 ] 9.9893e-01
 6.505e+01 1.0019e-03 1.0019e-03 [ 1.0994e-32 1.0894e-11 9.7864e-06 9.4022e-04 5.1903e-05 ] 9.9900e-01
 6.517e+01 9.3999e-04 9.3999e-04 [ 7.7578e-33 9.1337e-12 8.8474e-06 8.8198e-04 4.9164e-05 ] 9.9906e-01
 6.528e+01 8.8157e-04 8.8157e-04 [ 5.4704e-33 7.6527e-12 7.9941e-06 8.2702e-04 4.6551e-05 ] 9.9912e-01
 6.539e+01 8.2646e-04 8.2646e-04 [ 3.8546e-33 6.4076e-12 7.2193e-06 7.7518e-04 4.4059e-05 ] 9.9917e-01
 6.551e+01 7.7450e-04 7.7450e-04 [ 2.7142e-33 5.3615e-12 6.5160e-06 7.2631e-04 4.1682e-05 ] 9.9923e-01
 6.562e+01 7.2554e-04 7.2554e-04 [ 1.9098e-33 4.4832e-12 5.8781e-06 6.8024e-04 3.9418e-05 ] 9.9927e-01
 6.573e+01 6.7941e-04 6.7941e-04 [ 1.3428e-33 3.7463e-12 5.2999e-06 6.3685e-04 3.7261e-05 ] 9.9932e-01
 6.585e+01 6.3598e-04 6.3598e-04 [ 9.4352e-34 3.1285e-12 4.7760e-06 5.9600e-04 3.5207e-05 ] 9.9936e-01
 6.596e+01 5.9511e-04 5.9511e-04 [ 6.6249e-34 2.6108e-12 4.3016e-06 5.5755e-04 3.3253e-05 ] 9.9940e-01
 6.607e+01 5.5665e-04 5.5665e-04 [ 4.6485e-34 2.1774e-12 3.8724e-06 5.2139e-04 3.1395e-05 ] 9.9944e-01
 6.619e+01 5.2049e-04 5.2049e-04 [ 3.2594e-34 1.8148e-12 3.4841e-06 4.8738e-04 2.9629e-05 ] 9.9948e-01
 6.630e+01 4.8650e-04 4.8650e-04 [ 2.2839e-34 1.5116e-12 3.1332e-06 4.5541e-04 2.7950e-05 ] 9.9951e-01
 6.641e+01 4.5456e-04 4.5456e-04 [ 1.5992e-34 1.2582e-12 2.8162e-06 4.2539e-04 2.6356e-05 ] 9.9955e-01
 6.653e+01 4.2456e-04 4.2456e-04 [ 1.1191e-34 1.0467e-12 2.5299e-06 3.9719e-04 2.4843e-05 ] 9.9958e-01
 6.664e+01 3.9640e-04 3.9640e-04 [ 7.8253e-35 8.7014e-13 2.2716e-06 3.7072e-04 2.3407e-05 ] 9.9960e-01
 6.675e+01 3.6997e-04 3.6997e-04 [ 5.4684e-35 7.2293e-13 2.0387e-06 3.4589e-04 2.2045e-05 ] 9.9963e-01
 6.687e+01 3.4519e-04 3.4519e-04 [ 3.8189e-35 6.0024e-13 1.8287e-06 3.2260e-04 2.0754e-05 ] 9.9965e-01
 6.698e+01 3.2194e-04 3.2194e-04 [ 2.6651e-35 4.9807e-13 1.6395e-06 3.0077e-04 1.9531e-05 ] 9.9968e-01
 6.709e+01 3.0016e-04 3.0016e-04 [ 1.8587e-35 4.1303e-13 1.4692e-06 2.8031e-04 1.8373e-05 ] 9.9970e-01
 6.721e+01 2.7975e-04 2.7975e-04 [ 1.2955e-35 3.4230e-13 1.3159e-06 2.6115e-04 1.7277e-05 ] 9.9972e-01
 6.732e+01 2.6063e-04 2.6063e-04 [ 9.0233e-36 2.8351e-13 1.1781e-06 2.4321e-04 1.6239e-05 ] 9.9974e-01
 6.743e+01 2.4274e-04 2.4274e-04 [ 6.2809e-36 2.3468e-13 1.0541e-06 2.2642e-04 1.5258e-05 ] 9.9976e-01
 6.755e+01 2.2599e-04 2.2599e-04 [ 4.3692e-36 1.9413e-13 9.4279e-07 2.1072e-04 1.4330e-05 ] 9.9977e-01
 6.766e+01 2.1033e-04 2.1033e-04 [ 3.0374e-36 1.6050e-13 8.4280e-07 1.9603e-04 1.3454e-05 ] 9.9979e-01
 6.777e+01 1.9568e-04 1.9568e-04 [ 2.1102e-36 1.3262e-13 7.5306e-07 1.8230e-04 1.2626e-05 ] 9.9980e-01
 6.789e+01 1.8199e-04 1.8199e-04 [ 1.4651e-36 1.0951e-13 6.7255e-07 1.6948e-04 1.1845e-05 ] 9.9982e-01
 6.800e+01 1.6920e-04 1.6920e-04 [ 1.0166e-36 9.0375e-14 6.0037e-07 1.5750e-04 1.1107e-05 ] 9.9983e-01
 6.811e+01 1.5726e-04 1.5726e-04 [ 7.0497e-37 7.4541e-14 5.3569e-07 1.4631e-04 1.0412e-05 ] 9.9984e-01
 6.823e+01 1.4611e-04 1.4611e-04 [ 4.8856e-37 6.1445e-14 4.7775e-07 1.3587e-04 9.7560e-06 ] 9.9985e-01
 6.834e+01 1.3570e-04 1.3570e-04 [ 3.3837e-37 5.0621e-14 4.2588e-07 1.2614e-04 9.1381e-06 ] 9.9986e-01
 6.845e+01 1.2599e-04 1.2599e-04 [ 2.3421e-37 4.1679e-14 3.7947e-07 1.1706e-04 8.5560e-06 ] 9.9987e-01
 6.857e+01 1.1694e-04 1.1694e-04 [ 1.6202e-37 3.4297e-14 3.3796e-07 1.0859e-04 8.0079e-06 ] 9.9988e-01
 6.868e+01 1.0850e-04 1.0850e-04 [ 1.1201e-37 2.8206e-14 3.0086e-07 1.0071e-04 7.4920e-06 ] 9.9989e-01
 6.879e+01 1.0063e-04 1.0063e-04 [ 7.7389e-38 2.3184e-14 2.6771e-07 9.3359e-05 7.0068e-06 ] 9.9990e-01
 6.891e+01 9.3308e-05 9.3308e-05 [ 5.3438e-38 1.9046e-14 2.3810e-07 8.6520e-05 6.5505e-06 ] 9.9991e-01
 6.902e+01 8.6487e-05 8.6487e-05 [ 3.6878e-38 1.5637e-14 2.1168e-07 8.0154e-05 6.1215e-06 ] 9.9991e-01
 6.913e+01 8.0138e-05 8.0138e-05 [ 2.5435e-38 1.2831e-14 1.8810e-07 7.4231e-05 5.7186e-06 ] 9.9992e-01
 6.925e+01 7.4231e-05 7.4231e-05 [ 1.7533e-38 1.0523e-14 1.6708e-07 6.8723e-05 5.3401e-06 ] 9.9993e-01
 6.936e+01 6.8736e-05 6.8736e-05 [ 1.2078e-38 8.6253e-15 1.4834e-07 6.3603e-05 4.9848e-06 ] 9.9993e-01
 6.947e+01 6.3627e-05 6.3627e-05 [ 8.3160e-39 7.0660e-15 1.3164e-07 5.8844e-05 4.6515e-06 ] 9.9994e-01
 6.959e+01 5.8878e-05 5.8878e-05 [ 5.7224e-39 5.7854e-15 1.1678e-07 5.4423e-05 4.3388e-06 ] 9.9994e-01
 6.970e+01 5.4466e-05 5.4466e-05 [ 3.9354e-39 4.7343e-15 1.0355e-07 5.0317e-05 4.0456e-06 ] 9.9995e-01
 6.981e+01 5.0369e-05 5.0369e-05 [ 2.7050e-39 3.8721e-15 9.1774e-08 4.6506e-05 3.7709e-06 ] 9.9995e-01
 6.993e+01 4.6564e-05 4.6564e-05 [ 1.8582e-39 3.1652e-15 8.1306e-08 4.2970e-05 3.5135e-06 ] 9.9995e-01
 7.004e+01 4.3033e-05 4.3033e-05 [ 1.2758e-39 2.5860e-15 7.2002e-08 3.9689e-05 3.2725e-06 ] 9.9996e-01
 7.015e+01 3.9757e-05 3.9757e-05 [ 8.7543e-40 2.1117e-15 6.3735e-08 3.6647e-05 3.0469e-06 ] 9.9996e-01
 7.027e+01 3.6719e-05 3.6719e-05 [ 6.0038e-40 1.7234e-15 5.6394e-08 3.3827e-05 2.8358e-06 ] 9.9996e-01
 7.038e+01 3.3902e-05 3.3902e-05 [ 4.1153e-40 1.4058e-15 4.9878e-08 3.1213e-05 2.6384e-06 ] 9.9997e-01
 7.049e+01 3.1291e-05 3.1291e-05 [ 2.8192e-40 1.1461e-15 4.4096e-08 2.8793e-05 2.4538e-06 ] 9.9997e-01
 7.061e+01 2.8872e-05 2.8872e-05 [ 1.9303e-40 9.3395e-16 3.8969e-08 2.6551e-05 2.2814e-06 ] 9.9997e-01
 7.072e+01 2.6631e-05 2.6631e-05 [ 1.3210e-40 7.6065e-16 3.4424e-08 2.4476e-05 2.1202e-06 ] 9.9997e-01
 7.083e+01 2.4557e-05 2.4557e-05 [ 9.0352e-41 6.1919e-16 3.0396e-08 2.2556e-05 1.9698e-06 ] 9.9998e-01
 7.095e+01 2.2637e-05 2.2637e-05 [ 6.1765e-41 5.0378e-16 2.6829e-08 2.0781e-05 1.8294e-06 ] 9.9998e-01
 7.106e+01 2.0860e-05 2.0860e-05 [ 4.2201e-41 4.0968e-16 2.3671e-08 1.9138e-05 1.6984e-06 ] 9.9998e-01
 7.117e+01 1.9217e-05 1.9217e-05 [ 2.8819e-41 3.3298e-16 2.0876e-08 1.7620e-05 1.5762e-06 ] 9.9998e-01
 7.129e+01 1.7698e-05 1.7698e-05 [ 1.9670e-41 2.7051e-16 1.8404e-08 1.6218e-05 1.4623e-06 ] 9.9998e-01
 7.140e+01 1.6294e-05 1.6294e-05 [ 1.3418e-41 2.1964e-16 1.6218e-08 1.4922e-05 1.3561e-06 ] 9.9998e-01
 7.151e+01 1.4997e-05 1.4997e-05 [ 9.1491e-42 1.7826e-16 1.4286e-08 1.3725e-05 1.2572e-06 ] 9.9998e-01
 7.163e+01 1.3798e-05 1.3798e-05 [ 6.2350e-42 1.4460e-16 1.2580e-08 1.2621e-05 1.1651e-06 ] 9.9999e-01
 7.174e+01 1.2692e-05 1.2692e-05 [ 4.2469e-42 1.1723e-16 1.1073e-08 1.1601e-05 1.0794e-06 ] 9.9999e-01
 7.185e+01 1.1670e-05 1.1670e-05 [ 2.8913e-42 9.5004e-17 9.7422e-09 1.0661e-05 9.9962e-07 ] 9.9999e-01
 7.197e+01 1.0728e-05 1.0728e-05 [ 1.9674e-42 7.6951e-17 8.5684e-09 9.7939e-06 9.2543e-07 ] 9.9999e-01
 7.208e+01 9.8585e-06 9.8585e-06 [ 1.3381e-42 6.2298e-17 7.5331e-09 8.9945e-06 8.5645e-07 ] 9.9999e-01
 7.219e+01 9.0568e-06 9.0568e-06 [ 9.0960e-43 5.0411e-17 6.6204e-09 8.2579e-06 7.9233e-07 ] 9.9999e-01
 7.231e+01 8.3178e-06 8.3178e-06 [ 6.1803e-43 4.0773e-17 5.8160e-09 7.5792e-06 7.3277e-07 ] 9.9999e-01
 7.242e+01 7.6367e-06 7.6367e-06 [ 4.1971e-43 3.2962e-17 5.1074e-09 6.9541e-06 6.7745e-07 ] 9.9999e-01
 7.253e+01 7.0093e-06 7.0093e-06 [ 2.8490e-43 2.6634e-17 4.4834e-09 6.3787e-06 6.2609e-07 ] 9.9999e-01
 7.265e+01 6.4314e-06 6.4314e-06 [ 1.9329e-43 2.1511e-17 3.9342e-09 5.8491e-06 5.7843e-07 ] 9.9999e-01
 7.276e+01 5.8995e-06 5.8995e-06 [ 1.3108e-43 1.7365e-17 3.4510e-09 5.3618e-06 5.3421e-07 ] 9.9999e-01
 7.287e+01 5.4099e-06 5.4099e-06 [ 8.8846e-44 1.4012e-17 3.0260e-09 4.9136e-06 4.9321e-07 ] 9.9999e-01
 7.299e+01 4.9594e-06 4.9594e-06 [ 6.0192e-44 1.1301e-17 2.6523e-09 4.5016e-06 4.5520e-07 ] 1.0000e+00
 7.310e+01 4.5451e-06 4.5451e-06 [ 4.0760e-44 9.1101e-18 2.3239e-09 4.1228e-06 4.1997e-07 ] 1.0000e+00
 7.321e+01 4.1642e-06 4.1642e-06 [ 2.7589e-44 7.3406e-18 2.0355e-09 3.7748e-06 3.8735e-07 ] 1.0000e+00
 7.333e+01 3.8140e-06 3.8140e-06 [ 1.8665e-44 5.9121e-18 1.7821e-09 3.4551e-06 3.5714e-07 ] 1.0000e+00
 7.344e+01 3.4923e-06 3.4923e-06 [ 1.2622e-44 4.7594e-18 1.5598e-09 3.1615e-06 3.2917e-07 ] 1.0000e+00
 7.355e+01 3.1967e-06 3.1967e-06 [ 8.5312e-45 3.8297e-18 1.3647e-09 2.8920e-06 3.0329e-07 ] 1.0000e+00
 7.367e+01 2.9253e-06 2.9253e-06 [ 5.7637e-45 3.0802e-18 1.1935e-09 2.6447e-06 2.7936e-07 ] 1.0000e+00
 7.378e+01 2.6761e-06 2.6761e-06 [ 3.8922e-45 2.4763e-18 1.0434e-09 2.4179e-06 2.5723e-07 ] 1.0000e+00
 7.389e+01 2.4475e-06 2.4475e-06 [ 2.6272e-45 1.9899e-18 9.1193e-10 2.2098e-06 2.3677e-07 ] 1.0000e+00
 7.401e+01 2.2377e-06 2.2377e-06 [ 1.7725e-45 1.5983e-18 7.9670e-10 2.0190e-06 2.1787e-07 ] 1.0000e+00
 7.412e+01 2.0453e-06 2.0453e-06 [ 1.1954e-45 1.2832e-18 6.9578e-10 1.8442e-06 2.0041e-07 ] 1.0000e+00
 7.423e+01 1.8689e-06 1.8689e-06 [ 8.0579e-46 1.0298e-18 6.0742e-10 1.6840e-06 1.8429e-07 ] 1.0000e+00
 7.435e+01 1.7072e-06 1.7072e-06 [ 5.4293e-46 8.2601e-19 5.3010e-10 1.5373e-06 1.6941e-07 ] 1.0000e+00
 7.446e+01 1.5591e-06 1.5591e-06 [ 3.6566e-46 6.6228e-19 4.6246e-10 1.4029e-06 1.5569e-07 ] 1.0000e+00
 7.457e+01 1.4234e-06 1.4234e-06 [ 2.4616e-46 5.3077e-19 4.0330e-10 1.2799e-06 1.4302e-07 ] 1.0000e+00
 7.469e+01 1.2991e-06 1.2991e-06 [ 1.6564e-46 4.2519e-19 3.5159e-10 1.1674e-06 1.3135e-07 ] 1.0000e+00
 7.480e+01 1.1853e-06 1.1853e-06 [ 1.1141e-46 3.4046e-19 3.0640e-10 1.0644e-06 1.2059e-07 ] 1.0000e+00
 7.491e+01 1.0812e-06 1.0812e-06 [ 7.4904e-47 2.7250e-19 2.6693e-10 9.7025e-07 1.1067e-07 ] 1.0000e+00
 7.503e+01 9.8593e-07 9.8593e-07 [ 5.0338e-47 2.1801e-19 2.3246e-10 8.8416e-07 1.0154e-07 ] 1.0000e+00
 7.514e+01 8.9881e-07 8.9881e-07 [ 3.3814e-47 1.7434e-19 2.0237e-10 8.0547e-07 9.3132e-08 ] 1.0000e+00
 7.525e+01 8.1915e-07 8.1915e-07 [ 2.2705e-47 1.3936e-19 1.7611e-10 7.3358e-07 8.5392e-08 ] 1.0000e+00
 7.537e+01 7.4633e-07 7.4633e-07 [ 1.5239e-47 1.1135e-19 1.5321e-10 6.6791e-07 7.8271e-08 ] 1.0000e+00
 7.548e+01 6.7980e-07 6.7980e-07 [ 1.0224e-47 8.8930e-20 1.3324e-10 6.0794e-07 7.1721e-08 ] 1.0000e+00
 7.559e+01 6.1902e-07 6.1902e-07 [ 6.8562e-48 7.0995e-20 1.1584e-10 5.5320e-07 6.5698e-08 ] 1.0000e+00
 7.571e+01 5.6351e-07 5.6351e-07 [ 4.5960e-48 5.6653e-20 1.0067e-10 5.0325e-07 6.0162e-08 ] 1.0000e+00
 7.582e+01 5.1283e-07 5.1283e-07 [ 3.0796e-48 4.5190e-20 8.7457e-11 4.5767e-07 5.5075e-08 ] 1.0000e+00
 7.593e+01 4.6658e-07 4.6658e-07 [ 2.0626e-48 3.6030e-20 7.5954e-11 4.1610e-07 5.0402e-08 ] 1.0000e+00
 7.605e+01 4.2438e-07 4.2438e-07 [ 1.3810e-48 2.8715e-20 6.5941e-11 3.7820e-07 4.6111e-08 ] 1.0000e+00
 7.616e+01 3.8589e-07 3.8589e-07 [ 9.2418e-49 2.2876e-20 5.7229e-11 3.4366e-07 4.2173e-08 ] 1.0000e+00
 7.627e+01 3.5079e-07 3.5079e-07 [ 6.1824e-49 1.8217e-20 4.9651e-11 3.1218e-07 3.8558e-08 ] 1.0000e+00
 7.639e+01 3.1879e-07 3.1879e-07 [ 4.1341e-49 1.4500e-20 4.3062e-11 2.8350e-07 3.5243e-08 ] 1.0000e+00
 7.650e+01 2.8963e-07 2.8963e-07 [ 2.7634e-49 1.1537e-20 3.7335e-11 2.5739e-07 3.2202e-08 ] 1.0000e+00
 7.661e+01 2.6306e-07 2.6306e-07 [ 1.8464e-49 9.1757e-21 3.2358e-11 2.3361e-07 2.9415e-08 ] 1.0000e+00
 7.673e+01 2.3886e-07 2.3886e-07 [ 1.2332e-49 7.2947e-21 2.8036e-11 2.1197e-07 2.6861e-08 ] 1.0000e+00
 7.684e+01 2.1683e-07 2.1683e-07 [ 8.2329e-50 5.7969e-21 2.4283e-11 1.9229e-07 2.4521e-08 ] 1.0000e+00
 7.695e+01 1.9678e-07 1.9678e-07 [ 5.4943e-50 4.6047e-21 2.1025e-11 1.7438e-07 2.2378e-08 ] 1.0000e+00
 7.707e+01 1.7853e-07 1.7853e-07 [ 3.6652e-50 3.6563e-21 1.8198e-11 1.5809e-07 2.0415e-08 ] 1.0000e+00
 7.718e+01 1.6192e-07 1.6192e-07 [ 2.4441e-50 2.9020e-21 1.5746e-11 1.4329e-07 1.8620e-08 ] 1.0000e+00
 7.729e+01 1.4682e-07 1.4682e-07 [ 1.6292e-50 2.3024e-21 1.3620e-11 1.2983e-07 1.6977e-08 ] 1.0000e+00
 7.741e+01 1.3310e-07 1.3310e-07 [ 1.0856e-50 1.8259e-21 1.1777e-11 1.1761e-07 1.5474e-08 ] 1.0000e+00
 7.752e+01 1.2062e-07 1.2062e-07 [ 7.2305e-51 1.4475e-21 1.0181e-11 1.0651e-07 1.4100e-08 ] 1.0000e+00
 7.763e+01 1.0928e-07 1.0928e-07 [ 4.8141e-51 1.1470e-21 8.7973e-12 9.6426e-08 1.2844e-08 ] 1.0000e+00
 7.775e+01 9.8979e-08 9.8979e-08 [ 3.2040e-51 9.0854e-22 7.5995e-12 8.7275e-08 1.1697e-08 ] 1.0000e+00
 7.786e+01 8.9625e-08 8.9625e-08 [ 2.1316e-51 7.1937e-22 6.5627e-12 7.8970e-08 1.0648e-08 ] 1.0000e+00
 7.797e+01 8.1133e-08 8.1133e-08 [ 1.4176e-51 5.6936e-22 5.6654e-12 7.1436e-08 9.6911e-09 ] 1.0000e+00
 7.809e+01 7.3425e-08 7.3425e-08 [ 9.4242e-52 4.5045e-22 4.8893e-12 6.4603e-08 8.8173e-09 ] 1.0000e+00
 7.820e+01 6.6431e-08 6.6431e-08 [ 6.2627e-52 3.5623e-22 4.2180e-12 5.8407e-08 8.0198e-09 ] 1.0000e+00
 7.831e+01 6.0087e-08 6.0087e-08 [ 4.1603e-52 2.8161e-22 3.6378e-12 5.2791e-08 7.2923e-09 ] 1.0000e+00
 7.843e+01 5.4334e-08 5.4334e-08 [ 2.7626e-52 2.2253e-22 3.1364e-12 4.7702e-08 6.6288e-09 ] 1.0000e+00
 7.854e+01 4.9119e-08 4.9119e-08 [ 1.8338e-52 1.7578e-22 2.7032e-12 4.3092e-08 6.0239e-09 ] 1.0000e+00
 7.865e+01 4.4391e-08 4.4391e-08 [ 1.2168e-52 1.3879e-22 2.3291e-12 3.8917e-08 5.4725e-09 ] 1.0000e+00
 7.877e+01 4.0108e-08 4.0108e-08 [ 8.0710e-53 1.0955e-22 2.0061e-12 3.5136e-08 4.9702e-09 ] 1.0000e+00
 7.888e+01 3.6229e-08 3.6229e-08 [ 5.3515e-53 8.6429e-23 1.7273e-12 3.1714e-08 4.5126e-09 ] 1.0000e+00
 7.899e+01 3.2715e-08 3.2715e-08 [ 3.5470e-53 6.8164e-23 1.4868e-12 2.8618e-08 4.0959e-09 ] 1.0000e+00
 7.911e+01 2.9535e-08 2.9535e-08 [ 2.3501e-53 5.3737e-23 1.2794e-12 2.5817e-08 3.7167e-09 ] 1.0000e+00
 7.922e+01 2.6656e-08 2.6656e-08 [ 1.5566e-53 4.2347e-23 1.1006e-12 2.3284e-08 3.3715e-09 ] 1.0000e+00
 7.933e+01 2.4052e-08 2.4052e-08 [ 1.0306e-53 3.3359e-23 9.4645e-13 2.0993e-08 3.0575e-09 ] 1.0000e+00
 7.945e+01 2.1696e-08 2.1696e-08 [ 6.8208e-54 2.6268e-23 8.1364e-13 1.8923e-08 2.7719e-09 ] 1.0000e+00
 7.956e+01 1.9566e-08 1.9566e-08 [ 4.5126e-54 2.0676e-23 6.9925e-13 1.7053e-08 2.5123e-09 ] 1.0000e+00
 7.967e+01 1.7640e-08 1.7640e-08 [ 2.9845e-54 1.6269e-23 6.0074e-13 1.5363e-08 2.2763e-09 ] 1.0000e+00
 7.979e+01 1.5899e-08 1.5899e-08 [ 1.9731e-54 1.2796e-23 5.1595e-13 1.3837e-08 2.0619e-09 ] 1.0000e+00
 7.990e+01 1.4326e-08 1.4326e-08 [ 1.3040e-54 1.0060e-23 4.4299e-13 1.2459e-08 1.8671e-09 ] 1.0000e+00
 8.001e+01 1.2906e-08 1.2906e-08 [ 8.6149e-55 7.9066e-24 3.8022e-13 1.1215e-08 1.6903e-09 ] 1.0000e+00
 8.013e+01 1.1623e-08 1.1623e-08 [ 5.6894e-55 6.2116e-24 3.2625e-13 1.0093e-08 1.5297e-09 ] 1.0000e+00
 8.024e+01 1.0465e-08 1.0465e-08 [ 3.7560e-55 4.8781e-24 2.7985e-13 9.0804e-09 1.3841e-09 ] 1.0000e+00
 8.035e+01 9.4195e-09 9.4195e-09 [ 2.4788e-55 3.8294e-24 2.3997e-13 8.1674e-09 1.2519e-09 ] 1.0000e+00
 8.047e+01 8.4764e-09 8.4764e-09 [ 1.6353e-55 3.0050e-24 2.0571e-13 7.3442e-09 1.1320e-09 ] 1.0000e+00
 8.058e+01 7.6257e-09 7.6257e-09 [ 1.0784e-55 2.3572e-24 1.7629e-13 6.6022e-09 1.0233e-09 ] 1.0000e+00
 8.069e+01 6.8586e-09 6.8586e-09 [ 7.1093e-56 1.8483e-24 1.5103e-13 5.9337e-09 9.2477e-10 ] 1.0000e+00
 8.081e+01 6.1670e-09 6.1670e-09 [ 4.6851e-56 1.4487e-24 1.2934e-13 5.3314e-09 8.3549e-10 ] 1.0000e+00
 8.092e+01 5.5437e-09 5.5437e-09 [ 3.0865e-56 1.1351e-24 1.1074e-13 4.7889e-09 7.5462e-10 ] 1.0000e+00
 8.103e+01 4.9820e-09 4.9820e-09 [ 2.0326e-56 8.8905e-25 9.4783e-14 4.3006e-09 6.8138e-10 ] 1.0000e+00
 8.115e+01 4.4761e-09 4.4761e-09 [ 1.3381e-56 6.9606e-25 8.1099e-14 3.8610e-09 6.1507e-10 ] 1.0000e+00
 8.126e+01 4.0205e-09 4.0205e-09 [ 8.8057e-57 5.4476e-25 6.9370e-14 3.4654e-09 5.5506e-10 ] 1.0000e+00
 8.137e+01 3.6103e-09 3.6103e-09 [ 5.7928e-57 4.2619e-25 5.9318e-14 3.1095e-09 5.0076e-10 ] 1.0000e+00
 8.149e+01 3.2412e-09 3.2412e-09 [ 3.8095e-57 3.3330e-25 5.0708e-14 2.7895e-09 4.5165e-10 ] 1.0000e+00
 8.160e+01 2.9090e-09 2.9090e-09 [ 2.5044e-57 2.6055e-25 4.3333e-14 2.5017e-09 4.0724e-10 ] 1.0000e+00
 8.171e+01 2.6101e-09 2.6101e-09 [ 1.6458e-57 2.0361e-25 3.7020e-14 2.2430e-09 3.6709e-10 ] 1.0000e+00
 8.183e+01 2.3414e-09 2.3414e-09 [ 1.0812e-57 1.5905e-25 3.1617e-14 2.0105e-09 3.3080e-10 ] 1.0000e+00
 8.194e+01 2.0998e-09 2.0998e-09 [ 7.1003e-58 1.2420e-25 2.6994e-14 1.8017e-09 2.9802e-10 ] 1.0000e+00
 8.205e+01 1.8826e-09 1.8826e-09 [ 4.6612e-58 9.6943e-26 2.3040e-14 1.6141e-09 2.6842e-10 ] 1.0000e+00
 8.217e+01 1.6874e-09 1.6874e-09 [ 3.0589e-58 7.5642e-26 1.9659e-14 1.4457e-09 2.4168e-10 ] 1.0000e+00
 8.228e+01 1.5121e-09 1.5121e-09 [ 2.0068e-58 5.9000e-26 1.6769e-14 1.2945e-09 2.1755e-10 ] 1.0000e+00
 8.239e+01 1.3547e-09 1.3547e-09 [ 1.3160e-58 4.6001e-26 1.4300e-14 1.1589e-09 1.9577e-10 ] 1.0000e+00
 8.251e+01 1.2133e-09 1.2133e-09 [ 8.6276e-59 3.5853e-26 1.2190e-14 1.0371e-09 1.7613e-10 ] 1.0000e+00
 8.262e+01 1.0864e-09 1.0864e-09 [ 5.6541e-59 2.7933e-26 1.0389e-14 9.2796e-10 1.5841e-10 ] 1.0000e+00
 8.273e+01 9.7250e-10 9.7250e-10 [ 3.7042e-59 2.1755e-26 8.8508e-15 8.3005e-10 1.4243e-10 ] 1.0000e+00
 8.285e+01 8.7033e-10 8.7033e-10 [ 2.4258e-59 1.6936e-26 7.5382e-15 7.4229e-10 1.2803e-10 ] 1.0000e+00
 8.296e+01 7.7869e-10 7.7869e-10 [ 1.5881e-59 1.3180e-26 6.4183e-15 6.6363e-10 1.1506e-10 ] 1.0000e+00
 8.307e+01 6.9653e-10 6.9653e-10 [ 1.0393e-59 1.0253e-26 5.4632e-15 5.9315e-10 1.0337e-10 ] 1.0000e+00
 8.319e+01 6.2287e-10 6.2287e-10 [ 6.7996e-60 7.9734e-27 4.6487e-15 5.3002e-10 9.2842e-11 ] 1.0000e+00
 8.330e+01 5.5686e-10 5.5686e-10 [ 4.4469e-60 6.1980e-27 3.9545e-15 4.7349e-10 8.3364e-11 ] 1.0000e+00
 8.341e+01 4.9772e-10 4.9772e-10 [ 2.9073e-60 4.8162e-27 3.3629e-15 4.2288e-10 7.4833e-11 ] 1.0000e+00
 8.353e+01 4.4474e-10 4.4474e-10 [ 1.9000e-60 3.7410e-27 2.8590e-15 3.7758e-10 6.7156e-11 ] 1.0000e+00
 8.364e+01 3.9730e-10 3.9730e-10 [ 1.2413e-60 2.9048e-27 2.4298e-15 3.3705e-10 6.0251e-11 ] 1.0000e+00
 8.375e+01 3.5483e-10 3.5483e-10 [ 8.1071e-61 2.2546e-27 2.0645e-15 3.0079e-10 5.4041e-11 ] 1.0000e+00
 8.387e+01 3.1682e-10 3.1682e-10 [ 5.2929e-61 1.7493e-27 1.7535e-15 2.6836e-10 4.8458e-11 ] 1.0000e+00
 8.398e+01 2.8281e-10 2.8281e-10 [ 3.4544e-61 1.3568e-27 1.4889e-15 2.3937e-10 4.3439e-11 ] 1.0000e+00
 8.409e+01 2.5239e-10 2.5239e-10 [ 2.2537e-61 1.0519e-27 1.2639e-15 2.1345e-10 3.8930e-11 ] 1.0000e+00
 8.421e+01 2.2518e-10 2.2518e-10 [ 1.4698e-61 8.1522e-28 1.0726e-15 1.9030e-10 3.4880e-11 ] 1.0000e+00
 8.432e+01 2.0085e-10 2.0085e-10 [ 9.5829e-62 6.3156e-28 9.0991e-16 1.6961e-10 3.1242e-11 ] 1.0000e+00
 8.443e+01 1.7911e-10 1.7911e-10 [ 6.2455e-62 4.8909e-28 7.7169e-16 1.5113e-10 2.7976e-11 ] 1.0000e+00
 8.455e+01 1.5968e-10 1.5968e-10 [ 4.0691e-62 3.7861e-28 6.5427e-16 1.3463e-10 2.5045e-11 ] 1.0000e+00
 8.466e+01 1.4232e-10 1.4232e-10 [ 2.6501e-62 2.9298e-28 5.5455e-16 1.1990e-10 2.2415e-11 ] 1.0000e+00
 8.477e+01 1.2681e-10 1.2681e-10 [ 1.7254e-62 2.2663e-28 4.6989e-16 1.0676e-10 2.0056e-11 ] 1.0000e+00
 8.489e+01 1.1297e-10 1.1297e-10 [ 1.1230e-62 1.7524e-28 3.9803e-16 9.5031e-11 1.7940e-11 ] 1.0000e+00
 8.500e+01 1.0061e-10 1.0061e-10 [ 7.3060e-63 1.3545e-28 3.3706e-16 8.4570e-11 1.6043e-11 ] 1.0000e+00
 8.511e+01 8.9585e-11 8.9585e-11 [ 4.7517e-63 1.0465e-28 2.8535e-16 7.5242e-11 1.4343e-11 ] 1.0000e+00
 8.523e+01 7.9746e-11 7.9746e-11 [ 3.0893e-63 8.0829e-29 2.4149e-16 6.6926e-11 1.2820e-11 ] 1.0000e+00
 8.534e+01 7.0969e-11 7.0969e-11 [ 2.0078e-63 6.2404e-29 2.0432e-16 5.9514e-11 1.1455e-11 ] 1.0000e+00
 8.545e+01 6.3142e-11 6.3142e-11 [ 1.3045e-63 4.8161e-29 1.7281e-16 5.2910e-11 1.0233e-11 ] 1.0000e+00
 8.557e+01 5.6165e-11 5.6165e-11 [ 8.4722e-64 3.7154e-29 1.4612e-16 4.7026e-11 9.1386e-12 ] 1.0000e+00
 8.568e+01 4.9946e-11 4.9946e-11 [ 5.5005e-64 2.8651e-29 1.2351e-16 4.1786e-11 8.1592e-12 ] 1.0000e+00
 8.579e+01 4.4404e-11 4.4404e-11 [ 3.5699e-64 2.2086e-29 1.0438e-16 3.7121e-11 7.2829e-12 ] 1.0000e+00
 8.591e+01 3.9468e-11 3.9468e-11 [ 2.3161e-64 1.7018e-29 8.8174e-17 3.2969e-11 6.4990e-12 ] 1.0000e+00
 8.602e+01 3.5071e-11 3.5071e-11 [ 1.5021e-64 1.3108e-29 7.4466e-17 2.9273e-11 5.7979e-12 ] 1.0000e+00
 8.613e+01 3.1157e-11 3.1157e-11 [ 9.7382e-65 1.0093e-29 6.2870e-17 2.5986e-11 5.1711e-12 ] 1.0000e+00
 8.625e+01 2.7672e-11 2.7672e-11 [ 6.3112e-65 7.7679e-30 5.3063e-17 2.3061e-11 4.6108e-12 ] 1.0000e+00
 8.636e+01 2.4571e-11 2.4571e-11 [ 4.0887e-65 5.9761e-30 4.4773e-17 2.0461e-11 4.1102e-12 ] 1.0000e+00
 8.647e+01 2.1812e-11 2.1812e-11 [ 2.6479e-65 4.5959e-30 3.7766e-17 1.8149e-11 3.6629e-12 ] 1.0000e+00
 8.659e+01 1.9358e-11 1.9358e-11 [ 1.7142e-65 3.5330e-30 3.1847e-17 1.6095e-11 3.2635e-12 ] 1.0000e+00
 8.670e+01 1.7176e-11 1.7176e-11 [ 1.1094e-65 2.7148e-30 2.6846e-17 1.4270e-11 2.9068e-12 ] 1.0000e+00
 8.681e+01 1.5236e-11 1.5236e-11 [ 7.1766e-66 2.0853e-30 2.2625e-17 1.2648e-11 2.5885e-12 ] 1.0000e+00
 8.693e+01 1.3512e-11 1.3512e-11 [ 4.6410e-66 1.6011e-30 1.9061e-17 1.1208e-11 2.3044e-12 ] 1.0000e+00
 8.704e+01 1.1980e-11 1.1980e-11 [ 3.0001e-66 1.2288e-30 1.6053e-17 9.9293e-12 2.0510e-12 ] 1.0000e+00
 8.715e+01 1.0619e-11 1.0619e-11 [ 1.9387e-66 9.4272e-31 1.3516e-17 8.7944e-12 1.8249e-12 ] 1.0000e+00
 8.727e+01 9.4107e-12 9.4107e-12 [ 1.2523e-66 7.2294e-31 1.1377e-17 7.7873e-12 1.6234e-12 ] 1.0000e+00
 8.738e+01 8.3376e-12 8.3376e-12 [ 8.0866e-67 5.5417e-31 9.5729e-18 6.8939e-12 1.4437e-12 ] 1.0000e+00
 8.749e+01 7.3850e-12 7.3850e-12 [ 5.2198e-67 4.2462e-31 8.0525e-18 6.1014e-12 1.2836e-12 ] 1.0000e+00
 8.761e+01 6.5396e-12 6.5396e-12 [ 3.3680e-67 3.2523e-31 6.7715e-18 5.3987e-12 1.1409e-12 ] 1.0000e+00
 8.772e+01 5.7896e-12 5.7896e-12 [ 2.1724e-67 2.4899e-31 5.6925e-18 4.7757e-12 1.0139e-12 ] 1.0000e+00
 8.783e+01 5.1243e-12 5.1243e-12 [ 1.4007e-67 1.9055e-31 4.7839e-18 4.2236e-12 9.0071e-13 ] 1.0000e+00
 8.795e+01 4.5344e-12 4.5344e-12 [ 9.0274e-68 1.4576e-31 4.0191e-18 3.7344e-12 7.9998e-13 ] 1.0000e+00
 8.806e+01 4.0114e-12 4.0114e-12 [ 5.8161e-68 1.1145e-31 3.3755e-18 3.3011e-12 7.1034e-13 ] 1.0000e+00
 8.817e+01 3.5479e-12 3.5479e-12 [ 3.7457e-68 8.5183e-32 2.8340e-18 2.9173e-12 6.3058e-13 ] 1.0000e+00
 8.829e+01 3.1371e-12 3.1371e-12 [ 2.4114e-68 6.5077e-32 2.3786e-18 2.5775e-12 5.5963e-13 ] 1.0000e+00
 8.840e+01 2.7733e-12 2.7733e-12 [ 1.5518e-68 4.9696e-32 1.9958e-18 2.2767e-12 4.9653e-13 ] 1.0000e+00
 8.851e+01 2.4510e-12 2.4510e-12 [ 9.9822e-69 3.7933e-32 1.6740e-18 2.0105e-12 4.4044e-13 ] 1.0000e+00
 8.863e+01 2.1656e-12 2.1656e-12 [ 6.4187e-69 2.8942e-32 1.4037e-18 1.7751e-12 3.9058e-13 ] 1.0000e+00
 8.874e+01 1.9131e-12 1.9131e-12 [ 4.1258e-69 2.2072e-32 1.1766e-18 1.5668e-12 3.4628e-13 ] 1.0000e+00
 8.885e+01 1.6895e-12 1.6895e-12 [ 2.6509e-69 1.6826e-32 9.8592e-19 1.3826e-12 3.0692e-13 ] 1.0000e+00
 8.897e+01 1.4917e-12 1.4917e-12 [ 1.7025e-69 1.2821e-32 8.2587e-19 1.2198e-12 2.7197e-13 ] 1.0000e+00
 8.908e+01 1.3168e-12 1.3168e-12 [ 1.0930e-69 9.7644e-33 6.9157e-19 1.0759e-12 2.4094e-13 ] 1.0000e+00
 8.919e+01 1.1621e-12 1.1621e-12 [ 7.0144e-70 7.4334e-33 5.7891e-19 9.4869e-13 2.1339e-13 ] 1.0000e+00
 8.931e+01 1.0253e-12 1.0253e-12 [ 4.4996e-70 5.6563e-33 4.8443e-19 8.3635e-13 1.8895e-13 ] 1.0000e+00
 8.942e+01 9.0440e-13 9.0440e-13 [ 2.8852e-70 4.3020e-33 4.0524e-19 7.3714e-13 1.6726e-13 ] 1.0000e+00
 8.953e+01 7.9756e-13 7.9756e-13 [ 1.8493e-70 3.2705e-33 3.3887e-19 6.4954e-13 1.4802e-13 ] 1.0000e+00
 8.965e+01 7.0318e-13 7.0318e-13 [ 1.1848e-70 2.4851e-33 2.8327e-19 5.7221e-13 1.3097e-13 ] 1.0000e+00
 8.976e+01 6.1981e-13 6.1981e-13 [ 7.5879e-71 1.8875e-33 2.3671e-19 5.0396e-13 1.1585e-13 ] 1.0000e+00
 8.987e+01 5.4620e-13 5.4620e-13 [ 4.8574e-71 1.4329e-33 1.9773e-19 4.4375e-13 1.0245e-13 ] 1.0000e+00
 8.999e+01 4.8121e-13 4.8121e-13 [ 3.1082e-71 1.0872e-33 1.6510e-19 3.9064e-13 9.0573e-14 ] 1.0000e+00
 9.010e+01 4.2385e-13 4.2385e-13 [ 1.9880e-71 8.2458e-34 1.3781e-19 3.4380e-13 8.0055e-14 ] 1.0000e+00
 9.021e+01 3.7324e-13 3.7324e-13 [ 1.2710e-71 6.2507e-34 1.1499e-19 3.0250e-13 7.0741e-14 ] 1.0000e+00
 9.033e+01 3.2860e-13 3.2860e-13 [ 8.1224e-72 4.7360e-34 9.5910e-20 2.6610e-13 6.2495e-14 ] 1.0000e+00
 9.044e+01 2.8922e-13 2.8922e-13 [ 5.1884e-72 3.5866e-34 7.9965e-20 2.3402e-13 5.5196e-14 ] 1.0000e+00
 9.055e+01 2.5450e-13 2.5450e-13 [ 3.3128e-72 2.7147e-34 6.6644e-20 2.0577e-13 4.8738e-14 ] 1.0000e+00
 9.067e+01 2.2390e-13 2.2390e-13 [ 2.1142e-72 2.0538e-34 5.5521e-20 1.8088e-13 4.3024e-14 ] 1.0000e+00
 9.078e+01 1.9693e-13 1.9693e-13 [ 1.3487e-72 1.5530e-34 4.6235e-20 1.5896e-13 3.7971e-14 ] 1.0000e+00
 9.089e+01 1.7317e-13 1.7317e-13 [ 8.5998e-73 1.1737e-34 3.8487e-20 1.3966e-13 3.3503e-14 ] 1.0000e+00
 9.101e+01 1.5223e-13 1.5223e-13 [ 5.4810e-73 8.8653e-35 3.2024e-20 1.2268e-13 2.9553e-14 ] 1.0000e+00
 9.112e+01 1.3380e-13 1.3380e-13 [ 3.4917e-73 6.6930e-35 2.6635e-20 1.0774e-13 2.6062e-14 ] 1.0000e+00
 9.123e+01 1.1757e-13 1.1757e-13 [ 2.2233e-73 5.0503e-35 2.2143e-20 9.4592e-14 2.2978e-14 ] 1.0000e+00
 9.135e+01 1.0328e-13 1.0328e-13 [ 1.4150e-73 3.8087e-35 1.8401e-20 8.3030e-14 2.0254e-14 ] 1.0000e+00
 9.146e+01 9.0713e-14 9.0713e-14 [ 9.0016e-74 2.8708e-35 1.5284e-20 7.2864e-14 1.7848e-14 ] 1.0000e+00
 9.157e+01 7.9652e-14 7.9652e-14 [ 5.7235e-74 2.1626e-35 1.2690e-20 6.3928e-14 1.5725e-14 ] 1.0000e+00
 9.169e+01 6.9924e-14 6.9924e-14 [ 3.6375e-74 1.6283e-35 1.0531e-20 5.6074e-14 1.3850e-14 ] 1.0000e+00
 9.180e+01 6.1369e-14 6.1369e-14 [ 2.3106e-74 1.2252e-35 8.7351e-21 4.9173e-14 1.2196e-14 ] 1.0000e+00
 9.191e+01 5.3848e-14 5.3848e-14 [ 1.4670e-74 9.2144e-36 7.2421e-21 4.3111e-14 1.0737e-14 ] 1.0000e+00
 9.203e+01 4.7238e-14 4.7238e-14 [ 9.3091e-75 6.9257e-36 6.0014e-21 3.7788e-14 9.4499e-15 ] 1.0000e+00
 9.214e+01 4.1429e-14 4.1429e-14 [ 5.9043e-75 5.2024e-36 4.9707e-21 3.3114e-14 8.3152e-15 ] 1.0000e+00
 9.225e+01 3.6326e-14 3.6326e-14 [ 3.7429e-75 3.9056e-36 4.1150e-21 2.9011e-14 7.3149e-15 ] 1.0000e+00
 9.237e+01 3.1844e-14 3.1844e-14 [ 2.3715e-75 2.9303e-36 3.4049e-21 2.5410e-14 6.4333e-15 ] 1.0000e+00
 9.248e+01 2.7908e-14 2.7908e-14 [ 1.5017e-75 2.1972e-36 2.8158e-21 2.2251e-14 5.6566e-15 ] 1.0000e+00
 9.259e+01 2.4453e-14 2.4453e-14 [ 9.5047e-76 1.6465e-36 2.3273e-21 1.9481e-14 4.9725e-15 ] 1.0000e+00
 9.271e+01 2.1421e-14 2.1421e-14 [ 6.0124e-76 1.2331e-36 1.9226e-21 1.7051e-14 4.3700e-15 ] 1.0000e+00
 9.282e+01 1.8760e-14 1.8760e-14 [ 3.8011e-76 9.2284e-37 1.5873e-21 1.4920e-14 3.8396e-15 ] 1.0000e+00
 9.293e+01 1.6426e-14 1.6426e-14 [ 2.4018e-76 6.9022e-37 1.3098e-21 1.3053e-14 3.3727e-15 ] 1.0000e+00
 9.305e+01 1.4378e-14 1.4378e-14 [ 1.5167e-76 5.1590e-37 1.0801e-21 1.1416e-14 2.9619e-15 ] 1.0000e+00
 9.316e+01 1.2583e-14 1.2583e-14 [ 9.5724e-77 3.8535e-37 8.9022e-22 9.9828e-15 2.6005e-15 ] 1.0000e+00
 9.327e+01 1.1010e-14 1.1010e-14 [ 6.0379e-77 2.8764e-37 7.3325e-22 8.7271e-15 2.2826e-15 ] 1.0000e+00
 9.339e+01 9.6307e-15 9.6307e-15 [ 3.8062e-77 2.1456e-37 6.0357e-22 7.6276e-15 2.0031e-15 ] 1.0000e+00
 9.350e+01 8.4223e-15 8.4223e-15 [ 2.3978e-77 1.5993e-37 4.9651e-22 6.6649e-15 1.7574e-15 ] 1.0000e+00
 9.361e+01 7.3638e-15 7.3638e-15 [ 1.5097e-77 1.1913e-37 4.0817e-22 5.8223e-15 1.5414e-15 ] 1.0000e+00
 9.373e+01 6.4367e-15 6.4367e-15 [ 9.4989e-78 8.8671e-38 3.3532e-22 5.0850e-15 1.3517e-15 ] 1.0000e+00
 9.384e+01 5.6250e-15 5.6250e-15 [ 5.9728e-78 6.5952e-38 2.7528e-22 4.4400e-15 1.1850e-15 ] 1.0000e+00
 9.395e+01 4.9145e-15 4.9145e-15 [ 3.7532e-78 4.9017e-38 2.2584e-22 3.8758e-15 1.0387e-15 ] 1.0000e+00
 9.407e+01 4.2927e-15 4.2927e-15 [ 2.3568e-78 3.6402e-38 1.8514e-22 3.3825e-15 9.1015e-16 ] 1.0000e+00
 9.418e+01 3.7486e-15 3.7486e-15 [ 1.4789e-78 2.7013e-38 1.5166e-22 2.9513e-15 7.9735e-16 ] 1.0000e+00
 9.429e+01 3.2727e-15 3.2727e-15 [ 9.2739e-79 2.0029e-38 1.2414e-22 2.5743e-15 6.9836e-16 ] 1.0000e+00
 9.441e+01 2.8565e-15 2.8565e-15 [ 5.8112e-79 1.4839e-38 1.0153e-22 2.2450e-15 6.1150e-16 ] 1.0000e+00
 9.452e+01 2.4926e-15 2.4926e-15 [ 3.6387e-79 1.0985e-38 8.2974e-23 1.9572e-15 5.3533e-16 ] 1.0000e+00
 9.463e+01 2.1745e-15 2.1745e-15 [ 2.2767e-79 8.1243e-39 6.7752e-23 1.7059e-15 4.6852e-16 ] 1.0000e+00
 9.475e+01 1.8965e-15 1.8965e-15 [ 1.4234e-79 6.0036e-39 5.5276e-23 1.4865e-15 4.0996e-16 ] 1.0000e+00
 9.486e+01 1.6536e-15 1.6536e-15 [ 8.8916e-80 4.4324e-39 4.5057e-23 1.2950e-15 3.5863e-16 ] 1.0000e+00
 9.497e+01 1.4414e-15 1.4414e-15 [ 5.5499e-80 3.2694e-39 3.6693e-23 1.1278e-15 3.1365e-16 ] 1.0000e+00
 9.509e+01 1.2561e-15 1.2561e-15 [ 3.4612e-80 2.4093e-39 2.9855e-23 9.8188e-16 2.7425e-16 ] 1.0000e+00
 9.520e+01 1.0944e-15 1.0944e-15 [ 2.1567e-80 1.7737e-39 2.4267e-23 8.5462e-16 2.3973e-16 ] 1.0000e+00
 9.531e+01 9.5315e-16 9.5315e-16 [ 1.3426e-80 1.3045e-39 1.9705e-23 7.4363e-16 2.0952e-16 ] 1.0000e+00
 9.543e+01 8.2992e-16 8.2992e-16 [ 8.3504e-81 9.5837e-40 1.5984e-23 6.4685e-16 1.8306e-16 ] 1.0000e+00
 9.554e+01 7.2240e-16 7.2240e-16 [ 5.1886e-81 7.0335e-40 1.2952e-23 5.6249e-16 1.5991e-16 ] 1.0000e+00
 9.565e+01 6.2861e-16 6.2861e-16 [ 3.2207e-81 5.1562e-40 1.0483e-23 4.8896e-16 1.3965e-16 ] 1.0000e+00
 9.577e+01 5.4682e-16 5.4682e-16 [ 1.9971e-81 3.7756e-40 8.4753e-24 4.2489e-16 1.2193e-16 ] 1.0000e+00
 9.588e+01 4.7551e-16 4.7551e-16 [ 1.2371e-81 2.7614e-40 6.8438e-24 3.6908e-16 1.0644e-16 ] 1.0000e+00
 9.599e+01 4.1335e-16 4.1335e-16 [ 7.6540e-82 2.0171e-40 5.5194e-24 3.2047e-16 9.2885e-17 ] 1.0000e+00
 9.611e+01 3.5918e-16 3.5918e-16 [ 4.7302e-82 1.4716e-40 4.4455e-24 2.7814e-16 8.1040e-17 ] 1.0000e+00
 9.622e+01 3.1199e-16 3.1199e-16 [ 2.9196e-82 1.0721e-40 3.5756e-24 2.4130e-16 7.0688e-17 ] 1.0000e+00
 9.633e+01 2.7087e-16 2.7087e-16 [ 1.7998e-82 7.8004e-41 2.8719e-24 2.0923e-16 6.1644e-17 ] 1.0000e+00
 9.645e+01 2.3507e-16 2.3507e-16 [ 1.1080e-82 5.6668e-41 2.3033e-24 1.8133e-16 5.3743e-17 ] 1.0000e+00
 9.656e+01 2.0390e-16 2.0390e-16 [ 6.8113e-83 4.1106e-41 1.8443e-24 1.5705e-16 4.6843e-17 ] 1.0000e+00
 9.667e+01 1.7676e-16 1.7676e-16 [ 4.1809e-83 2.9769e-41 1.4744e-24 1.3594e-16 4.0819e-17 ] 1.0000e+00
 9.679e+01 1.5314e-16 1.5314e-16 [ 2.5623e-83 2.1522e-41 1.1766e-24 1.1758e-16 3.5560e-17 ] 1.0000e+00
 9.690e+01 1.3259e-16 1.3259e-16 [ 1.5676e-83 1.5532e-41 9.3723e-25 1.0162e-16 3.0970e-17 ] 1.0000e+00
 9.701e+01 1.1471e-16 1.1471e-16 [ 9.5739e-84 1.1188e-41 7.4510e-25 8.7745e-17 2.6965e-17 ] 1.0000e+00
 9.713e+01 9.9159e-17 9.9159e-17 [ 5.8359e-84 8.0423e-42 5.9113e-25 7.5688e-17 2.3471e-17 ] 1.0000e+00
 9.724e+01 8.5635e-17 8.5635e-17 [ 3.5501e-84 5.7687e-42 4.6794e-25 6.5212e-17 2.0423e-17 ] 1.0000e+00
 9.735e+01 7.3875e-17 7.3875e-17 [ 2.1548e-84 4.1282e-42 3.6953e-25 5.6111e-17 1.7765e-17 ] 1.0000e+00
 9.747e+01 6.3651e-17 6.3651e-17 [ 1.3048e-84 2.9469e-42 2.9107e-25 4.8205e-17 1.5446e-17 ] 1.0000e+00
 9.758e+01 5.4763e-17 5.4763e-17 [ 7.8808e-85 2.0980e-42 2.2864e-25 4.1338e-17 1.3425e-17 ] 1.0000e+00
 9.769e+01 4.7037e-17 4.7037e-17 [ 4.7465e-85 1.4892e-42 1.7905e-25 3.5375e-17 1.1662e-17 ] 1.0000e+00
 9.781e+01 4.0321e-17 4.0321e-17 [ 2.8499e-85 1.0537e-42 1.3974e-25 3.0197e-17 1.0124e-17 ] 1.0000e+00
 9.792e+01 3.4482e-17 3.4482e-17 [ 1.7054e-85 7.4296e-43 1.0867e-25 2.5699e-17 8.7827e-18 ] 1.0000e+00
 9.803e+01 2.9406e-17 2.9406e-17 [ 1.0166e-85 5.2180e-43 8.4153e-26 2.1794e-17 7.6119e-18 ] 1.0000e+00
 9.815e+01 2.4991e-17 2.4991e-17 [ 6.0350e-86 3.6488e-43 6.4866e-26 1.8402e-17 6.5894e-18 ] 1.0000e+00
 9.826e+01 2.1152e-17 2.1152e-17 [ 3.5655e-86 2.5389e-43 4.9733e-26 1.5456e-17 5.6953e-18 ] 1.0000e+00
 9.837e+01 1.7810e-17 1.7810e-17 [ 2.0951e-86 1.7567e-43 3.7896e-26 1.2898e-17 4.9123e-18 ] 1.0000e+00
 9.849e+01 1.4902e-17 1.4902e-17 [ 1.2235e-86 1.2076e-43 2.8666e-26 1.0677e-17 4.2250e-18 ] 1.0000e+00
 9.860e+01 1.2368e-17 1.2368e-17 [ 7.0926e-87 8.2381e-44 2.1494e-26 8.7487e-18 3.6195e-18 ] 1.0000e+00
 9.871e+01 1.0161e-17 1.0161e-17 [ 4.0763e-87 5.5681e-44 1.5944e-26 7.0774e-18 3.0838e-18 ] 1.0000e+00
 9.883e+01 8.2383e-18 8.2383e-18 [ 2.3184e-87 3.7208e-44 1.1668e-26 5.6317e-18 2.6066e-18 ] 1.0000e+00
 9.894e+01 6.5643e-18 6.5643e-18 [ 1.3016e-87 2.4505e-44 8.3907e-27 4.3861e-18 2.1782e-18 ] 1.0000e+00
 9.905e+01 5.1099e-18 5.1099e-18 [ 7.1873e-88 1.5830e-44 5.8948e-27 3.3201e-18 1.7898e-18 ] 1.0000e+00
 9.917e+01 3.8519e-18 3.8519e-18 [ 3.8809e-88 9.9556e-45 4.0102e-27 2.4179e-18 1.4339e-18 ] 1.0000e+00
 9.928e+01 2.7733e-18 2.7733e-18 [ 2.0294e-88 6.0194e-45 2.6043e-27 1.6680e-18 1.1053e-18 ] 1.0000e+00
 9.939e+01 1.8638e-18 1.8638e-18 [ 1.0090e-88 3.4209e-45 1.5756e-27 1.0623e-18 8.0151e-19 ] 1.0000e+00
 9.951e+01 1.1204e-18 1.1204e-18 [ 4.5895e-89 1.7476e-45 8.4759e-28 5.9559e-19 5.2485e-19 ] 1.0000e+00
 9.962e+01 5.4898e-19 5.4898e-19 [ 1.7339e-89 7.2345e-46 3.6469e-28 2.6442e-19 2.8456e-19 ] 1.0000e+00
 9.973e+01 1.6568e-19 1.6568e-19 [ 3.9124e-90 1.7314e-46 8.9396e-29 6.6262e-20 9.9417e-20 ] 1.0000e+00
 9.985e+01 0.0000e+00 0.0000e+00 [ 0.0000e+00 0.0000e+00 0.0000e+00 0.0000e+00 0.0000e+00 ] 1.0000e+00
