 0.000e+00 0.0000e+00 0.0000e+00 [ 0.0000e+00 0.0000e+00 0.0000e+00 0.0000e+00 0.0000e+00 ] 1.0000e+00
 1.133e-01 4.3134e-02 4.3134e-02 [ 4.2721e-02 1.8937e-04 1.0411e-04 1.0662e-04 1.2774e-05 ] 9.5687e-01
 2.267e-01 8.3804e-02 8.3804e-02 [ 8.2075e-02 7.9648e-04 4.3792e-04 4.4810e-04 4.6517e-05 ] 9.1620e-01
 3.400e-01 1.1592e-01 1.1592e-01 [ 1.1175e-01 1.9302e-03 1.0614e-03 1.0838e-03 9.6810e-05 ] 8.8408e-01
 4.533e-01 1.4876e-01 1.4876e-01 [ 1.4065e-01 3.7671e-03 2.0719e-03 2.1100e-03 1.6175e-04 ] 8.5124e-01
 5.667e-01 1.8640e-01 1.8640e-01 [ 1.7234e-01 6.5522e-03 3.6046e-03 3.6595e-03 2.4123e-04 ] 8.1360e-01
 6.800e-01 2.3235e-01 2.3235e-01 [ 2.0971e-01 1.0586e-02 5.8255e-03 5.8939e-03 3.3617e-04 ] 7.6765e-01
 7.933e-01 2.8929e-01 2.8929e-01 [ 2.5478e-01 1.6182e-02 8.9077e-03 8.9795e-03 4.4728e-04 ] 7.1071e-01
 9.067e-01 3.5833e-01 3.5833e-01 [ 3.0818e-01 2.3569e-02 1.2979e-02 1.3034e-02 5.7363e-04 ] 6.4167e-01
 1.020e+00 4.3783e-01 4.3783e-01 [ 3.6829e-01 3.2744e-02 1.8039e-02 1.8047e-02 7.1097e-04 ] 5.6217e-01
 1.133e+00 5.2262e-01 5.2262e-01 [ 4.3076e-01 4.3327e-02 2.3880e-02 2.3799e-02 8.5080e-04 ] 4.7738e-01
 1.247e+00 6.0462e-01 6.0462e-01 [ 4.8918e-01 5.4535e-02 3.0073e-02 2.9853e-02 9.8156e-04 ] 3.9538e-01
 1.360e+00 6.7548e-01 6.7548e-01 [ 5.3723e-01 6.5398e-02 3.6083e-02 3.5677e-02 1.0925e-03 ] 3.2452e-01
 1.473e+00 7.2993e-01 7.2993e-01 [ 5.7130e-01 7.5129e-02 4.1480e-02 4.0845e-02 1.1780e-03 ] 2.7007e-01
 1.587e+00 7.6741e-01 7.6741e-01 [ 5.9152e-01 8.3392e-02 4.6077e-02 4.5178e-02 1.2396e-03 ] 2.3259e-01
 1.700e+00 7.9083e-01 7.9083e-01 [ 6.0062e-01 9.0271e-02 4.9920e-02 4.8732e-02 1.2831e-03 ] 2.0917e-01
 1.813e+00 8.0426e-01 8.0426e-01 [ 6.0204e-01 9.6060e-02 5.3174e-02 5.1672e-02 1.3153e-03 ] 1.9574e-01
 1.927e+00 8.1128e-01 8.1128e-01 [ 5.9867e-01 1.0108e-01 5.6013e-02 5.4178e-02 1.3414e-03 ] 1.8872e-01
 2.040e+00 8.1443e-01 8.1443e-01 [ 5.9252e-01 1.0558e-01 5.8578e-02 5.6389e-02 1.3649e-03 ] 1.8557e-01
 2.153e+00 8.1535e-01 8.1535e-01 [ 5.8486e-01 1.0973e-01 6.0967e-02 5.8406e-02 1.3877e-03 ] 1.8465e-01
 2.267e+00 8.1503e-01 8.1503e-01 [ 5.7642e-01 1.1366e-01 6.3243e-02 6.0293e-02 1.4106e-03 ] 1.8497e-01
 2.380e+00 8.1403e-01 8.1403e-01 [ 5.6764e-01 1.1742e-01 6.5448e-02 6.2092e-02 1.4341e-03 ] 1.8597e-01
 2.493e+00 8.1271e-01 8.1271e-01 [ 5.5873e-01 1.2108e-01 6.7607e-02 6.3829e-02 1.4581e-03 ] 1.8729e-01
 2.607e+00 8.1123e-01 8.1123e-01 [ 5.4984e-01 1.2465e-01 6.9737e-02 6.5522e-02 1.4827e-03 ] 1.8877e-01
 2.720e+00 8.0973e-01 8.0973e-01 [ 5.4103e-01 1.2815e-01 7.1848e-02 6.7184e-02 1.5078e-03 ] 1.9027e-01
 2.833e+00 8.0824e-01 8.0824e-01 [ 5.3234e-01 1.3160e-01 7.3948e-02 6.8823e-02 1.5333e-03 ] 1.9176e-01
 2.947e+00 8.0681e-01 8.0681e-01 [ 5.2377e-01 1.3499e-01 7.6042e-02 7.0445e-02 1.5591e-03 ] 1.9319e-01
 3.060e+00 8.0546e-01 8.0546e-01 [ 5.1534e-01 1.3835e-01 7.8134e-02 7.2054e-02 1.5852e-03 ] 1.9454e-01
 3.173e+00 8.0419e-01 8.0419e-01 [ 5.0704e-01 1.4166e-01 8.0225e-02 7.3655e-02 1.6116e-03 ] 1.9581e-01
 3.287e+00 8.0300e-01 8.0300e-01 [ 4.9887e-01 1.4493e-01 8.2319e-02 7.5250e-02 1.6383e-03 ] 1.9700e-01
 3.400e+00 8.0190e-01 8.0190e-01 [ 4.9082e-01 1.4816e-01 8.4416e-02 7.6842e-02 1.6653e-03 ] 1.9810e-01
 3.513e+00 8.0088e-01 8.0088e-01 [ 4.8289e-01 1.5134e-01 8.6518e-02 7.8434e-02 1.6925e-03 ] 1.9912e-01
 3.627e+00 7.9993e-01 7.9993e-01 [ 4.7507e-01 1.5449e-01 8.8626e-02 8.0027e-02 1.7200e-03 ] 2.0007e-01
 3.740e+00 7.9906e-01 7.9906e-01 [ 4.6735e-01 1.5760e-01 9.0741e-02 8.1624e-02 1.7477e-03 ] 2.0094e-01
 3.853e+00 7.9826e-01 7.9826e-01 [ 4.5973e-01 1.6066e-01 9.2862e-02 8.3225e-02 1.7758e-03 ] 2.0174e-01
 3.967e+00 7.9751e-01 7.9751e-01 [ 4.5220e-01 1.6368e-01 9.4990e-02 8.4833e-02 1.8042e-03 ] 2.0249e-01
 4.080e+00 7.9683e-01 7.9683e-01 [ 4.4477e-01 1.6666e-01 9.7126e-02 8.6448e-02 1.8328e-03 ] 2.0317e-01
 4.193e+00 7.9620e-01 7.9620e-01 [ 4.3742e-01 1.6958e-01 9.9270e-02 8.8072e-02 1.8618e-03 ] 2.0380e-01
 4.307e+00 7.9563e-01 7.9563e-01 [ 4.3015e-01 1.7246e-01 1.0142e-01 8.9706e-02 1.8911e-03 ] 2.0437e-01
 4.420e+00 7.9509e-01 7.9509e-01 [ 4.2296e-01 1.7528e-01 1.0358e-01 9.1352e-02 1.9207e-03 ] 2.0491e-01
 4.533e+00 7.9460e-01 7.9460e-01 [ 4.1585e-01 1.7805e-01 1.0575e-01 9.3009e-02 1.9506e-03 ] 2.0540e-01
 4.647e+00 7.9415e-01 7.9415e-01 [ 4.0881e-01 1.8076e-01 1.0792e-01 9.4680e-02 1.9809e-03 ] 2.0585e-01
 4.760e+00 7.9373e-01 7.9373e-01 [ 4.0184e-01 1.8341e-01 1.1010e-01 9.6365e-02 2.0114e-03 ] 2.0627e-01
 4.873e+00 7.9335e-01 7.9335e-01 [ 3.9495e-01 1.8600e-01 1.1229e-01 9.8064e-02 2.0423e-03 ] 2.0665e-01
 4.987e+00 7.9299e-01 7.9299e-01 [ 3.8813e-01 1.8853e-01 1.1448e-01 9.9780e-02 2.0736e-03 ] 2.0701e-01
 5.100e+00 7.9266e-01 7.9266e-01 [ 3.8137e-01 1.9099e-01 1.1668e-01 1.0151e-01 2.1051e-03 ] 2.0734e-01
 5.213e+00 7.9236e-01 7.9236e-01 [ 3.7469e-01 1.9338e-01 1.1889e-01 1.0326e-01 2.1370e-03 ] 2.0764e-01
 5.327e+00 7.9207e-01 7.9207e-01 [ 3.6807e-01 1.9571e-01 1.2110e-01 1.0503e-01 2.1692e-03 ] 2.0793e-01
 5.440e+00 7.9181e-01 7.9181e-01 [ 3.6152e-01 1.9796e-01 1.2332e-01 1.0681e-01 2.2018e-03 ] 2.0819e-01
 5.553e+00 7.9156e-01 7.9156e-01 [ 3.5504e-01 2.0013e-01 1.2554e-01 1.0862e-01 2.2346e-03 ] 2.0844e-01
 5.667e+00 7.9134e-01 7.9134e-01 [ 3.4863e-01 2.0223e-01 1.2776e-01 1.1044e-01 2.2677e-03 ] 2.0866e-01
 5.780e+00 7.9112e-01 7.9112e-01 [ 3.4229e-01 2.0426e-01 1.2999e-01 1.1229e-01 2.3012e-03 ] 2.0888e-01
 5.893e+00 7.9092e-01 7.9092e-01 [ 3.3602e-01 2.0620e-01 1.3222e-01 1.1415e-01 2.3350e-03 ] 2.0908e-01
 6.007e+00 7.9073e-01 7.9073e-01 [ 3.2982e-01 2.0806e-01 1.3445e-01 1.1604e-01 2.3690e-03 ] 2.0927e-01
 6.120e+00 7.9056e-01 7.9056e-01 [ 3.2369e-01 2.0984e-01 1.3668e-01 1.1794e-01 2.4033e-03 ] 2.0944e-01
 6.233e+00 7.9039e-01 7.9039e-01 [ 3.1763e-01 2.1154e-01 1.3891e-01 1.1987e-01 2.4379e-03 ] 2.0961e-01
 6.347e+00 7.9024e-01 7.9024e-01 [ 3.1165e-01 2.1315e-01 1.4114e-01 1.2182e-01 2.4728e-03 ] 2.0976e-01
 6.460e+00 7.9009e-01 7.9009e-01 [ 3.0573e-01 2.1468e-01 1.4337e-01 1.2380e-01 2.5079e-03 ] 2.0991e-01
 6.573e+00 7.8995e-01 7.8995e-01 [ 2.9990e-01 2.1612e-01 1.4560e-01 1.2579e-01 2.5432e-03 ] 2.1005e-01
 6.687e+00 7.8983e-01 7.8983e-01 [ 2.9413e-01 2.1747e-01 1.4783e-01 1.2781e-01 2.5788e-03 ] 2.1017e-01
 6.800e+00 7.8971e-01 7.8971e-01 [ 2.8845e-01 2.1874e-01 1.5005e-01 1.2985e-01 2.6145e-03 ] 2.1029e-01
 6.913e+00 7.8959e-01 7.8959e-01 [ 2.8283e-01 2.1992e-01 1.5227e-01 1.3191e-01 2.6505e-03 ] 2.1041e-01
 7.027e+00 7.8949e-01 7.8949e-01 [ 2.7730e-01 2.2102e-01 1.5449e-01 1.3400e-01 2.6866e-03 ] 2.1051e-01
 7.140e+00 7.8939e-01 7.8939e-01 [ 2.7184e-01 2.2202e-01 1.5669e-01 1.3611e-01 2.7229e-03 ] 2.1061e-01
 7.253e+00 7.8930e-01 7.8930e-01 [ 2.6647e-01 2.2295e-01 1.5890e-01 1.3824e-01 2.7593e-03 ] 2.1070e-01
 7.367e+00 7.8922e-01 7.8922e-01 [ 2.6117e-01 2.2378e-01 1.6109e-01 1.4039e-01 2.7959e-03 ] 2.1078e-01
 7.480e+00 7.8915e-01 7.8915e-01 [ 2.5595e-01 2.2454e-01 1.6328e-01 1.4256e-01 2.8325e-03 ] 2.1085e-01
 7.593e+00 7.8909e-01 7.8909e-01 [ 2.5081e-01 2.2521e-01 1.6545e-01 1.4475e-01 2.8692e-03 ] 2.1091e-01
 7.707e+00 7.8904e-01 7.8904e-01 [ 2.4575e-01 2.2580e-01 1.6762e-01 1.4696e-01 2.9060e-03 ] 2.1096e-01
 7.820e+00 7.8900e-01 7.8900e-01 [ 2.4077e-01 2.2631e-01 1.6978e-01 1.4920e-01 2.9427e-03 ] 2.1100e-01
 7.933e+00 7.8896e-01 7.8896e-01 [ 2.3587e-01 2.2675e-01 1.7192e-01 1.5145e-01 2.9795e-03 ] 2.1104e-01
 8.047e+00 7.8895e-01 7.8895e-01 [ 2.3105e-01 2.2711e-01 1.7405e-01 1.5372e-01 3.0162e-03 ] 2.1105e-01
 8.160e+00 7.8894e-01 7.8894e-01 [ 2.2632e-01 2.2740e-01 1.7617e-01 1.5600e-01 3.0529e-03 ] 2.1106e-01
 8.273e+00 7.8895e-01 7.8895e-01 [ 2.2166e-01 2.2762e-01 1.7828e-01 1.5830e-01 3.0895e-03 ] 2.1105e-01
 8.387e+00 7.8897e-01 7.8897e-01 [ 2.1709e-01 2.2777e-01 1.8037e-01 1.6062e-01 3.1259e-03 ] 2.1103e-01
 8.500e+00 7.8902e-01 7.8902e-01 [ 2.1260e-01 2.2787e-01 1.8244e-01 1.6295e-01 3.1622e-03 ] 2.1098e-01
 8.613e+00 7.8908e-01 7.8908e-01 [ 2.0819e-01 2.2791e-01 1.8450e-01 1.6529e-01 3.1983e-03 ] 2.1092e-01
 8.727e+00 7.8916e-01 7.8916e-01 [ 2.0387e-01 2.2789e-01 1.8654e-01 1.6764e-01 3.2342e-03 ] 2.1084e-01
 8.840e+00 7.8927e-01 7.8927e-01 [ 1.9962e-01 2.2783e-01 1.8856e-01 1.6999e-01 3.2698e-03 ] 2.1073e-01
 8.953e+00 7.8940e-01 7.8940e-01 [ 1.9546e-01 2.2772e-01 1.9056e-01 1.7236e-01 3.3051e-03 ] 2.1060e-01
 9.067e+00 7.8956e-01 7.8956e-01 [ 1.9138e-01 2.2757e-01 1.9254e-01 1.7473e-01 3.3400e-03 ] 2.1044e-01
 9.180e+00 7.8975e-01 7.8975e-01 [ 1.8737e-01 2.2739e-01 1.9451e-01 1.7710e-01 3.3746e-03 ] 2.1025e-01
 9.293e+00 7.8997e-01 7.8997e-01 [ 1.8346e-01 2.2719e-01 1.9645e-01 1.7947e-01 3.4087e-03 ] 2.1003e-01
 9.407e+00 7.9024e-01 7.9024e-01 [ 1.7962e-01 2.2697e-01 1.9837e-01 1.8184e-01 3.4424e-03 ] 2.0976e-01
 9.520e+00 7.9054e-01 7.9054e-01 [ 1.7586e-01 2.2673e-01 2.0026e-01 1.8420e-01 3.4755e-03 ] 2.0946e-01
 9.633e+00 7.9089e-01 7.9089e-01 [ 1.7219e-01 2.2649e-01 2.0214e-01 1.8656e-01 3.5081e-03 ] 2.0911e-01
 9.747e+00 7.9129e-01 7.9129e-01 [ 1.6860e-01 2.2626e-01 2.0399e-01 1.8890e-01 3.5401e-03 ] 2.0871e-01
 9.860e+00 7.9174e-01 7.9174e-01 [ 1.6510e-01 2.2603e-01 2.0581e-01 1.9123e-01 3.5714e-03 ] 2.0826e-01
 9.973e+00 7.9225e-01 7.9225e-01 [ 1.6167e-01 2.2583e-01 2.0761e-01 1.9354e-01 3.6020e-03 ] 2.0775e-01
 1.009e+01 7.9282e-01 7.9282e-01 [ 1.5834e-01 2.2565e-01 2.0938e-01 1.9582e-01 3.6318e-03 ] 2.0718e-01
 1.020e+01 7.9347e-01 7.9347e-01 [ 1.5509e-01 2.2552e-01 2.1112e-01 1.9808e-01 3.6608e-03 ] 2.0653e-01
 1.031e+01 7.9418e-01 7.9418e-01 [ 1.5192e-01 2.2543e-01 2.1283e-01 2.0031e-01 3.6890e-03 ] 2.0582e-01
 1.043e+01 7.9498e-01 7.9498e-01 [ 1.4885e-01 2.2541e-01 2.1451e-01 2.0249e-01 3.7162e-03 ] 2.0502e-01
 1.054e+01 7.9586e-01 7.9586e-01 [ 1.4588e-01 2.2546e-01 2.1615e-01 2.0463e-01 3.7424e-03 ] 2.0414e-01
 1.065e+01 7.9683e-01 7.9683e-01 [ 1.4300e-01 2.2559e-01 2.1776e-01 2.0672e-01 3.7675e-03 ] 2.0317e-01
 1.077e+01 7.9790e-01 7.9790e-01 [ 1.4022e-01 2.2581e-01 2.1932e-01 2.0875e-01 3.7915e-03 ] 2.0210e-01
 1.088e+01 7.9908e-01 7.9908e-01 [ 1.3756e-01 2.2615e-01 2.2084e-01 2.1072e-01 3.8144e-03 ] 2.0092e-01
 1.099e+01 8.0036e-01 8.0036e-01 [ 1.3501e-01 2.2660e-01 2.2231e-01 2.1260e-01 3.8359e-03 ] 1.9964e-01
 1.111e+01 8.0175e-01 8.0175e-01 [ 1.3258e-01 2.2719e-01 2.2372e-01 2.1440e-01 3.8562e-03 ] 1.9825e-01
 1.122e+01 8.0326e-01 8.0326e-01 [ 1.3029e-01 2.2793e-01 2.2507e-01 2.1610e-01 3.8752e-03 ] 1.9674e-01
 1.133e+01 8.0487e-01 8.0487e-01 [ 1.2815e-01 2.2882e-01 2.2634e-01 2.1768e-01 3.8928e-03 ] 1.9513e-01
 1.145e+01 8.0660e-01 8.0660e-01 [ 1.2616e-01 2.2989e-01 2.2752e-01 2.1912e-01 3.9092e-03 ] 1.9340e-01
 1.156e+01 8.0842e-01 8.0842e-01 [ 1.2436e-01 2.3113e-01 2.2860e-01 2.2040e-01 3.9242e-03 ] 1.9158e-01
 1.167e+01 8.1030e-01 8.1030e-01 [ 1.2276e-01 2.3256e-01 2.2955e-01 2.2150e-01 3.9382e-03 ] 1.8970e-01
 1.179e+01 8.1220e-01 8.1220e-01 [ 1.2137e-01 2.3417e-01 2.3034e-01 2.2238e-01 3.9513e-03 ] 1.8780e-01
 1.190e+01 8.1402e-01 8.1402e-01 [ 1.2022e-01 2.3594e-01 2.3092e-01 2.2297e-01 3.9638e-03 ] 1.8598e-01
 1.201e+01 8.1560e-01 8.1560e-01 [ 1.1933e-01 2.3784e-01 2.3123e-01 2.2322e-01 3.9760e-03 ] 1.8440e-01
 1.213e+01 8.1666e-01 8.1666e-01 [ 1.1870e-01 2.3979e-01 2.3116e-01 2.2301e-01 3.9881e-03 ] 1.8334e-01
 1.224e+01 8.1668e-01 8.1668e-01 [ 1.1832e-01 2.4165e-01 2.3055e-01 2.2217e-01 3.9996e-03 ] 1.8332e-01
 1.235e+01 8.1480e-01 8.1480e-01 [ 1.1811e-01 2.4315e-01 2.2911e-01 2.2043e-01 4.0087e-03 ] 1.8520e-01
 1.247e+01 8.0955e-01 8.0955e-01 [ 1.1795e-01 2.4383e-01 2.2640e-01 2.1736e-01 4.0110e-03 ] 1.9045e-01
 1.258e+01 7.9852e-01 7.9852e-01 [ 1.1752e-01 2.4295e-01 2.2176e-01 2.1229e-01 3.9973e-03 ] 2.0148e-01
 1.269e+01 7.7818e-01 7.7818e-01 [ 1.1636e-01 2.3938e-01 2.1418e-01 2.0431e-01 3.9520e-03 ] 2.2182e-01
 1.281e+01 7.4413e-01 7.4413e-01 [ 1.1378e-01 2.3165e-01 2.0253e-01 1.9232e-01 3.8522e-03 ] 2.5587e-01
 1.292e+01 6.9259e-01 6.9259e-01 [ 1.0908e-01 2.1844e-01 1.8589e-01 1.7551e-01 3.6739e-03 ] 3.0741e-01
 1.303e+01 6.2295e-01 6.2295e-01 [ 1.0189e-01 1.9937e-01 1.6429e-01 1.5399e-01 3.4042e-03 ] 3.7705e-01
 1.315e+01 5.3977e-01 5.3977e-01 [ 9.2564e-02 1.7563e-01 1.3924e-01 1.2927e-01 3.0530e-03 ] 4.6023e-01
 1.326e+01 4.5176e-01 4.5176e-01 [ 8.2079e-02 1.4984e-01 1.1331e-01 1.0388e-01 2.6534e-03 ] 5.4824e-01
 1.337e+01 3.6825e-01 3.6825e-01 [ 7.1666e-02 1.2490e-01 8.9125e-02 8.0312e-02 2.2472e-03 ] 6.3175e-01
 1.349e+01 2.9581e-01 2.9581e-01 [ 6.2301e-02 1.0297e-01 6.8434e-02 6.0240e-02 1.8691e-03 ] 7.0419e-01
 1.360e+01 2.3723e-01 2.3723e-01 [ 5.4493e-02 8.5051e-02 5.1901e-02 4.4246e-02 1.5389e-03 ] 7.6277e-01
 1.371e+01 1.9226e-01 1.9226e-01 [ 4.8334e-02 7.1202e-02 3.9343e-02 3.2117e-02 1.2627e-03 ] 8.0774e-01
 1.383e+01 1.5901e-01 1.5901e-01 [ 4.3660e-02 6.0925e-02 3.0149e-02 2.3239e-02 1.0381e-03 ] 8.4099e-01
 1.394e+01 1.3508e-01 1.3508e-01 [ 4.0203e-02 5.3528e-02 2.3593e-02 1.6899e-02 8.5849e-04 ] 8.6492e-01
 1.405e+01 1.1819e-01 1.1819e-01 [ 3.7686e-02 4.8331e-02 1.9007e-02 1.2449e-02 7.1664e-04 ] 8.8181e-01
 1.417e+01 1.0644e-01 1.0644e-01 [ 3.5866e-02 4.4758e-02 1.5849e-02 9.3655e-03 6.0587e-04 ] 8.9356e-01
 1.428e+01 9.8390e-02 9.8390e-02 [ 3.4548e-02 4.2359e-02 1.3707e-02 7.2549e-03 5.2072e-04 ] 9.0161e-01
 1.439e+01 9.2963e-02 9.2963e-02 [ 3.3588e-02 4.0800e-02 1.2284e-02 5.8338e-03 4.5699e-04 ] 9.0704e-01
 1.451e+01 8.9412e-02 8.9412e-02 [ 3.2879e-02 3.9843e-02 1.1373e-02 4.9062e-03 4.1163e-04 ] 9.1059e-01
 1.462e+01 8.7231e-02 8.7231e-02 [ 3.2348e-02 3.9324e-02 1.0835e-02 4.3418e-03 3.8250e-04 ] 9.1277e-01
 1.473e+01 8.6101e-02 8.6101e-02 [ 3.1945e-02 3.9142e-02 1.0585e-02 4.0610e-03 3.6833e-04 ] 9.1390e-01
 1.485e+01 8.5853e-02 8.5853e-02 [ 3.1643e-02 3.9239e-02 1.0579e-02 4.0239e-03 3.6852e-04 ] 9.1415e-01
 1.496e+01 8.6449e-02 8.6449e-02 [ 3.1428e-02 3.9602e-02 1.0810e-02 4.2259e-03 3.8313e-04 ] 9.1355e-01
 1.507e+01 8.7975e-02 8.7975e-02 [ 3.1302e-02 4.0256e-02 1.1306e-02 4.6968e-03 4.1292e-04 ] 9.1203e-01
 1.519e+01 9.0655e-02 9.0655e-02 [ 3.1282e-02 4.1271e-02 1.2136e-02 5.5057e-03 4.5933e-04 ] 9.0935e-01
 1.530e+01 9.4878e-02 9.4878e-02 [ 3.1399e-02 4.2766e-02 1.3418e-02 6.7708e-03 5.2463e-04 ] 9.0512e-01
 1.541e+01 1.0125e-01 1.0125e-01 [ 3.1700e-02 4.4925e-02 1.5334e-02 8.6757e-03 6.1212e-04 ] 8.9875e-01
 1.553e+01 1.1064e-01 1.1064e-01 [ 3.2253e-02 4.8014e-02 1.8155e-02 1.1492e-02 7.2627e-04 ] 8.8936e-01
 1.564e+01 1.2429e-01 1.2429e-01 [ 3.3149e-02 5.2397e-02 2.2263e-02 1.5608e-02 8.7301e-04 ] 8.7571e-01
 1.575e+01 1.4386e-01 1.4386e-01 [ 3.4499e-02 5.8559e-02 2.8182e-02 2.1561e-02 1.0598e-03 ] 8.5614e-01
 1.587e+01 1.7146e-01 1.7146e-01 [ 3.6428e-02 6.7096e-02 3.6591e-02 3.0052e-02 1.2957e-03 ] 8.2854e-01
 1.598e+01 2.0954e-01 2.0954e-01 [ 3.9054e-02 7.8670e-02 4.8299e-02 4.1929e-02 1.5897e-03 ] 7.9046e-01
 1.609e+01 2.6047e-01 2.6047e-01 [ 4.2443e-02 9.3872e-02 6.4129e-02 5.8077e-02 1.9489e-03 ] 7.3953e-01
 1.621e+01 3.2567e-01 3.2567e-01 [ 4.6536e-02 1.1295e-01 8.4659e-02 7.9153e-02 2.3737e-03 ] 6.7433e-01
 1.632e+01 4.0430e-01 4.0430e-01 [ 5.1065e-02 1.3542e-01 1.0980e-01 1.0516e-01 2.8512e-03 ] 5.9570e-01
 1.643e+01 4.9187e-01 4.9187e-01 [ 5.5504e-02 1.5974e-01 1.3833e-01 1.3495e-01 3.3501e-03 ] 5.0813e-01
 1.655e+01 5.8017e-01 5.8017e-01 [ 5.9151e-02 1.8332e-01 1.6778e-01 1.6609e-01 3.8230e-03 ] 4.1983e-01
 1.666e+01 6.5938e-01 6.5938e-01 [ 6.1376e-02 2.0331e-01 1.9508e-01 1.9540e-01 4.2208e-03 ] 3.4062e-01
 1.677e+01 7.2211e-01 7.2211e-01 [ 6.1909e-02 2.1775e-01 2.1769e-01 2.2025e-01 4.5137e-03 ] 2.7789e-01
 1.689e+01 7.6616e-01 7.6616e-01 [ 6.0940e-02 2.2634e-01 2.3467e-01 2.3951e-01 4.7025e-03 ] 2.3384e-01
 1.700e+01 7.9405e-01 7.9405e-01 [ 5.8941e-02 2.3013e-01 2.4655e-01 2.5362e-01 4.8109e-03 ] 2.0595e-01
 1.711e+01 8.1029e-01 8.1029e-01 [ 5.6407e-02 2.3066e-01 2.5458e-01 2.6378e-01 4.8689e-03 ] 1.8971e-01
 1.723e+01 8.1912e-01 8.1912e-01 [ 5.3701e-02 2.2927e-01 2.6002e-01 2.7123e-01 4.9004e-03 ] 1.8088e-01
 1.734e+01 8.2361e-01 8.2361e-01 [ 5.1040e-02 2.2693e-01 2.6380e-01 2.7692e-01 4.9208e-03 ] 1.7639e-01
 1.745e+01 8.2574e-01 8.2574e-01 [ 4.8533e-02 2.2422e-01 2.6656e-01 2.8148e-01 4.9380e-03 ] 1.7426e-01
 1.757e+01 8.2667e-01 8.2667e-01 [ 4.6224e-02 2.2150e-01 2.6867e-01 2.8531e-01 4.9555e-03 ] 1.7333e-01
 1.768e+01 8.2708e-01 8.2708e-01 [ 4.4125e-02 2.1898e-01 2.7037e-01 2.8863e-01 4.9746e-03 ] 1.7292e-01
 1.779e+01 8.2735e-01 8.2735e-01 [ 4.2231e-02 2.1677e-01 2.7179e-01 2.9157e-01 4.9954e-03 ] 1.7265e-01
 1.791e+01 8.2767e-01 8.2767e-01 [ 4.0532e-02 2.1494e-01 2.7298e-01 2.9420e-01 5.0177e-03 ] 1.7233e-01
 1.802e+01 8.2813e-01 8.2813e-01 [ 3.9019e-02 2.1353e-01 2.7400e-01 2.9654e-01 5.0414e-03 ] 1.7187e-01
 1.813e+01 8.2872e-01 8.2872e-01 [ 3.7682e-02 2.1257e-01 2.7483e-01 2.9858e-01 5.0666e-03 ] 1.7128e-01
 1.825e+01 8.2935e-01 8.2935e-01 [ 3.6516e-02 2.1204e-01 2.7544e-01 3.0027e-01 5.0935e-03 ] 1.7065e-01
 1.836e+01 8.2982e-01 8.2982e-01 [ 3.5514e-02 2.1193e-01 2.7575e-01 3.0151e-01 5.1227e-03 ] 1.7018e-01
 1.847e+01 8.2972e-01 8.2972e-01 [ 3.4669e-02 2.1216e-01 2.7561e-01 3.0212e-01 5.1541e-03 ] 1.7028e-01
 1.859e+01 8.2832e-01 8.2832e-01 [ 3.3966e-02 2.1259e-01 2.7477e-01 3.0181e-01 5.1868e-03 ] 1.7168e-01
 1.870e+01 8.2430e-01 8.2430e-01 [ 3.3373e-02 2.1289e-01 2.7276e-01 3.0005e-01 5.2167e-03 ] 1.7570e-01
 1.881e+01 8.1539e-01 8.1539e-01 [ 3.2824e-02 2.1252e-01 2.6883e-01 2.9598e-01 5.2340e-03 ] 1.8461e-01
 1.893e+01 7.9795e-01 7.9795e-01 [ 3.2197e-02 2.1050e-01 2.6176e-01 2.8826e-01 5.2193e-03 ] 2.0205e-01
 1.904e+01 7.6692e-01 7.6692e-01 [ 3.1302e-02 2.0546e-01 2.4993e-01 2.7508e-01 5.1405e-03 ] 2.3308e-01
 1.915e+01 7.1703e-01 7.1703e-01 [ 2.9910e-02 1.9583e-01 2.3169e-01 2.5464e-01 4.9576e-03 ] 2.8297e-01
 1.927e+01 6.4586e-01 6.4586e-01 [ 2.7859e-02 1.8064e-01 2.0643e-01 2.2629e-01 4.6399e-03 ] 3.5414e-01
 1.938e+01 5.5708e-01 5.5708e-01 [ 2.5183e-02 1.6049e-01 1.7556e-01 1.9166e-01 4.1897e-03 ] 4.4292e-01
 1.949e+01 4.6034e-01 4.6034e-01 [ 2.2143e-02 1.3760e-01 1.4242e-01 1.5452e-01 3.6499e-03 ] 5.3966e-01
 1.961e+01 3.6704e-01 3.6704e-01 [ 1.9105e-02 1.1488e-01 1.1083e-01 1.1914e-01 3.0845e-03 ] 6.3296e-01
 1.972e+01 2.8570e-01 2.8570e-01 [ 1.6371e-02 9.4639e-02 8.3548e-02 8.8593e-02 2.5504e-03 ] 7.1430e-01
 1.983e+01 2.2009e-01 2.2009e-01 [ 1.4100e-02 7.8054e-02 6.1719e-02 6.4135e-02 2.0814e-03 ] 7.7991e-01
 1.995e+01 1.7008e-01 1.7008e-01 [ 1.2318e-02 6.5271e-02 4.5203e-02 4.5604e-02 1.6888e-03 ] 8.2992e-01
 2.006e+01 1.3347e-01 1.3347e-01 [ 1.0970e-02 5.5850e-02 3.3192e-02 3.2091e-02 1.3691e-03 ] 8.6653e-01
 2.017e+01 1.0739e-01 1.0739e-01 [ 9.9714e-03 4.9129e-02 2.4690e-02 2.2483e-02 1.1126e-03 ] 8.9261e-01
 2.029e+01 8.9144e-02 8.9144e-02 [ 9.2381e-03 4.4454e-02 1.8783e-02 1.5761e-02 9.0762e-04 ] 9.1086e-01
 2.040e+01 7.6545e-02 7.6545e-02 [ 8.6974e-03 4.1273e-02 1.4730e-02 1.1101e-02 7.4383e-04 ] 9.2346e-01
 2.051e+01 6.7920e-02 6.7920e-02 [ 8.2928e-03 3.9153e-02 1.1976e-02 7.8852e-03 6.1253e-04 ] 9.3208e-01
 2.063e+01 6.2057e-02 6.2057e-02 [ 7.9823e-03 3.7778e-02 1.0120e-02 5.6695e-03 5.0686e-04 ] 9.3794e-01
 2.074e+01 5.8096e-02 5.8096e-02 [ 7.7359e-03 3.6918e-02 8.8792e-03 4.1419e-03 4.2154e-04 ] 9.4190e-01
 2.085e+01 5.5439e-02 5.5439e-02 [ 7.5323e-03 3.6408e-02 8.0596e-03 3.0865e-03 3.5255e-04 ] 9.4456e-01
 2.097e+01 5.3672e-02 5.3672e-02 [ 7.3567e-03 3.6136e-02 7.5270e-03 2.3558e-03 2.9679e-04 ] 9.4633e-01
 2.108e+01 5.2511e-02 5.2511e-02 [ 7.1991e-03 3.6021e-02 7.1898e-03 1.8489e-03 2.5189e-04 ] 9.4749e-01
 2.119e+01 5.1759e-02 5.1759e-02 [ 7.0525e-03 3.6007e-02 6.9858e-03 1.4972e-03 2.1605e-04 ] 9.4824e-01
 2.131e+01 5.1284e-02 5.1284e-02 [ 6.9123e-03 3.6057e-02 6.8725e-03 1.2543e-03 1.8787e-04 ] 9.4872e-01
 2.142e+01 5.0994e-02 5.0994e-02 [ 6.7753e-03 3.6142e-02 6.8213e-03 1.0888e-03 1.6630e-04 ] 9.4901e-01
 2.153e+01 5.0828e-02 5.0828e-02 [ 6.6397e-03 3.6245e-02 6.8132e-03 9.7958e-04 1.5059e-04 ] 9.4917e-01
 2.165e+01 5.0747e-02 5.0747e-02 [ 6.5041e-03 3.6354e-02 6.8356e-03 9.1326e-04 1.4019e-04 ] 9.4925e-01
 2.176e+01 5.0727e-02 5.0727e-02 [ 6.3680e-03 3.6461e-02 6.8815e-03 8.8168e-04 1.3475e-04 ] 9.4927e-01
 2.187e+01 5.0757e-02 5.0757e-02 [ 6.2312e-03 3.6563e-02 6.9473e-03 8.8103e-04 1.3415e-04 ] 9.4924e-01
 2.199e+01 5.0837e-02 5.0837e-02 [ 6.0936e-03 3.6660e-02 7.0336e-03 9.1130e-04 1.3840e-04 ] 9.4916e-01
 2.210e+01 5.0979e-02 5.0979e-02 [ 5.9557e-03 3.6755e-02 7.1443e-03 9.7635e-04 1.4773e-04 ] 9.4902e-01
 2.221e+01 5.1208e-02 5.1208e-02 [ 5.8181e-03 3.6855e-02 7.2879e-03 1.0846e-03 1.6253e-04 ] 9.4879e-01
 2.233e+01 5.1568e-02 5.1568e-02 [ 5.6817e-03 3.6973e-02 7.4790e-03 1.2502e-03 1.8343e-04 ] 9.4843e-01
 2.244e+01 5.2123e-02 5.2123e-02 [ 5.5475e-03 3.7128e-02 7.7399e-03 1.4956e-03 2.1131e-04 ] 9.4788e-01
 2.255e+01 5.2973e-02 5.2973e-02 [ 5.4173e-03 3.7348e-02 8.1047e-03 1.8549e-03 2.4735e-04 ] 9.4703e-01
 2.267e+01 5.4264e-02 5.4264e-02 [ 5.2929e-03 3.7675e-02 8.6244e-03 2.3793e-03 2.9311e-04 ] 9.4574e-01
 2.278e+01 5.6215e-02 5.6215e-02 [ 5.1772e-03 3.8166e-02 9.3751e-03 3.1453e-03 3.5062e-04 ] 9.4379e-01
 2.289e+01 5.9141e-02 5.9141e-02 [ 5.0738e-03 3.8909e-02 1.0469e-02 4.2668e-03 4.2254e-04 ] 9.4086e-01
 2.301e+01 6.3510e-02 6.3510e-02 [ 4.9875e-03 4.0024e-02 1.2073e-02 5.9128e-03 5.1239e-04 ] 9.3649e-01
 2.312e+01 6.9998e-02 6.9998e-02 [ 4.9247e-03 4.1686e-02 1.4431e-02 8.3322e-03 6.2473e-04 ] 9.3000e-01
 2.323e+01 7.9580e-02 7.9580e-02 [ 4.8937e-03 4.4135e-02 1.7896e-02 1.1888e-02 7.6561e-04 ] 9.2042e-01
 2.335e+01 9.3629e-02 9.3629e-02 [ 4.9049e-03 4.7707e-02 2.2973e-02 1.7102e-02 9.4283e-04 ] 9.0637e-01
 2.346e+01 1.1403e-01 1.1403e-01 [ 4.9707e-03 5.2838e-02 3.0359e-02 2.4698e-02 1.1663e-03 ] 8.8597e-01
 2.357e+01 1.4324e-01 1.4324e-01 [ 5.1043e-03 6.0078e-02 4.0973e-02 3.5639e-02 1.4477e-03 ] 8.5676e-01
 2.369e+01 1.8417e-01 1.8417e-01 [ 5.3166e-03 7.0033e-02 5.5924e-02 5.1100e-02 1.7997e-03 ] 8.1583e-01
 2.380e+01 2.3975e-01 2.3975e-01 [ 5.6100e-03 8.3238e-02 7.6356e-02 7.2317e-02 2.2319e-03 ] 7.6025e-01
 2.391e+01 3.1184e-01 3.1184e-01 [ 5.9691e-03 9.9879e-02 1.0306e-01 1.0019e-01 2.7452e-03 ] 6.8816e-01
 2.403e+01 3.9949e-01 3.9949e-01 [ 6.3501e-03 1.1939e-01 1.3583e-01 1.3459e-01 3.3216e-03 ] 6.0051e-01
 2.414e+01 4.9716e-01 4.9716e-01 [ 6.6782e-03 1.4013e-01 1.7276e-01 1.7368e-01 3.9175e-03 ] 5.0284e-01
 2.425e+01 5.9455e-01 5.9455e-01 [ 6.8647e-03 1.5947e-01 2.1013e-01 2.1363e-01 4.4674e-03 ] 4.0545e-01
 2.437e+01 6.7975e-01 6.7975e-01 [ 6.8458e-03 1.7471e-01 2.4348e-01 2.4981e-01 4.9071e-03 ] 3.2025e-01
 2.448e+01 7.4459e-01 7.4459e-01 [ 6.6177e-03 1.8438e-01 2.6961e-01 2.7878e-01 5.2046e-03 ] 2.5541e-01
 2.459e+01 7.8790e-01 7.8790e-01 [ 6.2356e-03 1.8874e-01 2.8786e-01 2.9969e-01 5.3724e-03 ] 2.1210e-01
 2.471e+01 8.1390e-01 8.1390e-01 [ 5.7757e-03 1.8924e-01 2.9959e-01 3.1385e-01 5.4500e-03 ] 1.8610e-01
 2.482e+01 8.2834e-01 8.2834e-01 [ 5.3007e-03 1.8748e-01 3.0681e-01 3.2327e-01 5.4789e-03 ] 1.7166e-01
 2.493e+01 8.3596e-01 8.3596e-01 [ 4.8482e-03 1.8470e-01 3.1122e-01 3.2970e-01 5.4884e-03 ] 1.6404e-01
 2.505e+01 8.3983e-01 8.3983e-01 [ 4.4358e-03 1.8164e-01 3.1396e-01 3.3430e-01 5.4953e-03 ] 1.6017e-01
 2.516e+01 8.4170e-01 8.4170e-01 [ 4.0689e-03 1.7873e-01 3.1567e-01 3.3773e-01 5.5079e-03 ] 1.5830e-01
 2.527e+01 8.4235e-01 8.4235e-01 [ 3.7473e-03 1.7615e-01 3.1663e-01 3.4029e-01 5.5297e-03 ] 1.5765e-01
 2.539e+01 8.4188e-01 8.4188e-01 [ 3.4678e-03 1.7395e-01 3.1690e-01 3.4200e-01 5.5615e-03 ] 1.5812e-01
 2.550e+01 8.3969e-01 8.3969e-01 [ 3.2256e-03 1.7202e-01 3.1623e-01 3.4261e-01 5.6014e-03 ] 1.6031e-01
 2.561e+01 8.3430e-01 8.3430e-01 [ 3.0138e-03 1.7011e-01 3.1407e-01 3.4147e-01 5.6432e-03 ] 1.6570e-01
 2.573e+01 8.2289e-01 8.2289e-01 [ 2.8227e-03 1.6765e-01 3.0935e-01 3.3740e-01 5.6725e-03 ] 1.7711e-01
 2.584e+01 8.0081e-01 8.0081e-01 [ 2.6375e-03 1.6372e-01 3.0033e-01 3.2846e-01 5.6606e-03 ] 1.9919e-01
 2.595e+01 7.6174e-01 7.6174e-01 [ 2.4392e-03 1.5701e-01 2.8467e-01 3.1206e-01 5.5623e-03 ] 2.3826e-01
 2.607e+01 6.9993e-01 6.9993e-01 [ 2.2093e-03 1.4621e-01 2.6031e-01 2.8588e-01 5.3254e-03 ] 3.0007e-01
 2.618e+01 6.1462e-01 6.1462e-01 [ 1.9415e-03 1.3094e-01 2.2709e-01 2.4973e-01 4.9201e-03 ] 3.8538e-01
 2.629e+01 5.1311e-01 5.1311e-01 [ 1.6498e-03 1.1236e-01 1.8792e-01 2.0681e-01 4.3674e-03 ] 4.8689e-01
 2.641e+01 4.0834e-01 4.0834e-01 [ 1.3624e-03 9.2846e-02 1.4778e-01 1.6261e-01 3.7357e-03 ] 5.9166e-01
 2.652e+01 3.1262e-01 3.1262e-01 [ 1.1062e-03 7.4773e-02 1.1132e-01 1.2232e-01 3.1045e-03 ] 6.8738e-01
 2.663e+01 2.3315e-01 2.3315e-01 [ 8.9573e-04 5.9611e-02 8.1190e-02 8.8925e-02 2.5322e-03 ] 7.6685e-01
 2.675e+01 1.7167e-01 1.7167e-01 [ 7.3298e-04 4.7790e-02 5.7986e-02 6.3118e-02 2.0458e-03 ] 8.2833e-01
 2.686e+01 1.2640e-01 1.2640e-01 [ 6.1190e-04 3.9045e-02 4.0973e-02 4.4123e-02 1.6484e-03 ] 8.7360e-01
 2.697e+01 9.4159e-02 9.4159e-02 [ 5.2361e-04 3.2807e-02 2.8909e-02 3.0589e-02 1.3304e-03 ] 9.0584e-01
 2.709e+01 7.1687e-02 7.1687e-02 [ 4.5951e-04 2.8472e-02 2.0538e-02 2.1140e-02 1.0779e-03 ] 9.2831e-01
 2.720e+01 5.6237e-02 5.6237e-02 [ 4.1253e-04 2.5516e-02 1.4810e-02 1.4621e-02 8.7758e-04 ] 9.4376e-01
 2.731e+01 4.5704e-02 4.5704e-02 [ 3.7739e-04 2.3533e-02 1.0926e-02 1.0150e-02 7.1797e-04 ] 9.5430e-01
 2.743e+01 3.8560e-02 3.8560e-02 [ 3.5028e-04 2.2224e-02 8.3075e-03 7.0881e-03 5.9005e-04 ] 9.6144e-01
 2.754e+01 3.3733e-02 3.3733e-02 [ 3.2862e-04 2.1378e-02 6.5505e-03 4.9889e-03 4.8687e-04 ] 9.6627e-01
 2.765e+01 3.0482e-02 3.0482e-02 [ 3.1061e-04 2.0846e-02 5.3778e-03 3.5446e-03 4.0315e-04 ] 9.6952e-01
 2.777e+01 2.8303e-02 2.8303e-02 [ 2.9508e-04 2.0527e-02 4.6007e-03 2.5460e-03 3.3484e-04 ] 9.7170e-01
 2.788e+01 2.6853e-02 2.6853e-02 [ 2.8125e-04 2.0350e-02 4.0917e-03 1.8511e-03 2.7884e-04 ] 9.7315e-01
 2.799e+01 2.5899e-02 2.5899e-02 [ 2.6859e-04 2.0268e-02 3.7649e-03 1.3641e-03 2.3276e-04 ] 9.7410e-01
 2.811e+01 2.5283e-02 2.5283e-02 [ 2.5677e-04 2.0249e-02 3.5620e-03 1.0200e-03 1.9471e-04 ] 9.7472e-01
 2.822e+01 2.4897e-02 2.4897e-02 [ 2.4557e-04 2.0270e-02 3.4438e-03 7.7473e-04 1.6322e-04 ] 9.7510e-01
 2.833e+01 2.4668e-02 2.4668e-02 [ 2.3484e-04 2.0314e-02 3.3837e-03 5.9825e-04 1.3709e-04 ] 9.7533e-01
 2.845e+01 2.4546e-02 2.4546e-02 [ 2.2449e-04 2.0372e-02 3.3634e-03 4.7006e-04 1.1539e-04 ] 9.7545e-01
 2.856e+01 2.4495e-02 2.4495e-02 [ 2.1447e-04 2.0436e-02 3.3706e-03 3.7601e-04 9.7340e-05 ] 9.7551e-01
 2.867e+01 2.4491e-02 2.4491e-02 [ 2.0475e-04 2.0501e-02 3.3968e-03 3.0635e-04 8.2335e-05 ] 9.7551e-01
 2.879e+01 2.4518e-02 2.4518e-02 [ 1.9531e-04 2.0563e-02 3.4359e-03 2.5430e-04 6.9869e-05 ] 9.7548e-01
 2.890e+01 2.4564e-02 2.4564e-02 [ 1.8613e-04 2.0619e-02 3.4840e-03 2.1508e-04 5.9535e-05 ] 9.7544e-01
 2.901e+01 2.4619e-02 2.4619e-02 [ 1.7721e-04 2.0667e-02 3.5381e-03 1.8537e-04 5.1003e-05 ] 9.7538e-01
 2.913e+01 2.4678e-02 2.4678e-02 [ 1.6856e-04 2.0707e-02 3.5963e-03 1.6279e-04 4.4005e-05 ] 9.7532e-01
 2.924e+01 2.4737e-02 2.4737e-02 [ 1.6017e-04 2.0736e-02 3.6569e-03 1.4566e-04 3.8329e-05 ] 9.7526e-01
 2.935e+01 2.4793e-02 2.4793e-02 [ 1.5205e-04 2.0755e-02 3.7190e-03 1.3277e-04 3.3805e-05 ] 9.7521e-01
 2.947e+01 2.4842e-02 2.4842e-02 [ 1.4420e-04 2.0763e-02 3.7819e-03 1.2329e-04 3.0301e-05 ] 9.7516e-01
 2.958e+01 2.4885e-02 2.4885e-02 [ 1.3662e-04 2.0759e-02 3.8449e-03 1.1661e-04 2.7718e-05 ] 9.7512e-01
 2.969e+01 2.4918e-02 2.4918e-02 [ 1.2932e-04 2.0743e-02 3.9076e-03 1.1233e-04 2.5989e-05 ] 9.7508e-01
 2.981e+01 2.4943e-02 2.4943e-02 [ 1.2229e-04 2.0716e-02 3.9697e-03 1.1020e-04 2.5072e-05 ] 9.7506e-01
 2.992e+01 2.4958e-02 2.4958e-02 [ 1.1553e-04 2.0677e-02 4.0312e-03 1.1013e-04 2.4952e-05 ] 9.7504e-01
 3.003e+01 2.4964e-02 2.4964e-02 [ 1.0905e-04 2.0626e-02 4.0917e-03 1.1210e-04 2.5642e-05 ] 9.7504e-01
 3.015e+01 2.4961e-02 2.4961e-02 [ 1.0284e-04 2.0563e-02 4.1514e-03 1.1628e-04 2.7180e-05 ] 9.7504e-01
 3.026e+01 2.4950e-02 2.4950e-02 [ 9.6901e-05 2.0490e-02 4.2104e-03 1.2295e-04 2.9631e-05 ] 9.7505e-01
 3.037e+01 2.4931e-02 2.4931e-02 [ 9.1229e-05 2.0406e-02 4.2690e-03 1.3259e-04 3.3095e-05 ] 9.7507e-01
 3.049e+01 2.4908e-02 2.4908e-02 [ 8.5821e-05 2.0311e-02 4.3276e-03 1.4594e-04 3.7704e-05 ] 9.7509e-01
 3.060e+01 2.4883e-02 2.4883e-02 [ 8.0670e-05 2.0207e-02 4.3873e-03 1.6407e-04 4.3635e-05 ] 9.7512e-01
 3.071e+01 2.4860e-02 2.4860e-02 [ 7.5774e-05 2.0095e-02 4.4493e-03 1.8856e-04 5.1111e-05 ] 9.7514e-01
 3.083e+01 2.4845e-02 2.4845e-02 [ 7.1125e-05 1.9976e-02 4.5156e-03 2.2167e-04 6.0414e-05 ] 9.7515e-01
 3.094e+01 2.4847e-02 2.4847e-02 [ 6.6718e-05 1.9853e-02 4.5892e-03 2.6670e-04 7.1896e-05 ] 9.7515e-01
 3.105e+01 2.4878e-02 2.4878e-02 [ 6.2548e-05 1.9726e-02 4.6748e-03 3.2846e-04 8.5998e-05 ] 9.7512e-01
 3.117e+01 2.4956e-02 2.4956e-02 [ 5.8607e-05 1.9602e-02 4.7790e-03 4.1396e-04 1.0326e-04 ] 9.7504e-01
 3.128e+01 2.5108e-02 2.5108e-02 [ 5.4891e-05 1.9483e-02 4.9119e-03 5.3354e-04 1.2437e-04 ] 9.7489e-01
 3.139e+01 2.5371e-02 2.5371e-02 [ 5.1393e-05 1.9378e-02 5.0885e-03 7.0245e-04 1.5017e-04 ] 9.7463e-01
 3.151e+01 2.5802e-02 2.5802e-02 [ 4.8108e-05 1.9297e-02 5.3312e-03 9.4336e-04 1.8171e-04 ] 9.7420e-01
 3.162e+01 2.6484e-02 2.6484e-02 [ 4.5034e-05 1.9255e-02 5.6735e-03 1.2900e-03 2.2033e-04 ] 9.7352e-01
 3.173e+01 2.7540e-02 2.7540e-02 [ 4.2168e-05 1.9272e-02 6.1656e-03 1.7930e-03 2.6769e-04 ] 9.7246e-01
 3.185e+01 2.9155e-02 2.9155e-02 [ 3.9510e-05 1.9379e-02 6.8825e-03 2.5279e-03 3.2595e-04 ] 9.7084e-01
 3.196e+01 3.1602e-02 3.1602e-02 [ 3.7063e-05 1.9622e-02 7.9372e-03 3.6084e-03 3.9786e-04 ] 9.6840e-01
 3.207e+01 3.5289e-02 3.5289e-02 [ 3.4833e-05 2.0064e-02 9.4985e-03 5.2051e-03 4.8703e-04 ] 9.6471e-01
 3.219e+01 4.0821e-02 4.0821e-02 [ 3.2833e-05 2.0798e-02 1.1818e-02 7.5729e-03 5.9815e-04 ] 9.5918e-01
 3.230e+01 4.9089e-02 4.9089e-02 [ 3.1079e-05 2.1960e-02 1.5270e-02 1.1090e-02 7.3747e-04 ] 9.5091e-01
 3.241e+01 6.1389e-02 6.1389e-02 [ 2.9595e-05 2.3736e-02 2.0398e-02 1.6312e-02 9.1321e-04 ] 9.3861e-01
 3.253e+01 7.9561e-02 7.9561e-02 [ 2.8408e-05 2.6385e-02 2.7980e-02 2.4032e-02 1.1360e-03 ] 9.2044e-01
 3.264e+01 1.0611e-01 1.0611e-01 [ 2.7547e-05 3.0244e-02 3.9081e-02 3.5341e-02 1.4193e-03 ] 8.9389e-01
 3.275e+01 1.4423e-01 1.4423e-01 [ 2.7028e-05 3.5717e-02 5.5062e-02 5.1645e-02 1.7781e-03 ] 8.5577e-01
 3.287e+01 1.9747e-01 1.9747e-01 [ 2.6834e-05 4.3214e-02 7.7459e-02 7.4542e-02 2.2268e-03 ] 8.0253e-01
 3.298e+01 2.6881e-01 2.6881e-01 [ 2.6880e-05 5.2995e-02 1.0759e-01 1.0543e-01 2.7720e-03 ] 7.3119e-01
 3.309e+01 3.5880e-01 3.5880e-01 [ 2.6979e-05 6.4909e-02 1.4577e-01 1.4469e-01 3.4017e-03 ] 6.4120e-01
 3.321e+01 4.6306e-01 4.6306e-01 [ 2.6834e-05 7.8087e-02 1.9024e-01 1.9064e-01 4.0732e-03 ] 5.3694e-01
 3.332e+01 5.7103e-01 5.7103e-01 [ 2.6113e-05 9.0864e-02 2.3660e-01 2.3883e-01 4.7112e-03 ] 4.2897e-01
 3.343e+01 6.6843e-01 6.6843e-01 [ 2.4604e-05 1.0127e-01 2.7881e-01 2.8309e-01 5.2318e-03 ] 3.3157e-01
 3.355e+01 7.4381e-01 7.4381e-01 [ 2.2370e-05 1.0797e-01 3.1194e-01 3.1829e-01 5.5843e-03 ] 2.5619e-01
 3.366e+01 7.9406e-01 7.9406e-01 [ 1.9713e-05 1.1093e-01 3.3451e-01 3.4283e-01 5.7776e-03 ] 2.0594e-01
 3.377e+01 8.2352e-01 8.2352e-01 [ 1.6993e-05 1.1108e-01 3.4822e-01 3.5834e-01 5.8624e-03 ] 1.7648e-01
 3.389e+01 8.3892e-01 8.3892e-01 [ 1.4463e-05 1.0955e-01 3.5585e-01 3.6761e-01 5.8946e-03 ] 1.6108e-01
 3.400e+01 8.4554e-01 8.4554e-01 [ 1.2240e-05 1.0716e-01 3.5959e-01 3.7286e-01 5.9128e-03 ] 1.5446e-01
 3.411e+01 8.4602e-01 8.4602e-01 [ 1.0342e-05 1.0431e-01 3.6056e-01 3.7521e-01 5.9354e-03 ] 1.5398e-01
 3.423e+01 8.4031e-01 8.4031e-01 [ 8.7392e-06 1.0104e-01 3.5870e-01 3.7459e-01 5.9629e-03 ] 1.5969e-01
 3.434e+01 8.2559e-01 8.2559e-01 [ 7.3726e-06 9.7057e-02 3.5283e-01 3.6972e-01 5.9767e-03 ] 1.7441e-01
 3.445e+01 7.9621e-01 7.9621e-01 [ 6.1724e-06 9.1735e-02 3.4052e-01 3.5801e-01 5.9355e-03 ] 2.0379e-01
 3.457e+01 7.4478e-01 7.4478e-01 [ 5.0717e-06 8.4284e-02 3.1863e-01 3.3609e-01 5.7774e-03 ] 2.5522e-01
 3.468e+01 6.6645e-01 6.6645e-01 [ 4.0324e-06 7.4216e-02 2.8509e-01 3.0170e-01 5.4430e-03 ] 3.3355e-01
 3.479e+01 5.6458e-01 5.6458e-01 [ 3.0654e-06 6.1952e-02 2.4139e-01 2.5632e-01 4.9196e-03 ] 4.3542e-01
 3.491e+01 4.5168e-01 4.5168e-01 [ 2.2176e-06 4.8881e-02 1.9292e-01 2.0561e-01 4.2618e-03 ] 5.4832e-01
 3.502e+01 3.4318e-01 3.4318e-01 [ 1.5317e-06 3.6641e-02 1.4635e-01 1.5662e-01 3.5630e-03 ] 6.5682e-01
 3.513e+01 2.5021e-01 2.5021e-01 [ 1.0185e-06 2.6354e-02 1.0647e-01 1.1448e-01 2.9061e-03 ] 7.4979e-01
 3.525e+01 1.7707e-01 1.7707e-01 [ 6.5834e-07 1.8389e-02 7.5113e-02 8.1229e-02 2.3380e-03 ] 8.2293e-01
 3.536e+01 1.2287e-01 1.2287e-01 [ 4.1732e-07 1.2570e-02 5.1906e-02 5.6524e-02 1.8716e-03 ] 8.7713e-01
 3.547e+01 8.4285e-02 8.4285e-02 [ 2.6127e-07 8.4834e-03 3.5410e-02 3.8893e-02 1.4993e-03 ] 9.1571e-01
 3.559e+01 5.7502e-02 5.7502e-02 [ 1.6238e-07 5.6844e-03 2.3984e-02 2.6627e-02 1.2058e-03 ] 9.4250e-01
 3.570e+01 3.9188e-02 3.9188e-02 [ 1.0056e-07 3.7967e-03 1.6195e-02 1.8221e-02 9.7500e-04 ] 9.6081e-01
 3.581e+01 2.6764e-02 2.6764e-02 [ 6.2201e-08 2.5347e-03 1.0932e-02 1.2505e-02 7.9286e-04 ] 9.7324e-01
 3.593e+01 1.8362e-02 1.8362e-02 [ 3.8494e-08 1.6944e-03 7.3896e-03 8.6294e-03 6.4822e-04 ] 9.8164e-01
 3.604e+01 1.2676e-02 1.2676e-02 [ 2.3861e-08 1.1354e-03 5.0084e-03 5.9993e-03 5.3255e-04 ] 9.8732e-01
 3.615e+01 8.8178e-03 8.8178e-03 [ 1.4823e-08 7.6335e-04 3.4062e-03 4.2089e-03 4.3940e-04 ] 9.9118e-01
 3.627e+01 6.1884e-03 6.1884e-03 [ 9.2335e-09 5.1508e-04 2.3255e-03 2.9838e-03 3.6391e-04 ] 9.9381e-01
 3.638e+01 4.3858e-03 4.3858e-03 [ 5.7683e-09 3.4894e-04 1.5943e-03 2.1401e-03 3.0240e-04 ] 9.9561e-01
 3.649e+01 3.1416e-03 3.1416e-03 [ 3.6144e-09 2.3735e-04 1.0977e-03 1.5545e-03 2.5204e-04 ] 9.9686e-01
 3.661e+01 2.2764e-03 2.2764e-03 [ 2.2718e-09 1.6212e-04 7.5912e-04 1.1445e-03 2.1063e-04 ] 9.9772e-01
 3.672e+01 1.6695e-03 1.6695e-03 [ 1.4322e-09 1.1120e-04 5.2725e-04 8.5455e-04 1.7647e-04 ] 9.9833e-01
 3.683e+01 1.2399e-03 1.2399e-03 [ 9.0569e-10 7.6580e-05 3.6779e-04 6.4736e-04 1.4819e-04 ] 9.9876e-01
 3.695e+01 9.3292e-04 9.3292e-04 [ 5.7441e-10 5.2953e-05 2.5766e-04 4.9759e-04 1.2472e-04 ] 9.9907e-01
 3.706e+01 7.1120e-04 7.1120e-04 [ 3.6535e-10 3.6761e-05 1.8126e-04 3.8799e-04 1.0519e-04 ] 9.9929e-01
 3.717e+01 5.4932e-04 5.4932e-04 [ 2.3303e-10 2.5619e-05 1.2804e-04 3.0677e-04 8.8892e-05 ] 9.9945e-01
 3.729e+01 4.2977e-04 4.2977e-04 [ 1.4903e-10 1.7921e-05 9.0804e-05 2.4578e-04 7.5266e-05 ] 9.9957e-01
 3.740e+01 3.4044e-04 3.4044e-04 [ 9.5559e-11 1.2582e-05 6.4651e-05 1.9936e-04 6.3848e-05 ] 9.9966e-01
 3.751e+01 2.7289e-04 2.7289e-04 [ 6.1426e-11 8.8657e-06 4.6205e-05 1.6355e-04 5.4261e-05 ] 9.9973e-01
 3.763e+01 2.2117e-04 2.2117e-04 [ 3.9580e-11 6.2685e-06 3.3145e-05 1.3557e-04 4.6194e-05 ] 9.9978e-01
 3.774e+01 1.8111e-04 1.8111e-04 [ 2.5563e-11 4.4471e-06 2.3862e-05 1.1341e-04 3.9393e-05 ] 9.9982e-01
 3.785e+01 1.4970e-04 1.4970e-04 [ 1.6546e-11 3.1652e-06 1.7239e-05 9.5645e-05 3.3649e-05 ] 9.9985e-01
 3.797e+01 1.2479e-04 1.2479e-04 [ 1.0733e-11 2.2599e-06 1.2497e-05 8.1245e-05 2.8788e-05 ] 9.9988e-01
 3.808e+01 1.0482e-04 1.0482e-04 [ 6.9763e-12 1.6185e-06 9.0895e-06 6.9448e-05 2.4669e-05 ] 9.9990e-01
 3.819e+01 8.8652e-05 8.8652e-05 [ 4.5433e-12 1.1626e-06 6.6323e-06 5.9687e-05 2.1170e-05 ] 9.9991e-01
 3.831e+01 7.5428e-05 7.5428e-05 [ 2.9644e-12 8.3751e-07 4.8545e-06 5.1541e-05 1.8195e-05 ] 9.9992e-01
 3.842e+01 6.4519e-05 6.4519e-05 [ 1.9376e-12 6.0500e-07 3.5640e-06 4.4690e-05 1.5660e-05 ] 9.9994e-01
 3.853e+01 5.5446e-05 5.5446e-05 [ 1.2686e-12 4.3821e-07 2.6243e-06 3.8887e-05 1.3497e-05 ] 9.9994e-01
 3.865e+01 4.7846e-05 4.7846e-05 [ 8.3198e-13 3.1823e-07 1.9379e-06 3.3942e-05 1.1649e-05 ] 9.9995e-01
 3.876e+01 4.1438e-05 4.1438e-05 [ 5.4646e-13 2.3168e-07 1.4350e-06 2.9705e-05 1.0066e-05 ] 9.9996e-01
 3.887e+01 3.6003e-05 3.6003e-05 [ 3.5946e-13 1.6908e-07 1.0655e-06 2.6058e-05 8.7103e-06 ] 9.9996e-01
 3.899e+01 3.1369e-05 3.1369e-05 [ 2.3678e-13 1.2369e-07 7.9323e-07 2.2906e-05 7.5461e-06 ] 9.9997e-01
 3.910e+01 2.7400e-05 2.7400e-05 [ 1.5618e-13 9.0683e-08 5.9202e-07 2.0172e-05 6.5455e-06 ] 9.9997e-01
 3.921e+01 2.3986e-05 2.3986e-05 [ 1.0314e-13 6.6631e-08 4.4295e-07 1.7793e-05 5.6841e-06 ] 9.9998e-01
 3.933e+01 2.1039e-05 2.1039e-05 [ 6.8197e-14 4.9062e-08 3.3222e-07 1.5716e-05 4.9417e-06 ] 9.9998e-01
 3.944e+01 1.8487e-05 1.8487e-05 [ 4.5144e-14 3.6199e-08 2.4975e-07 1.3900e-05 4.3010e-06 ] 9.9998e-01
 3.955e+01 1.6270e-05 1.6270e-05 [ 2.9915e-14 2.6761e-08 1.8819e-07 1.2308e-05 3.7473e-06 ] 9.9998e-01
 3.967e+01 1.4339e-05 1.4339e-05 [ 1.9843e-14 1.9821e-08 1.4211e-07 1.0909e-05 3.2683e-06 ] 9.9999e-01
 3.978e+01 1.2654e-05 1.2654e-05 [ 1.3175e-14 1.4708e-08 1.0756e-07 9.6787e-06 2.8534e-06 ] 9.9999e-01
 3.989e+01 1.1180e-05 1.1180e-05 [ 8.7556e-15 1.0933e-08 8.1577e-08 8.5944e-06 2.4936e-06 ] 9.9999e-01
 4.001e+01 9.8889e-06 9.8889e-06 [ 5.8234e-15 8.1404e-09 6.2004e-08 7.6375e-06 2.1812e-06 ] 9.9999e-01
 4.012e+01 8.7551e-06 8.7551e-06 [ 3.8762e-15 6.0711e-09 4.7225e-08 6.7922e-06 1.9097e-06 ] 9.9999e-01
 4.023e+01 7.7584e-06 7.7584e-06 [ 2.5820e-15 4.5349e-09 3.6043e-08 6.0444e-06 1.6735e-06 ] 9.9999e-01
 4.035e+01 6.8810e-06 6.8810e-06 [ 1.7211e-15 3.3925e-09 2.7566e-08 5.3823e-06 1.4677e-06 ] 9.9999e-01
 4.046e+01 6.1075e-06 6.1075e-06 [ 1.1480e-15 2.5415e-09 2.1126e-08 4.7955e-06 1.2883e-06 ] 9.9999e-01
 4.057e+01 5.4249e-06 5.4249e-06 [ 7.6613e-16 1.9067e-09 1.6224e-08 4.2750e-06 1.1318e-06 ] 9.9999e-01
 4.069e+01 4.8218e-06 4.8218e-06 [ 5.1157e-16 1.4323e-09 1.2486e-08 3.8128e-06 9.9507e-07 ] 1.0000e+00
 4.080e+01 4.2885e-06 4.2885e-06 [ 3.4177e-16 1.0773e-09 9.6302e-09 3.4023e-06 8.7551e-07 ] 1.0000e+00
 4.091e+01 3.8164e-06 3.8164e-06 [ 2.2843e-16 8.1133e-10 7.4441e-09 3.0373e-06 7.7089e-07 ] 1.0000e+00
 4.103e+01 3.3982e-06 3.3982e-06 [ 1.5274e-16 6.1172e-10 5.7678e-09 2.7125e-06 6.7925e-07 ] 1.0000e+00
 4.114e+01 3.0273e-06 3.0273e-06 [ 1.0217e-16 4.6174e-10 4.4799e-09 2.4235e-06 5.9891e-07 ] 1.0000e+00
 4.125e+01 2.6983e-06 2.6983e-06 [ 6.8362e-17 3.4891e-10 3.4887e-09 2.1660e-06 5.2843e-07 ] 1.0000e+00
 4.137e+01 2.4061e-06 2.4061e-06 [ 4.5756e-17 2.6392e-10 2.7243e-09 1.9365e-06 4.6654e-07 ] 1.0000e+00
 4.148e+01 2.1465e-06 2.1465e-06 [ 3.0633e-17 1.9983e-10 2.1338e-09 1.7320e-06 4.1216e-07 ] 1.0000e+00
 4.159e+01 1.9156e-06 1.9156e-06 [ 2.0513e-17 1.5145e-10 1.6767e-09 1.5495e-06 3.6434e-07 ] 1.0000e+00
 4.171e+01 1.7103e-06 1.7103e-06 [ 1.3739e-17 1.1488e-10 1.3221e-09 1.3866e-06 3.2225e-07 ] 1.0000e+00
 4.182e+01 1.5275e-06 1.5275e-06 [ 9.2032e-18 8.7221e-11 1.0466e-09 1.2412e-06 2.8519e-07 ] 1.0000e+00
 4.193e+01 1.3648e-06 1.3648e-06 [ 6.1657e-18 6.6273e-11 8.3191e-10 1.1114e-06 2.5253e-07 ] 1.0000e+00
 4.205e+01 1.2198e-06 1.2198e-06 [ 4.1311e-18 5.0396e-11 6.6429e-10 9.9532e-07 2.2373e-07 ] 1.0000e+00
 4.216e+01 1.0905e-06 1.0905e-06 [ 2.7681e-18 3.8351e-11 5.3307e-10 8.9161e-07 1.9831e-07 ] 1.0000e+00
 4.227e+01 9.7521e-07 9.7521e-07 [ 1.8548e-18 2.9206e-11 4.3007e-10 7.9888e-07 1.7587e-07 ] 1.0000e+00
 4.239e+01 8.7235e-07 8.7235e-07 [ 1.2429e-18 2.2256e-11 3.4898e-10 7.1594e-07 1.5604e-07 ] 1.0000e+00
 4.250e+01 7.8055e-07 7.8055e-07 [ 8.3282e-19 1.6971e-11 2.8493e-10 6.4174e-07 1.3851e-07 ] 1.0000e+00
 4.261e+01 6.9859e-07 6.9859e-07 [ 5.5802e-19 1.2949e-11 2.3415e-10 5.7533e-07 1.2301e-07 ] 1.0000e+00
 4.273e+01 6.2538e-07 6.2538e-07 [ 3.7387e-19 9.8855e-12 1.9374e-10 5.1589e-07 1.0929e-07 ] 1.0000e+00
 4.284e+01 5.5997e-07 5.5997e-07 [ 2.5047e-19 7.5511e-12 1.6144e-10 4.6267e-07 9.7135e-08 ] 1.0000e+00
 4.295e+01 5.0151e-07 5.0151e-07 [ 1.6777e-19 5.7709e-12 1.3551e-10 4.1500e-07 8.6371e-08 ] 1.0000e+00
 4.307e+01 4.4924e-07 4.4924e-07 [ 1.1237e-19 4.4126e-12 1.1457e-10 3.7230e-07 7.6829e-08 ] 1.0000e+00
 4.318e+01 4.0250e-07 4.0250e-07 [ 7.5246e-20 3.3756e-12 9.7580e-11 3.3403e-07 6.8367e-08 ] 1.0000e+00
 4.329e+01 3.6069e-07 3.6069e-07 [ 5.0379e-20 2.5834e-12 8.3704e-11 2.9974e-07 6.0859e-08 ] 1.0000e+00
 4.341e+01 3.2328e-07 3.2328e-07 [ 3.3723e-20 1.9780e-12 7.2300e-11 2.6901e-07 5.4195e-08 ] 1.0000e+00
 4.352e+01 2.8979e-07 2.8979e-07 [ 2.2569e-20 1.5150e-12 6.2865e-11 2.4145e-07 4.8277e-08 ] 1.0000e+00
 4.363e+01 2.5981e-07 2.5981e-07 [ 1.5100e-20 1.1609e-12 5.5003e-11 2.1674e-07 4.3019e-08 ] 1.0000e+00
 4.375e+01 2.3297e-07 2.3297e-07 [ 1.0101e-20 8.8984e-13 4.8404e-11 1.9458e-07 3.8346e-08 ] 1.0000e+00
 4.386e+01 2.0893e-07 2.0893e-07 [ 6.7544e-21 6.8232e-13 4.2825e-11 1.7470e-07 3.4191e-08 ] 1.0000e+00
 4.397e+01 1.8740e-07 1.8740e-07 [ 4.5155e-21 5.2337e-13 3.8072e-11 1.5687e-07 3.0496e-08 ] 1.0000e+00
 4.409e+01 1.6811e-07 1.6811e-07 [ 3.0177e-21 4.0158e-13 3.3994e-11 1.4087e-07 2.7207e-08 ] 1.0000e+00
 4.420e+01 1.5082e-07 1.5082e-07 [ 2.0161e-21 3.0822e-13 3.0469e-11 1.2651e-07 2.4280e-08 ] 1.0000e+00
 4.431e+01 1.3532e-07 1.3532e-07 [ 1.3465e-21 2.3664e-13 2.7403e-11 1.1362e-07 2.1673e-08 ] 1.0000e+00
 4.443e+01 1.2143e-07 1.2143e-07 [ 8.9896e-22 1.8174e-13 2.4717e-11 1.0206e-07 1.9352e-08 ] 1.0000e+00
 4.454e+01 1.0898e-07 1.0898e-07 [ 5.9995e-22 1.3962e-13 2.2350e-11 9.1674e-08 1.7283e-08 ] 1.0000e+00
 4.465e+01 9.7812e-08 9.7812e-08 [ 4.0024e-22 1.0729e-13 2.0254e-11 8.2353e-08 1.5439e-08 ] 1.0000e+00
 4.477e+01 8.7797e-08 8.7797e-08 [ 2.6691e-22 8.2473e-14 1.8387e-11 7.3984e-08 1.3795e-08 ] 1.0000e+00
 4.488e+01 7.8815e-08 7.8815e-08 [ 1.7792e-22 6.3417e-14 1.6717e-11 6.6469e-08 1.2329e-08 ] 1.0000e+00
 4.499e+01 7.0756e-08 7.0756e-08 [ 1.1855e-22 4.8780e-14 1.5217e-11 5.9720e-08 1.1021e-08 ] 1.0000e+00
 4.511e+01 6.3527e-08 6.3527e-08 [ 7.8954e-23 3.7535e-14 1.3865e-11 5.3660e-08 9.8535e-09 ] 1.0000e+00
 4.522e+01 5.7041e-08 5.7041e-08 [ 5.2562e-23 2.8893e-14 1.2643e-11 4.8216e-08 8.8117e-09 ] 1.0000e+00
 4.533e+01 5.1220e-08 5.1220e-08 [ 3.4976e-23 2.2249e-14 1.1536e-11 4.3327e-08 7.8815e-09 ] 1.0000e+00
 4.545e+01 4.5996e-08 4.5996e-08 [ 2.3263e-23 1.7141e-14 1.0530e-11 3.8935e-08 7.0509e-09 ] 1.0000e+00
 4.556e+01 4.1307e-08 4.1307e-08 [ 1.5465e-23 1.3212e-14 9.6142e-12 3.4989e-08 6.3089e-09 ] 1.0000e+00
 4.567e+01 3.7099e-08 3.7099e-08 [ 1.0276e-23 1.0190e-14 8.7797e-12 3.1444e-08 5.6460e-09 ] 1.0000e+00
 4.579e+01 3.3321e-08 3.3321e-08 [ 6.8249e-24 7.8632e-15 8.0181e-12 2.8259e-08 5.0535e-09 ] 1.0000e+00
 4.590e+01 2.9929e-08 2.9929e-08 [ 4.5304e-24 6.0720e-15 7.3225e-12 2.5398e-08 4.5240e-09 ] 1.0000e+00
 4.601e+01 2.6884e-08 2.6884e-08 [ 3.0058e-24 4.6925e-15 6.6866e-12 2.2827e-08 4.0506e-09 ] 1.0000e+00
 4.613e+01 2.4150e-08 2.4150e-08 [ 1.9933e-24 3.6294e-15 6.1049e-12 2.0516e-08 3.6272e-09 ] 1.0000e+00
 4.624e+01 2.1695e-08 2.1695e-08 [ 1.3211e-24 2.8099e-15 5.5726e-12 1.8440e-08 3.2486e-09 ] 1.0000e+00
 4.635e+01 1.9490e-08 1.9490e-08 [ 8.7514e-25 2.1778e-15 5.0855e-12 1.6575e-08 2.9099e-09 ] 1.0000e+00
 4.647e+01 1.7510e-08 1.7510e-08 [ 5.7940e-25 1.6899e-15 4.6396e-12 1.4898e-08 2.6069e-09 ] 1.0000e+00
 4.658e+01 1.5731e-08 1.5731e-08 [ 3.8340e-25 1.3131e-15 4.2313e-12 1.3391e-08 2.3357e-09 ] 1.0000e+00
 4.669e+01 1.4134e-08 1.4134e-08 [ 2.5356e-25 1.0219e-15 3.8577e-12 1.2037e-08 2.0930e-09 ] 1.0000e+00
 4.681e+01 1.2699e-08 1.2699e-08 [ 1.6759e-25 7.9655e-16 3.5157e-12 1.0820e-08 1.8757e-09 ] 1.0000e+00
 4.692e+01 1.1410e-08 1.1410e-08 [ 1.1071e-25 6.2207e-16 3.2028e-12 9.7259e-09 1.6812e-09 ] 1.0000e+00
 4.703e+01 1.0253e-08 1.0253e-08 [ 7.3094e-26 4.8681e-16 2.9165e-12 8.7427e-09 1.5070e-09 ] 1.0000e+00
 4.715e+01 9.2126e-09 9.2126e-09 [ 4.8230e-26 3.8182e-16 2.6547e-12 7.8589e-09 1.3510e-09 ] 1.0000e+00
 4.726e+01 8.2782e-09 8.2782e-09 [ 3.1806e-26 3.0021e-16 2.4154e-12 7.0645e-09 1.2113e-09 ] 1.0000e+00
 4.737e+01 7.4388e-09 7.4388e-09 [ 2.0962e-26 2.3668e-16 2.1967e-12 6.3505e-09 1.0861e-09 ] 1.0000e+00
 4.749e+01 6.6847e-09 6.6847e-09 [ 1.3807e-26 1.8713e-16 1.9969e-12 5.7087e-09 9.7398e-10 ] 1.0000e+00
 4.760e+01 6.0071e-09 6.0071e-09 [ 9.0892e-27 1.4841e-16 1.8144e-12 5.1317e-09 8.7350e-10 ] 1.0000e+00
 4.771e+01 5.3982e-09 5.3982e-09 [ 5.9797e-27 1.1809e-16 1.6479e-12 4.6131e-09 7.8345e-10 ] 1.0000e+00
 4.783e+01 4.8512e-09 4.8512e-09 [ 3.9316e-27 9.4285e-17 1.4960e-12 4.1469e-09 7.0275e-10 ] 1.0000e+00
 4.794e+01 4.3596e-09 4.3596e-09 [ 2.5834e-27 7.5554e-17 1.3575e-12 3.7279e-09 6.3041e-10 ] 1.0000e+00
 4.805e+01 3.9180e-09 3.9180e-09 [ 1.6965e-27 6.0771e-17 1.2313e-12 3.3512e-09 5.6556e-10 ] 1.0000e+00
 4.817e+01 3.5211e-09 3.5211e-09 [ 1.1134e-27 4.9070e-17 1.1163e-12 3.0125e-09 5.0742e-10 ] 1.0000e+00
 4.828e+01 3.1644e-09 3.1644e-09 [ 7.3028e-28 3.9777e-17 1.0115e-12 2.7081e-09 4.5529e-10 ] 1.0000e+00
 4.839e+01 2.8439e-09 2.8439e-09 [ 4.7869e-28 3.2372e-17 9.1624e-13 2.4344e-09 4.0855e-10 ] 1.0000e+00
 4.851e+01 2.5559e-09 2.5559e-09 [ 3.1358e-28 2.6450e-17 8.2954e-13 2.1884e-09 3.6662e-10 ] 1.0000e+00
 4.862e+01 2.2970e-09 2.2970e-09 [ 2.0529e-28 2.1696e-17 7.5072e-13 1.9673e-09 3.2903e-10 ] 1.0000e+00
 4.873e+01 2.0644e-09 2.0644e-09 [ 1.3431e-28 1.7865e-17 6.7909e-13 1.7684e-09 2.9530e-10 ] 1.0000e+00
 4.885e+01 1.8554e-09 1.8554e-09 [ 8.7821e-29 1.4765e-17 6.1403e-13 1.5897e-09 2.6505e-10 ] 1.0000e+00
 4.896e+01 1.6675e-09 1.6675e-09 [ 5.7386e-29 1.2247e-17 5.5496e-13 1.4290e-09 2.3791e-10 ] 1.0000e+00
 4.907e+01 1.4987e-09 1.4987e-09 [ 3.7476e-29 1.0193e-17 5.0136e-13 1.2846e-09 2.1356e-10 ] 1.0000e+00
 4.919e+01 1.3469e-09 1.3469e-09 [ 2.4458e-29 8.5102e-18 4.5274e-13 1.1548e-09 1.9171e-10 ] 1.0000e+00
 4.930e+01 1.2105e-09 1.2105e-09 [ 1.5952e-29 7.1268e-18 4.0867e-13 1.0380e-09 1.7211e-10 ] 1.0000e+00
 4.941e+01 1.0880e-09 1.0880e-09 [ 1.0398e-29 5.9850e-18 3.6873e-13 9.3309e-10 1.5452e-10 ] 1.0000e+00
 4.953e+01 9.7782e-10 9.7782e-10 [ 6.7733e-30 5.0388e-18 3.3256e-13 8.3876e-10 1.3873e-10 ] 1.0000e+00
 4.964e+01 8.7882e-10 8.7882e-10 [ 4.4095e-30 4.2521e-18 2.9982e-13 7.5396e-10 1.2456e-10 ] 1.0000e+00
 4.975e+01 7.8984e-10 7.8984e-10 [ 2.8689e-30 3.5957e-18 2.7019e-13 6.7772e-10 1.1184e-10 ] 1.0000e+00
 4.987e+01 7.0986e-10 7.0986e-10 [ 1.8654e-30 3.0463e-18 2.4339e-13 6.0919e-10 1.0043e-10 ] 1.0000e+00
 4.998e+01 6.3799e-10 6.3799e-10 [ 1.2122e-30 2.5851e-18 2.1916e-13 5.4758e-10 9.0182e-11 ] 1.0000e+00
 5.009e+01 5.7338e-10 5.7338e-10 [ 7.8724e-31 2.1969e-18 1.9727e-13 4.9220e-10 8.0985e-11 ] 1.0000e+00
 5.021e+01 5.1532e-10 5.1532e-10 [ 5.1096e-31 1.8693e-18 1.7749e-13 4.4242e-10 7.2727e-11 ] 1.0000e+00
 5.032e+01 4.6314e-10 4.6314e-10 [ 3.3145e-31 1.5923e-18 1.5964e-13 3.9766e-10 6.5314e-11 ] 1.0000e+00
 5.043e+01 4.1624e-10 4.1624e-10 [ 2.1488e-31 1.3575e-18 1.4353e-13 3.5743e-10 5.8658e-11 ] 1.0000e+00
 5.055e+01 3.7408e-10 3.7408e-10 [ 1.3923e-31 1.1582e-18 1.2899e-13 3.2127e-10 5.2682e-11 ] 1.0000e+00
 5.066e+01 3.3619e-10 3.3619e-10 [ 9.0160e-32 9.8873e-19 1.1589e-13 2.8876e-10 4.7317e-11 ] 1.0000e+00
 5.077e+01 3.0214e-10 3.0214e-10 [ 5.8354e-32 8.4446e-19 1.0408e-13 2.5954e-10 4.2499e-11 ] 1.0000e+00
 5.089e+01 2.7154e-10 2.7154e-10 [ 3.7748e-32 7.2150e-19 9.3433e-14 2.3327e-10 3.8172e-11 ] 1.0000e+00
 5.100e+01 2.4403e-10 2.4403e-10 [ 2.4407e-32 6.1659e-19 8.3849e-14 2.0966e-10 3.4287e-11 ] 1.0000e+00
 5.111e+01 2.1931e-10 2.1931e-10 [ 1.5773e-32 5.2701e-19 7.5222e-14 1.8843e-10 3.0798e-11 ] 1.0000e+00
 5.123e+01 1.9709e-10 1.9709e-10 [ 1.0188e-32 4.5047e-19 6.7458e-14 1.6936e-10 2.7664e-11 ] 1.0000e+00
 5.134e+01 1.7712e-10 1.7712e-10 [ 6.5782e-33 3.8505e-19 6.0475e-14 1.5221e-10 2.4850e-11 ] 1.0000e+00
 5.145e+01 1.5917e-10 1.5917e-10 [ 4.2455e-33 3.2910e-19 5.4196e-14 1.3679e-10 2.2323e-11 ] 1.0000e+00
 5.157e+01 1.4304e-10 1.4304e-10 [ 2.7390e-33 2.8124e-19 4.8553e-14 1.2294e-10 2.0053e-11 ] 1.0000e+00
 5.168e+01 1.2854e-10 1.2854e-10 [ 1.7665e-33 2.4029e-19 4.3482e-14 1.1048e-10 1.8014e-11 ] 1.0000e+00
 5.179e+01 1.1551e-10 1.1551e-10 [ 1.1389e-33 2.0526e-19 3.8928e-14 9.9289e-11 1.6182e-11 ] 1.0000e+00
 5.191e+01 1.0380e-10 1.0380e-10 [ 7.3408e-34 1.7528e-19 3.4840e-14 8.9227e-11 1.4537e-11 ] 1.0000e+00
 5.202e+01 9.3275e-11 9.3275e-11 [ 4.7306e-34 1.4964e-19 3.1170e-14 8.0184e-11 1.3060e-11 ] 1.0000e+00
 5.213e+01 8.3817e-11 8.3817e-11 [ 3.0480e-34 1.2770e-19 2.7878e-14 7.2057e-11 1.1732e-11 ] 1.0000e+00
 5.225e+01 7.5317e-11 7.5317e-11 [ 1.9636e-34 1.0894e-19 2.4926e-14 6.4751e-11 1.0540e-11 ] 1.0000e+00
 5.236e+01 6.7677e-11 6.7677e-11 [ 1.2650e-34 9.2892e-20 2.2280e-14 5.8186e-11 9.4692e-12 ] 1.0000e+00
 5.247e+01 6.0812e-11 6.0812e-11 [ 8.1494e-35 7.9178e-20 1.9908e-14 5.2285e-11 8.5071e-12 ] 1.0000e+00
 5.259e+01 5.4642e-11 5.4642e-11 [ 5.2506e-35 6.7459e-20 1.7783e-14 4.6981e-11 7.6428e-12 ] 1.0000e+00
 5.270e+01 4.9097e-11 4.9097e-11 [ 3.3835e-35 5.7448e-20 1.5880e-14 4.2215e-11 6.8664e-12 ] 1.0000e+00
 5.281e+01 4.4115e-11 4.4115e-11 [ 2.1809e-35 4.8900e-20 1.4176e-14 3.7932e-11 6.1689e-12 ] 1.0000e+00
 5.293e+01 3.9637e-11 3.9637e-11 [ 1.4063e-35 4.1603e-20 1.2651e-14 3.4082e-11 5.5422e-12 ] 1.0000e+00
 5.304e+01 3.5613e-11 3.5613e-11 [ 9.0722e-36 3.5378e-20 1.1287e-14 3.0622e-11 4.9793e-12 ] 1.0000e+00
 5.315e+01 3.1997e-11 3.1997e-11 [ 5.8560e-36 3.0070e-20 1.0067e-14 2.7513e-11 4.4735e-12 ] 1.0000e+00
 5.327e+01 2.8748e-11 2.8748e-11 [ 3.7826e-36 2.5545e-20 8.9764e-15 2.4719e-11 4.0191e-12 ] 1.0000e+00
 5.338e+01 2.5828e-11 2.5828e-11 [ 2.4453e-36 2.1690e-20 8.0015e-15 2.2209e-11 3.6109e-12 ] 1.0000e+00
 5.349e+01 2.3204e-11 2.3204e-11 [ 1.5823e-36 1.8407e-20 7.1303e-15 1.9953e-11 3.2441e-12 ] 1.0000e+00
 5.361e+01 2.0846e-11 2.0846e-11 [ 1.0249e-36 1.5613e-20 6.3522e-15 1.7925e-11 2.9146e-12 ] 1.0000e+00
 5.372e+01 1.8728e-11 1.8728e-11 [ 6.6472e-37 1.3236e-20 5.6574e-15 1.6103e-11 2.6186e-12 ] 1.0000e+00
 5.383e+01 1.6824e-11 1.6824e-11 [ 4.3168e-37 1.1215e-20 5.0372e-15 1.4466e-11 2.3526e-12 ] 1.0000e+00
 5.395e+01 1.5113e-11 1.5113e-11 [ 2.8076e-37 9.4977e-21 4.4836e-15 1.2995e-11 2.1136e-12 ] 1.0000e+00
 5.406e+01 1.3577e-11 1.3577e-11 [ 1.8290e-37 8.0391e-21 3.9898e-15 1.1674e-11 1.8989e-12 ] 1.0000e+00
 5.417e+01 1.2196e-11 1.2196e-11 [ 1.1936e-37 6.8009e-21 3.5494e-15 1.0486e-11 1.7060e-12 ] 1.0000e+00
 5.429e+01 1.0955e-11 1.0955e-11 [ 7.8045e-38 5.7504e-21 3.1568e-15 9.4192e-12 1.5327e-12 ] 1.0000e+00
 5.440e+01 9.8403e-12 9.8403e-12 [ 5.1132e-38 4.8595e-21 2.8068e-15 8.4606e-12 1.3770e-12 ] 1.0000e+00
 5.451e+01 8.8388e-12 8.8388e-12 [ 3.3571e-38 4.1045e-21 2.4949e-15 7.5993e-12 1.2371e-12 ] 1.0000e+00
 5.463e+01 7.9390e-12 7.9390e-12 [ 2.2091e-38 3.4650e-21 2.2171e-15 6.8254e-12 1.1114e-12 ] 1.0000e+00
 5.474e+01 7.1306e-12 7.1306e-12 [ 1.4570e-38 2.9236e-21 1.9697e-15 6.1302e-12 9.9842e-13 ] 1.0000e+00
 5.485e+01 6.4044e-12 6.4044e-12 [ 9.6326e-39 2.4655e-21 1.7494e-15 5.5057e-12 8.9695e-13 ] 1.0000e+00
 5.497e+01 5.7519e-12 5.7519e-12 [ 6.3840e-39 2.0781e-21 1.5534e-15 4.9446e-12 8.0579e-13 ] 1.0000e+00
 5.508e+01 5.1658e-12 5.1658e-12 [ 4.2414e-39 1.7507e-21 1.3790e-15 4.4405e-12 7.2388e-13 ] 1.0000e+00
 5.519e+01 4.6393e-12 4.6393e-12 [ 2.8249e-39 1.4740e-21 1.2238e-15 3.9878e-12 6.5029e-13 ] 1.0000e+00
 5.531e+01 4.1663e-12 4.1663e-12 [ 1.8862e-39 1.2405e-21 1.0858e-15 3.5810e-12 5.8418e-13 ] 1.0000e+00
 5.542e+01 3.7414e-12 3.7414e-12 [ 1.2625e-39 1.0434e-21 9.6311e-16 3.2157e-12 5.2478e-13 ] 1.0000e+00
 5.553e+01 3.3597e-12 3.3597e-12 [ 8.4702e-40 8.7717e-22 8.5407e-16 2.8875e-12 4.7141e-13 ] 1.0000e+00
 5.565e+01 3.0169e-12 3.0169e-12 [ 5.6961e-40 7.3705e-22 7.5717e-16 2.5927e-12 4.2346e-13 ] 1.0000e+00
 5.576e+01 2.7090e-12 2.7090e-12 [ 3.8392e-40 6.1900e-22 6.7110e-16 2.3279e-12 3.8038e-13 ] 1.0000e+00
 5.587e+01 2.4324e-12 2.4324e-12 [ 2.5932e-40 5.1959e-22 5.9467e-16 2.0901e-12 3.4168e-13 ] 1.0000e+00
 5.599e+01 2.1840e-12 2.1840e-12 [ 1.7551e-40 4.3593e-22 5.2680e-16 1.8765e-12 3.0692e-13 ] 1.0000e+00
 5.610e+01 1.9609e-12 1.9609e-12 [ 1.1902e-40 3.6555e-22 4.6656e-16 1.6847e-12 2.7568e-13 ] 1.0000e+00
 5.621e+01 1.7605e-12 1.7605e-12 [ 8.0849e-41 3.0638e-22 4.1311e-16 1.5125e-12 2.4762e-13 ] 1.0000e+00
 5.633e+01 1.5805e-12 1.5805e-12 [ 5.5012e-41 2.5666e-22 3.6569e-16 1.3578e-12 2.2241e-13 ] 1.0000e+00
 5.644e+01 1.4189e-12 1.4189e-12 [ 3.7488e-41 2.1490e-22 3.2363e-16 1.2188e-12 1.9976e-13 ] 1.0000e+00
 5.655e+01 1.2738e-12 1.2738e-12 [ 2.5581e-41 1.7985e-22 2.8633e-16 1.0941e-12 1.7942e-13 ] 1.0000e+00
 5.667e+01 1.1434e-12 1.1434e-12 [ 1.7477e-41 1.5044e-22 2.5328e-16 9.8204e-13 1.6114e-13 ] 1.0000e+00
 5.678e+01 1.0264e-12 1.0264e-12 [ 1.1953e-41 1.2578e-22 2.2398e-16 8.8145e-13 1.4472e-13 ] 1.0000e+00
 5.689e+01 9.2130e-13 9.2130e-13 [ 8.1833e-42 1.0511e-22 1.9802e-16 7.9113e-13 1.2998e-13 ] 1.0000e+00
 5.701e+01 8.2693e-13 8.2693e-13 [ 5.6068e-42 8.7793e-23 1.7503e-16 7.1003e-13 1.1673e-13 ] 1.0000e+00
 5.712e+01 7.4220e-13 7.4220e-13 [ 3.8442e-42 7.3295e-23 1.5467e-16 6.3722e-13 1.0483e-13 ] 1.0000e+00
 5.723e+01 6.6612e-13 6.6612e-13 [ 2.6372e-42 6.1161e-23 1.3665e-16 5.7185e-13 9.4138e-14 ] 1.0000e+00
 5.735e+01 5.9782e-13 5.9782e-13 [ 1.8100e-42 5.1011e-23 1.2069e-16 5.1316e-13 8.4536e-14 ] 1.0000e+00
 5.746e+01 5.3649e-13 5.3649e-13 [ 1.2427e-42 4.2525e-23 1.0657e-16 4.6047e-13 7.5912e-14 ] 1.0000e+00
 5.757e+01 4.8144e-13 4.8144e-13 [ 8.5344e-43 3.5435e-23 9.4086e-17 4.1318e-13 6.8165e-14 ] 1.0000e+00
 5.769e+01 4.3201e-13 4.3201e-13 [ 5.8621e-43 2.9512e-23 8.3041e-17 3.7072e-13 6.1207e-14 ] 1.0000e+00
 5.780e+01 3.8764e-13 3.8764e-13 [ 4.0269e-43 2.4568e-23 7.3274e-17 3.3261e-13 5.4958e-14 ] 1.0000e+00
 5.791e+01 3.4782e-13 3.4782e-13 [ 2.7662e-43 2.0442e-23 6.4641e-17 2.9841e-13 4.9345e-14 ] 1.0000e+00
 5.803e+01 3.1207e-13 3.1207e-13 [ 1.9001e-43 1.7002e-23 5.7011e-17 2.6770e-13 4.4304e-14 ] 1.0000e+00
 5.814e+01 2.7998e-13 2.7998e-13 [ 1.3050e-43 1.4134e-23 5.0270e-17 2.4015e-13 3.9777e-14 ] 1.0000e+00
 5.825e+01 2.5117e-13 2.5117e-13 [ 8.9612e-44 1.1744e-23 4.4315e-17 2.1542e-13 3.5711e-14 ] 1.0000e+00
 5.837e+01 2.2533e-13 2.2533e-13 [ 6.1520e-44 9.7536e-24 3.9056e-17 1.9323e-13 3.2060e-14 ] 1.0000e+00
 5.848e+01 2.0213e-13 2.0213e-13 [ 4.2223e-44 8.0970e-24 3.4413e-17 1.7331e-13 2.8781e-14 ] 1.0000e+00
 5.859e+01 1.8131e-13 1.8131e-13 [ 2.8969e-44 6.7186e-24 3.0315e-17 1.5544e-13 2.5836e-14 ] 1.0000e+00
 5.871e+01 1.6262e-13 1.6262e-13 [ 1.9868e-44 5.5724e-24 2.6698e-17 1.3940e-13 2.3192e-14 ] 1.0000e+00
 5.882e+01 1.4585e-13 1.4585e-13 [ 1.3620e-44 4.6196e-24 2.3507e-17 1.2501e-13 2.0818e-14 ] 1.0000e+00
 5.893e+01 1.3081e-13 1.3081e-13 [ 9.3335e-45 3.8280e-24 2.0693e-17 1.1210e-13 1.8686e-14 ] 1.0000e+00
 5.905e+01 1.1731e-13 1.1731e-13 [ 6.3928e-45 3.1706e-24 1.8211e-17 1.0052e-13 1.6771e-14 ] 1.0000e+00
 5.916e+01 1.0520e-13 1.0520e-13 [ 4.3765e-45 2.6249e-24 1.6023e-17 9.0130e-14 1.5053e-14 ] 1.0000e+00
 5.927e+01 9.4332e-14 9.4332e-14 [ 2.9946e-45 2.1721e-24 1.4095e-17 8.0809e-14 1.3509e-14 ] 1.0000e+00
 5.939e+01 8.4583e-14 8.4583e-14 [ 2.0479e-45 1.7967e-24 1.2396e-17 7.2447e-14 1.2124e-14 ] 1.0000e+00
 5.950e+01 7.5838e-14 7.5838e-14 [ 1.3998e-45 1.4855e-24 1.0899e-17 6.4947e-14 1.0880e-14 ] 1.0000e+00
 5.961e+01 6.7992e-14 6.7992e-14 [ 9.5619e-46 1.2276e-24 9.5801e-18 5.8219e-14 9.7635e-15 ] 1.0000e+00
 5.973e+01 6.0955e-14 6.0955e-14 [ 6.5280e-46 1.0141e-24 8.4192e-18 5.2185e-14 8.7611e-15 ] 1.0000e+00
 5.984e+01 5.4643e-14 5.4643e-14 [ 4.4541e-46 8.3728e-25 7.3971e-18 4.6774e-14 7.8612e-15 ] 1.0000e+00
 5.995e+01 4.8981e-14 4.8981e-14 [ 3.0372e-46 6.9103e-25 6.4976e-18 4.1921e-14 7.0535e-15 ] 1.0000e+00
 6.007e+01 4.3903e-14 4.3903e-14 [ 2.0697e-46 5.7007e-25 5.7061e-18 3.7569e-14 6.3284e-15 ] 1.0000e+00
 6.018e+01 3.9349e-14 3.9349e-14 [ 1.4095e-46 4.7007e-25 5.0099e-18 3.3667e-14 5.6776e-15 ] 1.0000e+00
 6.029e+01 3.5266e-14 3.5266e-14 [ 9.5934e-47 3.8745e-25 4.3975e-18 3.0168e-14 5.0935e-15 ] 1.0000e+00
 6.041e+01 3.1604e-14 3.1604e-14 [ 6.5251e-47 3.1921e-25 3.8591e-18 2.7031e-14 4.5692e-15 ] 1.0000e+00
 6.052e+01 2.8320e-14 2.8320e-14 [ 4.4353e-47 2.6288e-25 3.3858e-18 2.4218e-14 4.0988e-15 ] 1.0000e+00
 6.063e+01 2.5376e-14 2.5376e-14 [ 3.0128e-47 2.1639e-25 2.9699e-18 2.1697e-14 3.6765e-15 ] 1.0000e+00
 6.075e+01 2.2737e-14 2.2737e-14 [ 2.0452e-47 1.7805e-25 2.6044e-18 1.9437e-14 3.2976e-15 ] 1.0000e+00
 6.086e+01 2.0371e-14 2.0371e-14 [ 1.3875e-47 1.4644e-25 2.2834e-18 1.7411e-14 2.9576e-15 ] 1.0000e+00
 6.097e+01 1.8249e-14 1.8249e-14 [ 9.4064e-48 1.2038e-25 2.0014e-18 1.5595e-14 2.6525e-15 ] 1.0000e+00
 6.109e+01 1.6348e-14 1.6348e-14 [ 6.3728e-48 9.8926e-26 1.7539e-18 1.3967e-14 2.3787e-15 ] 1.0000e+00
 6.120e+01 1.4643e-14 1.4643e-14 [ 4.3146e-48 8.1258e-26 1.5366e-18 1.2509e-14 2.1331e-15 ] 1.0000e+00
 6.131e+01 1.3116e-14 1.3116e-14 [ 2.9192e-48 6.6716e-26 1.3459e-18 1.1202e-14 1.9128e-15 ] 1.0000e+00
 6.143e+01 1.1746e-14 1.1746e-14 [ 1.9738e-48 5.4754e-26 1.1786e-18 1.0030e-14 1.7151e-15 ] 1.0000e+00
 6.154e+01 1.0520e-14 1.0520e-14 [ 1.3337e-48 4.4917e-26 1.0318e-18 8.9808e-15 1.5377e-15 ] 1.0000e+00
 6.165e+01 9.4200e-15 9.4200e-15 [ 9.0055e-49 3.6832e-26 9.0315e-19 8.0405e-15 1.3786e-15 ] 1.0000e+00
 6.177e+01 8.4348e-15 8.4348e-15 [ 6.0768e-49 3.0190e-26 7.9032e-19 7.1981e-15 1.2359e-15 ] 1.0000e+00
 6.188e+01 7.5521e-15 7.5521e-15 [ 4.0977e-49 2.4735e-26 6.9142e-19 6.4435e-15 1.1079e-15 ] 1.0000e+00
 6.199e+01 6.7612e-15 6.7612e-15 [ 2.7614e-49 2.0257e-26 6.0475e-19 5.7675e-15 9.9309e-16 ] 1.0000e+00
 6.211e+01 6.0527e-15 6.0527e-15 [ 1.8596e-49 1.6583e-26 5.2882e-19 5.1621e-15 8.9013e-16 ] 1.0000e+00
 6.222e+01 5.4180e-15 5.4180e-15 [ 1.2515e-49 1.3569e-26 4.6231e-19 4.6198e-15 7.9778e-16 ] 1.0000e+00
 6.233e+01 4.8495e-15 4.8495e-15 [ 8.4164e-50 1.1099e-26 4.0407e-19 4.1341e-15 7.1498e-16 ] 1.0000e+00
 6.245e+01 4.3403e-15 4.3403e-15 [ 5.6565e-50 9.0743e-27 3.5309e-19 3.6992e-15 6.4072e-16 ] 1.0000e+00
 6.256e+01 3.8843e-15 3.8843e-15 [ 3.7991e-50 7.4160e-27 3.0846e-19 3.3098e-15 5.7414e-16 ] 1.0000e+00
 6.267e+01 3.4758e-15 3.4758e-15 [ 2.5499e-50 6.0583e-27 2.6941e-19 2.9611e-15 5.1444e-16 ] 1.0000e+00
 6.279e+01 3.1101e-15 3.1101e-15 [ 1.7103e-50 4.9470e-27 2.3525e-19 2.6490e-15 4.6092e-16 ] 1.0000e+00
 6.290e+01 2.7826e-15 2.7826e-15 [ 1.1464e-50 4.0379e-27 2.0537e-19 2.3695e-15 4.1294e-16 ] 1.0000e+00
 6.301e+01 2.4894e-15 2.4894e-15 [ 7.6790e-51 3.2945e-27 1.7924e-19 2.1193e-15 3.6993e-16 ] 1.0000e+00
 6.313e+01 2.2269e-15 2.2269e-15 [ 5.1404e-51 2.6869e-27 1.5640e-19 1.8954e-15 3.3137e-16 ] 1.0000e+00
 6.324e+01 1.9919e-15 1.9919e-15 [ 3.4387e-51 2.1904e-27 1.3643e-19 1.6950e-15 2.9681e-16 ] 1.0000e+00
 6.335e+01 1.7816e-15 1.7816e-15 [ 2.2988e-51 1.7850e-27 1.1899e-19 1.5156e-15 2.6584e-16 ] 1.0000e+00
 6.347e+01 1.5933e-15 1.5933e-15 [ 1.5358e-51 1.4539e-27 1.0375e-19 1.3551e-15 2.3808e-16 ] 1.0000e+00
 6.358e+01 1.4248e-15 1.4248e-15 [ 1.0254e-51 1.1838e-27 9.0443e-20 1.2115e-15 2.1320e-16 ] 1.0000e+00
 6.369e+01 1.2740e-15 1.2740e-15 [ 6.8413e-52 9.6350e-28 7.8822e-20 1.0830e-15 1.9091e-16 ] 1.0000e+00
 6.381e+01 1.1391e-15 1.1391e-15 [ 4.5615e-52 7.8386e-28 6.8679e-20 9.6808e-16 1.7094e-16 ] 1.0000e+00
 6.392e+01 1.0183e-15 1.0183e-15 [ 3.0395e-52 6.3745e-28 5.9826e-20 8.6524e-16 1.5304e-16 ] 1.0000e+00
 6.403e+01 9.1032e-16 9.1032e-16 [ 2.0240e-52 5.1817e-28 5.2101e-20 7.7326e-16 1.3701e-16 ] 1.0000e+00
 6.415e+01 8.1368e-16 8.1368e-16 [ 1.3469e-52 4.2105e-28 4.5364e-20 6.9099e-16 1.2265e-16 ] 1.0000e+00
 6.426e+01 7.2723e-16 7.2723e-16 [ 8.9573e-53 3.4198e-28 3.9487e-20 6.1741e-16 1.0978e-16 ] 1.0000e+00
 6.437e+01 6.4991e-16 6.4991e-16 [ 5.9531e-53 2.7765e-28 3.4364e-20 5.5162e-16 9.8256e-17 ] 1.0000e+00
 6.449e+01 5.8075e-16 5.8075e-16 [ 3.9539e-53 2.2533e-28 2.9898e-20 4.9278e-16 8.7934e-17 ] 1.0000e+00
 6.460e+01 5.1890e-16 5.1890e-16 [ 2.6244e-53 1.8280e-28 2.6007e-20 4.4018e-16 7.8690e-17 ] 1.0000e+00
 6.471e+01 4.6359e-16 4.6359e-16 [ 1.7408e-53 1.4823e-28 2.2616e-20 3.9316e-16 7.0412e-17 ] 1.0000e+00
 6.483e+01 4.1414e-16 4.1414e-16 [ 1.1540e-53 1.2015e-28 1.9663e-20 3.5112e-16 6.2999e-17 ] 1.0000e+00
 6.494e+01 3.6993e-16 3.6993e-16 [ 7.6448e-54 9.7355e-29 1.7091e-20 3.1355e-16 5.6362e-17 ] 1.0000e+00
 6.505e+01 3.3040e-16 3.3040e-16 [ 5.0612e-54 7.8850e-29 1.4852e-20 2.7997e-16 5.0420e-17 ] 1.0000e+00
 6.517e+01 2.9507e-16 2.9507e-16 [ 3.3487e-54 6.3836e-29 1.2903e-20 2.4996e-16 4.5100e-17 ] 1.0000e+00
 6.528e+01 2.6349e-16 2.6349e-16 [ 2.2142e-54 5.1661e-29 1.1207e-20 2.2314e-16 4.0338e-17 ] 1.0000e+00
 6.539e+01 2.3526e-16 2.3526e-16 [ 1.4631e-54 4.1791e-29 9.7319e-21 1.9918e-16 3.6075e-17 ] 1.0000e+00
 6.551e+01 2.1004e-16 2.1004e-16 [ 9.6618e-55 3.3793e-29 8.4487e-21 1.7777e-16 3.2261e-17 ] 1.0000e+00
 6.562e+01 1.8750e-16 1.8750e-16 [ 6.3764e-55 2.7314e-29 7.3329e-21 1.5865e-16 2.8846e-17 ] 1.0000e+00
 6.573e+01 1.6737e-16 1.6737e-16 [ 4.2055e-55 2.2069e-29 6.3629e-21 1.4157e-16 2.5791e-17 ] 1.0000e+00
 6.585e+01 1.4938e-16 1.4938e-16 [ 2.7719e-55 1.7824e-29 5.5199e-21 1.2631e-16 2.3057e-17 ] 1.0000e+00
 6.596e+01 1.3331e-16 1.3331e-16 [ 1.8259e-55 1.4390e-29 4.7874e-21 1.1269e-16 2.0612e-17 ] 1.0000e+00
 6.607e+01 1.1895e-16 1.1895e-16 [ 1.2020e-55 1.1612e-29 4.1511e-21 1.0053e-16 1.8423e-17 ] 1.0000e+00
 6.619e+01 1.0613e-16 1.0613e-16 [ 7.9077e-56 9.3673e-30 3.5985e-21 8.9664e-17 1.6466e-17 ] 1.0000e+00
 6.630e+01 9.4686e-17 9.4686e-17 [ 5.1992e-56 7.5534e-30 3.1187e-21 7.9967e-17 1.4715e-17 ] 1.0000e+00
 6.641e+01 8.4463e-17 8.4463e-17 [ 3.4162e-56 6.0882e-30 2.7022e-21 7.1311e-17 1.3149e-17 ] 1.0000e+00
 6.653e+01 7.5336e-17 7.5336e-17 [ 2.2433e-56 4.9053e-30 2.3407e-21 6.3585e-17 1.1748e-17 ] 1.0000e+00
 6.664e+01 6.7187e-17 6.7187e-17 [ 1.4722e-56 3.9507e-30 2.0271e-21 5.6689e-17 1.0496e-17 ] 1.0000e+00
 6.675e+01 5.9914e-17 5.9914e-17 [ 9.6554e-57 3.1805e-30 1.7551e-21 5.0536e-17 9.3763e-18 ] 1.0000e+00
 6.687e+01 5.3422e-17 5.3422e-17 [ 6.3286e-57 2.5595e-30 1.5192e-21 4.5045e-17 8.3751e-18 ] 1.0000e+00
 6.698e+01 4.7628e-17 4.7628e-17 [ 4.1455e-57 2.0589e-30 1.3147e-21 4.0146e-17 7.4801e-18 ] 1.0000e+00
 6.709e+01 4.2457e-17 4.2457e-17 [ 2.7138e-57 1.6556e-30 1.1374e-21 3.5776e-17 6.6800e-18 ] 1.0000e+00
 6.721e+01 3.7844e-17 3.7844e-17 [ 1.7755e-57 1.3307e-30 9.8384e-22 3.1878e-17 5.9649e-18 ] 1.0000e+00
 6.732e+01 3.3728e-17 3.3728e-17 [ 1.1609e-57 1.0692e-30 8.5077e-22 2.8401e-17 5.3258e-18 ] 1.0000e+00
 6.743e+01 3.0056e-17 3.0056e-17 [ 7.5859e-58 8.5871e-31 7.3552e-22 2.5300e-17 4.7546e-18 ] 1.0000e+00
 6.755e+01 2.6781e-17 2.6781e-17 [ 4.9539e-58 6.8939e-31 6.3572e-22 2.2536e-17 4.2443e-18 ] 1.0000e+00
 6.766e+01 2.3860e-17 2.3860e-17 [ 3.2332e-58 5.5324e-31 5.4933e-22 2.0071e-17 3.7883e-18 ] 1.0000e+00
 6.777e+01 2.1255e-17 2.1255e-17 [ 2.1089e-58 4.4380e-31 4.7456e-22 1.7873e-17 3.3810e-18 ] 1.0000e+00
 6.789e+01 1.8932e-17 1.8932e-17 [ 1.3747e-58 3.5587e-31 4.0987e-22 1.5914e-17 3.0171e-18 ] 1.0000e+00
 6.800e+01 1.6861e-17 1.6861e-17 [ 8.9557e-59 2.8525e-31 3.5391e-22 1.4168e-17 2.6921e-18 ] 1.0000e+00
 6.811e+01 1.5015e-17 1.5015e-17 [ 5.8308e-59 2.2855e-31 3.0551e-22 1.2613e-17 2.4018e-18 ] 1.0000e+00
 6.823e+01 1.3369e-17 1.3369e-17 [ 3.7940e-59 1.8305e-31 2.6366e-22 1.1226e-17 2.1426e-18 ] 1.0000e+00
 6.834e+01 1.1902e-17 1.1902e-17 [ 2.4672e-59 1.4655e-31 2.2749e-22 9.9908e-18 1.9112e-18 ] 1.0000e+00
 6.845e+01 1.0595e-17 1.0595e-17 [ 1.6035e-59 1.1728e-31 1.9624e-22 8.8904e-18 1.7046e-18 ] 1.0000e+00
 6.857e+01 9.4304e-18 9.4304e-18 [ 1.0415e-59 9.3822e-32 1.6923e-22 7.9101e-18 1.5201e-18 ] 1.0000e+00
 6.868e+01 8.3927e-18 8.3927e-18 [ 6.7606e-60 7.5025e-32 1.4591e-22 7.0371e-18 1.3554e-18 ] 1.0000e+00
 6.879e+01 7.4682e-18 7.4682e-18 [ 4.3859e-60 5.9970e-32 1.2577e-22 6.2596e-18 1.2085e-18 ] 1.0000e+00
 6.891e+01 6.6448e-18 6.6448e-18 [ 2.8436e-60 4.7917e-32 1.0838e-22 5.5673e-18 1.0773e-18 ] 1.0000e+00
 6.902e+01 5.9114e-18 5.9114e-18 [ 1.8426e-60 3.8272e-32 9.3373e-23 4.9510e-18 9.6028e-19 ] 1.0000e+00
 6.913e+01 5.2582e-18 5.2582e-18 [ 1.1932e-60 3.0556e-32 8.0423e-23 4.4023e-18 8.5586e-19 ] 1.0000e+00
 6.925e+01 4.6767e-18 4.6767e-18 [ 7.7228e-61 2.4386e-32 6.9253e-23 3.9139e-18 7.6271e-19 ] 1.0000e+00
 6.936e+01 4.1589e-18 4.1589e-18 [ 4.9953e-61 1.9454e-32 5.9619e-23 3.4792e-18 6.7961e-19 ] 1.0000e+00
 6.947e+01 3.6980e-18 3.6980e-18 [ 3.2292e-61 1.5514e-32 5.1312e-23 3.0925e-18 6.0550e-19 ] 1.0000e+00
 6.959e+01 3.2878e-18 3.2878e-18 [ 2.0863e-61 1.2367e-32 4.4152e-23 2.7483e-18 5.3940e-19 ] 1.0000e+00
 6.970e+01 2.9226e-18 2.9226e-18 [ 1.3471e-61 9.8541e-33 3.7981e-23 2.4421e-18 4.8046e-19 ] 1.0000e+00
 6.981e+01 2.5977e-18 2.5977e-18 [ 8.6931e-62 7.8489e-33 3.2665e-23 2.1698e-18 4.2791e-19 ] 1.0000e+00
 6.993e+01 2.3086e-18 2.3086e-18 [ 5.6065e-62 6.2493e-33 2.8085e-23 1.9275e-18 3.8105e-19 ] 1.0000e+00
 7.004e+01 2.0514e-18 2.0514e-18 [ 3.6137e-62 4.9737e-33 2.4142e-23 1.7121e-18 3.3929e-19 ] 1.0000e+00
 7.015e+01 1.8227e-18 1.8227e-18 [ 2.3279e-62 3.9569e-33 2.0747e-23 1.5206e-18 3.0207e-19 ] 1.0000e+00
 7.027e+01 1.6192e-18 1.6192e-18 [ 1.4987e-62 3.1468e-33 1.7825e-23 1.3503e-18 2.6889e-19 ] 1.0000e+00
 7.038e+01 1.4382e-18 1.4382e-18 [ 9.6434e-63 2.5016e-33 1.5311e-23 1.1989e-18 2.3933e-19 ] 1.0000e+00
 7.049e+01 1.2773e-18 1.2773e-18 [ 6.2014e-63 1.9878e-33 1.3148e-23 1.0643e-18 2.1299e-19 ] 1.0000e+00
 7.061e+01 1.1343e-18 1.1343e-18 [ 3.9856e-63 1.5790e-33 1.1288e-23 9.4473e-19 1.8953e-19 ] 1.0000e+00
 7.072e+01 1.0071e-18 1.0071e-18 [ 2.5601e-63 1.2537e-33 9.6881e-24 8.3846e-19 1.6863e-19 ] 1.0000e+00
 7.083e+01 8.9407e-19 8.9407e-19 [ 1.6435e-63 9.9510e-34 8.3132e-24 7.4405e-19 1.5002e-19 ] 1.0000e+00
 7.095e+01 7.9362e-19 7.9362e-19 [ 1.0544e-63 7.8951e-34 7.1316e-24 6.6017e-19 1.3344e-19 ] 1.0000e+00
 7.106e+01 7.0435e-19 7.0435e-19 [ 6.7612e-64 6.2614e-34 6.1164e-24 5.8567e-19 1.1868e-19 ] 1.0000e+00
 7.117e+01 6.2504e-19 6.2504e-19 [ 4.3330e-64 4.9639e-34 5.2444e-24 5.1950e-19 1.0554e-19 ] 1.0000e+00
 7.129e+01 5.5459e-19 5.5459e-19 [ 2.7752e-64 3.9337e-34 4.4956e-24 4.6074e-19 9.3837e-20 ] 1.0000e+00
 7.140e+01 4.9200e-19 4.9200e-19 [ 1.7765e-64 3.1161e-34 3.8527e-24 4.0858e-19 8.3423e-20 ] 1.0000e+00
 7.151e+01 4.3642e-19 4.3642e-19 [ 1.1365e-64 2.4675e-34 3.3009e-24 3.6226e-19 7.4156e-20 ] 1.0000e+00
 7.163e+01 3.8707e-19 3.8707e-19 [ 7.2670e-65 1.9531e-34 2.8275e-24 3.2115e-19 6.5909e-20 ] 1.0000e+00
 7.174e+01 3.4324e-19 3.4324e-19 [ 4.6439e-65 1.5454e-34 2.4213e-24 2.8467e-19 5.8572e-20 ] 1.0000e+00
 7.185e+01 3.0434e-19 3.0434e-19 [ 2.9659e-65 1.2222e-34 2.0730e-24 2.5229e-19 5.2044e-20 ] 1.0000e+00
 7.197e+01 2.6981e-19 2.6981e-19 [ 1.8932e-65 9.6632e-35 1.7743e-24 2.2357e-19 4.6238e-20 ] 1.0000e+00
 7.208e+01 2.3916e-19 2.3916e-19 [ 1.2078e-65 7.6369e-35 1.5183e-24 1.9808e-19 4.1073e-20 ] 1.0000e+00
 7.219e+01 2.1196e-19 2.1196e-19 [ 7.7007e-66 6.0331e-35 1.2988e-24 1.7548e-19 3.6481e-20 ] 1.0000e+00
 7.231e+01 1.8783e-19 1.8783e-19 [ 4.9072e-66 4.7642e-35 1.1109e-24 1.5543e-19 3.2397e-20 ] 1.0000e+00
 7.242e+01 1.6642e-19 1.6642e-19 [ 3.1253e-66 3.7608e-35 9.4983e-25 1.3765e-19 2.8767e-20 ] 1.0000e+00
 7.253e+01 1.4743e-19 1.4743e-19 [ 1.9893e-66 2.9675e-35 8.1195e-25 1.2189e-19 2.5540e-20 ] 1.0000e+00
 7.265e+01 1.3059e-19 1.3059e-19 [ 1.2656e-66 2.3407e-35 6.9390e-25 1.0792e-19 2.2672e-20 ] 1.0000e+00
 7.276e+01 1.1566e-19 1.1566e-19 [ 8.0467e-67 1.8455e-35 5.9287e-25 9.5534e-20 2.0123e-20 ] 1.0000e+00
 7.287e+01 1.0242e-19 1.0242e-19 [ 5.1134e-67 1.4546e-35 5.0642e-25 8.4558e-20 1.7858e-20 ] 1.0000e+00
 7.299e+01 9.0677e-20 9.0677e-20 [ 3.2475e-67 1.1460e-35 4.3246e-25 7.4831e-20 1.5846e-20 ] 1.0000e+00
 7.310e+01 8.0272e-20 8.0272e-20 [ 2.0614e-67 9.0250e-36 3.6921e-25 6.6214e-20 1.4058e-20 ] 1.0000e+00
 7.321e+01 7.1051e-20 7.1051e-20 [ 1.3078e-67 7.1048e-36 3.1514e-25 5.8580e-20 1.2471e-20 ] 1.0000e+00
 7.333e+01 6.2879e-20 6.2879e-20 [ 8.2920e-68 5.5909e-36 2.6891e-25 5.1818e-20 1.1061e-20 ] 1.0000e+00
 7.344e+01 5.5639e-20 5.5639e-20 [ 5.2547e-68 4.3979e-36 2.2940e-25 4.5830e-20 9.8088e-21 ] 1.0000e+00
 7.355e+01 4.9226e-20 4.9226e-20 [ 3.3281e-68 3.4582e-36 1.9565e-25 4.0528e-20 8.6973e-21 ] 1.0000e+00
 7.367e+01 4.3545e-20 4.3545e-20 [ 2.1067e-68 2.7182e-36 1.6683e-25 3.5834e-20 7.7107e-21 ] 1.0000e+00
 7.378e+01 3.8514e-20 3.8514e-20 [ 1.3328e-68 2.1357e-36 1.4221e-25 3.1679e-20 6.8350e-21 ] 1.0000e+00
 7.389e+01 3.4059e-20 3.4059e-20 [ 8.4278e-69 1.6774e-36 1.2120e-25 2.8001e-20 6.0578e-21 ] 1.0000e+00
 7.401e+01 3.0115e-20 3.0115e-20 [ 5.3261e-69 1.3169e-36 1.0326e-25 2.4747e-20 5.3683e-21 ] 1.0000e+00
 7.412e+01 2.6624e-20 2.6624e-20 [ 3.3641e-69 1.0335e-36 8.7956e-26 2.1867e-20 4.7565e-21 ] 1.0000e+00
 7.423e+01 2.3533e-20 2.3533e-20 [ 2.1237e-69 8.1077e-37 7.4901e-26 1.9320e-20 4.2138e-21 ] 1.0000e+00
 7.435e+01 2.0799e-20 2.0799e-20 [ 1.3399e-69 6.3579e-37 6.3767e-26 1.7066e-20 3.7325e-21 ] 1.0000e+00
 7.446e+01 1.8379e-20 1.8379e-20 [ 8.4495e-70 4.9838e-37 5.4275e-26 1.5073e-20 3.3057e-21 ] 1.0000e+00
 7.457e+01 1.6238e-20 1.6238e-20 [ 5.3253e-70 3.9052e-37 4.6183e-26 1.3311e-20 2.9272e-21 ] 1.0000e+00
 7.469e+01 1.4345e-20 1.4345e-20 [ 3.3545e-70 3.0589e-37 3.9288e-26 1.1753e-20 2.5917e-21 ] 1.0000e+00
 7.480e+01 1.2670e-20 1.2670e-20 [ 2.1119e-70 2.3950e-37 3.3414e-26 1.0376e-20 2.2943e-21 ] 1.0000e+00
 7.491e+01 1.1189e-20 1.1189e-20 [ 1.3289e-70 1.8745e-37 2.8411e-26 9.1585e-21 2.0307e-21 ] 1.0000e+00
 7.503e+01 9.8798e-21 9.8798e-21 [ 8.3572e-71 1.4666e-37 2.4151e-26 8.0827e-21 1.7971e-21 ] 1.0000e+00
 7.514e+01 8.7224e-21 8.7224e-21 [ 5.2530e-71 1.1469e-37 2.0524e-26 7.1322e-21 1.5902e-21 ] 1.0000e+00
 7.525e+01 7.6993e-21 7.6993e-21 [ 3.3000e-71 8.9664e-38 1.7438e-26 6.2924e-21 1.4068e-21 ] 1.0000e+00
 7.537e+01 6.7952e-21 6.7952e-21 [ 2.0720e-71 7.0069e-38 1.4812e-26 5.5507e-21 1.2444e-21 ] 1.0000e+00
 7.548e+01 5.9963e-21 5.9963e-21 [ 1.3003e-71 5.4735e-38 1.2578e-26 4.8956e-21 1.1006e-21 ] 1.0000e+00
 7.559e+01 5.2905e-21 5.2905e-21 [ 8.1556e-72 4.2740e-38 1.0678e-26 4.3172e-21 9.7329e-22 ] 1.0000e+00
 7.571e+01 4.6670e-21 4.6670e-21 [ 5.1126e-72 3.3361e-38 9.0629e-27 3.8064e-21 8.6055e-22 ] 1.0000e+00
 7.582e+01 4.1164e-21 4.1164e-21 [ 3.2032e-72 2.6030e-38 7.6901e-27 3.3556e-21 7.6075e-22 ] 1.0000e+00
 7.593e+01 3.6301e-21 3.6301e-21 [ 2.0059e-72 2.0302e-38 6.5236e-27 2.9577e-21 6.7241e-22 ] 1.0000e+00
 7.605e+01 3.2008e-21 3.2008e-21 [ 1.2555e-72 1.5829e-38 5.5326e-27 2.6066e-21 5.9425e-22 ] 1.0000e+00
 7.616e+01 2.8218e-21 2.8218e-21 [ 7.8535e-73 1.2336e-38 4.6910e-27 2.2967e-21 5.2508e-22 ] 1.0000e+00
 7.627e+01 2.4873e-21 2.4873e-21 [ 4.9101e-73 9.6105e-39 3.9763e-27 2.0234e-21 4.6390e-22 ] 1.0000e+00
 7.639e+01 2.1921e-21 2.1921e-21 [ 3.0683e-73 7.4842e-39 3.3697e-27 1.7823e-21 4.0978e-22 ] 1.0000e+00
 7.650e+01 1.9316e-21 1.9316e-21 [ 1.9163e-73 5.8261e-39 2.8549e-27 1.5697e-21 3.6191e-22 ] 1.0000e+00
 7.661e+01 1.7018e-21 1.7018e-21 [ 1.1962e-73 4.5336e-39 2.4181e-27 1.3822e-21 3.1959e-22 ] 1.0000e+00
 7.673e+01 1.4991e-21 1.4991e-21 [ 7.4631e-74 3.5265e-39 2.0476e-27 1.2169e-21 2.8217e-22 ] 1.0000e+00
 7.684e+01 1.3203e-21 1.3203e-21 [ 4.6538e-74 2.7420e-39 1.7334e-27 1.0712e-21 2.4909e-22 ] 1.0000e+00
 7.695e+01 1.1627e-21 1.1627e-21 [ 2.9005e-74 2.1312e-39 1.4671e-27 9.4284e-22 2.1986e-22 ] 1.0000e+00
 7.707e+01 1.0237e-21 1.0237e-21 [ 1.8068e-74 1.6559e-39 1.2414e-27 8.2969e-22 1.9402e-22 ] 1.0000e+00
 7.718e+01 9.0120e-22 9.0120e-22 [ 1.1249e-74 1.2860e-39 1.0501e-27 7.3000e-22 1.7120e-22 ] 1.0000e+00
 7.729e+01 7.9321e-22 7.9321e-22 [ 6.9997e-75 9.9843e-40 8.8805e-28 6.4218e-22 1.5103e-22 ] 1.0000e+00
 7.741e+01 6.9805e-22 6.9805e-22 [ 4.3534e-75 7.7484e-40 7.5083e-28 5.6484e-22 1.3322e-22 ] 1.0000e+00
 7.752e+01 6.1421e-22 6.1421e-22 [ 2.7062e-75 6.0109e-40 6.3465e-28 4.9672e-22 1.1749e-22 ] 1.0000e+00
 7.763e+01 5.4035e-22 5.4035e-22 [ 1.6813e-75 4.6612e-40 5.3631e-28 4.3675e-22 1.0360e-22 ] 1.0000e+00
 7.775e+01 4.7529e-22 4.7529e-22 [ 1.0441e-75 3.6132e-40 4.5309e-28 3.8396e-22 9.1337e-23 ] 1.0000e+00
 7.786e+01 4.1800e-22 4.1800e-22 [ 6.4801e-76 2.7998e-40 3.8268e-28 3.3749e-22 8.0513e-23 ] 1.0000e+00
 7.797e+01 3.6755e-22 3.6755e-22 [ 4.0198e-76 2.1686e-40 3.2313e-28 2.9659e-22 7.0960e-23 ] 1.0000e+00
 7.809e+01 3.2314e-22 3.2314e-22 [ 2.4923e-76 1.6791e-40 2.7278e-28 2.6061e-22 6.2530e-23 ] 1.0000e+00
 7.820e+01 2.8405e-22 2.8405e-22 [ 1.5445e-76 1.2996e-40 2.3021e-28 2.2895e-22 5.5093e-23 ] 1.0000e+00
 7.831e+01 2.4964e-22 2.4964e-22 [ 9.5661e-77 1.0055e-40 1.9424e-28 2.0111e-22 4.8532e-23 ] 1.0000e+00
 7.843e+01 2.1937e-22 2.1937e-22 [ 5.9219e-77 7.7759e-41 1.6385e-28 1.7662e-22 4.2746e-23 ] 1.0000e+00
 7.854e+01 1.9273e-22 1.9273e-22 [ 3.6641e-77 6.0114e-41 1.3817e-28 1.5509e-22 3.7643e-23 ] 1.0000e+00
 7.865e+01 1.6931e-22 1.6931e-22 [ 2.2659e-77 4.6456e-41 1.1649e-28 1.3616e-22 3.3144e-23 ] 1.0000e+00
 7.877e+01 1.4870e-22 1.4870e-22 [ 1.4006e-77 3.5886e-41 9.8187e-29 1.1952e-22 2.9177e-23 ] 1.0000e+00
 7.888e+01 1.3058e-22 1.3058e-22 [ 8.6526e-78 2.7711e-41 8.2737e-29 1.0490e-22 2.5681e-23 ] 1.0000e+00
 7.899e+01 1.1465e-22 1.1465e-22 [ 5.3427e-78 2.1390e-41 6.9700e-29 9.2048e-23 2.2601e-23 ] 1.0000e+00
 7.911e+01 1.0064e-22 1.0064e-22 [ 3.2973e-78 1.6505e-41 5.8703e-29 8.0758e-23 1.9886e-23 ] 1.0000e+00
 7.922e+01 8.8336e-23 8.8336e-23 [ 2.0339e-78 1.2730e-41 4.9428e-29 7.0841e-23 1.7495e-23 ] 1.0000e+00
 7.933e+01 7.7519e-23 7.7519e-23 [ 1.2539e-78 9.8150e-42 4.1607e-29 6.2131e-23 1.5388e-23 ] 1.0000e+00
 7.945e+01 6.8016e-23 6.8016e-23 [ 7.7268e-79 7.5645e-42 3.5015e-29 5.4483e-23 1.3533e-23 ] 1.0000e+00
 7.956e+01 5.9668e-23 5.9668e-23 [ 4.7589e-79 5.8278e-42 2.9460e-29 4.7768e-23 1.1900e-23 ] 1.0000e+00
 7.967e+01 5.2335e-23 5.2335e-23 [ 2.9295e-79 4.4881e-42 2.4780e-29 4.1873e-23 1.0462e-23 ] 1.0000e+00
 7.979e+01 4.5896e-23 4.5896e-23 [ 1.8024e-79 3.4551e-42 2.0837e-29 3.6700e-23 9.1957e-24 ] 1.0000e+00
 7.990e+01 4.0242e-23 4.0242e-23 [ 1.1084e-79 2.6588e-42 1.7518e-29 3.2160e-23 8.0817e-24 ] 1.0000e+00
 8.001e+01 3.5279e-23 3.5279e-23 [ 6.8129e-80 2.0452e-42 1.4723e-29 2.8177e-23 7.1014e-24 ] 1.0000e+00
 8.013e+01 3.0922e-23 3.0922e-23 [ 4.1854e-80 1.5726e-42 1.2371e-29 2.4683e-23 6.2390e-24 ] 1.0000e+00
 8.024e+01 2.7099e-23 2.7099e-23 [ 2.5699e-80 1.2088e-42 1.0393e-29 2.1619e-23 5.4803e-24 ] 1.0000e+00
 8.035e+01 2.3745e-23 2.3745e-23 [ 1.5772e-80 9.2878e-43 8.7279e-30 1.8931e-23 4.8131e-24 ] 1.0000e+00
 8.047e+01 2.0802e-23 2.0802e-23 [ 9.6746e-81 7.1335e-43 7.3280e-30 1.6575e-23 4.2264e-24 ] 1.0000e+00
 8.058e+01 1.8221e-23 1.8221e-23 [ 5.9315e-81 5.4768e-43 6.1511e-30 1.4510e-23 3.7106e-24 ] 1.0000e+00
 8.069e+01 1.5957e-23 1.5957e-23 [ 3.6347e-81 4.2032e-43 5.1618e-30 1.2700e-23 3.2572e-24 ] 1.0000e+00
 8.081e+01 1.3972e-23 1.3972e-23 [ 2.2262e-81 3.2246e-43 4.3305e-30 1.1113e-23 2.8586e-24 ] 1.0000e+00
 8.092e+01 1.2232e-23 1.2232e-23 [ 1.3628e-81 2.4728e-43 3.6322e-30 9.7236e-24 2.5085e-24 ] 1.0000e+00
 8.103e+01 1.0707e-23 1.0707e-23 [ 8.3384e-82 1.8956e-43 3.0457e-30 8.5060e-24 2.2008e-24 ] 1.0000e+00
 8.115e+01 9.3702e-24 9.3702e-24 [ 5.0993e-82 1.4526e-43 2.5532e-30 7.4397e-24 1.9305e-24 ] 1.0000e+00
 8.126e+01 8.1990e-24 8.1990e-24 [ 3.1169e-82 1.1126e-43 2.1398e-30 6.5058e-24 1.6932e-24 ] 1.0000e+00
 8.137e+01 7.1729e-24 7.1729e-24 [ 1.9043e-82 8.5194e-44 1.7929e-30 5.6882e-24 1.4847e-24 ] 1.0000e+00
 8.149e+01 6.2742e-24 6.2742e-24 [ 1.1628e-82 6.5207e-44 1.5018e-30 4.9725e-24 1.3017e-24 ] 1.0000e+00
 8.160e+01 5.4871e-24 5.4871e-24 [ 7.0968e-83 4.9890e-44 1.2577e-30 4.3461e-24 1.1411e-24 ] 1.0000e+00
 8.171e+01 4.7980e-24 4.7980e-24 [ 4.3292e-83 3.8156e-44 1.0529e-30 3.7979e-24 1.0001e-24 ] 1.0000e+00
 8.183e+01 4.1946e-24 4.1946e-24 [ 2.6396e-83 2.9171e-44 8.8132e-31 3.3183e-24 8.7633e-25 ] 1.0000e+00
 8.194e+01 3.6665e-24 3.6665e-24 [ 1.6086e-83 2.2293e-44 7.3748e-31 2.8987e-24 7.6777e-25 ] 1.0000e+00
 8.205e+01 3.2043e-24 3.2043e-24 [ 9.7978e-84 1.7030e-44 6.1695e-31 2.5317e-24 6.7255e-25 ] 1.0000e+00
 8.217e+01 2.7999e-24 2.7999e-24 [ 5.9648e-84 1.3004e-44 5.1599e-31 2.2109e-24 5.8903e-25 ] 1.0000e+00
 8.228e+01 2.4461e-24 2.4461e-24 [ 3.6295e-84 9.9264e-45 4.3143e-31 1.9303e-24 5.1579e-25 ] 1.0000e+00
 8.239e+01 2.1366e-24 2.1366e-24 [ 2.2074e-84 7.5742e-45 3.6064e-31 1.6850e-24 4.5158e-25 ] 1.0000e+00
 8.251e+01 1.8660e-24 1.8660e-24 [ 1.3419e-84 5.7771e-45 3.0139e-31 1.4707e-24 3.9530e-25 ] 1.0000e+00
 8.262e+01 1.6293e-24 1.6293e-24 [ 8.1528e-85 4.4046e-45 2.5181e-31 1.2834e-24 3.4596e-25 ] 1.0000e+00
 8.273e+01 1.4224e-24 1.4224e-24 [ 4.9510e-85 3.3569e-45 2.1032e-31 1.1197e-24 3.0273e-25 ] 1.0000e+00
 8.285e+01 1.2416e-24 1.2416e-24 [ 3.0051e-85 2.5575e-45 1.7563e-31 9.7675e-25 2.6486e-25 ] 1.0000e+00
 8.296e+01 1.0836e-24 1.0836e-24 [ 1.8231e-85 1.9476e-45 1.4662e-31 8.5189e-25 2.3168e-25 ] 1.0000e+00
 8.307e+01 9.4548e-25 9.4548e-25 [ 1.1054e-85 1.4826e-45 1.2237e-31 7.4286e-25 2.0262e-25 ] 1.0000e+00
 8.319e+01 8.2485e-25 8.2485e-25 [ 6.6995e-86 1.1282e-45 1.0211e-31 6.4766e-25 1.7718e-25 ] 1.0000e+00
 8.330e+01 7.1947e-25 7.1947e-25 [ 4.0582e-86 8.5817e-46 8.5177e-32 5.6457e-25 1.5490e-25 ] 1.0000e+00
 8.341e+01 6.2745e-25 6.2745e-25 [ 2.4570e-86 6.5251e-46 7.1035e-32 4.9205e-25 1.3540e-25 ] 1.0000e+00
 8.353e+01 5.4710e-25 5.4710e-25 [ 1.4869e-86 4.9594e-46 5.9225e-32 4.2877e-25 1.1834e-25 ] 1.0000e+00
 8.364e+01 4.7696e-25 4.7696e-25 [ 8.9931e-87 3.7679e-46 4.9366e-32 3.7356e-25 1.0340e-25 ] 1.0000e+00
 8.375e+01 4.1573e-25 4.1573e-25 [ 5.4367e-87 2.8616e-46 4.1137e-32 3.2540e-25 9.0337e-26 ] 1.0000e+00
 8.387e+01 3.6230e-25 3.6230e-25 [ 3.2850e-87 2.1724e-46 3.4271e-32 2.8339e-25 7.8909e-26 ] 1.0000e+00
 8.398e+01 3.1568e-25 3.1568e-25 [ 1.9839e-87 1.6485e-46 2.8544e-32 2.4677e-25 6.8913e-26 ] 1.0000e+00
 8.409e+01 2.7501e-25 2.7501e-25 [ 1.1975e-87 1.2505e-46 2.3767e-32 2.1484e-25 6.0173e-26 ] 1.0000e+00
 8.421e+01 2.3954e-25 2.3954e-25 [ 7.2250e-88 9.4819e-47 1.9785e-32 1.8701e-25 5.2533e-26 ] 1.0000e+00
 8.432e+01 2.0860e-25 2.0860e-25 [ 4.3568e-88 7.1868e-47 1.6466e-32 1.6275e-25 4.5854e-26 ] 1.0000e+00
 8.443e+01 1.8163e-25 1.8163e-25 [ 2.6259e-88 5.4451e-47 1.3699e-32 1.4162e-25 4.0017e-26 ] 1.0000e+00
 8.455e+01 1.5812e-25 1.5812e-25 [ 1.5818e-88 4.1238e-47 1.1395e-32 1.2320e-25 3.4916e-26 ] 1.0000e+00
 8.466e+01 1.3763e-25 1.3763e-25 [ 9.5243e-89 3.1219e-47 9.4759e-33 1.0716e-25 3.0461e-26 ] 1.0000e+00
 8.477e+01 1.1977e-25 1.1977e-25 [ 5.7317e-89 2.3624e-47 7.8778e-33 9.3197e-26 2.6569e-26 ] 1.0000e+00
 8.489e+01 1.0421e-25 1.0421e-25 [ 3.4476e-89 1.7870e-47 6.5475e-33 8.1036e-26 2.3170e-26 ] 1.0000e+00
 8.500e+01 9.0651e-26 9.0651e-26 [ 2.0726e-89 1.3512e-47 5.4405e-33 7.0449e-26 2.0202e-26 ] 1.0000e+00
 8.511e+01 7.8845e-26 7.8845e-26 [ 1.2454e-89 1.0213e-47 4.5194e-33 6.1233e-26 1.7611e-26 ] 1.0000e+00
 8.523e+01 6.8564e-26 6.8564e-26 [ 7.4797e-90 7.7157e-48 3.7533e-33 5.3214e-26 1.5350e-26 ] 1.0000e+00
 8.534e+01 5.9613e-26 5.9613e-26 [ 4.4899e-90 5.8269e-48 3.1162e-33 4.6236e-26 1.3376e-26 ] 1.0000e+00
 8.545e+01 5.1821e-26 5.1821e-26 [ 2.6938e-90 4.3987e-48 2.5866e-33 4.0166e-26 1.1655e-26 ] 1.0000e+00
 8.557e+01 4.5039e-26 4.5039e-26 [ 1.6153e-90 3.3192e-48 2.1464e-33 3.4887e-26 1.0153e-26 ] 1.0000e+00
 8.568e+01 3.9138e-26 3.9138e-26 [ 9.6816e-91 2.5036e-48 1.7806e-33 3.0296e-26 8.8425e-27 ] 1.0000e+00
 8.579e+01 3.4004e-26 3.4004e-26 [ 5.7997e-91 1.8876e-48 1.4768e-33 2.6304e-26 7.7001e-27 ] 1.0000e+00
 8.591e+01 2.9538e-26 2.9538e-26 [ 3.4725e-91 1.4226e-48 1.2245e-33 2.2834e-26 6.7041e-27 ] 1.0000e+00
 8.602e+01 2.5654e-26 2.5654e-26 [ 2.0780e-91 1.0717e-48 1.0151e-33 1.9818e-26 5.8358e-27 ] 1.0000e+00
 8.613e+01 2.2277e-26 2.2277e-26 [ 1.2429e-91 8.0699e-49 8.4120e-34 1.7198e-26 5.0790e-27 ] 1.0000e+00
 8.625e+01 1.9341e-26 1.9341e-26 [ 7.4304e-92 6.0742e-49 6.9693e-34 1.4921e-26 4.4196e-27 ] 1.0000e+00
 8.636e+01 1.6788e-26 1.6788e-26 [ 4.4397e-92 4.5701e-49 5.7725e-34 1.2943e-26 3.8451e-27 ] 1.0000e+00
 8.647e+01 1.4570e-26 1.4570e-26 [ 2.6514e-92 3.4370e-49 4.7799e-34 1.1226e-26 3.3446e-27 ] 1.0000e+00
 8.659e+01 1.2643e-26 1.2643e-26 [ 1.5825e-92 2.5838e-49 3.9569e-34 9.7340e-27 2.9088e-27 ] 1.0000e+00
 8.670e+01 1.0968e-26 1.0968e-26 [ 9.4411e-93 1.9415e-49 3.2747e-34 8.4391e-27 2.5292e-27 ] 1.0000e+00
 8.681e+01 9.5140e-27 9.5140e-27 [ 5.6294e-93 1.4583e-49 2.7094e-34 7.3151e-27 2.1988e-27 ] 1.0000e+00
 8.693e+01 8.2509e-27 8.2509e-27 [ 3.3548e-93 1.0948e-49 2.2411e-34 6.3397e-27 1.9112e-27 ] 1.0000e+00
 8.704e+01 7.1543e-27 7.1543e-27 [ 1.9983e-93 8.2163e-50 1.8532e-34 5.4933e-27 1.6610e-27 ] 1.0000e+00
 8.715e+01 6.2022e-27 6.2022e-27 [ 1.1896e-93 6.1633e-50 1.5320e-34 4.7590e-27 1.4432e-27 ] 1.0000e+00
 8.727e+01 5.3759e-27 5.3759e-27 [ 7.0783e-94 4.6212e-50 1.2662e-34 4.1222e-27 1.2537e-27 ] 1.0000e+00
 8.738e+01 4.6588e-27 4.6588e-27 [ 4.2094e-94 3.4634e-50 1.0462e-34 3.5699e-27 1.0889e-27 ] 1.0000e+00
 8.749e+01 4.0366e-27 4.0366e-27 [ 2.5020e-94 2.5946e-50 8.6414e-35 3.0910e-27 9.4564e-28 ] 1.0000e+00
 8.761e+01 3.4969e-27 3.4969e-27 [ 1.4864e-94 1.9428e-50 7.1358e-35 2.6759e-27 8.2104e-28 ] 1.0000e+00
 8.772e+01 3.0288e-27 3.0288e-27 [ 8.8252e-95 1.4542e-50 5.8909e-35 2.3160e-27 7.1273e-28 ] 1.0000e+00
 8.783e+01 2.6228e-27 2.6228e-27 [ 5.2372e-95 1.0879e-50 4.8618e-35 2.0043e-27 6.1859e-28 ] 1.0000e+00
 8.795e+01 2.2709e-27 2.2709e-27 [ 3.1062e-95 8.1353e-51 4.0113e-35 1.7341e-27 5.3679e-28 ] 1.0000e+00
 8.806e+01 1.9658e-27 1.9658e-27 [ 1.8413e-95 6.0807e-51 3.3086e-35 1.5001e-27 4.6572e-28 ] 1.0000e+00
 8.817e+01 1.7014e-27 1.7014e-27 [ 1.0909e-95 4.5430e-51 2.7283e-35 1.2974e-27 4.0398e-28 ] 1.0000e+00
 8.829e+01 1.4723e-27 1.4723e-27 [ 6.4601e-96 3.3925e-51 2.2490e-35 1.1219e-27 3.5036e-28 ] 1.0000e+00
 8.840e+01 1.2738e-27 1.2738e-27 [ 3.8232e-96 2.5323e-51 1.8534e-35 9.6999e-28 3.0380e-28 ] 1.0000e+00
 8.851e+01 1.1019e-27 1.1019e-27 [ 2.2615e-96 1.8893e-51 1.5270e-35 8.3848e-28 2.6338e-28 ] 1.0000e+00
 8.863e+01 9.5295e-28 9.5295e-28 [ 1.3369e-96 1.4089e-51 1.2576e-35 7.2466e-28 2.2830e-28 ] 1.0000e+00
 8.874e+01 8.2402e-28 8.2402e-28 [ 7.8994e-97 1.0501e-51 1.0355e-35 6.2617e-28 1.9785e-28 ] 1.0000e+00
 8.885e+01 7.1240e-28 7.1240e-28 [ 4.6648e-97 7.8235e-52 8.5234e-36 5.4097e-28 1.7143e-28 ] 1.0000e+00
 8.897e+01 6.1578e-28 6.1578e-28 [ 2.7532e-97 5.8258e-52 7.0135e-36 4.6727e-28 1.4851e-28 ] 1.0000e+00
 8.908e+01 5.3217e-28 5.3217e-28 [ 1.6240e-97 4.3361e-52 5.7694e-36 4.0354e-28 1.2863e-28 ] 1.0000e+00
 8.919e+01 4.5983e-28 4.5983e-28 [ 9.5743e-98 3.2258e-52 4.7444e-36 3.4844e-28 1.1139e-28 ] 1.0000e+00
 8.931e+01 3.9725e-28 3.9725e-28 [ 5.6413e-98 2.3986e-52 3.9003e-36 3.0080e-28 9.6443e-29 ] 1.0000e+00
 8.942e+01 3.4312e-28 3.4312e-28 [ 3.3220e-98 1.7826e-52 3.2054e-36 2.5963e-28 8.3486e-29 ] 1.0000e+00
 8.953e+01 2.9631e-28 2.9631e-28 [ 1.9552e-98 1.3242e-52 2.6334e-36 2.2405e-28 7.2257e-29 ] 1.0000e+00
 8.965e+01 2.5584e-28 2.5584e-28 [ 1.1500e-98 9.8316e-53 2.1628e-36 1.9331e-28 6.2526e-29 ] 1.0000e+00
 8.976e+01 2.2086e-28 2.2086e-28 [ 6.7608e-99 7.2958e-53 1.7757e-36 1.6676e-28 5.4095e-29 ] 1.0000e+00
 8.987e+01 1.9062e-28 1.9062e-28 [ 3.9722e-99 5.4113e-53 1.4573e-36 1.4383e-28 4.6793e-29 ] 1.0000e+00
 8.999e+01 1.6449e-28 1.6449e-28 [ 2.3324e-99 4.0115e-53 1.1957e-36 1.2403e-28 4.0468e-29 ] 1.0000e+00
 9.010e+01 1.4192e-28 1.4192e-28 [ 1.3688e-99 2.9723e-53 9.8066e-37 1.0693e-28 3.4992e-29 ] 1.0000e+00
 9.021e+01 1.2242e-28 1.2242e-28 [ 8.0280e-100 2.2011e-53 8.0402e-37 9.2174e-29 3.0251e-29 ] 1.0000e+00
 9.033e+01 1.0559e-28 1.0559e-28 [ 4.7057e-100 1.6292e-53 6.5897e-37 7.9439e-29 2.6148e-29 ] 1.0000e+00
 9.044e+01 9.1047e-29 9.1047e-29 [ 2.7567e-100 1.2052e-53 5.3989e-37 6.8450e-29 2.2596e-29 ] 1.0000e+00
 9.055e+01 7.8495e-29 7.8495e-29 [ 1.6139e-100 8.9107e-54 4.4216e-37 5.8971e-29 1.9524e-29 ] 1.0000e+00
 9.067e+01 6.7661e-29 6.7661e-29 [ 9.4433e-101 6.5847e-54 3.6199e-37 5.0795e-29 1.6866e-29 ] 1.0000e+00
 9.078e+01 5.8311e-29 5.8311e-29 [ 5.5220e-101 4.8631e-54 2.9624e-37 4.3744e-29 1.4567e-29 ] 1.0000e+00
 9.089e+01 5.0244e-29 5.0244e-29 [ 3.2271e-101 3.5897e-54 2.4234e-37 3.7665e-29 1.2579e-29 ] 1.0000e+00
 9.101e+01 4.3285e-29 4.3285e-29 [ 1.8848e-101 2.6482e-54 1.9817e-37 3.2424e-29 1.0861e-29 ] 1.0000e+00
 9.112e+01 3.7283e-29 3.7283e-29 [ 1.1001e-101 1.9526e-54 1.6199e-37 2.7908e-29 9.3750e-30 ] 1.0000e+00
 9.123e+01 3.2107e-29 3.2107e-29 [ 6.4172e-102 1.4388e-54 1.3235e-37 2.4016e-29 8.0911e-30 ] 1.0000e+00
 9.135e+01 2.7644e-29 2.7644e-29 [ 3.7410e-102 1.0597e-54 1.0810e-37 2.0663e-29 6.9817e-30 ] 1.0000e+00
 9.146e+01 2.3798e-29 2.3798e-29 [ 2.1795e-102 7.7994e-55 8.8250e-38 1.7774e-29 6.0232e-30 ] 1.0000e+00
 9.157e+01 2.0482e-29 2.0482e-29 [ 1.2689e-102 5.7373e-55 7.2015e-38 1.5287e-29 5.1954e-30 ] 1.0000e+00
 9.169e+01 1.7626e-29 1.7626e-29 [ 7.3832e-103 4.2178e-55 5.8741e-38 1.3145e-29 4.4804e-30 ] 1.0000e+00
 9.180e+01 1.5164e-29 1.5164e-29 [ 4.2931e-103 3.0989e-55 4.7892e-38 1.1301e-29 3.8632e-30 ] 1.0000e+00
 9.191e+01 1.3045e-29 1.3045e-29 [ 2.4947e-103 2.2754e-55 3.9029e-38 9.7143e-30 3.3303e-30 ] 1.0000e+00
 9.203e+01 1.1219e-29 1.1219e-29 [ 1.4487e-103 1.6698e-55 3.1792e-38 8.3485e-30 2.8704e-30 ] 1.0000e+00
 9.214e+01 9.6469e-30 9.6469e-30 [ 8.4071e-104 1.2245e-55 2.5884e-38 7.1734e-30 2.4735e-30 ] 1.0000e+00
 9.225e+01 8.2936e-30 8.2936e-30 [ 4.8756e-104 8.9745e-56 2.1064e-38 6.1625e-30 2.1311e-30 ] 1.0000e+00
 9.237e+01 7.1289e-30 7.1289e-30 [ 2.8256e-104 6.5731e-56 1.7133e-38 5.2931e-30 1.8358e-30 ] 1.0000e+00
 9.248e+01 6.1265e-30 6.1265e-30 [ 1.6364e-104 4.8111e-56 1.3928e-38 4.5455e-30 1.5811e-30 ] 1.0000e+00
 9.259e+01 5.2641e-30 5.2641e-30 [ 9.4709e-105 3.5192e-56 1.1317e-38 3.9027e-30 1.3614e-30 ] 1.0000e+00
 9.271e+01 4.5222e-30 4.5222e-30 [ 5.4774e-105 2.5724e-56 9.1908e-39 3.3502e-30 1.1721e-30 ] 1.0000e+00
 9.282e+01 3.8842e-30 3.8842e-30 [ 3.1656e-105 1.8791e-56 7.4599e-39 2.8753e-30 1.0089e-30 ] 1.0000e+00
 9.293e+01 3.3355e-30 3.3355e-30 [ 1.8282e-105 1.3717e-56 6.0516e-39 2.4673e-30 8.6821e-31 ] 1.0000e+00
 9.305e+01 2.8638e-30 2.8638e-30 [ 1.0551e-105 1.0006e-56 4.9063e-39 2.1168e-30 7.4703e-31 ] 1.0000e+00
 9.316e+01 2.4584e-30 2.4584e-30 [ 6.0843e-106 7.2939e-57 3.9755e-39 1.8157e-30 6.4264e-31 ] 1.0000e+00
 9.327e+01 2.1099e-30 2.1099e-30 [ 3.5061e-106 5.3130e-57 3.2194e-39 1.5572e-30 5.5274e-31 ] 1.0000e+00
 9.339e+01 1.8105e-30 1.8105e-30 [ 2.0189e-106 3.8673e-57 2.6055e-39 1.3352e-30 4.7532e-31 ] 1.0000e+00
 9.350e+01 1.5533e-30 1.5533e-30 [ 1.1616e-106 2.8129e-57 2.1073e-39 1.1446e-30 4.0866e-31 ] 1.0000e+00
 9.361e+01 1.3324e-30 1.3324e-30 [ 6.6784e-107 2.0444e-57 1.7033e-39 9.8107e-31 3.5129e-31 ] 1.0000e+00
 9.373e+01 1.1426e-30 1.1426e-30 [ 3.8366e-107 1.4847e-57 1.3758e-39 8.4072e-31 3.0191e-31 ] 1.0000e+00
 9.384e+01 9.7973e-31 9.7973e-31 [ 2.2023e-107 1.0774e-57 1.1106e-39 7.2030e-31 2.5942e-31 ] 1.0000e+00
 9.395e+01 8.3989e-31 8.3989e-31 [ 1.2631e-107 7.8125e-58 8.9585e-40 6.1701e-31 2.2287e-31 ] 1.0000e+00
 9.407e+01 7.1987e-31 7.1987e-31 [ 7.2389e-108 5.6602e-58 7.2212e-40 5.2843e-31 1.9144e-31 ] 1.0000e+00
 9.418e+01 6.1688e-31 6.1688e-31 [ 4.1450e-108 4.0974e-58 5.8166e-40 4.5248e-31 1.6440e-31 ] 1.0000e+00
 9.429e+01 5.2852e-31 5.2852e-31 [ 2.3714e-108 2.9636e-58 4.6816e-40 3.8736e-31 1.4116e-31 ] 1.0000e+00
 9.441e+01 4.5273e-31 4.5273e-31 [ 1.3555e-108 2.1417e-58 3.7652e-40 3.3155e-31 1.2118e-31 ] 1.0000e+00
 9.452e+01 3.8773e-31 3.8773e-31 [ 7.7414e-109 1.5464e-58 3.0258e-40 2.8372e-31 1.0401e-31 ] 1.0000e+00
 9.463e+01 3.3199e-31 3.3199e-31 [ 4.4171e-109 1.1155e-58 2.4296e-40 2.4274e-31 8.9249e-32 ] 1.0000e+00
 9.475e+01 2.8421e-31 2.8421e-31 [ 2.5180e-109 8.0398e-59 1.9492e-40 2.0764e-31 7.6572e-32 ] 1.0000e+00
 9.486e+01 2.4325e-31 2.4325e-31 [ 1.4340e-109 5.7889e-59 1.5625e-40 1.7757e-31 6.5683e-32 ] 1.0000e+00
 9.497e+01 2.0816e-31 2.0816e-31 [ 8.1590e-110 4.1641e-59 1.2513e-40 1.5182e-31 5.6332e-32 ] 1.0000e+00
 9.509e+01 1.7808e-31 1.7808e-31 [ 4.6375e-110 2.9924e-59 1.0012e-40 1.2978e-31 4.8302e-32 ] 1.0000e+00
 9.520e+01 1.5232e-31 1.5232e-31 [ 2.6332e-110 2.1482e-59 8.0033e-41 1.1091e-31 4.1410e-32 ] 1.0000e+00
 9.531e+01 1.3026e-31 1.3026e-31 [ 1.4936e-110 1.5405e-59 6.3912e-41 9.4767e-32 3.5494e-32 ] 1.0000e+00
 9.543e+01 1.1137e-31 1.1137e-31 [ 8.4628e-111 1.1035e-59 5.0986e-41 8.0951e-32 3.0417e-32 ] 1.0000e+00
 9.554e+01 9.5193e-32 9.5193e-32 [ 4.7897e-111 7.8961e-60 4.0631e-41 6.9131e-32 2.6061e-32 ] 1.0000e+00
 9.565e+01 8.1347e-32 8.1347e-32 [ 2.7077e-111 5.6435e-60 3.2343e-41 5.9022e-32 2.2325e-32 ] 1.0000e+00
 9.577e+01 6.9497e-32 6.9497e-32 [ 1.5289e-111 4.0287e-60 2.5716e-41 5.0376e-32 1.9121e-32 ] 1.0000e+00
 9.588e+01 5.9358e-32 5.9358e-32 [ 8.6225e-112 2.8724e-60 2.0423e-41 4.2985e-32 1.6373e-32 ] 1.0000e+00
 9.599e+01 5.0684e-32 5.0684e-32 [ 4.8566e-112 2.0453e-60 1.6199e-41 3.6666e-32 1.4018e-32 ] 1.0000e+00
 9.611e+01 4.3264e-32 4.3264e-32 [ 2.7318e-112 1.4545e-60 1.2832e-41 3.1265e-32 1.1999e-32 ] 1.0000e+00
 9.622e+01 3.6920e-32 3.6920e-32 [ 1.5345e-112 1.0329e-60 1.0152e-41 2.6651e-32 1.0269e-32 ] 1.0000e+00
 9.633e+01 3.1495e-32 3.1495e-32 [ 8.6075e-113 7.3242e-61 8.0196e-42 2.2708e-32 8.7864e-33 ] 1.0000e+00
 9.645e+01 2.6857e-32 2.6857e-32 [ 4.8209e-113 5.1858e-61 6.3259e-42 1.9341e-32 7.5165e-33 ] 1.0000e+00
 9.656e+01 2.2894e-32 2.2894e-32 [ 2.6959e-113 3.6659e-61 4.9822e-42 1.6465e-32 6.4289e-33 ] 1.0000e+00
 9.667e+01 1.9506e-32 1.9506e-32 [ 1.5051e-113 2.5872e-61 3.9175e-42 1.4009e-32 5.4975e-33 ] 1.0000e+00
 9.679e+01 1.6613e-32 1.6613e-32 [ 8.3882e-114 1.8227e-61 3.0750e-42 1.1912e-32 4.7001e-33 ] 1.0000e+00
 9.690e+01 1.4141e-32 1.4141e-32 [ 4.6664e-114 1.2817e-61 2.4092e-42 1.0123e-32 4.0175e-33 ] 1.0000e+00
 9.701e+01 1.2029e-32 1.2029e-32 [ 2.5909e-114 8.9958e-62 1.8840e-42 8.5959e-33 3.4333e-33 ] 1.0000e+00
 9.713e+01 1.0226e-32 1.0226e-32 [ 1.4356e-114 6.3005e-62 1.4702e-42 7.2929e-33 2.9334e-33 ] 1.0000e+00
 9.724e+01 8.6869e-33 8.6869e-33 [ 7.9373e-115 4.4030e-62 1.1448e-42 6.1812e-33 2.5057e-33 ] 1.0000e+00
 9.735e+01 7.3728e-33 7.3728e-33 [ 4.3781e-115 3.0697e-62 8.8927e-43 5.2330e-33 2.1398e-33 ] 1.0000e+00
 9.747e+01 6.2511e-33 6.2511e-33 [ 2.4088e-115 2.1347e-62 6.8903e-43 4.4243e-33 1.8268e-33 ] 1.0000e+00
 9.758e+01 5.2938e-33 5.2938e-33 [ 1.3217e-115 1.4804e-62 5.3240e-43 3.7346e-33 1.5591e-33 ] 1.0000e+00
 9.769e+01 4.4768e-33 4.4768e-33 [ 7.2309e-116 1.0236e-62 4.1014e-43 3.1466e-33 1.3302e-33 ] 1.0000e+00
 9.781e+01 3.7795e-33 3.7795e-33 [ 3.9431e-116 7.0545e-63 3.1492e-43 2.6452e-33 1.1344e-33 ] 1.0000e+00
 9.792e+01 3.1845e-33 3.1845e-33 [ 2.1427e-116 4.8445e-63 2.4092e-43 2.2177e-33 9.6686e-34 ] 1.0000e+00
 9.803e+01 2.6767e-33 2.6767e-33 [ 1.1598e-116 3.3137e-63 1.8356e-43 1.8532e-33 8.2354e-34 ] 1.0000e+00
 9.815e+01 2.2432e-33 2.2432e-33 [ 6.2501e-117 2.2567e-63 1.3922e-43 1.5424e-33 7.0084e-34 ] 1.0000e+00
 9.826e+01 1.8731e-33 1.8731e-33 [ 3.3518e-117 1.5292e-63 1.0504e-43 1.2774e-33 5.9572e-34 ] 1.0000e+00
 9.837e+01 1.5570e-33 1.5570e-33 [ 1.7875e-117 1.0304e-63 7.8780e-44 1.0515e-33 5.0553e-34 ] 1.0000e+00
 9.849e+01 1.2869e-33 1.2869e-33 [ 9.4720e-118 6.8982e-64 5.8665e-44 8.5888e-34 4.2799e-34 ] 1.0000e+00
 9.860e+01 1.0559e-33 1.0559e-33 [ 4.9822e-118 4.5830e-64 4.3316e-44 6.9478e-34 3.6111e-34 ] 1.0000e+00
 9.871e+01 8.5828e-34 8.5828e-34 [ 2.5977e-118 3.0172e-64 3.1653e-44 5.5512e-34 3.0316e-34 ] 1.0000e+00
 9.883e+01 6.8912e-34 6.8912e-34 [ 1.3403e-118 1.9643e-64 2.2830e-44 4.3650e-34 2.5262e-34 ] 1.0000e+00
 9.894e+01 5.4431e-34 5.4431e-34 [ 6.8265e-119 1.2608e-64 1.6191e-44 3.3615e-34 2.0816e-34 ] 1.0000e+00
 9.905e+01 4.2045e-34 4.2045e-34 [ 3.4204e-119 7.9439e-65 1.1227e-44 2.5180e-34 1.6864e-34 ] 1.0000e+00
 9.917e+01 3.1481e-34 3.1481e-34 [ 1.6772e-119 4.8777e-65 7.5466e-45 1.8166e-34 1.3315e-34 ] 1.0000e+00
 9.928e+01 2.2533e-34 2.2533e-34 [ 7.9785e-120 2.8839e-65 4.8486e-45 1.2429e-34 1.0104e-34 ] 1.0000e+00
 9.939e+01 1.5059e-34 1.5059e-34 [ 3.6232e-120 1.6063e-65 2.9064e-45 7.8617e-35 7.1978e-35 ] 1.0000e+00
 9.951e+01 8.9950e-35 8.9950e-35 [ 1.5170e-120 8.0678e-66 1.5518e-45 4.3826e-35 4.6124e-35 ] 1.0000e+00
 9.962e+01 4.3586e-35 4.3586e-35 [ 5.3514e-121 3.2965e-66 6.6398e-46 1.9356e-35 2.4230e-35 ] 1.0000e+00
 9.973e+01 1.2743e-35 1.2743e-35 [ 1.1528e-121 7.8249e-67 1.6221e-46 4.8264e-36 7.9169e-36 ] 1.0000e+00
 9.985e+01 0.0000e+00 0.0000e+00 [ 0.0000e+00 0.0000e+00 0.0000e+00 0.0000e+00 0.0000e+00 ] 1.0000e+00
