 0.000e+00 0.0000e+00 0.0000e+00 [ 0.0000e+00 0.0000e+00 0.0000e+00 0.0000e+00 0.0000e+00 ] 1.0000e+00
 1.133e-01 5.0250e-02 5.0250e-02 [ 4.9969e-02 1.3589e-04 6.8042e-05 6.9283e-05 7.1523e-06 ] 9.4975e-01
 2.267e-01 9.6362e-02 9.6362e-02 [ 9.5225e-02 5.5281e-04 2.7678e-04 2.8149e-04 2.5562e-05 ] 9.0364e-01
 3.400e-01 1.3699e-01 1.3699e-01 [ 1.3438e-01 1.2729e-03 6.3724e-04 6.4657e-04 5.1679e-05 ] 8.6301e-01
 4.533e-01 1.7560e-01 1.7560e-01 [ 1.7085e-01 2.3241e-03 1.1633e-03 1.1766e-03 8.2862e-05 ] 8.2440e-01
 5.667e-01 2.1341e-01 2.1341e-01 [ 2.0581e-01 3.7335e-03 1.8683e-03 1.8826e-03 1.1723e-04 ] 7.8659e-01
 6.800e-01 2.5109e-01 2.5109e-01 [ 2.3988e-01 5.5221e-03 2.7626e-03 2.7716e-03 1.5342e-04 ] 7.4891e-01
 7.933e-01 2.8884e-01 2.8884e-01 [ 2.7326e-01 7.6983e-03 3.8500e-03 3.8438e-03 1.9042e-04 ] 7.1116e-01
 9.067e-01 3.2646e-01 3.2646e-01 [ 3.0577e-01 1.0253e-02 5.1256e-03 5.0907e-03 2.2744e-04 ] 6.7354e-01
 1.020e+00 3.6347e-01 3.6347e-01 [ 3.3698e-01 1.3157e-02 6.5744e-03 6.4935e-03 2.6380e-04 ] 6.3653e-01
 1.133e+00 3.9918e-01 3.9918e-01 [ 3.6633e-01 1.6360e-02 8.1710e-03 8.0238e-03 2.9895e-04 ] 6.0082e-01
 1.247e+00 4.3283e-01 4.3283e-01 [ 3.9317e-01 1.9795e-02 9.8813e-03 9.6457e-03 3.3242e-04 ] 5.6717e-01
 1.360e+00 4.6371e-01 4.6371e-01 [ 4.1697e-01 2.3385e-02 1.1666e-02 1.1319e-02 3.6382e-04 ] 5.3629e-01
 1.473e+00 4.9128e-01 4.9128e-01 [ 4.3734e-01 2.7052e-02 1.3486e-02 1.3004e-02 3.9291e-04 ] 5.0872e-01
 1.587e+00 5.1520e-01 5.1520e-01 [ 4.5409e-01 3.0721e-02 1.5304e-02 1.4666e-02 4.1956e-04 ] 4.8480e-01
 1.700e+00 5.3541e-01 5.3541e-01 [ 4.6727e-01 3.4335e-02 1.7090e-02 1.6274e-02 4.4379e-04 ] 4.6459e-01
 1.813e+00 5.5201e-01 5.5201e-01 [ 4.7707e-01 3.7847e-02 1.8821e-02 1.7809e-02 4.6573e-04 ] 4.4799e-01
 1.927e+00 5.6529e-01 5.6529e-01 [ 4.8384e-01 4.1230e-02 2.0483e-02 1.9259e-02 4.8557e-04 ] 4.3471e-01
 2.040e+00 5.7563e-01 5.7563e-01 [ 4.8797e-01 4.4468e-02 2.2068e-02 2.0617e-02 5.0358e-04 ] 4.2437e-01
 2.153e+00 5.8344e-01 5.8344e-01 [ 4.8990e-01 4.7558e-02 2.3574e-02 2.1884e-02 5.2001e-04 ] 4.1656e-01
 2.267e+00 5.8913e-01 5.8913e-01 [ 4.9003e-01 5.0504e-02 2.5002e-02 2.3063e-02 5.3510e-04 ] 4.1087e-01
 2.380e+00 5.9310e-01 5.9310e-01 [ 4.8872e-01 5.3316e-02 2.6358e-02 2.4160e-02 5.4908e-04 ] 4.0690e-01
 2.493e+00 5.9567e-01 5.9567e-01 [ 4.8628e-01 5.6004e-02 2.7646e-02 2.5181e-02 5.6214e-04 ] 4.0433e-01
 2.607e+00 5.9714e-01 5.9714e-01 [ 4.8298e-01 5.8581e-02 2.8874e-02 2.6133e-02 5.7443e-04 ] 4.0286e-01
 2.720e+00 5.9775e-01 5.9775e-01 [ 4.7903e-01 6.1060e-02 3.0046e-02 2.7025e-02 5.8610e-04 ] 4.0225e-01
 2.833e+00 5.9769e-01 5.9769e-01 [ 4.7461e-01 6.3453e-02 3.1169e-02 2.7861e-02 5.9724e-04 ] 4.0231e-01
 2.947e+00 5.9713e-01 5.9713e-01 [ 4.6985e-01 6.5772e-02 3.2248e-02 2.8649e-02 6.0795e-04 ] 4.0287e-01
 3.060e+00 5.9620e-01 5.9620e-01 [ 4.6487e-01 6.8027e-02 3.3289e-02 2.9395e-02 6.1830e-04 ] 4.0380e-01
 3.173e+00 5.9498e-01 5.9498e-01 [ 4.5973e-01 7.0227e-02 3.4297e-02 3.0102e-02 6.2834e-04 ] 4.0502e-01
 3.287e+00 5.9358e-01 5.9358e-01 [ 4.5451e-01 7.2381e-02 3.5274e-02 3.0776e-02 6.3813e-04 ] 4.0642e-01
 3.400e+00 5.9204e-01 5.9204e-01 [ 4.4925e-01 7.4496e-02 3.6225e-02 3.1420e-02 6.4771e-04 ] 4.0796e-01
 3.513e+00 5.9041e-01 5.9041e-01 [ 4.4399e-01 7.6579e-02 3.7154e-02 3.2039e-02 6.5711e-04 ] 4.0959e-01
 3.627e+00 5.8874e-01 5.8874e-01 [ 4.3875e-01 7.8635e-02 3.8063e-02 3.2635e-02 6.6637e-04 ] 4.1126e-01
 3.740e+00 5.8706e-01 5.8706e-01 [ 4.3355e-01 8.0670e-02 3.8954e-02 3.3212e-02 6.7552e-04 ] 4.1294e-01
 3.853e+00 5.8538e-01 5.8538e-01 [ 4.2840e-01 8.2689e-02 3.9831e-02 3.3772e-02 6.8457e-04 ] 4.1462e-01
 3.967e+00 5.8373e-01 5.8373e-01 [ 4.2332e-01 8.4695e-02 4.0695e-02 3.4317e-02 6.9355e-04 ] 4.1627e-01
 4.080e+00 5.8211e-01 5.8211e-01 [ 4.1831e-01 8.6693e-02 4.1548e-02 3.4849e-02 7.0248e-04 ] 4.1789e-01
 4.193e+00 5.8053e-01 5.8053e-01 [ 4.1337e-01 8.8685e-02 4.2392e-02 3.5371e-02 7.1138e-04 ] 4.1947e-01
 4.307e+00 5.7901e-01 5.7901e-01 [ 4.0850e-01 9.0675e-02 4.3229e-02 3.5884e-02 7.2025e-04 ] 4.2099e-01
 4.420e+00 5.7755e-01 5.7755e-01 [ 4.0371e-01 9.2665e-02 4.4060e-02 3.6389e-02 7.2912e-04 ] 4.2245e-01
 4.533e+00 5.7615e-01 5.7615e-01 [ 3.9898e-01 9.4656e-02 4.4886e-02 3.6888e-02 7.3799e-04 ] 4.2385e-01
 4.647e+00 5.7480e-01 5.7480e-01 [ 3.9431e-01 9.6652e-02 4.5708e-02 3.7381e-02 7.4687e-04 ] 4.2520e-01
 4.760e+00 5.7352e-01 5.7352e-01 [ 3.8971e-01 9.8653e-02 4.6528e-02 3.7871e-02 7.5578e-04 ] 4.2648e-01
 4.873e+00 5.7230e-01 5.7230e-01 [ 3.8517e-01 1.0066e-01 4.7345e-02 3.8359e-02 7.6472e-04 ] 4.2770e-01
 4.987e+00 5.7114e-01 5.7114e-01 [ 3.8069e-01 1.0268e-01 4.8162e-02 3.8844e-02 7.7369e-04 ] 4.2886e-01
 5.100e+00 5.7004e-01 5.7004e-01 [ 3.7625e-01 1.0470e-01 4.8979e-02 3.9328e-02 7.8272e-04 ] 4.2996e-01
 5.213e+00 5.6900e-01 5.6900e-01 [ 3.7186e-01 1.0674e-01 4.9796e-02 3.9811e-02 7.9179e-04 ] 4.3100e-01
 5.327e+00 5.6800e-01 5.6800e-01 [ 3.6752e-01 1.0878e-01 5.0614e-02 4.0294e-02 8.0092e-04 ] 4.3199e-01
 5.440e+00 5.6707e-01 5.6707e-01 [ 3.6321e-01 1.1083e-01 5.1433e-02 4.0779e-02 8.1010e-04 ] 4.3293e-01
 5.553e+00 5.6617e-01 5.6617e-01 [ 3.5894e-01 1.1290e-01 5.2255e-02 4.1264e-02 8.1935e-04 ] 4.3383e-01
 5.667e+00 5.6533e-01 5.6533e-01 [ 3.5470e-01 1.1497e-01 5.3079e-02 4.1751e-02 8.2866e-04 ] 4.3467e-01
 5.780e+00 5.6453e-01 5.6453e-01 [ 3.5049e-01 1.1706e-01 5.3905e-02 4.2240e-02 8.3804e-04 ] 4.3547e-01
 5.893e+00 5.6377e-01 5.6377e-01 [ 3.4630e-01 1.1916e-01 5.4734e-02 4.2731e-02 8.4749e-04 ] 4.3623e-01
 6.007e+00 5.6305e-01 5.6305e-01 [ 3.4214e-01 1.2126e-01 5.5567e-02 4.3224e-02 8.5701e-04 ] 4.3695e-01
 6.120e+00 5.6236e-01 5.6236e-01 [ 3.3799e-01 1.2338e-01 5.6403e-02 4.3721e-02 8.6661e-04 ] 4.3764e-01
 6.233e+00 5.6170e-01 5.6170e-01 [ 3.3386e-01 1.2550e-01 5.7242e-02 4.4221e-02 8.7627e-04 ] 4.3830e-01
 6.347e+00 5.6108e-01 5.6108e-01 [ 3.2975e-01 1.2763e-01 5.8086e-02 4.4723e-02 8.8601e-04 ] 4.3892e-01
 6.460e+00 5.6048e-01 5.6048e-01 [ 3.2565e-01 1.2977e-01 5.8933e-02 4.5230e-02 8.9583e-04 ] 4.3952e-01
 6.573e+00 5.5991e-01 5.5991e-01 [ 3.2156e-01 1.3192e-01 5.9785e-02 4.5740e-02 9.0572e-04 ] 4.4009e-01
 6.687e+00 5.5936e-01 5.5936e-01 [ 3.1748e-01 1.3407e-01 6.0640e-02 4.6253e-02 9.1568e-04 ] 4.4064e-01
 6.800e+00 5.5883e-01 5.5883e-01 [ 3.1341e-01 1.3622e-01 6.1500e-02 4.6770e-02 9.2572e-04 ] 4.4117e-01
 6.913e+00 5.5832e-01 5.5832e-01 [ 3.0935e-01 1.3838e-01 6.2364e-02 4.7291e-02 9.3584e-04 ] 4.4168e-01
 7.027e+00 5.5783e-01 5.5783e-01 [ 3.0529e-01 1.4055e-01 6.3232e-02 4.7816e-02 9.4603e-04 ] 4.4217e-01
 7.140e+00 5.5736e-01 5.5736e-01 [ 3.0124e-01 1.4271e-01 6.4104e-02 4.8345e-02 9.5629e-04 ] 4.4264e-01
 7.253e+00 5.5689e-01 5.5689e-01 [ 2.9719e-01 1.4488e-01 6.4981e-02 4.8878e-02 9.6663e-04 ] 4.4311e-01
 7.367e+00 5.5644e-01 5.5644e-01 [ 2.9315e-01 1.4704e-01 6.5863e-02 4.9415e-02 9.7704e-04 ] 4.4356e-01
 7.480e+00 5.5601e-01 5.5601e-01 [ 2.8911e-01 1.4921e-01 6.6748e-02 4.9955e-02 9.8753e-04 ] 4.4399e-01
 7.593e+00 5.5558e-01 5.5558e-01 [ 2.8507e-01 1.5137e-01 6.7638e-02 5.0500e-02 9.9808e-04 ] 4.4442e-01
 7.707e+00 5.5515e-01 5.5515e-01 [ 2.8104e-01 1.5352e-01 6.8533e-02 5.1049e-02 1.0087e-03 ] 4.4485e-01
 7.820e+00 5.5474e-01 5.5474e-01 [ 2.7701e-01 1.5567e-01 6.9432e-02 5.1602e-02 1.0194e-03 ] 4.4526e-01
 7.933e+00 5.5433e-01 5.5433e-01 [ 2.7299e-01 1.5782e-01 7.0335e-02 5.2159e-02 1.0302e-03 ] 4.4567e-01
 8.047e+00 5.5393e-01 5.5393e-01 [ 2.6897e-01 1.5995e-01 7.1243e-02 5.2719e-02 1.0410e-03 ] 4.4607e-01
 8.160e+00 5.5353e-01 5.5353e-01 [ 2.6496e-01 1.6208e-01 7.2155e-02 5.3284e-02 1.0519e-03 ] 4.4647e-01
 8.273e+00 5.5313e-01 5.5313e-01 [ 2.6095e-01 1.6420e-01 7.3072e-02 5.3853e-02 1.0629e-03 ] 4.4687e-01
 8.387e+00 5.5274e-01 5.5274e-01 [ 2.5694e-01 1.6631e-01 7.3993e-02 5.4425e-02 1.0740e-03 ] 4.4726e-01
 8.500e+00 5.5235e-01 5.5235e-01 [ 2.5295e-01 1.6840e-01 7.4918e-02 5.5002e-02 1.0851e-03 ] 4.4765e-01
 8.613e+00 5.5196e-01 5.5196e-01 [ 2.4896e-01 1.7048e-01 7.5848e-02 5.5582e-02 1.0963e-03 ] 4.4804e-01
 8.727e+00 5.5157e-01 5.5157e-01 [ 2.4497e-01 1.7254e-01 7.6782e-02 5.6166e-02 1.1075e-03 ] 4.4843e-01
 8.840e+00 5.5118e-01 5.5118e-01 [ 2.4100e-01 1.7459e-01 7.7721e-02 5.6754e-02 1.1188e-03 ] 4.4882e-01
 8.953e+00 5.5079e-01 5.5079e-01 [ 2.3704e-01 1.7662e-01 7.8663e-02 5.7345e-02 1.1302e-03 ] 4.4921e-01
 9.067e+00 5.5040e-01 5.5040e-01 [ 2.3308e-01 1.7862e-01 7.9610e-02 5.7941e-02 1.1417e-03 ] 4.4960e-01
 9.180e+00 5.5001e-01 5.5001e-01 [ 2.2914e-01 1.8061e-01 8.0562e-02 5.8540e-02 1.1532e-03 ] 4.4999e-01
 9.293e+00 5.4962e-01 5.4962e-01 [ 2.2522e-01 1.8258e-01 8.1517e-02 5.9142e-02 1.1647e-03 ] 4.5038e-01
 9.407e+00 5.4922e-01 5.4922e-01 [ 2.2130e-01 1.8452e-01 8.2477e-02 5.9748e-02 1.1764e-03 ] 4.5078e-01
 9.520e+00 5.4883e-01 5.4883e-01 [ 2.1740e-01 1.8644e-01 8.3441e-02 6.0358e-02 1.1881e-03 ] 4.5117e-01
 9.633e+00 5.4843e-01 5.4843e-01 [ 2.1352e-01 1.8833e-01 8.4410e-02 6.0971e-02 1.1998e-03 ] 4.5157e-01
 9.747e+00 5.4802e-01 5.4802e-01 [ 2.0965e-01 1.9020e-01 8.5382e-02 6.1588e-02 1.2117e-03 ] 4.5198e-01
 9.860e+00 5.4762e-01 5.4762e-01 [ 2.0580e-01 1.9203e-01 8.6359e-02 6.2208e-02 1.2235e-03 ] 4.5238e-01
 9.973e+00 5.4721e-01 5.4721e-01 [ 2.0197e-01 1.9384e-01 8.7340e-02 6.2832e-02 1.2355e-03 ] 4.5279e-01
 1.009e+01 5.4680e-01 5.4680e-01 [ 1.9815e-01 1.9561e-01 8.8325e-02 6.3459e-02 1.2475e-03 ] 4.5320e-01
 1.020e+01 5.4638e-01 5.4638e-01 [ 1.9436e-01 1.9736e-01 8.9314e-02 6.4089e-02 1.2596e-03 ] 4.5362e-01
 1.031e+01 5.4597e-01 5.4597e-01 [ 1.9059e-01 1.9907e-01 9.0307e-02 6.4723e-02 1.2717e-03 ] 4.5403e-01
 1.043e+01 5.4554e-01 5.4554e-01 [ 1.8685e-01 2.0075e-01 9.1304e-02 6.5360e-02 1.2839e-03 ] 4.5446e-01
 1.054e+01 5.4512e-01 5.4512e-01 [ 1.8313e-01 2.0239e-01 9.2305e-02 6.6000e-02 1.2961e-03 ] 4.5488e-01
 1.065e+01 5.4469e-01 5.4469e-01 [ 1.7943e-01 2.0399e-01 9.3310e-02 6.6644e-02 1.3084e-03 ] 4.5531e-01
 1.077e+01 5.4425e-01 5.4425e-01 [ 1.7576e-01 2.0556e-01 9.4319e-02 6.7291e-02 1.3208e-03 ] 4.5575e-01
 1.088e+01 5.4381e-01 5.4381e-01 [ 1.7212e-01 2.0709e-01 9.5332e-02 6.7941e-02 1.3332e-03 ] 4.5619e-01
 1.099e+01 5.4337e-01 5.4337e-01 [ 1.6851e-01 2.0858e-01 9.6349e-02 6.8594e-02 1.3457e-03 ] 4.5663e-01
 1.111e+01 5.4292e-01 5.4292e-01 [ 1.6492e-01 2.1002e-01 9.7370e-02 6.9250e-02 1.3582e-03 ] 4.5708e-01
 1.122e+01 5.4247e-01 5.4247e-01 [ 1.6137e-01 2.1143e-01 9.8394e-02 6.9910e-02 1.3708e-03 ] 4.5753e-01
 1.133e+01 5.4201e-01 5.4201e-01 [ 1.5784e-01 2.1279e-01 9.9422e-02 7.0572e-02 1.3834e-03 ] 4.5799e-01
 1.145e+01 5.4155e-01 5.4155e-01 [ 1.5435e-01 2.1411e-01 1.0045e-01 7.1238e-02 1.3961e-03 ] 4.5845e-01
 1.156e+01 5.4109e-01 5.4109e-01 [ 1.5089e-01 2.1539e-01 1.0149e-01 7.1907e-02 1.4089e-03 ] 4.5891e-01
 1.167e+01 5.4061e-01 5.4061e-01 [ 1.4747e-01 2.1662e-01 1.0253e-01 7.2579e-02 1.4217e-03 ] 4.5938e-01
 1.179e+01 5.4014e-01 5.4014e-01 [ 1.4408e-01 2.1780e-01 1.0357e-01 7.3254e-02 1.4346e-03 ] 4.5986e-01
 1.190e+01 5.3966e-01 5.3966e-01 [ 1.4073e-01 2.1894e-01 1.0462e-01 7.3932e-02 1.4475e-03 ] 4.6034e-01
 1.201e+01 5.3917e-01 5.3917e-01 [ 1.3741e-01 2.2003e-01 1.0566e-01 7.4612e-02 1.4605e-03 ] 4.6083e-01
 1.213e+01 5.3868e-01 5.3868e-01 [ 1.3413e-01 2.2107e-01 1.0672e-01 7.5296e-02 1.4735e-03 ] 4.6132e-01
 1.224e+01 5.3818e-01 5.3818e-01 [ 1.3089e-01 2.2206e-01 1.0777e-01 7.5983e-02 1.4866e-03 ] 4.6181e-01
 1.235e+01 5.3768e-01 5.3768e-01 [ 1.2768e-01 2.2300e-01 1.0883e-01 7.6673e-02 1.4998e-03 ] 4.6232e-01
 1.247e+01 5.3718e-01 5.3718e-01 [ 1.2452e-01 2.2389e-01 1.0989e-01 7.7366e-02 1.5130e-03 ] 4.6282e-01
 1.258e+01 5.3667e-01 5.3667e-01 [ 1.2139e-01 2.2473e-01 1.1095e-01 7.8062e-02 1.5262e-03 ] 4.6333e-01
 1.269e+01 5.3615e-01 5.3615e-01 [ 1.1831e-01 2.2552e-01 1.1202e-01 7.8761e-02 1.5395e-03 ] 4.6385e-01
 1.281e+01 5.3563e-01 5.3563e-01 [ 1.1526e-01 2.2626e-01 1.1309e-01 7.9463e-02 1.5529e-03 ] 4.6437e-01
 1.292e+01 5.3510e-01 5.3510e-01 [ 1.1226e-01 2.2694e-01 1.1416e-01 8.0168e-02 1.5663e-03 ] 4.6490e-01
 1.303e+01 5.3457e-01 5.3457e-01 [ 1.0930e-01 2.2758e-01 1.1524e-01 8.0876e-02 1.5798e-03 ] 4.6543e-01
 1.315e+01 5.3403e-01 5.3403e-01 [ 1.0638e-01 2.2816e-01 1.1631e-01 8.1587e-02 1.5934e-03 ] 4.6597e-01
 1.326e+01 5.3348e-01 5.3348e-01 [ 1.0351e-01 2.2868e-01 1.1739e-01 8.2301e-02 1.6069e-03 ] 4.6652e-01
 1.337e+01 5.3294e-01 5.3294e-01 [ 1.0067e-01 2.2915e-01 1.1847e-01 8.3018e-02 1.6206e-03 ] 4.6706e-01
 1.349e+01 5.3238e-01 5.3238e-01 [ 9.7886e-02 2.2957e-01 1.1955e-01 8.3738e-02 1.6343e-03 ] 4.6762e-01
 1.360e+01 5.3182e-01 5.3182e-01 [ 9.5142e-02 2.2994e-01 1.2063e-01 8.4461e-02 1.6480e-03 ] 4.6818e-01
 1.371e+01 5.3126e-01 5.3126e-01 [ 9.2442e-02 2.3025e-01 1.2172e-01 8.5187e-02 1.6619e-03 ] 4.6874e-01
 1.383e+01 5.3069e-01 5.3069e-01 [ 8.9788e-02 2.3050e-01 1.2280e-01 8.5916e-02 1.6757e-03 ] 4.6931e-01
 1.394e+01 5.3011e-01 5.3011e-01 [ 8.7178e-02 2.3070e-01 1.2389e-01 8.6648e-02 1.6896e-03 ] 4.6989e-01
 1.405e+01 5.2953e-01 5.2953e-01 [ 8.4613e-02 2.3085e-01 1.2498e-01 8.7383e-02 1.7036e-03 ] 4.7047e-01
 1.417e+01 5.2894e-01 5.2894e-01 [ 8.2093e-02 2.3094e-01 1.2607e-01 8.8122e-02 1.7177e-03 ] 4.7106e-01
 1.428e+01 5.2835e-01 5.2835e-01 [ 7.9619e-02 2.3098e-01 1.2716e-01 8.8863e-02 1.7318e-03 ] 4.7165e-01
 1.439e+01 5.2776e-01 5.2776e-01 [ 7.7191e-02 2.3097e-01 1.2824e-01 8.9608e-02 1.7459e-03 ] 4.7224e-01
 1.451e+01 5.2716e-01 5.2716e-01 [ 7.4808e-02 2.3090e-01 1.2933e-01 9.0356e-02 1.7601e-03 ] 4.7284e-01
 1.462e+01 5.2655e-01 5.2655e-01 [ 7.2471e-02 2.3077e-01 1.3042e-01 9.1107e-02 1.7744e-03 ] 4.7345e-01
 1.473e+01 5.2594e-01 5.2594e-01 [ 7.0180e-02 2.3060e-01 1.3151e-01 9.1861e-02 1.7887e-03 ] 4.7406e-01
 1.485e+01 5.2532e-01 5.2532e-01 [ 6.7934e-02 2.3037e-01 1.3260e-01 9.2618e-02 1.8031e-03 ] 4.7468e-01
 1.496e+01 5.2470e-01 5.2470e-01 [ 6.5735e-02 2.3008e-01 1.3368e-01 9.3379e-02 1.8175e-03 ] 4.7530e-01
 1.507e+01 5.2408e-01 5.2408e-01 [ 6.3581e-02 2.2975e-01 1.3477e-01 9.4143e-02 1.8320e-03 ] 4.7592e-01
 1.519e+01 5.2345e-01 5.2345e-01 [ 6.1472e-02 2.2936e-01 1.3585e-01 9.4911e-02 1.8466e-03 ] 4.7655e-01
 1.530e+01 5.2281e-01 5.2281e-01 [ 5.9410e-02 2.2892e-01 1.3694e-01 9.5681e-02 1.8612e-03 ] 4.7719e-01
 1.541e+01 5.2217e-01 5.2217e-01 [ 5.7392e-02 2.2843e-01 1.3802e-01 9.6455e-02 1.8759e-03 ] 4.7783e-01
 1.553e+01 5.2153e-01 5.2153e-01 [ 5.5420e-02 2.2789e-01 1.3909e-01 9.7232e-02 1.8907e-03 ] 4.7847e-01
 1.564e+01 5.2088e-01 5.2088e-01 [ 5.3493e-02 2.2730e-01 1.4017e-01 9.8013e-02 1.9055e-03 ] 4.7912e-01
 1.575e+01 5.2023e-01 5.2023e-01 [ 5.1611e-02 2.2666e-01 1.4124e-01 9.8797e-02 1.9204e-03 ] 4.7977e-01
 1.587e+01 5.1957e-01 5.1957e-01 [ 4.9774e-02 2.2597e-01 1.4231e-01 9.9584e-02 1.9353e-03 ] 4.8043e-01
 1.598e+01 5.1891e-01 5.1891e-01 [ 4.7981e-02 2.2523e-01 1.4337e-01 1.0037e-01 1.9503e-03 ] 4.8109e-01
 1.609e+01 5.1824e-01 5.1824e-01 [ 4.6232e-02 2.2445e-01 1.4443e-01 1.0117e-01 1.9654e-03 ] 4.8176e-01
 1.621e+01 5.1757e-01 5.1757e-01 [ 4.4527e-02 2.2362e-01 1.4548e-01 1.0196e-01 1.9805e-03 ] 4.8243e-01
 1.632e+01 5.1689e-01 5.1689e-01 [ 4.2865e-02 2.2274e-01 1.4653e-01 1.0276e-01 1.9957e-03 ] 4.8311e-01
 1.643e+01 5.1621e-01 5.1621e-01 [ 4.1247e-02 2.2182e-01 1.4757e-01 1.0357e-01 2.0110e-03 ] 4.8379e-01
 1.655e+01 5.1553e-01 5.1553e-01 [ 3.9671e-02 2.2085e-01 1.4861e-01 1.0437e-01 2.0263e-03 ] 4.8447e-01
 1.666e+01 5.1483e-01 5.1483e-01 [ 3.8138e-02 2.1984e-01 1.4964e-01 1.0518e-01 2.0417e-03 ] 4.8517e-01
 1.677e+01 5.1413e-01 5.1413e-01 [ 3.6646e-02 2.1878e-01 1.5066e-01 1.0599e-01 2.0572e-03 ] 4.8587e-01
 1.689e+01 5.1343e-01 5.1343e-01 [ 3.5196e-02 2.1769e-01 1.5167e-01 1.0680e-01 2.0727e-03 ] 4.8657e-01
 1.700e+01 5.1271e-01 5.1271e-01 [ 3.3787e-02 2.1655e-01 1.5267e-01 1.0761e-01 2.0883e-03 ] 4.8729e-01
 1.711e+01 5.1199e-01 5.1199e-01 [ 3.2419e-02 2.1537e-01 1.5366e-01 1.0843e-01 2.1039e-03 ] 4.8801e-01
 1.723e+01 5.1125e-01 5.1125e-01 [ 3.1090e-02 2.1415e-01 1.5464e-01 1.0925e-01 2.1196e-03 ] 4.8875e-01
 1.734e+01 5.1051e-01 5.1051e-01 [ 2.9801e-02 2.1290e-01 1.5561e-01 1.1006e-01 2.1354e-03 ] 4.8949e-01
 1.745e+01 5.0975e-01 5.0975e-01 [ 2.8551e-02 2.1160e-01 1.5656e-01 1.1088e-01 2.1512e-03 ] 4.9025e-01
 1.757e+01 5.0897e-01 5.0897e-01 [ 2.7340e-02 2.1027e-01 1.5750e-01 1.1170e-01 2.1671e-03 ] 4.9103e-01
 1.768e+01 5.0818e-01 5.0818e-01 [ 2.6166e-02 2.0890e-01 1.5843e-01 1.1251e-01 2.1831e-03 ] 4.9182e-01
 1.779e+01 5.0738e-01 5.0738e-01 [ 2.5030e-02 2.0749e-01 1.5933e-01 1.1333e-01 2.1990e-03 ] 4.9262e-01
 1.791e+01 5.0655e-01 5.0655e-01 [ 2.3930e-02 2.0605e-01 1.6022e-01 1.1414e-01 2.2151e-03 ] 4.9345e-01
 1.802e+01 5.0570e-01 5.0570e-01 [ 2.2866e-02 2.0457e-01 1.6108e-01 1.1495e-01 2.2311e-03 ] 4.9430e-01
 1.813e+01 5.0483e-01 5.0483e-01 [ 2.1838e-02 2.0306e-01 1.6193e-01 1.1576e-01 2.2473e-03 ] 4.9517e-01
 1.825e+01 5.0393e-01 5.0393e-01 [ 2.0845e-02 2.0152e-01 1.6274e-01 1.1656e-01 2.2634e-03 ] 4.9607e-01
 1.836e+01 5.0300e-01 5.0300e-01 [ 1.9885e-02 1.9994e-01 1.6354e-01 1.1735e-01 2.2796e-03 ] 4.9700e-01
 1.847e+01 5.0203e-01 5.0203e-01 [ 1.8960e-02 1.9833e-01 1.6431e-01 1.1815e-01 2.2958e-03 ] 4.9797e-01
 1.859e+01 5.0103e-01 5.0103e-01 [ 1.8067e-02 1.9668e-01 1.6504e-01 1.1893e-01 2.3120e-03 ] 4.9897e-01
 1.870e+01 4.9999e-01 4.9999e-01 [ 1.7206e-02 1.9501e-01 1.6575e-01 1.1970e-01 2.3283e-03 ] 5.0001e-01
 1.881e+01 4.9891e-01 4.9891e-01 [ 1.6376e-02 1.9330e-01 1.6642e-01 1.2047e-01 2.3446e-03 ] 5.0109e-01
 1.893e+01 4.9779e-01 4.9779e-01 [ 1.5578e-02 1.9156e-01 1.6705e-01 1.2123e-01 2.3608e-03 ] 5.0221e-01
 1.904e+01 4.9661e-01 4.9661e-01 [ 1.4809e-02 1.8980e-01 1.6765e-01 1.2197e-01 2.3771e-03 ] 5.0339e-01
 1.915e+01 4.9538e-01 4.9538e-01 [ 1.4070e-02 1.8800e-01 1.6821e-01 1.2271e-01 2.3934e-03 ] 5.0462e-01
 1.927e+01 4.9410e-01 4.9410e-01 [ 1.3360e-02 1.8617e-01 1.6873e-01 1.2343e-01 2.4097e-03 ] 5.0590e-01
 1.938e+01 4.9276e-01 4.9276e-01 [ 1.2678e-02 1.8431e-01 1.6920e-01 1.2414e-01 2.4260e-03 ] 5.0724e-01
 1.949e+01 4.9136e-01 4.9136e-01 [ 1.2023e-02 1.8242e-01 1.6963e-01 1.2484e-01 2.4423e-03 ] 5.0864e-01
 1.961e+01 4.8990e-01 4.8990e-01 [ 1.1394e-02 1.8051e-01 1.7001e-01 1.2552e-01 2.4587e-03 ] 5.1010e-01
 1.972e+01 4.8838e-01 4.8838e-01 [ 1.0792e-02 1.7857e-01 1.7035e-01 1.2620e-01 2.4750e-03 ] 5.1162e-01
 1.983e+01 4.8680e-01 4.8680e-01 [ 1.0215e-02 1.7660e-01 1.7063e-01 1.2686e-01 2.4914e-03 ] 5.1320e-01
 1.995e+01 4.8515e-01 4.8515e-01 [ 9.6623e-03 1.7461e-01 1.7087e-01 1.2750e-01 2.5078e-03 ] 5.1485e-01
 2.006e+01 4.8344e-01 4.8344e-01 [ 9.1337e-03 1.7259e-01 1.7105e-01 1.2814e-01 2.5243e-03 ] 5.1656e-01
 2.017e+01 4.8168e-01 4.8168e-01 [ 8.6283e-03 1.7055e-01 1.7119e-01 1.2877e-01 2.5409e-03 ] 5.1832e-01
 2.029e+01 4.7986e-01 4.7986e-01 [ 8.1455e-03 1.6850e-01 1.7128e-01 1.2939e-01 2.5575e-03 ] 5.2014e-01
 2.040e+01 4.7799e-01 4.7799e-01 [ 7.6846e-03 1.6642e-01 1.7132e-01 1.3000e-01 2.5744e-03 ] 5.2201e-01
 2.051e+01 4.7608e-01 4.7608e-01 [ 7.2449e-03 1.6432e-01 1.7131e-01 1.3061e-01 2.5914e-03 ] 5.2392e-01
 2.063e+01 4.7414e-01 4.7414e-01 [ 6.8259e-03 1.6221e-01 1.7126e-01 1.3123e-01 2.6086e-03 ] 5.2586e-01
 2.074e+01 4.7216e-01 4.7216e-01 [ 6.4268e-03 1.6009e-01 1.7117e-01 1.3185e-01 2.6261e-03 ] 5.2784e-01
 2.085e+01 4.7018e-01 4.7018e-01 [ 6.0470e-03 1.5796e-01 1.7104e-01 1.3248e-01 2.6439e-03 ] 5.2982e-01
 2.097e+01 4.6819e-01 4.6819e-01 [ 5.6859e-03 1.5583e-01 1.7088e-01 1.3313e-01 2.6622e-03 ] 5.3181e-01
 2.108e+01 4.6621e-01 4.6621e-01 [ 5.3428e-03 1.5369e-01 1.7069e-01 1.3380e-01 2.6809e-03 ] 5.3379e-01
 2.119e+01 4.6426e-01 4.6426e-01 [ 5.0172e-03 1.5156e-01 1.7048e-01 1.3450e-01 2.7002e-03 ] 5.3574e-01
 2.131e+01 4.6235e-01 4.6235e-01 [ 4.7083e-03 1.4943e-01 1.7025e-01 1.3524e-01 2.7201e-03 ] 5.3765e-01
 2.142e+01 4.6050e-01 4.6050e-01 [ 4.4157e-03 1.4731e-01 1.7002e-01 1.3602e-01 2.7408e-03 ] 5.3950e-01
 2.153e+01 4.5874e-01 4.5874e-01 [ 4.1387e-03 1.4520e-01 1.6978e-01 1.3686e-01 2.7623e-03 ] 5.4126e-01
 2.165e+01 4.5707e-01 4.5707e-01 [ 3.8766e-03 1.4311e-01 1.6955e-01 1.3776e-01 2.7847e-03 ] 5.4293e-01
 2.176e+01 4.5553e-01 4.5553e-01 [ 3.6289e-03 1.4103e-01 1.6933e-01 1.3873e-01 2.8081e-03 ] 5.4447e-01
 2.187e+01 4.5413e-01 4.5413e-01 [ 3.3950e-03 1.3899e-01 1.6913e-01 1.3978e-01 2.8327e-03 ] 5.4587e-01
 2.199e+01 4.5290e-01 4.5290e-01 [ 3.1743e-03 1.3697e-01 1.6897e-01 1.4093e-01 2.8585e-03 ] 5.4710e-01
 2.210e+01 4.5184e-01 4.5184e-01 [ 2.9662e-03 1.3498e-01 1.6884e-01 1.4218e-01 2.8857e-03 ] 5.4816e-01
 2.221e+01 4.5099e-01 4.5099e-01 [ 2.7702e-03 1.3302e-01 1.6875e-01 1.4354e-01 2.9143e-03 ] 5.4901e-01
 2.233e+01 4.5037e-01 4.5037e-01 [ 2.5857e-03 1.3111e-01 1.6872e-01 1.4502e-01 2.9445e-03 ] 5.4963e-01
 2.244e+01 4.4999e-01 4.4999e-01 [ 2.4121e-03 1.2923e-01 1.6874e-01 1.4663e-01 2.9763e-03 ] 5.5001e-01
 2.255e+01 4.4986e-01 4.4986e-01 [ 2.2490e-03 1.2739e-01 1.6884e-01 1.4838e-01 3.0098e-03 ] 5.5014e-01
 2.267e+01 4.5001e-01 4.5001e-01 [ 2.0957e-03 1.2559e-01 1.6900e-01 1.5028e-01 3.0450e-03 ] 5.4999e-01
 2.278e+01 4.5044e-01 4.5044e-01 [ 1.9518e-03 1.2384e-01 1.6924e-01 1.5233e-01 3.0821e-03 ] 5.4956e-01
 2.289e+01 4.5117e-01 4.5117e-01 [ 1.8168e-03 1.2213e-01 1.6956e-01 1.5454e-01 3.1210e-03 ] 5.4882e-01
 2.301e+01 4.5221e-01 4.5221e-01 [ 1.6901e-03 1.2046e-01 1.6997e-01 1.5693e-01 3.1618e-03 ] 5.4779e-01
 2.312e+01 4.5355e-01 4.5355e-01 [ 1.5714e-03 1.1884e-01 1.7046e-01 1.5948e-01 3.2044e-03 ] 5.4645e-01
 2.323e+01 4.5520e-01 4.5520e-01 [ 1.4603e-03 1.1726e-01 1.7103e-01 1.6220e-01 3.2488e-03 ] 5.4480e-01
 2.335e+01 4.5716e-01 4.5716e-01 [ 1.3561e-03 1.1571e-01 1.7169e-01 1.6510e-01 3.2950e-03 ] 5.4284e-01
 2.346e+01 4.5943e-01 4.5943e-01 [ 1.2587e-03 1.1421e-01 1.7244e-01 1.6817e-01 3.3429e-03 ] 5.4057e-01
 2.357e+01 4.6199e-01 4.6199e-01 [ 1.1675e-03 1.1274e-01 1.7327e-01 1.7141e-01 3.3923e-03 ] 5.3801e-01
 2.369e+01 4.6483e-01 4.6483e-01 [ 1.0823e-03 1.1131e-01 1.7417e-01 1.7482e-01 3.4432e-03 ] 5.3517e-01
 2.380e+01 4.6794e-01 4.6794e-01 [ 1.0026e-03 1.0991e-01 1.7515e-01 1.7838e-01 3.4953e-03 ] 5.3206e-01
 2.391e+01 4.7130e-01 4.7130e-01 [ 9.2815e-04 1.0854e-01 1.7620e-01 1.8208e-01 3.5485e-03 ] 5.2870e-01
 2.403e+01 4.7488e-01 4.7488e-01 [ 8.5863e-04 1.0720e-01 1.7730e-01 1.8592e-01 3.6027e-03 ] 5.2511e-01
 2.414e+01 4.7867e-01 4.7867e-01 [ 7.9375e-04 1.0588e-01 1.7846e-01 1.8988e-01 3.6575e-03 ] 5.2133e-01
 2.425e+01 4.8263e-01 4.8263e-01 [ 7.3323e-04 1.0459e-01 1.7966e-01 1.9394e-01 3.7126e-03 ] 5.1737e-01
 2.437e+01 4.8672e-01 4.8672e-01 [ 6.7681e-04 1.0331e-01 1.8089e-01 1.9807e-01 3.7679e-03 ] 5.1328e-01
 2.448e+01 4.9092e-01 4.9092e-01 [ 6.2425e-04 1.0206e-01 1.8215e-01 2.0227e-01 3.8230e-03 ] 5.0908e-01
 2.459e+01 4.9517e-01 4.9517e-01 [ 5.7531e-04 1.0082e-01 1.8342e-01 2.0649e-01 3.8776e-03 ] 5.0483e-01
 2.471e+01 4.9944e-01 4.9944e-01 [ 5.2979e-04 9.9594e-02 1.8468e-01 2.1070e-01 3.9314e-03 ] 5.0056e-01
 2.482e+01 5.0367e-01 5.0367e-01 [ 4.8747e-04 9.8386e-02 1.8593e-01 2.1488e-01 3.9839e-03 ] 4.9633e-01
 2.493e+01 5.0781e-01 5.0781e-01 [ 4.4817e-04 9.7190e-02 1.8715e-01 2.1898e-01 4.0349e-03 ] 4.9219e-01
 2.505e+01 5.1179e-01 5.1179e-01 [ 4.1169e-04 9.6005e-02 1.8832e-01 2.2297e-01 4.0838e-03 ] 4.8821e-01
 2.516e+01 5.1554e-01 5.1554e-01 [ 3.7787e-04 9.4830e-02 1.8942e-01 2.2679e-01 4.1303e-03 ] 4.8446e-01
 2.527e+01 5.1899e-01 5.1899e-01 [ 3.4655e-04 9.3662e-02 1.9042e-01 2.3038e-01 4.1739e-03 ] 4.8101e-01
 2.539e+01 5.2204e-01 5.2204e-01 [ 3.1755e-04 9.2496e-02 1.9131e-01 2.3370e-01 4.2141e-03 ] 4.7796e-01
 2.550e+01 5.2460e-01 5.2460e-01 [ 2.9073e-04 9.1330e-02 1.9205e-01 2.3668e-01 4.2502e-03 ] 4.7540e-01
 2.561e+01 5.2654e-01 5.2654e-01 [ 2.6595e-04 9.0156e-02 1.9261e-01 2.3923e-01 4.2817e-03 ] 4.7346e-01
 2.573e+01 5.2774e-01 5.2774e-01 [ 2.4307e-04 8.8965e-02 1.9294e-01 2.4127e-01 4.3078e-03 ] 4.7227e-01
 2.584e+01 5.2803e-01 5.2803e-01 [ 2.2194e-04 8.7748e-02 1.9301e-01 2.4273e-01 4.3277e-03 ] 4.7197e-01
 2.595e+01 5.2726e-01 5.2726e-01 [ 2.0246e-04 8.6491e-02 1.9274e-01 2.4349e-01 4.3405e-03 ] 4.7274e-01
 2.607e+01 5.2524e-01 5.2524e-01 [ 1.8448e-04 8.5177e-02 1.9209e-01 2.4345e-01 4.3452e-03 ] 4.7476e-01
 2.618e+01 5.2177e-01 5.2177e-01 [ 1.6790e-04 8.3788e-02 1.9098e-01 2.4249e-01 4.3404e-03 ] 4.7823e-01
 2.629e+01 5.1664e-01 5.1664e-01 [ 1.5260e-04 8.2300e-02 1.8935e-01 2.4051e-01 4.3250e-03 ] 4.8336e-01
 2.641e+01 5.0966e-01 5.0966e-01 [ 1.3849e-04 8.0692e-02 1.8713e-01 2.3741e-01 4.2975e-03 ] 4.9034e-01
 2.652e+01 5.0064e-01 5.0064e-01 [ 1.2545e-04 7.8940e-02 1.8425e-01 2.3308e-01 4.2565e-03 ] 4.9936e-01
 2.663e+01 4.8944e-01 4.8944e-01 [ 1.1341e-04 7.7022e-02 1.8065e-01 2.2745e-01 4.2008e-03 ] 5.1056e-01
 2.675e+01 4.7596e-01 4.7596e-01 [ 1.0230e-04 7.4923e-02 1.7630e-01 2.2050e-01 4.1291e-03 ] 5.2404e-01
 2.686e+01 4.6022e-01 4.6022e-01 [ 9.2042e-05 7.2635e-02 1.7120e-01 2.1225e-01 4.0407e-03 ] 5.3978e-01
 2.697e+01 4.4230e-01 4.4230e-01 [ 8.2594e-05 7.0157e-02 1.6537e-01 2.0276e-01 3.9354e-03 ] 5.5770e-01
 2.709e+01 4.2243e-01 4.2243e-01 [ 7.3911e-05 6.7506e-02 1.5888e-01 1.9216e-01 3.8136e-03 ] 5.7757e-01
 2.720e+01 4.0093e-01 4.0093e-01 [ 6.5959e-05 6.4706e-02 1.5182e-01 1.8066e-01 3.6766e-03 ] 5.9907e-01
 2.731e+01 3.7821e-01 3.7821e-01 [ 5.8711e-05 6.1797e-02 1.4435e-01 1.6848e-01 3.5261e-03 ] 6.2179e-01
 2.743e+01 3.5477e-01 3.5477e-01 [ 5.2140e-05 5.8825e-02 1.3662e-01 1.5591e-01 3.3647e-03 ] 6.4523e-01
 2.754e+01 3.3112e-01 3.3112e-01 [ 4.6218e-05 5.5841e-02 1.2881e-01 1.4323e-01 3.1953e-03 ] 6.6888e-01
 2.765e+01 3.0775e-01 3.0775e-01 [ 4.0914e-05 5.2899e-02 1.2108e-01 1.3070e-01 3.0211e-03 ] 6.9225e-01
 2.777e+01 2.8511e-01 2.8511e-01 [ 3.6192e-05 5.0045e-02 1.1361e-01 1.1858e-01 2.8452e-03 ] 7.1489e-01
 2.788e+01 2.6359e-01 2.6359e-01 [ 3.2010e-05 4.7320e-02 1.0651e-01 1.0706e-01 2.6705e-03 ] 7.3641e-01
 2.799e+01 2.4346e-01 2.4346e-01 [ 2.8325e-05 4.4754e-02 9.9887e-02 9.6288e-02 2.4996e-03 ] 7.5654e-01
 2.811e+01 2.2491e-01 2.2491e-01 [ 2.5088e-05 4.2370e-02 9.3815e-02 8.6365e-02 2.3345e-03 ] 7.7509e-01
 2.822e+01 2.0805e-01 2.0805e-01 [ 2.2254e-05 4.0177e-02 8.8329e-02 7.7341e-02 2.1768e-03 ] 7.9195e-01
 2.833e+01 1.9289e-01 1.9289e-01 [ 1.9774e-05 3.8178e-02 8.3438e-02 6.9225e-02 2.0276e-03 ] 8.0711e-01
 2.845e+01 1.7940e-01 1.7940e-01 [ 1.7605e-05 3.6369e-02 7.9133e-02 6.1995e-02 1.8877e-03 ] 8.2060e-01
 2.856e+01 1.6751e-01 1.6751e-01 [ 1.5707e-05 3.4740e-02 7.5388e-02 5.5608e-02 1.7573e-03 ] 8.3249e-01
 2.867e+01 1.5710e-01 1.5710e-01 [ 1.4042e-05 3.3277e-02 7.2164e-02 5.0005e-02 1.6366e-03 ] 8.4290e-01
 2.879e+01 1.4804e-01 1.4804e-01 [ 1.2580e-05 3.1966e-02 6.9417e-02 4.5118e-02 1.5255e-03 ] 8.5196e-01
 2.890e+01 1.4021e-01 1.4021e-01 [ 1.1291e-05 3.0790e-02 6.7102e-02 4.0880e-02 1.4236e-03 ] 8.5979e-01
 2.901e+01 1.3346e-01 1.3346e-01 [ 1.0151e-05 2.9733e-02 6.5171e-02 3.7220e-02 1.3308e-03 ] 8.6653e-01
 2.913e+01 1.2769e-01 1.2769e-01 [ 9.1396e-06 2.8781e-02 6.3578e-02 3.4074e-02 1.2465e-03 ] 8.7231e-01
 2.924e+01 1.2276e-01 1.2276e-01 [ 8.2393e-06 2.7918e-02 6.2281e-02 3.1382e-02 1.1704e-03 ] 8.7724e-01
 2.935e+01 1.1857e-01 1.1857e-01 [ 7.4354e-06 2.7132e-02 6.1241e-02 2.9089e-02 1.1020e-03 ] 8.8143e-01
 2.947e+01 1.1503e-01 1.1503e-01 [ 6.7152e-06 2.6410e-02 6.0422e-02 2.7147e-02 1.0411e-03 ] 8.8497e-01
 2.958e+01 1.1205e-01 1.1205e-01 [ 6.0684e-06 2.5744e-02 5.9794e-02 2.5514e-02 9.8732e-04 ] 8.8795e-01
 2.969e+01 1.0955e-01 1.0955e-01 [ 5.4861e-06 2.5124e-02 5.9329e-02 2.4155e-02 9.4029e-04 ] 8.9045e-01
 2.981e+01 1.0749e-01 1.0749e-01 [ 4.9607e-06 2.4541e-02 5.9005e-02 2.3038e-02 8.9979e-04 ] 8.9251e-01
 2.992e+01 1.0580e-01 1.0580e-01 [ 4.4859e-06 2.3991e-02 5.8802e-02 2.2140e-02 8.6563e-04 ] 8.9420e-01
 3.003e+01 1.0445e-01 1.0445e-01 [ 4.0563e-06 2.3468e-02 5.8704e-02 2.1440e-02 8.3764e-04 ] 8.9555e-01
 3.015e+01 1.0341e-01 1.0341e-01 [ 3.6672e-06 2.2968e-02 5.8699e-02 2.0922e-02 8.1574e-04 ] 8.9659e-01
 3.026e+01 1.0264e-01 1.0264e-01 [ 3.3145e-06 2.2487e-02 5.8778e-02 2.0575e-02 7.9986e-04 ] 8.9736e-01
 3.037e+01 1.0214e-01 1.0214e-01 [ 2.9947e-06 2.2023e-02 5.8936e-02 2.0392e-02 7.9002e-04 ] 8.9786e-01
 3.049e+01 1.0191e-01 1.0191e-01 [ 2.7046e-06 2.1575e-02 5.9172e-02 2.0370e-02 7.8626e-04 ] 8.9809e-01
 3.060e+01 1.0193e-01 1.0193e-01 [ 2.4416e-06 2.1141e-02 5.9485e-02 2.0512e-02 7.8871e-04 ] 8.9807e-01
 3.071e+01 1.0223e-01 1.0223e-01 [ 2.2031e-06 2.0722e-02 5.9882e-02 2.0822e-02 7.9752e-04 ] 8.9777e-01
 3.083e+01 1.0281e-01 1.0281e-01 [ 1.9870e-06 2.0317e-02 6.0372e-02 2.1311e-02 8.1294e-04 ] 8.9718e-01
 3.094e+01 1.0373e-01 1.0373e-01 [ 1.7912e-06 1.9928e-02 6.0966e-02 2.1996e-02 8.3524e-04 ] 8.9627e-01
 3.105e+01 1.0500e-01 1.0500e-01 [ 1.6140e-06 1.9555e-02 6.1682e-02 2.2899e-02 8.6480e-04 ] 8.9500e-01
 3.117e+01 1.0669e-01 1.0669e-01 [ 1.4536e-06 1.9200e-02 6.2541e-02 2.4048e-02 9.0202e-04 ] 8.9331e-01
 3.128e+01 1.0887e-01 1.0887e-01 [ 1.3087e-06 1.8866e-02 6.3572e-02 2.5479e-02 9.4742e-04 ] 8.9113e-01
 3.139e+01 1.1160e-01 1.1160e-01 [ 1.1778e-06 1.8555e-02 6.4806e-02 2.7237e-02 1.0015e-03 ] 8.8840e-01
 3.151e+01 1.1500e-01 1.1500e-01 [ 1.0596e-06 1.8269e-02 6.6282e-02 2.9378e-02 1.0651e-03 ] 8.8500e-01
 3.162e+01 1.1917e-01 1.1917e-01 [ 9.5311e-07 1.8013e-02 6.8046e-02 3.1968e-02 1.1387e-03 ] 8.8083e-01
 3.173e+01 1.2425e-01 1.2425e-01 [ 8.5711e-07 1.7788e-02 7.0149e-02 3.5086e-02 1.2232e-03 ] 8.7575e-01
 3.185e+01 1.3039e-01 1.3039e-01 [ 7.7066e-07 1.7598e-02 7.2649e-02 3.8826e-02 1.3195e-03 ] 8.6961e-01
 3.196e+01 1.3778e-01 1.3778e-01 [ 6.9286e-07 1.7446e-02 7.5611e-02 4.3293e-02 1.4284e-03 ] 8.6222e-01
 3.207e+01 1.4660e-01 1.4660e-01 [ 6.2286e-07 1.7335e-02 7.9104e-02 4.8609e-02 1.5509e-03 ] 8.5340e-01
 3.219e+01 1.5706e-01 1.5706e-01 [ 5.5989e-07 1.7267e-02 8.3199e-02 5.4907e-02 1.6878e-03 ] 8.4294e-01
 3.230e+01 1.6938e-01 1.6938e-01 [ 5.0322e-07 1.7241e-02 8.7965e-02 6.2329e-02 1.8399e-03 ] 8.3063e-01
 3.241e+01 1.8375e-01 1.8375e-01 [ 4.5220e-07 1.7258e-02 9.3465e-02 7.1019e-02 2.0077e-03 ] 8.1625e-01
 3.253e+01 2.0037e-01 2.0037e-01 [ 4.0620e-07 1.7314e-02 9.9745e-02 8.1114e-02 2.1915e-03 ] 7.9964e-01
 3.264e+01 2.1935e-01 2.1935e-01 [ 3.6465e-07 1.7403e-02 1.0683e-01 9.2729e-02 2.3910e-03 ] 7.8065e-01
 3.275e+01 2.4076e-01 2.4076e-01 [ 3.2703e-07 1.7516e-02 1.1470e-01 1.0594e-01 2.6055e-03 ] 7.5924e-01
 3.287e+01 2.6454e-01 2.6454e-01 [ 2.9288e-07 1.7640e-02 1.2331e-01 1.2076e-01 2.8331e-03 ] 7.3546e-01
 3.298e+01 2.9049e-01 2.9049e-01 [ 2.6178e-07 1.7760e-02 1.3253e-01 1.3712e-01 3.0714e-03 ] 7.0951e-01
 3.309e+01 3.1825e-01 3.1825e-01 [ 2.3337e-07 1.7857e-02 1.4220e-01 1.5487e-01 3.3169e-03 ] 6.8175e-01
 3.321e+01 3.4731e-01 3.4731e-01 [ 2.0737e-07 1.7910e-02 1.5208e-01 1.7375e-01 3.5651e-03 ] 6.5270e-01
 3.332e+01 3.7698e-01 3.7698e-01 [ 1.8354e-07 1.7901e-02 1.6190e-01 1.9337e-01 3.8113e-03 ] 6.2302e-01
 3.343e+01 4.0652e-01 4.0652e-01 [ 1.6171e-07 1.7812e-02 1.7135e-01 2.1331e-01 4.0501e-03 ] 5.9348e-01
 3.355e+01 4.3512e-01 4.3512e-01 [ 1.4178e-07 1.7632e-02 1.8013e-01 2.3308e-01 4.2766e-03 ] 5.6488e-01
 3.366e+01 4.6203e-01 4.6203e-01 [ 1.2366e-07 1.7355e-02 1.8800e-01 2.5219e-01 4.4868e-03 ] 5.3797e-01
 3.377e+01 4.8661e-01 4.8661e-01 [ 1.0728e-07 1.6982e-02 1.9473e-01 2.7022e-01 4.6775e-03 ] 5.1339e-01
 3.389e+01 5.0837e-01 5.0837e-01 [ 9.2602e-08 1.6521e-02 2.0019e-01 2.8680e-01 4.8469e-03 ] 4.9163e-01
 3.400e+01 5.2700e-01 5.2700e-01 [ 7.9549e-08 1.5985e-02 2.0434e-01 3.0168e-01 4.9946e-03 ] 4.7299e-01
 3.411e+01 5.4237e-01 5.4237e-01 [ 6.8044e-08 1.5387e-02 2.0717e-01 3.1469e-01 5.1210e-03 ] 4.5763e-01
 3.423e+01 5.5443e-01 5.5443e-01 [ 5.7983e-08 1.4745e-02 2.0873e-01 3.2573e-01 5.2272e-03 ] 4.4557e-01
 3.434e+01 5.6321e-01 5.6321e-01 [ 4.9251e-08 1.4073e-02 2.0907e-01 3.3475e-01 5.3144e-03 ] 4.3679e-01
 3.445e+01 5.6874e-01 5.6874e-01 [ 4.1720e-08 1.3384e-02 2.0827e-01 3.4171e-01 5.3836e-03 ] 4.3125e-01
 3.457e+01 5.7103e-01 5.7103e-01 [ 3.5257e-08 1.2685e-02 2.0637e-01 3.4654e-01 5.4353e-03 ] 4.2897e-01
 3.468e+01 5.7000e-01 5.7000e-01 [ 2.9732e-08 1.1983e-02 2.0339e-01 3.4916e-01 5.4692e-03 ] 4.3000e-01
 3.479e+01 5.6551e-01 5.6551e-01 [ 2.5022e-08 1.1282e-02 1.9931e-01 3.4943e-01 5.4842e-03 ] 4.3449e-01
 3.491e+01 5.5734e-01 5.5734e-01 [ 2.1014e-08 1.0581e-02 1.9411e-01 3.4718e-01 5.4781e-03 ] 4.4266e-01
 3.502e+01 5.4525e-01 5.4525e-01 [ 1.7606e-08 9.8798e-03 1.8772e-01 3.4220e-01 5.4481e-03 ] 4.5475e-01
 3.513e+01 5.2901e-01 5.2901e-01 [ 1.4709e-08 9.1768e-03 1.8012e-01 3.3432e-01 5.3908e-03 ] 4.7100e-01
 3.525e+01 5.0849e-01 5.0849e-01 [ 1.2247e-08 8.4718e-03 1.7129e-01 3.2343e-01 5.3030e-03 ] 4.9151e-01
 3.536e+01 4.8376e-01 4.8376e-01 [ 1.0158e-08 7.7664e-03 1.6128e-01 3.0954e-01 5.1824e-03 ] 5.1624e-01
 3.547e+01 4.5515e-01 4.5515e-01 [ 8.3885e-09 7.0649e-03 1.5022e-01 2.9284e-01 5.0277e-03 ] 5.4485e-01
 3.559e+01 4.2327e-01 4.2327e-01 [ 6.8957e-09 6.3743e-03 1.3835e-01 2.7370e-01 4.8402e-03 ] 5.7674e-01
 3.570e+01 3.8898e-01 3.8898e-01 [ 5.6430e-09 5.7041e-03 1.2595e-01 2.5271e-01 4.6231e-03 ] 6.1102e-01
 3.581e+01 3.5337e-01 3.5337e-01 [ 4.5990e-09 5.0647e-03 1.1337e-01 2.3055e-01 4.3818e-03 ] 6.4663e-01
 3.593e+01 3.1755e-01 3.1755e-01 [ 3.7359e-09 4.4660e-03 1.0098e-01 2.0799e-01 4.1233e-03 ] 6.8245e-01
 3.604e+01 2.8261e-01 2.8261e-01 [ 3.0281e-09 3.9164e-03 8.9095e-02 1.8574e-01 3.8552e-03 ] 7.1739e-01
 3.615e+01 2.4945e-01 2.4945e-01 [ 2.4523e-09 3.4211e-03 7.7991e-02 1.6445e-01 3.5849e-03 ] 7.5055e-01
 3.627e+01 2.1872e-01 2.1872e-01 [ 1.9871e-09 2.9827e-03 6.7849e-02 1.4457e-01 3.3189e-03 ] 7.8127e-01
 3.638e+01 1.9087e-01 1.9087e-01 [ 1.6133e-09 2.6006e-03 5.8771e-02 1.2643e-01 3.0624e-03 ] 8.0913e-01
 3.649e+01 1.6606e-01 1.6606e-01 [ 1.3139e-09 2.2720e-03 5.0786e-02 1.1018e-01 2.8193e-03 ] 8.3394e-01
 3.661e+01 1.4429e-01 1.4429e-01 [ 1.0745e-09 1.9925e-03 4.3864e-02 9.5842e-02 2.5918e-03 ] 8.5571e-01
 3.672e+01 1.2543e-01 1.2543e-01 [ 8.8294e-10 1.7568e-03 3.7937e-02 8.3355e-02 2.3812e-03 ] 8.7457e-01
 3.683e+01 1.0925e-01 1.0925e-01 [ 7.2930e-10 1.5592e-03 3.2912e-02 7.2589e-02 2.1879e-03 ] 8.9075e-01
 3.695e+01 9.5470e-02 9.5470e-02 [ 6.0561e-10 1.3942e-03 2.8685e-02 6.3379e-02 2.0115e-03 ] 9.0453e-01
 3.706e+01 8.3806e-02 8.3806e-02 [ 5.0550e-10 1.2568e-03 2.5152e-02 5.5546e-02 1.8513e-03 ] 9.1619e-01
 3.717e+01 7.3974e-02 7.3974e-02 [ 4.2399e-10 1.1421e-03 2.2211e-02 4.8914e-02 1.7063e-03 ] 9.2603e-01
 3.729e+01 6.5712e-02 6.5712e-02 [ 3.5719e-10 1.0464e-03 1.9774e-02 4.3316e-02 1.5754e-03 ] 9.3429e-01
 3.740e+01 5.8782e-02 5.8782e-02 [ 3.0208e-10 9.6603e-04 1.7759e-02 3.8599e-02 1.4572e-03 ] 9.4122e-01
 3.751e+01 5.2976e-02 5.2976e-02 [ 2.5631e-10 8.9829e-04 1.6097e-02 3.4630e-02 1.3508e-03 ] 9.4702e-01
 3.763e+01 4.8114e-02 4.8114e-02 [ 2.1806e-10 8.4074e-04 1.4728e-02 3.1291e-02 1.2549e-03 ] 9.5189e-01
 3.774e+01 4.4043e-02 4.4043e-02 [ 1.8592e-10 7.9145e-04 1.3601e-02 2.8482e-02 1.1686e-03 ] 9.5596e-01
 3.785e+01 4.0634e-02 4.0634e-02 [ 1.5877e-10 7.4881e-04 1.2675e-02 2.6120e-02 1.0909e-03 ] 9.5937e-01
 3.797e+01 3.7779e-02 3.7779e-02 [ 1.3575e-10 7.1154e-04 1.1914e-02 2.4132e-02 1.0209e-03 ] 9.6222e-01
 3.808e+01 3.5386e-02 3.5386e-02 [ 1.1615e-10 6.7859e-04 1.1290e-02 2.2459e-02 9.5785e-04 ] 9.6462e-01
 3.819e+01 3.3381e-02 3.3381e-02 [ 9.9409e-11 6.4912e-04 1.0779e-02 2.1051e-02 9.0104e-04 ] 9.6662e-01
 3.831e+01 3.1701e-02 3.1701e-02 [ 8.5086e-11 6.2246e-04 1.0362e-02 1.9867e-02 8.4984e-04 ] 9.6830e-01
 3.842e+01 3.0295e-02 3.0295e-02 [ 7.2810e-11 5.9807e-04 1.0021e-02 1.8872e-02 8.0369e-04 ] 9.6971e-01
 3.853e+01 2.9119e-02 2.9119e-02 [ 6.2274e-11 5.7550e-04 9.7431e-03 1.8038e-02 7.6208e-04 ] 9.7088e-01
 3.865e+01 2.8138e-02 2.8138e-02 [ 5.3225e-11 5.5442e-04 9.5180e-03 1.7341e-02 7.2457e-04 ] 9.7186e-01
 3.876e+01 2.7322e-02 2.7322e-02 [ 4.5453e-11 5.3455e-04 9.3362e-03 1.6761e-02 6.9075e-04 ] 9.7268e-01
 3.887e+01 2.6647e-02 2.6647e-02 [ 3.8776e-11 5.1567e-04 9.1900e-03 1.6281e-02 6.6026e-04 ] 9.7335e-01
 3.899e+01 2.6092e-02 2.6092e-02 [ 3.3042e-11 4.9760e-04 9.0733e-03 1.5888e-02 6.3279e-04 ] 9.7391e-01
 3.910e+01 2.5640e-02 2.5640e-02 [ 2.8122e-11 4.8020e-04 8.9807e-03 1.5571e-02 6.0804e-04 ] 9.7436e-01
 3.921e+01 2.5275e-02 2.5275e-02 [ 2.3902e-11 4.6338e-04 8.9078e-03 1.5318e-02 5.8575e-04 ] 9.7473e-01
 3.933e+01 2.4987e-02 2.4987e-02 [ 2.0287e-11 4.4704e-04 8.8510e-03 1.5123e-02 5.6571e-04 ] 9.7501e-01
 3.944e+01 2.4764e-02 2.4764e-02 [ 1.7194e-11 4.3112e-04 8.8070e-03 1.4978e-02 5.4769e-04 ] 9.7524e-01
 3.955e+01 2.4598e-02 2.4598e-02 [ 1.4551e-11 4.1557e-04 8.7734e-03 1.4877e-02 5.3152e-04 ] 9.7540e-01
 3.967e+01 2.4480e-02 2.4480e-02 [ 1.2295e-11 4.0035e-04 8.7477e-03 1.4815e-02 5.1702e-04 ] 9.7552e-01
 3.978e+01 2.4405e-02 2.4405e-02 [ 1.0372e-11 3.8544e-04 8.7281e-03 1.4787e-02 5.0404e-04 ] 9.7560e-01
 3.989e+01 2.4366e-02 2.4366e-02 [ 8.7355e-12 3.7082e-04 8.7128e-03 1.4790e-02 4.9245e-04 ] 9.7563e-01
 4.001e+01 2.4359e-02 2.4359e-02 [ 7.3454e-12 3.5648e-04 8.7005e-03 1.4820e-02 4.8211e-04 ] 9.7564e-01
 4.012e+01 2.4379e-02 2.4379e-02 [ 6.1662e-12 3.4241e-04 8.6899e-03 1.4874e-02 4.7291e-04 ] 9.7562e-01
 4.023e+01 2.4423e-02 2.4423e-02 [ 5.1677e-12 3.2860e-04 8.6798e-03 1.4950e-02 4.6476e-04 ] 9.7558e-01
 4.035e+01 2.4485e-02 2.4485e-02 [ 4.3236e-12 3.1506e-04 8.6693e-03 1.5043e-02 4.5754e-04 ] 9.7552e-01
 4.046e+01 2.4564e-02 2.4564e-02 [ 3.6112e-12 3.0179e-04 8.6576e-03 1.5154e-02 4.5118e-04 ] 9.7544e-01
 4.057e+01 2.4657e-02 2.4657e-02 [ 3.0110e-12 2.8880e-04 8.6439e-03 1.5278e-02 4.4560e-04 ] 9.7534e-01
 4.069e+01 2.4760e-02 2.4760e-02 [ 2.5064e-12 2.7608e-04 8.6275e-03 1.5415e-02 4.4071e-04 ] 9.7524e-01
 4.080e+01 2.4870e-02 2.4870e-02 [ 2.0827e-12 2.6365e-04 8.6077e-03 1.5562e-02 4.3645e-04 ] 9.7513e-01
 4.091e+01 2.4987e-02 2.4987e-02 [ 1.7277e-12 2.5152e-04 8.5842e-03 1.5718e-02 4.3276e-04 ] 9.7501e-01
 4.103e+01 2.5106e-02 2.5106e-02 [ 1.4307e-12 2.3968e-04 8.5564e-03 1.5881e-02 4.2957e-04 ] 9.7489e-01
 4.114e+01 2.5227e-02 2.5227e-02 [ 1.1827e-12 2.2815e-04 8.5240e-03 1.6048e-02 4.2683e-04 ] 9.7477e-01
 4.125e+01 2.5347e-02 2.5347e-02 [ 9.7608e-13 2.1693e-04 8.4864e-03 1.6219e-02 4.2449e-04 ] 9.7465e-01
 4.137e+01 2.5465e-02 2.5465e-02 [ 8.0415e-13 2.0603e-04 8.4436e-03 1.6392e-02 4.2250e-04 ] 9.7454e-01
 4.148e+01 2.5577e-02 2.5577e-02 [ 6.6138e-13 1.9545e-04 8.3951e-03 1.6566e-02 4.2081e-04 ] 9.7442e-01
 4.159e+01 2.5683e-02 2.5683e-02 [ 5.4302e-13 1.8520e-04 8.3408e-03 1.6738e-02 4.1939e-04 ] 9.7432e-01
 4.171e+01 2.5782e-02 2.5782e-02 [ 4.4509e-13 1.7529e-04 8.2805e-03 1.6908e-02 4.1818e-04 ] 9.7422e-01
 4.182e+01 2.5870e-02 2.5870e-02 [ 3.6419e-13 1.6571e-04 8.2141e-03 1.7073e-02 4.1715e-04 ] 9.7413e-01
 4.193e+01 2.5948e-02 2.5948e-02 [ 2.9750e-13 1.5647e-04 8.1415e-03 1.7233e-02 4.1627e-04 ] 9.7405e-01
 4.205e+01 2.6013e-02 2.6013e-02 [ 2.4261e-13 1.4757e-04 8.0626e-03 1.7387e-02 4.1551e-04 ] 9.7399e-01
 4.216e+01 2.6064e-02 2.6064e-02 [ 1.9752e-13 1.3901e-04 7.9774e-03 1.7533e-02 4.1483e-04 ] 9.7394e-01
 4.227e+01 2.6100e-02 2.6100e-02 [ 1.6053e-13 1.3078e-04 7.8860e-03 1.7669e-02 4.1420e-04 ] 9.7390e-01
 4.239e+01 2.6120e-02 2.6120e-02 [ 1.3026e-13 1.2290e-04 7.7884e-03 1.7795e-02 4.1360e-04 ] 9.7388e-01
 4.250e+01 2.6123e-02 2.6123e-02 [ 1.0552e-13 1.1535e-04 7.6848e-03 1.7910e-02 4.1300e-04 ] 9.7388e-01
 4.261e+01 2.6108e-02 2.6108e-02 [ 8.5338e-14 1.0814e-04 7.5752e-03 1.8012e-02 4.1237e-04 ] 9.7389e-01
 4.273e+01 2.6074e-02 2.6074e-02 [ 6.8903e-14 1.0125e-04 7.4599e-03 1.8101e-02 4.1170e-04 ] 9.7393e-01
 4.284e+01 2.6020e-02 2.6020e-02 [ 5.5543e-14 9.4683e-05 7.3390e-03 1.8176e-02 4.1097e-04 ] 9.7398e-01
 4.295e+01 2.5947e-02 2.5947e-02 [ 4.4701e-14 8.8437e-05 7.2128e-03 1.8235e-02 4.1015e-04 ] 9.7405e-01
 4.307e+01 2.5853e-02 2.5853e-02 [ 3.5918e-14 8.2503e-05 7.0816e-03 1.8280e-02 4.0923e-04 ] 9.7415e-01
 4.318e+01 2.5738e-02 2.5738e-02 [ 2.8814e-14 7.6874e-05 6.9456e-03 1.8308e-02 4.0820e-04 ] 9.7426e-01
 4.329e+01 2.5603e-02 2.5603e-02 [ 2.3079e-14 7.1542e-05 6.8051e-03 1.8319e-02 4.0703e-04 ] 9.7440e-01
 4.341e+01 2.5447e-02 2.5447e-02 [ 1.8456e-14 6.6500e-05 6.6606e-03 1.8314e-02 4.0573e-04 ] 9.7455e-01
 4.352e+01 2.5270e-02 2.5270e-02 [ 1.4737e-14 6.1739e-05 6.5123e-03 1.8291e-02 4.0428e-04 ] 9.7473e-01
 4.363e+01 2.5072e-02 2.5072e-02 [ 1.1748e-14 5.7251e-05 6.3606e-03 1.8251e-02 4.0266e-04 ] 9.7493e-01
 4.375e+01 2.4854e-02 2.4854e-02 [ 9.3517e-15 5.3026e-05 6.2059e-03 1.8194e-02 4.0088e-04 ] 9.7515e-01
 4.386e+01 2.4616e-02 2.4616e-02 [ 7.4327e-15 4.9055e-05 6.0486e-03 1.8119e-02 3.9892e-04 ] 9.7538e-01
 4.397e+01 2.4358e-02 2.4358e-02 [ 5.8986e-15 4.5328e-05 5.8891e-03 1.8027e-02 3.9678e-04 ] 9.7564e-01
 4.409e+01 2.4082e-02 2.4082e-02 [ 4.6742e-15 4.1835e-05 5.7278e-03 1.7918e-02 3.9446e-04 ] 9.7592e-01
 4.420e+01 2.3788e-02 2.3788e-02 [ 3.6985e-15 3.8567e-05 5.5651e-03 1.7792e-02 3.9195e-04 ] 9.7621e-01
 4.431e+01 2.3476e-02 2.3476e-02 [ 2.9222e-15 3.5513e-05 5.4014e-03 1.7650e-02 3.8926e-04 ] 9.7652e-01
 4.443e+01 2.3148e-02 2.3148e-02 [ 2.3055e-15 3.2664e-05 5.2370e-03 1.7492e-02 3.8638e-04 ] 9.7685e-01
 4.454e+01 2.2805e-02 2.2805e-02 [ 1.8164e-15 3.0010e-05 5.0725e-03 1.7319e-02 3.8331e-04 ] 9.7720e-01
 4.465e+01 2.2447e-02 2.2447e-02 [ 1.4290e-15 2.7541e-05 4.9081e-03 1.7131e-02 3.8006e-04 ] 9.7755e-01
 4.477e+01 2.2075e-02 2.2075e-02 [ 1.1226e-15 2.5247e-05 4.7442e-03 1.6929e-02 3.7663e-04 ] 9.7792e-01
 4.488e+01 2.1691e-02 2.1691e-02 [ 8.8076e-16 2.3119e-05 4.5812e-03 1.6714e-02 3.7303e-04 ] 9.7831e-01
 4.499e+01 2.1296e-02 2.1296e-02 [ 6.9004e-16 2.1147e-05 4.4194e-03 1.6486e-02 3.6925e-04 ] 9.7870e-01
 4.511e+01 2.0890e-02 2.0890e-02 [ 5.3990e-16 1.9323e-05 4.2592e-03 1.6247e-02 3.6530e-04 ] 9.7911e-01
 4.522e+01 2.0476e-02 2.0476e-02 [ 4.2186e-16 1.7638e-05 4.1007e-03 1.5996e-02 3.6119e-04 ] 9.7952e-01
 4.533e+01 2.0053e-02 2.0053e-02 [ 3.2919e-16 1.6083e-05 3.9444e-03 1.5735e-02 3.5692e-04 ] 9.7995e-01
 4.545e+01 1.9623e-02 1.9623e-02 [ 2.5655e-16 1.4650e-05 3.7905e-03 1.5465e-02 3.5251e-04 ] 9.8038e-01
 4.556e+01 1.9187e-02 1.9187e-02 [ 1.9967e-16 1.3331e-05 3.6391e-03 1.5187e-02 3.4795e-04 ] 9.8081e-01
 4.567e+01 1.8747e-02 1.8747e-02 [ 1.5521e-16 1.2119e-05 3.4907e-03 1.4901e-02 3.4326e-04 ] 9.8125e-01
 4.579e+01 1.8303e-02 1.8303e-02 [ 1.2050e-16 1.1006e-05 3.3452e-03 1.4608e-02 3.3844e-04 ] 9.8170e-01
 4.590e+01 1.7856e-02 1.7856e-02 [ 9.3430e-17 9.9855e-06 3.2029e-03 1.4310e-02 3.3350e-04 ] 9.8214e-01
 4.601e+01 1.7407e-02 1.7407e-02 [ 7.2354e-17 9.0510e-06 3.0640e-03 1.4006e-02 3.2846e-04 ] 9.8259e-01
 4.613e+01 1.6958e-02 1.6958e-02 [ 5.5964e-17 8.1962e-06 2.9286e-03 1.3698e-02 3.2331e-04 ] 9.8304e-01
 4.624e+01 1.6509e-02 1.6509e-02 [ 4.3235e-17 7.4152e-06 2.7968e-03 1.3386e-02 3.1807e-04 ] 9.8349e-01
 4.635e+01 1.6061e-02 1.6061e-02 [ 3.3361e-17 6.7024e-06 2.6687e-03 1.3072e-02 3.1275e-04 ] 9.8394e-01
 4.647e+01 1.5614e-02 1.5614e-02 [ 2.5712e-17 6.0526e-06 2.5444e-03 1.2756e-02 3.0734e-04 ] 9.8439e-01
 4.658e+01 1.5170e-02 1.5170e-02 [ 1.9793e-17 5.4609e-06 2.4239e-03 1.2439e-02 3.0188e-04 ] 9.8483e-01
 4.669e+01 1.4730e-02 1.4730e-02 [ 1.5220e-17 4.9227e-06 2.3073e-03 1.2121e-02 2.9635e-04 ] 9.8527e-01
 4.681e+01 1.4293e-02 1.4293e-02 [ 1.1689e-17 4.4336e-06 2.1946e-03 1.1803e-02 2.9077e-04 ] 9.8571e-01
 4.692e+01 1.3861e-02 1.3861e-02 [ 8.9678e-18 3.9897e-06 2.0858e-03 1.1486e-02 2.8515e-04 ] 9.8614e-01
 4.703e+01 1.3434e-02 1.3434e-02 [ 6.8721e-18 3.5872e-06 1.9809e-03 1.1170e-02 2.7949e-04 ] 9.8657e-01
 4.715e+01 1.3012e-02 1.3012e-02 [ 5.2603e-18 3.2225e-06 1.8798e-03 1.0856e-02 2.7381e-04 ] 9.8699e-01
 4.726e+01 1.2597e-02 1.2597e-02 [ 4.0221e-18 2.8925e-06 1.7827e-03 1.0544e-02 2.6810e-04 ] 9.8740e-01
 4.737e+01 1.2188e-02 1.2188e-02 [ 3.0720e-18 2.5942e-06 1.6893e-03 1.0234e-02 2.6239e-04 ] 9.8781e-01
 4.749e+01 1.1787e-02 1.1787e-02 [ 2.3438e-18 2.3247e-06 1.5997e-03 9.9279e-03 2.5667e-04 ] 9.8821e-01
 4.760e+01 1.1392e-02 1.1392e-02 [ 1.7862e-18 2.0816e-06 1.5138e-03 9.6251e-03 2.5095e-04 ] 9.8861e-01
 4.771e+01 1.1005e-02 1.1005e-02 [ 1.3599e-18 1.8624e-06 1.4315e-03 9.3262e-03 2.4524e-04 ] 9.8900e-01
 4.783e+01 1.0626e-02 1.0626e-02 [ 1.0342e-18 1.6649e-06 1.3528e-03 9.0315e-03 2.3954e-04 ] 9.8937e-01
 4.794e+01 1.0254e-02 1.0254e-02 [ 7.8566e-19 1.4872e-06 1.2776e-03 8.7413e-03 2.3387e-04 ] 9.8975e-01
 4.805e+01 9.8910e-03 9.8910e-03 [ 5.9623e-19 1.3275e-06 1.2057e-03 8.4558e-03 2.2822e-04 ] 9.9011e-01
 4.817e+01 9.5362e-03 9.5362e-03 [ 4.5201e-19 1.1840e-06 1.1372e-03 8.1752e-03 2.2261e-04 ] 9.9046e-01
 4.828e+01 9.1898e-03 9.1898e-03 [ 3.4231e-19 1.0552e-06 1.0719e-03 7.8999e-03 2.1703e-04 ] 9.9081e-01
 4.839e+01 8.8519e-03 8.8519e-03 [ 2.5897e-19 9.3973e-07 1.0097e-03 7.6298e-03 2.1150e-04 ] 9.9115e-01
 4.851e+01 8.5226e-03 8.5226e-03 [ 1.9572e-19 8.3626e-07 9.5047e-04 7.3653e-03 2.0601e-04 ] 9.9148e-01
 4.862e+01 8.2019e-03 8.2019e-03 [ 1.4777e-19 7.4362e-07 8.9421e-04 7.1064e-03 2.0057e-04 ] 9.9180e-01
 4.873e+01 7.8899e-03 7.8899e-03 [ 1.1145e-19 6.6076e-07 8.4077e-04 6.8533e-03 1.9519e-04 ] 9.9211e-01
 4.885e+01 7.5864e-03 7.5864e-03 [ 8.3974e-20 5.8670e-07 7.9005e-04 6.6059e-03 1.8987e-04 ] 9.9241e-01
 4.896e+01 7.2916e-03 7.2916e-03 [ 6.3207e-20 5.2056e-07 7.4195e-04 6.3645e-03 1.8461e-04 ] 9.9271e-01
 4.907e+01 7.0052e-03 7.0052e-03 [ 4.7529e-20 4.6154e-07 6.9637e-04 6.1290e-03 1.7942e-04 ] 9.9299e-01
 4.919e+01 6.7274e-03 6.7274e-03 [ 3.5703e-20 4.0892e-07 6.5322e-04 5.8995e-03 1.7430e-04 ] 9.9327e-01
 4.930e+01 6.4579e-03 6.4579e-03 [ 2.6793e-20 3.6204e-07 6.1238e-04 5.6759e-03 1.6925e-04 ] 9.9354e-01
 4.941e+01 6.1968e-03 6.1968e-03 [ 2.0087e-20 3.2030e-07 5.7378e-04 5.4584e-03 1.6428e-04 ] 9.9380e-01
 4.953e+01 5.9438e-03 5.9438e-03 [ 1.5044e-20 2.8318e-07 5.3730e-04 5.2468e-03 1.5938e-04 ] 9.9406e-01
 4.964e+01 5.6989e-03 5.6989e-03 [ 1.1256e-20 2.5018e-07 5.0286e-04 5.0413e-03 1.5457e-04 ] 9.9430e-01
 4.975e+01 5.4620e-03 5.4620e-03 [ 8.4140e-21 2.2087e-07 4.7037e-04 4.8416e-03 1.4983e-04 ] 9.9454e-01
 4.987e+01 5.2329e-03 5.2329e-03 [ 6.2832e-21 1.9486e-07 4.3974e-04 4.6478e-03 1.4518e-04 ] 9.9477e-01
 4.998e+01 5.0115e-03 5.0115e-03 [ 4.6874e-21 1.7179e-07 4.1087e-04 4.4598e-03 1.4062e-04 ] 9.9499e-01
 5.009e+01 4.7977e-03 4.7977e-03 [ 3.4935e-21 1.5135e-07 3.8370e-04 4.2777e-03 1.3614e-04 ] 9.9520e-01
 5.021e+01 4.5912e-03 4.5912e-03 [ 2.6011e-21 1.3324e-07 3.5812e-04 4.1012e-03 1.3175e-04 ] 9.9541e-01
 5.032e+01 4.3919e-03 4.3919e-03 [ 1.9348e-21 1.1722e-07 3.3408e-04 3.9303e-03 1.2745e-04 ] 9.9561e-01
 5.043e+01 4.1998e-03 4.1998e-03 [ 1.4378e-21 1.0306e-07 3.1148e-04 3.7650e-03 1.2324e-04 ] 9.9580e-01
 5.055e+01 4.0146e-03 4.0146e-03 [ 1.0674e-21 9.0547e-08 2.9025e-04 3.6051e-03 1.1911e-04 ] 9.9599e-01
 5.066e+01 3.8361e-03 3.8361e-03 [ 7.9169e-22 7.9497e-08 2.7033e-04 3.4506e-03 1.1508e-04 ] 9.9616e-01
 5.077e+01 3.6642e-03 3.6642e-03 [ 5.8662e-22 6.9748e-08 2.5165e-04 3.3013e-03 1.1114e-04 ] 9.9634e-01
 5.089e+01 3.4987e-03 3.4987e-03 [ 4.3425e-22 6.1153e-08 2.3413e-04 3.1572e-03 1.0729e-04 ] 9.9650e-01
 5.100e+01 3.3395e-03 3.3395e-03 [ 3.2114e-22 5.3581e-08 2.1772e-04 3.0182e-03 1.0353e-04 ] 9.9666e-01
 5.111e+01 3.1864e-03 3.1864e-03 [ 2.3727e-22 4.6915e-08 2.0236e-04 2.8841e-03 9.9868e-05 ] 9.9681e-01
 5.123e+01 3.0392e-03 3.0392e-03 [ 1.7514e-22 4.1050e-08 1.8798e-04 2.7549e-03 9.6292e-05 ] 9.9696e-01
 5.134e+01 2.8977e-03 2.8977e-03 [ 1.2915e-22 3.5894e-08 1.7453e-04 2.6304e-03 9.2807e-05 ] 9.9710e-01
 5.145e+01 2.7619e-03 2.7619e-03 [ 9.5149e-23 3.1365e-08 1.6197e-04 2.5105e-03 8.9412e-05 ] 9.9724e-01
 5.157e+01 2.6315e-03 2.6315e-03 [ 7.0032e-23 2.7388e-08 1.5023e-04 2.3951e-03 8.6106e-05 ] 9.9737e-01
 5.168e+01 2.5063e-03 2.5063e-03 [ 5.1496e-23 2.3900e-08 1.3927e-04 2.2841e-03 8.2890e-05 ] 9.9749e-01
 5.179e+01 2.3862e-03 2.3862e-03 [ 3.7830e-23 2.0842e-08 1.2905e-04 2.1774e-03 7.9763e-05 ] 9.9761e-01
 5.191e+01 2.2711e-03 2.2711e-03 [ 2.7765e-23 1.8163e-08 1.1951e-04 2.0749e-03 7.6722e-05 ] 9.9773e-01
 5.202e+01 2.1608e-03 2.1608e-03 [ 2.0358e-23 1.5818e-08 1.1062e-04 1.9764e-03 7.3769e-05 ] 9.9784e-01
 5.213e+01 2.0551e-03 2.0551e-03 [ 1.4913e-23 1.3767e-08 1.0235e-04 1.8818e-03 7.0901e-05 ] 9.9794e-01
 5.225e+01 1.9538e-03 1.9538e-03 [ 1.0914e-23 1.1973e-08 9.4642e-05 1.7911e-03 6.8117e-05 ] 9.9805e-01
 5.236e+01 1.8570e-03 1.8570e-03 [ 7.9802e-24 1.0407e-08 8.7473e-05 1.7041e-03 6.5418e-05 ] 9.9814e-01
 5.247e+01 1.7642e-03 1.7642e-03 [ 5.8294e-24 9.0390e-09 8.0807e-05 1.6206e-03 6.2800e-05 ] 9.9824e-01
 5.259e+01 1.6756e-03 1.6756e-03 [ 4.2543e-24 7.8459e-09 7.4612e-05 1.5407e-03 6.0264e-05 ] 9.9832e-01
 5.270e+01 1.5908e-03 1.5908e-03 [ 3.1019e-24 6.8058e-09 6.8857e-05 1.4641e-03 5.7807e-05 ] 9.9841e-01
 5.281e+01 1.5098e-03 1.5098e-03 [ 2.2595e-24 5.8997e-09 6.3515e-05 1.3908e-03 5.5429e-05 ] 9.9849e-01
 5.293e+01 1.4324e-03 1.4324e-03 [ 1.6444e-24 5.1108e-09 5.8558e-05 1.3207e-03 5.3128e-05 ] 9.9857e-01
 5.304e+01 1.3585e-03 1.3585e-03 [ 1.1956e-24 4.4246e-09 5.3962e-05 1.2536e-03 5.0902e-05 ] 9.9864e-01
 5.315e+01 1.2880e-03 1.2880e-03 [ 8.6852e-25 3.8280e-09 4.9702e-05 1.1895e-03 4.8751e-05 ] 9.9871e-01
 5.327e+01 1.2207e-03 1.2207e-03 [ 6.3032e-25 3.3096e-09 4.5755e-05 1.1282e-03 4.6673e-05 ] 9.9878e-01
 5.338e+01 1.1565e-03 1.1565e-03 [ 4.5703e-25 2.8596e-09 4.2102e-05 1.0697e-03 4.4666e-05 ] 9.9884e-01
 5.349e+01 1.0953e-03 1.0953e-03 [ 3.3107e-25 2.4692e-09 3.8721e-05 1.0138e-03 4.2729e-05 ] 9.9890e-01
 5.361e+01 1.0370e-03 1.0370e-03 [ 2.3961e-25 2.1307e-09 3.5594e-05 9.6051e-04 4.0860e-05 ] 9.9896e-01
 5.372e+01 9.8141e-04 9.8141e-04 [ 1.7326e-25 1.8374e-09 3.2704e-05 9.0965e-04 3.9058e-05 ] 9.9902e-01
 5.383e+01 9.2852e-04 9.2852e-04 [ 1.2516e-25 1.5835e-09 3.0034e-05 8.6116e-04 3.7321e-05 ] 9.9907e-01
 5.395e+01 8.7817e-04 8.7817e-04 [ 9.0337e-26 1.3638e-09 2.7569e-05 8.1496e-04 3.5647e-05 ] 9.9912e-01
 5.406e+01 8.3027e-04 8.3027e-04 [ 6.5142e-26 1.1738e-09 2.5293e-05 7.7094e-04 3.4036e-05 ] 9.9917e-01
 5.417e+01 7.8471e-04 7.8471e-04 [ 4.6931e-26 1.0096e-09 2.3195e-05 7.2903e-04 3.2485e-05 ] 9.9922e-01
 5.429e+01 7.4140e-04 7.4140e-04 [ 3.3781e-26 8.6785e-10 2.1260e-05 6.8914e-04 3.0993e-05 ] 9.9926e-01
 5.440e+01 7.0023e-04 7.0023e-04 [ 2.4293e-26 7.4552e-10 1.9477e-05 6.5120e-04 2.9558e-05 ] 9.9930e-01
 5.451e+01 6.6113e-04 6.6113e-04 [ 1.7454e-26 6.4003e-10 1.7836e-05 6.1511e-04 2.8179e-05 ] 9.9934e-01
 5.463e+01 6.2399e-04 6.2399e-04 [ 1.2530e-26 5.4911e-10 1.6324e-05 5.8082e-04 2.6854e-05 ] 9.9938e-01
 5.474e+01 5.8875e-04 5.8875e-04 [ 8.9864e-27 4.7081e-10 1.4934e-05 5.4823e-04 2.5581e-05 ] 9.9941e-01
 5.485e+01 5.5530e-04 5.5530e-04 [ 6.4393e-27 4.0342e-10 1.3656e-05 5.1728e-04 2.4360e-05 ] 9.9944e-01
 5.497e+01 5.2358e-04 5.2358e-04 [ 4.6101e-27 3.4546e-10 1.2481e-05 4.8791e-04 2.3189e-05 ] 9.9948e-01
 5.508e+01 4.9350e-04 4.9350e-04 [ 3.2976e-27 2.9564e-10 1.1402e-05 4.6003e-04 2.2065e-05 ] 9.9951e-01
 5.519e+01 4.6499e-04 4.6499e-04 [ 2.3566e-27 2.5285e-10 1.0411e-05 4.3359e-04 2.0988e-05 ] 9.9953e-01
 5.531e+01 4.3798e-04 4.3798e-04 [ 1.6827e-27 2.1612e-10 9.5023e-06 4.0853e-04 1.9956e-05 ] 9.9956e-01
 5.542e+01 4.1241e-04 4.1241e-04 [ 1.2004e-27 1.8461e-10 8.6686e-06 3.8477e-04 1.8968e-05 ] 9.9959e-01
 5.553e+01 3.8819e-04 3.8819e-04 [ 8.5563e-28 1.5759e-10 7.9043e-06 3.6227e-04 1.8021e-05 ] 9.9961e-01
 5.565e+01 3.6528e-04 3.6528e-04 [ 6.0933e-28 1.3445e-10 7.2041e-06 3.4096e-04 1.7116e-05 ] 9.9963e-01
 5.576e+01 3.4360e-04 3.4360e-04 [ 4.3356e-28 1.1463e-10 6.5628e-06 3.2079e-04 1.6250e-05 ] 9.9966e-01
 5.587e+01 3.2311e-04 3.2311e-04 [ 3.0822e-28 9.7676e-11 5.9759e-06 3.0171e-04 1.5423e-05 ] 9.9968e-01
 5.599e+01 3.0373e-04 3.0373e-04 [ 2.1892e-28 8.3177e-11 5.4390e-06 2.8366e-04 1.4632e-05 ] 9.9970e-01
 5.610e+01 2.8542e-04 2.8542e-04 [ 1.5536e-28 7.0788e-11 4.9480e-06 2.6660e-04 1.3876e-05 ] 9.9971e-01
 5.621e+01 2.6813e-04 2.6813e-04 [ 1.1016e-28 6.0207e-11 4.4993e-06 2.5048e-04 1.3155e-05 ] 9.9973e-01
 5.633e+01 2.5180e-04 2.5180e-04 [ 7.8046e-29 5.1177e-11 4.0895e-06 2.3525e-04 1.2466e-05 ] 9.9975e-01
 5.644e+01 2.3639e-04 2.3639e-04 [ 5.5244e-29 4.3475e-11 3.7152e-06 2.2087e-04 1.1809e-05 ] 9.9976e-01
 5.655e+01 2.2185e-04 2.2185e-04 [ 3.9071e-29 3.6910e-11 3.3737e-06 2.0729e-04 1.1183e-05 ] 9.9978e-01
 5.667e+01 2.0814e-04 2.0814e-04 [ 2.7609e-29 3.1317e-11 3.0623e-06 1.9449e-04 1.0586e-05 ] 9.9979e-01
 5.678e+01 1.9521e-04 1.9521e-04 [ 1.9493e-29 2.6556e-11 2.7783e-06 1.8241e-04 1.0018e-05 ] 9.9980e-01
 5.689e+01 1.8302e-04 1.8302e-04 [ 1.3751e-29 2.2506e-11 2.5195e-06 1.7103e-04 9.4761e-06 ] 9.9982e-01
 5.701e+01 1.7154e-04 1.7154e-04 [ 9.6926e-30 1.9061e-11 2.2838e-06 1.6030e-04 8.9606e-06 ] 9.9983e-01
 5.712e+01 1.6073e-04 1.6073e-04 [ 6.8261e-30 1.6135e-11 2.0693e-06 1.5019e-04 8.4700e-06 ] 9.9984e-01
 5.723e+01 1.5055e-04 1.5055e-04 [ 4.8033e-30 1.3650e-11 1.8741e-06 1.4067e-04 8.0034e-06 ] 9.9985e-01
 5.735e+01 1.4097e-04 1.4097e-04 [ 3.3771e-30 1.1540e-11 1.6965e-06 1.3171e-04 7.5598e-06 ] 9.9986e-01
 5.746e+01 1.3196e-04 1.3196e-04 [ 2.3724e-30 9.7513e-12 1.5351e-06 1.2328e-04 7.1382e-06 ] 9.9987e-01
 5.757e+01 1.2348e-04 1.2348e-04 [ 1.6652e-30 8.2349e-12 1.3884e-06 1.1536e-04 6.7378e-06 ] 9.9988e-01
 5.769e+01 1.1551e-04 1.1551e-04 [ 1.1679e-30 6.9502e-12 1.2553e-06 1.0790e-04 6.3575e-06 ] 9.9988e-01
 5.780e+01 1.0803e-04 1.0803e-04 [ 8.1841e-31 5.8625e-12 1.1344e-06 1.0090e-04 5.9965e-06 ] 9.9989e-01
 5.791e+01 1.0099e-04 1.0099e-04 [ 5.7304e-31 4.9422e-12 1.0247e-06 9.4314e-05 5.6541e-06 ] 9.9990e-01
 5.803e+01 9.4386e-05 9.4386e-05 [ 4.0091e-31 4.1640e-12 9.2516e-07 8.8132e-05 5.3293e-06 ] 9.9991e-01
 5.814e+01 8.8185e-05 8.8185e-05 [ 2.8025e-31 3.5063e-12 8.3498e-07 8.2328e-05 5.0214e-06 ] 9.9991e-01
 5.825e+01 8.2365e-05 8.2365e-05 [ 1.9575e-31 2.9509e-12 7.5326e-07 7.6882e-05 4.7296e-06 ] 9.9992e-01
 5.837e+01 7.6905e-05 7.6905e-05 [ 1.3662e-31 2.4820e-12 6.7925e-07 7.1773e-05 4.4532e-06 ] 9.9992e-01
 5.848e+01 7.1785e-05 7.1785e-05 [ 9.5269e-32 2.0864e-12 6.1226e-07 6.6981e-05 4.1914e-06 ] 9.9993e-01
 5.859e+01 6.6985e-05 6.6985e-05 [ 6.6383e-32 1.7529e-12 5.5164e-07 6.2489e-05 3.9437e-06 ] 9.9993e-01
 5.871e+01 6.2486e-05 6.2486e-05 [ 4.6218e-32 1.4719e-12 4.9681e-07 5.8280e-05 3.7094e-06 ] 9.9994e-01
 5.882e+01 5.8272e-05 5.8272e-05 [ 3.2153e-32 1.2352e-12 4.4725e-07 5.4337e-05 3.4877e-06 ] 9.9994e-01
 5.893e+01 5.4325e-05 5.4325e-05 [ 2.2351e-32 1.0360e-12 4.0246e-07 5.0644e-05 3.2781e-06 ] 9.9995e-01
 5.905e+01 5.0630e-05 5.0630e-05 [ 1.5524e-32 8.6849e-13 3.6201e-07 4.7188e-05 3.0801e-06 ] 9.9995e-01
 5.916e+01 4.7172e-05 4.7172e-05 [ 1.0774e-32 7.2764e-13 3.2549e-07 4.3953e-05 2.8931e-06 ] 9.9995e-01
 5.927e+01 4.3936e-05 4.3936e-05 [ 7.4719e-33 6.0929e-13 2.9254e-07 4.0927e-05 2.7164e-06 ] 9.9996e-01
 5.939e+01 4.0910e-05 4.0910e-05 [ 5.1776e-33 5.0992e-13 2.6281e-07 3.8098e-05 2.5497e-06 ] 9.9996e-01
 5.950e+01 3.8081e-05 3.8081e-05 [ 3.5850e-33 4.2652e-13 2.3601e-07 3.5453e-05 2.3924e-06 ] 9.9996e-01
 5.961e+01 3.5437e-05 3.5437e-05 [ 2.4804e-33 3.5656e-13 2.1186e-07 3.2981e-05 2.2440e-06 ] 9.9996e-01
 5.973e+01 3.2967e-05 3.2967e-05 [ 1.7148e-33 2.9792e-13 1.9010e-07 3.0673e-05 2.1041e-06 ] 9.9997e-01
 5.984e+01 3.0659e-05 3.0659e-05 [ 1.1846e-33 2.4879e-13 1.7050e-07 2.8517e-05 1.9723e-06 ] 9.9997e-01
 5.995e+01 2.8505e-05 2.8505e-05 [ 8.1768e-34 2.0765e-13 1.5287e-07 2.6504e-05 1.8481e-06 ] 9.9997e-01
 6.007e+01 2.6494e-05 2.6494e-05 [ 5.6399e-34 1.7322e-13 1.3701e-07 2.4626e-05 1.7311e-06 ] 9.9997e-01
 6.018e+01 2.4617e-05 2.4617e-05 [ 3.8872e-34 1.4442e-13 1.2274e-07 2.2874e-05 1.6210e-06 ] 9.9998e-01
 6.029e+01 2.2867e-05 2.2867e-05 [ 2.6771e-34 1.2035e-13 1.0991e-07 2.1240e-05 1.5174e-06 ] 9.9998e-01
 6.041e+01 2.1235e-05 2.1235e-05 [ 1.8423e-34 1.0023e-13 9.8389e-08 1.9716e-05 1.4199e-06 ] 9.9998e-01
 6.052e+01 1.9713e-05 1.9713e-05 [ 1.2669e-34 8.3437e-14 8.8039e-08 1.8297e-05 1.3282e-06 ] 9.9998e-01
 6.063e+01 1.8295e-05 1.8295e-05 [ 8.7054e-35 6.9419e-14 7.8747e-08 1.6974e-05 1.2421e-06 ] 9.9998e-01
 6.075e+01 1.6974e-05 1.6974e-05 [ 5.9774e-35 5.7726e-14 7.0409e-08 1.5743e-05 1.1611e-06 ] 9.9998e-01
 6.086e+01 1.5744e-05 1.5744e-05 [ 4.1012e-35 4.7977e-14 6.2929e-08 1.4596e-05 1.0851e-06 ] 9.9998e-01
 6.097e+01 1.4599e-05 1.4599e-05 [ 2.8118e-35 3.9854e-14 5.6222e-08 1.3529e-05 1.0137e-06 ] 9.9999e-01
 6.109e+01 1.3533e-05 1.3533e-05 [ 1.9264e-35 3.3090e-14 5.0210e-08 1.2536e-05 9.4671e-07 ] 9.9999e-01
 6.120e+01 1.2541e-05 1.2541e-05 [ 1.3188e-35 2.7459e-14 4.4825e-08 1.1612e-05 8.8384e-07 ] 9.9999e-01
 6.131e+01 1.1619e-05 1.1619e-05 [ 9.0220e-36 2.2775e-14 4.0001e-08 1.0754e-05 8.2487e-07 ] 9.9999e-01
 6.143e+01 1.0761e-05 1.0761e-05 [ 6.1675e-36 1.8880e-14 3.5683e-08 9.9555e-06 7.6959e-07 ] 9.9999e-01
 6.154e+01 9.9635e-06 9.9635e-06 [ 4.2130e-36 1.5643e-14 3.1820e-08 9.2139e-06 7.1778e-07 ] 9.9999e-01
 6.165e+01 9.2226e-06 9.2226e-06 [ 2.8758e-36 1.2955e-14 2.8363e-08 8.5250e-06 6.6924e-07 ] 9.9999e-01
 6.177e+01 8.5344e-06 8.5344e-06 [ 1.9616e-36 1.0723e-14 2.5273e-08 7.8853e-06 6.2377e-07 ] 9.9999e-01
 6.188e+01 7.8952e-06 7.8952e-06 [ 1.3371e-36 8.8715e-15 2.2511e-08 7.2915e-06 5.8121e-07 ] 9.9999e-01
 6.199e+01 7.3018e-06 7.3018e-06 [ 9.1074e-37 7.3358e-15 2.0044e-08 6.7404e-06 5.4138e-07 ] 9.9999e-01
 6.211e+01 6.7511e-06 6.7511e-06 [ 6.1989e-37 6.0629e-15 1.7840e-08 6.2292e-06 5.0411e-07 ] 9.9999e-01
 6.222e+01 6.2401e-06 6.2401e-06 [ 4.2163e-37 5.0084e-15 1.5873e-08 5.7550e-06 4.6926e-07 ] 9.9999e-01
 6.233e+01 5.7662e-06 5.7662e-06 [ 2.8657e-37 4.1353e-15 1.4117e-08 5.3154e-06 4.3668e-07 ] 9.9999e-01
 6.245e+01 5.3268e-06 5.3268e-06 [ 1.9464e-37 3.4126e-15 1.2551e-08 4.9080e-06 4.0623e-07 ] 9.9999e-01
 6.256e+01 4.9194e-06 4.9194e-06 [ 1.3211e-37 2.8149e-15 1.1155e-08 4.5305e-06 3.7778e-07 ] 1.0000e+00
 6.267e+01 4.5419e-06 4.5419e-06 [ 8.9600e-38 2.3207e-15 9.9102e-09 4.1808e-06 3.5122e-07 ] 1.0000e+00
 6.279e+01 4.1922e-06 4.1922e-06 [ 6.0728e-38 1.9124e-15 8.8013e-09 3.8570e-06 3.2641e-07 ] 1.0000e+00
 6.290e+01 3.8684e-06 3.8684e-06 [ 4.1131e-38 1.5751e-15 7.8136e-09 3.5573e-06 3.0327e-07 ] 1.0000e+00
 6.301e+01 3.5685e-06 3.5685e-06 [ 2.7839e-38 1.2967e-15 6.9343e-09 3.2799e-06 2.8167e-07 ] 1.0000e+00
 6.313e+01 3.2910e-06 3.2910e-06 [ 1.8829e-38 1.0670e-15 6.1517e-09 3.0233e-06 2.6153e-07 ] 1.0000e+00
 6.324e+01 3.0342e-06 3.0342e-06 [ 1.2726e-38 8.7753e-16 5.4555e-09 2.7860e-06 2.4276e-07 ] 1.0000e+00
 6.335e+01 2.7966e-06 2.7966e-06 [ 8.5958e-39 7.2137e-16 4.8363e-09 2.5665e-06 2.2526e-07 ] 1.0000e+00
 6.347e+01 2.5770e-06 2.5770e-06 [ 5.8019e-39 5.9272e-16 4.2859e-09 2.3637e-06 2.0896e-07 ] 1.0000e+00
 6.358e+01 2.3739e-06 2.3739e-06 [ 3.9134e-39 4.8678e-16 3.7968e-09 2.1763e-06 1.9377e-07 ] 1.0000e+00
 6.369e+01 2.1862e-06 2.1862e-06 [ 2.6378e-39 3.9958e-16 3.3623e-09 2.0032e-06 1.7964e-07 ] 1.0000e+00
 6.381e+01 2.0128e-06 2.0128e-06 [ 1.7768e-39 3.2785e-16 2.9765e-09 1.8434e-06 1.6648e-07 ] 1.0000e+00
 6.392e+01 1.8527e-06 1.8527e-06 [ 1.1960e-39 2.6887e-16 2.6340e-09 1.6958e-06 1.5424e-07 ] 1.0000e+00
 6.403e+01 1.7048e-06 1.7048e-06 [ 8.0456e-40 2.2039e-16 2.3301e-09 1.5596e-06 1.4286e-07 ] 1.0000e+00
 6.415e+01 1.5683e-06 1.5683e-06 [ 5.4085e-40 1.8057e-16 2.0606e-09 1.4340e-06 1.3227e-07 ] 1.0000e+00
 6.426e+01 1.4423e-06 1.4423e-06 [ 3.6333e-40 1.4788e-16 1.8216e-09 1.3181e-06 1.2243e-07 ] 1.0000e+00
 6.437e+01 1.3261e-06 1.3261e-06 [ 2.4392e-40 1.2105e-16 1.6098e-09 1.2112e-06 1.1329e-07 ] 1.0000e+00
 6.449e+01 1.2189e-06 1.2189e-06 [ 1.6364e-40 9.9037e-17 1.4221e-09 1.1127e-06 1.0480e-07 ] 1.0000e+00
 6.460e+01 1.1201e-06 1.1201e-06 [ 1.0971e-40 8.0992e-17 1.2558e-09 1.0219e-06 9.6918e-08 ] 1.0000e+00
 6.471e+01 1.0290e-06 1.0290e-06 [ 7.3510e-41 6.6204e-17 1.1086e-09 9.3827e-07 8.9599e-08 ] 1.0000e+00
 6.483e+01 9.4503e-07 9.4503e-07 [ 4.9220e-41 5.4091e-17 9.7838e-10 8.6125e-07 8.2809e-08 ] 1.0000e+00
 6.494e+01 8.6770e-07 8.6770e-07 [ 3.2934e-41 4.4174e-17 8.6311e-10 7.9033e-07 7.6509e-08 ] 1.0000e+00
 6.505e+01 7.9648e-07 7.9648e-07 [ 2.2023e-41 3.6059e-17 7.6117e-10 7.2505e-07 7.0668e-08 ] 1.0000e+00
 6.517e+01 7.3090e-07 7.3090e-07 [ 1.4717e-41 2.9421e-17 6.7104e-10 6.6498e-07 6.5253e-08 ] 1.0000e+00
 6.528e+01 6.7055e-07 6.7055e-07 [ 9.8283e-42 2.3994e-17 5.9138e-10 6.0972e-07 6.0234e-08 ] 1.0000e+00
 6.539e+01 6.1501e-07 6.1501e-07 [ 6.5593e-42 1.9559e-17 5.2100e-10 5.5890e-07 5.5585e-08 ] 1.0000e+00
 6.551e+01 5.6391e-07 5.6391e-07 [ 4.3748e-42 1.5937e-17 4.5885e-10 5.1218e-07 5.1279e-08 ] 1.0000e+00
 6.562e+01 5.1693e-07 5.1693e-07 [ 2.9160e-42 1.2979e-17 4.0397e-10 4.6923e-07 4.7293e-08 ] 1.0000e+00
 6.573e+01 4.7373e-07 4.7373e-07 [ 1.9423e-42 1.0566e-17 3.5553e-10 4.2977e-07 4.3604e-08 ] 1.0000e+00
 6.585e+01 4.3403e-07 4.3403e-07 [ 1.2930e-42 8.5973e-18 3.1280e-10 3.9352e-07 4.0190e-08 ] 1.0000e+00
 6.596e+01 3.9754e-07 3.9754e-07 [ 8.6017e-43 6.9924e-18 2.7511e-10 3.6023e-07 3.7033e-08 ] 1.0000e+00
 6.607e+01 3.6403e-07 3.6403e-07 [ 5.7187e-43 5.6846e-18 2.4188e-10 3.2967e-07 3.4113e-08 ] 1.0000e+00
 6.619e+01 3.3325e-07 3.3325e-07 [ 3.7996e-43 4.6193e-18 2.1260e-10 3.0162e-07 3.1415e-08 ] 1.0000e+00
 6.630e+01 3.0499e-07 3.0499e-07 [ 2.5229e-43 3.7519e-18 1.8680e-10 2.7588e-07 2.8921e-08 ] 1.0000e+00
 6.641e+01 2.7906e-07 2.7906e-07 [ 1.6742e-43 3.0461e-18 1.6407e-10 2.5228e-07 2.6618e-08 ] 1.0000e+00
 6.653e+01 2.5526e-07 2.5526e-07 [ 1.1103e-43 2.4719e-18 1.4406e-10 2.3063e-07 2.4491e-08 ] 1.0000e+00
 6.664e+01 2.3343e-07 2.3343e-07 [ 7.3582e-44 2.0051e-18 1.2645e-10 2.1078e-07 2.2527e-08 ] 1.0000e+00
 6.675e+01 2.1341e-07 2.1341e-07 [ 4.8736e-44 1.6257e-18 1.1096e-10 1.9258e-07 2.0714e-08 ] 1.0000e+00
 6.687e+01 1.9506e-07 1.9506e-07 [ 3.2260e-44 1.3176e-18 9.7333e-11 1.7592e-07 1.9042e-08 ] 1.0000e+00
 6.698e+01 1.7823e-07 1.7823e-07 [ 2.1341e-44 1.0673e-18 8.5351e-11 1.6065e-07 1.7500e-08 ] 1.0000e+00
 6.709e+01 1.6282e-07 1.6282e-07 [ 1.4108e-44 8.6424e-19 7.4820e-11 1.4666e-07 1.6078e-08 ] 1.0000e+00
 6.721e+01 1.4870e-07 1.4870e-07 [ 9.3215e-45 6.9949e-19 6.5567e-11 1.3386e-07 1.4767e-08 ] 1.0000e+00
 6.732e+01 1.3576e-07 1.3576e-07 [ 6.1550e-45 5.6590e-19 5.7439e-11 1.2215e-07 1.3559e-08 ] 1.0000e+00
 6.743e+01 1.2392e-07 1.2392e-07 [ 4.0617e-45 4.5762e-19 5.0303e-11 1.1143e-07 1.2447e-08 ] 1.0000e+00
 6.755e+01 1.1309e-07 1.1309e-07 [ 2.6786e-45 3.6990e-19 4.4039e-11 1.0162e-07 1.1422e-08 ] 1.0000e+00
 6.766e+01 1.0317e-07 1.0317e-07 [ 1.7655e-45 2.9886e-19 3.8542e-11 9.2654e-08 1.0479e-08 ] 1.0000e+00
 6.777e+01 9.4100e-08 9.4100e-08 [ 1.1629e-45 2.4136e-19 3.3721e-11 8.4456e-08 9.6106e-09 ] 1.0000e+00
 6.789e+01 8.5804e-08 8.5804e-08 [ 7.6553e-46 1.9484e-19 2.9493e-11 7.6963e-08 8.8119e-09 ] 1.0000e+00
 6.800e+01 7.8219e-08 7.8219e-08 [ 5.0364e-46 1.5722e-19 2.5787e-11 7.0116e-08 8.0772e-09 ] 1.0000e+00
 6.811e+01 7.1286e-08 7.1286e-08 [ 3.3115e-46 1.2681e-19 2.2539e-11 6.3861e-08 7.4017e-09 ] 1.0000e+00
 6.823e+01 6.4950e-08 6.4950e-08 [ 2.1760e-46 1.0223e-19 1.9694e-11 5.8150e-08 6.7807e-09 ] 1.0000e+00
 6.834e+01 5.9162e-08 5.9162e-08 [ 1.4290e-46 8.2386e-20 1.7203e-11 5.2935e-08 6.2100e-09 ] 1.0000e+00
 6.845e+01 5.3876e-08 5.3876e-08 [ 9.3789e-47 6.6363e-20 1.5022e-11 4.8175e-08 5.6858e-09 ] 1.0000e+00
 6.857e+01 4.9050e-08 4.9050e-08 [ 6.1520e-47 5.3434e-20 1.3113e-11 4.3832e-08 5.2044e-09 ] 1.0000e+00
 6.868e+01 4.4644e-08 4.4644e-08 [ 4.0329e-47 4.3005e-20 1.1443e-11 3.9870e-08 4.7623e-09 ] 1.0000e+00
 6.879e+01 4.0624e-08 4.0624e-08 [ 2.6422e-47 3.4597e-20 9.9831e-12 3.6257e-08 4.3566e-09 ] 1.0000e+00
 6.891e+01 3.6956e-08 3.6956e-08 [ 1.7300e-47 2.7821e-20 8.7063e-12 3.2963e-08 3.9844e-09 ] 1.0000e+00
 6.902e+01 3.3610e-08 3.3610e-08 [ 1.1321e-47 2.2363e-20 7.5905e-12 2.9960e-08 3.6429e-09 ] 1.0000e+00
 6.913e+01 3.0560e-08 3.0560e-08 [ 7.4040e-48 1.7968e-20 6.6155e-12 2.7224e-08 3.3297e-09 ] 1.0000e+00
 6.925e+01 2.7779e-08 2.7779e-08 [ 4.8394e-48 1.4430e-20 5.7639e-12 2.4731e-08 3.0426e-09 ] 1.0000e+00
 6.936e+01 2.5245e-08 2.5245e-08 [ 3.1613e-48 1.1584e-20 5.0204e-12 2.2461e-08 2.7795e-09 ] 1.0000e+00
 6.947e+01 2.2936e-08 2.2936e-08 [ 2.0639e-48 9.2957e-21 4.3714e-12 2.0393e-08 2.5385e-09 ] 1.0000e+00
 6.959e+01 2.0833e-08 2.0833e-08 [ 1.3467e-48 7.4561e-21 3.8051e-12 1.8512e-08 2.3176e-09 ] 1.0000e+00
 6.970e+01 1.8918e-08 1.8918e-08 [ 8.7816e-49 5.9781e-21 3.3111e-12 1.6799e-08 2.1155e-09 ] 1.0000e+00
 6.981e+01 1.7175e-08 1.7175e-08 [ 5.7232e-49 4.7910e-21 2.8804e-12 1.5242e-08 1.9304e-09 ] 1.0000e+00
 6.993e+01 1.5588e-08 1.5588e-08 [ 3.7278e-49 3.8380e-21 2.5049e-12 1.3825e-08 1.7610e-09 ] 1.0000e+00
 7.004e+01 1.4144e-08 1.4144e-08 [ 2.4267e-49 3.0733e-21 2.1777e-12 1.2536e-08 1.6060e-09 ] 1.0000e+00
 7.015e+01 1.2831e-08 1.2831e-08 [ 1.5788e-49 2.4599e-21 1.8926e-12 1.1365e-08 1.4643e-09 ] 1.0000e+00
 7.027e+01 1.1637e-08 1.1637e-08 [ 1.0266e-49 1.9682e-21 1.6443e-12 1.0300e-08 1.3347e-09 ] 1.0000e+00
 7.038e+01 1.0551e-08 1.0551e-08 [ 6.6715e-50 1.5740e-21 1.4282e-12 9.3333e-09 1.2163e-09 ] 1.0000e+00
 7.049e+01 9.5641e-09 9.5641e-09 [ 4.3331e-50 1.2583e-21 1.2400e-12 8.4549e-09 1.1080e-09 ] 1.0000e+00
 7.061e+01 8.6673e-09 8.6673e-09 [ 2.8127e-50 1.0055e-21 1.0764e-12 7.6571e-09 1.0091e-09 ] 1.0000e+00
 7.072e+01 7.8526e-09 7.8526e-09 [ 1.8248e-50 8.0315e-22 9.3400e-13 6.9329e-09 9.1881e-10 ] 1.0000e+00
 7.083e+01 7.1127e-09 7.1127e-09 [ 1.1832e-50 6.4125e-22 8.1021e-13 6.2755e-09 8.3635e-10 ] 1.0000e+00
 7.095e+01 6.4409e-09 6.4409e-09 [ 7.6673e-51 5.1177e-22 7.0262e-13 5.6791e-09 7.6108e-10 ] 1.0000e+00
 7.106e+01 5.8310e-09 5.8310e-09 [ 4.9658e-51 4.0827e-22 6.0912e-13 5.1380e-09 6.9240e-10 ] 1.0000e+00
 7.117e+01 5.2776e-09 5.2776e-09 [ 3.2143e-51 3.2557e-22 5.2790e-13 4.6474e-09 6.2974e-10 ] 1.0000e+00
 7.129e+01 4.7755e-09 4.7755e-09 [ 2.0795e-51 2.5951e-22 4.5737e-13 4.2025e-09 5.7260e-10 ] 1.0000e+00
 7.140e+01 4.3201e-09 4.3201e-09 [ 1.3445e-51 2.0677e-22 3.9614e-13 3.7992e-09 5.2050e-10 ] 1.0000e+00
 7.151e+01 3.9071e-09 3.9071e-09 [ 8.6887e-52 1.6468e-22 3.4300e-13 3.4338e-09 4.7302e-10 ] 1.0000e+00
 7.163e+01 3.5328e-09 3.5328e-09 [ 5.6116e-52 1.3110e-22 2.9690e-13 3.1027e-09 4.2975e-10 ] 1.0000e+00
 7.174e+01 3.1935e-09 3.1935e-09 [ 3.6223e-52 1.0433e-22 2.5692e-13 2.8029e-09 3.9033e-10 ] 1.0000e+00
 7.185e+01 2.8860e-09 2.8860e-09 [ 2.3369e-52 8.2991e-23 2.2225e-13 2.5314e-09 3.5443e-10 ] 1.0000e+00
 7.197e+01 2.6075e-09 2.6075e-09 [ 1.5068e-52 6.5989e-23 1.9220e-13 2.2856e-09 3.2175e-10 ] 1.0000e+00
 7.208e+01 2.3553e-09 2.3553e-09 [ 9.7104e-53 5.2449e-23 1.6617e-13 2.0632e-09 2.9201e-10 ] 1.0000e+00
 7.219e+01 2.1270e-09 2.1270e-09 [ 6.2542e-53 4.1670e-23 1.4361e-13 1.8619e-09 2.6494e-10 ] 1.0000e+00
 7.231e+01 1.9203e-09 1.9203e-09 [ 4.0260e-53 3.3092e-23 1.2408e-13 1.6799e-09 2.4031e-10 ] 1.0000e+00
 7.242e+01 1.7333e-09 1.7333e-09 [ 2.5902e-53 2.6270e-23 1.0717e-13 1.5153e-09 2.1792e-10 ] 1.0000e+00
 7.253e+01 1.5641e-09 1.5641e-09 [ 1.6656e-53 2.0845e-23 9.2542e-14 1.3664e-09 1.9756e-10 ] 1.0000e+00
 7.265e+01 1.4111e-09 1.4111e-09 [ 1.0704e-53 1.6534e-23 7.9884e-14 1.2319e-09 1.7906e-10 ] 1.0000e+00
 7.276e+01 1.2727e-09 1.2727e-09 [ 6.8756e-54 1.3109e-23 6.8936e-14 1.1104e-09 1.6224e-10 ] 1.0000e+00
 7.287e+01 1.1476e-09 1.1476e-09 [ 4.4140e-54 1.0390e-23 5.9470e-14 1.0006e-09 1.4697e-10 ] 1.0000e+00
 7.299e+01 1.0345e-09 1.0345e-09 [ 2.8322e-54 8.2309e-24 5.1288e-14 9.0138e-10 1.3310e-10 ] 1.0000e+00
 7.310e+01 9.3239e-10 9.3239e-10 [ 1.8162e-54 6.5180e-24 4.4219e-14 8.1184e-10 1.2050e-10 ] 1.0000e+00
 7.321e+01 8.4012e-10 8.4012e-10 [ 1.1641e-54 5.1595e-24 3.8113e-14 7.3101e-10 1.0907e-10 ] 1.0000e+00
 7.333e+01 7.5680e-10 7.5680e-10 [ 7.4571e-55 4.0825e-24 3.2839e-14 6.5806e-10 9.8698e-11 ] 1.0000e+00
 7.344e+01 6.8157e-10 6.8157e-10 [ 4.7744e-55 3.2290e-24 2.8287e-14 5.9225e-10 8.9288e-11 ] 1.0000e+00
 7.355e+01 6.1367e-10 6.1367e-10 [ 3.0552e-55 2.5529e-24 2.4359e-14 5.3289e-10 8.0754e-11 ] 1.0000e+00
 7.367e+01 5.5240e-10 5.5240e-10 [ 1.9540e-55 2.0175e-24 2.0970e-14 4.7936e-10 7.3016e-11 ] 1.0000e+00
 7.378e+01 4.9712e-10 4.9712e-10 [ 1.2490e-55 1.5938e-24 1.8046e-14 4.3110e-10 6.6002e-11 ] 1.0000e+00
 7.389e+01 4.4727e-10 4.4727e-10 [ 7.9800e-56 1.2586e-24 1.5526e-14 3.8760e-10 5.9647e-11 ] 1.0000e+00
 7.401e+01 4.0231e-10 4.0231e-10 [ 5.0956e-56 9.9344e-25 1.3354e-14 3.4841e-10 5.3889e-11 ] 1.0000e+00
 7.412e+01 3.6179e-10 3.6179e-10 [ 3.2521e-56 7.8385e-25 1.1482e-14 3.1310e-10 4.8674e-11 ] 1.0000e+00
 7.423e+01 3.2527e-10 3.2527e-10 [ 2.0744e-56 6.1822e-25 9.8695e-15 2.8130e-10 4.3953e-11 ] 1.0000e+00
 7.435e+01 2.9236e-10 2.9236e-10 [ 1.3225e-56 4.8740e-25 8.4809e-15 2.5267e-10 3.9679e-11 ] 1.0000e+00
 7.446e+01 2.6272e-10 2.6272e-10 [ 8.4272e-57 3.8411e-25 7.2855e-15 2.2690e-10 3.5811e-11 ] 1.0000e+00
 7.457e+01 2.3603e-10 2.3603e-10 [ 5.3670e-57 3.0258e-25 6.2568e-15 2.0371e-10 3.2312e-11 ] 1.0000e+00
 7.469e+01 2.1199e-10 2.1199e-10 [ 3.4163e-57 2.3827e-25 5.3716e-15 1.8284e-10 2.9148e-11 ] 1.0000e+00
 7.480e+01 1.9036e-10 1.9036e-10 [ 2.1734e-57 1.8755e-25 4.6104e-15 1.6407e-10 2.6286e-11 ] 1.0000e+00
 7.491e+01 1.7089e-10 1.7089e-10 [ 1.3820e-57 1.4756e-25 3.9558e-15 1.4719e-10 2.3699e-11 ] 1.0000e+00
 7.503e+01 1.5338e-10 1.5338e-10 [ 8.7833e-58 1.1606e-25 3.3931e-15 1.3202e-10 2.1362e-11 ] 1.0000e+00
 7.514e+01 1.3763e-10 1.3763e-10 [ 5.5792e-58 9.1242e-26 2.9097e-15 1.1838e-10 1.9250e-11 ] 1.0000e+00
 7.525e+01 1.2347e-10 1.2347e-10 [ 3.5421e-58 7.1704e-26 2.4943e-15 1.0612e-10 1.7342e-11 ] 1.0000e+00
 7.537e+01 1.1073e-10 1.1073e-10 [ 2.2477e-58 5.6328e-26 2.1376e-15 9.5111e-11 1.5619e-11 ] 1.0000e+00
 7.548e+01 9.9288e-11 9.9288e-11 [ 1.4255e-58 4.4231e-26 1.8314e-15 8.5223e-11 1.4064e-11 ] 1.0000e+00
 7.559e+01 8.9006e-11 8.9006e-11 [ 9.0362e-59 3.4718e-26 1.5686e-15 7.6344e-11 1.2660e-11 ] 1.0000e+00
 7.571e+01 7.9768e-11 7.9768e-11 [ 5.7251e-59 2.7240e-26 1.3431e-15 6.8373e-11 1.1394e-11 ] 1.0000e+00
 7.582e+01 7.1473e-11 7.1473e-11 [ 3.6254e-59 2.1365e-26 1.1496e-15 6.1220e-11 1.0251e-11 ] 1.0000e+00
 7.593e+01 6.4024e-11 6.4024e-11 [ 2.2946e-59 1.6750e-26 9.8377e-16 5.4802e-11 9.2213e-12 ] 1.0000e+00
 7.605e+01 5.7338e-11 5.7338e-11 [ 1.4515e-59 1.3127e-26 8.4159e-16 4.9045e-11 8.2925e-12 ] 1.0000e+00
 7.616e+01 5.1338e-11 5.1338e-11 [ 9.1775e-60 1.0283e-26 7.1974e-16 4.3882e-11 7.4553e-12 ] 1.0000e+00
 7.627e+01 4.5955e-11 4.5955e-11 [ 5.7997e-60 8.0522e-27 6.1535e-16 3.9253e-11 6.7010e-12 ] 1.0000e+00
 7.639e+01 4.1126e-11 4.1126e-11 [ 3.6632e-60 6.3029e-27 5.2595e-16 3.5104e-11 6.0214e-12 ] 1.0000e+00
 7.650e+01 3.6796e-11 3.6796e-11 [ 2.3126e-60 4.9316e-27 4.4940e-16 3.1386e-11 5.4094e-12 ] 1.0000e+00
 7.661e+01 3.2914e-11 3.2914e-11 [ 1.4592e-60 3.8572e-27 3.8388e-16 2.8055e-11 4.8584e-12 ] 1.0000e+00
 7.673e+01 2.9434e-11 2.9434e-11 [ 9.2028e-61 3.0156e-27 3.2782e-16 2.5071e-11 4.3624e-12 ] 1.0000e+00
 7.684e+01 2.6316e-11 2.6316e-11 [ 5.8009e-61 2.3567e-27 2.7986e-16 2.2400e-11 3.9160e-12 ] 1.0000e+00
 7.695e+01 2.3523e-11 2.3523e-11 [ 3.6547e-61 1.8411e-27 2.3885e-16 2.0008e-11 3.5144e-12 ] 1.0000e+00
 7.707e+01 2.1021e-11 2.1021e-11 [ 2.3014e-61 1.4377e-27 2.0378e-16 1.7867e-11 3.1532e-12 ] 1.0000e+00
 7.718e+01 1.8781e-11 1.8781e-11 [ 1.4485e-61 1.1223e-27 1.7382e-16 1.5952e-11 2.8284e-12 ] 1.0000e+00
 7.729e+01 1.6775e-11 1.6775e-11 [ 9.1122e-62 8.7568e-28 1.4821e-16 1.4238e-11 2.5364e-12 ] 1.0000e+00
 7.741e+01 1.4980e-11 1.4980e-11 [ 5.7294e-62 6.8301e-28 1.2635e-16 1.2706e-11 2.2740e-12 ] 1.0000e+00
 7.752e+01 1.3374e-11 1.3374e-11 [ 3.6006e-62 5.3252e-28 1.0767e-16 1.1336e-11 2.0382e-12 ] 1.0000e+00
 7.763e+01 1.1937e-11 1.1937e-11 [ 2.2616e-62 4.1502e-28 9.1730e-17 1.0111e-11 1.8265e-12 ] 1.0000e+00
 7.775e+01 1.0652e-11 1.0652e-11 [ 1.4199e-62 3.2332e-28 7.8126e-17 9.0161e-12 1.6363e-12 ] 1.0000e+00
 7.786e+01 9.5036e-12 9.5036e-12 [ 8.9099e-63 2.5179e-28 6.6520e-17 8.0380e-12 1.4655e-12 ] 1.0000e+00
 7.797e+01 8.4766e-12 8.4766e-12 [ 5.5882e-63 1.9600e-28 5.6622e-17 7.1643e-12 1.3122e-12 ] 1.0000e+00
 7.809e+01 7.5588e-12 7.5588e-12 [ 3.5031e-63 1.5252e-28 4.8183e-17 6.3841e-12 1.1747e-12 ] 1.0000e+00
 7.820e+01 6.7388e-12 6.7388e-12 [ 2.1949e-63 1.1863e-28 4.0989e-17 5.6875e-12 1.0513e-12 ] 1.0000e+00
 7.831e+01 6.0064e-12 6.0064e-12 [ 1.3746e-63 9.2240e-29 3.4859e-17 5.0656e-12 9.4068e-13 ] 1.0000e+00
 7.843e+01 5.3522e-12 5.3522e-12 [ 8.6042e-64 7.1691e-29 2.9637e-17 4.5107e-12 8.4147e-13 ] 1.0000e+00
 7.854e+01 4.7682e-12 4.7682e-12 [ 5.3831e-64 5.5698e-29 2.5191e-17 4.0157e-12 7.5252e-13 ] 1.0000e+00
 7.865e+01 4.2469e-12 4.2469e-12 [ 3.3662e-64 4.3255e-29 2.1405e-17 3.5741e-12 6.7282e-13 ] 1.0000e+00
 7.877e+01 3.7817e-12 3.7817e-12 [ 2.1040e-64 3.3580e-29 1.8182e-17 3.1803e-12 6.0140e-13 ] 1.0000e+00
 7.888e+01 3.3667e-12 3.3667e-12 [ 1.3144e-64 2.6058e-29 1.5441e-17 2.8293e-12 5.3743e-13 ] 1.0000e+00
 7.899e+01 2.9965e-12 2.9965e-12 [ 8.2070e-65 2.0213e-29 1.3109e-17 2.5164e-12 4.8015e-13 ] 1.0000e+00
 7.911e+01 2.6664e-12 2.6664e-12 [ 5.1220e-65 1.5673e-29 1.1126e-17 2.2375e-12 4.2887e-13 ] 1.0000e+00
 7.922e+01 2.3721e-12 2.3721e-12 [ 3.1950e-65 1.2148e-29 9.4398e-18 1.9891e-12 3.8297e-13 ] 1.0000e+00
 7.933e+01 2.1098e-12 2.1098e-12 [ 1.9921e-65 9.4124e-30 8.0071e-18 1.7679e-12 3.4189e-13 ] 1.0000e+00
 7.945e+01 1.8760e-12 1.8760e-12 [ 1.2414e-65 7.2898e-30 6.7898e-18 1.5709e-12 3.0515e-13 ] 1.0000e+00
 7.956e+01 1.6678e-12 1.6678e-12 [ 7.7325e-66 5.6437e-30 5.7560e-18 1.3955e-12 2.7229e-13 ] 1.0000e+00
 7.967e+01 1.4823e-12 1.4823e-12 [ 4.8140e-66 4.3676e-30 4.8781e-18 1.2394e-12 2.4291e-13 ] 1.0000e+00
 7.979e+01 1.3172e-12 1.3172e-12 [ 2.9956e-66 3.3787e-30 4.1330e-18 1.1005e-12 2.1664e-13 ] 1.0000e+00
 7.990e+01 1.1701e-12 1.1701e-12 [ 1.8632e-66 2.6127e-30 3.5006e-18 9.7696e-13 1.9317e-13 ] 1.0000e+00
 8.001e+01 1.0393e-12 1.0393e-12 [ 1.1583e-66 2.0195e-30 2.9642e-18 8.6707e-13 1.7220e-13 ] 1.0000e+00
 8.013e+01 9.2283e-13 9.2283e-13 [ 7.1970e-67 1.5605e-30 2.5092e-18 7.6936e-13 1.5346e-13 ] 1.0000e+00
 8.024e+01 8.1924e-13 8.1924e-13 [ 4.4697e-67 1.2053e-30 2.1234e-18 6.8250e-13 1.3673e-13 ] 1.0000e+00
 8.035e+01 7.2711e-13 7.2711e-13 [ 2.7746e-67 9.3055e-31 1.7965e-18 6.0531e-13 1.2180e-13 ] 1.0000e+00
 8.047e+01 6.4519e-13 6.4519e-13 [ 1.7215e-67 7.1818e-31 1.5194e-18 5.3672e-13 1.0847e-13 ] 1.0000e+00
 8.058e+01 5.7237e-13 5.7237e-13 [ 1.0676e-67 5.5406e-31 1.2847e-18 4.7579e-13 9.6575e-14 ] 1.0000e+00
 8.069e+01 5.0765e-13 5.0765e-13 [ 6.6176e-68 4.2727e-31 1.0859e-18 4.2168e-13 8.5964e-14 ] 1.0000e+00
 8.081e+01 4.5014e-13 4.5014e-13 [ 4.1000e-68 3.2937e-31 9.1767e-19 3.7364e-13 7.6500e-14 ] 1.0000e+00
 8.092e+01 3.9905e-13 3.9905e-13 [ 2.5389e-68 2.5381e-31 7.7525e-19 3.3099e-13 6.8061e-14 ] 1.0000e+00
 8.103e+01 3.5368e-13 3.5368e-13 [ 1.5715e-68 1.9550e-31 6.5474e-19 2.9314e-13 6.0538e-14 ] 1.0000e+00
 8.115e+01 3.1340e-13 3.1340e-13 [ 9.7221e-69 1.5053e-31 5.5281e-19 2.5956e-13 5.3834e-14 ] 1.0000e+00
 8.126e+01 2.7764e-13 2.7764e-13 [ 6.0117e-69 1.1586e-31 4.6661e-19 2.2978e-13 4.7861e-14 ] 1.0000e+00
 8.137e+01 2.4590e-13 2.4590e-13 [ 3.7156e-69 8.9138e-32 3.9374e-19 2.0336e-13 4.2540e-14 ] 1.0000e+00
 8.149e+01 2.1774e-13 2.1774e-13 [ 2.2953e-69 6.8554e-32 3.3216e-19 1.7994e-13 3.7801e-14 ] 1.0000e+00
 8.160e+01 1.9276e-13 1.9276e-13 [ 1.4173e-69 5.2702e-32 2.8012e-19 1.5918e-13 3.3582e-14 ] 1.0000e+00
 8.171e+01 1.7061e-13 1.7061e-13 [ 8.7470e-70 4.0500e-32 2.3617e-19 1.4078e-13 2.9827e-14 ] 1.0000e+00
 8.183e+01 1.5097e-13 1.5097e-13 [ 5.3958e-70 3.1111e-32 1.9906e-19 1.2448e-13 2.6485e-14 ] 1.0000e+00
 8.194e+01 1.3355e-13 1.3355e-13 [ 3.3269e-70 2.3889e-32 1.6773e-19 1.1004e-13 2.3512e-14 ] 1.0000e+00
 8.205e+01 1.1812e-13 1.1812e-13 [ 2.0503e-70 1.8337e-32 1.4129e-19 9.7255e-14 2.0868e-14 ] 1.0000e+00
 8.217e+01 1.0445e-13 1.0445e-13 [ 1.2629e-70 1.4069e-32 1.1899e-19 8.5934e-14 1.8517e-14 ] 1.0000e+00
 8.228e+01 9.2340e-14 9.2340e-14 [ 7.7755e-71 1.0791e-32 1.0018e-19 7.5913e-14 1.6426e-14 ] 1.0000e+00
 8.239e+01 8.1614e-14 8.1614e-14 [ 4.7850e-71 8.2728e-33 8.4315e-20 6.7046e-14 1.4568e-14 ] 1.0000e+00
 8.251e+01 7.2118e-14 7.2118e-14 [ 2.9432e-71 6.3400e-33 7.0944e-20 5.9201e-14 1.2917e-14 ] 1.0000e+00
 8.262e+01 6.3712e-14 6.3712e-14 [ 1.8094e-71 4.8569e-33 5.9676e-20 5.2261e-14 1.1451e-14 ] 1.0000e+00
 8.273e+01 5.6273e-14 5.6273e-14 [ 1.1119e-71 3.7193e-33 5.0184e-20 4.6125e-14 1.0148e-14 ] 1.0000e+00
 8.285e+01 4.9691e-14 4.9691e-14 [ 6.8293e-72 2.8470e-33 4.2189e-20 4.0699e-14 8.9918e-15 ] 1.0000e+00
 8.296e+01 4.3869e-14 4.3869e-14 [ 4.1925e-72 2.1784e-33 3.5458e-20 3.5904e-14 7.9652e-15 ] 1.0000e+00
 8.307e+01 3.8720e-14 3.8720e-14 [ 2.5726e-72 1.6662e-33 2.9793e-20 3.1666e-14 7.0541e-15 ] 1.0000e+00
 8.319e+01 3.4168e-14 3.4168e-14 [ 1.5778e-72 1.2739e-33 2.5025e-20 2.7922e-14 6.2457e-15 ] 1.0000e+00
 8.330e+01 3.0143e-14 3.0143e-14 [ 9.6722e-73 9.7360e-34 2.1015e-20 2.4615e-14 5.5287e-15 ] 1.0000e+00
 8.341e+01 2.6587e-14 2.6587e-14 [ 5.9264e-73 7.4379e-34 1.7642e-20 2.1694e-14 4.8928e-15 ] 1.0000e+00
 8.353e+01 2.3445e-14 2.3445e-14 [ 3.6295e-73 5.6800e-34 1.4806e-20 1.9116e-14 4.3290e-15 ] 1.0000e+00
 8.364e+01 2.0670e-14 2.0670e-14 [ 2.2217e-73 4.3359e-34 1.2422e-20 1.6841e-14 3.8292e-15 ] 1.0000e+00
 8.375e+01 1.8219e-14 1.8219e-14 [ 1.3593e-73 3.3085e-34 1.0420e-20 1.4832e-14 3.3864e-15 ] 1.0000e+00
 8.387e+01 1.6055e-14 1.6055e-14 [ 8.3129e-74 2.5235e-34 8.7374e-21 1.3061e-14 2.9940e-15 ] 1.0000e+00
 8.398e+01 1.4144e-14 1.4144e-14 [ 5.0812e-74 1.9241e-34 7.3246e-21 1.1498e-14 2.6465e-15 ] 1.0000e+00
 8.409e+01 1.2459e-14 1.2459e-14 [ 3.1044e-74 1.4664e-34 6.1384e-21 1.0120e-14 2.3388e-15 ] 1.0000e+00
 8.421e+01 1.0971e-14 1.0971e-14 [ 1.8957e-74 1.1172e-34 5.1429e-21 8.9049e-15 2.0663e-15 ] 1.0000e+00
 8.432e+01 9.6592e-15 9.6592e-15 [ 1.1571e-74 8.5076e-35 4.3077e-21 7.8341e-15 1.8252e-15 ] 1.0000e+00
 8.443e+01 8.5022e-15 8.5022e-15 [ 7.0588e-75 6.4762e-35 3.6070e-21 6.8904e-15 1.6118e-15 ] 1.0000e+00
 8.455e+01 7.4820e-15 7.4820e-15 [ 4.3042e-75 4.9278e-35 3.0195e-21 6.0590e-15 1.4230e-15 ] 1.0000e+00
 8.466e+01 6.5828e-15 6.5828e-15 [ 2.6233e-75 3.7482e-35 2.5269e-21 5.3267e-15 1.2560e-15 ] 1.0000e+00
 8.477e+01 5.7903e-15 5.7903e-15 [ 1.5980e-75 2.8498e-35 2.1141e-21 4.6819e-15 1.1084e-15 ] 1.0000e+00
 8.489e+01 5.0921e-15 5.0921e-15 [ 9.7300e-76 2.1658e-35 1.7682e-21 4.1142e-15 9.7790e-16 ] 1.0000e+00
 8.500e+01 4.4770e-15 4.4770e-15 [ 5.9215e-76 1.6454e-35 1.4785e-21 3.6145e-15 8.6255e-16 ] 1.0000e+00
 8.511e+01 3.9354e-15 3.9354e-15 [ 3.6020e-76 1.2495e-35 1.2359e-21 3.1747e-15 7.6063e-16 ] 1.0000e+00
 8.523e+01 3.4585e-15 3.4585e-15 [ 2.1899e-76 9.4842e-36 1.0328e-21 2.7879e-15 6.7059e-16 ] 1.0000e+00
 8.534e+01 3.0387e-15 3.0387e-15 [ 1.3308e-76 7.1963e-36 8.6285e-22 2.4476e-15 5.9108e-16 ] 1.0000e+00
 8.545e+01 2.6692e-15 2.6692e-15 [ 8.0831e-77 5.4580e-36 7.2065e-22 2.1483e-15 5.2086e-16 ] 1.0000e+00
 8.557e+01 2.3442e-15 2.3442e-15 [ 4.9072e-77 4.1379e-36 6.0172e-22 1.8853e-15 4.5889e-16 ] 1.0000e+00
 8.568e+01 2.0582e-15 2.0582e-15 [ 2.9776e-77 3.1358e-36 5.0227e-22 1.6540e-15 4.0419e-16 ] 1.0000e+00
 8.579e+01 1.8067e-15 1.8067e-15 [ 1.8059e-77 2.3754e-36 4.1913e-22 1.4508e-15 3.5592e-16 ] 1.0000e+00
 8.591e+01 1.5856e-15 1.5856e-15 [ 1.0947e-77 1.7987e-36 3.4966e-22 1.2723e-15 3.1335e-16 ] 1.0000e+00
 8.602e+01 1.3913e-15 1.3913e-15 [ 6.6329e-78 1.3614e-36 2.9161e-22 1.1155e-15 2.7580e-16 ] 1.0000e+00
 8.613e+01 1.2205e-15 1.2205e-15 [ 4.0169e-78 1.0300e-36 2.4314e-22 9.7777e-16 2.4270e-16 ] 1.0000e+00
 8.625e+01 1.0704e-15 1.0704e-15 [ 2.4314e-78 7.7890e-37 2.0266e-22 8.5687e-16 2.1352e-16 ] 1.0000e+00
 8.636e+01 9.3856e-16 9.3856e-16 [ 1.4710e-78 5.8879e-37 1.6887e-22 7.5075e-16 1.8780e-16 ] 1.0000e+00
 8.647e+01 8.2277e-16 8.2277e-16 [ 8.8947e-79 4.4489e-37 1.4068e-22 6.5762e-16 1.6515e-16 ] 1.0000e+00
 8.659e+01 7.2111e-16 7.2111e-16 [ 5.3758e-79 3.3602e-37 1.1715e-22 5.7592e-16 1.4519e-16 ] 1.0000e+00
 8.670e+01 6.3186e-16 6.3186e-16 [ 3.2474e-79 2.5368e-37 9.7536e-23 5.0425e-16 1.2761e-16 ] 1.0000e+00
 8.681e+01 5.5354e-16 5.5354e-16 [ 1.9607e-79 1.9144e-37 8.1180e-23 4.4140e-16 1.1214e-16 ] 1.0000e+00
 8.693e+01 4.8482e-16 4.8482e-16 [ 1.1833e-79 1.4440e-37 6.7547e-23 3.8630e-16 9.8518e-17 ] 1.0000e+00
 8.704e+01 4.2453e-16 4.2453e-16 [ 7.1370e-80 1.0888e-37 5.6187e-23 3.3800e-16 8.6532e-17 ] 1.0000e+00
 8.715e+01 3.7166e-16 3.7166e-16 [ 4.3027e-80 8.2058e-38 4.6724e-23 2.9567e-16 7.5986e-17 ] 1.0000e+00
 8.727e+01 3.2530e-16 3.2530e-16 [ 2.5926e-80 6.1816e-38 3.8843e-23 2.5859e-16 6.6710e-17 ] 1.0000e+00
 8.738e+01 2.8465e-16 2.8465e-16 [ 1.5614e-80 4.6548e-38 3.2281e-23 2.2610e-16 5.8552e-17 ] 1.0000e+00
 8.749e+01 2.4903e-16 2.4903e-16 [ 9.3987e-81 3.5035e-38 2.6820e-23 1.9765e-16 5.1381e-17 ] 1.0000e+00
 8.761e+01 2.1782e-16 2.1782e-16 [ 5.6546e-81 2.6358e-38 2.2276e-23 1.7275e-16 4.5077e-17 ] 1.0000e+00
 8.772e+01 1.9048e-16 1.9048e-16 [ 3.4002e-81 1.9821e-38 1.8497e-23 1.5094e-16 3.9537e-17 ] 1.0000e+00
 8.783e+01 1.6653e-16 1.6653e-16 [ 2.0436e-81 1.4898e-38 1.5354e-23 1.3186e-16 3.4671e-17 ] 1.0000e+00
 8.795e+01 1.4556e-16 1.4556e-16 [ 1.2276e-81 1.1193e-38 1.2741e-23 1.1517e-16 3.0396e-17 ] 1.0000e+00
 8.806e+01 1.2721e-16 1.2721e-16 [ 7.3703e-82 8.4060e-39 1.0570e-23 1.0056e-16 2.6642e-17 ] 1.0000e+00
 8.817e+01 1.1114e-16 1.1114e-16 [ 4.4227e-82 6.3098e-39 8.7655e-24 8.7794e-17 2.3346e-17 ] 1.0000e+00
 8.829e+01 9.7081e-17 9.7081e-17 [ 2.6526e-82 4.7342e-39 7.2671e-24 7.6627e-17 2.0453e-17 ] 1.0000e+00
 8.840e+01 8.4781e-17 8.4781e-17 [ 1.5901e-82 3.5504e-39 6.0230e-24 6.6866e-17 1.7915e-17 ] 1.0000e+00
 8.851e+01 7.4023e-17 7.4023e-17 [ 9.5266e-83 2.6613e-39 4.9903e-24 5.8335e-17 1.5688e-17 ] 1.0000e+00
 8.863e+01 6.4616e-17 6.4616e-17 [ 5.7047e-83 1.9940e-39 4.1333e-24 5.0881e-17 1.3735e-17 ] 1.0000e+00
 8.874e+01 5.6392e-17 5.6392e-17 [ 3.4142e-83 1.4933e-39 3.4224e-24 4.4370e-17 1.2022e-17 ] 1.0000e+00
 8.885e+01 4.9203e-17 4.9203e-17 [ 2.0423e-83 1.1177e-39 2.8329e-24 3.8683e-17 1.0520e-17 ] 1.0000e+00
 8.897e+01 4.2921e-17 4.2921e-17 [ 1.2210e-83 8.3626e-40 2.3441e-24 3.3718e-17 9.2039e-18 ] 1.0000e+00
 8.908e+01 3.7434e-17 3.7434e-17 [ 7.2958e-84 6.2537e-40 1.9391e-24 2.9383e-17 8.0505e-18 ] 1.0000e+00
 8.919e+01 3.2640e-17 3.2640e-17 [ 4.3571e-84 4.6743e-40 1.6035e-24 2.5600e-17 7.0400e-18 ] 1.0000e+00
 8.931e+01 2.8454e-17 2.8454e-17 [ 2.6007e-84 3.4921e-40 1.3255e-24 2.2299e-17 6.1550e-18 ] 1.0000e+00
 8.942e+01 2.4799e-17 2.4799e-17 [ 1.5514e-84 2.6076e-40 1.0954e-24 1.9419e-17 5.3799e-18 ] 1.0000e+00
 8.953e+01 2.1609e-17 2.1609e-17 [ 9.2501e-85 1.9462e-40 9.0488e-25 1.6908e-17 4.7014e-18 ] 1.0000e+00
 8.965e+01 1.8825e-17 1.8825e-17 [ 5.5121e-85 1.4518e-40 7.4725e-25 1.4718e-17 4.1075e-18 ] 1.0000e+00
 8.976e+01 1.6397e-17 1.6397e-17 [ 3.2829e-85 1.0824e-40 6.1687e-25 1.2809e-17 3.5879e-18 ] 1.0000e+00
 8.987e+01 1.4278e-17 1.4278e-17 [ 1.9541e-85 8.0665e-41 5.0905e-25 1.1145e-17 3.1332e-18 ] 1.0000e+00
 8.999e+01 1.2430e-17 1.2430e-17 [ 1.1625e-85 6.0082e-41 4.1993e-25 9.6947e-18 2.7355e-18 ] 1.0000e+00
 9.010e+01 1.0819e-17 1.0819e-17 [ 6.9117e-86 4.4728e-41 3.4629e-25 8.4315e-18 2.3878e-18 ] 1.0000e+00
 9.021e+01 9.4150e-18 9.4150e-18 [ 4.1071e-86 3.3280e-41 2.8545e-25 7.3312e-18 2.0838e-18 ] 1.0000e+00
 9.033e+01 8.1912e-18 8.1912e-18 [ 2.4392e-86 2.4749e-41 2.3522e-25 6.3731e-18 1.8181e-18 ] 1.0000e+00
 9.044e+01 7.1249e-18 7.1249e-18 [ 1.4478e-86 1.8395e-41 1.9375e-25 5.5390e-18 1.5859e-18 ] 1.0000e+00
 9.055e+01 6.1961e-18 6.1961e-18 [ 8.5881e-87 1.3665e-41 1.5953e-25 4.8130e-18 1.3830e-18 ] 1.0000e+00
 9.067e+01 5.3871e-18 5.3871e-18 [ 5.0915e-87 1.0146e-41 1.3131e-25 4.1813e-18 1.2058e-18 ] 1.0000e+00
 9.078e+01 4.6827e-18 4.6827e-18 [ 3.0168e-87 7.5291e-42 1.0803e-25 3.6316e-18 1.0511e-18 ] 1.0000e+00
 9.089e+01 4.0696e-18 4.0696e-18 [ 1.7864e-87 5.5840e-42 8.8846e-26 3.1535e-18 9.1604e-19 ] 1.0000e+00
 9.101e+01 3.5359e-18 3.5359e-18 [ 1.0572e-87 4.1391e-42 7.3038e-26 2.7378e-18 7.9814e-19 ] 1.0000e+00
 9.112e+01 3.0716e-18 3.0716e-18 [ 6.2529e-88 3.0664e-42 6.0018e-26 2.3763e-18 6.9525e-19 ] 1.0000e+00
 9.123e+01 2.6676e-18 2.6676e-18 [ 3.6961e-88 2.2703e-42 4.9298e-26 2.0621e-18 6.0549e-19 ] 1.0000e+00
 9.135e+01 2.3162e-18 2.3162e-18 [ 2.1834e-88 1.6800e-42 4.0476e-26 1.7890e-18 5.2720e-19 ] 1.0000e+00
 9.146e+01 2.0107e-18 2.0107e-18 [ 1.2890e-88 1.2424e-42 3.3217e-26 1.5518e-18 4.5893e-19 ] 1.0000e+00
 9.157e+01 1.7451e-18 1.7451e-18 [ 7.6054e-89 9.1830e-43 2.7249e-26 1.3457e-18 3.9941e-19 ] 1.0000e+00
 9.169e+01 1.5143e-18 1.5143e-18 [ 4.4845e-89 6.7833e-43 2.2342e-26 1.1668e-18 3.4753e-19 ] 1.0000e+00
 9.180e+01 1.3137e-18 1.3137e-18 [ 2.6426e-89 5.0076e-43 1.8311e-26 1.0114e-18 3.0232e-19 ] 1.0000e+00
 9.191e+01 1.1394e-18 1.1394e-18 [ 1.5562e-89 3.6945e-43 1.5000e-26 8.7648e-19 2.6293e-19 ] 1.0000e+00
 9.203e+01 9.8804e-19 9.8804e-19 [ 9.1585e-90 2.7241e-43 1.2281e-26 7.5942e-19 2.2862e-19 ] 1.0000e+00
 9.214e+01 8.5659e-19 8.5659e-19 [ 5.3865e-90 2.0073e-43 1.0051e-26 6.5784e-19 1.9875e-19 ] 1.0000e+00
 9.225e+01 7.4246e-19 7.4246e-19 [ 3.1659e-90 1.4782e-43 8.2213e-27 5.6972e-19 1.7274e-19 ] 1.0000e+00
 9.237e+01 6.4340e-19 6.4340e-19 [ 1.8596e-90 1.0878e-43 6.7213e-27 4.9330e-19 1.5010e-19 ] 1.0000e+00
 9.248e+01 5.5743e-19 5.5743e-19 [ 1.0915e-90 8.0005e-44 5.4922e-27 4.2704e-19 1.3039e-19 ] 1.0000e+00
 9.259e+01 4.8284e-19 4.8284e-19 [ 6.4026e-91 5.8801e-44 4.4854e-27 3.6959e-19 1.1325e-19 ] 1.0000e+00
 9.271e+01 4.1814e-19 4.1814e-19 [ 3.7531e-91 4.3189e-44 3.6612e-27 3.1980e-19 9.8341e-20 ] 1.0000e+00
 9.282e+01 3.6204e-19 3.6204e-19 [ 2.1985e-91 3.1700e-44 2.9868e-27 2.7666e-19 8.5374e-20 ] 1.0000e+00
 9.293e+01 3.1339e-19 3.1339e-19 [ 1.2869e-91 2.3252e-44 2.4352e-27 2.3929e-19 7.4100e-20 ] 1.0000e+00
 9.305e+01 2.7122e-19 2.7122e-19 [ 7.5278e-92 1.7043e-44 1.9843e-27 2.0691e-19 6.4301e-20 ] 1.0000e+00
 9.316e+01 2.3467e-19 2.3467e-19 [ 4.4002e-92 1.2483e-44 1.6160e-27 1.7888e-19 5.5785e-20 ] 1.0000e+00
 9.327e+01 2.0300e-19 2.0300e-19 [ 2.5702e-92 9.1369e-45 1.3152e-27 1.5461e-19 4.8386e-20 ] 1.0000e+00
 9.339e+01 1.7557e-19 1.7557e-19 [ 1.5002e-92 6.6828e-45 1.0698e-27 1.3361e-19 4.1959e-20 ] 1.0000e+00
 9.350e+01 1.5181e-19 1.5181e-19 [ 8.7497e-93 4.8842e-45 8.6955e-28 1.1543e-19 3.6377e-20 ] 1.0000e+00
 9.361e+01 1.3123e-19 1.3123e-19 [ 5.0994e-93 3.5670e-45 7.0635e-28 9.9701e-20 3.1531e-20 ] 1.0000e+00
 9.373e+01 1.1342e-19 1.1342e-19 [ 2.9696e-93 2.6030e-45 5.7339e-28 8.6097e-20 2.7325e-20 ] 1.0000e+00
 9.384e+01 9.8007e-20 9.8007e-20 [ 1.7280e-93 1.8981e-45 4.6514e-28 7.4333e-20 2.3674e-20 ] 1.0000e+00
 9.395e+01 8.4668e-20 8.4668e-20 [ 1.0047e-93 1.3830e-45 3.7706e-28 6.4161e-20 2.0506e-20 ] 1.0000e+00
 9.407e+01 7.3128e-20 7.3128e-20 [ 5.8371e-94 1.0068e-45 3.0544e-28 5.5369e-20 1.7759e-20 ] 1.0000e+00
 9.418e+01 6.3146e-20 6.3146e-20 [ 3.3884e-94 7.3238e-46 2.4724e-28 4.7771e-20 1.5376e-20 ] 1.0000e+00
 9.429e+01 5.4515e-20 5.4515e-20 [ 1.9652e-94 5.3230e-46 1.9998e-28 4.1205e-20 1.3309e-20 ] 1.0000e+00
 9.441e+01 4.7053e-20 4.7053e-20 [ 1.1389e-94 3.8654e-46 1.6162e-28 3.5534e-20 1.1518e-20 ] 1.0000e+00
 9.452e+01 4.0602e-20 4.0602e-20 [ 6.5939e-95 2.8045e-46 1.3052e-28 3.0636e-20 9.9661e-21 ] 1.0000e+00
 9.463e+01 3.5028e-20 3.5028e-20 [ 3.8145e-95 2.0330e-46 1.0531e-28 2.6407e-20 8.6211e-21 ] 1.0000e+00
 9.475e+01 3.0212e-20 3.0212e-20 [ 2.2046e-95 1.4723e-46 8.4901e-29 2.2756e-20 7.4559e-21 ] 1.0000e+00
 9.486e+01 2.6052e-20 2.6052e-20 [ 1.2729e-95 1.0653e-46 6.8385e-29 1.9605e-20 6.4468e-21 ] 1.0000e+00
 9.497e+01 2.2459e-20 2.2459e-20 [ 7.3431e-96 7.7003e-47 5.5033e-29 1.6886e-20 5.5730e-21 ] 1.0000e+00
 9.509e+01 1.9357e-20 1.9357e-20 [ 4.2318e-96 5.5606e-47 4.4246e-29 1.4541e-20 4.8166e-21 ] 1.0000e+00
 9.520e+01 1.6679e-20 1.6679e-20 [ 2.4363e-96 4.0113e-47 3.5539e-29 1.2517e-20 4.1619e-21 ] 1.0000e+00
 9.531e+01 1.4368e-20 1.4368e-20 [ 1.4011e-96 2.8907e-47 2.8516e-29 1.0773e-20 3.5954e-21 ] 1.0000e+00
 9.543e+01 1.2374e-20 1.2374e-20 [ 8.0497e-97 2.0809e-47 2.2858e-29 9.2689e-21 3.1053e-21 ] 1.0000e+00
 9.554e+01 1.0654e-20 1.0654e-20 [ 4.6195e-97 1.4962e-47 1.8303e-29 7.9725e-21 2.6814e-21 ] 1.0000e+00
 9.565e+01 9.1702e-21 9.1702e-21 [ 2.6480e-97 1.0746e-47 1.4639e-29 6.8553e-21 2.3149e-21 ] 1.0000e+00
 9.577e+01 7.8909e-21 7.8909e-21 [ 1.5161e-97 7.7091e-48 1.1695e-29 5.8928e-21 1.9980e-21 ] 1.0000e+00
 9.588e+01 6.7879e-21 6.7879e-21 [ 8.6702e-98 5.5234e-48 9.3319e-30 5.0638e-21 1.7242e-21 ] 1.0000e+00
 9.599e+01 5.8373e-21 5.8373e-21 [ 4.9519e-98 3.9524e-48 7.4370e-30 4.3498e-21 1.4875e-21 ] 1.0000e+00
 9.611e+01 5.0181e-21 5.0181e-21 [ 2.8246e-98 2.8245e-48 5.9192e-30 3.7351e-21 1.2830e-21 ] 1.0000e+00
 9.622e+01 4.3123e-21 4.3123e-21 [ 1.6089e-98 2.0156e-48 4.7047e-30 3.2059e-21 1.1064e-21 ] 1.0000e+00
 9.633e+01 3.7044e-21 3.7044e-21 [ 9.1519e-99 1.4364e-48 3.7341e-30 2.7505e-21 9.5388e-22 ] 1.0000e+00
 9.645e+01 3.1809e-21 3.1809e-21 [ 5.1981e-99 1.0220e-48 2.9593e-30 2.3587e-21 8.2220e-22 ] 1.0000e+00
 9.656e+01 2.7301e-21 2.7301e-21 [ 2.9478e-99 7.2606e-49 2.3416e-30 2.0216e-21 7.0853e-22 ] 1.0000e+00
 9.667e+01 2.3421e-21 2.3421e-21 [ 1.6690e-99 5.1495e-49 1.8498e-30 1.7316e-21 6.1044e-22 ] 1.0000e+00
 9.679e+01 2.0081e-21 2.0081e-21 [ 9.4331e-100 3.6458e-49 1.4587e-30 1.4823e-21 5.2580e-22 ] 1.0000e+00
 9.690e+01 1.7208e-21 1.7208e-21 [ 5.3220e-100 2.5765e-49 1.1482e-30 1.2680e-21 4.5279e-22 ] 1.0000e+00
 9.701e+01 1.4736e-21 1.4736e-21 [ 2.9968e-100 1.8173e-49 9.0206e-31 1.0838e-21 3.8982e-22 ] 1.0000e+00
 9.713e+01 1.2609e-21 1.2609e-21 [ 1.6841e-100 1.2791e-49 7.0719e-31 9.2542e-22 3.3551e-22 ] 1.0000e+00
 9.724e+01 1.0781e-21 1.0781e-21 [ 9.4431e-101 8.9832e-50 5.5319e-31 7.8938e-22 2.8870e-22 ] 1.0000e+00
 9.735e+01 9.2084e-22 9.2084e-22 [ 5.2827e-101 6.2941e-50 4.3170e-31 6.7250e-22 2.4834e-22 ] 1.0000e+00
 9.747e+01 7.8566e-22 7.8566e-22 [ 2.9479e-101 4.3988e-50 3.3603e-31 5.7211e-22 2.1355e-22 ] 1.0000e+00
 9.758e+01 6.6945e-22 6.6945e-22 [ 1.6406e-101 3.0658e-50 2.6083e-31 4.8588e-22 1.8357e-22 ] 1.0000e+00
 9.769e+01 5.6957e-22 5.6957e-22 [ 9.1032e-102 2.1304e-50 2.0185e-31 4.1184e-22 1.5773e-22 ] 1.0000e+00
 9.781e+01 4.8371e-22 4.8371e-22 [ 5.0350e-102 1.4755e-50 1.5569e-31 3.4825e-22 1.3546e-22 ] 1.0000e+00
 9.792e+01 4.0992e-22 4.0992e-22 [ 2.7751e-102 1.0184e-50 1.1965e-31 2.9365e-22 1.1626e-22 ] 1.0000e+00
 9.803e+01 3.4648e-22 3.4648e-22 [ 1.5236e-102 7.0007e-51 9.1573e-32 2.4677e-22 9.9711e-23 ] 1.0000e+00
 9.815e+01 2.9194e-22 2.9194e-22 [ 8.3282e-103 4.7915e-51 6.9764e-32 2.0651e-22 8.5428e-23 ] 1.0000e+00
 9.826e+01 2.4504e-22 2.4504e-22 [ 4.5303e-103 3.2632e-51 5.2870e-32 1.7194e-22 7.3095e-23 ] 1.0000e+00
 9.837e+01 2.0469e-22 2.0469e-22 [ 2.4507e-103 2.2098e-51 3.9825e-32 1.4226e-22 6.2427e-23 ] 1.0000e+00
 9.849e+01 1.6996e-22 1.6996e-22 [ 1.3173e-103 1.4868e-51 2.9784e-32 1.1678e-22 5.3180e-23 ] 1.0000e+00
 9.860e+01 1.4005e-22 1.4005e-22 [ 7.0284e-104 9.9273e-52 2.2085e-32 9.4913e-23 4.5138e-23 ] 1.0000e+00
 9.871e+01 1.1428e-22 1.1428e-22 [ 3.7174e-104 6.5681e-52 1.6206e-32 7.6175e-23 3.8109e-23 ] 1.0000e+00
 9.883e+01 9.2077e-23 9.2077e-23 [ 1.9456e-104 4.2971e-52 1.1735e-32 6.0153e-23 3.1923e-23 ] 1.0000e+00
 9.894e+01 7.2942e-23 7.2942e-23 [ 1.0052e-104 2.7717e-52 8.3546e-33 4.6508e-23 2.6433e-23 ] 1.0000e+00
 9.905e+01 5.6477e-23 5.6477e-23 [ 5.1091e-105 1.7546e-52 5.8143e-33 3.4966e-23 2.1510e-23 ] 1.0000e+00
 9.917e+01 4.2359e-23 4.2359e-23 [ 2.5411e-105 1.0823e-52 3.9211e-33 2.5309e-23 1.7050e-23 ] 1.0000e+00
 9.928e+01 3.0347e-23 3.0347e-23 [ 1.2259e-105 6.4261e-53 2.5268e-33 1.7367e-23 1.2980e-23 ] 1.0000e+00
 9.939e+01 2.0284e-23 2.0284e-23 [ 5.6430e-106 3.5931e-53 1.5186e-33 1.1012e-23 9.2715e-24 ] 1.0000e+00
 9.951e+01 1.2103e-23 1.2103e-23 [ 2.3926e-106 1.8106e-53 8.1246e-34 6.1515e-24 5.9520e-24 ] 1.0000e+00
 9.962e+01 5.8503e-24 5.8503e-24 [ 8.5294e-107 7.4166e-54 3.4818e-34 2.7208e-24 3.1295e-24 ] 1.0000e+00
 9.973e+01 1.7009e-24 1.7009e-24 [ 1.8508e-107 1.7633e-54 8.5139e-35 6.7880e-25 1.0221e-24 ] 1.0000e+00
 9.985e+01 0.0000e+00 0.0000e+00 [ 0.0000e+00 0.0000e+00 0.0000e+00 0.0000e+00 0.0000e+00 ] 1.0000e+00
