 0.000e+00 0.0000e+00 0.0000e+00 [ 0.0000e+00 ] 1.0000e+00
 1.133e-01 5.3455e-02 5.3455e-02 [ 5.3455e-02 ] 9.4654e-01
 2.267e-01 1.0186e-01 1.0186e-01 [ 1.0186e-01 ] 8.9814e-01
 3.400e-01 1.4725e-01 1.4725e-01 [ 1.4725e-01 ] 8.5275e-01
 4.533e-01 1.9068e-01 1.9068e-01 [ 1.9068e-01 ] 8.0932e-01
 5.667e-01 2.3264e-01 2.3264e-01 [ 2.3264e-01 ] 7.6736e-01
 6.800e-01 2.7320e-01 2.7320e-01 [ 2.7320e-01 ] 7.2680e-01
 7.933e-01 3.1211e-01 3.1211e-01 [ 3.1211e-01 ] 6.8789e-01
 9.067e-01 3.4895e-01 3.4895e-01 [ 3.4895e-01 ] 6.5105e-01
 1.020e+00 3.8322e-01 3.8322e-01 [ 3.8322e-01 ] 6.1678e-01
 1.133e+00 4.1447e-01 4.1447e-01 [ 4.1447e-01 ] 5.8553e-01
 1.247e+00 4.4238e-01 4.4238e-01 [ 4.4238e-01 ] 5.5762e-01
 1.360e+00 4.6677e-01 4.6677e-01 [ 4.6677e-01 ] 5.3323e-01
 1.473e+00 4.8765e-01 4.8765e-01 [ 4.8765e-01 ] 5.1235e-01
 1.587e+00 5.0517e-01 5.0517e-01 [ 5.0517e-01 ] 4.9483e-01
 1.700e+00 5.1961e-01 5.1961e-01 [ 5.1961e-01 ] 4.8039e-01
 1.813e+00 5.3129e-01 5.3129e-01 [ 5.3129e-01 ] 4.6871e-01
 1.927e+00 5.4058e-01 5.4058e-01 [ 5.4058e-01 ] 4.5942e-01
 2.040e+00 5.4785e-01 5.4785e-01 [ 5.4785e-01 ] 4.5215e-01
 2.153e+00 5.5344e-01 5.5344e-01 [ 5.5344e-01 ] 4.4656e-01
 2.267e+00 5.5764e-01 5.5764e-01 [ 5.5764e-01 ] 4.4236e-01
 2.380e+00 5.6072e-01 5.6072e-01 [ 5.6072e-01 ] 4.3928e-01
 2.493e+00 5.6291e-01 5.6291e-01 [ 5.6291e-01 ] 4.3709e-01
 2.607e+00 5.6439e-01 5.6439e-01 [ 5.6439e-01 ] 4.3561e-01
 2.720e+00 5.6530e-01 5.6530e-01 [ 5.6530e-01 ] 4.3470e-01
 2.833e+00 5.6578e-01 5.6578e-01 [ 5.6578e-01 ] 4.3422e-01
 2.947e+00 5.6592e-01 5.6592e-01 [ 5.6592e-01 ] 4.3408e-01
 3.060e+00 5.6579e-01 5.6579e-01 [ 5.6579e-01 ] 4.3421e-01
 3.173e+00 5.6547e-01 5.6547e-01 [ 5.6547e-01 ] 4.3453e-01
 3.287e+00 5.6499e-01 5.6499e-01 [ 5.6499e-01 ] 4.3501e-01
 3.400e+00 5.6441e-01 5.6441e-01 [ 5.6441e-01 ] 4.3559e-01
 3.513e+00 5.6374e-01 5.6374e-01 [ 5.6374e-01 ] 4.3626e-01
 3.627e+00 5.6302e-01 5.6302e-01 [ 5.6302e-01 ] 4.3698e-01
 3.740e+00 5.6226e-01 5.6226e-01 [ 5.6226e-01 ] 4.3774e-01
 3.853e+00 5.6148e-01 5.6148e-01 [ 5.6148e-01 ] 4.3852e-01
 3.967e+00 5.6069e-01 5.6069e-01 [ 5.6069e-01 ] 4.3931e-01
 4.080e+00 5.5989e-01 5.5989e-01 [ 5.5989e-01 ] 4.4011e-01
 4.193e+00 5.5910e-01 5.5910e-01 [ 5.5910e-01 ] 4.4090e-01
 4.307e+00 5.5832e-01 5.5832e-01 [ 5.5832e-01 ] 4.4168e-01
 4.420e+00 5.5755e-01 5.5755e-01 [ 5.5755e-01 ] 4.4245e-01
 4.533e+00 5.5680e-01 5.5680e-01 [ 5.5680e-01 ] 4.4320e-01
 4.647e+00 5.5606e-01 5.5606e-01 [ 5.5606e-01 ] 4.4394e-01
 4.760e+00 5.5535e-01 5.5535e-01 [ 5.5535e-01 ] 4.4465e-01
 4.873e+00 5.5465e-01 5.5465e-01 [ 5.5465e-01 ] 4.4535e-01
 4.987e+00 5.5397e-01 5.5397e-01 [ 5.5397e-01 ] 4.4603e-01
 5.100e+00 5.5331e-01 5.5331e-01 [ 5.5331e-01 ] 4.4669e-01
 5.213e+00 5.5267e-01 5.5267e-01 [ 5.5267e-01 ] 4.4733e-01
 5.327e+00 5.5206e-01 5.5206e-01 [ 5.5206e-01 ] 4.4794e-01
 5.440e+00 5.5145e-01 5.5145e-01 [ 5.5145e-01 ] 4.4855e-01
 5.553e+00 5.5087e-01 5.5087e-01 [ 5.5087e-01 ] 4.4913e-01
 5.667e+00 5.5031e-01 5.5031e-01 [ 5.5031e-01 ] 4.4969e-01
 5.780e+00 5.4976e-01 5.4976e-01 [ 5.4976e-01 ] 4.5024e-01
 5.893e+00 5.4922e-01 5.4922e-01 [ 5.4922e-01 ] 4.5078e-01
 6.007e+00 5.4870e-01 5.4870e-01 [ 5.4870e-01 ] 4.5130e-01
 6.120e+00 5.4820e-01 5.4820e-01 [ 5.4820e-01 ] 4.5180e-01
 6.233e+00 5.4771e-01 5.4771e-01 [ 5.4771e-01 ] 4.5229e-01
 6.347e+00 5.4723e-01 5.4723e-01 [ 5.4723e-01 ] 4.5277e-01
 6.460e+00 5.4676e-01 5.4676e-01 [ 5.4676e-01 ] 4.5324e-01
 6.573e+00 5.4630e-01 5.4630e-01 [ 5.4630e-01 ] 4.5370e-01
 6.687e+00 5.4586e-01 5.4586e-01 [ 5.4586e-01 ] 4.5414e-01
 6.800e+00 5.4542e-01 5.4542e-01 [ 5.4542e-01 ] 4.5458e-01
 6.913e+00 5.4499e-01 5.4499e-01 [ 5.4499e-01 ] 4.5501e-01
 7.027e+00 5.4457e-01 5.4457e-01 [ 5.4457e-01 ] 4.5543e-01
 7.140e+00 5.4415e-01 5.4415e-01 [ 5.4415e-01 ] 4.5585e-01
 7.253e+00 5.4374e-01 5.4374e-01 [ 5.4374e-01 ] 4.5626e-01
 7.367e+00 5.4334e-01 5.4334e-01 [ 5.4334e-01 ] 4.5666e-01
 7.480e+00 5.4295e-01 5.4295e-01 [ 5.4295e-01 ] 4.5705e-01
 7.593e+00 5.4255e-01 5.4255e-01 [ 5.4255e-01 ] 4.5745e-01
 7.707e+00 5.4217e-01 5.4217e-01 [ 5.4217e-01 ] 4.5783e-01
 7.820e+00 5.4178e-01 5.4178e-01 [ 5.4178e-01 ] 4.5822e-01
 7.933e+00 5.4140e-01 5.4140e-01 [ 5.4140e-01 ] 4.5860e-01
 8.047e+00 5.4103e-01 5.4103e-01 [ 5.4103e-01 ] 4.5897e-01
 8.160e+00 5.4065e-01 5.4065e-01 [ 5.4065e-01 ] 4.5935e-01
 8.273e+00 5.4028e-01 5.4028e-01 [ 5.4028e-01 ] 4.5972e-01
 8.387e+00 5.3991e-01 5.3991e-01 [ 5.3991e-01 ] 4.6009e-01
 8.500e+00 5.3954e-01 5.3954e-01 [ 5.3954e-01 ] 4.6046e-01
 8.613e+00 5.3917e-01 5.3917e-01 [ 5.3917e-01 ] 4.6083e-01
 8.727e+00 5.3881e-01 5.3881e-01 [ 5.3881e-01 ] 4.6119e-01
 8.840e+00 5.3844e-01 5.3844e-01 [ 5.3844e-01 ] 4.6156e-01
 8.953e+00 5.3807e-01 5.3807e-01 [ 5.3807e-01 ] 4.6193e-01
 9.067e+00 5.3771e-01 5.3771e-01 [ 5.3771e-01 ] 4.6229e-01
 9.180e+00 5.3734e-01 5.3734e-01 [ 5.3734e-01 ] 4.6266e-01
 9.293e+00 5.3697e-01 5.3697e-01 [ 5.3697e-01 ] 4.6303e-01
 9.407e+00 5.3661e-01 5.3661e-01 [ 5.3661e-01 ] 4.6339e-01
 9.520e+00 5.3624e-01 5.3624e-01 [ 5.3624e-01 ] 4.6376e-01
 9.633e+00 5.3587e-01 5.3587e-01 [ 5.3587e-01 ] 4.6413e-01
 9.747e+00 5.3550e-01 5.3550e-01 [ 5.3550e-01 ] 4.6450e-01
 9.860e+00 5.3512e-01 5.3512e-01 [ 5.3512e-01 ] 4.6488e-01
 9.973e+00 5.3475e-01 5.3475e-01 [ 5.3475e-01 ] 4.6525e-01
 1.009e+01 5.3437e-01 5.3437e-01 [ 5.3437e-01 ] 4.6563e-01
 1.020e+01 5.3400e-01 5.3400e-01 [ 5.3400e-01 ] 4.6600e-01
 1.031e+01 5.3362e-01 5.3362e-01 [ 5.3362e-01 ] 4.6638e-01
 1.043e+01 5.3324e-01 5.3324e-01 [ 5.3324e-01 ] 4.6676e-01
 1.054e+01 5.3285e-01 5.3285e-01 [ 5.3285e-01 ] 4.6715e-01
 1.065e+01 5.3247e-01 5.3247e-01 [ 5.3247e-01 ] 4.6753e-01
 1.077e+01 5.3208e-01 5.3208e-01 [ 5.3208e-01 ] 4.6792e-01
 1.088e+01 5.3169e-01 5.3169e-01 [ 5.3169e-01 ] 4.6831e-01
 1.099e+01 5.3129e-01 5.3129e-01 [ 5.3129e-01 ] 4.6871e-01
 1.111e+01 5.3089e-01 5.3089e-01 [ 5.3089e-01 ] 4.6911e-01
 1.122e+01 5.3049e-01 5.3049e-01 [ 5.3049e-01 ] 4.6951e-01
 1.133e+01 5.3009e-01 5.3009e-01 [ 5.3009e-01 ] 4.6991e-01
 1.145e+01 5.2968e-01 5.2968e-01 [ 5.2968e-01 ] 4.7032e-01
 1.156e+01 5.2928e-01 5.2928e-01 [ 5.2928e-01 ] 4.7072e-01
 1.167e+01 5.2886e-01 5.2886e-01 [ 5.2886e-01 ] 4.7114e-01
 1.179e+01 5.2845e-01 5.2845e-01 [ 5.2845e-01 ] 4.7155e-01
 1.190e+01 5.2803e-01 5.2803e-01 [ 5.2803e-01 ] 4.7197e-01
 1.201e+01 5.2760e-01 5.2760e-01 [ 5.2760e-01 ] 4.7240e-01
 1.213e+01 5.2718e-01 5.2718e-01 [ 5.2718e-01 ] 4.7282e-01
 1.224e+01 5.2675e-01 5.2675e-01 [ 5.2675e-01 ] 4.7325e-01
 1.235e+01 5.2631e-01 5.2631e-01 [ 5.2631e-01 ] 4.7369e-01
 1.247e+01 5.2588e-01 5.2588e-01 [ 5.2588e-01 ] 4.7412e-01
 1.258e+01 5.2544e-01 5.2544e-01 [ 5.2544e-01 ] 4.7456e-01
 1.269e+01 5.2499e-01 5.2499e-01 [ 5.2499e-01 ] 4.7501e-01
 1.281e+01 5.2454e-01 5.2454e-01 [ 5.2454e-01 ] 4.7546e-01
 1.292e+01 5.2409e-01 5.2409e-01 [ 5.2409e-01 ] 4.7591e-01
 1.303e+01 5.2363e-01 5.2363e-01 [ 5.2363e-01 ] 4.7637e-01
 1.315e+01 5.2317e-01 5.2317e-01 [ 5.2317e-01 ] 4.7683e-01
 1.326e+01 5.2271e-01 5.2271e-01 [ 5.2271e-01 ] 4.7729e-01
 1.337e+01 5.2224e-01 5.2224e-01 [ 5.2224e-01 ] 4.7776e-01
 1.349e+01 5.2176e-01 5.2176e-01 [ 5.2176e-01 ] 4.7824e-01
 1.360e+01 5.2128e-01 5.2128e-01 [ 5.2128e-01 ] 4.7872e-01
 1.371e+01 5.2080e-01 5.2080e-01 [ 5.2080e-01 ] 4.7920e-01
 1.383e+01 5.2031e-01 5.2031e-01 [ 5.2031e-01 ] 4.7969e-01
 1.394e+01 5.1982e-01 5.1982e-01 [ 5.1982e-01 ] 4.8018e-01
 1.405e+01 5.1933e-01 5.1933e-01 [ 5.1933e-01 ] 4.8067e-01
 1.417e+01 5.1883e-01 5.1883e-01 [ 5.1883e-01 ] 4.8117e-01
 1.428e+01 5.1832e-01 5.1832e-01 [ 5.1832e-01 ] 4.8168e-01
 1.439e+01 5.1781e-01 5.1781e-01 [ 5.1781e-01 ] 4.8219e-01
 1.451e+01 5.1730e-01 5.1730e-01 [ 5.1730e-01 ] 4.8270e-01
 1.462e+01 5.1678e-01 5.1678e-01 [ 5.1678e-01 ] 4.8322e-01
 1.473e+01 5.1625e-01 5.1625e-01 [ 5.1625e-01 ] 4.8375e-01
 1.485e+01 5.1573e-01 5.1573e-01 [ 5.1573e-01 ] 4.8428e-01
 1.496e+01 5.1519e-01 5.1519e-01 [ 5.1519e-01 ] 4.8481e-01
 1.507e+01 5.1465e-01 5.1465e-01 [ 5.1465e-01 ] 4.8535e-01
 1.519e+01 5.1411e-01 5.1411e-01 [ 5.1411e-01 ] 4.8589e-01
 1.530e+01 5.1356e-01 5.1356e-01 [ 5.1356e-01 ] 4.8644e-01
 1.541e+01 5.1300e-01 5.1300e-01 [ 5.1300e-01 ] 4.8700e-01
 1.553e+01 5.1245e-01 5.1245e-01 [ 5.1245e-01 ] 4.8755e-01
 1.564e+01 5.1188e-01 5.1188e-01 [ 5.1188e-01 ] 4.8812e-01
 1.575e+01 5.1131e-01 5.1131e-01 [ 5.1131e-01 ] 4.8869e-01
 1.587e+01 5.1074e-01 5.1074e-01 [ 5.1074e-01 ] 4.8926e-01
 1.598e+01 5.1015e-01 5.1015e-01 [ 5.1015e-01 ] 4.8985e-01
 1.609e+01 5.0957e-01 5.0957e-01 [ 5.0957e-01 ] 4.9043e-01
 1.621e+01 5.0898e-01 5.0898e-01 [ 5.0898e-01 ] 4.9102e-01
 1.632e+01 5.0838e-01 5.0838e-01 [ 5.0838e-01 ] 4.9162e-01
 1.643e+01 5.0778e-01 5.0778e-01 [ 5.0778e-01 ] 4.9222e-01
 1.655e+01 5.0717e-01 5.0717e-01 [ 5.0717e-01 ] 4.9283e-01
 1.666e+01 5.0655e-01 5.0655e-01 [ 5.0655e-01 ] 4.9345e-01
 1.677e+01 5.0593e-01 5.0593e-01 [ 5.0593e-01 ] 4.9407e-01
 1.689e+01 5.0531e-01 5.0531e-01 [ 5.0531e-01 ] 4.9469e-01
 1.700e+01 5.0468e-01 5.0468e-01 [ 5.0468e-01 ] 4.9532e-01
 1.711e+01 5.0404e-01 5.0404e-01 [ 5.0404e-01 ] 4.9596e-01
 1.723e+01 5.0340e-01 5.0340e-01 [ 5.0340e-01 ] 4.9660e-01
 1.734e+01 5.0275e-01 5.0275e-01 [ 5.0275e-01 ] 4.9725e-01
 1.745e+01 5.0209e-01 5.0209e-01 [ 5.0209e-01 ] 4.9791e-01
 1.757e+01 5.0143e-01 5.0143e-01 [ 5.0143e-01 ] 4.9857e-01
 1.768e+01 5.0076e-01 5.0076e-01 [ 5.0076e-01 ] 4.9924e-01
 1.779e+01 5.0009e-01 5.0009e-01 [ 5.0009e-01 ] 4.9991e-01
 1.791e+01 4.9941e-01 4.9941e-01 [ 4.9941e-01 ] 5.0059e-01
 1.802e+01 4.9872e-01 4.9872e-01 [ 4.9872e-01 ] 5.0128e-01
 1.813e+01 4.9803e-01 4.9803e-01 [ 4.9803e-01 ] 5.0197e-01
 1.825e+01 4.9733e-01 4.9733e-01 [ 4.9733e-01 ] 5.0267e-01
 1.836e+01 4.9663e-01 4.9663e-01 [ 4.9663e-01 ] 5.0337e-01
 1.847e+01 4.9591e-01 4.9591e-01 [ 4.9591e-01 ] 5.0409e-01
 1.859e+01 4.9520e-01 4.9520e-01 [ 4.9520e-01 ] 5.0480e-01
 1.870e+01 4.9447e-01 4.9447e-01 [ 4.9447e-01 ] 5.0553e-01
 1.881e+01 4.9374e-01 4.9374e-01 [ 4.9374e-01 ] 5.0626e-01
 1.893e+01 4.9300e-01 4.9300e-01 [ 4.9300e-01 ] 5.0700e-01
 1.904e+01 4.9225e-01 4.9225e-01 [ 4.9225e-01 ] 5.0775e-01
 1.915e+01 4.9150e-01 4.9150e-01 [ 4.9150e-01 ] 5.0850e-01
 1.927e+01 4.9074e-01 4.9074e-01 [ 4.9074e-01 ] 5.0926e-01
 1.938e+01 4.8998e-01 4.8998e-01 [ 4.8998e-01 ] 5.1002e-01
 1.949e+01 4.8920e-01 4.8920e-01 [ 4.8920e-01 ] 5.1080e-01
 1.961e+01 4.8842e-01 4.8842e-01 [ 4.8842e-01 ] 5.1158e-01
 1.972e+01 4.8764e-01 4.8764e-01 [ 4.8764e-01 ] 5.1236e-01
 1.983e+01 4.8684e-01 4.8684e-01 [ 4.8684e-01 ] 5.1316e-01
 1.995e+01 4.8604e-01 4.8604e-01 [ 4.8604e-01 ] 5.1396e-01
 2.006e+01 4.8523e-01 4.8523e-01 [ 4.8523e-01 ] 5.1477e-01
 2.017e+01 4.8442e-01 4.8442e-01 [ 4.8442e-01 ] 5.1558e-01
 2.029e+01 4.8360e-01 4.8360e-01 [ 4.8360e-01 ] 5.1640e-01
 2.040e+01 4.8277e-01 4.8277e-01 [ 4.8277e-01 ] 5.1723e-01
 2.051e+01 4.8193e-01 4.8193e-01 [ 4.8193e-01 ] 5.1807e-01
 2.063e+01 4.8108e-01 4.8108e-01 [ 4.8108e-01 ] 5.1892e-01
 2.074e+01 4.8023e-01 4.8023e-01 [ 4.8023e-01 ] 5.1977e-01
 2.085e+01 4.7937e-01 4.7937e-01 [ 4.7937e-01 ] 5.2063e-01
 2.097e+01 4.7851e-01 4.7851e-01 [ 4.7851e-01 ] 5.2149e-01
 2.108e+01 4.7763e-01 4.7763e-01 [ 4.7763e-01 ] 5.2237e-01
 2.119e+01 4.7675e-01 4.7675e-01 [ 4.7675e-01 ] 5.2325e-01
 2.131e+01 4.7586e-01 4.7586e-01 [ 4.7586e-01 ] 5.2414e-01
 2.142e+01 4.7496e-01 4.7496e-01 [ 4.7496e-01 ] 5.2504e-01
 2.153e+01 4.7406e-01 4.7406e-01 [ 4.7406e-01 ] 5.2594e-01
 2.165e+01 4.7315e-01 4.7315e-01 [ 4.7315e-01 ] 5.2685e-01
 2.176e+01 4.7223e-01 4.7223e-01 [ 4.7223e-01 ] 5.2777e-01
 2.187e+01 4.7130e-01 4.7130e-01 [ 4.7130e-01 ] 5.2870e-01
 2.199e+01 4.7036e-01 4.7036e-01 [ 4.7036e-01 ] 5.2964e-01
 2.210e+01 4.6941e-01 4.6941e-01 [ 4.6941e-01 ] 5.3059e-01
 2.221e+01 4.6846e-01 4.6846e-01 [ 4.6846e-01 ] 5.3154e-01
 2.233e+01 4.6749e-01 4.6749e-01 [ 4.6749e-01 ] 5.3251e-01
 2.244e+01 4.6652e-01 4.6652e-01 [ 4.6652e-01 ] 5.3348e-01
 2.255e+01 4.6554e-01 4.6554e-01 [ 4.6554e-01 ] 5.3446e-01
 2.267e+01 4.6455e-01 4.6455e-01 [ 4.6455e-01 ] 5.3545e-01
 2.278e+01 4.6354e-01 4.6354e-01 [ 4.6354e-01 ] 5.3646e-01
 2.289e+01 4.6253e-01 4.6253e-01 [ 4.6253e-01 ] 5.3747e-01
 2.301e+01 4.6151e-01 4.6151e-01 [ 4.6151e-01 ] 5.3849e-01
 2.312e+01 4.6047e-01 4.6047e-01 [ 4.6047e-01 ] 5.3953e-01
 2.323e+01 4.5942e-01 4.5942e-01 [ 4.5942e-01 ] 5.4058e-01
 2.335e+01 4.5836e-01 4.5836e-01 [ 4.5836e-01 ] 5.4164e-01
 2.346e+01 4.5729e-01 4.5729e-01 [ 4.5729e-01 ] 5.4271e-01
 2.357e+01 4.5620e-01 4.5620e-01 [ 4.5620e-01 ] 5.4380e-01
 2.369e+01 4.5509e-01 4.5509e-01 [ 4.5509e-01 ] 5.4491e-01
 2.380e+01 4.5397e-01 4.5397e-01 [ 4.5397e-01 ] 5.4603e-01
 2.391e+01 4.5283e-01 4.5283e-01 [ 4.5283e-01 ] 5.4717e-01
 2.403e+01 4.5167e-01 4.5167e-01 [ 4.5167e-01 ] 5.4833e-01
 2.414e+01 4.5049e-01 4.5049e-01 [ 4.5049e-01 ] 5.4951e-01
 2.425e+01 4.4929e-01 4.4929e-01 [ 4.4929e-01 ] 5.5071e-01
 2.437e+01 4.4807e-01 4.4807e-01 [ 4.4807e-01 ] 5.5193e-01
 2.448e+01 4.4682e-01 4.4682e-01 [ 4.4682e-01 ] 5.5318e-01
 2.459e+01 4.4555e-01 4.4555e-01 [ 4.4555e-01 ] 5.5445e-01
 2.471e+01 4.4425e-01 4.4425e-01 [ 4.4425e-01 ] 5.5575e-01
 2.482e+01 4.4292e-01 4.4292e-01 [ 4.4292e-01 ] 5.5708e-01
 2.493e+01 4.4156e-01 4.4156e-01 [ 4.4156e-01 ] 5.5844e-01
 2.505e+01 4.4016e-01 4.4016e-01 [ 4.4016e-01 ] 5.5984e-01
 2.516e+01 4.3873e-01 4.3873e-01 [ 4.3873e-01 ] 5.6127e-01
 2.527e+01 4.3726e-01 4.3726e-01 [ 4.3726e-01 ] 5.6274e-01
 2.539e+01 4.3576e-01 4.3576e-01 [ 4.3576e-01 ] 5.6424e-01
 2.550e+01 4.3421e-01 4.3421e-01 [ 4.3421e-01 ] 5.6579e-01
 2.561e+01 4.3263e-01 4.3263e-01 [ 4.3263e-01 ] 5.6737e-01
 2.573e+01 4.3099e-01 4.3099e-01 [ 4.3099e-01 ] 5.6901e-01
 2.584e+01 4.2932e-01 4.2932e-01 [ 4.2932e-01 ] 5.7068e-01
 2.595e+01 4.2760e-01 4.2760e-01 [ 4.2760e-01 ] 5.7240e-01
 2.607e+01 4.2583e-01 4.2583e-01 [ 4.2583e-01 ] 5.7417e-01
 2.618e+01 4.2402e-01 4.2402e-01 [ 4.2402e-01 ] 5.7598e-01
 2.629e+01 4.2216e-01 4.2216e-01 [ 4.2216e-01 ] 5.7784e-01
 2.641e+01 4.2025e-01 4.2025e-01 [ 4.2025e-01 ] 5.7975e-01
 2.652e+01 4.1830e-01 4.1830e-01 [ 4.1830e-01 ] 5.8170e-01
 2.663e+01 4.1630e-01 4.1630e-01 [ 4.1630e-01 ] 5.8370e-01
 2.675e+01 4.1427e-01 4.1427e-01 [ 4.1427e-01 ] 5.8573e-01
 2.686e+01 4.1220e-01 4.1220e-01 [ 4.1220e-01 ] 5.8780e-01
 2.697e+01 4.1009e-01 4.1009e-01 [ 4.1009e-01 ] 5.8991e-01
 2.709e+01 4.0795e-01 4.0795e-01 [ 4.0795e-01 ] 5.9205e-01
 2.720e+01 4.0579e-01 4.0579e-01 [ 4.0579e-01 ] 5.9421e-01
 2.731e+01 4.0361e-01 4.0361e-01 [ 4.0361e-01 ] 5.9639e-01
 2.743e+01 4.0143e-01 4.0143e-01 [ 4.0143e-01 ] 5.9857e-01
 2.754e+01 3.9924e-01 3.9924e-01 [ 3.9924e-01 ] 6.0076e-01
 2.765e+01 3.9705e-01 3.9705e-01 [ 3.9705e-01 ] 6.0295e-01
 2.777e+01 3.9488e-01 3.9488e-01 [ 3.9488e-01 ] 6.0512e-01
 2.788e+01 3.9274e-01 3.9274e-01 [ 3.9274e-01 ] 6.0726e-01
 2.799e+01 3.9064e-01 3.9064e-01 [ 3.9064e-01 ] 6.0936e-01
 2.811e+01 3.8859e-01 3.8859e-01 [ 3.8859e-01 ] 6.1141e-01
 2.822e+01 3.8660e-01 3.8660e-01 [ 3.8660e-01 ] 6.1340e-01
 2.833e+01 3.8469e-01 3.8469e-01 [ 3.8469e-01 ] 6.1531e-01
 2.845e+01 3.8287e-01 3.8287e-01 [ 3.8287e-01 ] 6.1713e-01
 2.856e+01 3.8115e-01 3.8115e-01 [ 3.8115e-01 ] 6.1885e-01
 2.867e+01 3.7955e-01 3.7955e-01 [ 3.7955e-01 ] 6.2045e-01
 2.879e+01 3.7808e-01 3.7808e-01 [ 3.7808e-01 ] 6.2192e-01
 2.890e+01 3.7676e-01 3.7676e-01 [ 3.7676e-01 ] 6.2324e-01
 2.901e+01 3.7560e-01 3.7560e-01 [ 3.7560e-01 ] 6.2440e-01
 2.913e+01 3.7462e-01 3.7462e-01 [ 3.7462e-01 ] 6.2538e-01
 2.924e+01 3.7382e-01 3.7382e-01 [ 3.7382e-01 ] 6.2618e-01
 2.935e+01 3.7321e-01 3.7321e-01 [ 3.7321e-01 ] 6.2679e-01
 2.947e+01 3.7282e-01 3.7282e-01 [ 3.7282e-01 ] 6.2718e-01
 2.958e+01 3.7264e-01 3.7264e-01 [ 3.7264e-01 ] 6.2736e-01
 2.969e+01 3.7269e-01 3.7269e-01 [ 3.7269e-01 ] 6.2731e-01
 2.981e+01 3.7297e-01 3.7297e-01 [ 3.7297e-01 ] 6.2703e-01
 2.992e+01 3.7349e-01 3.7349e-01 [ 3.7349e-01 ] 6.2651e-01
 3.003e+01 3.7425e-01 3.7425e-01 [ 3.7425e-01 ] 6.2575e-01
 3.015e+01 3.7525e-01 3.7525e-01 [ 3.7525e-01 ] 6.2475e-01
 3.026e+01 3.7649e-01 3.7649e-01 [ 3.7649e-01 ] 6.2351e-01
 3.037e+01 3.7796e-01 3.7796e-01 [ 3.7796e-01 ] 6.2204e-01
 3.049e+01 3.7966e-01 3.7966e-01 [ 3.7966e-01 ] 6.2034e-01
 3.060e+01 3.8158e-01 3.8158e-01 [ 3.8158e-01 ] 6.1842e-01
 3.071e+01 3.8371e-01 3.8371e-01 [ 3.8371e-01 ] 6.1629e-01
 3.083e+01 3.8602e-01 3.8602e-01 [ 3.8602e-01 ] 6.1398e-01
 3.094e+01 3.8851e-01 3.8851e-01 [ 3.8851e-01 ] 6.1149e-01
 3.105e+01 3.9114e-01 3.9114e-01 [ 3.9114e-01 ] 6.0886e-01
 3.117e+01 3.9389e-01 3.9389e-01 [ 3.9389e-01 ] 6.0611e-01
 3.128e+01 3.9674e-01 3.9674e-01 [ 3.9674e-01 ] 6.0327e-01
 3.139e+01 3.9963e-01 3.9963e-01 [ 3.9963e-01 ] 6.0037e-01
 3.151e+01 4.0254e-01 4.0254e-01 [ 4.0254e-01 ] 5.9746e-01
 3.162e+01 4.0542e-01 4.0542e-01 [ 4.0542e-01 ] 5.9458e-01
 3.173e+01 4.0822e-01 4.0822e-01 [ 4.0822e-01 ] 5.9178e-01
 3.185e+01 4.1089e-01 4.1089e-01 [ 4.1089e-01 ] 5.8911e-01
 3.196e+01 4.1337e-01 4.1337e-01 [ 4.1337e-01 ] 5.8663e-01
 3.207e+01 4.1559e-01 4.1559e-01 [ 4.1559e-01 ] 5.8441e-01
 3.219e+01 4.1749e-01 4.1749e-01 [ 4.1749e-01 ] 5.8251e-01
 3.230e+01 4.1898e-01 4.1898e-01 [ 4.1898e-01 ] 5.8102e-01
 3.241e+01 4.2000e-01 4.2000e-01 [ 4.2000e-01 ] 5.8001e-01
 3.253e+01 4.2044e-01 4.2044e-01 [ 4.2044e-01 ] 5.7956e-01
 3.264e+01 4.2022e-01 4.2022e-01 [ 4.2022e-01 ] 5.7978e-01
 3.275e+01 4.1924e-01 4.1924e-01 [ 4.1924e-01 ] 5.8076e-01
 3.287e+01 4.1741e-01 4.1741e-01 [ 4.1741e-01 ] 5.8259e-01
 3.298e+01 4.1462e-01 4.1462e-01 [ 4.1462e-01 ] 5.8538e-01
 3.309e+01 4.1079e-01 4.1079e-01 [ 4.1079e-01 ] 5.8921e-01
 3.321e+01 4.0583e-01 4.0583e-01 [ 4.0583e-01 ] 5.9417e-01
 3.332e+01 3.9966e-01 3.9966e-01 [ 3.9966e-01 ] 6.0034e-01
 3.343e+01 3.9221e-01 3.9221e-01 [ 3.9221e-01 ] 6.0779e-01
 3.355e+01 3.8347e-01 3.8347e-01 [ 3.8347e-01 ] 6.1653e-01
 3.366e+01 3.7341e-01 3.7341e-01 [ 3.7341e-01 ] 6.2659e-01
 3.377e+01 3.6207e-01 3.6207e-01 [ 3.6207e-01 ] 6.3793e-01
 3.389e+01 3.4952e-01 3.4952e-01 [ 3.4952e-01 ] 6.5048e-01
 3.400e+01 3.3585e-01 3.3585e-01 [ 3.3585e-01 ] 6.6415e-01
 3.411e+01 3.2121e-01 3.2121e-01 [ 3.2121e-01 ] 6.7879e-01
 3.423e+01 3.0577e-01 3.0577e-01 [ 3.0577e-01 ] 6.9423e-01
 3.434e+01 2.8973e-01 2.8973e-01 [ 2.8973e-01 ] 7.1027e-01
 3.445e+01 2.7331e-01 2.7331e-01 [ 2.7331e-01 ] 7.2669e-01
 3.457e+01 2.5673e-01 2.5673e-01 [ 2.5673e-01 ] 7.4327e-01
 3.468e+01 2.4021e-01 2.4021e-01 [ 2.4021e-01 ] 7.5979e-01
 3.479e+01 2.2396e-01 2.2396e-01 [ 2.2396e-01 ] 7.7604e-01
 3.491e+01 2.0815e-01 2.0815e-01 [ 2.0815e-01 ] 7.9185e-01
 3.502e+01 1.9294e-01 1.9294e-01 [ 1.9294e-01 ] 8.0706e-01
 3.513e+01 1.7845e-01 1.7845e-01 [ 1.7845e-01 ] 8.2155e-01
 3.525e+01 1.6476e-01 1.6476e-01 [ 1.6476e-01 ] 8.3524e-01
 3.536e+01 1.5195e-01 1.5195e-01 [ 1.5195e-01 ] 8.4805e-01
 3.547e+01 1.4003e-01 1.4003e-01 [ 1.4003e-01 ] 8.5997e-01
 3.559e+01 1.2901e-01 1.2901e-01 [ 1.2901e-01 ] 8.7099e-01
 3.570e+01 1.1888e-01 1.1888e-01 [ 1.1888e-01 ] 8.8112e-01
 3.581e+01 1.0961e-01 1.0961e-01 [ 1.0961e-01 ] 8.9039e-01
 3.593e+01 1.0116e-01 1.0116e-01 [ 1.0116e-01 ] 8.9884e-01
 3.604e+01 9.3479e-02 9.3479e-02 [ 9.3479e-02 ] 9.0652e-01
 3.615e+01 8.6516e-02 8.6516e-02 [ 8.6516e-02 ] 9.1348e-01
 3.627e+01 8.0214e-02 8.0214e-02 [ 8.0214e-02 ] 9.1979e-01
 3.638e+01 7.4519e-02 7.4519e-02 [ 7.4519e-02 ] 9.2548e-01
 3.649e+01 6.9375e-02 6.9375e-02 [ 6.9375e-02 ] 9.3062e-01
 3.661e+01 6.4731e-02 6.4731e-02 [ 6.4731e-02 ] 9.3527e-01
 3.672e+01 6.0538e-02 6.0538e-02 [ 6.0538e-02 ] 9.3946e-01
 3.683e+01 5.6750e-02 5.6750e-02 [ 5.6750e-02 ] 9.4325e-01
 3.695e+01 5.3325e-02 5.3325e-02 [ 5.3325e-02 ] 9.4667e-01
 3.706e+01 5.0225e-02 5.0225e-02 [ 5.0225e-02 ] 9.4977e-01
 3.717e+01 4.7415e-02 4.7415e-02 [ 4.7415e-02 ] 9.5259e-01
 3.729e+01 4.4863e-02 4.4863e-02 [ 4.4863e-02 ] 9.5514e-01
 3.740e+01 4.2541e-02 4.2541e-02 [ 4.2541e-02 ] 9.5746e-01
 3.751e+01 4.0425e-02 4.0425e-02 [ 4.0425e-02 ] 9.5958e-01
 3.763e+01 3.8490e-02 3.8490e-02 [ 3.8490e-02 ] 9.6151e-01
 3.774e+01 3.6718e-02 3.6718e-02 [ 3.6718e-02 ] 9.6328e-01
 3.785e+01 3.5089e-02 3.5089e-02 [ 3.5089e-02 ] 9.6491e-01
 3.797e+01 3.3589e-02 3.3589e-02 [ 3.3589e-02 ] 9.6641e-01
 3.808e+01 3.2203e-02 3.2203e-02 [ 3.2203e-02 ] 9.6780e-01
 3.819e+01 3.0918e-02 3.0918e-02 [ 3.0918e-02 ] 9.6908e-01
 3.831e+01 2.9723e-02 2.9723e-02 [ 2.9723e-02 ] 9.7028e-01
 3.842e+01 2.8610e-02 2.8610e-02 [ 2.8610e-02 ] 9.7139e-01
 3.853e+01 2.7568e-02 2.7568e-02 [ 2.7568e-02 ] 9.7243e-01
 3.865e+01 2.6590e-02 2.6590e-02 [ 2.6590e-02 ] 9.7341e-01
 3.876e+01 2.5669e-02 2.5669e-02 [ 2.5669e-02 ] 9.7433e-01
 3.887e+01 2.4800e-02 2.4800e-02 [ 2.4800e-02 ] 9.7520e-01
 3.899e+01 2.3977e-02 2.3977e-02 [ 2.3977e-02 ] 9.7602e-01
 3.910e+01 2.3195e-02 2.3195e-02 [ 2.3195e-02 ] 9.7681e-01
 3.921e+01 2.2450e-02 2.2450e-02 [ 2.2450e-02 ] 9.7755e-01
 3.933e+01 2.1738e-02 2.1738e-02 [ 2.1738e-02 ] 9.7826e-01
 3.944e+01 2.1057e-02 2.1057e-02 [ 2.1057e-02 ] 9.7894e-01
 3.955e+01 2.0403e-02 2.0403e-02 [ 2.0403e-02 ] 9.7960e-01
 3.967e+01 1.9774e-02 1.9774e-02 [ 1.9774e-02 ] 9.8023e-01
 3.978e+01 1.9168e-02 1.9168e-02 [ 1.9168e-02 ] 9.8083e-01
 3.989e+01 1.8582e-02 1.8582e-02 [ 1.8582e-02 ] 9.8142e-01
 4.001e+01 1.8016e-02 1.8016e-02 [ 1.8016e-02 ] 9.8198e-01
 4.012e+01 1.7467e-02 1.7467e-02 [ 1.7467e-02 ] 9.8253e-01
 4.023e+01 1.6934e-02 1.6934e-02 [ 1.6934e-02 ] 9.8307e-01
 4.035e+01 1.6416e-02 1.6416e-02 [ 1.6416e-02 ] 9.8358e-01
 4.046e+01 1.5912e-02 1.5912e-02 [ 1.5912e-02 ] 9.8409e-01
 4.057e+01 1.5422e-02 1.5422e-02 [ 1.5422e-02 ] 9.8458e-01
 4.069e+01 1.4944e-02 1.4944e-02 [ 1.4944e-02 ] 9.8506e-01
 4.080e+01 1.4478e-02 1.4478e-02 [ 1.4478e-02 ] 9.8552e-01
 4.091e+01 1.4023e-02 1.4023e-02 [ 1.4023e-02 ] 9.8598e-01
 4.103e+01 1.3579e-02 1.3579e-02 [ 1.3579e-02 ] 9.8642e-01
 4.114e+01 1.3145e-02 1.3145e-02 [ 1.3145e-02 ] 9.8685e-01
 4.125e+01 1.2722e-02 1.2722e-02 [ 1.2722e-02 ] 9.8728e-01
 4.137e+01 1.2308e-02 1.2308e-02 [ 1.2308e-02 ] 9.8769e-01
 4.148e+01 1.1904e-02 1.1904e-02 [ 1.1904e-02 ] 9.8810e-01
 4.159e+01 1.1509e-02 1.1509e-02 [ 1.1509e-02 ] 9.8849e-01
 4.171e+01 1.1123e-02 1.1123e-02 [ 1.1123e-02 ] 9.8888e-01
 4.182e+01 1.0747e-02 1.0747e-02 [ 1.0747e-02 ] 9.8925e-01
 4.193e+01 1.0379e-02 1.0379e-02 [ 1.0379e-02 ] 9.8962e-01
 4.205e+01 1.0020e-02 1.0020e-02 [ 1.0020e-02 ] 9.8998e-01
 4.216e+01 9.6690e-03 9.6690e-03 [ 9.6690e-03 ] 9.9033e-01
 4.227e+01 9.3269e-03 9.3269e-03 [ 9.3269e-03 ] 9.9067e-01
 4.239e+01 8.9933e-03 8.9933e-03 [ 8.9933e-03 ] 9.9101e-01
 4.250e+01 8.6681e-03 8.6681e-03 [ 8.6681e-03 ] 9.9133e-01
 4.261e+01 8.3511e-03 8.3511e-03 [ 8.3511e-03 ] 9.9165e-01
 4.273e+01 8.0423e-03 8.0423e-03 [ 8.0423e-03 ] 9.9196e-01
 4.284e+01 7.7417e-03 7.7417e-03 [ 7.7417e-03 ] 9.9226e-01
 4.295e+01 7.4492e-03 7.4492e-03 [ 7.4492e-03 ] 9.9255e-01
 4.307e+01 7.1647e-03 7.1647e-03 [ 7.1647e-03 ] 9.9284e-01
 4.318e+01 6.8881e-03 6.8881e-03 [ 6.8881e-03 ] 9.9311e-01
 4.329e+01 6.6193e-03 6.6193e-03 [ 6.6193e-03 ] 9.9338e-01
 4.341e+01 6.3584e-03 6.3584e-03 [ 6.3584e-03 ] 9.9364e-01
 4.352e+01 6.1051e-03 6.1051e-03 [ 6.1051e-03 ] 9.9389e-01
 4.363e+01 5.8594e-03 5.8594e-03 [ 5.8594e-03 ] 9.9414e-01
 4.375e+01 5.6212e-03 5.6212e-03 [ 5.6212e-03 ] 9.9438e-01
 4.386e+01 5.3904e-03 5.3904e-03 [ 5.3904e-03 ] 9.9461e-01
 4.397e+01 5.1669e-03 5.1669e-03 [ 5.1669e-03 ] 9.9483e-01
 4.409e+01 4.9505e-03 4.9505e-03 [ 4.9505e-03 ] 9.9505e-01
 4.420e+01 4.7413e-03 4.7413e-03 [ 4.7413e-03 ] 9.9526e-01
 4.431e+01 4.5389e-03 4.5389e-03 [ 4.5389e-03 ] 9.9546e-01
 4.443e+01 4.3435e-03 4.3435e-03 [ 4.3435e-03 ] 9.9566e-01
 4.454e+01 4.1547e-03 4.1547e-03 [ 4.1547e-03 ] 9.9585e-01
 4.465e+01 3.9725e-03 3.9725e-03 [ 3.9725e-03 ] 9.9603e-01
 4.477e+01 3.7967e-03 3.7967e-03 [ 3.7967e-03 ] 9.9620e-01
 4.488e+01 3.6272e-03 3.6272e-03 [ 3.6272e-03 ] 9.9637e-01
 4.499e+01 3.4639e-03 3.4639e-03 [ 3.4639e-03 ] 9.9654e-01
 4.511e+01 3.3066e-03 3.3066e-03 [ 3.3066e-03 ] 9.9669e-01
 4.522e+01 3.1552e-03 3.1552e-03 [ 3.1552e-03 ] 9.9684e-01
 4.533e+01 3.0095e-03 3.0095e-03 [ 3.0095e-03 ] 9.9699e-01
 4.545e+01 2.8695e-03 2.8695e-03 [ 2.8695e-03 ] 9.9713e-01
 4.556e+01 2.7348e-03 2.7348e-03 [ 2.7348e-03 ] 9.9727e-01
 4.567e+01 2.6055e-03 2.6055e-03 [ 2.6055e-03 ] 9.9739e-01
 4.579e+01 2.4813e-03 2.4813e-03 [ 2.4813e-03 ] 9.9752e-01
 4.590e+01 2.3622e-03 2.3622e-03 [ 2.3622e-03 ] 9.9764e-01
 4.601e+01 2.2479e-03 2.2479e-03 [ 2.2479e-03 ] 9.9775e-01
 4.613e+01 2.1383e-03 2.1383e-03 [ 2.1383e-03 ] 9.9786e-01
 4.624e+01 2.0333e-03 2.0333e-03 [ 2.0333e-03 ] 9.9797e-01
 4.635e+01 1.9328e-03 1.9328e-03 [ 1.9328e-03 ] 9.9807e-01
 4.647e+01 1.8365e-03 1.8365e-03 [ 1.8365e-03 ] 9.9816e-01
 4.658e+01 1.7444e-03 1.7444e-03 [ 1.7444e-03 ] 9.9826e-01
 4.669e+01 1.6563e-03 1.6563e-03 [ 1.6563e-03 ] 9.9834e-01
 4.681e+01 1.5720e-03 1.5720e-03 [ 1.5720e-03 ] 9.9843e-01
 4.692e+01 1.4915e-03 1.4915e-03 [ 1.4915e-03 ] 9.9851e-01
 4.703e+01 1.4147e-03 1.4147e-03 [ 1.4147e-03 ] 9.9859e-01
 4.715e+01 1.3413e-03 1.3413e-03 [ 1.3413e-03 ] 9.9866e-01
 4.726e+01 1.2712e-03 1.2712e-03 [ 1.2712e-03 ] 9.9873e-01
 4.737e+01 1.2044e-03 1.2044e-03 [ 1.2044e-03 ] 9.9880e-01
 4.749e+01 1.1407e-03 1.1407e-03 [ 1.1407e-03 ] 9.9886e-01
 4.760e+01 1.0800e-03 1.0800e-03 [ 1.0800e-03 ] 9.9892e-01
 4.771e+01 1.0222e-03 1.0222e-03 [ 1.0222e-03 ] 9.9898e-01
 4.783e+01 9.6714e-04 9.6714e-04 [ 9.6714e-04 ] 9.9903e-01
 4.794e+01 9.1473e-04 9.1473e-04 [ 9.1473e-04 ] 9.9909e-01
 4.805e+01 8.6486e-04 8.6486e-04 [ 8.6486e-04 ] 9.9914e-01
 4.817e+01 8.1743e-04 8.1743e-04 [ 8.1743e-04 ] 9.9918e-01
 4.828e+01 7.7234e-04 7.7234e-04 [ 7.7234e-04 ] 9.9923e-01
 4.839e+01 7.2950e-04 7.2950e-04 [ 7.2950e-04 ] 9.9927e-01
 4.851e+01 6.8880e-04 6.8880e-04 [ 6.8880e-04 ] 9.9931e-01
 4.862e+01 6.5016e-04 6.5016e-04 [ 6.5016e-04 ] 9.9935e-01
 4.873e+01 6.1348e-04 6.1348e-04 [ 6.1348e-04 ] 9.9939e-01
 4.885e+01 5.7868e-04 5.7868e-04 [ 5.7868e-04 ] 9.9942e-01
 4.896e+01 5.4567e-04 5.4567e-04 [ 5.4567e-04 ] 9.9945e-01
 4.907e+01 5.1438e-04 5.1438e-04 [ 5.1438e-04 ] 9.9949e-01
 4.919e+01 4.8473e-04 4.8473e-04 [ 4.8473e-04 ] 9.9952e-01
 4.930e+01 4.5664e-04 4.5664e-04 [ 4.5664e-04 ] 9.9954e-01
 4.941e+01 4.3004e-04 4.3004e-04 [ 4.3004e-04 ] 9.9957e-01
 4.953e+01 4.0486e-04 4.0486e-04 [ 4.0486e-04 ] 9.9960e-01
 4.964e+01 3.8104e-04 3.8104e-04 [ 3.8104e-04 ] 9.9962e-01
 4.975e+01 3.5850e-04 3.5850e-04 [ 3.5850e-04 ] 9.9964e-01
 4.987e+01 3.3719e-04 3.3719e-04 [ 3.3719e-04 ] 9.9966e-01
 4.998e+01 3.1704e-04 3.1704e-04 [ 3.1704e-04 ] 9.9968e-01
 5.009e+01 2.9801e-04 2.9801e-04 [ 2.9801e-04 ] 9.9970e-01
 5.021e+01 2.8003e-04 2.8003e-04 [ 2.8003e-04 ] 9.9972e-01
 5.032e+01 2.6306e-04 2.6306e-04 [ 2.6306e-04 ] 9.9974e-01
 5.043e+01 2.4704e-04 2.4704e-04 [ 2.4704e-04 ] 9.9975e-01
 5.055e+01 2.3192e-04 2.3192e-04 [ 2.3192e-04 ] 9.9977e-01
 5.066e+01 2.1766e-04 2.1766e-04 [ 2.1766e-04 ] 9.9978e-01
 5.077e+01 2.0422e-04 2.0422e-04 [ 2.0422e-04 ] 9.9980e-01
 5.089e+01 1.9155e-04 1.9155e-04 [ 1.9155e-04 ] 9.9981e-01
 5.100e+01 1.7961e-04 1.7961e-04 [ 1.7961e-04 ] 9.9982e-01
 5.111e+01 1.6836e-04 1.6836e-04 [ 1.6836e-04 ] 9.9983e-01
 5.123e+01 1.5777e-04 1.5777e-04 [ 1.5777e-04 ] 9.9984e-01
 5.134e+01 1.4780e-04 1.4780e-04 [ 1.4780e-04 ] 9.9985e-01
 5.145e+01 1.3843e-04 1.3843e-04 [ 1.3843e-04 ] 9.9986e-01
 5.157e+01 1.2960e-04 1.2960e-04 [ 1.2960e-04 ] 9.9987e-01
 5.168e+01 1.2131e-04 1.2131e-04 [ 1.2131e-04 ] 9.9988e-01
 5.179e+01 1.1351e-04 1.1351e-04 [ 1.1351e-04 ] 9.9989e-01
 5.191e+01 1.0618e-04 1.0618e-04 [ 1.0618e-04 ] 9.9989e-01
 5.202e+01 9.9299e-05 9.9299e-05 [ 9.9299e-05 ] 9.9990e-01
 5.213e+01 9.2835e-05 9.2835e-05 [ 9.2835e-05 ] 9.9991e-01
 5.225e+01 8.6766e-05 8.6766e-05 [ 8.6766e-05 ] 9.9991e-01
 5.236e+01 8.1071e-05 8.1071e-05 [ 8.1071e-05 ] 9.9992e-01
 5.247e+01 7.5728e-05 7.5728e-05 [ 7.5728e-05 ] 9.9992e-01
 5.259e+01 7.0716e-05 7.0716e-05 [ 7.0716e-05 ] 9.9993e-01
 5.270e+01 6.6017e-05 6.6017e-05 [ 6.6017e-05 ] 9.9993e-01
 5.281e+01 6.1613e-05 6.1613e-05 [ 6.1613e-05 ] 9.9994e-01
 5.293e+01 5.7487e-05 5.7487e-05 [ 5.7487e-05 ] 9.9994e-01
 5.304e+01 5.3621e-05 5.3621e-05 [ 5.3621e-05 ] 9.9995e-01
 5.315e+01 5.0002e-05 5.0002e-05 [ 5.0002e-05 ] 9.9995e-01
 5.327e+01 4.6613e-05 4.6613e-05 [ 4.6613e-05 ] 9.9995e-01
 5.338e+01 4.3442e-05 4.3442e-05 [ 4.3442e-05 ] 9.9996e-01
 5.349e+01 4.0476e-05 4.0476e-05 [ 4.0476e-05 ] 9.9996e-01
 5.361e+01 3.7701e-05 3.7701e-05 [ 3.7701e-05 ] 9.9996e-01
 5.372e+01 3.5107e-05 3.5107e-05 [ 3.5107e-05 ] 9.9996e-01
 5.383e+01 3.2682e-05 3.2682e-05 [ 3.2682e-05 ] 9.9997e-01
 5.395e+01 3.0417e-05 3.0417e-05 [ 3.0417e-05 ] 9.9997e-01
 5.406e+01 2.8300e-05 2.8300e-05 [ 2.8300e-05 ] 9.9997e-01
 5.417e+01 2.6324e-05 2.6324e-05 [ 2.6324e-05 ] 9.9997e-01
 5.429e+01 2.4479e-05 2.4479e-05 [ 2.4479e-05 ] 9.9998e-01
 5.440e+01 2.2757e-05 2.2757e-05 [ 2.2757e-05 ] 9.9998e-01
 5.451e+01 2.1150e-05 2.1150e-05 [ 2.1150e-05 ] 9.9998e-01
 5.463e+01 1.9652e-05 1.9652e-05 [ 1.9652e-05 ] 9.9998e-01
 5.474e+01 1.8255e-05 1.8255e-05 [ 1.8255e-05 ] 9.9998e-01
 5.485e+01 1.6952e-05 1.6952e-05 [ 1.6952e-05 ] 9.9998e-01
 5.497e+01 1.5738e-05 1.5738e-05 [ 1.5738e-05 ] 9.9998e-01
 5.508e+01 1.4607e-05 1.4607e-05 [ 1.4607e-05 ] 9.9999e-01
 5.519e+01 1.3554e-05 1.3554e-05 [ 1.3554e-05 ] 9.9999e-01
 5.531e+01 1.2573e-05 1.2573e-05 [ 1.2573e-05 ] 9.9999e-01
 5.542e+01 1.1660e-05 1.1660e-05 [ 1.1660e-05 ] 9.9999e-01
 5.553e+01 1.0811e-05 1.0811e-05 [ 1.0811e-05 ] 9.9999e-01
 5.565e+01 1.0021e-05 1.0021e-05 [ 1.0021e-05 ] 9.9999e-01
 5.576e+01 9.2857e-06 9.2857e-06 [ 9.2857e-06 ] 9.9999e-01
 5.587e+01 8.6024e-06 8.6024e-06 [ 8.6024e-06 ] 9.9999e-01
 5.599e+01 7.9672e-06 7.9672e-06 [ 7.9672e-06 ] 9.9999e-01
 5.610e+01 7.3770e-06 7.3770e-06 [ 7.3770e-06 ] 9.9999e-01
 5.621e+01 6.8288e-06 6.8288e-06 [ 6.8288e-06 ] 9.9999e-01
 5.633e+01 6.3196e-06 6.3196e-06 [ 6.3196e-06 ] 9.9999e-01
 5.644e+01 5.8468e-06 5.8468e-06 [ 5.8468e-06 ] 9.9999e-01
 5.655e+01 5.4080e-06 5.4080e-06 [ 5.4080e-06 ] 9.9999e-01
 5.667e+01 5.0008e-06 5.0008e-06 [ 5.0008e-06 ] 9.9999e-01
 5.678e+01 4.6231e-06 4.6231e-06 [ 4.6231e-06 ] 1.0000e+00
 5.689e+01 4.2728e-06 4.2728e-06 [ 4.2728e-06 ] 1.0000e+00
 5.701e+01 3.9480e-06 3.9480e-06 [ 3.9480e-06 ] 1.0000e+00
 5.712e+01 3.6469e-06 3.6469e-06 [ 3.6469e-06 ] 1.0000e+00
 5.723e+01 3.3679e-06 3.3679e-06 [ 3.3679e-06 ] 1.0000e+00
 5.735e+01 3.1095e-06 3.1095e-06 [ 3.1095e-06 ] 1.0000e+00
 5.746e+01 2.8702e-06 2.8702e-06 [ 2.8702e-06 ] 1.0000e+00
 5.757e+01 2.6486e-06 2.6486e-06 [ 2.6486e-06 ] 1.0000e+00
 5.769e+01 2.4435e-06 2.4435e-06 [ 2.4435e-06 ] 1.0000e+00
 5.780e+01 2.2536e-06 2.2536e-06 [ 2.2536e-06 ] 1.0000e+00
 5.791e+01 2.0781e-06 2.0781e-06 [ 2.0781e-06 ] 1.0000e+00
 5.803e+01 1.9156e-06 1.9156e-06 [ 1.9156e-06 ] 1.0000e+00
 5.814e+01 1.7655e-06 1.7655e-06 [ 1.7655e-06 ] 1.0000e+00
 5.825e+01 1.6267e-06 1.6267e-06 [ 1.6267e-06 ] 1.0000e+00
 5.837e+01 1.4984e-06 1.4984e-06 [ 1.4984e-06 ] 1.0000e+00
 5.848e+01 1.3799e-06 1.3799e-06 [ 1.3799e-06 ] 1.0000e+00
 5.859e+01 1.2704e-06 1.2704e-06 [ 1.2704e-06 ] 1.0000e+00
 5.871e+01 1.1694e-06 1.1694e-06 [ 1.1694e-06 ] 1.0000e+00
 5.882e+01 1.0761e-06 1.0761e-06 [ 1.0761e-06 ] 1.0000e+00
 5.893e+01 9.8995e-07 9.8995e-07 [ 9.8995e-07 ] 1.0000e+00
 5.905e+01 9.1050e-07 9.1050e-07 [ 9.1050e-07 ] 1.0000e+00
 5.916e+01 8.3722e-07 8.3722e-07 [ 8.3722e-07 ] 1.0000e+00
 5.927e+01 7.6965e-07 7.6965e-07 [ 7.6965e-07 ] 1.0000e+00
 5.939e+01 7.0735e-07 7.0735e-07 [ 7.0735e-07 ] 1.0000e+00
 5.950e+01 6.4993e-07 6.4993e-07 [ 6.4993e-07 ] 1.0000e+00
 5.961e+01 5.9702e-07 5.9702e-07 [ 5.9702e-07 ] 1.0000e+00
 5.973e+01 5.4828e-07 5.4828e-07 [ 5.4828e-07 ] 1.0000e+00
 5.984e+01 5.0340e-07 5.0340e-07 [ 5.0340e-07 ] 1.0000e+00
 5.995e+01 4.6207e-07 4.6207e-07 [ 4.6207e-07 ] 1.0000e+00
 6.007e+01 4.2404e-07 4.2404e-07 [ 4.2404e-07 ] 1.0000e+00
 6.018e+01 3.8903e-07 3.8903e-07 [ 3.8903e-07 ] 1.0000e+00
 6.029e+01 3.5683e-07 3.5683e-07 [ 3.5683e-07 ] 1.0000e+00
 6.041e+01 3.2721e-07 3.2721e-07 [ 3.2721e-07 ] 1.0000e+00
 6.052e+01 2.9998e-07 2.9998e-07 [ 2.9998e-07 ] 1.0000e+00
 6.063e+01 2.7494e-07 2.7494e-07 [ 2.7494e-07 ] 1.0000e+00
 6.075e+01 2.5194e-07 2.5194e-07 [ 2.5194e-07 ] 1.0000e+00
 6.086e+01 2.3080e-07 2.3080e-07 [ 2.3080e-07 ] 1.0000e+00
 6.097e+01 2.1138e-07 2.1138e-07 [ 2.1138e-07 ] 1.0000e+00
 6.109e+01 1.9355e-07 1.9355e-07 [ 1.9355e-07 ] 1.0000e+00
 6.120e+01 1.7718e-07 1.7718e-07 [ 1.7718e-07 ] 1.0000e+00
 6.131e+01 1.6215e-07 1.6215e-07 [ 1.6215e-07 ] 1.0000e+00
 6.143e+01 1.4837e-07 1.4837e-07 [ 1.4837e-07 ] 1.0000e+00
 6.154e+01 1.3572e-07 1.3572e-07 [ 1.3572e-07 ] 1.0000e+00
 6.165e+01 1.2412e-07 1.2412e-07 [ 1.2412e-07 ] 1.0000e+00
 6.177e+01 1.1348e-07 1.1348e-07 [ 1.1348e-07 ] 1.0000e+00
 6.188e+01 1.0373e-07 1.0373e-07 [ 1.0373e-07 ] 1.0000e+00
 6.199e+01 9.4795e-08 9.4795e-08 [ 9.4795e-08 ] 1.0000e+00
 6.211e+01 8.6608e-08 8.6608e-08 [ 8.6608e-08 ] 1.0000e+00
 6.222e+01 7.9109e-08 7.9109e-08 [ 7.9109e-08 ] 1.0000e+00
 6.233e+01 7.2242e-08 7.2242e-08 [ 7.2242e-08 ] 1.0000e+00
 6.245e+01 6.5955e-08 6.5955e-08 [ 6.5955e-08 ] 1.0000e+00
 6.256e+01 6.0201e-08 6.0201e-08 [ 6.0201e-08 ] 1.0000e+00
 6.267e+01 5.4935e-08 5.4935e-08 [ 5.4935e-08 ] 1.0000e+00
 6.279e+01 5.0118e-08 5.0118e-08 [ 5.0118e-08 ] 1.0000e+00
 6.290e+01 4.5712e-08 4.5712e-08 [ 4.5712e-08 ] 1.0000e+00
 6.301e+01 4.1684e-08 4.1684e-08 [ 4.1684e-08 ] 1.0000e+00
 6.313e+01 3.8001e-08 3.8001e-08 [ 3.8001e-08 ] 1.0000e+00
 6.324e+01 3.4636e-08 3.4636e-08 [ 3.4636e-08 ] 1.0000e+00
 6.335e+01 3.1561e-08 3.1561e-08 [ 3.1561e-08 ] 1.0000e+00
 6.347e+01 2.8752e-08 2.8752e-08 [ 2.8752e-08 ] 1.0000e+00
 6.358e+01 2.6186e-08 2.6186e-08 [ 2.6186e-08 ] 1.0000e+00
 6.369e+01 2.3844e-08 2.3844e-08 [ 2.3844e-08 ] 1.0000e+00
 6.381e+01 2.1707e-08 2.1707e-08 [ 2.1707e-08 ] 1.0000e+00
 6.392e+01 1.9756e-08 1.9756e-08 [ 1.9756e-08 ] 1.0000e+00
 6.403e+01 1.7976e-08 1.7976e-08 [ 1.7976e-08 ] 1.0000e+00
 6.415e+01 1.6353e-08 1.6353e-08 [ 1.6353e-08 ] 1.0000e+00
 6.426e+01 1.4873e-08 1.4873e-08 [ 1.4873e-08 ] 1.0000e+00
 6.437e+01 1.3523e-08 1.3523e-08 [ 1.3523e-08 ] 1.0000e+00
 6.449e+01 1.2293e-08 1.2293e-08 [ 1.2293e-08 ] 1.0000e+00
 6.460e+01 1.1172e-08 1.1172e-08 [ 1.1172e-08 ] 1.0000e+00
 6.471e+01 1.0151e-08 1.0151e-08 [ 1.0151e-08 ] 1.0000e+00
 6.483e+01 9.2216e-09 9.2216e-09 [ 9.2216e-09 ] 1.0000e+00
 6.494e+01 8.3750e-09 8.3750e-09 [ 8.3750e-09 ] 1.0000e+00
 6.505e+01 7.6043e-09 7.6043e-09 [ 7.6043e-09 ] 1.0000e+00
 6.517e+01 6.9029e-09 6.9029e-09 [ 6.9029e-09 ] 1.0000e+00
 6.528e+01 6.2647e-09 6.2647e-09 [ 6.2647e-09 ] 1.0000e+00
 6.539e+01 5.6842e-09 5.6842e-09 [ 5.6842e-09 ] 1.0000e+00
 6.551e+01 5.1562e-09 5.1562e-09 [ 5.1562e-09 ] 1.0000e+00
 6.562e+01 4.6762e-09 4.6762e-09 [ 4.6762e-09 ] 1.0000e+00
 6.573e+01 4.2399e-09 4.2399e-09 [ 4.2399e-09 ] 1.0000e+00
 6.585e+01 3.8434e-09 3.8434e-09 [ 3.8434e-09 ] 1.0000e+00
 6.596e+01 3.4831e-09 3.4831e-09 [ 3.4831e-09 ] 1.0000e+00
 6.607e+01 3.1559e-09 3.1559e-09 [ 3.1559e-09 ] 1.0000e+00
 6.619e+01 2.8588e-09 2.8588e-09 [ 2.8588e-09 ] 1.0000e+00
 6.630e+01 2.5890e-09 2.5890e-09 [ 2.5890e-09 ] 1.0000e+00
 6.641e+01 2.3442e-09 2.3442e-09 [ 2.3442e-09 ] 1.0000e+00
 6.653e+01 2.1220e-09 2.1220e-09 [ 2.1220e-09 ] 1.0000e+00
 6.664e+01 1.9204e-09 1.9204e-09 [ 1.9204e-09 ] 1.0000e+00
 6.675e+01 1.7375e-09 1.7375e-09 [ 1.7375e-09 ] 1.0000e+00
 6.687e+01 1.5717e-09 1.5717e-09 [ 1.5717e-09 ] 1.0000e+00
 6.698e+01 1.4214e-09 1.4214e-09 [ 1.4214e-09 ] 1.0000e+00
 6.709e+01 1.2852e-09 1.2852e-09 [ 1.2852e-09 ] 1.0000e+00
 6.721e+01 1.1618e-09 1.1618e-09 [ 1.1618e-09 ] 1.0000e+00
 6.732e+01 1.0499e-09 1.0499e-09 [ 1.0499e-09 ] 1.0000e+00
 6.743e+01 9.4865e-10 9.4865e-10 [ 9.4865e-10 ] 1.0000e+00
 6.755e+01 8.5694e-10 8.5694e-10 [ 8.5694e-10 ] 1.0000e+00
 6.766e+01 7.7392e-10 7.7392e-10 [ 7.7392e-10 ] 1.0000e+00
 6.777e+01 6.9878e-10 6.9878e-10 [ 6.9878e-10 ] 1.0000e+00
 6.789e+01 6.3078e-10 6.3078e-10 [ 6.3078e-10 ] 1.0000e+00
 6.800e+01 5.6928e-10 5.6928e-10 [ 5.6928e-10 ] 1.0000e+00
 6.811e+01 5.1365e-10 5.1365e-10 [ 5.1365e-10 ] 1.0000e+00
 6.823e+01 4.6335e-10 4.6335e-10 [ 4.6335e-10 ] 1.0000e+00
 6.834e+01 4.1788e-10 4.1788e-10 [ 4.1788e-10 ] 1.0000e+00
 6.845e+01 3.7679e-10 3.7679e-10 [ 3.7679e-10 ] 1.0000e+00
 6.857e+01 3.3966e-10 3.3966e-10 [ 3.3966e-10 ] 1.0000e+00
 6.868e+01 3.0611e-10 3.0611e-10 [ 3.0611e-10 ] 1.0000e+00
 6.879e+01 2.7582e-10 2.7582e-10 [ 2.7582e-10 ] 1.0000e+00
 6.891e+01 2.4847e-10 2.4847e-10 [ 2.4847e-10 ] 1.0000e+00
 6.902e+01 2.2378e-10 2.2378e-10 [ 2.2378e-10 ] 1.0000e+00
 6.913e+01 2.0150e-10 2.0150e-10 [ 2.0150e-10 ] 1.0000e+00
 6.925e+01 1.8139e-10 1.8139e-10 [ 1.8139e-10 ] 1.0000e+00
 6.936e+01 1.6325e-10 1.6325e-10 [ 1.6325e-10 ] 1.0000e+00
 6.947e+01 1.4690e-10 1.4690e-10 [ 1.4690e-10 ] 1.0000e+00
 6.959e+01 1.3215e-10 1.3215e-10 [ 1.3215e-10 ] 1.0000e+00
 6.970e+01 1.1885e-10 1.1885e-10 [ 1.1885e-10 ] 1.0000e+00
 6.981e+01 1.0687e-10 1.0687e-10 [ 1.0687e-10 ] 1.0000e+00
 6.993e+01 9.6077e-11 9.6077e-11 [ 9.6077e-11 ] 1.0000e+00
 7.004e+01 8.6352e-11 8.6352e-11 [ 8.6352e-11 ] 1.0000e+00
 7.015e+01 7.7595e-11 7.7595e-11 [ 7.7595e-11 ] 1.0000e+00
 7.027e+01 6.9709e-11 6.9709e-11 [ 6.9709e-11 ] 1.0000e+00
 7.038e+01 6.2611e-11 6.2611e-11 [ 6.2611e-11 ] 1.0000e+00
 7.049e+01 5.6223e-11 5.6223e-11 [ 5.6223e-11 ] 1.0000e+00
 7.061e+01 5.0475e-11 5.0475e-11 [ 5.0475e-11 ] 1.0000e+00
 7.072e+01 4.5304e-11 4.5304e-11 [ 4.5304e-11 ] 1.0000e+00
 7.083e+01 4.0654e-11 4.0654e-11 [ 4.0654e-11 ] 1.0000e+00
 7.095e+01 3.6473e-11 3.6473e-11 [ 3.6473e-11 ] 1.0000e+00
 7.106e+01 3.2715e-11 3.2715e-11 [ 3.2715e-11 ] 1.0000e+00
 7.117e+01 2.9337e-11 2.9337e-11 [ 2.9337e-11 ] 1.0000e+00
 7.129e+01 2.6302e-11 2.6302e-11 [ 2.6302e-11 ] 1.0000e+00
 7.140e+01 2.3576e-11 2.3576e-11 [ 2.3576e-11 ] 1.0000e+00
 7.151e+01 2.1128e-11 2.1128e-11 [ 2.1128e-11 ] 1.0000e+00
 7.163e+01 1.8929e-11 1.8929e-11 [ 1.8929e-11 ] 1.0000e+00
 7.174e+01 1.6956e-11 1.6956e-11 [ 1.6956e-11 ] 1.0000e+00
 7.185e+01 1.5185e-11 1.5185e-11 [ 1.5185e-11 ] 1.0000e+00
 7.197e+01 1.3595e-11 1.3595e-11 [ 1.3595e-11 ] 1.0000e+00
 7.208e+01 1.2170e-11 1.2170e-11 [ 1.2170e-11 ] 1.0000e+00
 7.219e+01 1.0891e-11 1.0891e-11 [ 1.0891e-11 ] 1.0000e+00
 7.231e+01 9.7448e-12 9.7448e-12 [ 9.7448e-12 ] 1.0000e+00
 7.242e+01 8.7171e-12 8.7171e-12 [ 8.7171e-12 ] 1.0000e+00
 7.253e+01 7.7961e-12 7.7961e-12 [ 7.7961e-12 ] 1.0000e+00
 7.265e+01 6.9708e-12 6.9708e-12 [ 6.9708e-12 ] 1.0000e+00
 7.276e+01 6.2315e-12 6.2315e-12 [ 6.2315e-12 ] 1.0000e+00
 7.287e+01 5.5693e-12 5.5693e-12 [ 5.5693e-12 ] 1.0000e+00
 7.299e+01 4.9764e-12 4.9764e-12 [ 4.9764e-12 ] 1.0000e+00
 7.310e+01 4.4457e-12 4.4457e-12 [ 4.4457e-12 ] 1.0000e+00
 7.321e+01 3.9706e-12 3.9706e-12 [ 3.9706e-12 ] 1.0000e+00
 7.333e+01 3.5456e-12 3.5456e-12 [ 3.5456e-12 ] 1.0000e+00
 7.344e+01 3.1653e-12 3.1653e-12 [ 3.1653e-12 ] 1.0000e+00
 7.355e+01 2.8252e-12 2.8252e-12 [ 2.8252e-12 ] 1.0000e+00
 7.367e+01 2.5210e-12 2.5210e-12 [ 2.5210e-12 ] 1.0000e+00
 7.378e+01 2.2491e-12 2.2491e-12 [ 2.2491e-12 ] 1.0000e+00
 7.389e+01 2.0061e-12 2.0061e-12 [ 2.0061e-12 ] 1.0000e+00
 7.401e+01 1.7890e-12 1.7890e-12 [ 1.7890e-12 ] 1.0000e+00
 7.412e+01 1.5950e-12 1.5950e-12 [ 1.5950e-12 ] 1.0000e+00
 7.423e+01 1.4217e-12 1.4217e-12 [ 1.4217e-12 ] 1.0000e+00
 7.435e+01 1.2670e-12 1.2670e-12 [ 1.2670e-12 ] 1.0000e+00
 7.446e+01 1.1288e-12 1.1288e-12 [ 1.1288e-12 ] 1.0000e+00
 7.457e+01 1.0055e-12 1.0055e-12 [ 1.0055e-12 ] 1.0000e+00
 7.469e+01 8.9550e-13 8.9550e-13 [ 8.9550e-13 ] 1.0000e+00
 7.480e+01 7.9733e-13 7.9733e-13 [ 7.9733e-13 ] 1.0000e+00
 7.491e+01 7.0977e-13 7.0977e-13 [ 7.0977e-13 ] 1.0000e+00
 7.503e+01 6.3168e-13 6.3168e-13 [ 6.3168e-13 ] 1.0000e+00
 7.514e+01 5.6206e-13 5.6206e-13 [ 5.6206e-13 ] 1.0000e+00
 7.525e+01 5.0001e-13 5.0001e-13 [ 5.0001e-13 ] 1.0000e+00
 7.537e+01 4.4471e-13 4.4471e-13 [ 4.4471e-13 ] 1.0000e+00
 7.548e+01 3.9543e-13 3.9543e-13 [ 3.9543e-13 ] 1.0000e+00
 7.559e+01 3.5154e-13 3.5154e-13 [ 3.5154e-13 ] 1.0000e+00
 7.571e+01 3.1245e-13 3.1245e-13 [ 3.1245e-13 ] 1.0000e+00
 7.582e+01 2.7765e-13 2.7765e-13 [ 2.7765e-13 ] 1.0000e+00
 7.593e+01 2.4667e-13 2.4667e-13 [ 2.4667e-13 ] 1.0000e+00
 7.605e+01 2.1910e-13 2.1910e-13 [ 2.1910e-13 ] 1.0000e+00
 7.616e+01 1.9457e-13 1.9457e-13 [ 1.9457e-13 ] 1.0000e+00
 7.627e+01 1.7274e-13 1.7274e-13 [ 1.7274e-13 ] 1.0000e+00
 7.639e+01 1.5333e-13 1.5333e-13 [ 1.5333e-13 ] 1.0000e+00
 7.650e+01 1.3608e-13 1.3608e-13 [ 1.3608e-13 ] 1.0000e+00
 7.661e+01 1.2073e-13 1.2073e-13 [ 1.2073e-13 ] 1.0000e+00
 7.673e+01 1.0710e-13 1.0710e-13 [ 1.0710e-13 ] 1.0000e+00
 7.684e+01 9.4981e-14 9.4981e-14 [ 9.4981e-14 ] 1.0000e+00
 7.695e+01 8.4217e-14 8.4217e-14 [ 8.4217e-14 ] 1.0000e+00
 7.707e+01 7.4657e-14 7.4657e-14 [ 7.4657e-14 ] 1.0000e+00
 7.718e+01 6.6167e-14 6.6167e-14 [ 6.6167e-14 ] 1.0000e+00
 7.729e+01 5.8630e-14 5.8630e-14 [ 5.8630e-14 ] 1.0000e+00
 7.741e+01 5.1940e-14 5.1940e-14 [ 5.1940e-14 ] 1.0000e+00
 7.752e+01 4.6004e-14 4.6004e-14 [ 4.6004e-14 ] 1.0000e+00
 7.763e+01 4.0737e-14 4.0737e-14 [ 4.0737e-14 ] 1.0000e+00
 7.775e+01 3.6065e-14 3.6065e-14 [ 3.6065e-14 ] 1.0000e+00
 7.786e+01 3.1922e-14 3.1922e-14 [ 3.1922e-14 ] 1.0000e+00
 7.797e+01 2.8249e-14 2.8249e-14 [ 2.8249e-14 ] 1.0000e+00
 7.809e+01 2.4993e-14 2.4993e-14 [ 2.4993e-14 ] 1.0000e+00
 7.820e+01 2.2108e-14 2.2108e-14 [ 2.2108e-14 ] 1.0000e+00
 7.831e+01 1.9551e-14 1.9551e-14 [ 1.9551e-14 ] 1.0000e+00
 7.843e+01 1.7287e-14 1.7287e-14 [ 1.7287e-14 ] 1.0000e+00
 7.854e+01 1.5281e-14 1.5281e-14 [ 1.5281e-14 ] 1.0000e+00
 7.865e+01 1.3505e-14 1.3505e-14 [ 1.3505e-14 ] 1.0000e+00
 7.877e+01 1.1933e-14 1.1933e-14 [ 1.1933e-14 ] 1.0000e+00
 7.888e+01 1.0542e-14 1.0542e-14 [ 1.0542e-14 ] 1.0000e+00
 7.899e+01 9.3105e-15 9.3105e-15 [ 9.3105e-15 ] 1.0000e+00
 7.911e+01 8.2213e-15 8.2213e-15 [ 8.2213e-15 ] 1.0000e+00
 7.922e+01 7.2580e-15 7.2580e-15 [ 7.2580e-15 ] 1.0000e+00
 7.933e+01 6.4062e-15 6.4062e-15 [ 6.4062e-15 ] 1.0000e+00
 7.945e+01 5.6532e-15 5.6532e-15 [ 5.6532e-15 ] 1.0000e+00
 7.956e+01 4.9875e-15 4.9875e-15 [ 4.9875e-15 ] 1.0000e+00
 7.967e+01 4.3994e-15 4.3994e-15 [ 4.3994e-15 ] 1.0000e+00
 7.979e+01 3.8797e-15 3.8797e-15 [ 3.8797e-15 ] 1.0000e+00
 7.990e+01 3.4207e-15 3.4207e-15 [ 3.4207e-15 ] 1.0000e+00
 8.001e+01 3.0153e-15 3.0153e-15 [ 3.0153e-15 ] 1.0000e+00
 8.013e+01 2.6574e-15 2.6574e-15 [ 2.6574e-15 ] 1.0000e+00
 8.024e+01 2.3415e-15 2.3415e-15 [ 2.3415e-15 ] 1.0000e+00
 8.035e+01 2.0627e-15 2.0627e-15 [ 2.0627e-15 ] 1.0000e+00
 8.047e+01 1.8167e-15 1.8167e-15 [ 1.8167e-15 ] 1.0000e+00
 8.058e+01 1.5997e-15 1.5997e-15 [ 1.5997e-15 ] 1.0000e+00
 8.069e+01 1.4083e-15 1.4083e-15 [ 1.4083e-15 ] 1.0000e+00
 8.081e+01 1.2396e-15 1.2396e-15 [ 1.2396e-15 ] 1.0000e+00
 8.092e+01 1.0908e-15 1.0908e-15 [ 1.0908e-15 ] 1.0000e+00
 8.103e+01 9.5967e-16 9.5967e-16 [ 9.5967e-16 ] 1.0000e+00
 8.115e+01 8.4413e-16 8.4413e-16 [ 8.4413e-16 ] 1.0000e+00
 8.126e+01 7.4235e-16 7.4235e-16 [ 7.4235e-16 ] 1.0000e+00
 8.137e+01 6.5269e-16 6.5269e-16 [ 6.5269e-16 ] 1.0000e+00
 8.149e+01 5.7375e-16 5.7375e-16 [ 5.7375e-16 ] 1.0000e+00
 8.160e+01 5.0424e-16 5.0424e-16 [ 5.0424e-16 ] 1.0000e+00
 8.171e+01 4.4306e-16 4.4306e-16 [ 4.4306e-16 ] 1.0000e+00
 8.183e+01 3.8922e-16 3.8922e-16 [ 3.8922e-16 ] 1.0000e+00
 8.194e+01 3.4185e-16 3.4185e-16 [ 3.4185e-16 ] 1.0000e+00
 8.205e+01 3.0018e-16 3.0018e-16 [ 3.0018e-16 ] 1.0000e+00
 8.217e+01 2.6353e-16 2.6353e-16 [ 2.6353e-16 ] 1.0000e+00
 8.228e+01 2.3131e-16 2.3131e-16 [ 2.3131e-16 ] 1.0000e+00
 8.239e+01 2.0298e-16 2.0298e-16 [ 2.0298e-16 ] 1.0000e+00
 8.251e+01 1.7809e-16 1.7809e-16 [ 1.7809e-16 ] 1.0000e+00
 8.262e+01 1.5621e-16 1.5621e-16 [ 1.5621e-16 ] 1.0000e+00
 8.273e+01 1.3699e-16 1.3699e-16 [ 1.3699e-16 ] 1.0000e+00
 8.285e+01 1.2012e-16 1.2012e-16 [ 1.2012e-16 ] 1.0000e+00
 8.296e+01 1.0529e-16 1.0529e-16 [ 1.0529e-16 ] 1.0000e+00
 8.307e+01 9.2283e-17 9.2283e-17 [ 9.2283e-17 ] 1.0000e+00
 8.319e+01 8.0861e-17 8.0861e-17 [ 8.0861e-17 ] 1.0000e+00
 8.330e+01 7.0838e-17 7.0838e-17 [ 7.0838e-17 ] 1.0000e+00
 8.341e+01 6.2045e-17 6.2045e-17 [ 6.2045e-17 ] 1.0000e+00
 8.353e+01 5.4331e-17 5.4331e-17 [ 5.4331e-17 ] 1.0000e+00
 8.364e+01 4.7566e-17 4.7566e-17 [ 4.7566e-17 ] 1.0000e+00
 8.375e+01 4.1635e-17 4.1635e-17 [ 4.1635e-17 ] 1.0000e+00
 8.387e+01 3.6436e-17 3.6436e-17 [ 3.6436e-17 ] 1.0000e+00
 8.398e+01 3.1879e-17 3.1879e-17 [ 3.1879e-17 ] 1.0000e+00
 8.409e+01 2.7886e-17 2.7886e-17 [ 2.7886e-17 ] 1.0000e+00
 8.421e+01 2.4388e-17 2.4388e-17 [ 2.4388e-17 ] 1.0000e+00
 8.432e+01 2.1324e-17 2.1324e-17 [ 2.1324e-17 ] 1.0000e+00
 8.443e+01 1.8642e-17 1.8642e-17 [ 1.8642e-17 ] 1.0000e+00
 8.455e+01 1.6293e-17 1.6293e-17 [ 1.6293e-17 ] 1.0000e+00
 8.466e+01 1.4237e-17 1.4237e-17 [ 1.4237e-17 ] 1.0000e+00
 8.477e+01 1.2438e-17 1.2438e-17 [ 1.2438e-17 ] 1.0000e+00
 8.489e+01 1.0864e-17 1.0864e-17 [ 1.0864e-17 ] 1.0000e+00
 8.500e+01 9.4874e-18 9.4874e-18 [ 9.4874e-18 ] 1.0000e+00
 8.511e+01 8.2833e-18 8.2833e-18 [ 8.2833e-18 ] 1.0000e+00
 8.523e+01 7.2305e-18 7.2305e-18 [ 7.2305e-18 ] 1.0000e+00
 8.534e+01 6.3102e-18 6.3102e-18 [ 6.3102e-18 ] 1.0000e+00
 8.545e+01 5.5059e-18 5.5059e-18 [ 5.5059e-18 ] 1.0000e+00
 8.557e+01 4.8031e-18 4.8031e-18 [ 4.8031e-18 ] 1.0000e+00
 8.568e+01 4.1891e-18 4.1891e-18 [ 4.1891e-18 ] 1.0000e+00
 8.579e+01 3.6528e-18 3.6528e-18 [ 3.6528e-18 ] 1.0000e+00
 8.591e+01 3.1845e-18 3.1845e-18 [ 3.1845e-18 ] 1.0000e+00
 8.602e+01 2.7757e-18 2.7757e-18 [ 2.7757e-18 ] 1.0000e+00
 8.613e+01 2.4188e-18 2.4188e-18 [ 2.4188e-18 ] 1.0000e+00
 8.625e+01 2.1074e-18 2.1074e-18 [ 2.1074e-18 ] 1.0000e+00
 8.636e+01 1.8357e-18 1.8357e-18 [ 1.8357e-18 ] 1.0000e+00
 8.647e+01 1.5987e-18 1.5987e-18 [ 1.5987e-18 ] 1.0000e+00
 8.659e+01 1.3920e-18 1.3920e-18 [ 1.3920e-18 ] 1.0000e+00
 8.670e+01 1.2117e-18 1.2117e-18 [ 1.2117e-18 ] 1.0000e+00
 8.681e+01 1.0546e-18 1.0546e-18 [ 1.0546e-18 ] 1.0000e+00
 8.693e+01 9.1767e-19 9.1767e-19 [ 9.1767e-19 ] 1.0000e+00
 8.704e+01 7.9835e-19 7.9835e-19 [ 7.9835e-19 ] 1.0000e+00
 8.715e+01 6.9439e-19 6.9439e-19 [ 6.9439e-19 ] 1.0000e+00
 8.727e+01 6.0385e-19 6.0385e-19 [ 6.0385e-19 ] 1.0000e+00
 8.738e+01 5.2500e-19 5.2500e-19 [ 5.2500e-19 ] 1.0000e+00
 8.749e+01 4.5635e-19 4.5635e-19 [ 4.5635e-19 ] 1.0000e+00
 8.761e+01 3.9660e-19 3.9660e-19 [ 3.9660e-19 ] 1.0000e+00
 8.772e+01 3.4459e-19 3.4459e-19 [ 3.4459e-19 ] 1.0000e+00
 8.783e+01 2.9935e-19 2.9935e-19 [ 2.9935e-19 ] 1.0000e+00
 8.795e+01 2.5999e-19 2.5999e-19 [ 2.5999e-19 ] 1.0000e+00
 8.806e+01 2.2576e-19 2.2576e-19 [ 2.2576e-19 ] 1.0000e+00
 8.817e+01 1.9599e-19 1.9599e-19 [ 1.9599e-19 ] 1.0000e+00
 8.829e+01 1.7011e-19 1.7011e-19 [ 1.7011e-19 ] 1.0000e+00
 8.840e+01 1.4762e-19 1.4762e-19 [ 1.4762e-19 ] 1.0000e+00
 8.851e+01 1.2808e-19 1.2808e-19 [ 1.2808e-19 ] 1.0000e+00
 8.863e+01 1.1110e-19 1.1110e-19 [ 1.1110e-19 ] 1.0000e+00
 8.874e+01 9.6351e-20 9.6351e-20 [ 9.6351e-20 ] 1.0000e+00
 8.885e+01 8.3543e-20 8.3543e-20 [ 8.3543e-20 ] 1.0000e+00
 8.897e+01 7.2422e-20 7.2422e-20 [ 7.2422e-20 ] 1.0000e+00
 8.908e+01 6.2769e-20 6.2769e-20 [ 6.2769e-20 ] 1.0000e+00
 8.919e+01 5.4391e-20 5.4391e-20 [ 5.4391e-20 ] 1.0000e+00
 8.931e+01 4.7121e-20 4.7121e-20 [ 4.7121e-20 ] 1.0000e+00
 8.942e+01 4.0814e-20 4.0814e-20 [ 4.0814e-20 ] 1.0000e+00
 8.953e+01 3.5345e-20 3.5345e-20 [ 3.5345e-20 ] 1.0000e+00
 8.965e+01 3.0602e-20 3.0602e-20 [ 3.0602e-20 ] 1.0000e+00
 8.976e+01 2.6489e-20 2.6489e-20 [ 2.6489e-20 ] 1.0000e+00
 8.987e+01 2.2925e-20 2.2925e-20 [ 2.2925e-20 ] 1.0000e+00
 8.999e+01 1.9836e-20 1.9836e-20 [ 1.9836e-20 ] 1.0000e+00
 9.010e+01 1.7160e-20 1.7160e-20 [ 1.7160e-20 ] 1.0000e+00
 9.021e+01 1.4842e-20 1.4842e-20 [ 1.4842e-20 ] 1.0000e+00
 9.033e+01 1.2834e-20 1.2834e-20 [ 1.2834e-20 ] 1.0000e+00
 9.044e+01 1.1096e-20 1.1096e-20 [ 1.1096e-20 ] 1.0000e+00
 9.055e+01 9.5908e-21 9.5908e-21 [ 9.5908e-21 ] 1.0000e+00
 9.067e+01 8.2882e-21 8.2882e-21 [ 8.2882e-21 ] 1.0000e+00
 9.078e+01 7.1611e-21 7.1611e-21 [ 7.1611e-21 ] 1.0000e+00
 9.089e+01 6.1860e-21 6.1860e-21 [ 6.1860e-21 ] 1.0000e+00
 9.101e+01 5.3425e-21 5.3425e-21 [ 5.3425e-21 ] 1.0000e+00
 9.112e+01 4.6131e-21 4.6131e-21 [ 4.6131e-21 ] 1.0000e+00
 9.123e+01 3.9825e-21 3.9825e-21 [ 3.9825e-21 ] 1.0000e+00
 9.135e+01 3.4373e-21 3.4373e-21 [ 3.4373e-21 ] 1.0000e+00
 9.146e+01 2.9662e-21 2.9662e-21 [ 2.9662e-21 ] 1.0000e+00
 9.157e+01 2.5591e-21 2.5591e-21 [ 2.5591e-21 ] 1.0000e+00
 9.169e+01 2.2074e-21 2.2074e-21 [ 2.2074e-21 ] 1.0000e+00
 9.180e+01 1.9037e-21 1.9037e-21 [ 1.9037e-21 ] 1.0000e+00
 9.191e+01 1.6414e-21 1.6414e-21 [ 1.6414e-21 ] 1.0000e+00
 9.203e+01 1.4150e-21 1.4150e-21 [ 1.4150e-21 ] 1.0000e+00
 9.214e+01 1.2195e-21 1.2195e-21 [ 1.2195e-21 ] 1.0000e+00
 9.225e+01 1.0508e-21 1.0508e-21 [ 1.0508e-21 ] 1.0000e+00
 9.237e+01 9.0530e-22 9.0530e-22 [ 9.0530e-22 ] 1.0000e+00
 9.248e+01 7.7976e-22 7.7976e-22 [ 7.7976e-22 ] 1.0000e+00
 9.259e+01 6.7149e-22 6.7149e-22 [ 6.7149e-22 ] 1.0000e+00
 9.271e+01 5.7814e-22 5.7814e-22 [ 5.7814e-22 ] 1.0000e+00
 9.282e+01 4.9766e-22 4.9766e-22 [ 4.9766e-22 ] 1.0000e+00
 9.293e+01 4.2829e-22 4.2829e-22 [ 4.2829e-22 ] 1.0000e+00
 9.305e+01 3.6852e-22 3.6852e-22 [ 3.6852e-22 ] 1.0000e+00
 9.316e+01 3.1702e-22 3.1702e-22 [ 3.1702e-22 ] 1.0000e+00
 9.327e+01 2.7267e-22 2.7267e-22 [ 2.7267e-22 ] 1.0000e+00
 9.339e+01 2.3447e-22 2.3447e-22 [ 2.3447e-22 ] 1.0000e+00
 9.350e+01 2.0158e-22 2.0158e-22 [ 2.0158e-22 ] 1.0000e+00
 9.361e+01 1.7326e-22 1.7326e-22 [ 1.7326e-22 ] 1.0000e+00
 9.373e+01 1.4890e-22 1.4890e-22 [ 1.4890e-22 ] 1.0000e+00
 9.384e+01 1.2793e-22 1.2793e-22 [ 1.2793e-22 ] 1.0000e+00
 9.395e+01 1.0989e-22 1.0989e-22 [ 1.0989e-22 ] 1.0000e+00
 9.407e+01 9.4377e-23 9.4377e-23 [ 9.4377e-23 ] 1.0000e+00
 9.418e+01 8.1035e-23 8.1035e-23 [ 8.1035e-23 ] 1.0000e+00
 9.429e+01 6.9565e-23 6.9565e-23 [ 6.9565e-23 ] 1.0000e+00
 9.441e+01 5.9705e-23 5.9705e-23 [ 5.9705e-23 ] 1.0000e+00
 9.452e+01 5.1232e-23 5.1232e-23 [ 5.1232e-23 ] 1.0000e+00
 9.463e+01 4.3952e-23 4.3952e-23 [ 4.3952e-23 ] 1.0000e+00
 9.475e+01 3.7698e-23 3.7698e-23 [ 3.7698e-23 ] 1.0000e+00
 9.486e+01 3.2326e-23 3.2326e-23 [ 3.2326e-23 ] 1.0000e+00
 9.497e+01 2.7714e-23 2.7714e-23 [ 2.7714e-23 ] 1.0000e+00
 9.509e+01 2.3754e-23 2.3754e-23 [ 2.3754e-23 ] 1.0000e+00
 9.520e+01 2.0355e-23 2.0355e-23 [ 2.0355e-23 ] 1.0000e+00
 9.531e+01 1.7439e-23 1.7439e-23 [ 1.7439e-23 ] 1.0000e+00
 9.543e+01 1.4936e-23 1.4936e-23 [ 1.4936e-23 ] 1.0000e+00
 9.554e+01 1.2790e-23 1.2790e-23 [ 1.2790e-23 ] 1.0000e+00
 9.565e+01 1.0949e-23 1.0949e-23 [ 1.0949e-23 ] 1.0000e+00
 9.577e+01 9.3704e-24 9.3704e-24 [ 9.3704e-24 ] 1.0000e+00
 9.588e+01 8.0172e-24 8.0172e-24 [ 8.0172e-24 ] 1.0000e+00
 9.599e+01 6.8574e-24 6.8574e-24 [ 6.8574e-24 ] 1.0000e+00
 9.611e+01 5.8635e-24 5.8635e-24 [ 5.8635e-24 ] 1.0000e+00
 9.622e+01 5.0120e-24 5.0120e-24 [ 5.0120e-24 ] 1.0000e+00
 9.633e+01 4.2827e-24 4.2827e-24 [ 4.2827e-24 ] 1.0000e+00
 9.645e+01 3.6580e-24 3.6580e-24 [ 3.6580e-24 ] 1.0000e+00
 9.656e+01 3.1232e-24 3.1232e-24 [ 3.1232e-24 ] 1.0000e+00
 9.667e+01 2.6654e-24 2.6654e-24 [ 2.6654e-24 ] 1.0000e+00
 9.679e+01 2.2736e-24 2.2736e-24 [ 2.2736e-24 ] 1.0000e+00
 9.690e+01 1.9383e-24 1.9383e-24 [ 1.9383e-24 ] 1.0000e+00
 9.701e+01 1.6514e-24 1.6514e-24 [ 1.6514e-24 ] 1.0000e+00
 9.713e+01 1.4060e-24 1.4060e-24 [ 1.4060e-24 ] 1.0000e+00
 9.724e+01 1.1961e-24 1.1961e-24 [ 1.1961e-24 ] 1.0000e+00
 9.735e+01 1.0166e-24 1.0166e-24 [ 1.0166e-24 ] 1.0000e+00
 9.747e+01 8.6317e-25 8.6317e-25 [ 8.6317e-25 ] 1.0000e+00
 9.758e+01 7.3199e-25 7.3199e-25 [ 7.3199e-25 ] 1.0000e+00
 9.769e+01 6.1984e-25 6.1984e-25 [ 6.1984e-25 ] 1.0000e+00
 9.781e+01 5.2398e-25 5.2398e-25 [ 5.2398e-25 ] 1.0000e+00
 9.792e+01 4.4204e-25 4.4204e-25 [ 4.4204e-25 ] 1.0000e+00
 9.803e+01 3.7200e-25 3.7200e-25 [ 3.7200e-25 ] 1.0000e+00
 9.815e+01 3.1211e-25 3.1211e-25 [ 3.1211e-25 ] 1.0000e+00
 9.826e+01 2.6089e-25 2.6089e-25 [ 2.6089e-25 ] 1.0000e+00
 9.837e+01 2.1707e-25 2.1707e-25 [ 2.1707e-25 ] 1.0000e+00
 9.849e+01 1.7957e-25 1.7957e-25 [ 1.7957e-25 ] 1.0000e+00
 9.860e+01 1.4745e-25 1.4745e-25 [ 1.4745e-25 ] 1.0000e+00
 9.871e+01 1.1993e-25 1.1993e-25 [ 1.1993e-25 ] 1.0000e+00
 9.883e+01 9.6337e-26 9.6337e-26 [ 9.6337e-26 ] 1.0000e+00
 9.894e+01 7.6113e-26 7.6113e-26 [ 7.6113e-26 ] 1.0000e+00
 9.905e+01 5.8793e-26 5.8793e-26 [ 5.8793e-26 ] 1.0000e+00
 9.917e+01 4.4006e-26 4.4006e-26 [ 4.4006e-26 ] 1.0000e+00
 9.928e+01 3.1472e-26 3.1472e-26 [ 3.1472e-26 ] 1.0000e+00
 9.939e+01 2.1001e-26 2.1001e-26 [ 2.1001e-26 ] 1.0000e+00
 9.951e+01 1.2509e-26 1.2509e-26 [ 1.2509e-26 ] 1.0000e+00
 9.962e+01 6.0275e-27 6.0275e-27 [ 6.0275e-27 ] 1.0000e+00
 9.973e+01 1.7362e-27 1.7362e-27 [ 1.7362e-27 ] 1.0000e+00
 9.985e+01 0.0000e+00 0.0000e+00 [ 0.0000e+00 ] 1.0000e+00
