0.00000e+00 0.00000e+00 1.56778e-05
2.12300e-01 3.40264e-04 1.56725e-05
4.24600e-01 6.74213e-04 1.56673e-05
6.36900e-01 1.00185e-03 1.56621e-05
8.49200e-01 1.32318e-03 1.56571e-05
1.06150e+00 1.63820e-03 1.56522e-05
1.27380e+00 1.94691e-03 1.56473e-05
1.48610e+00 2.24932e-03 1.56426e-05
1.69840e+00 2.54543e-03 1.56380e-05
1.91070e+00 2.83524e-03 1.56334e-05
2.12300e+00 3.11875e-03 1.56290e-05
2.33530e+00 3.39597e-03 1.56247e-05
2.54760e+00 3.66689e-03 1.56205e-05
2.75990e+00 3.93151e-03 1.56163e-05
2.97220e+00 4.18985e-03 1.56123e-05
3.18450e+00 4.44189e-03 1.56084e-05
3.39680e+00 4.68765e-03 1.56045e-05
3.60910e+00 4.92712e-03 1.56008e-05
3.82140e+00 5.16031e-03 1.55971e-05
4.03370e+00 5.38721e-03 1.55936e-05
4.24600e+00 5.60783e-03 1.55902e-05
4.45830e+00 5.82217e-03 1.55868e-05
4.67060e+00 6.03023e-03 1.55836e-05
4.88290e+00 6.23201e-03 1.55804e-05
5.09520e+00 6.42751e-03 1.55774e-05
5.30750e+00 6.61674e-03 1.55744e-05
5.51980e+00 6.79970e-03 1.55716e-05
5.73210e+00 6.97638e-03 1.55688e-05
5.94440e+00 7.14679e-03 1.55662e-05
6.15670e+00 7.31092e-03 1.55636e-05
6.36900e+00 7.46879e-03 1.55612e-05
6.58130e+00 7.62039e-03 1.55588e-05
6.79360e+00 7.76572e-03 1.55566e-05
7.00590e+00 7.90478e-03 1.55544e-05
7.21820e+00 8.03758e-03 1.55523e-05
7.43050e+00 8.16411e-03 1.55504e-05
7.64280e+00 8.28438e-03 1.55485e-05
7.85510e+00 8.39838e-03 1.55467e-05
8.06740e+00 8.50612e-03 1.55450e-05
8.27970e+00 8.60759e-03 1.55435e-05
8.49200e+00 8.70281e-03 1.55420e-05
8.70430e+00 8.79176e-03 1.55406e-05
8.91660e+00 8.87445e-03 1.55393e-05
9.12890e+00 8.95089e-03 1.55381e-05
9.34120e+00 9.02106e-03 1.55370e-05
9.55350e+00 9.08497e-03 1.55360e-05
9.76580e+00 9.14263e-03 1.55352e-05
9.97810e+00 9.19402e-03 1.55344e-05
1.01904e+01 9.23916e-03 1.55337e-05
1.04027e+01 9.27804e-03 1.55330e-05
1.06150e+01 9.31066e-03 1.55325e-05
1.08273e+01 9.33702e-03 1.55321e-05
1.10396e+01 9.35713e-03 1.55318e-05
1.12519e+01 9.37098e-03 1.55316e-05
1.14642e+01 9.37857e-03 1.55315e-05
1.16765e+01 9.37990e-03 1.55315e-05
1.18888e+01 9.37498e-03 1.55315e-05
1.21011e+01 9.36380e-03 1.55317e-05
1.23134e+01 9.34636e-03 1.55320e-05
1.25257e+01 9.32267e-03 1.55324e-05
1.27380e+01 9.29272e-03 1.55328e-05
1.29503e+01 9.25651e-03 1.55334e-05
1.31626e+01 9.21404e-03 1.55340e-05
1.33749e+01 9.16531e-03 1.55348e-05
1.35872e+01 9.11033e-03 1.55357e-05
1.37995e+01 9.04909e-03 1.55366e-05
1.40118e+01 8.98158e-03 1.55377e-05
1.42241e+01 8.90782e-03 1.55388e-05
1.44364e+01 8.82780e-03 1.55400e-05
1.46487e+01 8.74152e-03 1.55414e-05
1.48610e+01 8.64897e-03 1.55428e-05
1.50733e+01 8.55017e-03 1.55444e-05
1.52856e+01 8.44510e-03 1.55460e-05
1.54979e+01 8.33377e-03 1.55477e-05
1.57102e+01 8.21617e-03 1.55496e-05
1.59225e+01 8.09231e-03 1.55515e-05
1.61348e+01 7.96219e-03 1.55535e-05
1.63471e+01 7.82580e-03 1.55556e-05
1.65594e+01 7.68314e-03 1.55578e-05
1.67717e+01 7.53422e-03 1.55602e-05
1.69840e+01 7.37902e-03 1.55626e-05
1.71963e+01 7.21756e-03 1.55651e-05
1.74086e+01 7.04983e-03 1.55677e-05
1.76209e+01 6.87582e-03 1.55704e-05
1.78332e+01 6.69554e-03 1.55732e-05
1.80455e+01 6.50899e-03 1.55761e-05
1.82578e+01 6.31616e-03 1.55791e-05
1.84701e+01 6.11706e-03 1.55822e-05
1.86824e+01 5.91168e-03 1.55854e-05
1.88947e+01 5.70002e-03 1.55887e-05
1.91070e+01 5.48208e-03 1.55921e-05
1.93193e+01 5.25785e-03 1.55956e-05
1.95316e+01 5.02735e-03 1.55992e-05
1.97439e+01 4.79056e-03 1.56029e-05
1.99562e+01 4.54748e-03 1.56067e-05
2.01685e+01 4.29812e-03 1.56106e-05
2.03808e+01 4.04247e-03 1.56146e-05
2.05931e+01 3.78053e-03 1.56187e-05
2.08054e+01 3.51229e-03 1.56229e-05
2.10177e+01 3.23776e-03 1.56272e-05
2.12300e+01 2.95694e-03 1.56315e-05
2.14423e+01 2.66982e-03 1.56360e-05
2.16546e+01 2.37639e-03 1.56406e-05
2.18669e+01 2.07667e-03 1.56453e-05
2.20792e+01 1.77065e-03 1.56501e-05
2.22915e+01 1.45832e-03 1.56550e-05
2.25038e+01 1.13968e-03 1.56600e-05
2.27161e+01 8.14732e-04 1.56651e-05
2.29284e+01 4.83475e-04 1.56703e-05
2.31407e+01 1.45904e-04 1.56755e-05
2.33530e+01 -1.97981e-04 1.56809e-05
2.35653e+01 -5.48184e-04 1.56864e-05
2.37776e+01 -9.04706e-04 1.56920e-05
2.39899e+01 -1.26755e-03 1.56977e-05
2.42022e+01 -1.63672e-03 1.57035e-05
2.44145e+01 -2.01221e-03 1.57094e-05
2.46268e+01 -2.39404e-03 1.57154e-05
2.48391e+01 -2.78219e-03 1.57215e-05
2.50514e+01 -3.17668e-03 1.57277e-05
2.52637e+01 -3.57751e-03 1.57340e-05
2.54760e+01 -3.98467e-03 1.57404e-05
2.56883e+01 -4.39817e-03 1.57469e-05
2.59006e+01 -4.81802e-03 1.57536e-05
2.61129e+01 -5.24422e-03 1.57603e-05
2.63252e+01 -5.67676e-03 1.57671e-05
2.65375e+01 -6.11566e-03 1.57740e-05
2.67498e+01 -6.56091e-03 1.57810e-05
2.69621e+01 -7.01252e-03 1.57882e-05
2.71744e+01 -7.47049e-03 1.57954e-05
2.73867e+01 -7.93483e-03 1.58027e-05
2.75990e+01 -8.40553e-03 1.58102e-05
2.78113e+01 -8.88259e-03 1.58177e-05
2.80236e+01 -9.36604e-03 1.58254e-05
2.82359e+01 -9.85585e-03 1.58331e-05
2.84482e+01 -1.03520e-02 1.58410e-05
2.86605e+01 -1.08546e-02 1.58489e-05
2.88728e+01 -1.13636e-02 1.58570e-05
2.90851e+01 -1.18789e-02 1.58652e-05
2.92974e+01 -1.24007e-02 1.58735e-05
2.95097e+01 -1.29288e-02 1.58818e-05
2.97220e+01 -1.34634e-02 1.58903e-05
2.99343e+01 -1.40043e-02 1.58989e-05
3.01466e+01 -1.45516e-02 1.59076e-05
3.03589e+01 -1.51054e-02 1.59165e-05
3.05712e+01 -1.56656e-02 1.59254e-05
3.07835e+01 -1.62321e-02 1.59344e-05
3.09958e+01 -1.68051e-02 1.59435e-05
3.12081e+01 -1.73846e-02 1.59528e-05
3.14204e+01 -1.79704e-02 1.59621e-05
3.16327e+01 -1.85627e-02 1.59716e-05
3.18450e+01 -1.91614e-02 1.59811e-05
3.20573e+01 -1.97666e-02 1.59908e-05
3.22696e+01 -2.03781e-02 1.60006e-05
3.24819e+01 -2.09962e-02 1.60105e-05
3.26942e+01 -2.16207e-02 1.60205e-05
3.29065e+01 -2.22516e-02 1.60306e-05
3.31188e+01 -2.28890e-02 1.60408e-05
3.33311e+01 -2.35329e-02 1.60512e-05
3.35434e+01 -2.41832e-02 1.60616e-05
3.37557e+01 -2.48400e-02 1.60722e-05
3.39680e+01 -2.55033e-02 1.60828e-05
3.41803e+01 -2.61731e-02 1.60936e-05
3.43926e+01 -2.68493e-02 1.61045e-05
3.46049e+01 -2.75320e-02 1.61155e-05
3.48172e+01 -2.82213e-02 1.61266e-05
3.50295e+01 -2.89170e-02 1.61378e-05
3.52418e+01 -2.96192e-02 1.61491e-05
3.54541e+01 -3.03279e-02 1.61606e-05
3.56664e+01 -3.10432e-02 1.61722e-05
3.58787e+01 -3.17649e-02 1.61838e-05
3.60910e+01 -3.24932e-02 1.61956e-05
3.63033e+01 -3.32280e-02 1.62075e-05
3.65156e+01 -3.39693e-02 1.62196e-05
3.67279e+01 -3.47172e-02 1.62317e-05
3.69402e+01 -3.54716e-02 1.62439e-05
3.71525e+01 -3.62325e-02 1.62563e-05
3.73648e+01 -3.70000e-02 1.62688e-05
3.75771e+01 -3.77740e-02 1.62814e-05
3.77894e+01 -3.85546e-02 1.62941e-05
3.80017e+01 -3.93418e-02 1.63069e-05
3.82140e+01 -4.01356e-02 1.63199e-05
3.84263e+01 -4.09359e-02 1.63329e-05
3.86386e+01 -4.17428e-02 1.63461e-05
3.88509e+01 -4.25562e-02 1.63594e-05
3.90632e+01 -4.33763e-02 1.63728e-05
3.92755e+01 -4.42030e-02 1.63864e-05
3.94878e+01 -4.50363e-02 1.64000e-05
3.97001e+01 -4.58761e-02 1.64138e-05
3.99124e+01 -4.67226e-02 1.64277e-05
4.01247e+01 -4.75757e-02 1.64417e-05
4.03370e+01 -4.84355e-02 1.64559e-05
4.05493e+01 -4.93018e-02 1.64702e-05
4.07616e+01 -5.01748e-02 1.64845e-05
4.09739e+01 -5.10544e-02 1.64990e-05
4.11862e+01 -5.19407e-02 1.65137e-05
4.13985e+01 -5.28337e-02 1.65284e-05
4.16108e+01 -5.37333e-02 1.65433e-05
4.18231e+01 -5.46395e-02 1.65583e-05
4.20354e+01 -5.55524e-02 1.65734e-05
4.22477e+01 -5.64721e-02 1.65887e-05
4.24600e+01 -5.73983e-02 1.66040e-05
4.26723e+01 -5.83313e-02 1.66195e-05
4.28846e+01 -5.92710e-02 1.66352e-05
4.30969e+01 -6.02174e-02 1.66509e-05
4.33092e+01 -6.11705e-02 1.66668e-05
4.35215e+01 -6.21303e-02 1.66828e-05
4.37338e+01 -6.30968e-02 1.66989e-05
4.39461e+01 -6.40700e-02 1.67152e-05
4.41584e+01 -6.50500e-02 1.67316e-05
4.43707e+01 -6.60367e-02 1.67481e-05
4.45830e+01 -6.70302e-02 1.67647e-05
4.47953e+01 -6.80304e-02 1.67815e-05
4.50076e+01 -6.90374e-02 1.67984e-05
4.52199e+01 -7.00512e-02 1.68155e-05
4.54322e+01 -7.10717e-02 1.68326e-05
4.56445e+01 -7.20990e-02 1.68499e-05
4.58568e+01 -7.31331e-02 1.68674e-05
4.60691e+01 -7.41740e-02 1.68849e-05
4.62814e+01 -7.52217e-02 1.69026e-05
4.64937e+01 -7.62762e-02 1.69205e-05
4.67060e+01 -7.73375e-02 1.69384e-05
4.69183e+01 -7.84057e-02 1.69565e-05
4.71306e+01 -7.94806e-02 1.69748e-05
4.73429e+01 -8.05624e-02 1.69932e-05
4.75552e+01 -8.16511e-02 1.70117e-05
4.77675e+01 -8.27466e-02 1.70303e-05
4.79798e+01 -8.38490e-02 1.70491e-05
4.81921e+01 -8.49582e-02 1.70680e-05
4.84044e+01 -8.60744e-02 1.70871e-05
4.86167e+01 -8.71974e-02 1.71063e-05
4.88290e+01 -8.83273e-02 1.71256e-05
4.90413e+01 -8.94640e-02 1.71451e-05
4.92536e+01 -9.06078e-02 1.71647e-05
4.94659e+01 -9.17584e-02 1.71845e-05
4.96782e+01 -9.29159e-02 1.72044e-05
4.98905e+01 -9.40804e-02 1.72244e-05
5.01028e+01 -9.52518e-02 1.72446e-05
5.03151e+01 -9.64301e-02 1.72649e-05
5.05274e+01 -9.76155e-02 1.72854e-05
5.07397e+01 -9.88077e-02 1.73060e-05
5.09520e+01 -1.00007e-01 1.73268e-05
5.11643e+01 -1.01213e-01 1.73477e-05
5.13766e+01 -1.02426e-01 1.73688e-05
5.15889e+01 -1.03647e-01 1.73900e-05
5.18012e+01 -1.04874e-01 1.74113e-05
5.20135e+01 -1.06108e-01 1.74328e-05
5.22258e+01 -1.07349e-01 1.74545e-05
5.24381e+01 -1.08598e-01 1.74763e-05
5.26504e+01 -1.09853e-01 1.74983e-05
5.28627e+01 -1.11115e-01 1.75204e-05
5.30750e+01 -1.12385e-01 1.75426e-05
5.32873e+01 -1.13661e-01 1.75650e-05
5.34996e+01 -1.14945e-01 1.75876e-05
5.37119e+01 -1.16236e-01 1.76103e-05
5.39242e+01 -1.17533e-01 1.76332e-05
5.41365e+01 -1.18838e-01 1.76562e-05
5.43488e+01 -1.20150e-01 1.76794e-05
5.45611e+01 -1.21469e-01 1.77027e-05
5.47734e+01 -1.22796e-01 1.77262e-05
5.49857e+01 -1.24129e-01 1.77498e-05
5.51980e+01 -1.25469e-01 1.77737e-05
5.54103e+01 -1.26817e-01 1.77976e-05
5.56226e+01 -1.28172e-01 1.78218e-05
5.58349e+01 -1.29534e-01 1.78460e-05
5.60472e+01 -1.30903e-01 1.78705e-05
5.62595e+01 -1.32280e-01 1.78951e-05
5.64718e+01 -1.33663e-01 1.79199e-05
5.66841e+01 -1.35054e-01 1.79448e-05
5.68964e+01 -1.36452e-01 1.79699e-05
5.71087e+01 -1.37858e-01 1.79952e-05
5.73210e+01 -1.39270e-01 1.80206e-05
5.75333e+01 -1.40690e-01 1.80463e-05
5.77456e+01 -1.42117e-01 1.80720e-05
5.79579e+01 -1.43551e-01 1.80980e-05
5.81702e+01 -1.44993e-01 1.81241e-05
5.83825e+01 -1.46442e-01 1.81504e-05
5.85948e+01 -1.47898e-01 1.81768e-05
5.88071e+01 -1.49362e-01 1.82034e-05
5.90194e+01 -1.50833e-01 1.82302e-05
5.92317e+01 -1.52311e-01 1.82572e-05
5.94440e+01 -1.53797e-01 1.82843e-05
5.96563e+01 -1.55290e-01 1.83117e-05
5.98686e+01 -1.56790e-01 1.83392e-05
6.00809e+01 -1.58298e-01 1.83668e-05
6.02932e+01 -1.59813e-01 1.83947e-05
6.05055e+01 -1.61336e-01 1.84227e-05
6.07178e+01 -1.62866e-01 1.84509e-05
6.09301e+01 -1.64403e-01 1.84793e-05
6.11424e+01 -1.65948e-01 1.85079e-05
6.13547e+01 -1.67501e-01 1.85366e-05
6.15670e+01 -1.69060e-01 1.85656e-05
6.17793e+01 -1.70628e-01 1.85947e-05
6.19916e+01 -1.72202e-01 1.86240e-05
6.22039e+01 -1.73785e-01 1.86535e-05
6.24162e+01 -1.75374e-01 1.86832e-05
6.26285e+01 -1.76972e-01 1.87130e-05
6.28408e+01 -1.78577e-01 1.87431e-05
6.30531e+01 -1.80189e-01 1.87733e-05
6.32654e+01 -1.81809e-01 1.88038e-05
6.34777e+01 -1.83437e-01 1.88344e-05
6.36900e+01 -1.85072e-01 1.88652e-05
6.39023e+01 -1.86715e-01 1.88962e-05
6.41146e+01 -1.88365e-01 1.89274e-05
6.43269e+01 -1.90023e-01 1.89589e-05
6.45392e+01 -1.91688e-01 1.89905e-05
6.47515e+01 -1.93362e-01 1.90223e-05
6.49638e+01 -1.95043e-01 1.90543e-05
6.51761e+01 -1.96731e-01 1.90865e-05
6.53884e+01 -1.98428e-01 1.91189e-05
6.56007e+01 -2.00132e-01 1.91515e-05
6.58130e+01 -2.01843e-01 1.91843e-05
6.60253e+01 -2.03563e-01 1.92173e-05
6.62376e+01 -2.05290e-01 1.92505e-05
6.64499e+01 -2.07025e-01 1.92839e-05
6.66622e+01 -2.08768e-01 1.93176e-05
6.68745e+01 -2.10518e-01 1.93514e-05
6.70868e+01 -2.12276e-01 1.93855e-05
6.72991e+01 -2.14042e-01 1.94197e-05
6.75114e+01 -2.15816e-01 1.94542e-05
6.77237e+01 -2.17598e-01 1.94889e-05
6.79360e+01 -2.19388e-01 1.95238e-05
6.81483e+01 -2.21185e-01 1.95590e-05
6.83606e+01 -2.22991e-01 1.95943e-05
6.85729e+01 -2.24804e-01 1.96299e-05
6.87852e+01 -2.26625e-01 1.96656e-05
6.89975e+01 -2.28454e-01 1.97016e-05
6.92098e+01 -2.30291e-01 1.97379e-05
6.94221e+01 -2.32136e-01 1.97743e-05
6.96344e+01 -2.33989e-01 1.98110e-05
6.98467e+01 -2.35850e-01 1.98479e-05
7.00590e+01 -2.37719e-01 1.98850e-05
7.02713e+01 -2.39596e-01 1.99224e-05
7.04836e+01 -2.41481e-01 1.99600e-05
7.06959e+01 -2.43374e-01 1.99978e-05
7.09082e+01 -2.45275e-01 2.00358e-05
7.11205e+01 -2.47184e-01 2.00741e-05
7.13328e+01 -2.49101e-01 2.01127e-05
7.15451e+01 -2.51026e-01 2.01514e-05
7.17574e+01 -2.52960e-01 2.01904e-05
7.19697e+01 -2.54901e-01 2.02297e-05
7.21820e+01 -2.56851e-01 2.02691e-05
7.23943e+01 -2.58809e-01 2.03089e-05
7.26066e+01 -2.60775e-01 2.03488e-05
7.28189e+01 -2.62749e-01 2.03890e-05
7.30312e+01 -2.64732e-01 2.04295e-05
7.32435e+01 -2.66723e-01 2.04702e-05
7.34558e+01 -2.68721e-01 2.05112e-05
7.36681e+01 -2.70729e-01 2.05524e-05
7.38804e+01 -2.72744e-01 2.05938e-05
7.40927e+01 -2.74768e-01 2.06356e-05
7.43050e+01 -2.76800e-01 2.06775e-05
7.45173e+01 -2.78841e-01 2.07198e-05
7.47296e+01 -2.80889e-01 2.07623e-05
7.49419e+01 -2.82946e-01 2.08050e-05
7.51542e+01 -2.85012e-01 2.08480e-05
7.53665e+01 -2.87086e-01 2.08913e-05
7.55788e+01 -2.89168e-01 2.09349e-05
7.57911e+01 -2.91259e-01 2.09787e-05
7.60034e+01 -2.93358e-01 2.10228e-05
7.62157e+01 -2.95466e-01 2.10671e-05
7.64280e+01 -2.97582e-01 2.11118e-05
7.66403e+01 -2.99707e-01 2.11567e-05
7.68526e+01 -3.01840e-01 2.12018e-05
7.70649e+01 -3.03982e-01 2.12473e-05
7.72772e+01 -3.06132e-01 2.12930e-05
7.74895e+01 -3.08291e-01 2.13391e-05
7.77018e+01 -3.10459e-01 2.13854e-05
7.79141e+01 -3.12635e-01 2.14319e-05
7.81264e+01 -3.14819e-01 2.14788e-05
7.83387e+01 -3.17013e-01 2.15260e-05
7.85510e+01 -3.19215e-01 2.15734e-05
7.87633e+01 -3.21426e-01 2.16212e-05
7.89756e+01 -3.23645e-01 2.16692e-05
7.91879e+01 -3.25873e-01 2.17176e-05
7.94002e+01 -3.28110e-01 2.17662e-05
7.96125e+01 -3.30356e-01 2.18151e-05
7.98248e+01 -3.32610e-01 2.18644e-05
8.00371e+01 -3.34874e-01 2.19139e-05
8.02494e+01 -3.37146e-01 2.19638e-05
8.04617e+01 -3.39427e-01 2.20139e-05
8.06740e+01 -3.41717e-01 2.20644e-05
8.08863e+01 -3.44015e-01 2.21152e-05
8.10986e+01 -3.46323e-01 2.21663e-05
8.13109e+01 -3.48640e-01 2.22177e-05
8.15232e+01 -3.50965e-01 2.22694e-05
8.17355e+01 -3.53300e-01 2.23214e-05
8.19478e+01 -3.55643e-01 2.23738e-05
8.21601e+01 -3.57996e-01 2.24265e-05
8.23724e+01 -3.60357e-01 2.24795e-05
8.25847e+01 -3.62728e-01 2.25329e-05
8.27970e+01 -3.65108e-01 2.25866e-05
8.30093e+01 -3.67496e-01 2.26406e-05
8.32216e+01 -3.69894e-01 2.26949e-05
8.34339e+01 -3.72301e-01 2.27496e-05
8.36462e+01 -3.74718e-01 2.28047e-05
8.38585e+01 -3.77143e-01 2.28601e-05
8.40708e+01 -3.79578e-01 2.29158e-05
8.42831e+01 -3.82021e-01 2.29718e-05
8.44954e+01 -3.84475e-01 2.30283e-05
8.47077e+01 -3.86937e-01 2.30850e-05
8.49200e+01 -3.89409e-01 2.31422e-05
8.51323e+01 -3.91890e-01 2.31997e-05
8.53446e+01 -3.94380e-01 2.32575e-05
8.55569e+01 -3.96880e-01 2.33157e-05
8.57692e+01 -3.99389e-01 2.33743e-05
8.59815e+01 -4.01907e-01 2.34332e-05
8.61938e+01 -4.04435e-01 2.34925e-05
8.64061e+01 -4.06973e-01 2.35522e-05
8.66184e+01 -4.09520e-01 2.36123e-05
8.68307e+01 -4.12076e-01 2.36727e-05
8.70430e+01 -4.14642e-01 2.37336e-05
8.72553e+01 -4.17218e-01 2.37948e-05
8.74676e+01 -4.19803e-01 2.38564e-05
8.76799e+01 -4.22397e-01 2.39183e-05
8.78922e+01 -4.25002e-01 2.39807e-05
8.81045e+01 -4.27616e-01 2.40435e-05
8.83168e+01 -4.30240e-01 2.41066e-05
8.85291e+01 -4.32873e-01 2.41702e-05
8.87414e+01 -4.35516e-01 2.42342e-05
8.89537e+01 -4.38169e-01 2.42986e-05
8.91660e+01 -4.40832e-01 2.43633e-05
8.93783e+01 -4.43504e-01 2.44285e-05
8.95906e+01 -4.46187e-01 2.44942e-05
8.98029e+01 -4.48879e-01 2.45602e-05
9.00152e+01 -4.51581e-01 2.46266e-05
9.02275e+01 -4.54293e-01 2.46935e-05
9.04398e+01 -4.57015e-01 2.47608e-05
9.06521e+01 -4.59747e-01 2.48286e-05
9.08644e+01 -4.62489e-01 2.48967e-05
9.10767e+01 -4.65241e-01 2.49654e-05
9.12890e+01 -4.68003e-01 2.50344e-05
9.15013e+01 -4.70775e-01 2.51039e-05
9.17136e+01 -4.73558e-01 2.51738e-05
9.19259e+01 -4.76350e-01 2.52442e-05
9.21382e+01 -4.79152e-01 2.53151e-05
9.23505e+01 -4.81965e-01 2.53864e-05
9.25628e+01 -4.84788e-01 2.54582e-05
9.27751e+01 -4.87622e-01 2.55304e-05
9.29874e+01 -4.90465e-01 2.56031e-05
9.31997e+01 -4.93319e-01 2.56763e-05
9.34120e+01 -4.96183e-01 2.57499e-05
9.36243e+01 -4.99058e-01 2.58240e-05
9.38366e+01 -5.01943e-01 2.58986e-05
9.40489e+01 -5.04838e-01 2.59737e-05
9.42612e+01 -5.07744e-01 2.60493e-05
9.44735e+01 -5.10660e-01 2.61254e-05
9.46858e+01 -5.13587e-01 2.62020e-05
9.48981e+01 -5.16525e-01 2.62791e-05
9.51104e+01 -5.19473e-01 2.63567e-05
9.53227e+01 -5.22431e-01 2.64348e-05
9.55350e+01 -5.25401e-01 2.65134e-05
9.57473e+01 -5.28381e-01 2.65925e-05
9.59596e+01 -5.31371e-01 2.66721e-05
9.61719e+01 -5.34373e-01 2.67523e-05
9.63842e+01 -5.37385e-01 2.68330e-05
9.65965e+01 -5.40408e-01 2.69143e-05
9.68088e+01 -5.43442e-01 2.69960e-05
9.70211e+01 -5.46487e-01 2.70784e-05
9.72334e+01 -5.49542e-01 2.71612e-05
9.74457e+01 -5.52609e-01 2.72446e-05
9.76580e+01 -5.55687e-01 2.73286e-05
9.78703e+01 -5.58775e-01 2.74132e-05
9.80826e+01 -5.61875e-01 2.74983e-05
9.82949e+01 -5.64986e-01 2.75839e-05
9.85072e+01 -5.68107e-01 2.76702e-05
9.87195e+01 -5.71240e-01 2.77570e-05
9.89318e+01 -5.74385e-01 2.78444e-05
9.91441e+01 -5.77540e-01 2.79324e-05
9.93564e+01 -5.80707e-01 2.80210e-05
9.95687e+01 -5.83885e-01 2.81102e-05
9.97810e+01 -5.87074e-01 2.82000e-05
9.99933e+01 -5.90274e-01 2.82904e-05
1.00206e+02 -5.93486e-01 2.83814e-05
1.00418e+02 -5.96711e-01 2.84731e-05
1.00630e+02 -5.99949e-01 2.85654e-05
1.00843e+02 -6.03197e-01 2.86584e-05
1.01055e+02 -6.06457e-01 2.87519e-05
1.01268e+02 -6.09728e-01 2.88461e-05
1.01480e+02 -6.13012e-01 2.89410e-05
1.01693e+02 -6.16307e-01 2.90365e-05
1.01905e+02 -6.19613e-01 2.91327e-05
1.02117e+02 -6.22931e-01 2.92295e-05
1.02330e+02 -6.26262e-01 2.93270e-05
1.02542e+02 -6.29603e-01 2.94252e-05
1.02755e+02 -6.32957e-01 2.95240e-05
1.02967e+02 -6.36322e-01 2.96236e-05
1.03180e+02 -6.39701e-01 2.97238e-05
1.03392e+02 -6.43090e-01 2.98247e-05
1.03604e+02 -6.46491e-01 2.99263e-05
1.03817e+02 -6.49905e-01 3.00287e-05
1.04029e+02 -6.53330e-01 3.01317e-05
1.04242e+02 -6.56769e-01 3.02355e-05
1.04454e+02 -6.60219e-01 3.03400e-05
1.04666e+02 -6.63681e-01 3.04452e-05
1.04879e+02 -6.67155e-01 3.05512e-05
1.05091e+02 -6.70643e-01 3.06579e-05
1.05304e+02 -6.74142e-01 3.07654e-05
1.05516e+02 -6.77654e-01 3.08736e-05
1.05729e+02 -6.81177e-01 3.09826e-05
1.05941e+02 -6.84715e-01 3.10924e-05
1.06153e+02 -6.88264e-01 3.12029e-05
1.06366e+02 -6.91826e-01 3.13143e-05
1.06578e+02 -6.95400e-01 3.14264e-05
1.06791e+02 -6.98988e-01 3.15394e-05
1.07003e+02 -7.02588e-01 3.16531e-05
1.07216e+02 -7.06200e-01 3.17676e-05
1.07428e+02 -7.09825e-01 3.18830e-05
1.07640e+02 -7.13465e-01 3.19993e-05
1.07853e+02 -7.17115e-01 3.21163e-05
1.08065e+02 -7.20779e-01 3.22342e-05
1.08278e+02 -7.24456e-01 3.23529e-05
1.08490e+02 -7.28147e-01 3.24726e-05
1.08703e+02 -7.31850e-01 3.25930e-05
1.08915e+02 -7.35566e-01 3.27144e-05
1.09127e+02 -7.39296e-01 3.28366e-05
1.09340e+02 -7.43040e-01 3.29598e-05
1.09552e+02 -7.46796e-01 3.30838e-05
1.09765e+02 -7.50565e-01 3.32087e-05
1.09977e+02 -7.54347e-01 3.33346e-05
1.10189e+02 -7.58143e-01 3.34614e-05
1.10402e+02 -7.61954e-01 3.35891e-05
1.10614e+02 -7.65777e-01 3.37178e-05
1.10827e+02 -7.69614e-01 3.38474e-05
1.11039e+02 -7.73464e-01 3.39780e-05
1.11252e+02 -7.77330e-01 3.41096e-05
1.11464e+02 -7.81208e-01 3.42421e-05
1.11676e+02 -7.85099e-01 3.43756e-05
1.11889e+02 -7.89004e-01 3.45101e-05
1.12101e+02 -7.92926e-01 3.46457e-05
1.12314e+02 -7.96859e-01 3.47822e-05
1.12526e+02 -8.00806e-01 3.49198e-05
1.12739e+02 -8.04767e-01 3.50584e-05
1.12951e+02 -8.08745e-01 3.51981e-05
1.13163e+02 -8.12735e-01 3.53388e-05
1.13376e+02 -8.16739e-01 3.54806e-05
1.13588e+02 -8.20757e-01 3.56235e-05
1.13801e+02 -8.24791e-01 3.57675e-05
1.14013e+02 -8.28838e-01 3.59125e-05
1.14226e+02 -8.32900e-01 3.60587e-05
1.14438e+02 -8.36976e-01 3.62060e-05
1.14650e+02 -8.41069e-01 3.63544e-05
1.14863e+02 -8.45174e-01 3.65040e-05
1.15075e+02 -8.49294e-01 3.66547e-05
1.15288e+02 -8.53429e-01 3.68066e-05
1.15500e+02 -8.57579e-01 3.69596e-05
1.15713e+02 -8.61745e-01 3.71140e-05
1.15925e+02 -8.65925e-01 3.72694e-05
1.16137e+02 -8.70119e-01 3.74261e-05
1.16350e+02 -8.74329e-01 3.75839e-05
1.16562e+02 -8.78556e-01 3.77431e-05
1.16775e+02 -8.82796e-01 3.79035e-05
1.16987e+02 -8.87051e-01 3.80652e-05
1.17199e+02 -8.91322e-01 3.82281e-05
1.17412e+02 -8.95610e-01 3.83923e-05
1.17624e+02 -8.99912e-01 3.85578e-05
1.17837e+02 -9.04229e-01 3.87247e-05
1.18049e+02 -9.08562e-01 3.88928e-05
1.18262e+02 -9.12912e-01 3.90624e-05
1.18474e+02 -9.17276e-01 3.92332e-05
1.18686e+02 -9.21656e-01 3.94055e-05
1.18899e+02 -9.26052e-01 3.95791e-05
1.19111e+02 -9.30466e-01 3.97542e-05
1.19324e+02 -9.34894e-01 3.99306e-05
1.19536e+02 -9.39338e-01 4.01084e-05
1.19749e+02 -9.43798e-01 4.02877e-05
1.19961e+02 -9.48277e-01 4.04685e-05
1.20173e+02 -9.52770e-01 4.06508e-05
1.20386e+02 -9.57279e-01 4.08345e-05
1.20598e+02 -9.61805e-01 4.10197e-05
1.20811e+02 -9.66349e-01 4.12065e-05
1.21023e+02 -9.70908e-01 4.13948e-05
1.21236e+02 -9.75483e-01 4.15847e-05
1.21448e+02 -9.80075e-01 4.17761e-05
1.21660e+02 -9.84684e-01 4.19691e-05
1.21873e+02 -9.89313e-01 4.21637e-05
1.22085e+02 -9.93956e-01 4.23600e-05
1.22298e+02 -9.98616e-01 4.25578e-05
1.22510e+02 -1.00329e+00 4.27574e-05
1.22723e+02 -1.00799e+00 4.29586e-05
1.22935e+02 -1.01270e+00 4.31615e-05
1.23147e+02 -1.01743e+00 4.33661e-05
1.23360e+02 -1.02218e+00 4.35725e-05
1.23572e+02 -1.02694e+00 4.37807e-05
1.23785e+02 -1.03173e+00 4.39905e-05
1.23997e+02 -1.03653e+00 4.42022e-05
1.24209e+02 -1.04134e+00 4.44156e-05
1.24422e+02 -1.04618e+00 4.46310e-05
1.24634e+02 -1.05103e+00 4.48482e-05
1.24847e+02 -1.05591e+00 4.50672e-05
1.25059e+02 -1.06080e+00 4.52881e-05
1.25272e+02 -1.06571e+00 4.55110e-05
1.25484e+02 -1.07063e+00 4.57358e-05
1.25696e+02 -1.07558e+00 4.59625e-05
1.25909e+02 -1.08054e+00 4.61912e-05
1.26121e+02 -1.08553e+00 4.64220e-05
1.26334e+02 -1.09053e+00 4.66547e-05
1.26546e+02 -1.09555e+00 4.68895e-05
1.26759e+02 -1.10058e+00 4.71263e-05
1.26971e+02 -1.10564e+00 4.73654e-05
1.27183e+02 -1.11072e+00 4.76064e-05
1.27396e+02 -1.11582e+00 4.78496e-05
1.27608e+02 -1.12093e+00 4.80950e-05
1.27821e+02 -1.12606e+00 4.83426e-05
1.28033e+02 -1.13122e+00 4.85925e-05
1.28246e+02 -1.13639e+00 4.88446e-05
1.28458e+02 -1.14159e+00 4.90989e-05
1.28670e+02 -1.14680e+00 4.93555e-05
1.28883e+02 -1.15204e+00 4.96146e-05
1.29095e+02 -1.15729e+00 4.98759e-05
1.29308e+02 -1.16256e+00 5.01396e-05
1.29520e+02 -1.16786e+00 5.04057e-05
1.29733e+02 -1.17317e+00 5.06743e-05
1.29945e+02 -1.17851e+00 5.09454e-05
1.30157e+02 -1.18386e+00 5.12189e-05
1.30370e+02 -1.18924e+00 5.14949e-05
1.30582e+02 -1.19463e+00 5.17737e-05
1.30795e+02 -1.20005e+00 5.20549e-05
1.31007e+02 -1.20549e+00 5.23387e-05
1.31219e+02 -1.21095e+00 5.26252e-05
1.31432e+02 -1.21643e+00 5.29145e-05
1.31644e+02 -1.22193e+00 5.32065e-05
1.31857e+02 -1.22745e+00 5.35011e-05
1.32069e+02 -1.23300e+00 5.37986e-05
1.32282e+02 -1.23857e+00 5.40990e-05
1.32494e+02 -1.24416e+00 5.44022e-05
1.32706e+02 -1.24977e+00 5.47082e-05
1.32919e+02 -1.25540e+00 5.50172e-05
1.33131e+02 -1.26106e+00 5.53293e-05
1.33344e+02 -1.26673e+00 5.56443e-05
1.33556e+02 -1.27243e+00 5.59623e-05
1.33769e+02 -1.27815e+00 5.62834e-05
1.33981e+02 -1.28390e+00 5.66077e-05
1.34193e+02 -1.28967e+00 5.69352e-05
1.34406e+02 -1.29546e+00 5.72659e-05
1.34618e+02 -1.30127e+00 5.75997e-05
1.34831e+02 -1.30711e+00 5.79369e-05
1.35043e+02 -1.31297e+00 5.82775e-05
1.35256e+02 -1.31885e+00 5.86214e-05
1.35468e+02 -1.32476e+00 5.89687e-05
1.35680e+02 -1.33069e+00 5.93195e-05
1.35893e+02 -1.33665e+00 5.96739e-05
1.36105e+02 -1.34263e+00 6.00318e-05
1.36318e+02 -1.34863e+00 6.03932e-05
1.36530e+02 -1.35466e+00 6.07583e-05
1.36743e+02 -1.36071e+00 6.11273e-05
1.36955e+02 -1.36679e+00 6.14999e-05
1.37167e+02 -1.37289e+00 6.18762e-05
1.37380e+02 -1.37901e+00 6.22565e-05
1.37592e+02 -1.38517e+00 6.26408e-05
1.37805e+02 -1.39134e+00 6.30289e-05
1.38017e+02 -1.39755e+00 6.34210e-05
1.38229e+02 -1.40377e+00 6.38172e-05
1.38442e+02 -1.41003e+00 6.42177e-05
1.38654e+02 -1.41631e+00 6.46222e-05
1.38867e+02 -1.42262e+00 6.50309e-05
1.39079e+02 -1.42895e+00 6.54440e-05
1.39292e+02 -1.43530e+00 6.58614e-05
1.39504e+02 -1.44169e+00 6.62834e-05
1.39716e+02 -1.44810e+00 6.67097e-05
1.39929e+02 -1.45454e+00 6.71406e-05
1.40141e+02 -1.46101e+00 6.75761e-05
1.40354e+02 -1.46750e+00 6.80164e-05
1.40566e+02 -1.47402e+00 6.84613e-05
1.40779e+02 -1.48057e+00 6.89111e-05
1.40991e+02 -1.48714e+00 6.93657e-05
1.41203e+02 -1.49375e+00 6.98254e-05
1.41416e+02 -1.50038e+00 7.02900e-05
1.41628e+02 -1.50704e+00 7.07597e-05
1.41841e+02 -1.51373e+00 7.12345e-05
1.42053e+02 -1.52045e+00 7.17148e-05
1.42266e+02 -1.52720e+00 7.22002e-05
1.42478e+02 -1.53397e+00 7.26911e-05
1.42690e+02 -1.54077e+00 7.31874e-05
1.42903e+02 -1.54761e+00 7.36895e-05
1.43115e+02 -1.55448e+00 7.41970e-05
1.43328e+02 -1.56137e+00 7.47102e-05
1.43540e+02 -1.56829e+00 7.52293e-05
1.43753e+02 -1.57525e+00 7.57545e-05
1.43965e+02 -1.58223e+00 7.62854e-05
1.44177e+02 -1.58925e+00 7.68225e-05
1.44390e+02 -1.59630e+00 7.73657e-05
1.44602e+02 -1.60337e+00 7.79152e-05
1.44815e+02 -1.61049e+00 7.84713e-05
1.45027e+02 -1.61763e+00 7.90336e-05
1.45239e+02 -1.62480e+00 7.96025e-05
1.45452e+02 -1.63200e+00 8.01781e-05
1.45664e+02 -1.63924e+00 8.07607e-05
1.45877e+02 -1.64651e+00 8.13499e-05
1.46089e+02 -1.65381e+00 8.19462e-05
1.46302e+02 -1.66115e+00 8.25495e-05
1.46514e+02 -1.66852e+00 8.31603e-05
1.46726e+02 -1.67592e+00 8.37781e-05
1.46939e+02 -1.68336e+00 8.44034e-05
1.47151e+02 -1.69083e+00 8.50362e-05
1.47364e+02 -1.69833e+00 8.56768e-05
1.47576e+02 -1.70588e+00 8.63254e-05
1.47789e+02 -1.71345e+00 8.69817e-05
1.48001e+02 -1.72106e+00 8.76460e-05
1.48213e+02 -1.72870e+00 8.83185e-05
1.48426e+02 -1.73639e+00 8.89997e-05
1.48638e+02 -1.74410e+00 8.96891e-05
1.48851e+02 -1.75185e+00 9.03870e-05
1.49063e+02 -1.75964e+00 9.10937e-05
1.49276e+02 -1.76747e+00 9.18096e-05
1.49488e+02 -1.77533e+00 9.25343e-05
1.49700e+02 -1.78323e+00 9.32681e-05
1.49913e+02 -1.79117e+00 9.40113e-05
1.50125e+02 -1.79914e+00 9.47640e-05
1.50338e+02 -1.80716e+00 9.55268e-05
1.50550e+02 -1.81521e+00 9.62990e-05
1.50762e+02 -1.82330e+00 9.70813e-05
1.50975e+02 -1.83143e+00 9.78737e-05
1.51187e+02 -1.83960e+00 9.86765e-05
1.51400e+02 -1.84781e+00 9.94902e-05
1.51612e+02 -1.85606e+00 1.00314e-04
1.51825e+02 -1.86435e+00 1.01149e-04
1.52037e+02 -1.87268e+00 1.01995e-04
1.52249e+02 -1.88105e+00 1.02853e-04
1.52462e+02 -1.88947e+00 1.03722e-04
1.52674e+02 -1.89792e+00 1.04603e-04
1.52887e+02 -1.90642e+00 1.05495e-04
1.53099e+02 -1.91496e+00 1.06400e-04
1.53311e+02 -1.92354e+00 1.07317e-04
1.53524e+02 -1.93217e+00 1.08247e-04
1.53736e+02 -1.94084e+00 1.09190e-04
1.53949e+02 -1.94955e+00 1.10145e-04
1.54161e+02 -1.95831e+00 1.11114e-04
1.54374e+02 -1.96711e+00 1.12096e-04
1.54586e+02 -1.97596e+00 1.13093e-04
1.54798e+02 -1.98485e+00 1.14103e-04
1.55011e+02 -1.99379e+00 1.15127e-04
1.55223e+02 -2.00278e+00 1.16167e-04
1.55436e+02 -2.01181e+00 1.17221e-04
1.55648e+02 -2.02089e+00 1.18290e-04
1.55860e+02 -2.03002e+00 1.19375e-04
1.56073e+02 -2.03920e+00 1.20475e-04
1.56285e+02 -2.04842e+00 1.21592e-04
1.56498e+02 -2.05769e+00 1.22725e-04
1.56710e+02 -2.06702e+00 1.23874e-04
1.56922e+02 -2.07639e+00 1.25040e-04
1.57135e+02 -2.08581e+00 1.26224e-04
1.57347e+02 -2.09529e+00 1.27426e-04
1.57560e+02 -2.10481e+00 1.28645e-04
1.57772e+02 -2.11439e+00 1.29883e-04
1.57984e+02 -2.12402e+00 1.31140e-04
1.58197e+02 -2.13370e+00 1.32416e-04
1.58409e+02 -2.14343e+00 1.33711e-04
1.58622e+02 -2.15322e+00 1.35026e-04
1.58834e+02 -2.16307e+00 1.36362e-04
1.59046e+02 -2.17297e+00 1.37719e-04
1.59259e+02 -2.18292e+00 1.39096e-04
1.59471e+02 -2.19293e+00 1.40495e-04
1.59683e+02 -2.20299e+00 1.41917e-04
1.59896e+02 -2.21311e+00 1.43360e-04
1.60108e+02 -2.22330e+00 1.44828e-04
1.60320e+02 -2.23353e+00 1.46318e-04
1.60533e+02 -2.24383e+00 1.47833e-04
1.60745e+02 -2.25419e+00 1.49371e-04
1.60957e+02 -2.26460e+00 1.50935e-04
1.61170e+02 -2.27508e+00 1.52525e-04
1.61382e+02 -2.28562e+00 1.54141e-04
1.61594e+02 -2.29622e+00 1.55783e-04
1.61807e+02 -2.30688e+00 1.57453e-04
1.62019e+02 -2.31761e+00 1.59151e-04
1.62231e+02 -2.32840e+00 1.60877e-04
1.62444e+02 -2.33925e+00 1.62633e-04
1.62656e+02 -2.35016e+00 1.64418e-04
1.62868e+02 -2.36115e+00 1.66234e-04
1.63080e+02 -2.37220e+00 1.68081e-04
1.63293e+02 -2.38332e+00 1.69961e-04
1.63505e+02 -2.39450e+00 1.71872e-04
1.63717e+02 -2.40576e+00 1.73817e-04
1.63929e+02 -2.41708e+00 1.75796e-04
1.64141e+02 -2.42847e+00 1.77811e-04
1.64354e+02 -2.43993e+00 1.79860e-04
1.64566e+02 -2.45146e+00 1.81946e-04
1.64778e+02 -2.46307e+00 1.84070e-04
1.64990e+02 -2.47475e+00 1.86233e-04
1.65202e+02 -2.48650e+00 1.88435e-04
1.65414e+02 -2.49833e+00 1.90676e-04
1.65626e+02 -2.51023e+00 1.92960e-04
1.65838e+02 -2.52221e+00 1.95284e-04
1.66050e+02 -2.53426e+00 1.97653e-04
1.66262e+02 -2.54639e+00 2.00065e-04
1.66474e+02 -2.55861e+00 2.02523e-04
1.66686e+02 -2.57090e+00 2.05028e-04
1.66897e+02 -2.58327e+00 2.07579e-04
1.67109e+02 -2.59571e+00 2.10179e-04
1.67321e+02 -2.60824e+00 2.12829e-04
1.67533e+02 -2.62086e+00 2.15531e-04
1.67744e+02 -2.63355e+00 2.18285e-04
1.67956e+02 -2.64634e+00 2.21093e-04
1.68167e+02 -2.65920e+00 2.23956e-04
1.68379e+02 -2.67215e+00 2.26875e-04
1.68590e+02 -2.68519e+00 2.29853e-04
1.68801e+02 -2.69831e+00 2.32888e-04
1.69012e+02 -2.71152e+00 2.35985e-04
1.69224e+02 -2.72483e+00 2.39146e-04
1.69435e+02 -2.73822e+00 2.42370e-04
1.69646e+02 -2.75169e+00 2.45658e-04
1.69856e+02 -2.76526e+00 2.49015e-04
1.70067e+02 -2.77893e+00 2.52442e-04
1.70278e+02 -2.79268e+00 2.55937e-04
1.70488e+02 -2.80653e+00 2.59506e-04
1.70698e+02 -2.82047e+00 2.63149e-04
1.70909e+02 -2.83451e+00 2.66869e-04
1.71119e+02 -2.84864e+00 2.70666e-04
1.71329e+02 -2.86287e+00 2.74545e-04
1.71538e+02 -2.87719e+00 2.78506e-04
1.71748e+02 -2.89161e+00 2.82551e-04
1.71957e+02 -2.90613e+00 2.86682e-04
1.72166e+02 -2.92073e+00 2.90901e-04
1.72375e+02 -2.93545e+00 2.95213e-04
1.72584e+02 -2.95026e+00 2.99617e-04
1.72792e+02 -2.96516e+00 3.04115e-04
1.73000e+02 -2.98016e+00 3.08713e-04
1.73208e+02 -2.99526e+00 3.13409e-04
1.73415e+02 -3.01046e+00 3.18210e-04
1.73622e+02 -3.02576e+00 3.23114e-04
1.73829e+02 -3.04115e+00 3.28125e-04
1.74035e+02 -3.05664e+00 3.33248e-04
1.74241e+02 -3.07222e+00 3.38481e-04
1.74447e+02 -3.08791e+00 3.43833e-04
1.74652e+02 -3.10368e+00 3.49298e-04
1.74856e+02 -3.11955e+00 3.54885e-04
1.75061e+02 -3.13551e+00 3.60596e-04
1.75264e+02 -3.15156e+00 3.66430e-04
1.75467e+02 -3.16771e+00 3.72395e-04
1.75669e+02 -3.18393e+00 3.78487e-04
1.75871e+02 -3.20025e+00 3.84713e-04
1.76072e+02 -3.21665e+00 3.91074e-04
1.76272e+02 -3.23313e+00 3.97573e-04
1.76472e+02 -3.24970e+00 4.04214e-04
1.76671e+02 -3.26633e+00 4.10994e-04
1.76869e+02 -3.28304e+00 4.17920e-04
1.77066e+02 -3.29982e+00 4.24993e-04
1.77262e+02 -3.31668e+00 4.32215e-04
1.77457e+02 -3.33359e+00 4.39587e-04
1.77651e+02 -3.35056e+00 4.47112e-04
1.77844e+02 -3.36759e+00 4.54791e-04
1.78036e+02 -3.38467e+00 4.62625e-04
1.78226e+02 -3.40179e+00 4.70616e-04
1.78416e+02 -3.41895e+00 4.78761e-04
1.78604e+02 -3.43616e+00 4.87068e-04
1.78791e+02 -3.45339e+00 4.95536e-04
1.78976e+02 -3.47065e+00 5.04163e-04
1.79161e+02 -3.48793e+00 5.12952e-04
1.79343e+02 -3.50523e+00 5.21901e-04
1.79524e+02 -3.52254e+00 5.31013e-04
1.79704e+02 -3.53985e+00 5.40284e-04
1.79882e+02 -3.55714e+00 5.49711e-04
1.80058e+02 -3.57444e+00 5.59301e-04
1.80232e+02 -3.59172e+00 5.69050e-04
1.80405e+02 -3.60898e+00 5.78954e-04
1.80576e+02 -3.62619e+00 5.89009e-04
1.80745e+02 -3.64339e+00 5.99226e-04
1.80912e+02 -3.66054e+00 6.09588e-04
1.81077e+02 -3.67763e+00 6.20101e-04
1.81240e+02 -3.69469e+00 6.30765e-04
1.81402e+02 -3.71168e+00 6.41573e-04
1.81561e+02 -3.72860e+00 6.52525e-04
1.81718e+02 -3.74545e+00 6.63611e-04
1.81873e+02 -3.76221e+00 6.74831e-04
1.82026e+02 -3.77891e+00 6.86190e-04
1.82177e+02 -3.79551e+00 6.97679e-04
1.82326e+02 -3.81202e+00 7.09295e-04
1.82473e+02 -3.82844e+00 7.21036e-04
1.82618e+02 -3.84476e+00 7.32898e-04
1.82760e+02 -3.86096e+00 7.44871e-04
1.82901e+02 -3.87706e+00 7.56959e-04
1.83039e+02 -3.89306e+00 7.69167e-04
1.83175e+02 -3.90893e+00 7.81473e-04
1.83309e+02 -3.92469e+00 7.93883e-04
1.83441e+02 -3.94032e+00 8.06391e-04
1.83571e+02 -3.95583e+00 8.18993e-04
1.83699e+02 -3.97122e+00 8.31694e-04
1.83825e+02 -3.98647e+00 8.44478e-04
1.83949e+02 -4.00160e+00 8.57352e-04
1.84071e+02 -4.01661e+00 8.70319e-04
1.84191e+02 -4.03148e+00 8.83353e-04
1.84308e+02 -4.04622e+00 8.96470e-04
1.84424e+02 -4.06083e+00 9.09665e-04
1.84539e+02 -4.07531e+00 9.22932e-04
1.84651e+02 -4.08965e+00 9.36264e-04
1.84761e+02 -4.10385e+00 9.49656e-04
1.84870e+02 -4.11794e+00 9.63126e-04
1.84976e+02 -4.13189e+00 9.76656e-04
1.85081e+02 -4.14570e+00 9.90239e-04
1.85185e+02 -4.15939e+00 1.00390e-03
1.85286e+02 -4.17295e+00 1.01759e-03
1.85386e+02 -4.18638e+00 1.03135e-03
1.85485e+02 -4.19968e+00 1.04516e-03
1.85582e+02 -4.21286e+00 1.05903e-03
1.85677e+02 -4.22592e+00 1.07295e-03
1.85771e+02 -4.23884e+00 1.08691e-03
1.85863e+02 -4.25165e+00 1.10091e-03
1.85954e+02 -4.26433e+00 1.11497e-03
1.86043e+02 -4.27689e+00 1.12906e-03
1.86131e+02 -4.28935e+00 1.14321e-03
1.86218e+02 -4.30168e+00 1.15740e-03
1.86303e+02 -4.31389e+00 1.17162e-03
1.86387e+02 -4.32601e+00 1.18590e-03
1.86469e+02 -4.33799e+00 1.20020e-03
1.86551e+02 -4.34989e+00 1.21456e-03
1.86631e+02 -4.36165e+00 1.22893e-03
1.86710e+02 -4.37333e+00 1.24337e-03
1.86788e+02 -4.38490e+00 1.25783e-03
1.86865e+02 -4.39636e+00 1.27233e-03
1.86940e+02 -4.40772e+00 1.28687e-03
1.87015e+02 -4.41899e+00 1.30145e-03
1.87088e+02 -4.43015e+00 1.31606e-03
1.87160e+02 -4.44122e+00 1.33071e-03
1.87232e+02 -4.45220e+00 1.34540e-03
1.87302e+02 -4.46308e+00 1.36012e-03
1.87372e+02 -4.47387e+00 1.37488e-03
1.87440e+02 -4.48456e+00 1.38965e-03
1.87508e+02 -4.49519e+00 1.40450e-03
1.87574e+02 -4.50571e+00 1.41935e-03
1.87640e+02 -4.51616e+00 1.43427e-03
1.87705e+02 -4.52651e+00 1.44918e-03
1.87769e+02 -4.53680e+00 1.46417e-03
1.87832e+02 -4.54699e+00 1.47918e-03
1.87895e+02 -4.55711e+00 1.49422e-03
1.87956e+02 -4.56715e+00 1.50930e-03
1.88017e+02 -4.57711e+00 1.52441e-03
1.88077e+02 -4.58701e+00 1.53957e-03
1.88136e+02 -4.59684e+00 1.55478e-03
1.88195e+02 -4.60658e+00 1.57000e-03
1.88253e+02 -4.61626e+00 1.58526e-03
1.88310e+02 -4.62586e+00 1.60057e-03
1.88367e+02 -4.63541e+00 1.61593e-03
1.88423e+02 -4.64488e+00 1.63129e-03
1.88478e+02 -4.65430e+00 1.64673e-03
1.88532e+02 -4.66364e+00 1.66219e-03
1.88586e+02 -4.67291e+00 1.67767e-03
1.88640e+02 -4.68214e+00 1.69322e-03
1.88693e+02 -4.69130e+00 1.70881e-03
1.88745e+02 -4.70041e+00 1.72444e-03
1.88796e+02 -4.70945e+00 1.74009e-03
1.88847e+02 -4.71842e+00 1.75578e-03
1.88898e+02 -4.72735e+00 1.77153e-03
1.88948e+02 -4.73623e+00 1.78733e-03
1.88997e+02 -4.74506e+00 1.80318e-03
1.89046e+02 -4.75382e+00 1.81904e-03
1.89095e+02 -4.76253e+00 1.83496e-03
1.89143e+02 -4.77120e+00 1.85095e-03
1.89190e+02 -4.77981e+00 1.86694e-03
1.89237e+02 -4.78838e+00 1.88301e-03
1.89284e+02 -4.79689e+00 1.89911e-03
1.89330e+02 -4.80535e+00 1.91524e-03
1.89375e+02 -4.81377e+00 1.93144e-03
1.89420e+02 -4.82216e+00 1.94770e-03
1.89465e+02 -4.83048e+00 1.96398e-03
1.89509e+02 -4.83877e+00 1.98032e-03
1.89553e+02 -4.84701e+00 1.99672e-03
1.89597e+02 -4.85521e+00 2.01316e-03
1.89640e+02 -4.86338e+00 2.02966e-03
1.89683e+02 -4.87150e+00 2.04621e-03
1.89725e+02 -4.87957e+00 2.06280e-03
1.89767e+02 -4.88760e+00 2.07944e-03
1.89808e+02 -4.89561e+00 2.09615e-03
1.89849e+02 -4.90355e+00 2.11287e-03
1.89890e+02 -4.91149e+00 2.12970e-03
1.89931e+02 -4.91938e+00 2.14657e-03
1.89971e+02 -4.92722e+00 2.16347e-03
1.90011e+02 -4.93503e+00 2.18044e-03
1.90050e+02 -4.94281e+00 2.19747e-03
1.90089e+02 -4.95056e+00 2.21455e-03
1.90128e+02 -4.95827e+00 2.23170e-03
1.90167e+02 -4.96595e+00 2.24890e-03
1.90205e+02 -4.97359e+00 2.26615e-03
1.90243e+02 -4.98121e+00 2.28347e-03
1.90280e+02 -4.98879e+00 2.30085e-03
1.90318e+02 -4.99634e+00 2.31829e-03
1.90355e+02 -5.00386e+00 2.33579e-03
1.90391e+02 -5.01135e+00 2.35335e-03
1.90428e+02 -5.01881e+00 2.37098e-03
1.90464e+02 -5.02624e+00 2.38867e-03
1.90500e+02 -5.03365e+00 2.40642e-03
1.90535e+02 -5.04103e+00 2.42424e-03
1.90571e+02 -5.04838e+00 2.44212e-03
1.90606e+02 -5.05570e+00 2.46007e-03
1.90641e+02 -5.06299e+00 2.47809e-03
1.90675e+02 -5.07026e+00 2.49617e-03
1.90710e+02 -5.07751e+00 2.51433e-03
1.90744e+02 -5.08473e+00 2.53255e-03
1.90778e+02 -5.09193e+00 2.55083e-03
1.90811e+02 -5.09910e+00 2.56920e-03
1.90845e+02 -5.10625e+00 2.58762e-03
1.90878e+02 -5.11337e+00 2.60613e-03
1.90911e+02 -5.12048e+00 2.62471e-03
1.90943e+02 -5.12756e+00 2.64335e-03
1.90976e+02 -5.13461e+00 2.66207e-03
1.91008e+02 -5.14165e+00 2.68088e-03
1.91040e+02 -5.14867e+00 2.69975e-03
1.91072e+02 -5.15566e+00 2.71870e-03
1.91104e+02 -5.16263e+00 2.73772e-03
1.91135e+02 -5.16959e+00 2.75682e-03
1.91167e+02 -5.17652e+00 2.77601e-03
1.91198e+02 -5.18343e+00 2.79527e-03
1.91229e+02 -5.19033e+00 2.81461e-03
1.91259e+02 -5.19721e+00 2.83403e-03
1.91290e+02 -5.20407e+00 2.85354e-03
1.91320e+02 -5.21091e+00 2.87312e-03
1.91350e+02 -5.21773e+00 2.89279e-03
1.91380e+02 -5.22454e+00 2.91255e-03
1.91410e+02 -5.23132e+00 2.93239e-03
1.91440e+02 -5.23809e+00 2.95231e-03
1.91469e+02 -5.24485e+00 2.97232e-03
1.91498e+02 -5.25159e+00 2.99242e-03
1.91527e+02 -5.25831e+00 3.01261e-03
1.91556e+02 -5.26502e+00 3.03288e-03
1.91585e+02 -5.27171e+00 3.05324e-03
1.91614e+02 -5.27839e+00 3.07370e-03
1.91642e+02 -5.28505e+00 3.09425e-03
1.91670e+02 -5.29170e+00 3.11489e-03
1.91699e+02 -5.29834e+00 3.13563e-03
1.91727e+02 -5.30496e+00 3.15646e-03
1.91754e+02 -5.31156e+00 3.17738e-03
1.91782e+02 -5.31816e+00 3.19840e-03
1.91810e+02 -5.32474e+00 3.21951e-03
1.91837e+02 -5.33131e+00 3.24073e-03
1.91864e+02 -5.33786e+00 3.26205e-03
1.91891e+02 -5.34440e+00 3.28346e-03
1.91918e+02 -5.35094e+00 3.30498e-03
1.91945e+02 -5.35746e+00 3.32659e-03
1.91972e+02 -5.36396e+00 3.34832e-03
1.91998e+02 -5.37046e+00 3.37014e-03
1.92025e+02 -5.37695e+00 3.39207e-03
1.92051e+02 -5.38342e+00 3.41410e-03
1.92077e+02 -5.38988e+00 3.43624e-03
1.92103e+02 -5.39634e+00 3.45849e-03
1.92129e+02 -5.40278e+00 3.48085e-03
1.92155e+02 -5.40922e+00 3.50332e-03
1.92181e+02 -5.41564e+00 3.52590e-03
1.92206e+02 -5.42206e+00 3.54858e-03
1.92232e+02 -5.42846e+00 3.57139e-03
1.92257e+02 -5.43486e+00 3.59431e-03
1.92282e+02 -5.44125e+00 3.61735e-03
1.92308e+02 -5.44763e+00 3.64050e-03
1.92333e+02 -5.45400e+00 3.66376e-03
1.92357e+02 -5.46036e+00 3.68715e-03
1.92382e+02 -5.46672e+00 3.71065e-03
1.92407e+02 -5.47306e+00 3.73428e-03
1.92431e+02 -5.47940e+00 3.75803e-03
1.92456e+02 -5.48573e+00 3.78190e-03
1.92480e+02 -5.49206e+00 3.80590e-03
1.92504e+02 -5.49838e+00 3.83002e-03
1.92528e+02 -5.50469e+00 3.85427e-03
1.92553e+02 -5.51099e+00 3.87865e-03
1.92576e+02 -5.51729e+00 3.90316e-03
1.92600e+02 -5.52359e+00 3.92779e-03
1.92624e+02 -5.52987e+00 3.95256e-03
1.92648e+02 -5.53615e+00 3.97746e-03
1.92671e+02 -5.54242e+00 4.00249e-03
1.92695e+02 -5.54869e+00 4.02767e-03
1.92718e+02 -5.55496e+00 4.05297e-03
1.92741e+02 -5.56122e+00 4.07842e-03
1.92764e+02 -5.56747e+00 4.10401e-03
1.92787e+02 -5.57372e+00 4.12973e-03
1.92810e+02 -5.57996e+00 4.15560e-03
1.92833e+02 -5.58620e+00 4.18161e-03
1.92856e+02 -5.59244e+00 4.20777e-03
1.92879e+02 -5.59867e+00 4.23406e-03
1.92902e+02 -5.60490e+00 4.26052e-03
1.92924e+02 -5.61112e+00 4.28712e-03
1.92947e+02 -5.61734e+00 4.31387e-03
1.92969e+02 -5.62356e+00 4.34077e-03
1.92991e+02 -5.62977e+00 4.36783e-03
1.93014e+02 -5.63598e+00 4.39504e-03
1.93036e+02 -5.64219e+00 4.42240e-03
1.93058e+02 -5.64840e+00 4.44994e-03
1.93080e+02 -5.65460e+00 4.47762e-03
1.93102e+02 -5.66080e+00 4.50547e-03
1.93124e+02 -5.66700e+00 4.53348e-03
1.93145e+02 -5.67319e+00 4.56165e-03
1.93167e+02 -5.67939e+00 4.59000e-03
1.93189e+02 -5.68558e+00 4.61849e-03
1.93210e+02 -5.69177e+00 4.64718e-03
1.93232e+02 -5.69796e+00 4.67602e-03
1.93253e+02 -5.70414e+00 4.70504e-03
1.93274e+02 -5.71033e+00 4.73425e-03
1.93296e+02 -5.71651e+00 4.76362e-03
1.93317e+02 -5.72270e+00 4.79316e-03
1.93338e+02 -5.72888e+00 4.82289e-03
1.93359e+02 -5.73506e+00 4.85280e-03
1.93380e+02 -5.74125e+00 4.88289e-03
1.93401e+02 -5.74743e+00 4.91317e-03
1.93422e+02 -5.75361e+00 4.94363e-03
1.93443e+02 -5.75979e+00 4.97430e-03
1.93463e+02 -5.76597e+00 5.00514e-03
1.93484e+02 -5.77215e+00 5.03617e-03
1.93505e+02 -5.77834e+00 5.06741e-03
1.93525e+02 -5.78452e+00 5.09884e-03
1.93546e+02 -5.79070e+00 5.13046e-03
1.93566e+02 -5.79689e+00 5.16229e-03
1.93586e+02 -5.80307e+00 5.19432e-03
1.93607e+02 -5.80926e+00 5.22655e-03
1.93627e+02 -5.81545e+00 5.25901e-03
1.93647e+02 -5.82164e+00 5.29165e-03
1.93667e+02 -5.82783e+00 5.32452e-03
1.93687e+02 -5.83402e+00 5.35759e-03
1.93707e+02 -5.84022e+00 5.39088e-03
1.93727e+02 -5.84641e+00 5.42439e-03
1.93747e+02 -5.85261e+00 5.45811e-03
1.93767e+02 -5.85881e+00 5.49206e-03
1.93787e+02 -5.86501e+00 5.52623e-03
1.93807e+02 -5.87122e+00 5.56063e-03
1.93826e+02 -5.87743e+00 5.59526e-03
1.93846e+02 -5.88364e+00 5.63013e-03
1.93865e+02 -5.88985e+00 5.66522e-03
1.93885e+02 -5.89607e+00 5.70057e-03
1.93904e+02 -5.90229e+00 5.73613e-03
1.93924e+02 -5.90852e+00 5.77194e-03
1.93943e+02 -5.91474e+00 5.80800e-03
1.93963e+02 -5.92098e+00 5.84431e-03
1.93982e+02 -5.92721e+00 5.88085e-03
1.94001e+02 -5.93345e+00 5.91767e-03
1.94020e+02 -5.93969e+00 5.95473e-03
1.94039e+02 -5.94594e+00 5.99204e-03
1.94059e+02 -5.95219e+00 6.02960e-03
1.94078e+02 -5.95844e+00 6.06744e-03
1.94097e+02 -5.96471e+00 6.10556e-03
1.94116e+02 -5.97097e+00 6.14392e-03
1.94134e+02 -5.97724e+00 6.18258e-03
1.94153e+02 -5.98352e+00 6.22150e-03
1.94172e+02 -5.98980e+00 6.26068e-03
1.94191e+02 -5.99608e+00 6.30017e-03
1.94210e+02 -6.00238e+00 6.33994e-03
1.94228e+02 -6.00867e+00 6.37997e-03
1.94247e+02 -6.01497e+00 6.42031e-03
1.94266e+02 -6.02128e+00 6.46094e-03
1.94284e+02 -6.02760e+00 6.50186e-03
1.94303e+02 -6.03392e+00 6.54310e-03
1.94321e+02 -6.04024e+00 6.58463e-03
1.94340e+02 -6.04658e+00 6.62646e-03
1.94358e+02 -6.05292e+00 6.66860e-03
1.94376e+02 -6.05926e+00 6.71104e-03
1.94395e+02 -6.06562e+00 6.75383e-03
1.94413e+02 -6.07198e+00 6.79693e-03
1.94431e+02 -6.07834e+00 6.84033e-03
1.94450e+02 -6.08472e+00 6.88410e-03
1.94468e+02 -6.09110e+00 6.92816e-03
1.94486e+02 -6.09749e+00 6.97258e-03
1.94504e+02 -6.10389e+00 7.01733e-03
1.94522e+02 -6.11029e+00 7.06240e-03
1.94540e+02 -6.11671e+00 7.10784e-03
1.94558e+02 -6.12313e+00 7.15365e-03
1.94576e+02 -6.12956e+00 7.19979e-03
1.94594e+02 -6.13600e+00 7.24630e-03
1.94612e+02 -6.14244e+00 7.29316e-03
1.94630e+02 -6.14890e+00 7.34040e-03
1.94648e+02 -6.15536e+00 7.38799e-03
1.94665e+02 -6.16184e+00 7.43597e-03
1.94683e+02 -6.16832e+00 7.48433e-03
1.94701e+02 -6.17481e+00 7.53308e-03
1.94719e+02 -6.18131e+00 7.58220e-03
1.94736e+02 -6.18782e+00 7.63175e-03
1.94754e+02 -6.19434e+00 7.68167e-03
1.94772e+02 -6.20087e+00 7.73199e-03
1.94789e+02 -6.20741e+00 7.78272e-03
1.94807e+02 -6.21397e+00 7.83390e-03
1.94824e+02 -6.22053e+00 7.88547e-03
1.94842e+02 -6.22710e+00 7.93745e-03
1.94859e+02 -6.23368e+00 7.98987e-03
1.94877e+02 -6.24028e+00 8.04274e-03
1.94894e+02 -6.24688e+00 8.09602e-03
1.94911e+02 -6.25350e+00 8.14976e-03
1.94929e+02 -6.26012e+00 8.20395e-03
1.94946e+02 -6.26676e+00 8.25859e-03
1.94963e+02 -6.27341e+00 8.31368e-03
1.94981e+02 -6.28007e+00 8.36925e-03
1.94998e+02 -6.28675e+00 8.42529e-03
1.95015e+02 -6.29343e+00 8.48180e-03
1.95032e+02 -6.30013e+00 8.53880e-03
1.95049e+02 -6.30684e+00 8.59629e-03
1.95067e+02 -6.31356e+00 8.65429e-03
1.95084e+02 -6.32030e+00 8.71278e-03
1.95101e+02 -6.32705e+00 8.77179e-03
1.95118e+02 -6.33381e+00 8.83130e-03
1.95135e+02 -6.34059e+00 8.89134e-03
1.95152e+02 -6.34737e+00 8.95189e-03
1.95169e+02 -6.35417e+00 9.01300e-03
1.95186e+02 -6.36099e+00 9.07465e-03
1.95203e+02 -6.36782e+00 9.13683e-03
1.95220e+02 -6.37467e+00 9.19958e-03
1.95237e+02 -6.38153e+00 9.26291e-03
1.95254e+02 -6.38840e+00 9.32681e-03
1.95270e+02 -6.39529e+00 9.39126e-03
1.95287e+02 -6.40219e+00 9.45630e-03
1.95304e+02 -6.40911e+00 9.52195e-03
1.95321e+02 -6.41604e+00 9.58820e-03
1.95338e+02 -6.42299e+00 9.65506e-03
1.95354e+02 -6.42995e+00 9.72251e-03
1.95371e+02 -6.43693e+00 9.79062e-03
1.95388e+02 -6.44393e+00 9.85933e-03
1.95404e+02 -6.45094e+00 9.92873e-03
1.95421e+02 -6.45797e+00 9.99877e-03
1.95438e+02 -6.46501e+00 1.00694e-02
1.95454e+02 -6.47207e+00 1.01408e-02
1.95471e+02 -6.47915e+00 1.02128e-02
1.95488e+02 -6.48625e+00 1.02856e-02
1.95504e+02 -6.49336e+00 1.03590e-02
1.95521e+02 -6.50049e+00 1.04331e-02
1.95537e+02 -6.50764e+00 1.05080e-02
1.95554e+02 -6.51481e+00 1.05836e-02
1.95570e+02 -6.52199e+00 1.06599e-02
1.95587e+02 -6.52920e+00 1.07369e-02
1.95603e+02 -6.53642e+00 1.08147e-02
1.95620e+02 -6.54366e+00 1.08933e-02
1.95636e+02 -6.55092e+00 1.09727e-02
1.95652e+02 -6.55820e+00 1.10529e-02
1.95669e+02 -6.56549e+00 1.11338e-02
1.95685e+02 -6.57281e+00 1.12156e-02
1.95702e+02 -6.58015e+00 1.12982e-02
1.95718e+02 -6.58751e+00 1.13816e-02
1.95734e+02 -6.59488e+00 1.14659e-02
1.95751e+02 -6.60229e+00 1.15511e-02
1.95767e+02 -6.60971e+00 1.16371e-02
1.95783e+02 -6.61715e+00 1.17240e-02
1.95800e+02 -6.62461e+00 1.18118e-02
1.95816e+02 -6.63209e+00 1.19006e-02
1.95832e+02 -6.63960e+00 1.19902e-02
1.95848e+02 -6.64713e+00 1.20808e-02
1.95865e+02 -6.65467e+00 1.21723e-02
1.95881e+02 -6.66224e+00 1.22648e-02
1.95897e+02 -6.66984e+00 1.23583e-02
1.95913e+02 -6.67746e+00 1.24529e-02
1.95929e+02 -6.68510e+00 1.25484e-02
1.95945e+02 -6.69277e+00 1.26450e-02
1.95962e+02 -6.70046e+00 1.27426e-02
1.95978e+02 -6.70816e+00 1.28412e-02
1.95994e+02 -6.71590e+00 1.29409e-02
1.96010e+02 -6.72367e+00 1.30418e-02
1.96026e+02 -6.73145e+00 1.31437e-02
1.96042e+02 -6.73926e+00 1.32468e-02
1.96058e+02 -6.74710e+00 1.33510e-02
1.96074e+02 -6.75496e+00 1.34564e-02
1.96090e+02 -6.76285e+00 1.35630e-02
1.96106e+02 -6.77077e+00 1.36707e-02
1.96122e+02 -6.77871e+00 1.37797e-02
1.96139e+02 -6.78667e+00 1.38900e-02
1.96155e+02 -6.79467e+00 1.40015e-02
1.96171e+02 -6.80269e+00 1.41143e-02
1.96187e+02 -6.81074e+00 1.42284e-02
1.96203e+02 -6.81883e+00 1.43438e-02
1.96219e+02 -6.82693e+00 1.44606e-02
1.96235e+02 -6.83507e+00 1.45787e-02
1.96250e+02 -6.84323e+00 1.46982e-02
1.96266e+02 -6.85143e+00 1.48192e-02
1.96282e+02 -6.85965e+00 1.49415e-02
1.96298e+02 -6.86791e+00 1.50654e-02
1.96314e+02 -6.87619e+00 1.51907e-02
1.96330e+02 -6.88451e+00 1.53176e-02
1.96346e+02 -6.89285e+00 1.54459e-02
1.96362e+02 -6.90123e+00 1.55759e-02
1.96378e+02 -6.90964e+00 1.57074e-02
1.96394e+02 -6.91808e+00 1.58406e-02
1.96410e+02 -6.92656e+00 1.59754e-02
1.96426e+02 -6.93507e+00 1.61119e-02
1.96442e+02 -6.94360e+00 1.62500e-02
1.96457e+02 -6.95218e+00 1.63900e-02
1.96473e+02 -6.96079e+00 1.65317e-02
1.96489e+02 -6.96943e+00 1.66752e-02
1.96505e+02 -6.97811e+00 1.68205e-02
1.96521e+02 -6.98682e+00 1.69677e-02
1.96537e+02 -6.99556e+00 1.71167e-02
1.96553e+02 -7.00435e+00 1.72678e-02
1.96568e+02 -7.01317e+00 1.74207e-02
1.96584e+02 -7.02203e+00 1.75758e-02
1.96600e+02 -7.03092e+00 1.77328e-02
1.96616e+02 -7.03985e+00 1.78919e-02
1.96632e+02 -7.04882e+00 1.80530e-02
1.96648e+02 -7.05783e+00 1.82164e-02
1.96663e+02 -7.06688e+00 1.83820e-02
1.96679e+02 -7.07597e+00 1.85498e-02
1.96695e+02 -7.08509e+00 1.87199e-02
1.96711e+02 -7.09426e+00 1.88923e-02
1.96727e+02 -7.10347e+00 1.90670e-02
1.96743e+02 -7.11272e+00 1.92443e-02
1.96758e+02 -7.12201e+00 1.94239e-02
1.96774e+02 -7.13135e+00 1.96061e-02
1.96790e+02 -7.14072e+00 1.97907e-02
1.96806e+02 -7.15014e+00 1.99781e-02
1.96822e+02 -7.15961e+00 2.01681e-02
1.96837e+02 -7.16912e+00 2.03607e-02
1.96853e+02 -7.17867e+00 2.05561e-02
1.96869e+02 -7.18827e+00 2.07545e-02
1.96885e+02 -7.19791e+00 2.09556e-02
1.96901e+02 -7.20760e+00 2.11597e-02
1.96916e+02 -7.21734e+00 2.13667e-02
1.96932e+02 -7.22713e+00 2.15770e-02
1.96948e+02 -7.23697e+00 2.17902e-02
1.96964e+02 -7.24685e+00 2.20066e-02
1.96980e+02 -7.25679e+00 2.22264e-02
1.96995e+02 -7.26677e+00 2.24493e-02
1.97011e+02 -7.27681e+00 2.26758e-02
1.97027e+02 -7.28689e+00 2.29056e-02
1.97043e+02 -7.29703e+00 2.31390e-02
1.97059e+02 -7.30722e+00 2.33760e-02
1.97074e+02 -7.31747e+00 2.36168e-02
1.97090e+02 -7.32776e+00 2.38612e-02
1.97106e+02 -7.33812e+00 2.41096e-02
1.97122e+02 -7.34853e+00 2.43619e-02
1.97138e+02 -7.35899e+00 2.46182e-02
1.97154e+02 -7.36951e+00 2.48785e-02
1.97169e+02 -7.38009e+00 2.51432e-02
1.97185e+02 -7.39073e+00 2.54121e-02
1.97201e+02 -7.40143e+00 2.56855e-02
1.97217e+02 -7.41219e+00 2.59631e-02
1.97233e+02 -7.42300e+00 2.62455e-02
1.97249e+02 -7.43389e+00 2.65327e-02
1.97264e+02 -7.44483e+00 2.68247e-02
1.97280e+02 -7.45583e+00 2.71214e-02
1.97296e+02 -7.46690e+00 2.74234e-02
1.97312e+02 -7.47804e+00 2.77306e-02
1.97328e+02 -7.48924e+00 2.80429e-02
1.97344e+02 -7.50051e+00 2.83606e-02
1.97360e+02 -7.51185e+00 2.86840e-02
1.97376e+02 -7.52325e+00 2.90129e-02
1.97391e+02 -7.53472e+00 2.93477e-02
1.97407e+02 -7.54627e+00 2.96885e-02
1.97423e+02 -7.55788e+00 3.00353e-02
1.97439e+02 -7.56957e+00 3.03885e-02
1.97455e+02 -7.58134e+00 3.07481e-02
1.97471e+02 -7.59317e+00 3.11142e-02
1.97487e+02 -7.60508e+00 3.14871e-02
1.97503e+02 -7.61708e+00 3.18669e-02
1.97519e+02 -7.62914e+00 3.22537e-02
1.97535e+02 -7.64129e+00 3.26478e-02
1.97551e+02 -7.65351e+00 3.30495e-02
1.97567e+02 -7.66582e+00 3.34588e-02
1.97583e+02 -7.67821e+00 3.38759e-02
1.97599e+02 -7.69069e+00 3.43013e-02
1.97615e+02 -7.70325e+00 3.47347e-02
1.97631e+02 -7.71589e+00 3.51767e-02
1.97647e+02 -7.72863e+00 3.56275e-02
1.97663e+02 -7.74145e+00 3.60873e-02
1.97679e+02 -7.75436e+00 3.65564e-02
1.97695e+02 -7.76737e+00 3.70350e-02
1.97711e+02 -7.78046e+00 3.75230e-02
1.97727e+02 -7.79366e+00 3.80214e-02
1.97743e+02 -7.80695e+00 3.85300e-02
1.97759e+02 -7.82033e+00 3.90493e-02
1.97775e+02 -7.83382e+00 3.95795e-02
1.97791e+02 -7.84740e+00 4.01209e-02
1.97807e+02 -7.86109e+00 4.06738e-02
1.97823e+02 -7.87488e+00 4.12386e-02
1.97840e+02 -7.88878e+00 4.18157e-02
1.97856e+02 -7.90279e+00 4.24056e-02
1.97872e+02 -7.91690e+00 4.30085e-02
1.97888e+02 -7.93113e+00 4.36247e-02
1.97904e+02 -7.94547e+00 4.42547e-02
1.97920e+02 -7.95992e+00 4.48988e-02
1.97937e+02 -7.97449e+00 4.55579e-02
1.97953e+02 -7.98918e+00 4.62321e-02
1.97969e+02 -8.00400e+00 4.69221e-02
1.97985e+02 -8.01892e+00 4.76278e-02
1.98002e+02 -8.03398e+00 4.83504e-02
1.98018e+02 -8.04917e+00 4.90905e-02
1.98034e+02 -8.06449e+00 4.98481e-02
1.98050e+02 -8.07993e+00 5.06240e-02
1.98067e+02 -8.09552e+00 5.14191e-02
1.98083e+02 -8.11123e+00 5.22335e-02
1.98099e+02 -8.12709e+00 5.30685e-02
1.98116e+02 -8.14309e+00 5.39243e-02
1.98132e+02 -8.15923e+00 5.48019e-02
1.98149e+02 -8.17552e+00 5.57018e-02
1.98165e+02 -8.19196e+00 5.66251e-02
1.98181e+02 -8.20856e+00 5.75727e-02
1.98198e+02 -8.22530e+00 5.85450e-02
1.98214e+02 -8.24221e+00 5.95433e-02
1.98231e+02 -8.25928e+00 6.05686e-02
1.98247e+02 -8.27651e+00 6.16213e-02
1.98264e+02 -8.29392e+00 6.27030e-02
1.98280e+02 -8.31149e+00 6.38148e-02
1.98297e+02 -8.32924e+00 6.49578e-02
1.98313e+02 -8.34717e+00 6.61325e-02
1.98330e+02 -8.36529e+00 6.73416e-02
1.98347e+02 -8.38358e+00 6.85850e-02
1.98363e+02 -8.40207e+00 6.98646e-02
1.98380e+02 -8.42075e+00 7.11821e-02
1.98396e+02 -8.43963e+00 7.25387e-02
1.98413e+02 -8.45871e+00 7.39363e-02
1.98430e+02 -8.47799e+00 7.53755e-02
1.98447e+02 -8.49749e+00 7.68598e-02
1.98463e+02 -8.51721e+00 7.83903e-02
1.98480e+02 -8.53715e+00 7.99689e-02
1.98497e+02 -8.55731e+00 8.15976e-02
1.98514e+02 -8.57770e+00 8.32787e-02
1.98530e+02 -8.59834e+00 8.50153e-02
1.98547e+02 -8.61921e+00 8.68079e-02
1.98564e+02 -8.64033e+00 8.86612e-02
1.98581e+02 -8.66171e+00 9.05768e-02
1.98598e+02 -8.68334e+00 9.25576e-02
1.98615e+02 -8.70525e+00 9.46077e-02
1.98632e+02 -8.72741e+00 9.67279e-02
1.98649e+02 -8.74987e+00 9.89255e-02
1.98666e+02 -8.77261e+00 1.01200e-01
1.98683e+02 -8.79564e+00 1.03559e-01
1.98700e+02 -8.81898e+00 1.06003e-01
1.98717e+02 -8.84263e+00 1.08540e-01
1.98734e+02 -8.86659e+00 1.11172e-01
1.98751e+02 -8.89088e+00 1.13906e-01
1.98768e+02 -8.91550e+00 1.16745e-01
1.98786e+02 -8.94048e+00 1.19698e-01
1.98803e+02 -8.96581e+00 1.22768e-01
1.98820e+02 -8.99150e+00 1.25963e-01
1.98837e+02 -9.01756e+00 1.29290e-01
1.98855e+02 -9.04401e+00 1.32754e-01
1.98872e+02 -9.07085e+00 1.36366e-01
1.98889e+02 -9.09811e+00 1.40134e-01
1.98907e+02 -9.12579e+00 1.44067e-01
1.98924e+02 -9.15389e+00 1.48173e-01
1.98941e+02 -9.18246e+00 1.52467e-01
1.98959e+02 -9.21147e+00 1.56956e-01
1.98976e+02 -9.24097e+00 1.61655e-01
1.98994e+02 -9.27096e+00 1.66575e-01
1.99011e+02 -9.30145e+00 1.71734e-01
1.99029e+02 -9.33248e+00 1.77145e-01
1.99047e+02 -9.36404e+00 1.82826e-01
1.99064e+02 -9.39617e+00 1.88796e-01
1.99082e+02 -9.42888e+00 1.95073e-01
1.99100e+02 -9.46220e+00 2.01682e-01
1.99117e+02 -9.49614e+00 2.08645e-01
1.99135e+02 -9.53073e+00 2.15988e-01
1.99153e+02 -9.56600e+00 2.23741e-01
1.99171e+02 -9.60196e+00 2.31934e-01
1.99189e+02 -9.63865e+00 2.40602e-01
1.99206e+02 -9.67610e+00 2.49783e-01
1.99224e+02 -9.71433e+00 2.59518e-01
1.99242e+02 -9.75339e+00 2.69854e-01
1.99260e+02 -9.79330e+00 2.80842e-01
1.99278e+02 -9.83410e+00 2.92539e-01
1.99296e+02 -9.87584e+00 3.05006e-01
1.99314e+02 -9.91855e+00 3.18315e-01
1.99333e+02 -9.96228e+00 3.32544e-01
1.99351e+02 -1.00071e+01 3.47780e-01
1.99369e+02 -1.00530e+01 3.64122e-01
1.99387e+02 -1.01001e+01 3.81681e-01
1.99406e+02 -1.01484e+01 4.00580e-01
1.99424e+02 -1.01981e+01 4.20964e-01
1.99442e+02 -1.02491e+01 4.42992e-01
1.99461e+02 -1.03015e+01 4.66847e-01
1.99479e+02 -1.03555e+01 4.92741e-01
1.99498e+02 -1.04111e+01 5.20912e-01
1.99516e+02 -1.04684e+01 5.51639e-01
1.99535e+02 -1.05275e+01 5.85243e-01
1.99553e+02 -1.05886e+01 6.22100e-01
1.99572e+02 -1.06517e+01 6.62646e-01
1.99591e+02 -1.07171e+01 7.07393e-01
1.99609e+02 -1.07848e+01 7.56948e-01
1.99628e+02 -1.08550e+01 8.12030e-01
1.99647e+02 -1.09280e+01 8.73498e-01
1.99666e+02 -1.10039e+01 9.42385e-01
1.99685e+02 -1.10830e+01 1.01995e+00
1.99703e+02 -1.11656e+01 1.10771e+00
1.99722e+02 -1.12519e+01 1.20756e+00
1.99742e+02 -1.13423e+01 1.32184e+00
1.99761e+02 -1.14372e+01 1.45347e+00
1.99780e+02 -1.15371e+01 1.60619e+00
1.99799e+02 -1.16426e+01 1.78478e+00
1.99818e+02 -1.17541e+01 1.99544e+00
1.99837e+02 -1.18726e+01 2.24639e+00
1.99857e+02 -1.19988e+01 2.54867e+00
1.99876e+02 -1.21339e+01 2.91731e+00
1.99895e+02 -1.22792e+01 3.37339e+00
1.99915e+02 -1.24362e+01 3.94700e+00
1.99934e+02 -1.26071e+01 4.68244e+00
1.99954e+02 -1.27944e+01 5.64703e+00
1.99974e+02 -1.30016e+01 6.94714e+00
