123       1237 -1.74586e+00 6.60187e-10 6.01857e-07 3.79948e-04
123       1191 -1.75680e+00 5.34664e-10 5.48752e-07 1.93419e-04
199       1193 -1.75632e+00 9.88959e-10 1.34078e-07 9.81123e-05
143       1147 -1.76749e+00 9.94325e-10 3.72239e-07 1.15879e-04
149       1149 -1.76701e+00 9.93731e-10 3.48366e-07 5.40505e-05
123       1103 -1.77815e+00 2.10759e-10 5.17544e-07 9.94780e-05
123       1105 -1.77767e+00 4.66397e-10 5.52383e-07 1.31586e-04
123       1412 -1.71194e+00 3.72403e-10 4.83984e-07 4.75171e-04
148       1414 -1.71167e+00 9.95136e-10 3.30331e-07 8.40353e-05
185       1368 -1.71875e+00 9.88845e-10 1.72313e-07 2.75831e-05
196       1369 -1.71858e+00 9.90801e-10 1.47632e-07 3.05404e-05
128       1324 -1.72690e+00 9.95517e-10 5.02579e-07 4.35810e-04
198       1325 -1.72670e+00 1.91351e-10 1.54206e-07 9.83950e-04
202       1279 -1.73633e+00 6.65159e-11 1.33689e-07 1.66826e-05
188       1281 -1.73589e+00 9.93958e-10 1.68561e-07 1.27010e-04
163       1235 -1.74632e+00 9.99142e-10 2.87414e-07 5.99892e-05
