226478        884 8.69857e-01 9.94051e-10 1.99962e-06 1.78763e-04
88047        838 8.65344e-01 8.69297e-10 1.99805e-06 1.63834e-04
99049        840 8.65621e-01 9.51691e-10 1.99250e-06 1.65568e-04
51038        794 8.58150e-01 9.31992e-10 1.98909e-06 1.43389e-04
52836        796 8.58510e-01 7.89266e-10 1.99144e-06 1.42281e-04
41849        750 8.50579e-01 1.02474e-10 1.99939e-06 1.41823e-04
39067        752 8.50859e-01 9.91193e-10 1.99948e-06 1.44789e-04
99359       1059 8.72639e-01 6.89939e-10 1.99996e-06 1.61527e-04
96748       1061 8.72663e-01 6.90744e-10 1.99994e-06 1.61568e-04
164372       1015 8.71876e-01 6.92658e-10 2.00000e-06 1.61702e-04
162743       1016 8.71899e-01 6.95388e-10 1.99993e-06 1.61510e-04
285758        971 8.70752e-01 6.92856e-10 1.99994e-06 1.63953e-04
280970        972 8.70776e-01 6.84866e-10 1.99992e-06 1.63596e-04
362898        926 8.70872e-01 9.70700e-10 1.99994e-06 1.77120e-04
373398        928 8.70880e-01 9.97487e-10 1.99887e-06 1.78522e-04
222075        882 8.69761e-01 9.54698e-10 1.99933e-06 1.78049e-04
