 0.000e+00 0.0000e+00 [ 0.0000e+00 0.0000e+00 ] 1.0000e+00
 1.133e-01 4.7626e-02 [ 4.7619e-02 6.9619e-06 ] 9.5237e-01
 2.267e-01 9.5723e-02 [ 9.5698e-02 2.5281e-05 ] 9.0428e-01
 3.400e-01 1.3590e-01 [ 1.3585e-01 5.1213e-05 ] 8.6410e-01
 4.533e-01 1.7406e-01 [ 1.7398e-01 8.2219e-05 ] 8.2594e-01
 5.667e-01 2.1151e-01 [ 2.1139e-01 1.1653e-04 ] 7.8849e-01
 6.800e-01 2.4895e-01 [ 2.4880e-01 1.5278e-04 ] 7.5105e-01
 7.933e-01 2.8662e-01 [ 2.8643e-01 1.8992e-04 ] 7.1338e-01
 9.067e-01 3.2433e-01 [ 3.2410e-01 2.2714e-04 ] 6.7567e-01
 1.020e+00 3.6160e-01 [ 3.6133e-01 2.6377e-04 ] 6.3840e-01
 1.133e+00 3.9770e-01 [ 3.9740e-01 2.9922e-04 ] 6.0230e-01
 1.247e+00 4.3182e-01 [ 4.3149e-01 3.3299e-04 ] 5.6818e-01
 1.360e+00 4.6320e-01 [ 4.6283e-01 3.6466e-04 ] 5.3680e-01
 1.473e+00 4.9122e-01 [ 4.9082e-01 3.9394e-04 ] 5.0878e-01
 1.587e+00 5.1550e-01 [ 5.1508e-01 4.2067e-04 ] 4.8450e-01
 1.700e+00 5.3592e-01 [ 5.3548e-01 4.4483e-04 ] 4.6408e-01
 1.813e+00 5.5259e-01 [ 5.5212e-01 4.6656e-04 ] 4.4741e-01
 1.927e+00 5.6578e-01 [ 5.6529e-01 4.8606e-04 ] 4.3422e-01
 2.040e+00 5.7589e-01 [ 5.7538e-01 5.0359e-04 ] 4.2411e-01
 2.153e+00 5.8334e-01 [ 5.8282e-01 5.1943e-04 ] 4.1666e-01
 2.267e+00 5.8858e-01 [ 5.8805e-01 5.3384e-04 ] 4.1142e-01
 2.380e+00 5.9201e-01 [ 5.9146e-01 5.4706e-04 ] 4.0799e-01
 2.493e+00 5.9399e-01 [ 5.9343e-01 5.5929e-04 ] 4.0601e-01
 2.607e+00 5.9482e-01 [ 5.9425e-01 5.7071e-04 ] 4.0518e-01
 2.720e+00 5.9477e-01 [ 5.9419e-01 5.8146e-04 ] 4.0523e-01
 2.833e+00 5.9404e-01 [ 5.9345e-01 5.9164e-04 ] 4.0596e-01
 2.947e+00 5.9280e-01 [ 5.9220e-01 6.0137e-04 ] 4.0720e-01
 3.060e+00 5.9119e-01 [ 5.9058e-01 6.1071e-04 ] 4.0881e-01
 3.173e+00 5.8931e-01 [ 5.8869e-01 6.1973e-04 ] 4.1069e-01
 3.287e+00 5.8725e-01 [ 5.8663e-01 6.2849e-04 ] 4.1275e-01
 3.400e+00 5.8509e-01 [ 5.8445e-01 6.3703e-04 ] 4.1491e-01
 3.513e+00 5.8286e-01 [ 5.8221e-01 6.4539e-04 ] 4.1714e-01
 3.627e+00 5.8062e-01 [ 5.7996e-01 6.5362e-04 ] 4.1938e-01
 3.740e+00 5.7838e-01 [ 5.7772e-01 6.6173e-04 ] 4.2162e-01
 3.853e+00 5.7619e-01 [ 5.7552e-01 6.6976e-04 ] 4.2381e-01
 3.967e+00 5.7405e-01 [ 5.7337e-01 6.7774e-04 ] 4.2595e-01
 4.080e+00 5.7198e-01 [ 5.7130e-01 6.8567e-04 ] 4.2802e-01
 4.193e+00 5.6999e-01 [ 5.6930e-01 6.9359e-04 ] 4.3001e-01
 4.307e+00 5.6809e-01 [ 5.6738e-01 7.0150e-04 ] 4.3191e-01
 4.420e+00 5.6627e-01 [ 5.6556e-01 7.0943e-04 ] 4.3373e-01
 4.533e+00 5.6455e-01 [ 5.6383e-01 7.1738e-04 ] 4.3545e-01
 4.647e+00 5.6291e-01 [ 5.6219e-01 7.2537e-04 ] 4.3709e-01
 4.760e+00 5.6137e-01 [ 5.6064e-01 7.3341e-04 ] 4.3863e-01
 4.873e+00 5.5992e-01 [ 5.5918e-01 7.4150e-04 ] 4.4008e-01
 4.987e+00 5.5856e-01 [ 5.5781e-01 7.4964e-04 ] 4.4144e-01
 5.100e+00 5.5728e-01 [ 5.5653e-01 7.5786e-04 ] 4.4272e-01
 5.213e+00 5.5609e-01 [ 5.5532e-01 7.6615e-04 ] 4.4391e-01
 5.327e+00 5.5496e-01 [ 5.5419e-01 7.7451e-04 ] 4.4504e-01
 5.440e+00 5.5392e-01 [ 5.5313e-01 7.8295e-04 ] 4.4608e-01
 5.553e+00 5.5294e-01 [ 5.5214e-01 7.9147e-04 ] 4.4706e-01
 5.667e+00 5.5202e-01 [ 5.5122e-01 8.0007e-04 ] 4.4798e-01
 5.780e+00 5.5116e-01 [ 5.5035e-01 8.0876e-04 ] 4.4884e-01
 5.893e+00 5.5036e-01 [ 5.4954e-01 8.1753e-04 ] 4.4964e-01
 6.007e+00 5.4961e-01 [ 5.4879e-01 8.2639e-04 ] 4.5039e-01
 6.120e+00 5.4891e-01 [ 5.4808e-01 8.3533e-04 ] 4.5109e-01
 6.233e+00 5.4825e-01 [ 5.4741e-01 8.4436e-04 ] 4.5175e-01
 6.347e+00 5.4763e-01 [ 5.4678e-01 8.5347e-04 ] 4.5237e-01
 6.460e+00 5.4705e-01 [ 5.4618e-01 8.6267e-04 ] 4.5295e-01
 6.573e+00 5.4649e-01 [ 5.4562e-01 8.7194e-04 ] 4.5351e-01
 6.687e+00 5.4597e-01 [ 5.4509e-01 8.8130e-04 ] 4.5403e-01
 6.800e+00 5.4547e-01 [ 5.4458e-01 8.9074e-04 ] 4.5453e-01
 6.913e+00 5.4500e-01 [ 5.4410e-01 9.0025e-04 ] 4.5500e-01
 7.027e+00 5.4454e-01 [ 5.4363e-01 9.0984e-04 ] 4.5546e-01
 7.140e+00 5.4411e-01 [ 5.4319e-01 9.1951e-04 ] 4.5589e-01
 7.253e+00 5.4368e-01 [ 5.4275e-01 9.2925e-04 ] 4.5632e-01
 7.367e+00 5.4328e-01 [ 5.4234e-01 9.3906e-04 ] 4.5672e-01
 7.480e+00 5.4288e-01 [ 5.4193e-01 9.4895e-04 ] 4.5712e-01
 7.593e+00 5.4249e-01 [ 5.4153e-01 9.5890e-04 ] 4.5751e-01
 7.707e+00 5.4211e-01 [ 5.4114e-01 9.6893e-04 ] 4.5789e-01
 7.820e+00 5.4174e-01 [ 5.4076e-01 9.7901e-04 ] 4.5826e-01
 7.933e+00 5.4137e-01 [ 5.4038e-01 9.8917e-04 ] 4.5863e-01
 8.047e+00 5.4101e-01 [ 5.4001e-01 9.9939e-04 ] 4.5899e-01
 8.160e+00 5.4064e-01 [ 5.3963e-01 1.0097e-03 ] 4.5936e-01
 8.273e+00 5.4028e-01 [ 5.3926e-01 1.0200e-03 ] 4.5972e-01
 8.387e+00 5.3993e-01 [ 5.3889e-01 1.0304e-03 ] 4.6007e-01
 8.500e+00 5.3957e-01 [ 5.3853e-01 1.0409e-03 ] 4.6043e-01
 8.613e+00 5.3921e-01 [ 5.3816e-01 1.0514e-03 ] 4.6079e-01
 8.727e+00 5.3885e-01 [ 5.3778e-01 1.0620e-03 ] 4.6115e-01
 8.840e+00 5.3848e-01 [ 5.3741e-01 1.0726e-03 ] 4.6152e-01
 8.953e+00 5.3812e-01 [ 5.3704e-01 1.0833e-03 ] 4.6188e-01
 9.067e+00 5.3775e-01 [ 5.3666e-01 1.0941e-03 ] 4.6225e-01
 9.180e+00 5.3738e-01 [ 5.3628e-01 1.1049e-03 ] 4.6262e-01
 9.293e+00 5.3701e-01 [ 5.3589e-01 1.1157e-03 ] 4.6299e-01
 9.407e+00 5.3663e-01 [ 5.3551e-01 1.1266e-03 ] 4.6337e-01
 9.520e+00 5.3625e-01 [ 5.3511e-01 1.1376e-03 ] 4.6375e-01
 9.633e+00 5.3587e-01 [ 5.3472e-01 1.1486e-03 ] 4.6413e-01
 9.747e+00 5.3548e-01 [ 5.3432e-01 1.1597e-03 ] 4.6452e-01
 9.860e+00 5.3508e-01 [ 5.3391e-01 1.1708e-03 ] 4.6492e-01
 9.973e+00 5.3469e-01 [ 5.3350e-01 1.1820e-03 ] 4.6531e-01
 1.009e+01 5.3428e-01 [ 5.3309e-01 1.1932e-03 ] 4.6572e-01
 1.020e+01 5.3388e-01 [ 5.3267e-01 1.2045e-03 ] 4.6612e-01
 1.031e+01 5.3347e-01 [ 5.3225e-01 1.2158e-03 ] 4.6653e-01
 1.043e+01 5.3305e-01 [ 5.3182e-01 1.2272e-03 ] 4.6695e-01
 1.054e+01 5.3263e-01 [ 5.3139e-01 1.2386e-03 ] 4.6737e-01
 1.065e+01 5.3220e-01 [ 5.3095e-01 1.2500e-03 ] 4.6780e-01
 1.077e+01 5.3177e-01 [ 5.3051e-01 1.2616e-03 ] 4.6823e-01
 1.088e+01 5.3134e-01 [ 5.3007e-01 1.2731e-03 ] 4.6866e-01
 1.099e+01 5.3090e-01 [ 5.2962e-01 1.2847e-03 ] 4.6910e-01
 1.111e+01 5.3046e-01 [ 5.2916e-01 1.2964e-03 ] 4.6954e-01
 1.122e+01 5.3001e-01 [ 5.2870e-01 1.3081e-03 ] 4.6999e-01
 1.133e+01 5.2955e-01 [ 5.2823e-01 1.3198e-03 ] 4.7045e-01
 1.145e+01 5.2909e-01 [ 5.2776e-01 1.3316e-03 ] 4.7091e-01
 1.156e+01 5.2863e-01 [ 5.2728e-01 1.3435e-03 ] 4.7137e-01
 1.167e+01 5.2816e-01 [ 5.2680e-01 1.3554e-03 ] 4.7184e-01
 1.179e+01 5.2768e-01 [ 5.2632e-01 1.3673e-03 ] 4.7232e-01
 1.190e+01 5.2721e-01 [ 5.2583e-01 1.3793e-03 ] 4.7279e-01
 1.201e+01 5.2672e-01 [ 5.2533e-01 1.3913e-03 ] 4.7328e-01
 1.213e+01 5.2623e-01 [ 5.2483e-01 1.4034e-03 ] 4.7377e-01
 1.224e+01 5.2574e-01 [ 5.2432e-01 1.4155e-03 ] 4.7426e-01
 1.235e+01 5.2524e-01 [ 5.2381e-01 1.4277e-03 ] 4.7476e-01
 1.247e+01 5.2473e-01 [ 5.2329e-01 1.4399e-03 ] 4.7527e-01
 1.258e+01 5.2422e-01 [ 5.2277e-01 1.4522e-03 ] 4.7578e-01
 1.269e+01 5.2371e-01 [ 5.2224e-01 1.4645e-03 ] 4.7629e-01
 1.281e+01 5.2319e-01 [ 5.2171e-01 1.4768e-03 ] 4.7681e-01
 1.292e+01 5.2266e-01 [ 5.2117e-01 1.4892e-03 ] 4.7734e-01
 1.303e+01 5.2213e-01 [ 5.2063e-01 1.5017e-03 ] 4.7787e-01
 1.315e+01 5.2159e-01 [ 5.2007e-01 1.5142e-03 ] 4.7841e-01
 1.326e+01 5.2104e-01 [ 5.1952e-01 1.5267e-03 ] 4.7896e-01
 1.337e+01 5.2049e-01 [ 5.1895e-01 1.5393e-03 ] 4.7951e-01
 1.349e+01 5.1993e-01 [ 5.1838e-01 1.5519e-03 ] 4.8007e-01
 1.360e+01 5.1937e-01 [ 5.1780e-01 1.5646e-03 ] 4.8063e-01
 1.371e+01 5.1880e-01 [ 5.1722e-01 1.5773e-03 ] 4.8120e-01
 1.383e+01 5.1822e-01 [ 5.1663e-01 1.5900e-03 ] 4.8178e-01
 1.394e+01 5.1763e-01 [ 5.1603e-01 1.6028e-03 ] 4.8237e-01
 1.405e+01 5.1704e-01 [ 5.1542e-01 1.6156e-03 ] 4.8296e-01
 1.417e+01 5.1643e-01 [ 5.1481e-01 1.6285e-03 ] 4.8357e-01
 1.428e+01 5.1582e-01 [ 5.1418e-01 1.6414e-03 ] 4.8418e-01
 1.439e+01 5.1520e-01 [ 5.1355e-01 1.6544e-03 ] 4.8480e-01
 1.451e+01 5.1457e-01 [ 5.1291e-01 1.6674e-03 ] 4.8543e-01
 1.462e+01 5.1393e-01 [ 5.1225e-01 1.6804e-03 ] 4.8607e-01
 1.473e+01 5.1328e-01 [ 5.1159e-01 1.6935e-03 ] 4.8672e-01
 1.485e+01 5.1263e-01 [ 5.1092e-01 1.7066e-03 ] 4.8737e-01
 1.496e+01 5.1196e-01 [ 5.1024e-01 1.7198e-03 ] 4.8804e-01
 1.507e+01 5.1127e-01 [ 5.0954e-01 1.7330e-03 ] 4.8873e-01
 1.519e+01 5.1058e-01 [ 5.0884e-01 1.7462e-03 ] 4.8942e-01
 1.530e+01 5.0988e-01 [ 5.0812e-01 1.7595e-03 ] 4.9012e-01
 1.541e+01 5.0917e-01 [ 5.0739e-01 1.7728e-03 ] 4.9083e-01
 1.553e+01 5.0844e-01 [ 5.0665e-01 1.7861e-03 ] 4.9156e-01
 1.564e+01 5.0770e-01 [ 5.0590e-01 1.7995e-03 ] 4.9230e-01
 1.575e+01 5.0695e-01 [ 5.0514e-01 1.8130e-03 ] 4.9305e-01
 1.587e+01 5.0619e-01 [ 5.0437e-01 1.8265e-03 ] 4.9381e-01
 1.598e+01 5.0542e-01 [ 5.0358e-01 1.8400e-03 ] 4.9458e-01
 1.609e+01 5.0464e-01 [ 5.0279e-01 1.8535e-03 ] 4.9536e-01
 1.621e+01 5.0385e-01 [ 5.0199e-01 1.8672e-03 ] 4.9615e-01
 1.632e+01 5.0306e-01 [ 5.0117e-01 1.8808e-03 ] 4.9694e-01
 1.643e+01 5.0225e-01 [ 5.0035e-01 1.8946e-03 ] 4.9775e-01
 1.655e+01 5.0144e-01 [ 4.9953e-01 1.9083e-03 ] 4.9856e-01
 1.666e+01 5.0062e-01 [ 4.9870e-01 1.9222e-03 ] 4.9938e-01
 1.677e+01 4.9980e-01 [ 4.9786e-01 1.9361e-03 ] 5.0020e-01
 1.689e+01 4.9898e-01 [ 4.9703e-01 1.9501e-03 ] 5.0102e-01
 1.700e+01 4.9816e-01 [ 4.9620e-01 1.9642e-03 ] 5.0184e-01
 1.711e+01 4.9734e-01 [ 4.9537e-01 1.9783e-03 ] 5.0266e-01
 1.723e+01 4.9653e-01 [ 4.9454e-01 1.9926e-03 ] 5.0347e-01
 1.734e+01 4.9573e-01 [ 4.9373e-01 2.0069e-03 ] 5.0427e-01
 1.745e+01 4.9495e-01 [ 4.9293e-01 2.0214e-03 ] 5.0505e-01
 1.757e+01 4.9417e-01 [ 4.9214e-01 2.0360e-03 ] 5.0583e-01
 1.768e+01 4.9342e-01 [ 4.9137e-01 2.0507e-03 ] 5.0658e-01
 1.779e+01 4.9269e-01 [ 4.9063e-01 2.0655e-03 ] 5.0731e-01
 1.791e+01 4.9199e-01 [ 4.8991e-01 2.0805e-03 ] 5.0801e-01
 1.802e+01 4.9132e-01 [ 4.8923e-01 2.0956e-03 ] 5.0868e-01
 1.813e+01 4.9069e-01 [ 4.8858e-01 2.1109e-03 ] 5.0931e-01
 1.825e+01 4.9009e-01 [ 4.8797e-01 2.1264e-03 ] 5.0991e-01
 1.836e+01 4.8954e-01 [ 4.8740e-01 2.1420e-03 ] 5.1046e-01
 1.847e+01 4.8903e-01 [ 4.8687e-01 2.1579e-03 ] 5.1097e-01
 1.859e+01 4.8857e-01 [ 4.8640e-01 2.1739e-03 ] 5.1143e-01
 1.870e+01 4.8816e-01 [ 4.8597e-01 2.1901e-03 ] 5.1184e-01
 1.881e+01 4.8781e-01 [ 4.8561e-01 2.2065e-03 ] 5.1219e-01
 1.893e+01 4.8751e-01 [ 4.8529e-01 2.2230e-03 ] 5.1249e-01
 1.904e+01 4.8727e-01 [ 4.8503e-01 2.2398e-03 ] 5.1273e-01
 1.915e+01 4.8709e-01 [ 4.8483e-01 2.2567e-03 ] 5.1291e-01
 1.927e+01 4.8696e-01 [ 4.8469e-01 2.2737e-03 ] 5.1304e-01
 1.938e+01 4.8688e-01 [ 4.8459e-01 2.2909e-03 ] 5.1312e-01
 1.949e+01 4.8685e-01 [ 4.8455e-01 2.3082e-03 ] 5.1315e-01
 1.961e+01 4.8687e-01 [ 4.8455e-01 2.3256e-03 ] 5.1313e-01
 1.972e+01 4.8693e-01 [ 4.8458e-01 2.3430e-03 ] 5.1307e-01
 1.983e+01 4.8701e-01 [ 4.8465e-01 2.3604e-03 ] 5.1299e-01
 1.995e+01 4.8711e-01 [ 4.8474e-01 2.3778e-03 ] 5.1289e-01
 2.006e+01 4.8722e-01 [ 4.8483e-01 2.3950e-03 ] 5.1278e-01
 2.017e+01 4.8733e-01 [ 4.8491e-01 2.4121e-03 ] 5.1267e-01
 2.029e+01 4.8741e-01 [ 4.8498e-01 2.4289e-03 ] 5.1259e-01
 2.040e+01 4.8745e-01 [ 4.8500e-01 2.4455e-03 ] 5.1255e-01
 2.051e+01 4.8742e-01 [ 4.8496e-01 2.4616e-03 ] 5.1258e-01
 2.063e+01 4.8731e-01 [ 4.8483e-01 2.4773e-03 ] 5.1269e-01
 2.074e+01 4.8709e-01 [ 4.8460e-01 2.4923e-03 ] 5.1291e-01
 2.085e+01 4.8673e-01 [ 4.8422e-01 2.5066e-03 ] 5.1327e-01
 2.097e+01 4.8620e-01 [ 4.8368e-01 2.5201e-03 ] 5.1380e-01
 2.108e+01 4.8547e-01 [ 4.8294e-01 2.5327e-03 ] 5.1453e-01
 2.119e+01 4.8451e-01 [ 4.8196e-01 2.5442e-03 ] 5.1549e-01
 2.131e+01 4.8327e-01 [ 4.8072e-01 2.5545e-03 ] 5.1673e-01
 2.142e+01 4.8174e-01 [ 4.7918e-01 2.5635e-03 ] 5.1826e-01
 2.153e+01 4.7987e-01 [ 4.7729e-01 2.5709e-03 ] 5.2013e-01
 2.165e+01 4.7762e-01 [ 4.7504e-01 2.5768e-03 ] 5.2238e-01
 2.176e+01 4.7497e-01 [ 4.7239e-01 2.5810e-03 ] 5.2503e-01
 2.187e+01 4.7190e-01 [ 4.6931e-01 2.5834e-03 ] 5.2810e-01
 2.199e+01 4.6837e-01 [ 4.6578e-01 2.5838e-03 ] 5.3163e-01
 2.210e+01 4.6437e-01 [ 4.6178e-01 2.5822e-03 ] 5.3563e-01
 2.221e+01 4.5989e-01 [ 4.5731e-01 2.5787e-03 ] 5.4011e-01
 2.233e+01 4.5494e-01 [ 4.5236e-01 2.5731e-03 ] 5.4506e-01
 2.244e+01 4.4952e-01 [ 4.4695e-01 2.5655e-03 ] 5.5048e-01
 2.255e+01 4.4366e-01 [ 4.4111e-01 2.5560e-03 ] 5.5634e-01
 2.267e+01 4.3740e-01 [ 4.3486e-01 2.5447e-03 ] 5.6260e-01
 2.278e+01 4.3079e-01 [ 4.2826e-01 2.5320e-03 ] 5.6921e-01
 2.289e+01 4.2388e-01 [ 4.2136e-01 2.5180e-03 ] 5.7612e-01
 2.301e+01 4.1676e-01 [ 4.1426e-01 2.5030e-03 ] 5.8324e-01
 2.312e+01 4.0951e-01 [ 4.0702e-01 2.4876e-03 ] 5.9049e-01
 2.323e+01 4.0221e-01 [ 3.9974e-01 2.4720e-03 ] 5.9779e-01
 2.335e+01 3.9498e-01 [ 3.9252e-01 2.4569e-03 ] 6.0502e-01
 2.346e+01 3.8790e-01 [ 3.8546e-01 2.4428e-03 ] 6.1210e-01
 2.357e+01 3.8109e-01 [ 3.7866e-01 2.4302e-03 ] 6.1891e-01
 2.369e+01 3.7465e-01 [ 3.7223e-01 2.4197e-03 ] 6.2535e-01
 2.380e+01 3.6867e-01 [ 3.6625e-01 2.4119e-03 ] 6.3133e-01
 2.391e+01 3.6324e-01 [ 3.6083e-01 2.4073e-03 ] 6.3676e-01
 2.403e+01 3.5845e-01 [ 3.5604e-01 2.4066e-03 ] 6.4155e-01
 2.414e+01 3.5437e-01 [ 3.5196e-01 2.4102e-03 ] 6.4563e-01
 2.425e+01 3.5108e-01 [ 3.4866e-01 2.4186e-03 ] 6.4893e-01
 2.437e+01 3.4862e-01 [ 3.4618e-01 2.4323e-03 ] 6.5138e-01
 2.448e+01 3.4705e-01 [ 3.4459e-01 2.4515e-03 ] 6.5295e-01
 2.459e+01 3.4640e-01 [ 3.4392e-01 2.4768e-03 ] 6.5360e-01
 2.471e+01 3.4671e-01 [ 3.4420e-01 2.5081e-03 ] 6.5329e-01
 2.482e+01 3.4799e-01 [ 3.4544e-01 2.5458e-03 ] 6.5201e-01
 2.493e+01 3.5025e-01 [ 3.4766e-01 2.5899e-03 ] 6.4975e-01
 2.505e+01 3.5350e-01 [ 3.5086e-01 2.6404e-03 ] 6.4650e-01
 2.516e+01 3.5771e-01 [ 3.5501e-01 2.6971e-03 ] 6.4229e-01
 2.527e+01 3.6286e-01 [ 3.6010e-01 2.7600e-03 ] 6.3714e-01
 2.539e+01 3.6891e-01 [ 3.6608e-01 2.8285e-03 ] 6.3109e-01
 2.550e+01 3.7581e-01 [ 3.7291e-01 2.9024e-03 ] 6.2419e-01
 2.561e+01 3.8348e-01 [ 3.8050e-01 2.9811e-03 ] 6.1652e-01
 2.573e+01 3.9185e-01 [ 3.8879e-01 3.0639e-03 ] 6.0815e-01
 2.584e+01 4.0082e-01 [ 3.9767e-01 3.1502e-03 ] 5.9918e-01
 2.595e+01 4.1027e-01 [ 4.0704e-01 3.2391e-03 ] 5.8973e-01
 2.607e+01 4.2010e-01 [ 4.1677e-01 3.3297e-03 ] 5.7990e-01
 2.618e+01 4.3016e-01 [ 4.2674e-01 3.4213e-03 ] 5.6984e-01
 2.629e+01 4.4034e-01 [ 4.3682e-01 3.5129e-03 ] 5.5966e-01
 2.641e+01 4.5050e-01 [ 4.4689e-01 3.6036e-03 ] 5.4951e-01
 2.652e+01 4.6051e-01 [ 4.5682e-01 3.6926e-03 ] 5.3949e-01
 2.663e+01 4.7026e-01 [ 4.6648e-01 3.7792e-03 ] 5.2974e-01
 2.675e+01 4.7963e-01 [ 4.7576e-01 3.8625e-03 ] 5.2037e-01
 2.686e+01 4.8852e-01 [ 4.8458e-01 3.9420e-03 ] 5.1148e-01
 2.697e+01 4.9684e-01 [ 4.9282e-01 4.0172e-03 ] 5.0316e-01
 2.709e+01 5.0450e-01 [ 5.0042e-01 4.0875e-03 ] 4.9550e-01
 2.720e+01 5.1143e-01 [ 5.0727e-01 4.1524e-03 ] 4.8858e-01
 2.731e+01 5.1753e-01 [ 5.1331e-01 4.2116e-03 ] 4.8247e-01
 2.743e+01 5.2272e-01 [ 5.1845e-01 4.2646e-03 ] 4.7728e-01
 2.754e+01 5.2691e-01 [ 5.2260e-01 4.3110e-03 ] 4.7309e-01
 2.765e+01 5.2998e-01 [ 5.2563e-01 4.3501e-03 ] 4.7002e-01
 2.777e+01 5.3182e-01 [ 5.2743e-01 4.3814e-03 ] 4.6818e-01
 2.788e+01 5.3225e-01 [ 5.2785e-01 4.4039e-03 ] 4.6775e-01
 2.799e+01 5.3113e-01 [ 5.2671e-01 4.4168e-03 ] 4.6887e-01
 2.811e+01 5.2823e-01 [ 5.2381e-01 4.4188e-03 ] 4.7177e-01
 2.822e+01 5.2337e-01 [ 5.1896e-01 4.4085e-03 ] 4.7663e-01
 2.833e+01 5.1632e-01 [ 5.1194e-01 4.3845e-03 ] 4.8368e-01
 2.845e+01 5.0690e-01 [ 5.0255e-01 4.3452e-03 ] 4.9310e-01
 2.856e+01 4.9495e-01 [ 4.9066e-01 4.2891e-03 ] 5.0505e-01
 2.867e+01 4.8040e-01 [ 4.7618e-01 4.2149e-03 ] 5.1960e-01
 2.879e+01 4.6327e-01 [ 4.5915e-01 4.1218e-03 ] 5.3673e-01
 2.890e+01 4.4371e-01 [ 4.3970e-01 4.0097e-03 ] 5.5629e-01
 2.901e+01 4.2200e-01 [ 4.1812e-01 3.8792e-03 ] 5.7800e-01
 2.913e+01 3.9856e-01 [ 3.9483e-01 3.7320e-03 ] 6.0144e-01
 2.924e+01 3.7392e-01 [ 3.7034e-01 3.5705e-03 ] 6.2608e-01
 2.935e+01 3.4865e-01 [ 3.4525e-01 3.3978e-03 ] 6.5135e-01
 2.947e+01 3.2337e-01 [ 3.2015e-01 3.2175e-03 ] 6.7663e-01
 2.958e+01 2.9863e-01 [ 2.9559e-01 3.0335e-03 ] 7.0137e-01
 2.969e+01 2.7493e-01 [ 2.7207e-01 2.8492e-03 ] 7.2507e-01
 2.981e+01 2.5265e-01 [ 2.4997e-01 2.6680e-03 ] 7.4735e-01
 2.992e+01 2.3205e-01 [ 2.2956e-01 2.4925e-03 ] 7.6795e-01
 3.003e+01 2.1331e-01 [ 2.1098e-01 2.3248e-03 ] 7.8669e-01
 3.015e+01 1.9647e-01 [ 1.9430e-01 2.1664e-03 ] 8.0353e-01
 3.026e+01 1.8152e-01 [ 1.7950e-01 2.0184e-03 ] 8.1848e-01
 3.037e+01 1.6837e-01 [ 1.6649e-01 1.8812e-03 ] 8.3163e-01
 3.049e+01 1.5691e-01 [ 1.5515e-01 1.7552e-03 ] 8.4309e-01
 3.060e+01 1.4700e-01 [ 1.4535e-01 1.6402e-03 ] 8.5300e-01
 3.071e+01 1.3847e-01 [ 1.3693e-01 1.5361e-03 ] 8.6153e-01
 3.083e+01 1.3120e-01 [ 1.2975e-01 1.4425e-03 ] 8.6880e-01
 3.094e+01 1.2501e-01 [ 1.2365e-01 1.3590e-03 ] 8.7499e-01
 3.105e+01 1.1980e-01 [ 1.1850e-01 1.2854e-03 ] 8.8020e-01
 3.117e+01 1.1542e-01 [ 1.1420e-01 1.2211e-03 ] 8.8458e-01
 3.128e+01 1.1179e-01 [ 1.1062e-01 1.1658e-03 ] 8.8821e-01
 3.139e+01 1.0881e-01 [ 1.0768e-01 1.1194e-03 ] 8.9119e-01
 3.151e+01 1.0640e-01 [ 1.0531e-01 1.0815e-03 ] 8.9360e-01
 3.162e+01 1.0451e-01 [ 1.0345e-01 1.0520e-03 ] 8.9549e-01
 3.173e+01 1.0309e-01 [ 1.0205e-01 1.0309e-03 ] 8.9691e-01
 3.185e+01 1.0211e-01 [ 1.0107e-01 1.0180e-03 ] 8.9789e-01
 3.196e+01 1.0154e-01 [ 1.0051e-01 1.0135e-03 ] 8.9846e-01
 3.207e+01 1.0139e-01 [ 1.0035e-01 1.0175e-03 ] 8.9861e-01
 3.219e+01 1.0165e-01 [ 1.0060e-01 1.0303e-03 ] 8.9835e-01
 3.230e+01 1.0236e-01 [ 1.0129e-01 1.0520e-03 ] 8.9764e-01
 3.241e+01 1.0355e-01 [ 1.0244e-01 1.0833e-03 ] 8.9645e-01
 3.253e+01 1.0528e-01 [ 1.0412e-01 1.1244e-03 ] 8.9472e-01
 3.264e+01 1.0761e-01 [ 1.0639e-01 1.1761e-03 ] 8.9239e-01
 3.275e+01 1.1063e-01 [ 1.0935e-01 1.2390e-03 ] 8.8937e-01
 3.287e+01 1.1447e-01 [ 1.1310e-01 1.3139e-03 ] 8.8553e-01
 3.298e+01 1.1924e-01 [ 1.1778e-01 1.4016e-03 ] 8.8076e-01
 3.309e+01 1.2512e-01 [ 1.2354e-01 1.5033e-03 ] 8.7488e-01
 3.321e+01 1.3229e-01 [ 1.3057e-01 1.6199e-03 ] 8.6771e-01
 3.332e+01 1.4094e-01 [ 1.3908e-01 1.7525e-03 ] 8.5906e-01
 3.343e+01 1.5132e-01 [ 1.4929e-01 1.9022e-03 ] 8.4868e-01
 3.355e+01 1.6366e-01 [ 1.6144e-01 2.0700e-03 ] 8.3634e-01
 3.366e+01 1.7819e-01 [ 1.7576e-01 2.2567e-03 ] 8.2181e-01
 3.377e+01 1.9515e-01 [ 1.9247e-01 2.4628e-03 ] 8.0485e-01
 3.389e+01 2.1469e-01 [ 2.1175e-01 2.6882e-03 ] 7.8531e-01
 3.400e+01 2.3692e-01 [ 2.3369e-01 2.9320e-03 ] 7.6308e-01
 3.411e+01 2.6181e-01 [ 2.5826e-01 3.1925e-03 ] 7.3819e-01
 3.423e+01 2.8916e-01 [ 2.8528e-01 3.4666e-03 ] 7.1084e-01
 3.434e+01 3.1862e-01 [ 3.1438e-01 3.7501e-03 ] 6.8138e-01
 3.445e+01 3.4960e-01 [ 3.4500e-01 4.0378e-03 ] 6.5040e-01
 3.457e+01 3.8137e-01 [ 3.7639e-01 4.3232e-03 ] 6.1863e-01
 3.468e+01 4.1303e-01 [ 4.0769e-01 4.5999e-03 ] 5.8697e-01
 3.479e+01 4.4367e-01 [ 4.3797e-01 4.8615e-03 ] 5.5633e-01
 3.491e+01 4.7240e-01 [ 4.6637e-01 5.1028e-03 ] 5.2760e-01
 3.502e+01 4.9849e-01 [ 4.9214e-01 5.3199e-03 ] 5.0151e-01
 3.513e+01 5.2138e-01 [ 5.1475e-01 5.5108e-03 ] 4.7862e-01
 3.525e+01 5.4073e-01 [ 5.3384e-01 5.6751e-03 ] 4.5927e-01
 3.536e+01 5.5638e-01 [ 5.4926e-01 5.8137e-03 ] 4.4362e-01
 3.547e+01 5.6829e-01 [ 5.6097e-01 5.9280e-03 ] 4.3171e-01
 3.559e+01 5.7648e-01 [ 5.6898e-01 6.0197e-03 ] 4.2352e-01
 3.570e+01 5.8097e-01 [ 5.7332e-01 6.0899e-03 ] 4.1903e-01
 3.581e+01 5.8168e-01 [ 5.7391e-01 6.1388e-03 ] 4.1832e-01
 3.593e+01 5.7849e-01 [ 5.7062e-01 6.1652e-03 ] 4.2151e-01
 3.604e+01 5.7113e-01 [ 5.6320e-01 6.1668e-03 ] 4.2887e-01
 3.615e+01 5.5931e-01 [ 5.5135e-01 6.1399e-03 ] 4.4069e-01
 3.627e+01 5.4271e-01 [ 5.3477e-01 6.0800e-03 ] 4.5729e-01
 3.638e+01 5.2115e-01 [ 5.1328e-01 5.9826e-03 ] 4.7885e-01
 3.649e+01 4.9465e-01 [ 4.8691e-01 5.8437e-03 ] 5.0535e-01
 3.661e+01 4.6356e-01 [ 4.5601e-01 5.6617e-03 ] 5.3644e-01
 3.672e+01 4.2861e-01 [ 4.2132e-01 5.4376e-03 ] 5.7139e-01
 3.683e+01 3.9087e-01 [ 3.8389e-01 5.1759e-03 ] 6.0913e-01
 3.695e+01 3.5168e-01 [ 3.4505e-01 4.8840e-03 ] 6.4832e-01
 3.706e+01 3.1240e-01 [ 3.0616e-01 4.5713e-03 ] 6.8760e-01
 3.717e+01 2.7434e-01 [ 2.6850e-01 4.2483e-03 ] 7.2566e-01
 3.729e+01 2.3854e-01 [ 2.3310e-01 3.9245e-03 ] 7.6146e-01
 3.740e+01 2.0573e-01 [ 2.0068e-01 3.6082e-03 ] 7.9427e-01
 3.751e+01 1.7632e-01 [ 1.7164e-01 3.3057e-03 ] 8.2368e-01
 3.763e+01 1.5045e-01 [ 1.4611e-01 3.0214e-03 ] 8.4955e-01
 3.774e+01 1.2803e-01 [ 1.2401e-01 2.7575e-03 ] 8.7197e-01
 3.785e+01 1.0883e-01 [ 1.0509e-01 2.5150e-03 ] 8.9117e-01
 3.797e+01 9.2540e-02 [ 8.9048e-02 2.2938e-03 ] 9.0746e-01
 3.808e+01 7.8809e-02 [ 7.5536e-02 2.0930e-03 ] 9.2119e-01
 3.819e+01 6.7292e-02 [ 6.4206e-02 1.9113e-03 ] 9.3271e-01
 3.831e+01 5.7659e-02 [ 5.4733e-02 1.7471e-03 ] 9.4234e-01
 3.842e+01 4.9615e-02 [ 4.6823e-02 1.5989e-03 ] 9.5038e-01
 3.853e+01 4.2902e-02 [ 4.0219e-02 1.4651e-03 ] 9.5710e-01
 3.865e+01 3.7296e-02 [ 3.4700e-02 1.3443e-03 ] 9.6270e-01
 3.876e+01 3.2611e-02 [ 3.0079e-02 1.2350e-03 ] 9.6739e-01
 3.887e+01 2.8687e-02 [ 2.6199e-02 1.1360e-03 ] 9.7131e-01
 3.899e+01 2.5395e-02 [ 2.2932e-02 1.0462e-03 ] 9.7460e-01
 3.910e+01 2.2627e-02 [ 2.0170e-02 9.6454e-04 ] 9.7737e-01
 3.921e+01 2.0295e-02 [ 1.7825e-02 8.9017e-04 ] 9.7970e-01
 3.933e+01 1.8327e-02 [ 1.5825e-02 8.2229e-04 ] 9.8167e-01
 3.944e+01 1.6662e-02 [ 1.4112e-02 7.6021e-04 ] 9.8334e-01
 3.955e+01 1.5254e-02 [ 1.2636e-02 7.0330e-04 ] 9.8475e-01
 3.967e+01 1.4061e-02 [ 1.1358e-02 6.5104e-04 ] 9.8594e-01
 3.978e+01 1.3053e-02 [ 1.0246e-02 6.0294e-04 ] 9.8695e-01
 3.989e+01 1.2204e-02 [ 9.2724e-03 5.5859e-04 ] 9.8780e-01
 4.001e+01 1.1492e-02 [ 8.4163e-03 5.1762e-04 ] 9.8851e-01
 4.012e+01 1.0900e-02 [ 7.6594e-03 4.7972e-04 ] 9.8910e-01
 4.023e+01 1.0414e-02 [ 6.9868e-03 4.4460e-04 ] 9.8959e-01
 4.035e+01 1.0024e-02 [ 6.3865e-03 4.1201e-04 ] 9.8998e-01
 4.046e+01 9.7219e-03 [ 5.8483e-03 3.8174e-04 ] 9.9028e-01
 4.057e+01 9.5003e-03 [ 5.3639e-03 3.5359e-04 ] 9.9050e-01
 4.069e+01 9.3551e-03 [ 4.9263e-03 3.2739e-04 ] 9.9064e-01
 4.080e+01 9.2831e-03 [ 4.5299e-03 3.0300e-04 ] 9.9072e-01
 4.091e+01 9.2831e-03 [ 4.1699e-03 2.8028e-04 ] 9.9072e-01
 4.103e+01 9.3551e-03 [ 3.8422e-03 2.5912e-04 ] 9.9064e-01
 4.114e+01 9.5003e-03 [ 3.5435e-03 2.3941e-04 ] 9.9050e-01
 4.125e+01 9.7219e-03 [ 3.2709e-03 2.2106e-04 ] 9.9028e-01
 4.137e+01 1.0024e-02 [ 3.0220e-03 2.0399e-04 ] 9.8998e-01
 4.148e+01 1.0414e-02 [ 2.7947e-03 1.8811e-04 ] 9.8959e-01
 4.159e+01 1.0900e-02 [ 2.5873e-03 1.7337e-04 ] 9.8910e-01
 4.171e+01 1.1492e-02 [ 2.3981e-03 1.5970e-04 ] 9.8851e-01
 4.182e+01 1.2204e-02 [ 2.2260e-03 1.4705e-04 ] 9.8780e-01
 4.193e+01 1.3053e-02 [ 2.0695e-03 1.3536e-04 ] 9.8695e-01
 4.205e+01 1.4061e-02 [ 1.9278e-03 1.2459e-04 ] 9.8594e-01
 4.216e+01 1.5254e-02 [ 1.7998e-03 1.1469e-04 ] 9.8475e-01
 4.227e+01 1.6662e-02 [ 1.6848e-03 1.0562e-04 ] 9.8334e-01
 4.239e+01 1.8327e-02 [ 1.5819e-03 9.7345e-05 ] 9.8167e-01
 4.250e+01 2.0295e-02 [ 1.4905e-03 8.9822e-05 ] 9.7970e-01
 4.261e+01 2.2627e-02 [ 1.4101e-03 8.3019e-05 ] 9.7737e-01
 4.273e+01 2.5395e-02 [ 1.3402e-03 7.6904e-05 ] 9.7460e-01
 4.284e+01 2.8687e-02 [ 1.2803e-03 7.1446e-05 ] 9.7131e-01
 4.295e+01 3.2611e-02 [ 1.2302e-03 6.6616e-05 ] 9.6739e-01
 4.307e+01 3.7296e-02 [ 1.1897e-03 6.2386e-05 ] 9.6270e-01
 4.318e+01 4.2902e-02 [ 1.1587e-03 5.8732e-05 ] 9.5710e-01
 4.329e+01 4.9615e-02 [ 1.1373e-03 5.5629e-05 ] 9.5038e-01
 4.341e+01 5.7659e-02 [ 1.1254e-03 5.3054e-05 ] 9.4234e-01
 4.352e+01 6.7292e-02 [ 1.1233e-03 5.0984e-05 ] 9.3271e-01
 4.363e+01 7.8809e-02 [ 1.1312e-03 4.9396e-05 ] 9.2119e-01
 4.375e+01 9.2540e-02 [ 1.1495e-03 4.8267e-05 ] 9.0746e-01
 4.386e+01 1.0883e-01 [ 1.1783e-03 4.7572e-05 ] 8.9117e-01
 4.397e+01 1.2803e-01 [ 1.2176e-03 4.7279e-05 ] 8.7197e-01
 4.409e+01 1.5045e-01 [ 1.2672e-03 4.7353e-05 ] 8.4955e-01
 4.420e+01 1.7632e-01 [ 1.3264e-03 4.7747e-05 ] 8.2368e-01
 4.431e+01 2.0573e-01 [ 1.3937e-03 4.8405e-05 ] 7.9427e-01
 4.443e+01 2.3854e-01 [ 1.4670e-03 4.9256e-05 ] 7.6146e-01
 4.454e+01 2.7434e-01 [ 1.5433e-03 5.0216e-05 ] 7.2566e-01
 4.465e+01 3.1240e-01 [ 1.6187e-03 5.1191e-05 ] 6.8760e-01
 4.477e+01 3.5168e-01 [ 1.6888e-03 5.2084e-05 ] 6.4832e-01
 4.488e+01 3.9087e-01 [ 1.7491e-03 5.2803e-05 ] 6.0913e-01
 4.499e+01 4.2861e-01 [ 1.7957e-03 5.3272e-05 ] 5.7139e-01
 4.511e+01 4.6356e-01 [ 1.8255e-03 5.3442e-05 ] 5.3644e-01
 4.522e+01 4.9465e-01 [ 1.8371e-03 5.3294e-05 ] 5.0535e-01
 4.533e+01 5.2115e-01 [ 1.8305e-03 5.2839e-05 ] 4.7885e-01
 4.545e+01 5.4271e-01 [ 1.8068e-03 5.2110e-05 ] 4.5729e-01
 4.556e+01 5.5931e-01 [ 1.7683e-03 5.1153e-05 ] 4.4069e-01
 4.567e+01 5.7113e-01 [ 1.7175e-03 5.0017e-05 ] 4.2887e-01
 4.579e+01 5.7849e-01 [ 1.6569e-03 4.8745e-05 ] 4.2151e-01
 4.590e+01 5.8168e-01 [ 1.5885e-03 4.7371e-05 ] 4.1832e-01
 4.601e+01 5.8097e-01 [ 1.5141e-03 4.5916e-05 ] 4.1903e-01
 4.613e+01 5.7648e-01 [ 1.4350e-03 4.4391e-05 ] 4.2352e-01
 4.624e+01 5.6829e-01 [ 1.3519e-03 4.2794e-05 ] 4.3171e-01
 4.635e+01 5.5638e-01 [ 1.2654e-03 4.1120e-05 ] 4.4362e-01
 4.647e+01 5.4073e-01 [ 1.1761e-03 3.9358e-05 ] 4.5927e-01
 4.658e+01 5.2138e-01 [ 1.0845e-03 3.7500e-05 ] 4.7862e-01
 4.669e+01 4.9849e-01 [ 9.9123e-04 3.5540e-05 ] 5.0151e-01
 4.681e+01 4.7240e-01 [ 8.9740e-04 3.3483e-05 ] 5.2760e-01
 4.692e+01 4.4367e-01 [ 8.0431e-04 3.1343e-05 ] 5.5633e-01
 4.703e+01 4.1303e-01 [ 7.1345e-04 2.9144e-05 ] 5.8697e-01
 4.715e+01 3.8137e-01 [ 6.2638e-04 2.6920e-05 ] 6.1863e-01
 4.726e+01 3.4960e-01 [ 5.4455e-04 2.4706e-05 ] 6.5040e-01
 4.737e+01 3.1862e-01 [ 4.6912e-04 2.2542e-05 ] 6.8138e-01
 4.749e+01 2.8916e-01 [ 4.0089e-04 2.0459e-05 ] 7.1084e-01
 4.760e+01 2.6181e-01 [ 3.4024e-04 1.8486e-05 ] 7.3819e-01
 4.771e+01 2.3692e-01 [ 2.8715e-04 1.6642e-05 ] 7.6308e-01
 4.783e+01 2.1469e-01 [ 2.4133e-04 1.4938e-05 ] 7.8531e-01
 4.794e+01 1.9515e-01 [ 2.0221e-04 1.3377e-05 ] 8.0485e-01
 4.805e+01 1.7819e-01 [ 1.6915e-04 1.1959e-05 ] 8.2181e-01
 4.817e+01 1.6366e-01 [ 1.4140e-04 1.0679e-05 ] 8.3634e-01
 4.828e+01 1.5132e-01 [ 1.1824e-04 9.5269e-06 ] 8.4868e-01
 4.839e+01 1.4094e-01 [ 9.8998e-05 8.4948e-06 ] 8.5906e-01
 4.851e+01 1.3229e-01 [ 8.3044e-05 7.5719e-06 ] 8.6771e-01
 4.862e+01 1.2512e-01 [ 6.9835e-05 6.7481e-06 ] 8.7488e-01
 4.873e+01 1.1924e-01 [ 5.8902e-05 6.0133e-06 ] 8.8076e-01
 4.885e+01 1.1447e-01 [ 4.9846e-05 5.3585e-06 ] 8.8553e-01
 4.896e+01 1.1063e-01 [ 4.2335e-05 4.7751e-06 ] 8.8937e-01
 4.907e+01 1.0761e-01 [ 3.6092e-05 4.2555e-06 ] 8.9239e-01
 4.919e+01 1.0528e-01 [ 3.0890e-05 3.7926e-06 ] 8.9472e-01
 4.930e+01 1.0355e-01 [ 2.6544e-05 3.3803e-06 ] 8.9645e-01
 4.941e+01 1.0236e-01 [ 2.2901e-05 3.0131e-06 ] 8.9764e-01
 4.953e+01 1.0165e-01 [ 1.9837e-05 2.6861e-06 ] 8.9835e-01
 4.964e+01 1.0139e-01 [ 1.7253e-05 2.3950e-06 ] 8.9861e-01
 4.975e+01 1.0154e-01 [ 1.5066e-05 2.1358e-06 ] 8.9846e-01
 4.987e+01 1.0211e-01 [ 1.3209e-05 1.9051e-06 ] 8.9789e-01
 4.998e+01 1.0309e-01 [ 1.1628e-05 1.7000e-06 ] 8.9691e-01
 5.009e+01 1.0451e-01 [ 1.0279e-05 1.5177e-06 ] 8.9549e-01
 5.021e+01 1.0640e-01 [ 9.1237e-06 1.3558e-06 ] 8.9360e-01
 5.032e+01 1.0881e-01 [ 8.1333e-06 1.2121e-06 ] 8.9119e-01
 5.043e+01 1.1179e-01 [ 7.2826e-06 1.0848e-06 ] 8.8821e-01
 5.055e+01 1.1542e-01 [ 6.5508e-06 9.7211e-07 ] 8.8458e-01
 5.066e+01 1.1980e-01 [ 5.9207e-06 8.7251e-07 ] 8.8020e-01
 5.077e+01 1.2501e-01 [ 5.3776e-06 7.8460e-07 ] 8.7499e-01
 5.089e+01 1.3120e-01 [ 4.9095e-06 7.0712e-07 ] 8.6880e-01
 5.100e+01 1.3847e-01 [ 4.5060e-06 6.3896e-07 ] 8.6153e-01
 5.111e+01 1.4700e-01 [ 4.1580e-06 5.7907e-07 ] 8.5300e-01
 5.123e+01 1.5691e-01 [ 3.8580e-06 5.2653e-07 ] 8.4309e-01
 5.134e+01 1.6837e-01 [ 3.5992e-06 4.8046e-07 ] 8.3163e-01
 5.145e+01 1.8152e-01 [ 3.3756e-06 4.4009e-07 ] 8.1848e-01
 5.157e+01 1.9647e-01 [ 3.1818e-06 4.0470e-07 ] 8.0353e-01
 5.168e+01 2.1331e-01 [ 3.0129e-06 3.7360e-07 ] 7.8669e-01
 5.179e+01 2.3205e-01 [ 2.8643e-06 3.4619e-07 ] 7.6795e-01
 5.191e+01 2.5265e-01 [ 2.7318e-06 3.2189e-07 ] 7.4735e-01
 5.202e+01 2.7493e-01 [ 2.6113e-06 3.0019e-07 ] 7.2507e-01
 5.213e+01 2.9863e-01 [ 2.4992e-06 2.8061e-07 ] 7.0137e-01
 5.225e+01 3.2337e-01 [ 2.3923e-06 2.6274e-07 ] 6.7663e-01
 5.236e+01 3.4865e-01 [ 2.2876e-06 2.4622e-07 ] 6.5135e-01
 5.247e+01 3.7392e-01 [ 2.1830e-06 2.3077e-07 ] 6.2608e-01
 5.259e+01 3.9856e-01 [ 2.0770e-06 2.1615e-07 ] 6.0144e-01
 5.270e+01 4.2200e-01 [ 1.9687e-06 2.0222e-07 ] 5.7800e-01
 5.281e+01 4.4371e-01 [ 1.8582e-06 1.8887e-07 ] 5.5629e-01
 5.293e+01 4.6327e-01 [ 1.7458e-06 1.7606e-07 ] 5.3673e-01
 5.304e+01 4.8040e-01 [ 1.6326e-06 1.6379e-07 ] 5.1960e-01
 5.315e+01 4.9495e-01 [ 1.5198e-06 1.5205e-07 ] 5.0505e-01
 5.327e+01 5.0690e-01 [ 1.4086e-06 1.4087e-07 ] 4.9310e-01
 5.338e+01 5.1632e-01 [ 1.3004e-06 1.3027e-07 ] 4.8368e-01
 5.349e+01 5.2337e-01 [ 1.1960e-06 1.2028e-07 ] 4.7663e-01
 5.361e+01 5.2823e-01 [ 1.0964e-06 1.1088e-07 ] 4.7177e-01
 5.372e+01 5.3113e-01 [ 1.0022e-06 1.0209e-07 ] 4.6887e-01
 5.383e+01 5.3225e-01 [ 9.1373e-07 9.3889e-08 ] 4.6775e-01
 5.395e+01 5.3182e-01 [ 8.3111e-07 8.6255e-08 ] 4.6818e-01
 5.406e+01 5.2998e-01 [ 7.5439e-07 7.9163e-08 ] 4.7002e-01
 5.417e+01 5.2691e-01 [ 6.8342e-07 7.2586e-08 ] 4.7309e-01
 5.429e+01 5.2272e-01 [ 6.1800e-07 6.6493e-08 ] 4.7728e-01
 5.440e+01 5.1753e-01 [ 5.5786e-07 6.0853e-08 ] 4.8247e-01
 5.451e+01 5.1143e-01 [ 5.0272e-07 5.5635e-08 ] 4.8858e-01
 5.463e+01 5.0450e-01 [ 4.5225e-07 5.0811e-08 ] 4.9550e-01
 5.474e+01 4.9684e-01 [ 4.0615e-07 4.6353e-08 ] 5.0316e-01
 5.485e+01 4.8852e-01 [ 3.6411e-07 4.2235e-08 ] 5.1148e-01
 5.497e+01 4.7963e-01 [ 3.2585e-07 3.8434e-08 ] 5.2037e-01
 5.508e+01 4.7026e-01 [ 2.9110e-07 3.4929e-08 ] 5.2974e-01
 5.519e+01 4.6051e-01 [ 2.5959e-07 3.1700e-08 ] 5.3949e-01
 5.531e+01 4.5050e-01 [ 2.3110e-07 2.8729e-08 ] 5.4951e-01
 5.542e+01 4.4034e-01 [ 2.0539e-07 2.6000e-08 ] 5.5966e-01
 5.553e+01 4.3016e-01 [ 1.8226e-07 2.3497e-08 ] 5.6984e-01
 5.565e+01 4.2010e-01 [ 1.6151e-07 2.1206e-08 ] 5.7990e-01
 5.576e+01 4.1027e-01 [ 1.4294e-07 1.9114e-08 ] 5.8973e-01
 5.587e+01 4.0082e-01 [ 1.2638e-07 1.7208e-08 ] 5.9918e-01
 5.599e+01 3.9185e-01 [ 1.1165e-07 1.5474e-08 ] 6.0815e-01
 5.610e+01 3.8348e-01 [ 9.8592e-08 1.3902e-08 ] 6.1652e-01
 5.621e+01 3.7581e-01 [ 8.7037e-08 1.2480e-08 ] 6.2419e-01
 5.633e+01 3.6891e-01 [ 7.6839e-08 1.1196e-08 ] 6.3109e-01
 5.644e+01 3.6286e-01 [ 6.7858e-08 1.0038e-08 ] 6.3714e-01
 5.655e+01 3.5771e-01 [ 5.9962e-08 8.9976e-09 ] 6.4229e-01
 5.667e+01 3.5350e-01 [ 5.3030e-08 8.0633e-09 ] 6.4650e-01
 5.678e+01 3.5025e-01 [ 4.6949e-08 7.2257e-09 ] 6.4975e-01
 5.689e+01 3.4799e-01 [ 4.1619e-08 6.4758e-09 ] 6.5201e-01
 5.701e+01 3.4671e-01 [ 3.6946e-08 5.8051e-09 ] 6.5329e-01
 5.712e+01 3.4640e-01 [ 3.2849e-08 5.2056e-09 ] 6.5360e-01
 5.723e+01 3.4705e-01 [ 2.9254e-08 4.6701e-09 ] 6.5295e-01
 5.735e+01 3.4862e-01 [ 2.6095e-08 4.1918e-09 ] 6.5138e-01
 5.746e+01 3.5108e-01 [ 2.3316e-08 3.7647e-09 ] 6.4893e-01
 5.757e+01 3.5437e-01 [ 2.0867e-08 3.3832e-09 ] 6.4563e-01
 5.769e+01 3.5845e-01 [ 1.8704e-08 3.0421e-09 ] 6.4155e-01
 5.780e+01 3.6324e-01 [ 1.6789e-08 2.7372e-09 ] 6.3676e-01
 5.791e+01 3.6867e-01 [ 1.5088e-08 2.4642e-09 ] 6.3133e-01
 5.803e+01 3.7465e-01 [ 1.3575e-08 2.2196e-09 ] 6.2535e-01
 5.814e+01 3.8109e-01 [ 1.2224e-08 2.0002e-09 ] 6.1891e-01
 5.825e+01 3.8790e-01 [ 1.1016e-08 1.8032e-09 ] 6.1210e-01
 5.837e+01 3.9498e-01 [ 9.9311e-09 1.6260e-09 ] 6.0502e-01
 5.848e+01 4.0221e-01 [ 8.9557e-09 1.4666e-09 ] 5.9779e-01
 5.859e+01 4.0951e-01 [ 8.0766e-09 1.3229e-09 ] 5.9049e-01
 5.871e+01 4.1676e-01 [ 7.2827e-09 1.1933e-09 ] 5.8324e-01
 5.882e+01 4.2388e-01 [ 6.5648e-09 1.0763e-09 ] 5.7612e-01
 5.893e+01 4.3079e-01 [ 5.9149e-09 9.7062e-10 ] 5.6921e-01
 5.905e+01 4.3740e-01 [ 5.3261e-09 8.7508e-10 ] 5.6260e-01
 5.916e+01 4.4366e-01 [ 4.7925e-09 7.8869e-10 ] 5.5634e-01
 5.927e+01 4.4952e-01 [ 4.3089e-09 7.1056e-10 ] 5.5048e-01
 5.939e+01 4.5494e-01 [ 3.8708e-09 6.3990e-10 ] 5.4506e-01
 5.950e+01 4.5989e-01 [ 3.4741e-09 5.7600e-10 ] 5.4011e-01
 5.961e+01 4.6437e-01 [ 3.1152e-09 5.1824e-10 ] 5.3563e-01
 5.973e+01 4.6837e-01 [ 2.7908e-09 4.6604e-10 ] 5.3163e-01
 5.984e+01 4.7190e-01 [ 2.4978e-09 4.1888e-10 ] 5.2810e-01
 5.995e+01 4.7497e-01 [ 2.2337e-09 3.7630e-10 ] 5.2503e-01
 6.007e+01 4.7762e-01 [ 1.9957e-09 3.3788e-10 ] 5.2238e-01
 6.018e+01 4.7987e-01 [ 1.7816e-09 3.0322e-10 ] 5.2013e-01
 6.029e+01 4.8174e-01 [ 1.5893e-09 2.7199e-10 ] 5.1826e-01
 6.041e+01 4.8327e-01 [ 1.4166e-09 2.4386e-10 ] 5.1673e-01
 6.052e+01 4.8451e-01 [ 1.2619e-09 2.1853e-10 ] 5.1549e-01
 6.063e+01 4.8547e-01 [ 1.1233e-09 1.9574e-10 ] 5.1453e-01
 6.075e+01 4.8620e-01 [ 9.9937e-10 1.7525e-10 ] 5.1380e-01
 6.086e+01 4.8673e-01 [ 8.8861e-10 1.5684e-10 ] 5.1327e-01
 6.097e+01 4.8709e-01 [ 7.8973e-10 1.4030e-10 ] 5.1291e-01
 6.109e+01 4.8731e-01 [ 7.0153e-10 1.2546e-10 ] 5.1269e-01
 6.120e+01 4.8742e-01 [ 6.2292e-10 1.1214e-10 ] 5.1258e-01
 6.131e+01 4.8745e-01 [ 5.5289e-10 1.0020e-10 ] 5.1255e-01
 6.143e+01 4.8741e-01 [ 4.9057e-10 8.9494e-11 ] 5.1259e-01
 6.154e+01 4.8733e-01 [ 4.3513e-10 7.9905e-11 ] 5.1267e-01
 6.165e+01 4.8722e-01 [ 3.8584e-10 7.1320e-11 ] 5.1278e-01
 6.177e+01 4.8711e-01 [ 3.4204e-10 6.3635e-11 ] 5.1289e-01
 6.188e+01 4.8701e-01 [ 3.0313e-10 5.6761e-11 ] 5.1299e-01
 6.199e+01 4.8693e-01 [ 2.6859e-10 5.0613e-11 ] 5.1307e-01
 6.211e+01 4.8687e-01 [ 2.3793e-10 4.5117e-11 ] 5.1313e-01
 6.222e+01 4.8685e-01 [ 2.1073e-10 4.0206e-11 ] 5.1315e-01
 6.233e+01 4.8688e-01 [ 1.8660e-10 3.5819e-11 ] 5.1312e-01
 6.245e+01 4.8696e-01 [ 1.6521e-10 3.1902e-11 ] 5.1304e-01
 6.256e+01 4.8709e-01 [ 1.4624e-10 2.8406e-11 ] 5.1291e-01
 6.267e+01 4.8727e-01 [ 1.2943e-10 2.5286e-11 ] 5.1273e-01
 6.279e+01 4.8751e-01 [ 1.1453e-10 2.2502e-11 ] 5.1249e-01
 6.290e+01 4.8781e-01 [ 1.0133e-10 2.0020e-11 ] 5.1219e-01
 6.301e+01 4.8816e-01 [ 8.9634e-11 1.7807e-11 ] 5.1184e-01
 6.313e+01 4.8857e-01 [ 7.9277e-11 1.5835e-11 ] 5.1143e-01
 6.324e+01 4.8903e-01 [ 7.0106e-11 1.4077e-11 ] 5.1097e-01
 6.335e+01 4.8954e-01 [ 6.1985e-11 1.2512e-11 ] 5.1046e-01
 6.347e+01 4.9009e-01 [ 5.4795e-11 1.1118e-11 ] 5.0991e-01
 6.358e+01 4.9069e-01 [ 4.8431e-11 9.8765e-12 ] 5.0931e-01
 6.369e+01 4.9132e-01 [ 4.2799e-11 8.7717e-12 ] 5.0868e-01
 6.381e+01 4.9199e-01 [ 3.7815e-11 7.7886e-12 ] 5.0801e-01
 6.392e+01 4.9269e-01 [ 3.3405e-11 6.9139e-12 ] 5.0731e-01
 6.403e+01 4.9342e-01 [ 2.9504e-11 6.1360e-12 ] 5.0658e-01
 6.415e+01 4.9417e-01 [ 2.6053e-11 5.4443e-12 ] 5.0583e-01
 6.426e+01 4.9495e-01 [ 2.3001e-11 4.8294e-12 ] 5.0505e-01
 6.437e+01 4.9573e-01 [ 2.0303e-11 4.2829e-12 ] 5.0427e-01
 6.449e+01 4.9653e-01 [ 1.7918e-11 3.7973e-12 ] 5.0347e-01
 6.460e+01 4.9734e-01 [ 1.5809e-11 3.3659e-12 ] 5.0266e-01
 6.471e+01 4.9816e-01 [ 1.3946e-11 2.9828e-12 ] 5.0184e-01
 6.483e+01 4.9898e-01 [ 1.2300e-11 2.6427e-12 ] 5.0102e-01
 6.494e+01 4.9980e-01 [ 1.0845e-11 2.3407e-12 ] 5.0020e-01
 6.505e+01 5.0062e-01 [ 9.5608e-12 2.0728e-12 ] 4.9938e-01
 6.517e+01 5.0144e-01 [ 8.4265e-12 1.8351e-12 ] 4.9856e-01
 6.528e+01 5.0225e-01 [ 7.4251e-12 1.6242e-12 ] 4.9775e-01
 6.539e+01 5.0306e-01 [ 6.5413e-12 1.4372e-12 ] 4.9694e-01
 6.551e+01 5.0385e-01 [ 5.7613e-12 1.2714e-12 ] 4.9615e-01
 6.562e+01 5.0464e-01 [ 5.0732e-12 1.1245e-12 ] 4.9536e-01
 6.573e+01 5.0542e-01 [ 4.4663e-12 9.9432e-13 ] 4.9458e-01
 6.585e+01 5.0619e-01 [ 3.9310e-12 8.7898e-13 ] 4.9381e-01
 6.596e+01 5.0695e-01 [ 3.4592e-12 7.7683e-13 ] 4.9305e-01
 6.607e+01 5.0770e-01 [ 3.0432e-12 6.8638e-13 ] 4.9230e-01
 6.619e+01 5.0844e-01 [ 2.6767e-12 6.0632e-13 ] 4.9156e-01
 6.630e+01 5.0917e-01 [ 2.3537e-12 5.3546e-13 ] 4.9083e-01
 6.641e+01 5.0988e-01 [ 2.0693e-12 4.7277e-13 ] 4.9012e-01
 6.653e+01 5.1058e-01 [ 1.8188e-12 4.1732e-13 ] 4.8942e-01
 6.664e+01 5.1127e-01 [ 1.5983e-12 3.6828e-13 ] 4.8873e-01
 6.675e+01 5.1196e-01 [ 1.4042e-12 3.2493e-13 ] 4.8804e-01
 6.687e+01 5.1263e-01 [ 1.2334e-12 2.8661e-13 ] 4.8737e-01
 6.698e+01 5.1328e-01 [ 1.0831e-12 2.5275e-13 ] 4.8672e-01
 6.709e+01 5.1393e-01 [ 9.5092e-13 2.2284e-13 ] 4.8607e-01
 6.721e+01 5.1457e-01 [ 8.3469e-13 1.9641e-13 ] 4.8543e-01
 6.732e+01 5.1520e-01 [ 7.3250e-13 1.7309e-13 ] 4.8480e-01
 6.743e+01 5.1582e-01 [ 6.4268e-13 1.5249e-13 ] 4.8418e-01
 6.755e+01 5.1643e-01 [ 5.6375e-13 1.3432e-13 ] 4.8357e-01
 6.766e+01 5.1704e-01 [ 4.9441e-13 1.1828e-13 ] 4.8296e-01
 6.777e+01 5.1763e-01 [ 4.3350e-13 1.0413e-13 ] 4.8237e-01
 6.789e+01 5.1822e-01 [ 3.8001e-13 9.1655e-14 ] 4.8178e-01
 6.800e+01 5.1880e-01 [ 3.3305e-13 8.0655e-14 ] 4.8120e-01
 6.811e+01 5.1937e-01 [ 2.9183e-13 7.0958e-14 ] 4.8063e-01
 6.823e+01 5.1993e-01 [ 2.5566e-13 6.2413e-14 ] 4.8007e-01
 6.834e+01 5.2049e-01 [ 2.2392e-13 5.4884e-14 ] 4.7951e-01
 6.845e+01 5.2104e-01 [ 1.9608e-13 4.8253e-14 ] 4.7896e-01
 6.857e+01 5.2159e-01 [ 1.7167e-13 4.2413e-14 ] 4.7841e-01
 6.868e+01 5.2213e-01 [ 1.5026e-13 3.7271e-14 ] 4.7787e-01
 6.879e+01 5.2266e-01 [ 1.3150e-13 3.2745e-14 ] 4.7734e-01
 6.891e+01 5.2319e-01 [ 1.1506e-13 2.8762e-14 ] 4.7681e-01
 6.902e+01 5.2371e-01 [ 1.0065e-13 2.5258e-14 ] 4.7629e-01
 6.913e+01 5.2422e-01 [ 8.8022e-14 2.2176e-14 ] 4.7578e-01
 6.925e+01 5.2473e-01 [ 7.6966e-14 1.9465e-14 ] 4.7527e-01
 6.936e+01 5.2524e-01 [ 6.7285e-14 1.7082e-14 ] 4.7476e-01
 6.947e+01 5.2574e-01 [ 5.8809e-14 1.4988e-14 ] 4.7426e-01
 6.959e+01 5.2623e-01 [ 5.1391e-14 1.3147e-14 ] 4.7377e-01
 6.970e+01 5.2672e-01 [ 4.4899e-14 1.1530e-14 ] 4.7328e-01
 6.981e+01 5.2721e-01 [ 3.9219e-14 1.0109e-14 ] 4.7279e-01
 6.993e+01 5.2768e-01 [ 3.4251e-14 8.8619e-15 ] 4.7232e-01
 7.004e+01 5.2816e-01 [ 2.9906e-14 7.7667e-15 ] 4.7184e-01
 7.015e+01 5.2863e-01 [ 2.6107e-14 6.8054e-15 ] 4.7137e-01
 7.027e+01 5.2909e-01 [ 2.2786e-14 5.9617e-15 ] 4.7091e-01
 7.038e+01 5.2955e-01 [ 1.9883e-14 5.2215e-15 ] 4.7045e-01
 7.049e+01 5.3001e-01 [ 1.7347e-14 4.5722e-15 ] 4.6999e-01
 7.061e+01 5.3046e-01 [ 1.5131e-14 4.0028e-15 ] 4.6954e-01
 7.072e+01 5.3090e-01 [ 1.3195e-14 3.5035e-15 ] 4.6910e-01
 7.083e+01 5.3134e-01 [ 1.1505e-14 3.0658e-15 ] 4.6866e-01
 7.095e+01 5.3177e-01 [ 1.0029e-14 2.6823e-15 ] 4.6823e-01
 7.106e+01 5.3220e-01 [ 8.7412e-15 2.3462e-15 ] 4.6780e-01
 7.117e+01 5.3263e-01 [ 7.6170e-15 2.0518e-15 ] 4.6737e-01
 7.129e+01 5.3305e-01 [ 6.6360e-15 1.7940e-15 ] 4.6695e-01
 7.140e+01 5.3347e-01 [ 5.7802e-15 1.5682e-15 ] 4.6653e-01
 7.151e+01 5.3388e-01 [ 5.0338e-15 1.3705e-15 ] 4.6612e-01
 7.163e+01 5.3428e-01 [ 4.3829e-15 1.1975e-15 ] 4.6572e-01
 7.174e+01 5.3469e-01 [ 3.8155e-15 1.0462e-15 ] 4.6531e-01
 7.185e+01 5.3508e-01 [ 3.3208e-15 9.1373e-16 ] 4.6492e-01
 7.197e+01 5.3548e-01 [ 2.8897e-15 7.9789e-16 ] 4.6452e-01
 7.208e+01 5.3587e-01 [ 2.5141e-15 6.9660e-16 ] 4.6413e-01
 7.219e+01 5.3625e-01 [ 2.1868e-15 6.0803e-16 ] 4.6375e-01
 7.231e+01 5.3663e-01 [ 1.9018e-15 5.3061e-16 ] 4.6337e-01
 7.242e+01 5.3701e-01 [ 1.6537e-15 4.6296e-16 ] 4.6299e-01
 7.253e+01 5.3738e-01 [ 1.4376e-15 4.0385e-16 ] 4.6262e-01
 7.265e+01 5.3775e-01 [ 1.2495e-15 3.5221e-16 ] 4.6225e-01
 7.276e+01 5.3812e-01 [ 1.0858e-15 3.0711e-16 ] 4.6188e-01
 7.287e+01 5.3848e-01 [ 9.4337e-16 2.6773e-16 ] 4.6152e-01
 7.299e+01 5.3885e-01 [ 8.1947e-16 2.3335e-16 ] 4.6115e-01
 7.310e+01 5.3921e-01 [ 7.1170e-16 2.0335e-16 ] 4.6079e-01
 7.321e+01 5.3957e-01 [ 6.1799e-16 1.7716e-16 ] 4.6043e-01
 7.333e+01 5.3993e-01 [ 5.3651e-16 1.5432e-16 ] 4.6007e-01
 7.344e+01 5.4028e-01 [ 4.6569e-16 1.3439e-16 ] 4.5972e-01
 7.355e+01 5.4064e-01 [ 4.0414e-16 1.1702e-16 ] 4.5936e-01
 7.367e+01 5.4101e-01 [ 3.5066e-16 1.0187e-16 ] 4.5899e-01
 7.378e+01 5.4137e-01 [ 3.0419e-16 8.8659e-17 ] 4.5863e-01
 7.389e+01 5.4174e-01 [ 2.6384e-16 7.7149e-17 ] 4.5826e-01
 7.401e+01 5.4211e-01 [ 2.2880e-16 6.7119e-17 ] 4.5789e-01
 7.412e+01 5.4249e-01 [ 1.9837e-16 5.8382e-17 ] 4.5751e-01
 7.423e+01 5.4288e-01 [ 1.7196e-16 5.0772e-17 ] 4.5712e-01
 7.435e+01 5.4328e-01 [ 1.4904e-16 4.4145e-17 ] 4.5672e-01
 7.446e+01 5.4368e-01 [ 1.2915e-16 3.8375e-17 ] 4.5632e-01
 7.457e+01 5.4411e-01 [ 1.1189e-16 3.3353e-17 ] 4.5589e-01
 7.469e+01 5.4454e-01 [ 9.6928e-17 2.8982e-17 ] 4.5546e-01
 7.480e+01 5.4500e-01 [ 8.3949e-17 2.5179e-17 ] 4.5500e-01
 7.491e+01 5.4547e-01 [ 7.2696e-17 2.1871e-17 ] 4.5453e-01
 7.503e+01 5.4597e-01 [ 6.2942e-17 1.8994e-17 ] 4.5403e-01
 7.514e+01 5.4649e-01 [ 5.4487e-17 1.6492e-17 ] 4.5351e-01
 7.525e+01 5.4705e-01 [ 4.7161e-17 1.4317e-17 ] 4.5295e-01
 7.537e+01 5.4763e-01 [ 4.0814e-17 1.2427e-17 ] 4.5237e-01
 7.548e+01 5.4825e-01 [ 3.5316e-17 1.0784e-17 ] 4.5175e-01
 7.559e+01 5.4891e-01 [ 3.0555e-17 9.3567e-18 ] 4.5109e-01
 7.571e+01 5.4961e-01 [ 2.6432e-17 8.1169e-18 ] 4.5039e-01
 7.582e+01 5.5036e-01 [ 2.2863e-17 7.0401e-18 ] 4.4964e-01
 7.593e+01 5.5116e-01 [ 1.9773e-17 6.1051e-18 ] 4.4884e-01
 7.605e+01 5.5202e-01 [ 1.7099e-17 5.2935e-18 ] 4.4798e-01
 7.616e+01 5.5294e-01 [ 1.4786e-17 4.5890e-18 ] 4.4706e-01
 7.627e+01 5.5392e-01 [ 1.2784e-17 3.9777e-18 ] 4.4608e-01
 7.639e+01 5.5496e-01 [ 1.1053e-17 3.4473e-18 ] 4.4504e-01
 7.650e+01 5.5609e-01 [ 9.5559e-18 2.9872e-18 ] 4.4391e-01
 7.661e+01 5.5728e-01 [ 8.2612e-18 2.5882e-18 ] 4.4272e-01
 7.673e+01 5.5856e-01 [ 7.1417e-18 2.2422e-18 ] 4.4144e-01
 7.684e+01 5.5992e-01 [ 6.1739e-18 1.9423e-18 ] 4.4008e-01
 7.695e+01 5.6137e-01 [ 5.3374e-18 1.6823e-18 ] 4.3863e-01
 7.707e+01 5.6291e-01 [ 4.6143e-18 1.4570e-18 ] 4.3709e-01
 7.718e+01 5.6455e-01 [ 3.9895e-18 1.2618e-18 ] 4.3545e-01
 7.729e+01 5.6627e-01 [ 3.4496e-18 1.0927e-18 ] 4.3373e-01
 7.741e+01 5.6809e-01 [ 2.9830e-18 9.4629e-19 ] 4.3191e-01
 7.752e+01 5.6999e-01 [ 2.5800e-18 8.1947e-19 ] 4.3001e-01
 7.763e+01 5.7198e-01 [ 2.2317e-18 7.0966e-19 ] 4.2802e-01
 7.775e+01 5.7405e-01 [ 1.9308e-18 6.1460e-19 ] 4.2595e-01
 7.786e+01 5.7619e-01 [ 1.6709e-18 5.3233e-19 ] 4.2381e-01
 7.797e+01 5.7838e-01 [ 1.4463e-18 4.6114e-19 ] 4.2162e-01
 7.809e+01 5.8062e-01 [ 1.2523e-18 3.9954e-19 ] 4.1938e-01
 7.820e+01 5.8286e-01 [ 1.0846e-18 3.4625e-19 ] 4.1714e-01
 7.831e+01 5.8509e-01 [ 9.3976e-19 3.0017e-19 ] 4.1491e-01
 7.843e+01 5.8725e-01 [ 8.1454e-19 2.6031e-19 ] 4.1275e-01
 7.854e+01 5.8931e-01 [ 7.0626e-19 2.2585e-19 ] 4.1069e-01
 7.865e+01 5.9119e-01 [ 6.1262e-19 1.9605e-19 ] 4.0881e-01
 7.877e+01 5.9280e-01 [ 5.3159e-19 1.7029e-19 ] 4.0720e-01
 7.888e+01 5.9404e-01 [ 4.6143e-19 1.4802e-19 ] 4.0596e-01
 7.899e+01 5.9477e-01 [ 4.0063e-19 1.2877e-19 ] 4.0523e-01
 7.911e+01 5.9482e-01 [ 3.4787e-19 1.1211e-19 ] 4.0518e-01
 7.922e+01 5.9399e-01 [ 3.0202e-19 9.7701e-20 ] 4.0601e-01
 7.933e+01 5.9201e-01 [ 2.6210e-19 8.5215e-20 ] 4.0799e-01
 7.945e+01 5.8858e-01 [ 2.2725e-19 7.4382e-20 ] 4.1142e-01
 7.956e+01 5.8334e-01 [ 1.9673e-19 6.4964e-20 ] 4.1666e-01
 7.967e+01 5.7589e-01 [ 1.6991e-19 5.6752e-20 ] 4.2411e-01
 7.979e+01 5.6578e-01 [ 1.4624e-19 4.9563e-20 ] 4.3422e-01
 7.990e+01 5.5259e-01 [ 1.2526e-19 4.3242e-20 ] 4.4741e-01
 8.001e+01 5.3592e-01 [ 1.0661e-19 3.7652e-20 ] 4.6408e-01
 8.013e+01 5.1550e-01 [ 8.9976e-20 3.2683e-20 ] 4.8450e-01
 8.024e+01 4.9122e-01 [ 7.5140e-20 2.8242e-20 ] 5.0878e-01
 8.035e+01 4.6320e-01 [ 6.1938e-20 2.4257e-20 ] 5.3680e-01
 8.047e+01 4.3182e-01 [ 5.0258e-20 2.0672e-20 ] 5.6818e-01
 8.058e+01 3.9770e-01 [ 4.0021e-20 1.7442e-20 ] 6.0230e-01
 8.069e+01 3.6160e-01 [ 3.1164e-20 1.4535e-20 ] 6.3840e-01
 8.081e+01 3.2433e-01 [ 2.3623e-20 1.1921e-20 ] 6.7567e-01
 8.092e+01 2.8662e-01 [ 1.7327e-20 9.5740e-21 ] 7.1338e-01
 8.103e+01 2.4895e-01 [ 1.2190e-20 7.4705e-21 ] 7.5105e-01
 8.115e+01 2.1151e-01 [ 8.1124e-21 5.5924e-21 ] 7.8849e-01
 8.126e+01 1.7406e-01 [ 4.9876e-21 3.9311e-21 ] 8.2594e-01
 8.137e+01 1.3590e-01 [ 2.7065e-21 2.4931e-21 ] 8.6410e-01
 8.149e+01 9.5723e-02 [ 1.1671e-21 1.3078e-21 ] 9.0428e-01
 8.160e+01 4.7626e-02 [ 2.8506e-22 4.3770e-22 ] 9.5237e-01
 8.171e+01 0.0000e+00 [ 0.0000e+00 0.0000e+00 ] 1.0000e+00
