 0.000e+00 0.0000e+00 0.0000e+00 [ 0.0000e+00 0.0000e+00 0.0000e+00 0.0000e+00 0.0000e+00 ] 1.0000e+00
 1.133e-01 1.3350e-01 1.3350e-01 [ 1.3238e-01 5.4524e-04 2.6428e-04 2.9581e-04 9.4581e-06 ] 8.6651e-01
 2.267e-01 2.4869e-01 2.4869e-01 [ 2.4440e-01 2.1164e-03 1.0256e-03 1.1305e-03 1.8638e-05 ] 7.5131e-01
 3.400e-01 3.4393e-01 3.4393e-01 [ 3.3477e-01 4.5408e-03 2.2001e-03 2.3890e-03 2.7310e-05 ] 6.5607e-01
 4.533e-01 4.1953e-01 4.1953e-01 [ 4.0429e-01 7.5903e-03 3.6763e-03 3.9346e-03 3.5327e-05 ] 5.8047e-01
 5.667e-01 4.7722e-01 4.7722e-01 [ 4.5516e-01 1.1038e-02 5.3435e-03 5.6385e-03 4.2629e-05 ] 5.2278e-01
 6.800e-01 5.1980e-01 5.1980e-01 [ 4.9054e-01 1.4697e-02 7.1108e-03 7.3995e-03 4.9231e-05 ] 4.8020e-01
 7.933e-01 5.5044e-01 5.5044e-01 [ 5.1388e-01 1.8437e-02 8.9137e-03 9.1489e-03 5.5194e-05 ] 4.4957e-01
 9.067e-01 5.7208e-01 5.7208e-01 [ 5.2829e-01 2.2175e-02 1.0712e-02 1.0846e-02 6.0603e-05 ] 4.2792e-01
 1.020e+00 5.8720e-01 5.8720e-01 [ 5.3631e-01 2.5869e-02 1.2484e-02 1.2471e-02 6.5544e-05 ] 4.1280e-01
 1.133e+00 5.9770e-01 5.9770e-01 [ 5.3990e-01 2.9498e-02 1.4219e-02 1.4017e-02 7.0097e-05 ] 4.0230e-01
 1.247e+00 6.0496e-01 6.0496e-01 [ 5.4043e-01 3.3056e-02 1.5913e-02 1.5483e-02 7.4330e-05 ] 3.9504e-01
 1.360e+00 6.0997e-01 6.0997e-01 [ 5.3891e-01 3.6545e-02 1.7568e-02 1.6873e-02 7.8302e-05 ] 3.9003e-01
 1.473e+00 6.1342e-01 6.1342e-01 [ 5.3599e-01 3.9969e-02 1.9183e-02 1.8192e-02 8.2057e-05 ] 3.8658e-01
 1.587e+00 6.1577e-01 6.1577e-01 [ 5.3215e-01 4.3335e-02 2.0762e-02 1.9445e-02 8.5633e-05 ] 3.8423e-01
 1.700e+00 6.1736e-01 6.1736e-01 [ 5.2768e-01 4.6649e-02 2.2308e-02 2.0639e-02 8.9061e-05 ] 3.8264e-01
 1.813e+00 6.1840e-01 6.1840e-01 [ 5.2280e-01 4.9916e-02 2.3822e-02 2.1778e-02 9.2365e-05 ] 3.8160e-01
 1.927e+00 6.1905e-01 6.1905e-01 [ 5.1764e-01 5.3142e-02 2.5307e-02 2.2868e-02 9.5566e-05 ] 3.8095e-01
 2.040e+00 6.1942e-01 6.1942e-01 [ 5.1231e-01 5.6333e-02 2.6765e-02 2.3913e-02 9.8681e-05 ] 3.8058e-01
 2.153e+00 6.1957e-01 6.1957e-01 [ 5.0686e-01 5.9492e-02 2.8199e-02 2.4919e-02 1.0172e-04 ] 3.8043e-01
 2.267e+00 6.1957e-01 6.1957e-01 [ 5.0134e-01 6.2625e-02 2.9610e-02 2.5888e-02 1.0471e-04 ] 3.8043e-01
 2.380e+00 6.1945e-01 6.1945e-01 [ 4.9579e-01 6.5735e-02 3.0999e-02 2.6825e-02 1.0764e-04 ] 3.8055e-01
 2.493e+00 6.1925e-01 6.1925e-01 [ 4.9021e-01 6.8825e-02 3.2369e-02 2.7733e-02 1.1053e-04 ] 3.8075e-01
 2.607e+00 6.1897e-01 6.1897e-01 [ 4.8462e-01 7.1899e-02 3.3722e-02 2.8615e-02 1.1339e-04 ] 3.8103e-01
 2.720e+00 6.1864e-01 6.1864e-01 [ 4.7904e-01 7.4959e-02 3.5057e-02 2.9476e-02 1.1623e-04 ] 3.8136e-01
 2.833e+00 6.1827e-01 6.1827e-01 [ 4.7345e-01 7.8007e-02 3.6378e-02 3.0316e-02 1.1904e-04 ] 3.8173e-01
 2.947e+00 6.1787e-01 6.1787e-01 [ 4.6788e-01 8.1047e-02 3.7684e-02 3.1140e-02 1.2184e-04 ] 3.8213e-01
 3.060e+00 6.1745e-01 6.1745e-01 [ 4.6232e-01 8.4079e-02 3.8978e-02 3.1949e-02 1.2463e-04 ] 3.8255e-01
 3.173e+00 6.1700e-01 6.1700e-01 [ 4.5676e-01 8.7105e-02 4.0260e-02 3.2745e-02 1.2741e-04 ] 3.8300e-01
 3.287e+00 6.1654e-01 6.1654e-01 [ 4.5122e-01 9.0128e-02 4.1532e-02 3.3531e-02 1.3018e-04 ] 3.8346e-01
 3.400e+00 6.1606e-01 6.1606e-01 [ 4.4568e-01 9.3147e-02 4.2795e-02 3.4309e-02 1.3296e-04 ] 3.8394e-01
 3.513e+00 6.1557e-01 6.1557e-01 [ 4.4015e-01 9.6165e-02 4.4049e-02 3.5079e-02 1.3574e-04 ] 3.8443e-01
 3.627e+00 6.1508e-01 6.1508e-01 [ 4.3462e-01 9.9181e-02 4.5296e-02 3.5844e-02 1.3852e-04 ] 3.8492e-01
 3.740e+00 6.1457e-01 6.1457e-01 [ 4.2910e-01 1.0220e-01 4.6536e-02 3.6605e-02 1.4131e-04 ] 3.8543e-01
 3.853e+00 6.1406e-01 6.1406e-01 [ 4.2357e-01 1.0521e-01 4.7770e-02 3.7363e-02 1.4411e-04 ] 3.8594e-01
 3.967e+00 6.1355e-01 6.1355e-01 [ 4.1805e-01 1.0823e-01 4.8999e-02 3.8119e-02 1.4691e-04 ] 3.8645e-01
 4.080e+00 6.1303e-01 6.1303e-01 [ 4.1253e-01 1.1124e-01 5.0224e-02 3.8875e-02 1.4973e-04 ] 3.8697e-01
 4.193e+00 6.1250e-01 6.1250e-01 [ 4.0701e-01 1.1426e-01 5.1446e-02 3.9631e-02 1.5256e-04 ] 3.8750e-01
 4.307e+00 6.1197e-01 6.1197e-01 [ 4.0149e-01 1.1728e-01 5.2664e-02 4.0387e-02 1.5540e-04 ] 3.8803e-01
 4.420e+00 6.1144e-01 6.1144e-01 [ 3.9596e-01 1.2029e-01 5.3880e-02 4.1146e-02 1.5826e-04 ] 3.8856e-01
 4.533e+00 6.1090e-01 6.1090e-01 [ 3.9043e-01 1.2331e-01 5.5094e-02 4.1906e-02 1.6113e-04 ] 3.8910e-01
 4.647e+00 6.1036e-01 6.1036e-01 [ 3.8489e-01 1.2632e-01 5.6307e-02 4.2669e-02 1.6402e-04 ] 3.8964e-01
 4.760e+00 6.0981e-01 6.0981e-01 [ 3.7935e-01 1.2934e-01 5.7520e-02 4.3436e-02 1.6692e-04 ] 3.9019e-01
 4.873e+00 6.0926e-01 6.0926e-01 [ 3.7380e-01 1.3235e-01 5.8731e-02 4.4206e-02 1.6983e-04 ] 3.9074e-01
 4.987e+00 6.0871e-01 6.0871e-01 [ 3.6825e-01 1.3536e-01 5.9943e-02 4.4979e-02 1.7276e-04 ] 3.9129e-01
 5.100e+00 6.0815e-01 6.0815e-01 [ 3.6270e-01 1.3836e-01 6.1155e-02 4.5757e-02 1.7571e-04 ] 3.9185e-01
 5.213e+00 6.0759e-01 6.0759e-01 [ 3.5714e-01 1.4136e-01 6.2368e-02 4.6538e-02 1.7867e-04 ] 3.9241e-01
 5.327e+00 6.0702e-01 6.0702e-01 [ 3.5158e-01 1.4436e-01 6.3582e-02 4.7324e-02 1.8165e-04 ] 3.9298e-01
 5.440e+00 6.0645e-01 6.0645e-01 [ 3.4601e-01 1.4734e-01 6.4797e-02 4.8115e-02 1.8464e-04 ] 3.9355e-01
 5.553e+00 6.0587e-01 6.0587e-01 [ 3.4044e-01 1.5032e-01 6.6014e-02 4.8909e-02 1.8765e-04 ] 3.9413e-01
 5.667e+00 6.0529e-01 6.0529e-01 [ 3.3487e-01 1.5329e-01 6.7232e-02 4.9709e-02 1.9067e-04 ] 3.9471e-01
 5.780e+00 6.0471e-01 6.0471e-01 [ 3.2929e-01 1.5626e-01 6.8452e-02 5.0512e-02 1.9371e-04 ] 3.9529e-01
 5.893e+00 6.0412e-01 6.0412e-01 [ 3.2372e-01 1.5921e-01 6.9674e-02 5.1320e-02 1.9676e-04 ] 3.9588e-01
 6.007e+00 6.0352e-01 6.0352e-01 [ 3.1814e-01 1.6215e-01 7.0898e-02 5.2133e-02 1.9983e-04 ] 3.9648e-01
 6.120e+00 6.0292e-01 6.0292e-01 [ 3.1257e-01 1.6507e-01 7.2124e-02 5.2950e-02 2.0291e-04 ] 3.9708e-01
 6.233e+00 6.0231e-01 6.0231e-01 [ 3.0700e-01 1.6798e-01 7.3353e-02 5.3770e-02 2.0600e-04 ] 3.9769e-01
 6.347e+00 6.0170e-01 6.0170e-01 [ 3.0143e-01 1.7088e-01 7.4583e-02 5.4595e-02 2.0911e-04 ] 3.9830e-01
 6.460e+00 6.0108e-01 6.0108e-01 [ 2.9587e-01 1.7376e-01 7.5816e-02 5.5424e-02 2.1222e-04 ] 3.9892e-01
 6.573e+00 6.0045e-01 6.0045e-01 [ 2.9031e-01 1.7662e-01 7.7051e-02 5.6257e-02 2.1536e-04 ] 3.9955e-01
 6.687e+00 5.9982e-01 5.9982e-01 [ 2.8477e-01 1.7946e-01 7.8287e-02 5.7093e-02 2.1850e-04 ] 4.0018e-01
 6.800e+00 5.9918e-01 5.9918e-01 [ 2.7923e-01 1.8227e-01 7.9526e-02 5.7933e-02 2.2165e-04 ] 4.0082e-01
 6.913e+00 5.9854e-01 5.9854e-01 [ 2.7370e-01 1.8507e-01 8.0767e-02 5.8776e-02 2.2482e-04 ] 4.0146e-01
 7.027e+00 5.9788e-01 5.9788e-01 [ 2.6818e-01 1.8784e-01 8.2010e-02 5.9622e-02 2.2800e-04 ] 4.0212e-01
 7.140e+00 5.9722e-01 5.9722e-01 [ 2.6268e-01 1.9059e-01 8.3255e-02 6.0471e-02 2.3118e-04 ] 4.0277e-01
 7.253e+00 5.9656e-01 5.9656e-01 [ 2.5719e-01 1.9331e-01 8.4501e-02 6.1324e-02 2.3438e-04 ] 4.0344e-01
 7.367e+00 5.9588e-01 5.9588e-01 [ 2.5172e-01 1.9600e-01 8.5749e-02 6.2179e-02 2.3759e-04 ] 4.0412e-01
 7.480e+00 5.9520e-01 5.9520e-01 [ 2.4627e-01 1.9866e-01 8.6999e-02 6.3036e-02 2.4080e-04 ] 4.0480e-01
 7.593e+00 5.9451e-01 5.9451e-01 [ 2.4083e-01 2.0129e-01 8.8250e-02 6.3896e-02 2.4403e-04 ] 4.0549e-01
 7.707e+00 5.9381e-01 5.9381e-01 [ 2.3542e-01 2.0389e-01 8.9502e-02 6.4759e-02 2.4726e-04 ] 4.0619e-01
 7.820e+00 5.9311e-01 5.9311e-01 [ 2.3003e-01 2.0645e-01 9.0755e-02 6.5624e-02 2.5050e-04 ] 4.0689e-01
 7.933e+00 5.9239e-01 5.9239e-01 [ 2.2467e-01 2.0897e-01 9.2009e-02 6.6490e-02 2.5375e-04 ] 4.0761e-01
 8.047e+00 5.9167e-01 5.9167e-01 [ 2.1933e-01 2.1146e-01 9.3263e-02 6.7359e-02 2.5701e-04 ] 4.0833e-01
 8.160e+00 5.9094e-01 5.9094e-01 [ 2.1402e-01 2.1391e-01 9.4519e-02 6.8229e-02 2.6027e-04 ] 4.0906e-01
 8.273e+00 5.9020e-01 5.9020e-01 [ 2.0875e-01 2.1631e-01 9.5774e-02 6.9101e-02 2.6354e-04 ] 4.0980e-01
 8.387e+00 5.8945e-01 5.8945e-01 [ 2.0350e-01 2.1868e-01 9.7030e-02 6.9975e-02 2.6681e-04 ] 4.1055e-01
 8.500e+00 5.8869e-01 5.8869e-01 [ 1.9829e-01 2.2099e-01 9.8286e-02 7.0850e-02 2.7009e-04 ] 4.1131e-01
 8.613e+00 5.8792e-01 5.8792e-01 [ 1.9312e-01 2.2326e-01 9.9542e-02 7.1726e-02 2.7338e-04 ] 4.1207e-01
 8.727e+00 5.8715e-01 5.8715e-01 [ 1.8798e-01 2.2549e-01 1.0080e-01 7.2604e-02 2.7667e-04 ] 4.1285e-01
 8.840e+00 5.8636e-01 5.8636e-01 [ 1.8289e-01 2.2766e-01 1.0205e-01 7.3482e-02 2.7996e-04 ] 4.1364e-01
 8.953e+00 5.8557e-01 5.8557e-01 [ 1.7783e-01 2.2978e-01 1.0331e-01 7.4362e-02 2.8326e-04 ] 4.1443e-01
 9.067e+00 5.8476e-01 5.8476e-01 [ 1.7282e-01 2.3185e-01 1.0456e-01 7.5243e-02 2.8657e-04 ] 4.1524e-01
 9.180e+00 5.8395e-01 5.8395e-01 [ 1.6786e-01 2.3386e-01 1.0581e-01 7.6124e-02 2.8987e-04 ] 4.1605e-01
 9.293e+00 5.8312e-01 5.8312e-01 [ 1.6295e-01 2.3581e-01 1.0706e-01 7.7006e-02 2.9318e-04 ] 4.1688e-01
 9.407e+00 5.8229e-01 5.8229e-01 [ 1.5808e-01 2.3771e-01 1.0831e-01 7.7889e-02 2.9650e-04 ] 4.1771e-01
 9.520e+00 5.8144e-01 5.8144e-01 [ 1.5327e-01 2.3954e-01 1.0956e-01 7.8772e-02 2.9982e-04 ] 4.1856e-01
 9.633e+00 5.8059e-01 5.8059e-01 [ 1.4851e-01 2.4131e-01 1.1081e-01 7.9656e-02 3.0313e-04 ] 4.1941e-01
 9.747e+00 5.7972e-01 5.7972e-01 [ 1.4381e-01 2.4301e-01 1.1205e-01 8.0540e-02 3.0646e-04 ] 4.2028e-01
 9.860e+00 5.7885e-01 5.7885e-01 [ 1.3917e-01 2.4465e-01 1.1330e-01 8.1424e-02 3.0978e-04 ] 4.2115e-01
 9.973e+00 5.7796e-01 5.7796e-01 [ 1.3458e-01 2.4622e-01 1.1454e-01 8.2309e-02 3.1310e-04 ] 4.2204e-01
 1.009e+01 5.7706e-01 5.7706e-01 [ 1.3006e-01 2.4772e-01 1.1577e-01 8.3193e-02 3.1643e-04 ] 4.2294e-01
 1.020e+01 5.7616e-01 5.7616e-01 [ 1.2561e-01 2.4914e-01 1.1701e-01 8.4078e-02 3.1976e-04 ] 4.2384e-01
 1.031e+01 5.7524e-01 5.7524e-01 [ 1.2122e-01 2.5049e-01 1.1824e-01 8.4962e-02 3.2309e-04 ] 4.2476e-01
 1.043e+01 5.7431e-01 5.7431e-01 [ 1.1689e-01 2.5177e-01 1.1947e-01 8.5847e-02 3.2641e-04 ] 4.2569e-01
 1.054e+01 5.7337e-01 5.7337e-01 [ 1.1264e-01 2.5297e-01 1.2070e-01 8.6731e-02 3.2974e-04 ] 4.2663e-01
 1.065e+01 5.7242e-01 5.7242e-01 [ 1.0846e-01 2.5408e-01 1.2192e-01 8.7615e-02 3.3307e-04 ] 4.2758e-01
 1.077e+01 5.7145e-01 5.7145e-01 [ 1.0436e-01 2.5512e-01 1.2314e-01 8.8499e-02 3.3640e-04 ] 4.2855e-01
 1.088e+01 5.7048e-01 5.7048e-01 [ 1.0033e-01 2.5607e-01 1.2436e-01 8.9382e-02 3.3973e-04 ] 4.2952e-01
 1.099e+01 5.6949e-01 5.6949e-01 [ 9.6373e-02 2.5694e-01 1.2557e-01 9.0265e-02 3.4305e-04 ] 4.3051e-01
 1.111e+01 5.6850e-01 5.6850e-01 [ 9.2499e-02 2.5773e-01 1.2678e-01 9.1147e-02 3.4638e-04 ] 4.3150e-01
 1.122e+01 5.6749e-01 5.6749e-01 [ 8.8705e-02 2.5842e-01 1.2798e-01 9.2029e-02 3.4970e-04 ] 4.3251e-01
 1.133e+01 5.6647e-01 5.6647e-01 [ 8.4994e-02 2.5903e-01 1.2918e-01 9.2910e-02 3.5302e-04 ] 4.3353e-01
 1.145e+01 5.6544e-01 5.6544e-01 [ 8.1365e-02 2.5955e-01 1.3038e-01 9.3790e-02 3.5634e-04 ] 4.3456e-01
 1.156e+01 5.6439e-01 5.6439e-01 [ 7.7822e-02 2.5998e-01 1.3157e-01 9.4669e-02 3.5966e-04 ] 4.3561e-01
 1.167e+01 5.6334e-01 5.6334e-01 [ 7.4364e-02 2.6031e-01 1.3275e-01 9.5547e-02 3.6297e-04 ] 4.3666e-01
 1.179e+01 5.6227e-01 5.6227e-01 [ 7.0993e-02 2.6056e-01 1.3393e-01 9.6424e-02 3.6629e-04 ] 4.3773e-01
 1.190e+01 5.6119e-01 5.6119e-01 [ 6.7710e-02 2.6071e-01 1.3510e-01 9.7300e-02 3.6960e-04 ] 4.3881e-01
 1.201e+01 5.6010e-01 5.6010e-01 [ 6.4516e-02 2.6076e-01 1.3627e-01 9.8175e-02 3.7290e-04 ] 4.3990e-01
 1.213e+01 5.5900e-01 5.5900e-01 [ 6.1411e-02 2.6073e-01 1.3744e-01 9.9049e-02 3.7620e-04 ] 4.4100e-01
 1.224e+01 5.5788e-01 5.5788e-01 [ 5.8396e-02 2.6059e-01 1.3859e-01 9.9921e-02 3.7950e-04 ] 4.4212e-01
 1.235e+01 5.5675e-01 5.5675e-01 [ 5.5472e-02 2.6036e-01 1.3974e-01 1.0079e-01 3.8279e-04 ] 4.4325e-01
 1.247e+01 5.5561e-01 5.5561e-01 [ 5.2640e-02 2.6004e-01 1.4089e-01 1.0166e-01 3.8608e-04 ] 4.4439e-01
 1.258e+01 5.5446e-01 5.5446e-01 [ 4.9898e-02 2.5962e-01 1.4202e-01 1.0253e-01 3.8936e-04 ] 4.4554e-01
 1.269e+01 5.5329e-01 5.5329e-01 [ 4.7247e-02 2.5910e-01 1.4315e-01 1.0340e-01 3.9264e-04 ] 4.4671e-01
 1.281e+01 5.5211e-01 5.5211e-01 [ 4.4688e-02 2.5849e-01 1.4428e-01 1.0426e-01 3.9591e-04 ] 4.4789e-01
 1.292e+01 5.5092e-01 5.5092e-01 [ 4.2220e-02 2.5779e-01 1.4539e-01 1.0512e-01 3.9918e-04 ] 4.4908e-01
 1.303e+01 5.4972e-01 5.4972e-01 [ 3.9842e-02 2.5699e-01 1.4650e-01 1.0598e-01 4.0244e-04 ] 4.5028e-01
 1.315e+01 5.4850e-01 5.4850e-01 [ 3.7554e-02 2.5610e-01 1.4760e-01 1.0684e-01 4.0570e-04 ] 4.5150e-01
 1.326e+01 5.4727e-01 5.4727e-01 [ 3.5356e-02 2.5512e-01 1.4869e-01 1.0770e-01 4.0894e-04 ] 4.5273e-01
 1.337e+01 5.4603e-01 5.4603e-01 [ 3.3247e-02 2.5404e-01 1.4977e-01 1.0855e-01 4.1218e-04 ] 4.5397e-01
 1.349e+01 5.4477e-01 5.4477e-01 [ 3.1225e-02 2.5288e-01 1.5085e-01 1.0941e-01 4.1542e-04 ] 4.5523e-01
 1.360e+01 5.4350e-01 5.4350e-01 [ 2.9289e-02 2.5162e-01 1.5191e-01 1.1026e-01 4.1864e-04 ] 4.5650e-01
 1.371e+01 5.4221e-01 5.4221e-01 [ 2.7439e-02 2.5028e-01 1.5297e-01 1.1110e-01 4.2186e-04 ] 4.5779e-01
 1.383e+01 5.4092e-01 5.4092e-01 [ 2.5673e-02 2.4886e-01 1.5402e-01 1.1195e-01 4.2507e-04 ] 4.5908e-01
 1.394e+01 5.3961e-01 5.3961e-01 [ 2.3990e-02 2.4735e-01 1.5505e-01 1.1279e-01 4.2827e-04 ] 4.6039e-01
 1.405e+01 5.3828e-01 5.3828e-01 [ 2.2387e-02 2.4576e-01 1.5608e-01 1.1363e-01 4.3146e-04 ] 4.6172e-01
 1.417e+01 5.3694e-01 5.3694e-01 [ 2.0864e-02 2.4408e-01 1.5710e-01 1.1447e-01 4.3464e-04 ] 4.6306e-01
 1.428e+01 5.3559e-01 5.3559e-01 [ 1.9417e-02 2.4234e-01 1.5810e-01 1.1530e-01 4.3781e-04 ] 4.6441e-01
 1.439e+01 5.3423e-01 5.3423e-01 [ 1.8047e-02 2.4051e-01 1.5910e-01 1.1613e-01 4.4098e-04 ] 4.6577e-01
 1.451e+01 5.3285e-01 5.3285e-01 [ 1.6750e-02 2.3861e-01 1.6008e-01 1.1696e-01 4.4413e-04 ] 4.6715e-01
 1.462e+01 5.3145e-01 5.3145e-01 [ 1.5524e-02 2.3665e-01 1.6105e-01 1.1778e-01 4.4727e-04 ] 4.6855e-01
 1.473e+01 5.3005e-01 5.3005e-01 [ 1.4368e-02 2.3461e-01 1.6201e-01 1.1860e-01 4.5040e-04 ] 4.6995e-01
 1.485e+01 5.2862e-01 5.2862e-01 [ 1.3278e-02 2.3251e-01 1.6296e-01 1.1942e-01 4.5352e-04 ] 4.7138e-01
 1.496e+01 5.2719e-01 5.2719e-01 [ 1.2253e-02 2.3034e-01 1.6390e-01 1.2024e-01 4.5662e-04 ] 4.7281e-01
 1.507e+01 5.2574e-01 5.2574e-01 [ 1.1291e-02 2.2811e-01 1.6482e-01 1.2105e-01 4.5972e-04 ] 4.7426e-01
 1.519e+01 5.2427e-01 5.2427e-01 [ 1.0389e-02 2.2583e-01 1.6573e-01 1.2185e-01 4.6280e-04 ] 4.7573e-01
 1.530e+01 5.2279e-01 5.2279e-01 [ 9.5442e-03 2.2349e-01 1.6663e-01 1.2266e-01 4.6587e-04 ] 4.7721e-01
 1.541e+01 5.2130e-01 5.2130e-01 [ 8.7549e-03 2.2110e-01 1.6751e-01 1.2346e-01 4.6892e-04 ] 4.7870e-01
 1.553e+01 5.1979e-01 5.1979e-01 [ 8.0186e-03 2.1866e-01 1.6838e-01 1.2425e-01 4.7196e-04 ] 4.8021e-01
 1.564e+01 5.1826e-01 5.1826e-01 [ 7.3327e-03 2.1617e-01 1.6924e-01 1.2504e-01 4.7499e-04 ] 4.8174e-01
 1.575e+01 5.1672e-01 5.1672e-01 [ 6.6950e-03 2.1364e-01 1.7008e-01 1.2583e-01 4.7800e-04 ] 4.8328e-01
 1.587e+01 5.1517e-01 5.1517e-01 [ 6.1030e-03 2.1107e-01 1.7091e-01 1.2661e-01 4.8100e-04 ] 4.8483e-01
 1.598e+01 5.1360e-01 5.1360e-01 [ 5.5545e-03 2.0846e-01 1.7172e-01 1.2739e-01 4.8398e-04 ] 4.8640e-01
 1.609e+01 5.1202e-01 5.1202e-01 [ 5.0470e-03 2.0581e-01 1.7251e-01 1.2816e-01 4.8695e-04 ] 4.8798e-01
 1.621e+01 5.1042e-01 5.1042e-01 [ 4.5785e-03 2.0313e-01 1.7329e-01 1.2893e-01 4.8990e-04 ] 4.8958e-01
 1.632e+01 5.0880e-01 5.0880e-01 [ 4.1466e-03 2.0042e-01 1.7405e-01 1.2969e-01 4.9283e-04 ] 4.9120e-01
 1.643e+01 5.0717e-01 5.0717e-01 [ 3.7492e-03 1.9768e-01 1.7480e-01 1.3045e-01 4.9574e-04 ] 4.9283e-01
 1.655e+01 5.0553e-01 5.0553e-01 [ 3.3842e-03 1.9491e-01 1.7553e-01 1.3120e-01 4.9864e-04 ] 4.9447e-01
 1.666e+01 5.0386e-01 5.0386e-01 [ 3.0496e-03 1.9213e-01 1.7624e-01 1.3195e-01 5.0152e-04 ] 4.9614e-01
 1.677e+01 5.0219e-01 5.0219e-01 [ 2.7434e-03 1.8932e-01 1.7693e-01 1.3269e-01 5.0438e-04 ] 4.9781e-01
 1.689e+01 5.0050e-01 5.0050e-01 [ 2.4636e-03 1.8649e-01 1.7760e-01 1.3343e-01 5.0723e-04 ] 4.9950e-01
 1.700e+01 4.9879e-01 4.9879e-01 [ 2.2086e-03 1.8365e-01 1.7826e-01 1.3416e-01 5.1005e-04 ] 5.0121e-01
 1.711e+01 4.9706e-01 4.9706e-01 [ 1.9765e-03 1.8079e-01 1.7890e-01 1.3488e-01 5.1285e-04 ] 5.0294e-01
 1.723e+01 4.9532e-01 4.9532e-01 [ 1.7657e-03 1.7792e-01 1.7952e-01 1.3560e-01 5.1563e-04 ] 5.0468e-01
 1.734e+01 4.9357e-01 4.9357e-01 [ 1.5746e-03 1.7505e-01 1.8011e-01 1.3631e-01 5.1839e-04 ] 5.0643e-01
 1.745e+01 4.9180e-01 4.9180e-01 [ 1.4017e-03 1.7216e-01 1.8069e-01 1.3702e-01 5.2113e-04 ] 5.0820e-01
 1.757e+01 4.9001e-01 4.9001e-01 [ 1.2455e-03 1.6927e-01 1.8125e-01 1.3772e-01 5.2385e-04 ] 5.0999e-01
 1.768e+01 4.8820e-01 4.8820e-01 [ 1.1048e-03 1.6637e-01 1.8179e-01 1.3841e-01 5.2655e-04 ] 5.1180e-01
 1.779e+01 4.8638e-01 4.8638e-01 [ 9.7810e-04 1.6348e-01 1.8230e-01 1.3910e-01 5.2922e-04 ] 5.1362e-01
 1.791e+01 4.8455e-01 4.8455e-01 [ 8.6439e-04 1.6058e-01 1.8280e-01 1.3978e-01 5.3187e-04 ] 5.1545e-01
 1.802e+01 4.8269e-01 4.8269e-01 [ 7.6249e-04 1.5768e-01 1.8327e-01 1.4045e-01 5.3449e-04 ] 5.1731e-01
 1.813e+01 4.8082e-01 4.8082e-01 [ 6.7135e-04 1.5479e-01 1.8372e-01 1.4111e-01 5.3709e-04 ] 5.1918e-01
 1.825e+01 4.7894e-01 4.7894e-01 [ 5.9000e-04 1.5190e-01 1.8414e-01 1.4177e-01 5.3967e-04 ] 5.2106e-01
 1.836e+01 4.7703e-01 4.7703e-01 [ 5.1754e-04 1.4901e-01 1.8454e-01 1.4242e-01 5.4221e-04 ] 5.2297e-01
 1.847e+01 4.7511e-01 4.7511e-01 [ 4.5312e-04 1.4613e-01 1.8492e-01 1.4306e-01 5.4474e-04 ] 5.2489e-01
 1.859e+01 4.7318e-01 4.7318e-01 [ 3.9597e-04 1.4326e-01 1.8528e-01 1.4370e-01 5.4723e-04 ] 5.2682e-01
 1.870e+01 4.7123e-01 4.7123e-01 [ 3.4536e-04 1.4040e-01 1.8561e-01 1.4432e-01 5.4970e-04 ] 5.2877e-01
 1.881e+01 4.6926e-01 4.6926e-01 [ 3.0064e-04 1.3755e-01 1.8591e-01 1.4494e-01 5.5214e-04 ] 5.3074e-01
 1.893e+01 4.6727e-01 4.6727e-01 [ 2.6121e-04 1.3472e-01 1.8619e-01 1.4555e-01 5.5455e-04 ] 5.3273e-01
 1.904e+01 4.6527e-01 4.6527e-01 [ 2.2651e-04 1.3189e-01 1.8644e-01 1.4615e-01 5.5693e-04 ] 5.3473e-01
 1.915e+01 4.6325e-01 4.6325e-01 [ 1.9604e-04 1.2908e-01 1.8667e-01 1.4674e-01 5.5928e-04 ] 5.3675e-01
 1.927e+01 4.6121e-01 4.6121e-01 [ 1.6933e-04 1.2629e-01 1.8687e-01 1.4732e-01 5.6161e-04 ] 5.3879e-01
 1.938e+01 4.5916e-01 4.5916e-01 [ 1.4598e-04 1.2351e-01 1.8704e-01 1.4790e-01 5.6390e-04 ] 5.4084e-01
 1.949e+01 4.5709e-01 4.5709e-01 [ 1.2559e-04 1.2075e-01 1.8719e-01 1.4846e-01 5.6616e-04 ] 5.4291e-01
 1.961e+01 4.5500e-01 4.5500e-01 [ 1.0784e-04 1.1800e-01 1.8730e-01 1.4902e-01 5.6838e-04 ] 5.4500e-01
 1.972e+01 4.5289e-01 4.5289e-01 [ 9.2415e-05 1.1528e-01 1.8739e-01 1.4956e-01 5.7058e-04 ] 5.4711e-01
 1.983e+01 4.5077e-01 4.5077e-01 [ 7.9036e-05 1.1257e-01 1.8745e-01 1.5010e-01 5.7274e-04 ] 5.4923e-01
 1.995e+01 4.4863e-01 4.4863e-01 [ 6.7457e-05 1.0989e-01 1.8748e-01 1.5062e-01 5.7486e-04 ] 5.5137e-01
 2.006e+01 4.4647e-01 4.4647e-01 [ 5.7459e-05 1.0723e-01 1.8748e-01 1.5114e-01 5.7695e-04 ] 5.5353e-01
 2.017e+01 4.4430e-01 4.4430e-01 [ 4.8843e-05 1.0459e-01 1.8744e-01 1.5164e-01 5.7901e-04 ] 5.5570e-01
 2.029e+01 4.4211e-01 4.4211e-01 [ 4.1434e-05 1.0197e-01 1.8738e-01 1.5213e-01 5.8103e-04 ] 5.5789e-01
 2.040e+01 4.3990e-01 4.3990e-01 [ 3.5077e-05 9.9376e-02 1.8729e-01 1.5262e-01 5.8301e-04 ] 5.6010e-01
 2.051e+01 4.3768e-01 4.3768e-01 [ 2.9634e-05 9.6808e-02 1.8716e-01 1.5309e-01 5.8496e-04 ] 5.6232e-01
 2.063e+01 4.3543e-01 4.3543e-01 [ 2.4985e-05 9.4265e-02 1.8700e-01 1.5355e-01 5.8687e-04 ] 5.6457e-01
 2.074e+01 4.3317e-01 4.3317e-01 [ 2.1021e-05 9.1749e-02 1.8681e-01 1.5400e-01 5.8874e-04 ] 5.6683e-01
 2.085e+01 4.3090e-01 4.3090e-01 [ 1.7649e-05 8.9259e-02 1.8659e-01 1.5444e-01 5.9057e-04 ] 5.6910e-01
 2.097e+01 4.2860e-01 4.2860e-01 [ 1.4787e-05 8.6797e-02 1.8633e-01 1.5487e-01 5.9236e-04 ] 5.7140e-01
 2.108e+01 4.2629e-01 4.2629e-01 [ 1.2363e-05 8.4364e-02 1.8604e-01 1.5528e-01 5.9411e-04 ] 5.7371e-01
 2.119e+01 4.2396e-01 4.2396e-01 [ 1.0315e-05 8.1959e-02 1.8571e-01 1.5568e-01 5.9582e-04 ] 5.7604e-01
 2.131e+01 4.2162e-01 4.2162e-01 [ 8.5881e-06 7.9585e-02 1.8535e-01 1.5607e-01 5.9748e-04 ] 5.7838e-01
 2.142e+01 4.1925e-01 4.1925e-01 [ 7.1351e-06 7.7241e-02 1.8496e-01 1.5645e-01 5.9911e-04 ] 5.8075e-01
 2.153e+01 4.1687e-01 4.1687e-01 [ 5.9154e-06 7.4928e-02 1.8452e-01 1.5681e-01 6.0069e-04 ] 5.8313e-01
 2.165e+01 4.1448e-01 4.1448e-01 [ 4.8937e-06 7.2646e-02 1.8406e-01 1.5717e-01 6.0222e-04 ] 5.8552e-01
 2.176e+01 4.1206e-01 4.1206e-01 [ 4.0398e-06 7.0397e-02 1.8355e-01 1.5751e-01 6.0372e-04 ] 5.8794e-01
 2.187e+01 4.0963e-01 4.0963e-01 [ 3.3277e-06 6.8181e-02 1.8301e-01 1.5783e-01 6.0516e-04 ] 5.9037e-01
 2.199e+01 4.0718e-01 4.0718e-01 [ 2.7353e-06 6.5999e-02 1.8243e-01 1.5814e-01 6.0656e-04 ] 5.9282e-01
 2.210e+01 4.0472e-01 4.0472e-01 [ 2.2435e-06 6.3851e-02 1.8181e-01 1.5844e-01 6.0792e-04 ] 5.9528e-01
 2.221e+01 4.0224e-01 4.0224e-01 [ 1.8361e-06 6.1738e-02 1.8116e-01 1.5873e-01 6.0923e-04 ] 5.9776e-01
 2.233e+01 3.9974e-01 3.9974e-01 [ 1.4994e-06 5.9660e-02 1.8047e-01 1.5900e-01 6.1049e-04 ] 6.0026e-01
 2.244e+01 3.9722e-01 3.9722e-01 [ 1.2218e-06 5.7617e-02 1.7974e-01 1.5925e-01 6.1170e-04 ] 6.0278e-01
 2.255e+01 3.9469e-01 3.9469e-01 [ 9.9345e-07 5.5612e-02 1.7897e-01 1.5950e-01 6.1286e-04 ] 6.0531e-01
 2.267e+01 3.9214e-01 3.9214e-01 [ 8.0599e-07 5.3643e-02 1.7816e-01 1.5972e-01 6.1397e-04 ] 6.0786e-01
 2.278e+01 3.8958e-01 3.8958e-01 [ 6.5247e-07 5.1711e-02 1.7731e-01 1.5994e-01 6.1503e-04 ] 6.1042e-01
 2.289e+01 3.8699e-01 3.8699e-01 [ 5.2702e-07 4.9817e-02 1.7643e-01 1.6014e-01 6.1605e-04 ] 6.1301e-01
 2.301e+01 3.8440e-01 3.8440e-01 [ 4.2475e-07 4.7961e-02 1.7550e-01 1.6032e-01 6.1700e-04 ] 6.1560e-01
 2.312e+01 3.8178e-01 3.8178e-01 [ 3.4157e-07 4.6144e-02 1.7454e-01 1.6049e-01 6.1791e-04 ] 6.1822e-01
 2.323e+01 3.7915e-01 3.7915e-01 [ 2.7407e-07 4.4366e-02 1.7353e-01 1.6064e-01 6.1877e-04 ] 6.2085e-01
 2.335e+01 3.7651e-01 3.7651e-01 [ 2.1942e-07 4.2627e-02 1.7249e-01 1.6078e-01 6.1957e-04 ] 6.2349e-01
 2.346e+01 3.7385e-01 3.7385e-01 [ 1.7527e-07 4.0927e-02 1.7140e-01 1.6090e-01 6.2031e-04 ] 6.2615e-01
 2.357e+01 3.7117e-01 3.7117e-01 [ 1.3969e-07 3.9267e-02 1.7028e-01 1.6100e-01 6.2100e-04 ] 6.2883e-01
 2.369e+01 3.6847e-01 3.6847e-01 [ 1.1109e-07 3.7648e-02 1.6912e-01 1.6109e-01 6.2164e-04 ] 6.3153e-01
 2.380e+01 3.6577e-01 3.6577e-01 [ 8.8142e-08 3.6068e-02 1.6791e-01 1.6116e-01 6.2222e-04 ] 6.3423e-01
 2.391e+01 3.6304e-01 3.6304e-01 [ 6.9777e-08 3.4529e-02 1.6667e-01 1.6122e-01 6.2275e-04 ] 6.3696e-01
 2.403e+01 3.6030e-01 3.6030e-01 [ 5.5114e-08 3.3030e-02 1.6539e-01 1.6126e-01 6.2321e-04 ] 6.3970e-01
 2.414e+01 3.5755e-01 3.5755e-01 [ 4.3433e-08 3.1572e-02 1.6407e-01 1.6128e-01 6.2362e-04 ] 6.4245e-01
 2.425e+01 3.5478e-01 3.5478e-01 [ 3.4150e-08 3.0154e-02 1.6271e-01 1.6129e-01 6.2397e-04 ] 6.4522e-01
 2.437e+01 3.5200e-01 3.5200e-01 [ 2.6790e-08 2.8777e-02 1.6132e-01 1.6128e-01 6.2427e-04 ] 6.4800e-01
 2.448e+01 3.4920e-01 3.4920e-01 [ 2.0968e-08 2.7440e-02 1.5988e-01 1.6125e-01 6.2450e-04 ] 6.5080e-01
 2.459e+01 3.4638e-01 3.4638e-01 [ 1.6374e-08 2.6144e-02 1.5841e-01 1.6120e-01 6.2467e-04 ] 6.5362e-01
 2.471e+01 3.4356e-01 3.4356e-01 [ 1.2757e-08 2.4888e-02 1.5691e-01 1.6114e-01 6.2479e-04 ] 6.5644e-01
 2.482e+01 3.4072e-01 3.4072e-01 [ 9.9159e-09 2.3672e-02 1.5536e-01 1.6106e-01 6.2484e-04 ] 6.5928e-01
 2.493e+01 3.3786e-01 3.3786e-01 [ 7.6899e-09 2.2496e-02 1.5378e-01 1.6096e-01 6.2483e-04 ] 6.6214e-01
 2.505e+01 3.3499e-01 3.3499e-01 [ 5.9498e-09 2.1359e-02 1.5217e-01 1.6084e-01 6.2476e-04 ] 6.6501e-01
 2.516e+01 3.3211e-01 3.3211e-01 [ 4.5928e-09 2.0262e-02 1.5052e-01 1.6071e-01 6.2462e-04 ] 6.6789e-01
 2.527e+01 3.2921e-01 3.2921e-01 [ 3.5370e-09 1.9203e-02 1.4883e-01 1.6055e-01 6.2443e-04 ] 6.7079e-01
 2.539e+01 3.2630e-01 3.2630e-01 [ 2.7176e-09 1.8183e-02 1.4712e-01 1.6038e-01 6.2417e-04 ] 6.7370e-01
 2.550e+01 3.2338e-01 3.2338e-01 [ 2.0832e-09 1.7201e-02 1.4537e-01 1.6019e-01 6.2384e-04 ] 6.7662e-01
 2.561e+01 3.2045e-01 3.2045e-01 [ 1.5931e-09 1.6256e-02 1.4359e-01 1.5998e-01 6.2345e-04 ] 6.7955e-01
 2.573e+01 3.1750e-01 3.1750e-01 [ 1.2154e-09 1.5348e-02 1.4178e-01 1.5975e-01 6.2300e-04 ] 6.8250e-01
 2.584e+01 3.1454e-01 3.1454e-01 [ 9.2514e-10 1.4477e-02 1.3994e-01 1.5950e-01 6.2248e-04 ] 6.8546e-01
 2.595e+01 3.1157e-01 3.1157e-01 [ 7.0252e-10 1.3642e-02 1.3807e-01 1.5924e-01 6.2189e-04 ] 6.8843e-01
 2.607e+01 3.0858e-01 3.0858e-01 [ 5.3220e-10 1.2842e-02 1.3617e-01 1.5895e-01 6.2124e-04 ] 6.9142e-01
 2.618e+01 3.0559e-01 3.0559e-01 [ 4.0223e-10 1.2076e-02 1.3425e-01 1.5864e-01 6.2052e-04 ] 6.9441e-01
 2.629e+01 3.0258e-01 3.0258e-01 [ 3.0327e-10 1.1344e-02 1.3230e-01 1.5832e-01 6.1973e-04 ] 6.9742e-01
 2.641e+01 2.9956e-01 2.9956e-01 [ 2.2811e-10 1.0646e-02 1.3033e-01 1.5797e-01 6.1887e-04 ] 7.0044e-01
 2.652e+01 2.9653e-01 2.9653e-01 [ 1.7118e-10 9.9795e-03 1.2833e-01 1.5760e-01 6.1795e-04 ] 7.0347e-01
 2.663e+01 2.9349e-01 2.9349e-01 [ 1.2814e-10 9.3448e-03 1.2632e-01 1.5721e-01 6.1695e-04 ] 7.0651e-01
 2.675e+01 2.9044e-01 2.9044e-01 [ 9.5696e-11 8.7409e-03 1.2428e-01 1.5680e-01 6.1588e-04 ] 7.0956e-01
 2.686e+01 2.8738e-01 2.8738e-01 [ 7.1295e-11 8.1669e-03 1.2222e-01 1.5637e-01 6.1474e-04 ] 7.1262e-01
 2.697e+01 2.8430e-01 2.8430e-01 [ 5.2987e-11 7.6221e-03 1.2015e-01 1.5592e-01 6.1353e-04 ] 7.1570e-01
 2.709e+01 2.8122e-01 2.8122e-01 [ 3.9286e-11 7.1054e-03 1.1806e-01 1.5545e-01 6.1225e-04 ] 7.1878e-01
 2.720e+01 2.7813e-01 2.7813e-01 [ 2.9057e-11 6.6162e-03 1.1595e-01 1.5495e-01 6.1089e-04 ] 7.2187e-01
 2.731e+01 2.7503e-01 2.7503e-01 [ 2.1439e-11 6.1534e-03 1.1383e-01 1.5443e-01 6.0946e-04 ] 7.2497e-01
 2.743e+01 2.7191e-01 2.7191e-01 [ 1.5780e-11 5.7163e-03 1.1170e-01 1.5389e-01 6.0796e-04 ] 7.2809e-01
 2.754e+01 2.6879e-01 2.6879e-01 [ 1.1586e-11 5.3038e-03 1.0955e-01 1.5333e-01 6.0638e-04 ] 7.3121e-01
 2.765e+01 2.6566e-01 2.6566e-01 [ 8.4865e-12 4.9151e-03 1.0740e-01 1.5274e-01 6.0472e-04 ] 7.3434e-01
 2.777e+01 2.6252e-01 2.6252e-01 [ 6.2008e-12 4.5493e-03 1.0523e-01 1.5213e-01 6.0298e-04 ] 7.3748e-01
 2.788e+01 2.5937e-01 2.5937e-01 [ 4.5195e-12 4.2056e-03 1.0307e-01 1.5150e-01 6.0116e-04 ] 7.4063e-01
 2.799e+01 2.5621e-01 2.5621e-01 [ 3.2860e-12 3.8829e-03 1.0089e-01 1.5084e-01 5.9927e-04 ] 7.4379e-01
 2.811e+01 2.5304e-01 2.5304e-01 [ 2.3833e-12 3.5804e-03 9.8712e-02 1.5015e-01 5.9729e-04 ] 7.4696e-01
 2.822e+01 2.4986e-01 2.4986e-01 [ 1.7243e-12 3.2972e-03 9.6530e-02 1.4944e-01 5.9523e-04 ] 7.5014e-01
 2.833e+01 2.4668e-01 2.4668e-01 [ 1.2444e-12 3.0325e-03 9.4348e-02 1.4871e-01 5.9308e-04 ] 7.5332e-01
 2.845e+01 2.4349e-01 2.4349e-01 [ 8.9583e-13 2.7853e-03 9.2166e-02 1.4794e-01 5.9085e-04 ] 7.5651e-01
 2.856e+01 2.4028e-01 2.4028e-01 [ 6.4330e-13 2.5549e-03 8.9986e-02 1.4715e-01 5.8853e-04 ] 7.5972e-01
 2.867e+01 2.3707e-01 2.3707e-01 [ 4.6080e-13 2.3404e-03 8.7809e-02 1.4634e-01 5.8613e-04 ] 7.6293e-01
 2.879e+01 2.3386e-01 2.3386e-01 [ 3.2925e-13 2.1410e-03 8.5637e-02 1.4549e-01 5.8363e-04 ] 7.6614e-01
 2.890e+01 2.3063e-01 2.3063e-01 [ 2.3466e-13 1.9559e-03 8.3471e-02 1.4462e-01 5.8104e-04 ] 7.6937e-01
 2.901e+01 2.2740e-01 2.2740e-01 [ 1.6683e-13 1.7843e-03 8.1313e-02 1.4372e-01 5.7836e-04 ] 7.7260e-01
 2.913e+01 2.2415e-01 2.2415e-01 [ 1.1830e-13 1.6255e-03 7.9164e-02 1.4279e-01 5.7559e-04 ] 7.7585e-01
 2.924e+01 2.2090e-01 2.2090e-01 [ 8.3680e-14 1.4787e-03 7.7025e-02 1.4183e-01 5.7271e-04 ] 7.7910e-01
 2.935e+01 2.1765e-01 2.1765e-01 [ 5.9040e-14 1.3432e-03 7.4898e-02 1.4084e-01 5.6974e-04 ] 7.8235e-01
 2.947e+01 2.1438e-01 2.1438e-01 [ 4.1549e-14 1.2184e-03 7.2785e-02 1.3981e-01 5.6667e-04 ] 7.8562e-01
 2.958e+01 2.1111e-01 2.1111e-01 [ 2.9165e-14 1.1035e-03 7.0686e-02 1.3876e-01 5.6349e-04 ] 7.8889e-01
 2.969e+01 2.0783e-01 2.0783e-01 [ 2.0420e-14 9.9802e-04 6.8603e-02 1.3767e-01 5.6021e-04 ] 7.9217e-01
 2.981e+01 2.0454e-01 2.0454e-01 [ 1.4261e-14 9.0124e-04 6.6537e-02 1.3655e-01 5.5682e-04 ] 7.9546e-01
 2.992e+01 2.0125e-01 2.0125e-01 [ 9.9334e-15 8.1262e-04 6.4490e-02 1.3539e-01 5.5332e-04 ] 7.9875e-01
 3.003e+01 1.9795e-01 1.9795e-01 [ 6.9014e-15 7.3160e-04 6.2463e-02 1.3421e-01 5.4970e-04 ] 8.0205e-01
 3.015e+01 1.9464e-01 1.9464e-01 [ 4.7824e-15 6.5763e-04 6.0457e-02 1.3298e-01 5.4598e-04 ] 8.0536e-01
 3.026e+01 1.9133e-01 1.9133e-01 [ 3.3055e-15 5.9022e-04 5.8473e-02 1.3172e-01 5.4213e-04 ] 8.0867e-01
 3.037e+01 1.8801e-01 1.8801e-01 [ 2.2787e-15 5.2888e-04 5.6514e-02 1.3043e-01 5.3817e-04 ] 8.1199e-01
 3.049e+01 1.8468e-01 1.8468e-01 [ 1.5668e-15 4.7317e-04 5.4578e-02 1.2909e-01 5.3408e-04 ] 8.1532e-01
 3.060e+01 1.8135e-01 1.8135e-01 [ 1.0745e-15 4.2264e-04 5.2669e-02 1.2773e-01 5.2987e-04 ] 8.1865e-01
 3.071e+01 1.7801e-01 1.7801e-01 [ 7.3490e-16 3.7689e-04 5.0787e-02 1.2632e-01 5.2554e-04 ] 8.2199e-01
 3.083e+01 1.7467e-01 1.7467e-01 [ 5.0133e-16 3.3555e-04 4.8934e-02 1.2487e-01 5.2107e-04 ] 8.2533e-01
 3.094e+01 1.7132e-01 1.7132e-01 [ 3.4110e-16 2.9824e-04 4.7109e-02 1.2339e-01 5.1647e-04 ] 8.2868e-01
 3.105e+01 1.6796e-01 1.6796e-01 [ 2.3146e-16 2.6464e-04 4.5315e-02 1.2187e-01 5.1175e-04 ] 8.3204e-01
 3.117e+01 1.6461e-01 1.6461e-01 [ 1.5665e-16 2.3443e-04 4.3552e-02 1.2031e-01 5.0688e-04 ] 8.3539e-01
 3.128e+01 1.6125e-01 1.6125e-01 [ 1.0573e-16 2.0732e-04 4.1821e-02 1.1872e-01 5.0188e-04 ] 8.3875e-01
 3.139e+01 1.5788e-01 1.5788e-01 [ 7.1177e-17 1.8302e-04 4.0124e-02 1.1708e-01 4.9674e-04 ] 8.4212e-01
 3.151e+01 1.5452e-01 1.5452e-01 [ 4.7787e-17 1.6129e-04 3.8460e-02 1.1541e-01 4.9146e-04 ] 8.4548e-01
 3.162e+01 1.5115e-01 1.5115e-01 [ 3.1997e-17 1.4190e-04 3.6832e-02 1.1369e-01 4.8604e-04 ] 8.4885e-01
 3.173e+01 1.4779e-01 1.4779e-01 [ 2.1367e-17 1.2461e-04 3.5239e-02 1.1194e-01 4.8048e-04 ] 8.5221e-01
 3.185e+01 1.4442e-01 1.4442e-01 [ 1.4230e-17 1.0923e-04 3.3682e-02 1.1015e-01 4.7477e-04 ] 8.5558e-01
 3.196e+01 1.4105e-01 1.4105e-01 [ 9.4510e-18 9.5584e-05 3.2163e-02 1.0833e-01 4.6891e-04 ] 8.5895e-01
 3.207e+01 1.3769e-01 1.3769e-01 [ 6.2601e-18 8.3488e-05 3.0681e-02 1.0646e-01 4.6292e-04 ] 8.6231e-01
 3.219e+01 1.3433e-01 1.3433e-01 [ 4.1353e-18 7.2788e-05 2.9238e-02 1.0457e-01 4.5678e-04 ] 8.6567e-01
 3.230e+01 1.3098e-01 1.3098e-01 [ 2.7242e-18 6.3343e-05 2.7833e-02 1.0263e-01 4.5049e-04 ] 8.6902e-01
 3.241e+01 1.2763e-01 1.2763e-01 [ 1.7898e-18 5.5021e-05 2.6467e-02 1.0067e-01 4.4406e-04 ] 8.7237e-01
 3.253e+01 1.2429e-01 1.2429e-01 [ 1.1726e-18 4.7702e-05 2.5141e-02 9.8668e-02 4.3749e-04 ] 8.7571e-01
 3.264e+01 1.2096e-01 1.2096e-01 [ 7.6616e-19 4.1279e-05 2.3855e-02 9.6638e-02 4.3078e-04 ] 8.7904e-01
 3.275e+01 1.1765e-01 1.1765e-01 [ 4.9922e-19 3.5652e-05 2.2609e-02 9.4578e-02 4.2393e-04 ] 8.8235e-01
 3.287e+01 1.1434e-01 1.1434e-01 [ 3.2439e-19 3.0733e-05 2.1403e-02 9.2491e-02 4.1695e-04 ] 8.8566e-01
 3.298e+01 1.1105e-01 1.1105e-01 [ 2.1020e-19 2.6441e-05 2.0237e-02 9.0378e-02 4.0983e-04 ] 8.8895e-01
 3.309e+01 1.0778e-01 1.0778e-01 [ 1.3583e-19 2.2704e-05 1.9113e-02 8.8241e-02 4.0259e-04 ] 8.9222e-01
 3.321e+01 1.0452e-01 1.0452e-01 [ 8.7532e-20 1.9457e-05 1.8028e-02 8.6082e-02 3.9522e-04 ] 8.9548e-01
 3.332e+01 1.0129e-01 1.0129e-01 [ 5.6250e-20 1.6642e-05 1.6984e-02 8.3904e-02 3.8772e-04 ] 8.9871e-01
 3.343e+01 9.8083e-02 9.8083e-02 [ 3.6047e-20 1.4205e-05 1.5980e-02 8.1708e-02 3.8012e-04 ] 9.0192e-01
 3.355e+01 9.4899e-02 9.4899e-02 [ 2.3036e-20 1.2101e-05 1.5017e-02 7.9498e-02 3.7240e-04 ] 9.0510e-01
 3.366e+01 9.1744e-02 9.1744e-02 [ 1.4680e-20 1.0287e-05 1.4092e-02 7.7277e-02 3.6458e-04 ] 9.0826e-01
 3.377e+01 8.8619e-02 8.8619e-02 [ 9.3288e-21 8.7277e-06 1.3208e-02 7.5046e-02 3.5667e-04 ] 9.1138e-01
 3.389e+01 8.5527e-02 8.5527e-02 [ 5.9117e-21 7.3894e-06 1.2361e-02 7.2809e-02 3.4866e-04 ] 9.1447e-01
 3.400e+01 8.2470e-02 8.2470e-02 [ 3.7358e-21 6.2435e-06 1.1554e-02 7.0570e-02 3.4058e-04 ] 9.1753e-01
 3.411e+01 7.9452e-02 7.9452e-02 [ 2.3541e-21 5.2643e-06 1.0784e-02 6.8330e-02 3.3242e-04 ] 9.2055e-01
 3.423e+01 7.6474e-02 7.6474e-02 [ 1.4793e-21 4.4295e-06 1.0051e-02 6.6094e-02 3.2420e-04 ] 9.2353e-01
 3.434e+01 7.3538e-02 7.3538e-02 [ 9.2698e-22 3.7192e-06 9.3543e-03 6.3864e-02 3.1592e-04 ] 9.2646e-01
 3.445e+01 7.0648e-02 7.0648e-02 [ 5.7924e-22 3.1162e-06 8.6934e-03 6.1644e-02 3.0760e-04 ] 9.2935e-01
 3.457e+01 6.7806e-02 6.7806e-02 [ 3.6093e-22 2.6055e-06 8.0673e-03 5.9437e-02 2.9924e-04 ] 9.3219e-01
 3.468e+01 6.5014e-02 6.5014e-02 [ 2.2426e-22 2.1738e-06 7.4752e-03 5.7246e-02 2.9085e-04 ] 9.3499e-01
 3.479e+01 6.2275e-02 6.2275e-02 [ 1.3896e-22 1.8098e-06 6.9160e-03 5.5075e-02 2.8245e-04 ] 9.3773e-01
 3.491e+01 5.9590e-02 5.9590e-02 [ 8.5856e-23 1.5035e-06 6.3889e-03 5.2926e-02 2.7405e-04 ] 9.4041e-01
 3.502e+01 5.6962e-02 5.6962e-02 [ 5.2898e-23 1.2463e-06 5.8929e-03 5.0802e-02 2.6565e-04 ] 9.4304e-01
 3.513e+01 5.4393e-02 5.4393e-02 [ 3.2500e-23 1.0309e-06 5.4269e-03 4.8707e-02 2.5727e-04 ] 9.4561e-01
 3.525e+01 5.1884e-02 5.1884e-02 [ 1.9912e-23 8.5087e-07 4.9899e-03 4.6644e-02 2.4891e-04 ] 9.4812e-01
 3.536e+01 4.9437e-02 4.9437e-02 [ 1.2165e-23 7.0075e-07 4.5808e-03 4.4615e-02 2.4060e-04 ] 9.5056e-01
 3.547e+01 4.7055e-02 4.7055e-02 [ 7.4114e-24 5.7586e-07 4.1985e-03 4.2624e-02 2.3234e-04 ] 9.5295e-01
 3.559e+01 4.4738e-02 4.4738e-02 [ 4.5026e-24 4.7219e-07 3.8419e-03 4.0672e-02 2.2414e-04 ] 9.5526e-01
 3.570e+01 4.2488e-02 4.2488e-02 [ 2.7278e-24 3.8633e-07 3.5098e-03 3.8761e-02 2.1602e-04 ] 9.5751e-01
 3.581e+01 4.0305e-02 4.0305e-02 [ 1.6480e-24 3.1539e-07 3.2011e-03 3.6896e-02 2.0798e-04 ] 9.5970e-01
 3.593e+01 3.8191e-02 3.8191e-02 [ 9.9280e-25 2.5691e-07 2.9148e-03 3.5076e-02 2.0003e-04 ] 9.6181e-01
 3.604e+01 3.6146e-02 3.6146e-02 [ 5.9644e-25 2.0881e-07 2.6497e-03 3.3304e-02 1.9218e-04 ] 9.6385e-01
 3.615e+01 3.4172e-02 3.4172e-02 [ 3.5732e-25 1.6934e-07 2.4046e-03 3.1583e-02 1.8445e-04 ] 9.6583e-01
 3.627e+01 3.2267e-02 3.2267e-02 [ 2.1347e-25 1.3703e-07 2.1785e-03 2.9912e-02 1.7685e-04 ] 9.6773e-01
 3.638e+01 3.0433e-02 3.0433e-02 [ 1.2718e-25 1.1064e-07 1.9703e-03 2.8294e-02 1.6937e-04 ] 9.6957e-01
 3.649e+01 2.8670e-02 2.8670e-02 [ 7.5561e-26 8.9128e-08 1.7790e-03 2.6729e-02 1.6204e-04 ] 9.7133e-01
 3.661e+01 2.6977e-02 2.6977e-02 [ 4.4769e-26 7.1642e-08 1.6035e-03 2.5218e-02 1.5486e-04 ] 9.7302e-01
 3.672e+01 2.5353e-02 2.5353e-02 [ 2.6452e-26 5.7459e-08 1.4429e-03 2.3762e-02 1.4783e-04 ] 9.7465e-01
 3.683e+01 2.3799e-02 2.3799e-02 [ 1.5586e-26 4.5982e-08 1.2961e-03 2.2362e-02 1.4096e-04 ] 9.7620e-01
 3.695e+01 2.2313e-02 2.2313e-02 [ 9.1589e-27 3.6716e-08 1.1622e-03 2.1016e-02 1.3427e-04 ] 9.7769e-01
 3.706e+01 2.0895e-02 2.0895e-02 [ 5.3673e-27 2.9252e-08 1.0404e-03 1.9727e-02 1.2775e-04 ] 9.7911e-01
 3.717e+01 1.9543e-02 1.9543e-02 [ 3.1368e-27 2.3254e-08 9.2966e-04 1.8492e-02 1.2141e-04 ] 9.8046e-01
 3.729e+01 1.8257e-02 1.8257e-02 [ 1.8282e-27 1.8445e-08 8.2930e-04 1.7312e-02 1.1525e-04 ] 9.8174e-01
 3.740e+01 1.7034e-02 1.7034e-02 [ 1.0627e-27 1.4598e-08 7.3849e-04 1.6187e-02 1.0928e-04 ] 9.8297e-01
 3.751e+01 1.5875e-02 1.5875e-02 [ 6.1606e-28 1.1528e-08 6.5648e-04 1.5115e-02 1.0350e-04 ] 9.8413e-01
 3.763e+01 1.4776e-02 1.4776e-02 [ 3.5617e-28 9.0835e-09 5.8256e-04 1.4096e-02 9.7912e-05 ] 9.8522e-01
 3.774e+01 1.3737e-02 1.3737e-02 [ 2.0537e-28 7.1417e-09 5.1606e-04 1.3128e-02 9.2521e-05 ] 9.8626e-01
 3.785e+01 1.2755e-02 1.2755e-02 [ 1.1811e-28 5.6027e-09 4.5636e-04 1.2212e-02 8.7324e-05 ] 9.8724e-01
 3.797e+01 1.1830e-02 1.1830e-02 [ 6.7741e-29 4.3858e-09 4.0286e-04 1.1344e-02 8.2324e-05 ] 9.8817e-01
 3.808e+01 1.0958e-02 1.0958e-02 [ 3.8751e-29 3.4257e-09 3.5501e-04 1.0525e-02 7.7520e-05 ] 9.8904e-01
 3.819e+01 1.0138e-02 1.0138e-02 [ 2.2109e-29 2.6699e-09 3.1231e-04 9.7528e-03 7.2911e-05 ] 9.8986e-01
 3.831e+01 9.3683e-03 9.3683e-03 [ 1.2581e-29 2.0764e-09 2.7426e-04 9.0255e-03 6.8495e-05 ] 9.9063e-01
 3.842e+01 8.6466e-03 8.6466e-03 [ 7.1410e-30 1.6114e-09 2.4044e-04 8.3419e-03 6.4271e-05 ] 9.9135e-01
 3.853e+01 7.9710e-03 7.9710e-03 [ 4.0426e-30 1.2478e-09 2.1042e-04 7.7003e-03 6.0237e-05 ] 9.9203e-01
 3.865e+01 7.3394e-03 7.3394e-03 [ 2.2827e-30 9.6415e-10 1.8383e-04 7.0992e-03 5.6390e-05 ] 9.9266e-01
 3.876e+01 6.7498e-03 6.7498e-03 [ 1.2857e-30 7.4341e-10 1.6033e-04 6.5368e-03 5.2726e-05 ] 9.9325e-01
 3.887e+01 6.2003e-03 6.2003e-03 [ 7.2226e-31 5.7199e-10 1.3960e-04 6.0114e-03 4.9242e-05 ] 9.9380e-01
 3.899e+01 5.6887e-03 5.6887e-03 [ 4.0473e-31 4.3917e-10 1.2133e-04 5.5215e-03 4.5935e-05 ] 9.9431e-01
 3.910e+01 5.2133e-03 5.2133e-03 [ 2.2623e-31 3.3648e-10 1.0528e-04 5.0652e-03 4.2798e-05 ] 9.9479e-01
 3.921e+01 4.7720e-03 4.7720e-03 [ 1.2613e-31 2.5726e-10 9.1202e-05 4.6410e-03 3.9829e-05 ] 9.9523e-01
 3.933e+01 4.3630e-03 4.3630e-03 [ 7.0152e-32 1.9628e-10 7.8871e-05 4.2471e-03 3.7023e-05 ] 9.9564e-01
 3.944e+01 3.9844e-03 3.9844e-03 [ 3.8920e-32 1.4945e-10 6.8094e-05 3.8819e-03 3.4373e-05 ] 9.9602e-01
 3.955e+01 3.6345e-03 3.6345e-03 [ 2.1540e-32 1.1355e-10 5.8691e-05 3.5439e-03 3.1876e-05 ] 9.9637e-01
 3.967e+01 3.3115e-03 3.3115e-03 [ 1.1892e-32 8.6101e-11 5.0503e-05 3.2315e-03 2.9525e-05 ] 9.9669e-01
 3.978e+01 3.0138e-03 3.0138e-03 [ 6.5493e-33 6.5154e-11 4.3386e-05 2.9431e-03 2.7316e-05 ] 9.9699e-01
 3.989e+01 2.7397e-03 2.7397e-03 [ 3.5983e-33 4.9202e-11 3.7212e-05 2.6773e-03 2.5242e-05 ] 9.9726e-01
 4.001e+01 2.4878e-03 2.4878e-03 [ 1.9722e-33 3.7081e-11 3.1864e-05 2.4326e-03 2.3299e-05 ] 9.9751e-01
 4.012e+01 2.2565e-03 2.2565e-03 [ 1.0784e-33 2.7890e-11 2.7240e-05 2.2078e-03 2.1480e-05 ] 9.9774e-01
 4.023e+01 2.0444e-03 2.0444e-03 [ 5.8828e-34 2.0935e-11 2.3251e-05 2.0014e-03 1.9780e-05 ] 9.9796e-01
 4.035e+01 1.8502e-03 1.8502e-03 [ 3.2016e-34 1.5684e-11 1.9814e-05 1.8122e-03 1.8193e-05 ] 9.9815e-01
 4.046e+01 1.6727e-03 1.6727e-03 [ 1.7383e-34 1.1726e-11 1.6858e-05 1.6391e-03 1.6714e-05 ] 9.9833e-01
 4.057e+01 1.5105e-03 1.5105e-03 [ 9.4164e-35 8.7504e-12 1.4321e-05 1.4808e-03 1.5338e-05 ] 9.9849e-01
 4.069e+01 1.3625e-03 1.3625e-03 [ 5.0891e-35 6.5170e-12 1.2146e-05 1.3363e-03 1.4059e-05 ] 9.9864e-01
 4.080e+01 1.2277e-03 1.2277e-03 [ 2.7441e-35 4.8442e-12 1.0286e-05 1.2046e-03 1.2871e-05 ] 9.9877e-01
 4.091e+01 1.1051e-03 1.1051e-03 [ 1.4763e-35 3.5939e-12 8.6975e-06 1.0846e-03 1.1771e-05 ] 9.9889e-01
 4.103e+01 9.9365e-04 9.9365e-04 [ 7.9247e-36 2.6612e-12 7.3429e-06 9.7555e-04 1.0752e-05 ] 9.9901e-01
 4.114e+01 8.9249e-04 8.9249e-04 [ 4.2443e-36 1.9669e-12 6.1900e-06 8.7649e-04 9.8104e-06 ] 9.9911e-01
 4.125e+01 8.0079e-04 8.0079e-04 [ 2.2681e-36 1.4510e-12 5.2102e-06 7.8664e-04 8.9409e-06 ] 9.9920e-01
 4.137e+01 7.1776e-04 7.1776e-04 [ 1.2094e-36 1.0684e-12 4.3790e-06 7.0524e-04 8.1393e-06 ] 9.9928e-01
 4.148e+01 6.4266e-04 6.4266e-04 [ 6.4346e-37 7.8521e-13 3.6750e-06 6.3159e-04 7.4012e-06 ] 9.9936e-01
 4.159e+01 5.7483e-04 5.7483e-04 [ 3.4161e-37 5.7603e-13 3.0796e-06 5.6503e-04 6.7225e-06 ] 9.9943e-01
 4.171e+01 5.1363e-04 5.1363e-04 [ 1.8097e-37 4.2181e-13 2.5769e-06 5.0496e-04 6.0992e-06 ] 9.9949e-01
 4.182e+01 4.5848e-04 4.5848e-04 [ 9.5661e-38 3.0831e-13 2.1532e-06 4.5080e-04 5.5275e-06 ] 9.9954e-01
 4.193e+01 4.0883e-04 4.0883e-04 [ 5.0460e-38 2.2495e-13 1.7966e-06 4.0203e-04 5.0039e-06 ] 9.9959e-01
 4.205e+01 3.6419e-04 3.6419e-04 [ 2.6561e-38 1.6384e-13 1.4969e-06 3.5817e-04 4.5248e-06 ] 9.9964e-01
 4.216e+01 3.2410e-04 3.2410e-04 [ 1.3952e-38 1.1911e-13 1.2454e-06 3.1877e-04 4.0871e-06 ] 9.9968e-01
 4.227e+01 2.8814e-04 2.8814e-04 [ 7.3134e-39 8.6448e-14 1.0348e-06 2.8342e-04 3.6877e-06 ] 9.9971e-01
 4.239e+01 2.5591e-04 2.5591e-04 [ 3.8257e-39 6.2630e-14 8.5853e-07 2.5173e-04 3.3237e-06 ] 9.9974e-01
 4.250e+01 2.2706e-04 2.2706e-04 [ 1.9971e-39 4.5295e-14 7.1135e-07 2.2336e-04 2.9923e-06 ] 9.9977e-01
 4.261e+01 2.0127e-04 2.0127e-04 [ 1.0404e-39 3.2702e-14 5.8859e-07 1.9799e-04 2.6911e-06 ] 9.9980e-01
 4.273e+01 1.7823e-04 1.7823e-04 [ 5.4095e-40 2.3570e-14 4.8636e-07 1.7533e-04 2.4176e-06 ] 9.9982e-01
 4.284e+01 1.5768e-04 1.5768e-04 [ 2.8069e-40 1.6959e-14 4.0135e-07 1.5511e-04 2.1695e-06 ] 9.9984e-01
 4.295e+01 1.3936e-04 1.3936e-04 [ 1.4536e-40 1.2182e-14 3.3075e-07 1.3709e-04 1.9449e-06 ] 9.9986e-01
 4.307e+01 1.2305e-04 1.2305e-04 [ 7.5125e-41 8.7360e-15 2.7222e-07 1.2104e-04 1.7416e-06 ] 9.9988e-01
 4.318e+01 1.0855e-04 1.0855e-04 [ 3.8751e-41 6.2544e-15 2.2375e-07 1.0677e-04 1.5579e-06 ] 9.9989e-01
 4.329e+01 9.5664e-05 9.5664e-05 [ 1.9950e-41 4.4703e-15 1.8367e-07 9.4088e-05 1.3921e-06 ] 9.9990e-01
 4.341e+01 8.4228e-05 8.4228e-05 [ 1.0251e-41 3.1899e-15 1.5058e-07 8.2835e-05 1.2427e-06 ] 9.9992e-01
 4.352e+01 7.4090e-05 7.4090e-05 [ 5.2571e-42 2.2726e-15 1.2329e-07 7.2859e-05 1.1081e-06 ] 9.9993e-01
 4.363e+01 6.5112e-05 6.5112e-05 [ 2.6910e-42 1.6165e-15 1.0082e-07 6.4024e-05 9.8710e-07 ] 9.9993e-01
 4.375e+01 5.7168e-05 5.7168e-05 [ 1.3748e-42 1.1479e-15 8.2341e-08 5.6207e-05 8.7838e-07 ] 9.9994e-01
 4.386e+01 5.0146e-05 5.0146e-05 [ 7.0111e-43 8.1391e-16 6.7165e-08 4.9298e-05 7.8083e-07 ] 9.9995e-01
 4.397e+01 4.3947e-05 4.3947e-05 [ 3.5687e-43 5.7617e-16 5.4718e-08 4.3199e-05 6.9340e-07 ] 9.9996e-01
 4.409e+01 3.8478e-05 3.8478e-05 [ 1.8132e-43 4.0724e-16 4.4524e-08 3.7819e-05 6.1513e-07 ] 9.9996e-01
 4.420e+01 3.3660e-05 3.3660e-05 [ 9.1955e-44 2.8739e-16 3.6184e-08 3.3078e-05 5.4514e-07 ] 9.9997e-01
 4.431e+01 2.9418e-05 2.9418e-05 [ 4.6551e-44 2.0250e-16 2.9371e-08 2.8906e-05 4.8262e-07 ] 9.9997e-01
 4.443e+01 2.5687e-05 2.5687e-05 [ 2.3523e-44 1.4247e-16 2.3813e-08 2.5236e-05 4.2684e-07 ] 9.9997e-01
 4.454e+01 2.2409e-05 2.2409e-05 [ 1.1865e-44 1.0008e-16 1.9283e-08 2.2013e-05 3.7713e-07 ] 9.9998e-01
 4.465e+01 1.9532e-05 1.9532e-05 [ 5.9745e-45 7.0199e-17 1.5596e-08 1.9183e-05 3.3287e-07 ] 9.9998e-01
 4.477e+01 1.7009e-05 1.7009e-05 [ 3.0030e-45 4.9166e-17 1.2600e-08 1.6703e-05 2.9352e-07 ] 9.9998e-01
 4.488e+01 1.4799e-05 1.4799e-05 [ 1.5068e-45 3.4383e-17 1.0167e-08 1.4530e-05 2.5856e-07 ] 9.9999e-01
 4.499e+01 1.2864e-05 1.2864e-05 [ 7.5474e-46 2.4010e-17 8.1947e-09 1.2628e-05 2.2754e-07 ] 9.9999e-01
 4.511e+01 1.1173e-05 1.1173e-05 [ 3.7739e-46 1.6742e-17 6.5973e-09 1.0966e-05 2.0004e-07 ] 9.9999e-01
 4.522e+01 9.6952e-06 9.6952e-06 [ 1.8839e-46 1.1657e-17 5.3052e-09 9.5142e-06 1.7570e-07 ] 9.9999e-01
 4.533e+01 8.4056e-06 8.4056e-06 [ 9.3879e-47 8.1045e-18 4.2614e-09 8.2472e-06 1.5416e-07 ] 9.9999e-01
 4.545e+01 7.2813e-06 7.2813e-06 [ 4.6704e-47 5.6267e-18 3.4190e-09 7.1427e-06 1.3514e-07 ] 9.9999e-01
 4.556e+01 6.3018e-06 6.3018e-06 [ 2.3196e-47 3.9009e-18 2.7401e-09 6.1807e-06 1.1835e-07 ] 9.9999e-01
 4.567e+01 5.4494e-06 5.4494e-06 [ 1.1502e-47 2.7006e-18 2.1936e-09 5.3436e-06 1.0354e-07 ] 9.9999e-01
 4.579e+01 4.7082e-06 4.7082e-06 [ 5.6937e-48 1.8670e-18 1.7542e-09 4.6159e-06 9.0501e-08 ] 1.0000e+00
 4.590e+01 4.0643e-06 4.0643e-06 [ 2.8139e-48 1.2889e-18 1.4012e-09 3.9839e-06 7.9028e-08 ] 1.0000e+00
 4.601e+01 3.5055e-06 3.5055e-06 [ 1.3885e-48 8.8856e-19 1.1180e-09 3.4354e-06 6.8944e-08 ] 1.0000e+00
 4.613e+01 3.0209e-06 3.0209e-06 [ 6.8399e-49 6.1174e-19 8.9113e-10 2.9599e-06 6.0090e-08 ] 1.0000e+00
 4.624e+01 2.6011e-06 2.6011e-06 [ 3.3641e-49 4.2058e-19 7.0951e-10 2.5481e-06 5.2323e-08 ] 1.0000e+00
 4.635e+01 2.2378e-06 2.2378e-06 [ 1.6520e-49 2.8876e-19 5.6431e-10 2.1917e-06 4.5518e-08 ] 1.0000e+00
 4.647e+01 1.9235e-06 1.9235e-06 [ 8.0994e-50 1.9799e-19 4.4834e-10 1.8835e-06 3.9560e-08 ] 1.0000e+00
 4.658e+01 1.6520e-06 1.6520e-06 [ 3.9648e-50 1.3557e-19 3.5582e-10 1.6173e-06 3.4351e-08 ] 1.0000e+00
 4.669e+01 1.4177e-06 1.4177e-06 [ 1.9378e-50 9.2702e-20 2.8210e-10 1.3876e-06 2.9800e-08 ] 1.0000e+00
 4.681e+01 1.2155e-06 1.2155e-06 [ 9.4568e-51 6.3307e-20 2.2342e-10 1.1895e-06 2.5828e-08 ] 1.0000e+00
 4.692e+01 1.0414e-06 1.0414e-06 [ 4.6079e-51 4.3176e-20 1.7676e-10 1.0188e-06 2.2364e-08 ] 1.0000e+00
 4.703e+01 8.9139e-07 8.9139e-07 [ 2.2418e-51 2.9407e-20 1.3970e-10 8.7191e-07 1.9348e-08 ] 1.0000e+00
 4.715e+01 7.6240e-07 7.6240e-07 [ 1.0890e-51 2.0003e-20 1.1030e-10 7.4556e-07 1.6723e-08 ] 1.0000e+00
 4.726e+01 6.5153e-07 6.5153e-07 [ 5.2825e-52 1.3589e-20 8.6997e-11 6.3700e-07 1.4441e-08 ] 1.0000e+00
 4.737e+01 5.5633e-07 5.5633e-07 [ 2.5585e-52 9.2197e-21 6.8547e-11 5.4380e-07 1.2459e-08 ] 1.0000e+00
 4.749e+01 4.7464e-07 4.7464e-07 [ 1.2373e-52 6.2472e-21 5.3954e-11 4.6385e-07 1.0740e-08 ] 1.0000e+00
 4.760e+01 4.0462e-07 4.0462e-07 [ 5.9751e-53 4.2277e-21 4.2426e-11 3.9533e-07 9.2491e-09 ] 1.0000e+00
 4.771e+01 3.4465e-07 3.4465e-07 [ 2.8812e-53 2.8573e-21 3.3327e-11 3.3666e-07 7.9583e-09 ] 1.0000e+00
 4.783e+01 2.9333e-07 2.9333e-07 [ 1.3873e-53 1.9288e-21 2.6153e-11 2.8646e-07 6.8415e-09 ] 1.0000e+00
 4.794e+01 2.4945e-07 2.4945e-07 [ 6.6704e-54 1.3003e-21 2.0503e-11 2.4355e-07 5.8763e-09 ] 1.0000e+00
 4.805e+01 2.1196e-07 2.1196e-07 [ 3.2026e-54 8.7553e-22 1.6058e-11 2.0690e-07 5.0428e-09 ] 1.0000e+00
 4.817e+01 1.7996e-07 1.7996e-07 [ 1.5355e-54 5.8878e-22 1.2564e-11 1.7563e-07 4.3237e-09 ] 1.0000e+00
 4.828e+01 1.5267e-07 1.5267e-07 [ 7.3512e-55 3.9546e-22 9.8208e-12 1.4896e-07 3.7038e-09 ] 1.0000e+00
 4.839e+01 1.2942e-07 1.2942e-07 [ 3.5145e-55 2.6529e-22 7.6689e-12 1.2624e-07 3.1701e-09 ] 1.0000e+00
 4.851e+01 1.0962e-07 1.0962e-07 [ 1.6779e-55 1.7775e-22 5.9828e-12 1.0690e-07 2.7109e-09 ] 1.0000e+00
 4.862e+01 9.2771e-08 9.2771e-08 [ 7.9998e-56 1.1895e-22 4.6628e-12 9.0450e-08 2.3162e-09 ] 1.0000e+00
 4.873e+01 7.8452e-08 7.8452e-08 [ 3.8088e-56 7.9502e-23 3.6305e-12 7.6471e-08 1.9773e-09 ] 1.0000e+00
 4.885e+01 6.6290e-08 6.6290e-08 [ 1.8109e-56 5.3073e-23 2.8241e-12 6.4601e-08 1.6865e-09 ] 1.0000e+00
 4.896e+01 5.5970e-08 5.5970e-08 [ 8.5984e-57 3.5388e-23 2.1947e-12 5.4531e-08 1.4372e-09 ] 1.0000e+00
 4.907e+01 4.7219e-08 4.7219e-08 [ 4.0771e-57 2.3567e-23 1.7039e-12 4.5994e-08 1.2238e-09 ] 1.0000e+00
 4.919e+01 3.9805e-08 3.9805e-08 [ 1.9306e-57 1.5677e-23 1.3216e-12 3.8763e-08 1.0411e-09 ] 1.0000e+00
 4.930e+01 3.3529e-08 3.3529e-08 [ 9.1300e-58 1.0415e-23 1.0242e-12 3.2643e-08 8.8498e-10 ] 1.0000e+00
 4.941e+01 2.8221e-08 2.8221e-08 [ 4.3119e-58 6.9118e-24 7.9289e-13 2.7468e-08 7.5162e-10 ] 1.0000e+00
 4.953e+01 2.3734e-08 2.3734e-08 [ 2.0337e-58 4.5813e-24 6.1327e-13 2.3096e-08 6.3782e-10 ] 1.0000e+00
 4.964e+01 1.9945e-08 1.9945e-08 [ 9.5794e-59 3.0331e-24 4.7389e-13 1.9404e-08 5.4079e-10 ] 1.0000e+00
 4.975e+01 1.6748e-08 1.6748e-08 [ 4.5064e-59 2.0057e-24 3.6585e-13 1.6290e-08 4.5814e-10 ] 1.0000e+00
 4.987e+01 1.4053e-08 1.4053e-08 [ 2.1171e-59 1.3248e-24 2.8218e-13 1.3665e-08 3.8779e-10 ] 1.0000e+00
 4.998e+01 1.1782e-08 1.1782e-08 [ 9.9337e-60 8.7403e-25 2.1744e-13 1.1454e-08 3.2798e-10 ] 1.0000e+00
 5.009e+01 9.8710e-09 9.8710e-09 [ 4.6550e-60 5.7597e-25 1.6740e-13 9.5936e-09 2.7716e-10 ] 1.0000e+00
 5.021e+01 8.2633e-09 8.2633e-09 [ 2.1786e-60 3.7912e-25 1.2876e-13 8.0292e-09 2.3402e-10 ] 1.0000e+00
 5.032e+01 6.9122e-09 6.9122e-09 [ 1.0183e-60 2.4926e-25 9.8946e-14 6.7147e-09 1.9743e-10 ] 1.0000e+00
 5.043e+01 5.7776e-09 5.7776e-09 [ 4.7537e-61 1.6370e-25 7.5966e-14 5.6111e-09 1.6643e-10 ] 1.0000e+00
 5.055e+01 4.8256e-09 4.8256e-09 [ 2.2164e-61 1.0738e-25 5.8270e-14 4.6853e-09 1.4018e-10 ] 1.0000e+00
 5.066e+01 4.0274e-09 4.0274e-09 [ 1.0321e-61 7.0362e-26 4.4656e-14 3.9093e-09 1.1797e-10 ] 1.0000e+00
 5.077e+01 3.3586e-09 3.3586e-09 [ 4.8000e-62 4.6052e-26 3.4191e-14 3.2594e-09 9.9202e-11 ] 1.0000e+00
 5.089e+01 2.7988e-09 2.7988e-09 [ 2.2297e-62 3.0107e-26 2.6155e-14 2.7154e-09 8.3351e-11 ] 1.0000e+00
 5.100e+01 2.3306e-09 2.3306e-09 [ 1.0344e-62 1.9661e-26 1.9990e-14 2.2606e-09 6.9977e-11 ] 1.0000e+00
 5.111e+01 1.9392e-09 1.9392e-09 [ 4.7933e-63 1.2825e-26 1.5264e-14 1.8805e-09 5.8701e-11 ] 1.0000e+00
 5.123e+01 1.6123e-09 1.6123e-09 [ 2.2184e-63 8.3564e-27 1.1645e-14 1.5631e-09 4.9202e-11 ] 1.0000e+00
 5.134e+01 1.3396e-09 1.3396e-09 [ 1.0255e-63 5.4388e-27 8.8764e-15 1.2984e-09 4.1207e-11 ] 1.0000e+00
 5.145e+01 1.1121e-09 1.1121e-09 [ 4.7347e-64 3.5360e-27 6.7599e-15 1.0776e-09 3.4484e-11 ] 1.0000e+00
 5.157e+01 9.2260e-10 9.2260e-10 [ 2.1834e-64 2.2963e-27 5.1434e-15 8.9376e-10 2.8835e-11 ] 1.0000e+00
 5.168e+01 7.6481e-10 7.6481e-10 [ 1.0057e-64 1.4896e-27 3.9100e-15 7.4071e-10 2.4092e-11 ] 1.0000e+00
 5.179e+01 6.3353e-10 6.3353e-10 [ 4.6268e-65 9.6528e-28 2.9698e-15 6.1342e-10 2.0113e-11 ] 1.0000e+00
 5.191e+01 5.2440e-10 5.2440e-10 [ 2.1261e-65 6.2481e-28 2.2537e-15 5.0762e-10 1.6778e-11 ] 1.0000e+00
 5.202e+01 4.3375e-10 4.3375e-10 [ 9.7583e-66 4.0399e-28 1.7087e-15 4.1976e-10 1.3985e-11 ] 1.0000e+00
 5.213e+01 3.5850e-10 3.5850e-10 [ 4.4737e-66 2.6093e-28 1.2944e-15 3.4685e-10 1.1648e-11 ] 1.0000e+00
 5.225e+01 2.9609e-10 2.9609e-10 [ 2.0486e-66 1.6835e-28 9.7971e-16 2.8640e-10 9.6938e-12 ] 1.0000e+00
 5.236e+01 2.4437e-10 2.4437e-10 [ 9.3699e-67 1.0850e-28 7.4087e-16 2.3631e-10 8.0612e-12 ] 1.0000e+00
 5.247e+01 2.0153e-10 2.0153e-10 [ 4.2807e-67 6.9851e-29 5.5976e-16 1.9483e-10 6.6983e-12 ] 1.0000e+00
 5.259e+01 1.6608e-10 1.6608e-10 [ 1.9535e-67 4.4921e-29 4.2256e-16 1.6052e-10 5.5615e-12 ] 1.0000e+00
 5.270e+01 1.3677e-10 1.3677e-10 [ 8.9044e-68 2.8858e-29 3.1872e-16 1.3216e-10 4.6140e-12 ] 1.0000e+00
 5.281e+01 1.1255e-10 1.1255e-10 [ 4.0542e-68 1.8519e-29 2.4018e-16 1.0872e-10 3.8250e-12 ] 1.0000e+00
 5.293e+01 9.2550e-11 9.2550e-11 [ 1.8438e-68 1.1871e-29 1.8084e-16 8.9381e-11 3.1685e-12 ] 1.0000e+00
 5.304e+01 7.6050e-11 7.6050e-11 [ 8.3763e-69 7.6021e-30 1.3605e-16 7.3427e-11 2.6226e-12 ] 1.0000e+00
 5.315e+01 6.2446e-11 6.2446e-11 [ 3.8010e-69 4.8629e-30 1.0226e-16 6.0276e-11 2.1692e-12 ] 1.0000e+00
 5.327e+01 5.1238e-11 5.1238e-11 [ 1.7229e-69 3.1075e-30 7.6799e-17 4.9446e-11 1.7927e-12 ] 1.0000e+00
 5.338e+01 4.2012e-11 4.2012e-11 [ 7.8007e-70 1.9836e-30 5.7627e-17 4.0532e-11 1.4805e-12 ] 1.0000e+00
 5.349e+01 3.4423e-11 3.4423e-11 [ 3.5280e-70 1.2649e-30 4.3205e-17 3.3201e-11 1.2217e-12 ] 1.0000e+00
 5.361e+01 2.8184e-11 2.8184e-11 [ 1.5939e-70 8.0572e-31 3.2364e-17 2.7177e-11 1.0074e-12 ] 1.0000e+00
 5.372e+01 2.3059e-11 2.3059e-11 [ 7.1930e-71 5.1270e-31 2.4223e-17 2.2229e-11 8.3002e-13 ] 1.0000e+00
 5.383e+01 1.8853e-11 1.8853e-11 [ 3.2425e-71 3.2591e-31 1.8115e-17 1.8170e-11 6.8338e-13 ] 1.0000e+00
 5.395e+01 1.5403e-11 1.5403e-11 [ 1.4601e-71 2.0695e-31 1.3535e-17 1.4841e-11 5.6222e-13 ] 1.0000e+00
 5.406e+01 1.2576e-11 1.2576e-11 [ 6.5680e-72 1.3128e-31 1.0105e-17 1.2113e-11 4.6219e-13 ] 1.0000e+00
 5.417e+01 1.0260e-11 1.0260e-11 [ 2.9513e-72 8.3189e-32 7.5374e-18 9.8801e-12 3.7968e-13 ] 1.0000e+00
 5.429e+01 8.3645e-12 8.3645e-12 [ 1.3247e-72 5.2661e-32 5.6177e-18 8.0529e-12 3.1166e-13 ] 1.0000e+00
 5.440e+01 6.8145e-12 6.8145e-12 [ 5.9397e-73 3.3302e-32 4.1834e-18 6.5589e-12 2.5564e-13 ] 1.0000e+00
 5.451e+01 5.5479e-12 5.5479e-12 [ 2.6604e-73 2.1038e-32 3.1127e-18 5.3383e-12 2.0953e-13 ] 1.0000e+00
 5.463e+01 4.5134e-12 4.5134e-12 [ 1.1904e-73 1.3276e-32 2.3141e-18 4.3418e-12 1.7161e-13 ] 1.0000e+00
 5.474e+01 3.6693e-12 3.6693e-12 [ 5.3205e-74 8.3698e-33 1.7189e-18 3.5289e-12 1.4045e-13 ] 1.0000e+00
 5.485e+01 2.9810e-12 2.9810e-12 [ 2.3756e-74 5.2712e-33 1.2758e-18 2.8661e-12 1.1486e-13 ] 1.0000e+00
 5.497e+01 2.4201e-12 2.4201e-12 [ 1.0596e-74 3.3163e-33 9.4610e-19 2.3262e-12 9.3868e-14 ] 1.0000e+00
 5.508e+01 1.9633e-12 1.9633e-12 [ 4.7212e-75 2.0843e-33 7.0103e-19 1.8867e-12 7.6654e-14 ] 1.0000e+00
 5.519e+01 1.5917e-12 1.5917e-12 [ 2.1014e-75 1.3087e-33 5.1901e-19 1.5291e-12 6.2550e-14 ] 1.0000e+00
 5.531e+01 1.2895e-12 1.2895e-12 [ 9.3439e-76 8.2083e-34 3.8394e-19 1.2385e-12 5.1005e-14 ] 1.0000e+00
 5.542e+01 1.0439e-12 1.0439e-12 [ 4.1505e-76 5.1432e-34 2.8378e-19 1.0024e-12 4.1560e-14 ] 1.0000e+00
 5.553e+01 8.4455e-13 8.4455e-13 [ 1.8417e-76 3.2194e-34 2.0958e-19 8.1071e-13 3.3839e-14 ] 1.0000e+00
 5.565e+01 6.8278e-13 6.8278e-13 [ 8.1642e-77 2.0132e-34 1.5465e-19 6.5524e-13 2.7533e-14 ] 1.0000e+00
 5.576e+01 5.5161e-13 5.5161e-13 [ 3.6154e-77 1.2576e-34 1.1403e-19 5.2922e-13 2.2385e-14 ] 1.0000e+00
 5.587e+01 4.4533e-13 4.4533e-13 [ 1.5994e-77 7.8485e-35 8.4006e-20 4.2715e-13 1.8187e-14 ] 1.0000e+00
 5.599e+01 3.5929e-13 3.5929e-13 [ 7.0686e-78 4.8931e-35 6.1838e-20 3.4452e-13 1.4765e-14 ] 1.0000e+00
 5.610e+01 2.8967e-13 2.8967e-13 [ 3.1208e-78 3.0475e-35 4.5482e-20 2.7769e-13 1.1979e-14 ] 1.0000e+00
 5.621e+01 2.3338e-13 2.3338e-13 [ 1.3765e-78 1.8962e-35 3.3425e-20 2.2366e-13 9.7113e-15 ] 1.0000e+00
 5.633e+01 1.8789e-13 1.8789e-13 [ 6.0650e-79 1.1786e-35 2.4545e-20 1.8003e-13 7.8673e-15 ] 1.0000e+00
 5.644e+01 1.5117e-13 1.5117e-13 [ 2.6697e-79 7.3186e-36 1.8009e-20 1.4481e-13 6.3688e-15 ] 1.0000e+00
 5.655e+01 1.2155e-13 1.2155e-13 [ 1.1740e-79 4.5401e-36 1.3203e-20 1.1639e-13 5.1521e-15 ] 1.0000e+00
 5.667e+01 9.7659e-14 9.7659e-14 [ 5.1577e-80 2.8136e-36 9.6714e-21 9.3494e-14 4.1649e-15 ] 1.0000e+00
 5.678e+01 7.8413e-14 7.8413e-14 [ 2.2636e-80 1.7419e-36 7.0789e-21 7.5048e-14 3.3644e-15 ] 1.0000e+00
 5.689e+01 6.2917e-14 6.2917e-14 [ 9.9252e-81 1.0774e-36 5.1771e-21 6.0201e-14 2.7158e-15 ] 1.0000e+00
 5.701e+01 5.0448e-14 5.0448e-14 [ 4.3476e-81 6.6571e-37 3.7832e-21 4.8258e-14 2.1908e-15 ] 1.0000e+00
 5.712e+01 4.0424e-14 4.0424e-14 [ 1.9025e-81 4.1093e-37 2.7624e-21 3.8658e-14 1.7659e-15 ] 1.0000e+00
 5.723e+01 3.2369e-14 3.2369e-14 [ 8.3176e-82 2.5341e-37 2.0154e-21 3.0947e-14 1.4225e-15 ] 1.0000e+00
 5.735e+01 2.5902e-14 2.5902e-14 [ 3.6328e-82 1.5612e-37 1.4692e-21 2.4757e-14 1.1450e-15 ] 1.0000e+00
 5.746e+01 2.0713e-14 2.0713e-14 [ 1.5852e-82 9.6087e-38 1.0702e-21 1.9792e-14 9.2105e-16 ] 1.0000e+00
 5.757e+01 1.6552e-14 1.6552e-14 [ 6.9102e-83 5.9081e-38 7.7895e-22 1.5812e-14 7.4036e-16 ] 1.0000e+00
 5.769e+01 1.3219e-14 1.3219e-14 [ 3.0095e-83 3.6291e-38 5.6650e-22 1.2624e-14 5.9470e-16 ] 1.0000e+00
 5.780e+01 1.0549e-14 1.0549e-14 [ 1.3094e-83 2.2271e-38 4.1166e-22 1.0072e-14 4.7736e-16 ] 1.0000e+00
 5.791e+01 8.4131e-15 8.4131e-15 [ 5.6920e-84 1.3654e-38 2.9891e-22 8.0302e-15 3.8291e-16 ] 1.0000e+00
 5.803e+01 6.7051e-15 6.7051e-15 [ 2.4719e-84 8.3626e-39 2.1686e-22 6.3982e-15 3.0693e-16 ] 1.0000e+00
 5.814e+01 5.3403e-15 5.3403e-15 [ 1.0725e-84 5.1169e-39 1.5721e-22 5.0945e-15 2.4585e-16 ] 1.0000e+00
 5.825e+01 4.2505e-15 4.2505e-15 [ 4.6489e-85 3.1279e-39 1.1388e-22 4.0537e-15 1.9680e-16 ] 1.0000e+00
 5.837e+01 3.3808e-15 3.3808e-15 [ 2.0133e-85 1.9102e-39 8.2428e-23 3.2234e-15 1.5742e-16 ] 1.0000e+00
 5.848e+01 2.6873e-15 2.6873e-15 [ 8.7105e-86 1.1655e-39 5.9614e-23 2.5615e-15 1.2583e-16 ] 1.0000e+00
 5.859e+01 2.1346e-15 2.1346e-15 [ 3.7652e-86 7.1038e-40 4.3081e-23 2.0341e-15 1.0051e-16 ] 1.0000e+00
 5.871e+01 1.6945e-15 1.6945e-15 [ 1.6260e-86 4.3258e-40 3.1108e-23 1.6142e-15 8.0236e-17 ] 1.0000e+00
 5.882e+01 1.3442e-15 1.3442e-15 [ 7.0157e-87 2.6316e-40 2.2445e-23 1.2802e-15 6.4004e-17 ] 1.0000e+00
 5.893e+01 1.0656e-15 1.0656e-15 [ 3.0243e-87 1.5994e-40 1.6182e-23 1.0146e-15 5.1021e-17 ] 1.0000e+00
 5.905e+01 8.4423e-16 8.4423e-16 [ 1.3025e-87 9.7115e-41 1.1657e-23 8.0358e-16 4.0643e-17 ] 1.0000e+00
 5.916e+01 6.6838e-16 6.6838e-16 [ 5.6043e-88 5.8911e-41 8.3913e-24 6.3603e-16 3.2355e-17 ] 1.0000e+00
 5.927e+01 5.2882e-16 5.2882e-16 [ 2.4092e-88 3.5702e-41 6.0355e-24 5.0308e-16 2.5739e-17 ] 1.0000e+00
 5.939e+01 4.1812e-16 4.1812e-16 [ 1.0348e-88 2.1616e-41 4.3378e-24 3.9766e-16 2.0461e-17 ] 1.0000e+00
 5.950e+01 3.3038e-16 3.3038e-16 [ 4.4403e-89 1.3075e-41 3.1151e-24 3.1413e-16 1.6255e-17 ] 1.0000e+00
 5.961e+01 2.6088e-16 2.6088e-16 [ 1.9037e-89 7.9014e-42 2.2354e-24 2.4798e-16 1.2905e-17 ] 1.0000e+00
 5.973e+01 2.0587e-16 2.0587e-16 [ 8.1544e-90 4.7704e-42 1.6028e-24 1.9563e-16 1.0238e-17 ] 1.0000e+00
 5.984e+01 1.6235e-16 1.6235e-16 [ 3.4898e-90 2.8773e-42 1.1484e-24 1.5423e-16 8.1169e-18 ] 1.0000e+00
 5.995e+01 1.2794e-16 1.2794e-16 [ 1.4922e-90 1.7339e-42 8.2212e-25 1.2151e-16 6.4309e-18 ] 1.0000e+00
 6.007e+01 1.0077e-16 1.0077e-16 [ 6.3745e-91 1.0438e-42 5.8811e-25 9.5674e-17 5.0916e-18 ] 1.0000e+00
 6.018e+01 7.9309e-17 7.9309e-17 [ 2.7208e-91 6.2782e-43 4.2038e-25 7.5280e-17 4.0285e-18 ] 1.0000e+00
 6.029e+01 6.2381e-17 6.2381e-17 [ 1.1603e-91 3.7725e-43 3.0026e-25 5.9195e-17 3.1853e-18 ] 1.0000e+00
 6.041e+01 4.9034e-17 4.9034e-17 [ 4.9437e-92 2.2648e-43 2.1430e-25 4.6517e-17 2.5168e-18 ] 1.0000e+00
 6.052e+01 3.8518e-17 3.8518e-17 [ 2.1045e-92 1.3583e-43 1.5283e-25 3.6530e-17 1.9873e-18 ] 1.0000e+00
 6.063e+01 3.0237e-17 3.0237e-17 [ 8.9512e-93 8.1392e-44 1.0890e-25 2.8669e-17 1.5682e-18 ] 1.0000e+00
 6.075e+01 2.3722e-17 2.3722e-17 [ 3.8039e-93 4.8725e-44 7.7545e-26 2.2485e-17 1.2366e-18 ] 1.0000e+00
 6.086e+01 1.8598e-17 1.8598e-17 [ 1.6151e-93 2.9142e-44 5.5174e-26 1.7623e-17 9.7448e-19 ] 1.0000e+00
 6.097e+01 1.4572e-17 1.4572e-17 [ 6.8517e-94 1.7413e-44 3.9227e-26 1.3804e-17 7.6741e-19 ] 1.0000e+00
 6.109e+01 1.1409e-17 1.1409e-17 [ 2.9042e-94 1.0395e-44 2.7867e-26 1.0806e-17 6.0394e-19 ] 1.0000e+00
 6.120e+01 8.9279e-18 8.9279e-18 [ 1.2299e-94 6.2000e-45 1.9782e-26 8.4529e-18 4.7498e-19 ] 1.0000e+00
 6.131e+01 6.9815e-18 6.9815e-18 [ 5.2042e-95 3.6944e-45 1.4032e-26 6.6082e-18 3.7330e-19 ] 1.0000e+00
 6.143e+01 5.4560e-18 5.4560e-18 [ 2.2002e-95 2.1993e-45 9.9458e-27 5.1628e-18 2.9320e-19 ] 1.0000e+00
 6.154e+01 4.2611e-18 4.2611e-18 [ 9.2939e-96 1.3081e-45 7.0441e-27 4.0310e-18 2.3013e-19 ] 1.0000e+00
 6.165e+01 3.3258e-18 3.3258e-18 [ 3.9225e-96 7.7730e-46 4.9852e-27 3.1453e-18 1.8051e-19 ] 1.0000e+00
 6.177e+01 2.5941e-18 2.5941e-18 [ 1.6541e-96 4.6146e-46 3.5254e-27 2.4526e-18 1.4149e-19 ] 1.0000e+00
 6.188e+01 2.0221e-18 2.0221e-18 [ 6.9696e-97 2.7370e-46 2.4912e-27 1.9112e-18 1.1084e-19 ] 1.0000e+00
 6.199e+01 1.5752e-18 1.5752e-18 [ 2.9341e-97 1.6219e-46 1.7590e-27 1.4884e-18 8.6769e-20 ] 1.0000e+00
 6.211e+01 1.2263e-18 1.2263e-18 [ 1.2342e-97 9.6023e-47 1.2411e-27 1.1584e-18 6.7880e-20 ] 1.0000e+00
 6.222e+01 9.5406e-19 9.5406e-19 [ 5.1872e-98 5.6797e-47 8.7502e-28 9.0100e-19 5.3069e-20 ] 1.0000e+00
 6.233e+01 7.4180e-19 7.4180e-19 [ 2.1783e-98 3.3564e-47 6.1645e-28 7.0034e-19 4.1463e-20 ] 1.0000e+00
 6.245e+01 5.7639e-19 5.7639e-19 [ 9.1399e-99 1.9817e-47 4.3396e-28 5.4402e-19 3.2373e-20 ] 1.0000e+00
 6.256e+01 4.4759e-19 4.4759e-19 [ 3.8318e-99 1.1690e-47 3.0526e-28 4.2233e-19 2.5260e-20 ] 1.0000e+00
 6.267e+01 3.4735e-19 3.4735e-19 [ 1.6052e-99 6.8891e-48 2.1457e-28 3.2765e-19 1.9697e-20 ] 1.0000e+00
 6.279e+01 2.6938e-19 2.6938e-19 [ 6.7184e-100 4.0563e-48 1.5071e-28 2.5403e-19 1.5349e-20 ] 1.0000e+00
 6.290e+01 2.0879e-19 2.0879e-19 [ 2.8097e-100 2.3862e-48 1.0578e-28 1.9684e-19 1.1953e-20 ] 1.0000e+00
 6.301e+01 1.6172e-19 1.6172e-19 [ 1.1741e-100 1.4025e-48 7.4183e-29 1.5242e-19 9.3022e-21 ] 1.0000e+00
 6.313e+01 1.2519e-19 1.2519e-19 [ 4.9022e-101 8.2352e-49 5.1987e-29 1.1795e-19 7.2347e-21 ] 1.0000e+00
 6.324e+01 9.6843e-20 9.6843e-20 [ 2.0451e-101 4.8314e-49 3.6405e-29 9.1220e-20 5.6231e-21 ] 1.0000e+00
 6.335e+01 7.4871e-20 7.4871e-20 [ 8.5252e-102 2.8319e-49 2.5475e-29 7.0503e-20 4.3676e-21 ] 1.0000e+00
 6.347e+01 5.7847e-20 5.7847e-20 [ 3.5509e-102 1.6584e-49 1.7812e-29 5.4457e-20 3.3903e-21 ] 1.0000e+00
 6.358e+01 4.4666e-20 4.4666e-20 [ 1.4778e-102 9.7030e-50 1.2446e-29 4.2036e-20 2.6300e-21 ] 1.0000e+00
 6.369e+01 3.4467e-20 3.4467e-20 [ 6.1455e-103 5.6720e-50 8.6893e-30 3.2428e-20 2.0388e-21 ] 1.0000e+00
 6.381e+01 2.6580e-20 2.6580e-20 [ 2.5536e-103 3.3127e-50 6.0622e-30 2.5001e-20 1.5795e-21 ] 1.0000e+00
 6.392e+01 2.0485e-20 2.0485e-20 [ 1.0602e-103 1.9330e-50 4.2263e-30 1.9262e-20 1.2229e-21 ] 1.0000e+00
 6.403e+01 1.5778e-20 1.5778e-20 [ 4.3983e-104 1.1269e-50 2.9441e-30 1.4832e-20 9.4624e-22 ] 1.0000e+00
 6.415e+01 1.2145e-20 1.2145e-20 [ 1.8232e-104 6.5640e-51 2.0494e-30 1.1413e-20 7.3167e-22 ] 1.0000e+00
 6.426e+01 9.3425e-21 9.3425e-21 [ 7.5519e-105 3.8199e-51 1.4256e-30 8.7771e-21 5.6540e-22 ] 1.0000e+00
 6.437e+01 7.1823e-21 7.1823e-21 [ 3.1255e-105 2.2210e-51 9.9088e-31 6.7457e-21 4.3663e-22 ] 1.0000e+00
 6.449e+01 5.5182e-21 5.5182e-21 [ 1.2926e-105 1.2902e-51 6.8823e-31 5.1812e-21 3.3698e-22 ] 1.0000e+00
 6.460e+01 4.2370e-21 4.2370e-21 [ 5.3412e-106 7.4885e-52 4.7767e-31 3.9771e-21 2.5990e-22 ] 1.0000e+00
 6.471e+01 3.2513e-21 3.2513e-21 [ 2.2054e-106 4.3425e-52 3.3128e-31 3.0509e-21 2.0033e-22 ] 1.0000e+00
 6.483e+01 2.4933e-21 2.4933e-21 [ 9.0992e-107 2.5159e-52 2.2959e-31 2.3390e-21 1.5431e-22 ] 1.0000e+00
 6.494e+01 1.9109e-21 1.9109e-21 [ 3.7513e-107 1.4563e-52 1.5899e-31 1.7921e-21 1.1879e-22 ] 1.0000e+00
 6.505e+01 1.4636e-21 1.4636e-21 [ 1.5453e-107 8.4228e-53 1.1002e-31 1.3722e-21 9.1386e-23 ] 1.0000e+00
 6.517e+01 1.1203e-21 1.1203e-21 [ 6.3610e-108 4.8670e-53 7.6082e-32 1.0501e-21 7.0260e-23 ] 1.0000e+00
 6.528e+01 8.5702e-22 8.5702e-22 [ 2.6164e-108 2.8099e-53 5.2572e-32 8.0304e-22 5.3984e-23 ] 1.0000e+00
 6.539e+01 6.5521e-22 6.5521e-22 [ 1.0753e-108 1.6208e-53 3.6300e-32 6.1376e-22 4.1452e-23 ] 1.0000e+00
 6.551e+01 5.0061e-22 5.0061e-22 [ 4.4162e-109 9.3408e-54 2.5046e-32 4.6880e-22 3.1809e-23 ] 1.0000e+00
 6.562e+01 3.8225e-22 3.8225e-22 [ 1.8123e-109 5.3785e-54 1.7269e-32 3.5786e-22 2.4394e-23 ] 1.0000e+00
 6.573e+01 2.9170e-22 2.9170e-22 [ 7.4314e-110 3.0943e-54 1.1898e-32 2.7300e-22 1.8696e-23 ] 1.0000e+00
 6.585e+01 2.2246e-22 2.2246e-22 [ 3.0450e-110 1.7786e-54 8.1912e-33 2.0814e-22 1.4320e-23 ] 1.0000e+00
 6.596e+01 1.6955e-22 1.6955e-22 [ 1.2468e-110 1.0215e-54 5.6352e-33 1.5859e-22 1.0961e-23 ] 1.0000e+00
 6.607e+01 1.2915e-22 1.2915e-22 [ 5.1009e-111 5.8611e-55 3.8740e-33 1.2077e-22 8.3846e-24 ] 1.0000e+00
 6.619e+01 9.8314e-23 9.8314e-23 [ 2.0854e-111 3.3602e-55 2.6613e-33 9.1904e-23 6.4099e-24 ] 1.0000e+00
 6.630e+01 7.4795e-23 7.4795e-23 [ 8.5193e-112 1.9247e-55 1.8269e-33 6.9898e-23 4.8972e-24 ] 1.0000e+00
 6.641e+01 5.6868e-23 5.6868e-23 [ 3.4777e-112 1.1015e-55 1.2532e-33 5.3129e-23 3.7392e-24 ] 1.0000e+00
 6.653e+01 4.3211e-23 4.3211e-23 [ 1.4186e-112 6.2986e-56 8.5901e-34 4.0358e-23 2.8532e-24 ] 1.0000e+00
 6.664e+01 3.2814e-23 3.2814e-23 [ 5.7824e-113 3.5985e-56 5.8840e-34 3.0638e-23 2.1758e-24 ] 1.0000e+00
 6.675e+01 2.4903e-23 2.4903e-23 [ 2.3552e-113 2.0541e-56 4.0274e-34 2.3245e-23 1.6582e-24 ] 1.0000e+00
 6.687e+01 1.8888e-23 1.8888e-23 [ 9.5860e-114 1.1715e-56 2.7547e-34 1.7626e-23 1.2629e-24 ] 1.0000e+00
 6.698e+01 1.4318e-23 1.4318e-23 [ 3.8988e-114 6.6757e-57 1.8828e-34 1.3356e-23 9.6129e-25 ] 1.0000e+00
 6.709e+01 1.0846e-23 1.0846e-23 [ 1.5845e-114 3.8008e-57 1.2859e-34 1.0115e-23 7.3124e-25 ] 1.0000e+00
 6.721e+01 8.2116e-24 8.2116e-24 [ 6.4350e-115 2.1621e-57 8.7764e-35 7.6557e-24 5.5590e-25 ] 1.0000e+00
 6.732e+01 6.2132e-24 6.2132e-24 [ 2.6114e-115 1.2289e-57 5.9855e-35 5.7908e-24 4.2234e-25 ] 1.0000e+00
 6.743e+01 4.6982e-24 4.6982e-24 [ 1.0590e-115 6.9785e-58 4.0792e-35 4.3776e-24 3.2067e-25 ] 1.0000e+00
 6.755e+01 3.5506e-24 3.5506e-24 [ 4.2915e-116 3.9596e-58 2.7781e-35 3.3072e-24 2.4333e-25 ] 1.0000e+00
 6.766e+01 2.6816e-24 2.6816e-24 [ 1.7378e-116 2.2447e-58 1.8906e-35 2.4971e-24 1.8453e-25 ] 1.0000e+00
 6.777e+01 2.0241e-24 2.0241e-24 [ 7.0320e-117 1.2715e-58 1.2857e-35 1.8843e-24 1.3985e-25 ] 1.0000e+00
 6.789e+01 1.5269e-24 1.5269e-24 [ 2.8435e-117 7.1958e-59 8.7369e-36 1.4210e-24 1.0592e-25 ] 1.0000e+00
 6.800e+01 1.1512e-24 1.1512e-24 [ 1.1490e-117 4.0689e-59 5.9330e-36 1.0710e-24 8.0181e-26 ] 1.0000e+00
 6.811e+01 8.6741e-25 8.6741e-25 [ 4.6393e-118 2.2989e-59 4.0261e-36 8.0676e-25 6.0658e-26 ] 1.0000e+00
 6.823e+01 6.5322e-25 6.5322e-25 [ 1.8719e-118 1.2977e-59 2.7301e-36 6.0736e-25 4.5863e-26 ] 1.0000e+00
 6.834e+01 4.9166e-25 4.9166e-25 [ 7.5479e-119 7.3195e-60 1.8500e-36 4.5700e-25 3.4658e-26 ] 1.0000e+00
 6.845e+01 3.6988e-25 3.6988e-25 [ 3.0412e-119 4.1249e-60 1.2527e-36 3.4371e-25 2.6178e-26 ] 1.0000e+00
 6.857e+01 2.7817e-25 2.7817e-25 [ 1.2245e-119 2.3226e-60 8.4770e-37 2.5840e-25 1.9766e-26 ] 1.0000e+00
 6.868e+01 2.0916e-25 2.0916e-25 [ 4.9270e-120 1.3067e-60 5.7326e-37 1.9424e-25 1.4922e-26 ] 1.0000e+00
 6.879e+01 1.5729e-25 1.5729e-25 [ 1.9810e-120 7.3452e-61 3.8745e-37 1.4603e-25 1.1267e-26 ] 1.0000e+00
 6.891e+01 1.1838e-25 1.1838e-25 [ 7.9596e-121 4.1256e-61 2.6177e-37 1.0986e-25 8.5142e-27 ] 1.0000e+00
 6.902e+01 8.9251e-26 8.9251e-26 [ 3.1959e-121 2.3154e-61 1.7687e-37 8.2805e-26 6.4460e-27 ] 1.0000e+00
 6.913e+01 6.7537e-26 6.7537e-26 [ 1.2823e-121 1.2987e-61 1.1962e-37 6.2639e-26 4.8987e-27 ] 1.0000e+00
 6.925e+01 5.1460e-26 5.1460e-26 [ 5.1418e-122 7.2840e-62 8.1143e-38 4.7711e-26 3.7491e-27 ] 1.0000e+00
 6.936e+01 3.9697e-26 3.9697e-26 [ 2.0607e-122 4.0919e-62 5.5451e-38 3.6792e-26 2.9053e-27 ] 1.0000e+00
 6.947e+01 3.1279e-26 3.1279e-26 [ 8.2623e-123 2.3149e-62 3.8530e-38 2.8980e-26 2.2998e-27 ] 1.0000e+00
 6.959e+01 2.5510e-26 2.5510e-26 [ 3.3342e-123 1.3408e-62 2.7730e-38 2.3626e-26 1.8838e-27 ] 1.0000e+00
 6.970e+01 2.1911e-26 2.1911e-26 [ 1.4038e-123 8.3350e-63 2.1355e-38 2.0287e-26 1.6238e-27 ] 1.0000e+00
 6.981e+01 2.0183e-26 2.0183e-26 [ 7.3795e-124 6.1730e-63 1.8400e-38 1.8684e-26 1.4989e-27 ] 1.0000e+00
 6.993e+01 2.0183e-26 2.0183e-26 [ 7.3795e-124 6.1730e-63 1.8400e-38 1.8684e-26 1.4989e-27 ] 1.0000e+00
