 0.000e+00 0.0000e+00 0.0000e+00 [ 0.0000e+00 0.0000e+00 0.0000e+00 0.0000e+00 0.0000e+00 ] 1.0000e+00
 1.133e-01 1.3351e-01 1.3351e-01 [ 1.3240e-01 5.4625e-04 2.6475e-04 2.9631e-04 9.4695e-06 ] 8.6649e-01
 2.267e-01 2.4882e-01 2.4882e-01 [ 2.4452e-01 2.1202e-03 1.0274e-03 1.1323e-03 1.8660e-05 ] 7.5118e-01
 3.400e-01 3.4417e-01 3.4417e-01 [ 3.3499e-01 4.5486e-03 2.2037e-03 2.3928e-03 2.7341e-05 ] 6.5583e-01
 4.533e-01 4.1986e-01 4.1986e-01 [ 4.0460e-01 7.6025e-03 3.6820e-03 3.9404e-03 3.5365e-05 ] 5.8014e-01
 5.667e-01 4.7762e-01 4.7762e-01 [ 4.5553e-01 1.1054e-02 5.3512e-03 5.6462e-03 4.2673e-05 ] 5.2238e-01
 6.800e-01 5.2024e-01 5.2024e-01 [ 4.9095e-01 1.4717e-02 7.1202e-03 7.4088e-03 4.9278e-05 ] 4.7976e-01
 7.933e-01 5.5089e-01 5.5089e-01 [ 5.1430e-01 1.8460e-02 8.9245e-03 9.1594e-03 5.5244e-05 ] 4.4911e-01
 9.067e-01 5.7254e-01 5.7254e-01 [ 5.2870e-01 2.2201e-02 1.0724e-02 1.0858e-02 6.0655e-05 ] 4.2746e-01
 1.020e+00 5.8766e-01 5.8766e-01 [ 5.3672e-01 2.5896e-02 1.2497e-02 1.2483e-02 6.5597e-05 ] 4.1234e-01
 1.133e+00 5.9814e-01 5.9814e-01 [ 5.4028e-01 2.9527e-02 1.4232e-02 1.4030e-02 7.0151e-05 ] 4.0186e-01
 1.247e+00 6.0539e-01 6.0539e-01 [ 5.4081e-01 3.3087e-02 1.5927e-02 1.5496e-02 7.4386e-05 ] 3.9461e-01
 1.360e+00 6.1039e-01 6.1039e-01 [ 5.3927e-01 3.6577e-02 1.7582e-02 1.6886e-02 7.8358e-05 ] 3.8961e-01
 1.473e+00 6.1383e-01 6.1383e-01 [ 5.3634e-01 4.0003e-02 1.9198e-02 1.8205e-02 8.2115e-05 ] 3.8617e-01
 1.587e+00 6.1618e-01 6.1618e-01 [ 5.3249e-01 4.3370e-02 2.0778e-02 1.9459e-02 8.5692e-05 ] 3.8382e-01
 1.700e+00 6.1776e-01 6.1776e-01 [ 5.2801e-01 4.6685e-02 2.2324e-02 2.0653e-02 8.9121e-05 ] 3.8224e-01
 1.813e+00 6.1880e-01 6.1880e-01 [ 5.2312e-01 4.9954e-02 2.3838e-02 2.1793e-02 9.2427e-05 ] 3.8120e-01
 1.927e+00 6.1945e-01 6.1945e-01 [ 5.1796e-01 5.3182e-02 2.5324e-02 2.2883e-02 9.5630e-05 ] 3.8055e-01
 2.040e+00 6.1981e-01 6.1981e-01 [ 5.1262e-01 5.6375e-02 2.6783e-02 2.3929e-02 9.8746e-05 ] 3.8019e-01
 2.153e+00 6.1996e-01 6.1996e-01 [ 5.0717e-01 5.9537e-02 2.8218e-02 2.4935e-02 1.0179e-04 ] 3.8004e-01
 2.267e+00 6.1996e-01 6.1996e-01 [ 5.0165e-01 6.2672e-02 2.9629e-02 2.5904e-02 1.0478e-04 ] 3.8004e-01
 2.380e+00 6.1984e-01 6.1984e-01 [ 4.9609e-01 6.5784e-02 3.1020e-02 2.6842e-02 1.0771e-04 ] 3.8016e-01
 2.493e+00 6.1963e-01 6.1963e-01 [ 4.9051e-01 6.8876e-02 3.2391e-02 2.7750e-02 1.1061e-04 ] 3.8037e-01
 2.607e+00 6.1936e-01 6.1936e-01 [ 4.8492e-01 7.1952e-02 3.3744e-02 2.8634e-02 1.1347e-04 ] 3.8064e-01
 2.720e+00 6.1903e-01 6.1903e-01 [ 4.7933e-01 7.5015e-02 3.5080e-02 2.9494e-02 1.1630e-04 ] 3.8097e-01
 2.833e+00 6.1866e-01 6.1866e-01 [ 4.7374e-01 7.8066e-02 3.6401e-02 3.0336e-02 1.1912e-04 ] 3.8134e-01
 2.947e+00 6.1826e-01 6.1826e-01 [ 4.6817e-01 8.1108e-02 3.7709e-02 3.1160e-02 1.2192e-04 ] 3.8174e-01
 3.060e+00 6.1784e-01 6.1784e-01 [ 4.6260e-01 8.4143e-02 3.9004e-02 3.1969e-02 1.2471e-04 ] 3.8216e-01
 3.173e+00 6.1739e-01 6.1739e-01 [ 4.5704e-01 8.7172e-02 4.0287e-02 3.2766e-02 1.2749e-04 ] 3.8261e-01
 3.287e+00 6.1693e-01 6.1693e-01 [ 4.5149e-01 9.0197e-02 4.1560e-02 3.3553e-02 1.3027e-04 ] 3.8307e-01
 3.400e+00 6.1645e-01 6.1645e-01 [ 4.4595e-01 9.3220e-02 4.2823e-02 3.4331e-02 1.3305e-04 ] 3.8355e-01
 3.513e+00 6.1597e-01 6.1597e-01 [ 4.4041e-01 9.6240e-02 4.4078e-02 3.5102e-02 1.3583e-04 ] 3.8403e-01
 3.627e+00 6.1547e-01 6.1547e-01 [ 4.3488e-01 9.9260e-02 4.5326e-02 3.5867e-02 1.3861e-04 ] 3.8453e-01
 3.740e+00 6.1497e-01 6.1497e-01 [ 4.2935e-01 1.0228e-01 4.6567e-02 3.6629e-02 1.4140e-04 ] 3.8503e-01
 3.853e+00 6.1446e-01 6.1446e-01 [ 4.2383e-01 1.0530e-01 4.7802e-02 3.7388e-02 1.4420e-04 ] 3.8554e-01
 3.967e+00 6.1394e-01 6.1394e-01 [ 4.1830e-01 1.0832e-01 4.9032e-02 3.8145e-02 1.4701e-04 ] 3.8606e-01
 4.080e+00 6.1342e-01 6.1342e-01 [ 4.1278e-01 1.1134e-01 5.0258e-02 3.8901e-02 1.4983e-04 ] 3.8658e-01
 4.193e+00 6.1290e-01 6.1290e-01 [ 4.0725e-01 1.1436e-01 5.1481e-02 3.9657e-02 1.5267e-04 ] 3.8710e-01
 4.307e+00 6.1237e-01 6.1237e-01 [ 4.0172e-01 1.1738e-01 5.2700e-02 4.0415e-02 1.5551e-04 ] 3.8763e-01
 4.420e+00 6.1184e-01 6.1184e-01 [ 3.9619e-01 1.2040e-01 5.3918e-02 4.1174e-02 1.5837e-04 ] 3.8816e-01
 4.533e+00 6.1130e-01 6.1130e-01 [ 3.9065e-01 1.2342e-01 5.5133e-02 4.1935e-02 1.6124e-04 ] 3.8870e-01
 4.647e+00 6.1076e-01 6.1076e-01 [ 3.8511e-01 1.2644e-01 5.6347e-02 4.2699e-02 1.6413e-04 ] 3.8924e-01
 4.760e+00 6.1021e-01 6.1021e-01 [ 3.7957e-01 1.2945e-01 5.7560e-02 4.3466e-02 1.6703e-04 ] 3.8979e-01
 4.873e+00 6.0966e-01 6.0966e-01 [ 3.7401e-01 1.3247e-01 5.8773e-02 4.4236e-02 1.6995e-04 ] 3.9034e-01
 4.987e+00 6.0911e-01 6.0911e-01 [ 3.6846e-01 1.3548e-01 5.9986e-02 4.5010e-02 1.7288e-04 ] 3.9089e-01
 5.100e+00 6.0855e-01 6.0855e-01 [ 3.6290e-01 1.3849e-01 6.1199e-02 4.5789e-02 1.7583e-04 ] 3.9145e-01
 5.213e+00 6.0799e-01 6.0799e-01 [ 3.5733e-01 1.4149e-01 6.2414e-02 4.6571e-02 1.7880e-04 ] 3.9201e-01
 5.327e+00 6.0742e-01 6.0742e-01 [ 3.5176e-01 1.4449e-01 6.3629e-02 4.7358e-02 1.8178e-04 ] 3.9258e-01
 5.440e+00 6.0685e-01 6.0685e-01 [ 3.4619e-01 1.4749e-01 6.4845e-02 4.8149e-02 1.8477e-04 ] 3.9315e-01
 5.553e+00 6.0628e-01 6.0628e-01 [ 3.4061e-01 1.5047e-01 6.6063e-02 4.8944e-02 1.8778e-04 ] 3.9372e-01
 5.667e+00 6.0570e-01 6.0570e-01 [ 3.3503e-01 1.5345e-01 6.7282e-02 4.9744e-02 1.9081e-04 ] 3.9430e-01
 5.780e+00 6.0511e-01 6.0511e-01 [ 3.2945e-01 1.5642e-01 6.8503e-02 5.0549e-02 1.9385e-04 ] 3.9489e-01
 5.893e+00 6.0452e-01 6.0452e-01 [ 3.2387e-01 1.5937e-01 6.9727e-02 5.1357e-02 1.9690e-04 ] 3.9548e-01
 6.007e+00 6.0393e-01 6.0393e-01 [ 3.1829e-01 1.6232e-01 7.0952e-02 5.2171e-02 1.9997e-04 ] 3.9607e-01
 6.120e+00 6.0333e-01 6.0333e-01 [ 3.1271e-01 1.6525e-01 7.2179e-02 5.2988e-02 2.0305e-04 ] 3.9667e-01
 6.233e+00 6.0272e-01 6.0272e-01 [ 3.0713e-01 1.6816e-01 7.3409e-02 5.3810e-02 2.0615e-04 ] 3.9728e-01
 6.347e+00 6.0211e-01 6.0211e-01 [ 3.0156e-01 1.7107e-01 7.4640e-02 5.4635e-02 2.0926e-04 ] 3.9789e-01
 6.460e+00 6.0149e-01 6.0149e-01 [ 2.9599e-01 1.7395e-01 7.5874e-02 5.5465e-02 2.1238e-04 ] 3.9851e-01
 6.573e+00 6.0087e-01 6.0087e-01 [ 2.9042e-01 1.7682e-01 7.7110e-02 5.6298e-02 2.1552e-04 ] 3.9913e-01
 6.687e+00 6.0023e-01 6.0023e-01 [ 2.8487e-01 1.7966e-01 7.8349e-02 5.7135e-02 2.1866e-04 ] 3.9977e-01
 6.800e+00 5.9960e-01 5.9960e-01 [ 2.7932e-01 1.8249e-01 7.9589e-02 5.7976e-02 2.2182e-04 ] 4.0040e-01
 6.913e+00 5.9895e-01 5.9895e-01 [ 2.7378e-01 1.8529e-01 8.0831e-02 5.8820e-02 2.2499e-04 ] 4.0105e-01
 7.027e+00 5.9830e-01 5.9830e-01 [ 2.6826e-01 1.8807e-01 8.2075e-02 5.9667e-02 2.2817e-04 ] 4.0170e-01
 7.140e+00 5.9764e-01 5.9764e-01 [ 2.6274e-01 1.9083e-01 8.3322e-02 6.0517e-02 2.3136e-04 ] 4.0236e-01
 7.253e+00 5.9698e-01 5.9698e-01 [ 2.5725e-01 1.9355e-01 8.4569e-02 6.1370e-02 2.3456e-04 ] 4.0302e-01
 7.367e+00 5.9630e-01 5.9630e-01 [ 2.5177e-01 1.9625e-01 8.5819e-02 6.2226e-02 2.3777e-04 ] 4.0370e-01
 7.480e+00 5.9562e-01 5.9562e-01 [ 2.4630e-01 1.9892e-01 8.7070e-02 6.3085e-02 2.4099e-04 ] 4.0438e-01
 7.593e+00 5.9493e-01 5.9493e-01 [ 2.4086e-01 2.0156e-01 8.8322e-02 6.3946e-02 2.4422e-04 ] 4.0507e-01
 7.707e+00 5.9423e-01 5.9423e-01 [ 2.3544e-01 2.0417e-01 8.9576e-02 6.4809e-02 2.4745e-04 ] 4.0577e-01
 7.820e+00 5.9353e-01 5.9353e-01 [ 2.3004e-01 2.0674e-01 9.0830e-02 6.5675e-02 2.5070e-04 ] 4.0647e-01
 7.933e+00 5.9282e-01 5.9282e-01 [ 2.2466e-01 2.0927e-01 9.2086e-02 6.6542e-02 2.5395e-04 ] 4.0718e-01
 8.047e+00 5.9209e-01 5.9209e-01 [ 2.1931e-01 2.1177e-01 9.3342e-02 6.7412e-02 2.5721e-04 ] 4.0791e-01
 8.160e+00 5.9136e-01 5.9136e-01 [ 2.1399e-01 2.1423e-01 9.4599e-02 6.8283e-02 2.6047e-04 ] 4.0864e-01
 8.273e+00 5.9062e-01 5.9062e-01 [ 2.0870e-01 2.1664e-01 9.5856e-02 6.9156e-02 2.6375e-04 ] 4.0938e-01
 8.387e+00 5.8987e-01 5.8987e-01 [ 2.0345e-01 2.1902e-01 9.7113e-02 7.0031e-02 2.6702e-04 ] 4.1013e-01
 8.500e+00 5.8912e-01 5.8912e-01 [ 1.9822e-01 2.2135e-01 9.8371e-02 7.0907e-02 2.7031e-04 ] 4.1088e-01
 8.613e+00 5.8835e-01 5.8835e-01 [ 1.9304e-01 2.2363e-01 9.9628e-02 7.1784e-02 2.7360e-04 ] 4.1165e-01
 8.727e+00 5.8758e-01 5.8758e-01 [ 1.8789e-01 2.2586e-01 1.0089e-01 7.2662e-02 2.7689e-04 ] 4.1242e-01
 8.840e+00 5.8679e-01 5.8679e-01 [ 1.8278e-01 2.2805e-01 1.0214e-01 7.3542e-02 2.8019e-04 ] 4.1321e-01
 8.953e+00 5.8600e-01 5.8600e-01 [ 1.7771e-01 2.3018e-01 1.0340e-01 7.4423e-02 2.8350e-04 ] 4.1400e-01
 9.067e+00 5.8519e-01 5.8519e-01 [ 1.7269e-01 2.3226e-01 1.0465e-01 7.5304e-02 2.8680e-04 ] 4.1481e-01
 9.180e+00 5.8438e-01 5.8438e-01 [ 1.6771e-01 2.3428e-01 1.0591e-01 7.6187e-02 2.9011e-04 ] 4.1562e-01
 9.293e+00 5.8355e-01 5.8355e-01 [ 1.6278e-01 2.3625e-01 1.0716e-01 7.7070e-02 2.9343e-04 ] 4.1645e-01
 9.407e+00 5.8272e-01 5.8272e-01 [ 1.5790e-01 2.3815e-01 1.0841e-01 7.7954e-02 2.9675e-04 ] 4.1728e-01
 9.520e+00 5.8188e-01 5.8188e-01 [ 1.5307e-01 2.4000e-01 1.0966e-01 7.8838e-02 3.0007e-04 ] 4.1812e-01
 9.633e+00 5.8102e-01 5.8102e-01 [ 1.4830e-01 2.4178e-01 1.1091e-01 7.9723e-02 3.0339e-04 ] 4.1898e-01
 9.747e+00 5.8016e-01 5.8016e-01 [ 1.4359e-01 2.4350e-01 1.1216e-01 8.0608e-02 3.0672e-04 ] 4.1984e-01
 9.860e+00 5.7928e-01 5.7928e-01 [ 1.3893e-01 2.4515e-01 1.1340e-01 8.1493e-02 3.1004e-04 ] 4.2072e-01
 9.973e+00 5.7840e-01 5.7840e-01 [ 1.3433e-01 2.4673e-01 1.1465e-01 8.2379e-02 3.1337e-04 ] 4.2160e-01
 1.009e+01 5.7750e-01 5.7750e-01 [ 1.2979e-01 2.4824e-01 1.1589e-01 8.3265e-02 3.1670e-04 ] 4.2250e-01
 1.020e+01 5.7659e-01 5.7659e-01 [ 1.2532e-01 2.4968e-01 1.1712e-01 8.4151e-02 3.2004e-04 ] 4.2341e-01
 1.031e+01 5.7568e-01 5.7568e-01 [ 1.2092e-01 2.5104e-01 1.1836e-01 8.5037e-02 3.2337e-04 ] 4.2432e-01
 1.043e+01 5.7475e-01 5.7475e-01 [ 1.1658e-01 2.5232e-01 1.1959e-01 8.5922e-02 3.2670e-04 ] 4.2525e-01
 1.054e+01 5.7381e-01 5.7381e-01 [ 1.1232e-01 2.5353e-01 1.2082e-01 8.6808e-02 3.3003e-04 ] 4.2619e-01
 1.065e+01 5.7286e-01 5.7286e-01 [ 1.0812e-01 2.5466e-01 1.2205e-01 8.7693e-02 3.3337e-04 ] 4.2714e-01
 1.077e+01 5.7190e-01 5.7190e-01 [ 1.0400e-01 2.5571e-01 1.2327e-01 8.8578e-02 3.3670e-04 ] 4.2810e-01
 1.088e+01 5.7092e-01 5.7092e-01 [ 9.9961e-02 2.5667e-01 1.2449e-01 8.9463e-02 3.4003e-04 ] 4.2908e-01
 1.099e+01 5.6994e-01 5.6994e-01 [ 9.5995e-02 2.5755e-01 1.2570e-01 9.0347e-02 3.4336e-04 ] 4.3006e-01
 1.111e+01 5.6894e-01 5.6894e-01 [ 9.2109e-02 2.5834e-01 1.2691e-01 9.1230e-02 3.4669e-04 ] 4.3106e-01
 1.122e+01 5.6794e-01 5.6794e-01 [ 8.8304e-02 2.5905e-01 1.2812e-01 9.2113e-02 3.5002e-04 ] 4.3206e-01
 1.133e+01 5.6692e-01 5.6692e-01 [ 8.4582e-02 2.5967e-01 1.2932e-01 9.2995e-02 3.5335e-04 ] 4.3308e-01
 1.145e+01 5.6589e-01 5.6589e-01 [ 8.0943e-02 2.6019e-01 1.3052e-01 9.3877e-02 3.5667e-04 ] 4.3411e-01
 1.156e+01 5.6484e-01 5.6484e-01 [ 7.7390e-02 2.6063e-01 1.3171e-01 9.4757e-02 3.6000e-04 ] 4.3516e-01
 1.167e+01 5.6379e-01 5.6379e-01 [ 7.3923e-02 2.6097e-01 1.3290e-01 9.5637e-02 3.6332e-04 ] 4.3621e-01
 1.179e+01 5.6272e-01 5.6272e-01 [ 7.0544e-02 2.6122e-01 1.3408e-01 9.6516e-02 3.6663e-04 ] 4.3728e-01
 1.190e+01 5.6164e-01 5.6164e-01 [ 6.7253e-02 2.6137e-01 1.3526e-01 9.7393e-02 3.6995e-04 ] 4.3836e-01
 1.201e+01 5.6055e-01 5.6055e-01 [ 6.4053e-02 2.6143e-01 1.3643e-01 9.8270e-02 3.7326e-04 ] 4.3945e-01
 1.213e+01 5.5945e-01 5.5945e-01 [ 6.0942e-02 2.6139e-01 1.3760e-01 9.9145e-02 3.7657e-04 ] 4.4055e-01
 1.224e+01 5.5834e-01 5.5834e-01 [ 5.7923e-02 2.6126e-01 1.3876e-01 1.0002e-01 3.7987e-04 ] 4.4166e-01
 1.235e+01 5.5721e-01 5.5721e-01 [ 5.4995e-02 2.6103e-01 1.3991e-01 1.0089e-01 3.8317e-04 ] 4.4279e-01
 1.247e+01 5.5607e-01 5.5607e-01 [ 5.2159e-02 2.6071e-01 1.4106e-01 1.0176e-01 3.8646e-04 ] 4.4393e-01
 1.258e+01 5.5492e-01 5.5492e-01 [ 4.9415e-02 2.6028e-01 1.4220e-01 1.0263e-01 3.8975e-04 ] 4.4508e-01
 1.269e+01 5.5375e-01 5.5375e-01 [ 4.6764e-02 2.5977e-01 1.4333e-01 1.0350e-01 3.9304e-04 ] 4.4625e-01
 1.281e+01 5.5257e-01 5.5257e-01 [ 4.4205e-02 2.5915e-01 1.4446e-01 1.0437e-01 3.9632e-04 ] 4.4743e-01
 1.292e+01 5.5138e-01 5.5138e-01 [ 4.1737e-02 2.5844e-01 1.4557e-01 1.0523e-01 3.9959e-04 ] 4.4862e-01
 1.303e+01 5.5018e-01 5.5018e-01 [ 3.9361e-02 2.5764e-01 1.4669e-01 1.0609e-01 4.0286e-04 ] 4.4982e-01
 1.315e+01 5.4896e-01 5.4896e-01 [ 3.7076e-02 2.5674e-01 1.4779e-01 1.0695e-01 4.0612e-04 ] 4.5104e-01
 1.326e+01 5.4774e-01 5.4774e-01 [ 3.4882e-02 2.5575e-01 1.4888e-01 1.0781e-01 4.0937e-04 ] 4.5226e-01
 1.337e+01 5.4649e-01 5.4649e-01 [ 3.2777e-02 2.5466e-01 1.4997e-01 1.0867e-01 4.1262e-04 ] 4.5351e-01
 1.349e+01 5.4524e-01 5.4524e-01 [ 3.0760e-02 2.5349e-01 1.5105e-01 1.0952e-01 4.1586e-04 ] 4.5476e-01
 1.360e+01 5.4397e-01 5.4397e-01 [ 2.8831e-02 2.5222e-01 1.5212e-01 1.1037e-01 4.1909e-04 ] 4.5603e-01
 1.371e+01 5.4269e-01 5.4269e-01 [ 2.6988e-02 2.5087e-01 1.5318e-01 1.1122e-01 4.2231e-04 ] 4.5731e-01
 1.383e+01 5.4139e-01 5.4139e-01 [ 2.5230e-02 2.4943e-01 1.5423e-01 1.1207e-01 4.2553e-04 ] 4.5861e-01
 1.394e+01 5.4008e-01 5.4008e-01 [ 2.3555e-02 2.4791e-01 1.5527e-01 1.1291e-01 4.2874e-04 ] 4.5992e-01
 1.405e+01 5.3876e-01 5.3876e-01 [ 2.1962e-02 2.4630e-01 1.5630e-01 1.1376e-01 4.3193e-04 ] 4.6124e-01
 1.417e+01 5.3742e-01 5.3742e-01 [ 2.0448e-02 2.4462e-01 1.5733e-01 1.1459e-01 4.3512e-04 ] 4.6258e-01
 1.428e+01 5.3607e-01 5.3607e-01 [ 1.9013e-02 2.4285e-01 1.5834e-01 1.1543e-01 4.3830e-04 ] 4.6393e-01
 1.439e+01 5.3470e-01 5.3470e-01 [ 1.7653e-02 2.4101e-01 1.5934e-01 1.1626e-01 4.4147e-04 ] 4.6530e-01
 1.451e+01 5.3333e-01 5.3333e-01 [ 1.6368e-02 2.3910e-01 1.6032e-01 1.1709e-01 4.4463e-04 ] 4.6667e-01
 1.462e+01 5.3193e-01 5.3193e-01 [ 1.5154e-02 2.3711e-01 1.6130e-01 1.1792e-01 4.4778e-04 ] 4.6807e-01
 1.473e+01 5.3053e-01 5.3053e-01 [ 1.4010e-02 2.3505e-01 1.6227e-01 1.1874e-01 4.5092e-04 ] 4.6947e-01
 1.485e+01 5.2911e-01 5.2911e-01 [ 1.2933e-02 2.3293e-01 1.6322e-01 1.1956e-01 4.5405e-04 ] 4.7089e-01
 1.496e+01 5.2767e-01 5.2767e-01 [ 1.1921e-02 2.3075e-01 1.6416e-01 1.2038e-01 4.5716e-04 ] 4.7233e-01
 1.507e+01 5.2622e-01 5.2622e-01 [ 1.0972e-02 2.2850e-01 1.6509e-01 1.2119e-01 4.6026e-04 ] 4.7378e-01
 1.519e+01 5.2476e-01 5.2476e-01 [ 1.0083e-02 2.2620e-01 1.6601e-01 1.2200e-01 4.6335e-04 ] 4.7524e-01
 1.530e+01 5.2328e-01 5.2328e-01 [ 9.2514e-03 2.2384e-01 1.6691e-01 1.2281e-01 4.6643e-04 ] 4.7672e-01
 1.541e+01 5.2178e-01 5.2178e-01 [ 8.4754e-03 2.2143e-01 1.6780e-01 1.2361e-01 4.6949e-04 ] 4.7822e-01
 1.553e+01 5.2028e-01 5.2028e-01 [ 7.7522e-03 2.1897e-01 1.6868e-01 1.2441e-01 4.7254e-04 ] 4.7972e-01
 1.564e+01 5.1875e-01 5.1875e-01 [ 7.0795e-03 2.1646e-01 1.6954e-01 1.2520e-01 4.7558e-04 ] 4.8125e-01
 1.575e+01 5.1722e-01 5.1722e-01 [ 6.4547e-03 2.1391e-01 1.7039e-01 1.2599e-01 4.7860e-04 ] 4.8278e-01
 1.587e+01 5.1566e-01 5.1566e-01 [ 5.8755e-03 2.1131e-01 1.7122e-01 1.2677e-01 4.8161e-04 ] 4.8434e-01
 1.598e+01 5.1410e-01 5.1410e-01 [ 5.3395e-03 2.0868e-01 1.7204e-01 1.2755e-01 4.8460e-04 ] 4.8590e-01
 1.609e+01 5.1251e-01 5.1251e-01 [ 4.8444e-03 2.0601e-01 1.7284e-01 1.2833e-01 4.8758e-04 ] 4.8749e-01
 1.621e+01 5.1091e-01 5.1091e-01 [ 4.3878e-03 2.0331e-01 1.7362e-01 1.2910e-01 4.9054e-04 ] 4.8909e-01
 1.632e+01 5.0930e-01 5.0930e-01 [ 3.9676e-03 2.0058e-01 1.7439e-01 1.2987e-01 4.9348e-04 ] 4.9070e-01
 1.643e+01 5.0767e-01 5.0767e-01 [ 3.5815e-03 1.9782e-01 1.7515e-01 1.3063e-01 4.9641e-04 ] 4.9233e-01
 1.655e+01 5.0603e-01 5.0603e-01 [ 3.2275e-03 1.9504e-01 1.7588e-01 1.3138e-01 4.9931e-04 ] 4.9397e-01
 1.666e+01 5.0437e-01 5.0437e-01 [ 2.9034e-03 1.9223e-01 1.7660e-01 1.3213e-01 5.0220e-04 ] 4.9563e-01
 1.677e+01 5.0269e-01 5.0269e-01 [ 2.6073e-03 1.8940e-01 1.7730e-01 1.3288e-01 5.0508e-04 ] 4.9731e-01
 1.689e+01 5.0100e-01 5.0100e-01 [ 2.3373e-03 1.8656e-01 1.7799e-01 1.3362e-01 5.0793e-04 ] 4.9900e-01
 1.700e+01 4.9929e-01 4.9929e-01 [ 2.0915e-03 1.8369e-01 1.7865e-01 1.3435e-01 5.1076e-04 ] 5.0071e-01
 1.711e+01 4.9757e-01 4.9757e-01 [ 1.8682e-03 1.8082e-01 1.7930e-01 1.3508e-01 5.1358e-04 ] 5.0243e-01
 1.723e+01 4.9583e-01 4.9583e-01 [ 1.6658e-03 1.7793e-01 1.7992e-01 1.3580e-01 5.1637e-04 ] 5.0417e-01
 1.734e+01 4.9408e-01 4.9408e-01 [ 1.4826e-03 1.7503e-01 1.8053e-01 1.3651e-01 5.1914e-04 ] 5.0592e-01
 1.745e+01 4.9231e-01 4.9231e-01 [ 1.3172e-03 1.7213e-01 1.8112e-01 1.3722e-01 5.2190e-04 ] 5.0769e-01
 1.757e+01 4.9052e-01 4.9052e-01 [ 1.1680e-03 1.6922e-01 1.8168e-01 1.3793e-01 5.2463e-04 ] 5.0948e-01
 1.768e+01 4.8872e-01 4.8872e-01 [ 1.0339e-03 1.6631e-01 1.8223e-01 1.3862e-01 5.2733e-04 ] 5.1128e-01
 1.779e+01 4.8690e-01 4.8690e-01 [ 9.1341e-04 1.6339e-01 1.8275e-01 1.3931e-01 5.3002e-04 ] 5.1310e-01
 1.791e+01 4.8506e-01 4.8506e-01 [ 8.0547e-04 1.6047e-01 1.8326e-01 1.3999e-01 5.3268e-04 ] 5.1494e-01
 1.802e+01 4.8321e-01 4.8321e-01 [ 7.0895e-04 1.5756e-01 1.8374e-01 1.4067e-01 5.3532e-04 ] 5.1679e-01
 1.813e+01 4.8134e-01 4.8134e-01 [ 6.2281e-04 1.5465e-01 1.8420e-01 1.4134e-01 5.3793e-04 ] 5.1866e-01
 1.825e+01 4.7946e-01 4.7946e-01 [ 5.4610e-04 1.5174e-01 1.8463e-01 1.4200e-01 5.4052e-04 ] 5.2054e-01
 1.836e+01 4.7756e-01 4.7756e-01 [ 4.7791e-04 1.4884e-01 1.8505e-01 1.4265e-01 5.4308e-04 ] 5.2244e-01
 1.847e+01 4.7564e-01 4.7564e-01 [ 4.1743e-04 1.4594e-01 1.8543e-01 1.4330e-01 5.4562e-04 ] 5.2436e-01
 1.859e+01 4.7370e-01 4.7370e-01 [ 3.6389e-04 1.4306e-01 1.8580e-01 1.4394e-01 5.4812e-04 ] 5.2630e-01
 1.870e+01 4.7175e-01 4.7175e-01 [ 3.1660e-04 1.4018e-01 1.8614e-01 1.4457e-01 5.5061e-04 ] 5.2825e-01
 1.881e+01 4.6978e-01 4.6978e-01 [ 2.7492e-04 1.3731e-01 1.8646e-01 1.4519e-01 5.5306e-04 ] 5.3022e-01
 1.893e+01 4.6780e-01 4.6780e-01 [ 2.3825e-04 1.3446e-01 1.8675e-01 1.4580e-01 5.5549e-04 ] 5.3220e-01
 1.904e+01 4.6580e-01 4.6580e-01 [ 2.0606e-04 1.3162e-01 1.8701e-01 1.4641e-01 5.5789e-04 ] 5.3420e-01
 1.915e+01 4.6378e-01 4.6378e-01 [ 1.7787e-04 1.2879e-01 1.8725e-01 1.4700e-01 5.6025e-04 ] 5.3622e-01
 1.927e+01 4.6174e-01 4.6174e-01 [ 1.5322e-04 1.2598e-01 1.8746e-01 1.4759e-01 5.6259e-04 ] 5.3826e-01
 1.938e+01 4.5969e-01 4.5969e-01 [ 1.3173e-04 1.2318e-01 1.8764e-01 1.4817e-01 5.6490e-04 ] 5.4031e-01
 1.949e+01 4.5762e-01 4.5762e-01 [ 1.1302e-04 1.2040e-01 1.8780e-01 1.4874e-01 5.6717e-04 ] 5.4238e-01
 1.961e+01 4.5553e-01 4.5553e-01 [ 9.6770e-05 1.1764e-01 1.8793e-01 1.4930e-01 5.6942e-04 ] 5.4447e-01
 1.972e+01 4.5343e-01 4.5343e-01 [ 8.2688e-05 1.1490e-01 1.8803e-01 1.4985e-01 5.7163e-04 ] 5.4657e-01
 1.983e+01 4.5131e-01 4.5131e-01 [ 7.0509e-05 1.1218e-01 1.8810e-01 1.5039e-01 5.7381e-04 ] 5.4869e-01
 1.995e+01 4.4917e-01 4.4917e-01 [ 6.0001e-05 1.0948e-01 1.8814e-01 1.5092e-01 5.7595e-04 ] 5.5083e-01
 2.006e+01 4.4701e-01 4.4701e-01 [ 5.0953e-05 1.0680e-01 1.8815e-01 1.5144e-01 5.7806e-04 ] 5.5299e-01
 2.017e+01 4.4484e-01 4.4484e-01 [ 4.3179e-05 1.0414e-01 1.8813e-01 1.5195e-01 5.8013e-04 ] 5.5516e-01
 2.029e+01 4.4265e-01 4.4265e-01 [ 3.6515e-05 1.0151e-01 1.8808e-01 1.5245e-01 5.8217e-04 ] 5.5735e-01
 2.040e+01 4.4045e-01 4.4045e-01 [ 3.0815e-05 9.8901e-02 1.8799e-01 1.5294e-01 5.8417e-04 ] 5.5955e-01
 2.051e+01 4.3822e-01 4.3822e-01 [ 2.5949e-05 9.6317e-02 1.8788e-01 1.5341e-01 5.8614e-04 ] 5.6178e-01
 2.063e+01 4.3598e-01 4.3598e-01 [ 2.1806e-05 9.3758e-02 1.8773e-01 1.5388e-01 5.8807e-04 ] 5.6402e-01
 2.074e+01 4.3372e-01 4.3372e-01 [ 1.8286e-05 9.1225e-02 1.8755e-01 1.5433e-01 5.8996e-04 ] 5.6628e-01
 2.085e+01 4.3144e-01 4.3144e-01 [ 1.5301e-05 8.8720e-02 1.8734e-01 1.5478e-01 5.9181e-04 ] 5.6856e-01
 2.097e+01 4.2915e-01 4.2915e-01 [ 1.2776e-05 8.6242e-02 1.8709e-01 1.5521e-01 5.9362e-04 ] 5.7085e-01
 2.108e+01 4.2684e-01 4.2684e-01 [ 1.0645e-05 8.3793e-02 1.8681e-01 1.5563e-01 5.9539e-04 ] 5.7316e-01
 2.119e+01 4.2451e-01 4.2451e-01 [ 8.8497e-06 8.1374e-02 1.8649e-01 1.5604e-01 5.9712e-04 ] 5.7549e-01
 2.131e+01 4.2217e-01 4.2217e-01 [ 7.3416e-06 7.8984e-02 1.8614e-01 1.5644e-01 5.9881e-04 ] 5.7783e-01
 2.142e+01 4.1981e-01 4.1981e-01 [ 6.0773e-06 7.6625e-02 1.8575e-01 1.5682e-01 6.0046e-04 ] 5.8019e-01
 2.153e+01 4.1743e-01 4.1743e-01 [ 5.0198e-06 7.4298e-02 1.8533e-01 1.5719e-01 6.0206e-04 ] 5.8257e-01
 2.165e+01 4.1503e-01 4.1503e-01 [ 4.1372e-06 7.2003e-02 1.8487e-01 1.5755e-01 6.0362e-04 ] 5.8497e-01
 2.176e+01 4.1262e-01 4.1262e-01 [ 3.4024e-06 6.9740e-02 1.8437e-01 1.5790e-01 6.0514e-04 ] 5.8738e-01
 2.187e+01 4.1019e-01 4.1019e-01 [ 2.7919e-06 6.7511e-02 1.8384e-01 1.5823e-01 6.0661e-04 ] 5.8981e-01
 2.199e+01 4.0774e-01 4.0774e-01 [ 2.2859e-06 6.5316e-02 1.8326e-01 1.5855e-01 6.0804e-04 ] 5.9226e-01
 2.210e+01 4.0527e-01 4.0527e-01 [ 1.8674e-06 6.3156e-02 1.8265e-01 1.5886e-01 6.0942e-04 ] 5.9473e-01
 2.221e+01 4.0279e-01 4.0279e-01 [ 1.5222e-06 6.1031e-02 1.8200e-01 1.5915e-01 6.1075e-04 ] 5.9721e-01
 2.233e+01 4.0030e-01 4.0030e-01 [ 1.2380e-06 5.8941e-02 1.8131e-01 1.5943e-01 6.1204e-04 ] 5.9970e-01
 2.244e+01 3.9778e-01 3.9778e-01 [ 1.0047e-06 5.6889e-02 1.8059e-01 1.5969e-01 6.1327e-04 ] 6.0222e-01
 2.255e+01 3.9525e-01 3.9525e-01 [ 8.1344e-07 5.4873e-02 1.7982e-01 1.5994e-01 6.1446e-04 ] 6.0475e-01
 2.267e+01 3.9270e-01 3.9270e-01 [ 6.5714e-07 5.2895e-02 1.7901e-01 1.6018e-01 6.1561e-04 ] 6.0730e-01
 2.278e+01 3.9014e-01 3.9014e-01 [ 5.2968e-07 5.0954e-02 1.7817e-01 1.6040e-01 6.1670e-04 ] 6.0986e-01
 2.289e+01 3.8756e-01 3.8756e-01 [ 4.2597e-07 4.9053e-02 1.7728e-01 1.6061e-01 6.1774e-04 ] 6.1244e-01
 2.301e+01 3.8496e-01 3.8496e-01 [ 3.4180e-07 4.7190e-02 1.7635e-01 1.6080e-01 6.1873e-04 ] 6.1504e-01
 2.312e+01 3.8234e-01 3.8234e-01 [ 2.7363e-07 4.5366e-02 1.7538e-01 1.6097e-01 6.1967e-04 ] 6.1766e-01
 2.323e+01 3.7971e-01 3.7971e-01 [ 2.1856e-07 4.3583e-02 1.7438e-01 1.6114e-01 6.2055e-04 ] 6.2029e-01
 2.335e+01 3.7707e-01 3.7707e-01 [ 1.7417e-07 4.1839e-02 1.7333e-01 1.6128e-01 6.2138e-04 ] 6.2293e-01
 2.346e+01 3.7441e-01 3.7441e-01 [ 1.3848e-07 4.0136e-02 1.7224e-01 1.6141e-01 6.2216e-04 ] 6.2559e-01
 2.357e+01 3.7173e-01 3.7173e-01 [ 1.0985e-07 3.8473e-02 1.7111e-01 1.6153e-01 6.2289e-04 ] 6.2827e-01
 2.369e+01 3.6904e-01 3.6904e-01 [ 8.6934e-08 3.6851e-02 1.6993e-01 1.6163e-01 6.2356e-04 ] 6.3096e-01
 2.380e+01 3.6633e-01 3.6633e-01 [ 6.8641e-08 3.5270e-02 1.6872e-01 1.6171e-01 6.2418e-04 ] 6.3367e-01
 2.391e+01 3.6360e-01 3.6360e-01 [ 5.4072e-08 3.3731e-02 1.6747e-01 1.6178e-01 6.2474e-04 ] 6.3640e-01
 2.403e+01 3.6086e-01 3.6086e-01 [ 4.2496e-08 3.2233e-02 1.6618e-01 1.6183e-01 6.2524e-04 ] 6.3914e-01
 2.414e+01 3.5811e-01 3.5811e-01 [ 3.3321e-08 3.0776e-02 1.6485e-01 1.6186e-01 6.2569e-04 ] 6.4189e-01
 2.425e+01 3.5534e-01 3.5534e-01 [ 2.6065e-08 2.9361e-02 1.6347e-01 1.6188e-01 6.2608e-04 ] 6.4466e-01
 2.437e+01 3.5256e-01 3.5256e-01 [ 2.0341e-08 2.7988e-02 1.6206e-01 1.6188e-01 6.2641e-04 ] 6.4744e-01
 2.448e+01 3.4976e-01 3.4976e-01 [ 1.5837e-08 2.6655e-02 1.6061e-01 1.6186e-01 6.2669e-04 ] 6.5024e-01
 2.459e+01 3.4694e-01 3.4694e-01 [ 1.2301e-08 2.5364e-02 1.5912e-01 1.6183e-01 6.2690e-04 ] 6.5306e-01
 2.471e+01 3.4412e-01 3.4412e-01 [ 9.5324e-09 2.4114e-02 1.5759e-01 1.6178e-01 6.2706e-04 ] 6.5588e-01
 2.482e+01 3.4127e-01 3.4127e-01 [ 7.3691e-09 2.2905e-02 1.5603e-01 1.6171e-01 6.2716e-04 ] 6.5873e-01
 2.493e+01 3.3842e-01 3.3842e-01 [ 5.6832e-09 2.1737e-02 1.5443e-01 1.6163e-01 6.2719e-04 ] 6.6158e-01
 2.505e+01 3.3555e-01 3.3555e-01 [ 4.3726e-09 2.0609e-02 1.5279e-01 1.6152e-01 6.2717e-04 ] 6.6445e-01
 2.516e+01 3.3266e-01 3.3266e-01 [ 3.3562e-09 1.9522e-02 1.5111e-01 1.6140e-01 6.2708e-04 ] 6.6734e-01
 2.527e+01 3.2977e-01 3.2977e-01 [ 2.5698e-09 1.8473e-02 1.4940e-01 1.6126e-01 6.2693e-04 ] 6.7023e-01
 2.539e+01 3.2686e-01 3.2686e-01 [ 1.9630e-09 1.7465e-02 1.4766e-01 1.6110e-01 6.2672e-04 ] 6.7314e-01
 2.550e+01 3.2393e-01 3.2393e-01 [ 1.4959e-09 1.6494e-02 1.4588e-01 1.6093e-01 6.2645e-04 ] 6.7607e-01
 2.561e+01 3.2100e-01 3.2100e-01 [ 1.1371e-09 1.5562e-02 1.4407e-01 1.6073e-01 6.2611e-04 ] 6.7900e-01
 2.573e+01 3.1805e-01 3.1805e-01 [ 8.6233e-10 1.4668e-02 1.4223e-01 1.6052e-01 6.2571e-04 ] 6.8195e-01
 2.584e+01 3.1508e-01 3.1508e-01 [ 6.5235e-10 1.3811e-02 1.4036e-01 1.6029e-01 6.2524e-04 ] 6.8492e-01
 2.595e+01 3.1211e-01 3.1211e-01 [ 4.9230e-10 1.2990e-02 1.3846e-01 1.6004e-01 6.2471e-04 ] 6.8789e-01
 2.607e+01 3.0912e-01 3.0912e-01 [ 3.7061e-10 1.2205e-02 1.3653e-01 1.5977e-01 6.2411e-04 ] 6.9088e-01
 2.618e+01 3.0613e-01 3.0613e-01 [ 2.7832e-10 1.1455e-02 1.3457e-01 1.5947e-01 6.2345e-04 ] 6.9387e-01
 2.629e+01 3.0312e-01 3.0312e-01 [ 2.0849e-10 1.0740e-02 1.3259e-01 1.5916e-01 6.2272e-04 ] 6.9688e-01
 2.641e+01 3.0009e-01 3.0009e-01 [ 1.5580e-10 1.0057e-02 1.3058e-01 1.5883e-01 6.2192e-04 ] 6.9991e-01
 2.652e+01 2.9706e-01 2.9706e-01 [ 1.1614e-10 9.4079e-03 1.2855e-01 1.5848e-01 6.2106e-04 ] 7.0294e-01
 2.663e+01 2.9402e-01 2.9402e-01 [ 8.6362e-11 8.7903e-03 1.2649e-01 1.5811e-01 6.2012e-04 ] 7.0598e-01
 2.675e+01 2.9096e-01 2.9096e-01 [ 6.4059e-11 8.2037e-03 1.2442e-01 1.5772e-01 6.1912e-04 ] 7.0904e-01
 2.686e+01 2.8789e-01 2.8789e-01 [ 4.7397e-11 7.6473e-03 1.2232e-01 1.5731e-01 6.1805e-04 ] 7.1211e-01
 2.697e+01 2.8482e-01 2.8482e-01 [ 3.4982e-11 7.1201e-03 1.2021e-01 1.5687e-01 6.1690e-04 ] 7.1518e-01
 2.709e+01 2.8173e-01 2.8173e-01 [ 2.5754e-11 6.6212e-03 1.1807e-01 1.5642e-01 6.1568e-04 ] 7.1827e-01
 2.720e+01 2.7863e-01 2.7863e-01 [ 1.8912e-11 6.1498e-03 1.1593e-01 1.5594e-01 6.1440e-04 ] 7.2137e-01
 2.731e+01 2.7552e-01 2.7552e-01 [ 1.3854e-11 5.7049e-03 1.1376e-01 1.5544e-01 6.1303e-04 ] 7.2448e-01
 2.743e+01 2.7240e-01 2.7240e-01 [ 1.0122e-11 5.2855e-03 1.1159e-01 1.5492e-01 6.1160e-04 ] 7.2760e-01
 2.754e+01 2.6927e-01 2.6927e-01 [ 7.3772e-12 4.8907e-03 1.0940e-01 1.5437e-01 6.1009e-04 ] 7.3073e-01
 2.765e+01 2.6614e-01 2.6614e-01 [ 5.3629e-12 4.5196e-03 1.0721e-01 1.5380e-01 6.0850e-04 ] 7.3386e-01
 2.777e+01 2.6299e-01 2.6299e-01 [ 3.8887e-12 4.1712e-03 1.0500e-01 1.5321e-01 6.0683e-04 ] 7.3701e-01
 2.788e+01 2.5983e-01 2.5983e-01 [ 2.8125e-12 3.8446e-03 1.0279e-01 1.5259e-01 6.0509e-04 ] 7.4017e-01
 2.799e+01 2.5666e-01 2.5666e-01 [ 2.0290e-12 3.5388e-03 1.0057e-01 1.5195e-01 6.0326e-04 ] 7.4334e-01
 2.811e+01 2.5348e-01 2.5348e-01 [ 1.4600e-12 3.2529e-03 9.8349e-02 1.5128e-01 6.0136e-04 ] 7.4652e-01
 2.822e+01 2.5030e-01 2.5030e-01 [ 1.0478e-12 2.9861e-03 9.6124e-02 1.5059e-01 5.9937e-04 ] 7.4970e-01
 2.833e+01 2.4710e-01 2.4710e-01 [ 7.5006e-13 2.7373e-03 9.3899e-02 1.4987e-01 5.9729e-04 ] 7.5290e-01
 2.845e+01 2.4390e-01 2.4390e-01 [ 5.3554e-13 2.5057e-03 9.1674e-02 1.4912e-01 5.9514e-04 ] 7.5610e-01
 2.856e+01 2.4068e-01 2.4068e-01 [ 3.8137e-13 2.2905e-03 8.9451e-02 1.4835e-01 5.9289e-04 ] 7.5932e-01
 2.867e+01 2.3746e-01 2.3746e-01 [ 2.7088e-13 2.0908e-03 8.7232e-02 1.4755e-01 5.9055e-04 ] 7.6254e-01
 2.879e+01 2.3423e-01 2.3423e-01 [ 1.9189e-13 1.9057e-03 8.5018e-02 1.4671e-01 5.8813e-04 ] 7.6577e-01
 2.890e+01 2.3098e-01 2.3098e-01 [ 1.3558e-13 1.7344e-03 8.2810e-02 1.4585e-01 5.8561e-04 ] 7.6902e-01
 2.901e+01 2.2773e-01 2.2773e-01 [ 9.5544e-14 1.5762e-03 8.0611e-02 1.4496e-01 5.8299e-04 ] 7.7227e-01
 2.913e+01 2.2447e-01 2.2447e-01 [ 6.7151e-14 1.4303e-03 7.8421e-02 1.4404e-01 5.8028e-04 ] 7.7553e-01
 2.924e+01 2.2120e-01 2.2120e-01 [ 4.7070e-14 1.2959e-03 7.6242e-02 1.4309e-01 5.7747e-04 ] 7.7880e-01
 2.935e+01 2.1793e-01 2.1793e-01 [ 3.2907e-14 1.1723e-03 7.4076e-02 1.4210e-01 5.7456e-04 ] 7.8207e-01
 2.947e+01 2.1464e-01 2.1464e-01 [ 2.2944e-14 1.0588e-03 7.1923e-02 1.4109e-01 5.7154e-04 ] 7.8536e-01
 2.958e+01 2.1134e-01 2.1134e-01 [ 1.5954e-14 9.5486e-04 6.9786e-02 1.4003e-01 5.6841e-04 ] 7.8866e-01
 2.969e+01 2.0804e-01 2.0804e-01 [ 1.1064e-14 8.5973e-04 6.7666e-02 1.3895e-01 5.6518e-04 ] 7.9196e-01
 2.981e+01 2.0473e-01 2.0473e-01 [ 7.6522e-15 7.7283e-04 6.5564e-02 1.3783e-01 5.6183e-04 ] 7.9527e-01
 2.992e+01 2.0140e-01 2.0140e-01 [ 5.2781e-15 6.9359e-04 6.3481e-02 1.3667e-01 5.5837e-04 ] 7.9860e-01
 3.003e+01 1.9807e-01 1.9807e-01 [ 3.6307e-15 6.2144e-04 6.1420e-02 1.3548e-01 5.5479e-04 ] 8.0193e-01
 3.015e+01 1.9473e-01 1.9473e-01 [ 2.4907e-15 5.5587e-04 5.9380e-02 1.3424e-01 5.5110e-04 ] 8.0527e-01
 3.026e+01 1.9138e-01 1.9138e-01 [ 1.7039e-15 4.9639e-04 5.7364e-02 1.3297e-01 5.4727e-04 ] 8.0862e-01
 3.037e+01 1.8802e-01 1.8802e-01 [ 1.1625e-15 4.4251e-04 5.5373e-02 1.3167e-01 5.4332e-04 ] 8.1198e-01
 3.049e+01 1.8466e-01 1.8466e-01 [ 7.9091e-16 3.9381e-04 5.3408e-02 1.3032e-01 5.3924e-04 ] 8.1534e-01
 3.060e+01 1.8128e-01 1.8128e-01 [ 5.3662e-16 3.4985e-04 5.1471e-02 1.2893e-01 5.3503e-04 ] 8.1872e-01
 3.071e+01 1.7790e-01 1.7790e-01 [ 3.6307e-16 3.1026e-04 4.9562e-02 1.2750e-01 5.3069e-04 ] 8.2210e-01
 3.083e+01 1.7451e-01 1.7451e-01 [ 2.4497e-16 2.7466e-04 4.7682e-02 1.2603e-01 5.2620e-04 ] 8.2549e-01
 3.094e+01 1.7112e-01 1.7112e-01 [ 1.6482e-16 2.4270e-04 4.5834e-02 1.2452e-01 5.2158e-04 ] 8.2888e-01
 3.105e+01 1.6771e-01 1.6771e-01 [ 1.1058e-16 2.1408e-04 4.4017e-02 1.2296e-01 5.1681e-04 ] 8.3229e-01
 3.117e+01 1.6430e-01 1.6430e-01 [ 7.3982e-17 1.8848e-04 4.2233e-02 1.2137e-01 5.1189e-04 ] 8.3570e-01
 3.128e+01 1.6089e-01 1.6089e-01 [ 4.9356e-17 1.6564e-04 4.0483e-02 1.1973e-01 5.0683e-04 ] 8.3911e-01
 3.139e+01 1.5746e-01 1.5746e-01 [ 3.2834e-17 1.4529e-04 3.8769e-02 1.1805e-01 5.0161e-04 ] 8.4254e-01
 3.151e+01 1.5404e-01 1.5404e-01 [ 2.1780e-17 1.2720e-04 3.7090e-02 1.1632e-01 4.9624e-04 ] 8.4596e-01
 3.162e+01 1.5061e-01 1.5061e-01 [ 1.4406e-17 1.1115e-04 3.5448e-02 1.1456e-01 4.9072e-04 ] 8.4939e-01
 3.173e+01 1.4717e-01 1.4717e-01 [ 9.5014e-18 9.6941e-05 3.3843e-02 1.1275e-01 4.8503e-04 ] 8.5283e-01
 3.185e+01 1.4374e-01 1.4374e-01 [ 6.2484e-18 8.4380e-05 3.2277e-02 1.1090e-01 4.7919e-04 ] 8.5626e-01
 3.196e+01 1.4030e-01 1.4030e-01 [ 4.0973e-18 7.3302e-05 3.0750e-02 1.0900e-01 4.7320e-04 ] 8.5970e-01
 3.207e+01 1.3686e-01 1.3686e-01 [ 2.6789e-18 6.3551e-05 2.9262e-02 1.0707e-01 4.6704e-04 ] 8.6314e-01
 3.219e+01 1.3343e-01 1.3343e-01 [ 1.7464e-18 5.4987e-05 2.7815e-02 1.0510e-01 4.6072e-04 ] 8.6657e-01
 3.230e+01 1.3000e-01 1.3000e-01 [ 1.1351e-18 4.7480e-05 2.6409e-02 1.0309e-01 4.5424e-04 ] 8.7000e-01
 3.241e+01 1.2657e-01 1.2657e-01 [ 7.3565e-19 4.0913e-05 2.5044e-02 1.0104e-01 4.4760e-04 ] 8.7343e-01
 3.253e+01 1.2315e-01 1.2315e-01 [ 4.7535e-19 3.5182e-05 2.3721e-02 9.8951e-02 4.4081e-04 ] 8.7685e-01
 3.264e+01 1.1973e-01 1.1973e-01 [ 3.0624e-19 3.0190e-05 2.2440e-02 9.6830e-02 4.3385e-04 ] 8.8027e-01
 3.275e+01 1.1633e-01 1.1633e-01 [ 1.9671e-19 2.5851e-05 2.1201e-02 9.4676e-02 4.2675e-04 ] 8.8367e-01
 3.287e+01 1.1294e-01 1.1294e-01 [ 1.2597e-19 2.2089e-05 2.0005e-02 9.2491e-02 4.1949e-04 ] 8.8706e-01
 3.298e+01 1.0956e-01 1.0956e-01 [ 8.0433e-20 1.8833e-05 1.8851e-02 9.0276e-02 4.1208e-04 ] 8.9044e-01
 3.309e+01 1.0620e-01 1.0620e-01 [ 5.1200e-20 1.6023e-05 1.7740e-02 8.8036e-02 4.0453e-04 ] 8.9380e-01
 3.321e+01 1.0285e-01 1.0285e-01 [ 3.2494e-20 1.3602e-05 1.6671e-02 8.5771e-02 3.9684e-04 ] 8.9715e-01
 3.332e+01 9.9530e-02 9.9530e-02 [ 2.0559e-20 1.1521e-05 1.5645e-02 8.3484e-02 3.8901e-04 ] 9.0047e-01
 3.343e+01 9.6231e-02 9.6231e-02 [ 1.2969e-20 9.7363e-06 1.4661e-02 8.1179e-02 3.8106e-04 ] 9.0377e-01
 3.355e+01 9.2958e-02 9.2958e-02 [ 8.1554e-21 8.2098e-06 1.3719e-02 7.8858e-02 3.7298e-04 ] 9.0704e-01
 3.366e+01 8.9714e-02 8.9714e-02 [ 5.1129e-21 6.9068e-06 1.2818e-02 7.6525e-02 3.6479e-04 ] 9.1029e-01
 3.377e+01 8.6502e-02 8.6502e-02 [ 3.1956e-21 5.7973e-06 1.1958e-02 7.4182e-02 3.5650e-04 ] 9.1350e-01
 3.389e+01 8.3325e-02 8.3325e-02 [ 1.9911e-21 4.8548e-06 1.1139e-02 7.1833e-02 3.4810e-04 ] 9.1667e-01
 3.400e+01 8.0186e-02 8.0186e-02 [ 1.2368e-21 4.0560e-06 1.0360e-02 6.9482e-02 3.3962e-04 ] 9.1981e-01
 3.411e+01 7.7086e-02 7.7086e-02 [ 7.6586e-22 3.3806e-06 9.6194e-03 6.7132e-02 3.3105e-04 ] 9.2291e-01
 3.423e+01 7.4030e-02 7.4030e-02 [ 4.7276e-22 2.8111e-06 8.9176e-03 6.4788e-02 3.2242e-04 ] 9.2597e-01
 3.434e+01 7.1021e-02 7.1021e-02 [ 2.9093e-22 2.3319e-06 8.2533e-03 6.2451e-02 3.1373e-04 ] 9.2898e-01
 3.445e+01 6.8060e-02 6.8060e-02 [ 1.7847e-22 1.9297e-06 7.6257e-03 6.0128e-02 3.0499e-04 ] 9.3194e-01
 3.457e+01 6.5152e-02 6.5152e-02 [ 1.0914e-22 1.5931e-06 7.0339e-03 5.7820e-02 2.9621e-04 ] 9.3485e-01
 3.468e+01 6.2298e-02 6.2298e-02 [ 6.6531e-23 1.3119e-06 6.4768e-03 5.5532e-02 2.8741e-04 ] 9.3770e-01
 3.479e+01 5.9501e-02 5.9501e-02 [ 4.0430e-23 1.0777e-06 5.9533e-03 5.3268e-02 2.7860e-04 ] 9.4050e-01
 3.491e+01 5.6764e-02 5.6764e-02 [ 2.4491e-23 8.8314e-07 5.4625e-03 5.1031e-02 2.6979e-04 ] 9.4324e-01
 3.502e+01 5.4089e-02 5.4089e-02 [ 1.4789e-23 7.2189e-07 5.0031e-03 4.8824e-02 2.6100e-04 ] 9.4591e-01
 3.513e+01 5.1479e-02 5.1479e-02 [ 8.9016e-24 5.8861e-07 4.5739e-03 4.6652e-02 2.5223e-04 ] 9.4852e-01
 3.525e+01 4.8935e-02 4.8935e-02 [ 5.3411e-24 4.7872e-07 4.1738e-03 4.4517e-02 2.4350e-04 ] 9.5106e-01
 3.536e+01 4.6460e-02 4.6460e-02 [ 3.1945e-24 3.8836e-07 3.8017e-03 4.2423e-02 2.3483e-04 ] 9.5354e-01
 3.547e+01 4.4056e-02 4.4056e-02 [ 1.9046e-24 3.1425e-07 3.4561e-03 4.0373e-02 2.2622e-04 ] 9.5594e-01
 3.559e+01 4.1723e-02 4.1723e-02 [ 1.1319e-24 2.5363e-07 3.1359e-03 3.8369e-02 2.1770e-04 ] 9.5828e-01
 3.570e+01 3.9464e-02 3.9464e-02 [ 6.7049e-25 2.0417e-07 2.8399e-03 3.6414e-02 2.0926e-04 ] 9.6054e-01
 3.581e+01 3.7279e-02 3.7279e-02 [ 3.9592e-25 1.6393e-07 2.5668e-03 3.4511e-02 2.0094e-04 ] 9.6272e-01
 3.593e+01 3.5169e-02 3.5169e-02 [ 2.3303e-25 1.3128e-07 2.3153e-03 3.2661e-02 1.9273e-04 ] 9.6483e-01
 3.604e+01 3.3136e-02 3.3136e-02 [ 1.3672e-25 1.0486e-07 2.0843e-03 3.0867e-02 1.8465e-04 ] 9.6686e-01
 3.615e+01 3.1180e-02 3.1180e-02 [ 7.9955e-26 8.3533e-08 1.8726e-03 2.9130e-02 1.7672e-04 ] 9.6882e-01
 3.627e+01 2.9300e-02 2.9300e-02 [ 4.6608e-26 6.6368e-08 1.6790e-03 2.7452e-02 1.6893e-04 ] 9.7070e-01
 3.638e+01 2.7498e-02 2.7498e-02 [ 2.7081e-26 5.2590e-08 1.5023e-03 2.5834e-02 1.6132e-04 ] 9.7250e-01
 3.649e+01 2.5772e-02 2.5772e-02 [ 1.5685e-26 4.1561e-08 1.3414e-03 2.4277e-02 1.5388e-04 ] 9.7423e-01
 3.661e+01 2.4124e-02 2.4124e-02 [ 9.0546e-27 3.2757e-08 1.1952e-03 2.2782e-02 1.4662e-04 ] 9.7588e-01
 3.672e+01 2.2551e-02 2.2551e-02 [ 5.2103e-27 2.5748e-08 1.0627e-03 2.1349e-02 1.3956e-04 ] 9.7745e-01
 3.683e+01 2.1054e-02 2.1054e-02 [ 2.9884e-27 2.0185e-08 9.4295e-04 1.9978e-02 1.3270e-04 ] 9.7895e-01
 3.695e+01 1.9632e-02 1.9632e-02 [ 1.7085e-27 1.5780e-08 8.3488e-04 1.8671e-02 1.2605e-04 ] 9.8037e-01
 3.706e+01 1.8282e-02 1.8282e-02 [ 9.7361e-28 1.2303e-08 7.3762e-04 1.7425e-02 1.1962e-04 ] 9.8172e-01
 3.717e+01 1.7006e-02 1.7006e-02 [ 5.5302e-28 9.5663e-09 6.5029e-04 1.6242e-02 1.1341e-04 ] 9.8299e-01
 3.729e+01 1.5800e-02 1.5800e-02 [ 3.1310e-28 7.4178e-09 5.7206e-04 1.5120e-02 1.0744e-04 ] 9.8420e-01
 3.740e+01 1.4664e-02 1.4664e-02 [ 1.7669e-28 5.7360e-09 5.0216e-04 1.4060e-02 1.0171e-04 ] 9.8534e-01
 3.751e+01 1.3595e-02 1.3595e-02 [ 9.9388e-29 4.4233e-09 4.3985e-04 1.3059e-02 9.6211e-05 ] 9.8640e-01
 3.763e+01 1.2593e-02 1.2593e-02 [ 5.5724e-29 3.4015e-09 3.8445e-04 1.2118e-02 9.0963e-05 ] 9.8741e-01
 3.774e+01 1.1656e-02 1.1656e-02 [ 3.1141e-29 2.6086e-09 3.3532e-04 1.1235e-02 8.5966e-05 ] 9.8834e-01
 3.785e+01 1.0781e-02 1.0781e-02 [ 1.7347e-29 1.9949e-09 2.9186e-04 1.0408e-02 8.1222e-05 ] 9.8922e-01
 3.797e+01 9.9679e-03 9.9679e-03 [ 9.6314e-30 1.5213e-09 2.5351e-04 9.6376e-03 7.6734e-05 ] 9.9003e-01
 3.808e+01 9.2137e-03 9.2137e-03 [ 5.3302e-30 1.1570e-09 2.1978e-04 8.9215e-03 7.2505e-05 ] 9.9079e-01
 3.819e+01 8.5171e-03 8.5171e-03 [ 2.9403e-30 8.7743e-10 1.9020e-04 8.2584e-03 6.8537e-05 ] 9.9148e-01
 3.831e+01 7.8763e-03 7.8763e-03 [ 1.6167e-30 6.6358e-10 1.6433e-04 7.6471e-03 6.4831e-05 ] 9.9212e-01
 3.842e+01 7.2894e-03 7.2894e-03 [ 8.8601e-31 5.0048e-10 1.4179e-04 7.0863e-03 6.1388e-05 ] 9.9271e-01
 3.853e+01 6.7549e-03 6.7549e-03 [ 4.8400e-31 3.7645e-10 1.2224e-04 6.5745e-03 5.8209e-05 ] 9.9325e-01
 3.865e+01 6.2712e-03 6.2712e-03 [ 2.6353e-31 2.8244e-10 1.0534e-04 6.1106e-03 5.5295e-05 ] 9.9373e-01
 3.876e+01 5.8367e-03 5.8367e-03 [ 1.4303e-31 2.1141e-10 9.0831e-05 5.6932e-03 5.2646e-05 ] 9.9416e-01
 3.887e+01 5.4499e-03 5.4499e-03 [ 7.7373e-32 1.5795e-10 7.8447e-05 5.3212e-03 5.0263e-05 ] 9.9455e-01
 3.899e+01 5.1097e-03 5.1097e-03 [ 4.1722e-32 1.1788e-10 6.7969e-05 4.9936e-03 4.8145e-05 ] 9.9489e-01
 3.910e+01 4.8147e-03 4.8147e-03 [ 2.2427e-32 8.8035e-11 5.9206e-05 4.7092e-03 4.6292e-05 ] 9.9519e-01
 3.921e+01 4.5639e-03 4.5639e-03 [ 1.2022e-32 6.5978e-11 5.1992e-05 4.4672e-03 4.4705e-05 ] 9.9544e-01
 3.933e+01 4.3564e-03 4.3564e-03 [ 6.4335e-33 4.9890e-11 4.6188e-05 4.2668e-03 4.3382e-05 ] 9.9564e-01
 3.944e+01 4.1913e-03 4.1913e-03 [ 3.4515e-33 3.8420e-11 4.1679e-05 4.1073e-03 4.2324e-05 ] 9.9581e-01
 3.955e+01 4.0681e-03 4.0681e-03 [ 1.8835e-33 3.0589e-11 3.8376e-05 3.9882e-03 4.1531e-05 ] 9.9593e-01
 3.967e+01 3.9862e-03 3.9862e-03 [ 1.0965e-33 2.5719e-11 3.6211e-05 3.9090e-03 4.1002e-05 ] 9.9601e-01
 3.978e+01 3.9454e-03 3.9454e-03 [ 7.6996e-34 2.3387e-11 3.5139e-05 3.8695e-03 4.0738e-05 ] 9.9605e-01
 3.989e+01 3.9454e-03 3.9454e-03 [ 7.6996e-34 2.3387e-11 3.5139e-05 3.8695e-03 4.0738e-05 ] 9.9605e-01
