 0.000e+00 0.0000e+00 [ 0.0000e+00 0.0000e+00 0.0000e+00 0.0000e+00 0.0000e+00 ] 1.0000e+00
 1.133e-01 1.8533e-03 [ 1.7424e-03 1.4175e-05 2.5557e-05 5.3754e-05 1.7346e-05 ] 9.9815e-01
 2.267e-01 3.8385e-03 [ 3.4053e-03 4.6527e-05 1.0280e-04 2.1574e-04 6.8138e-05 ] 9.9616e-01
 3.400e-01 5.8012e-03 [ 4.8112e-03 1.1769e-04 2.3341e-04 4.8812e-04 1.5075e-04 ] 9.9420e-01
 4.533e-01 7.8312e-03 [ 6.0693e-03 2.0335e-04 4.2025e-04 8.7447e-04 2.6382e-04 ] 9.9217e-01
 5.667e-01 9.9537e-03 [ 7.1781e-03 3.2216e-04 6.6734e-04 1.3798e-03 4.0622e-04 ] 9.9005e-01
 6.800e-01 1.2199e-02 [ 8.1606e-03 4.7029e-04 9.7997e-04 2.0107e-03 5.7705e-04 ] 9.8780e-01
 7.933e-01 1.4596e-02 [ 9.0323e-03 6.4857e-04 1.3647e-03 2.7751e-03 7.7564e-04 ] 9.8540e-01
 9.067e-01 1.7179e-02 [ 9.8049e-03 8.6029e-04 1.8297e-03 3.6827e-03 1.0015e-03 ] 9.8282e-01
 1.020e+00 1.9982e-02 [ 1.0490e-02 1.1081e-03 2.3845e-03 4.7448e-03 1.2545e-03 ] 9.8002e-01
 1.133e+00 2.3041e-02 [ 1.1097e-02 1.3949e-03 3.0405e-03 5.9743e-03 1.5344e-03 ] 9.7696e-01
 1.247e+00 2.6399e-02 [ 1.1637e-02 1.7239e-03 3.8108e-03 7.3862e-03 1.8414e-03 ] 9.7360e-01
 1.360e+00 3.0099e-02 [ 1.2116e-02 2.0991e-03 4.7108e-03 8.9972e-03 2.1758e-03 ] 9.6990e-01
 1.473e+00 3.4189e-02 [ 1.2542e-02 2.5248e-03 5.7580e-03 1.0826e-02 2.5382e-03 ] 9.6581e-01
 1.587e+00 3.8723e-02 [ 1.2922e-02 3.0057e-03 6.9723e-03 1.2894e-02 2.9292e-03 ] 9.6128e-01
 1.700e+00 4.3757e-02 [ 1.3261e-02 3.5470e-03 8.3764e-03 1.5223e-02 3.3497e-03 ] 9.5624e-01
 1.813e+00 4.9353e-02 [ 1.3564e-02 4.1543e-03 9.9957e-03 1.7839e-02 3.8005e-03 ] 9.5065e-01
 1.927e+00 5.5579e-02 [ 1.3836e-02 4.8338e-03 1.1859e-02 2.0768e-02 4.2828e-03 ] 9.4442e-01
 2.040e+00 6.2507e-02 [ 1.4080e-02 5.5920e-03 1.3997e-02 2.4040e-02 4.7978e-03 ] 9.3749e-01
 2.153e+00 7.0213e-02 [ 1.4300e-02 6.4357e-03 1.6445e-02 2.7685e-02 5.3466e-03 ] 9.2979e-01
 2.267e+00 7.8778e-02 [ 1.4499e-02 7.3719e-03 1.9240e-02 3.1736e-02 5.9306e-03 ] 9.2122e-01
 2.380e+00 8.8286e-02 [ 1.4679e-02 8.4078e-03 2.2424e-02 3.6224e-02 6.5508e-03 ] 9.1171e-01
 2.493e+00 9.8822e-02 [ 1.4841e-02 9.5506e-03 2.6037e-02 4.1184e-02 7.2084e-03 ] 9.0118e-01
 2.607e+00 1.1047e-01 [ 1.4988e-02 1.0807e-02 3.0126e-02 4.6647e-02 7.9041e-03 ] 8.8953e-01
 2.720e+00 1.2332e-01 [ 1.5119e-02 1.2183e-02 3.4734e-02 5.2643e-02 8.6387e-03 ] 8.7668e-01
 2.833e+00 1.3744e-01 [ 1.5235e-02 1.3684e-02 3.9907e-02 5.9200e-02 9.4121e-03 ] 8.6256e-01
 2.947e+00 1.5290e-01 [ 1.5335e-02 1.5314e-02 4.5684e-02 6.6338e-02 1.0224e-02 ] 8.4710e-01
 3.060e+00 1.6974e-01 [ 1.5419e-02 1.7074e-02 5.2103e-02 7.4072e-02 1.1073e-02 ] 8.3026e-01
 3.173e+00 1.8800e-01 [ 1.5484e-02 1.8964e-02 5.9192e-02 8.2406e-02 1.1958e-02 ] 8.1200e-01
 3.287e+00 2.0768e-01 [ 1.5528e-02 2.0981e-02 6.6968e-02 9.1331e-02 1.2876e-02 ] 7.9232e-01
 3.400e+00 2.2874e-01 [ 1.5547e-02 2.3116e-02 7.5432e-02 1.0082e-01 1.3823e-02 ] 7.7126e-01
 3.513e+00 2.5110e-01 [ 1.5540e-02 2.5357e-02 8.4567e-02 1.1084e-01 1.4793e-02 ] 7.4890e-01
 3.627e+00 2.7463e-01 [ 1.5501e-02 2.7689e-02 9.4331e-02 1.2133e-01 1.5780e-02 ] 7.2537e-01
 3.740e+00 2.9913e-01 [ 1.5426e-02 3.0088e-02 1.0466e-01 1.3219e-01 1.6776e-02 ] 7.0087e-01
 3.853e+00 3.2437e-01 [ 1.5311e-02 3.2528e-02 1.1545e-01 1.4332e-01 1.7772e-02 ] 6.7563e-01
 3.967e+00 3.5004e-01 [ 1.5152e-02 3.4975e-02 1.2657e-01 1.5458e-01 1.8759e-02 ] 6.4996e-01
 4.080e+00 3.7575e-01 [ 1.4945e-02 3.7393e-02 1.3786e-01 1.6583e-01 1.9724e-02 ] 6.2425e-01
 4.193e+00 4.0109e-01 [ 1.4687e-02 3.9739e-02 1.4912e-01 1.7688e-01 2.0655e-02 ] 5.9891e-01
 4.307e+00 4.2559e-01 [ 1.4375e-02 4.1969e-02 1.6014e-01 1.8756e-01 2.1542e-02 ] 5.7441e-01
 4.420e+00 4.4875e-01 [ 1.4008e-02 4.4039e-02 1.7068e-01 1.9765e-01 2.2371e-02 ] 5.5125e-01
 4.533e+00 4.7008e-01 [ 1.3587e-02 4.5902e-02 1.8049e-01 2.0697e-01 2.3131e-02 ] 5.2992e-01
 4.647e+00 4.8908e-01 [ 1.3114e-02 4.7518e-02 1.8933e-01 2.1531e-01 2.3811e-02 ] 5.1092e-01
 4.760e+00 5.0530e-01 [ 1.2591e-02 4.8848e-02 1.9695e-01 2.2251e-01 2.4402e-02 ] 4.9470e-01
 4.873e+00 5.1834e-01 [ 1.2024e-02 4.9859e-02 2.0316e-01 2.2840e-01 2.4895e-02 ] 4.8166e-01
 4.987e+00 5.2787e-01 [ 1.1418e-02 5.0528e-02 2.0777e-01 2.3286e-01 2.5285e-02 ] 4.7213e-01
 5.100e+00 5.3364e-01 [ 1.0780e-02 5.0838e-02 2.1065e-01 2.3580e-01 2.5567e-02 ] 4.6636e-01
 5.213e+00 5.3550e-01 [ 1.0118e-02 5.0780e-02 2.1173e-01 2.3713e-01 2.5737e-02 ] 4.6450e-01
 5.327e+00 5.3341e-01 [ 9.4402e-03 5.0355e-02 2.1096e-01 2.3685e-01 2.5794e-02 ] 4.6659e-01
 5.440e+00 5.2742e-01 [ 8.7538e-03 4.9573e-02 2.0839e-01 2.3497e-01 2.5738e-02 ] 4.7258e-01
 5.553e+00 5.1769e-01 [ 8.0674e-03 4.8453e-02 2.0407e-01 2.3153e-01 2.5571e-02 ] 4.8231e-01
 5.667e+00 5.0447e-01 [ 7.3887e-03 4.7020e-02 1.9815e-01 2.2661e-01 2.5295e-02 ] 4.9553e-01
 5.780e+00 4.8809e-01 [ 6.7252e-03 4.5308e-02 1.9080e-01 2.2035e-01 2.4917e-02 ] 5.1191e-01
 5.893e+00 4.6897e-01 [ 6.0834e-03 4.3354e-02 1.8222e-01 2.1287e-01 2.4443e-02 ] 5.3103e-01
 6.007e+00 4.4756e-01 [ 5.4692e-03 4.1203e-02 1.7264e-01 2.0436e-01 2.3881e-02 ] 5.5244e-01
 6.120e+00 4.2435e-01 [ 4.8873e-03 3.8900e-02 1.6232e-01 1.9500e-01 2.3241e-02 ] 5.7565e-01
 6.233e+00 3.9985e-01 [ 4.3417e-03 3.6491e-02 1.5149e-01 1.8499e-01 2.2535e-02 ] 6.0015e-01
 6.347e+00 3.7454e-01 [ 3.8350e-03 3.4022e-02 1.4039e-01 1.7452e-01 2.1773e-02 ] 6.2546e-01
 6.460e+00 3.4890e-01 [ 3.3687e-03 3.1534e-02 1.2925e-01 1.6378e-01 2.0969e-02 ] 6.5110e-01
 6.573e+00 3.2334e-01 [ 2.9436e-03 2.9065e-02 1.1825e-01 1.5295e-01 2.0133e-02 ] 6.7666e-01
 6.687e+00 2.9823e-01 [ 2.5592e-03 2.6651e-02 1.0756e-01 1.4218e-01 1.9277e-02 ] 7.0177e-01
 6.800e+00 2.7388e-01 [ 2.2144e-03 2.4317e-02 9.7320e-02 1.3161e-01 1.8412e-02 ] 7.2612e-01
 6.913e+00 2.5052e-01 [ 1.9075e-03 2.2087e-02 8.7617e-02 1.2136e-01 1.7548e-02 ] 7.4948e-01
 7.027e+00 2.2835e-01 [ 1.6362e-03 1.9977e-02 7.8527e-02 1.1152e-01 1.6692e-02 ] 7.7165e-01
 7.140e+00 2.0749e-01 [ 1.3980e-03 1.7999e-02 7.0091e-02 1.0215e-01 1.5853e-02 ] 7.9251e-01
 7.253e+00 1.8802e-01 [ 1.1900e-03 1.6158e-02 6.2331e-02 9.3302e-02 1.5035e-02 ] 8.1198e-01
 7.367e+00 1.6996e-01 [ 1.0095e-03 1.4459e-02 5.5244e-02 8.5007e-02 1.4243e-02 ] 8.3004e-01
 7.480e+00 1.5333e-01 [ 8.5365e-04 1.2899e-02 4.8818e-02 7.7276e-02 1.3481e-02 ] 8.4667e-01
 7.593e+00 1.3808e-01 [ 7.1969e-04 1.1476e-02 4.3024e-02 7.0112e-02 1.2751e-02 ] 8.6192e-01
 7.707e+00 1.2418e-01 [ 6.0506e-04 1.0185e-02 3.7827e-02 6.3503e-02 1.2055e-02 ] 8.7582e-01
 7.820e+00 1.1154e-01 [ 5.0735e-04 9.0190e-03 3.3189e-02 5.7432e-02 1.1393e-02 ] 8.8846e-01
 7.933e+00 1.0010e-01 [ 4.2439e-04 7.9699e-03 2.9065e-02 5.1876e-02 1.0765e-02 ] 8.9990e-01
 8.047e+00 8.9775e-02 [ 3.5417e-04 7.0296e-03 2.5412e-02 4.6806e-02 1.0172e-02 ] 9.1023e-01
 8.160e+00 8.0478e-02 [ 2.9493e-04 6.1898e-03 2.2187e-02 4.2194e-02 9.6123e-03 ] 9.1952e-01
 8.273e+00 7.2126e-02 [ 2.4509e-04 5.4418e-03 1.9347e-02 3.8007e-02 9.0847e-03 ] 9.2787e-01
 8.387e+00 6.4636e-02 [ 2.0328e-04 4.7775e-03 1.6851e-02 3.4215e-02 8.5882e-03 ] 9.3536e-01
 8.500e+00 5.7929e-02 [ 1.6829e-04 4.1889e-03 1.4664e-02 3.0786e-02 8.1213e-03 ] 9.4207e-01
 8.613e+00 5.1930e-02 [ 1.3907e-04 3.6684e-03 1.2750e-02 2.7690e-02 7.6826e-03 ] 9.4807e-01
 8.727e+00 4.6571e-02 [ 1.1473e-04 3.2091e-03 1.1079e-02 2.4898e-02 7.2704e-03 ] 9.5343e-01
 8.840e+00 4.1785e-02 [ 9.4499e-05 2.8045e-03 9.6200e-03 2.2383e-02 6.8832e-03 ] 9.5821e-01
 8.953e+00 3.7515e-02 [ 7.7709e-05 2.4486e-03 8.3491e-03 2.0120e-02 6.5195e-03 ] 9.6249e-01
 9.067e+00 3.3705e-02 [ 6.3803e-05 2.1361e-03 7.2429e-03 1.8084e-02 6.1777e-03 ] 9.6630e-01
 9.180e+00 3.0307e-02 [ 5.2306e-05 1.8619e-03 6.2809e-03 1.6255e-02 5.8565e-03 ] 9.6969e-01
 9.293e+00 2.7276e-02 [ 4.2819e-05 1.6218e-03 5.4450e-03 1.4612e-02 5.5545e-03 ] 9.7272e-01
 9.407e+00 2.4572e-02 [ 3.5002e-05 1.4116e-03 4.7190e-03 1.3136e-02 5.2704e-03 ] 9.7543e-01
 9.520e+00 2.2160e-02 [ 2.8571e-05 1.2278e-03 4.0889e-03 1.1812e-02 5.0028e-03 ] 9.7784e-01
 9.633e+00 2.0006e-02 [ 2.3290e-05 1.0673e-03 3.5424e-03 1.0623e-02 4.7508e-03 ] 9.7999e-01
 9.747e+00 1.8084e-02 [ 1.8959e-05 9.2725e-04 3.0684e-03 9.5558e-03 4.5132e-03 ] 9.8192e-01
 9.860e+00 1.6366e-02 [ 1.5412e-05 8.0511e-04 2.6576e-03 8.5984e-03 4.2891e-03 ] 9.8363e-01
 9.973e+00 1.4830e-02 [ 1.2512e-05 6.9868e-04 2.3015e-03 7.7394e-03 4.0774e-03 ] 9.8517e-01
 1.009e+01 1.3455e-02 [ 1.0144e-05 6.0601e-04 1.9931e-03 6.9686e-03 3.8774e-03 ] 9.8654e-01
 1.020e+01 1.2225e-02 [ 8.2139e-06 5.2537e-04 1.7259e-03 6.2769e-03 3.6883e-03 ] 9.8778e-01
 1.031e+01 1.1122e-02 [ 6.6421e-06 4.5524e-04 1.4944e-03 5.6561e-03 3.5093e-03 ] 9.8888e-01
 1.043e+01 1.0132e-02 [ 5.3642e-06 3.9429e-04 1.2940e-03 5.0989e-03 3.3397e-03 ] 9.8987e-01
 1.054e+01 9.2439e-03 [ 4.3265e-06 3.4135e-04 1.1205e-03 4.5987e-03 3.1790e-03 ] 9.9076e-01
 1.065e+01 8.4452e-03 [ 3.4850e-06 2.9538e-04 9.7026e-04 4.1495e-03 3.0266e-03 ] 9.9155e-01
 1.077e+01 7.7265e-03 [ 2.8037e-06 2.5549e-04 8.4019e-04 3.7460e-03 2.8820e-03 ] 9.9227e-01
 1.088e+01 7.0790e-03 [ 2.2526e-06 2.2090e-04 7.2757e-04 3.3836e-03 2.7446e-03 ] 9.9292e-01
 1.099e+01 6.4948e-03 [ 1.8076e-06 1.9091e-04 6.3007e-04 3.0579e-03 2.6141e-03 ] 9.9351e-01
 1.111e+01 5.9672e-03 [ 1.4486e-06 1.6493e-04 5.4567e-04 2.7651e-03 2.4900e-03 ] 9.9403e-01
 1.122e+01 5.4900e-03 [ 1.1595e-06 1.4243e-04 4.7259e-04 2.5018e-03 2.3720e-03 ] 9.9451e-01
 1.133e+01 5.0579e-03 [ 9.2688e-07 1.2295e-04 4.0933e-04 2.2650e-03 2.2596e-03 ] 9.9494e-01
 1.145e+01 4.6660e-03 [ 7.4000e-07 1.0609e-04 3.5456e-04 2.0519e-03 2.1527e-03 ] 9.9533e-01
 1.156e+01 4.3101e-03 [ 5.9006e-07 9.1508e-05 3.0713e-04 1.8601e-03 2.0508e-03 ] 9.9569e-01
 1.167e+01 3.9865e-03 [ 4.6991e-07 7.8902e-05 2.6607e-04 1.6873e-03 1.9538e-03 ] 9.9601e-01
 1.179e+01 3.6918e-03 [ 3.7375e-07 6.8007e-05 2.3051e-04 1.5316e-03 1.8613e-03 ] 9.9631e-01
 1.190e+01 3.4231e-03 [ 2.9690e-07 5.8594e-05 1.9972e-04 1.3913e-03 1.7732e-03 ] 9.9658e-01
 1.201e+01 3.1776e-03 [ 2.3555e-07 5.0466e-05 1.7306e-04 1.2648e-03 1.6891e-03 ] 9.9682e-01
 1.213e+01 2.9531e-03 [ 1.8665e-07 4.3450e-05 1.4997e-04 1.1506e-03 1.6089e-03 ] 9.9705e-01
 1.224e+01 2.7475e-03 [ 1.4771e-07 3.7396e-05 1.2997e-04 1.0475e-03 1.5325e-03 ] 9.9725e-01
 1.235e+01 2.5589e-03 [ 1.1675e-07 3.2174e-05 1.1264e-04 9.5441e-04 1.4596e-03 ] 9.9744e-01
 1.247e+01 2.3857e-03 [ 9.2162e-08 2.7671e-05 9.7634e-05 8.7028e-04 1.3900e-03 ] 9.9761e-01
 1.258e+01 2.2263e-03 [ 7.2662e-08 2.3791e-05 8.4633e-05 7.9421e-04 1.3236e-03 ] 9.9777e-01
 1.269e+01 2.0795e-03 [ 5.7216e-08 2.0447e-05 7.3370e-05 7.2538e-04 1.2603e-03 ] 9.9792e-01
 1.281e+01 1.9442e-03 [ 4.4997e-08 1.7567e-05 6.3610e-05 6.6306e-04 1.1999e-03 ] 9.9806e-01
 1.292e+01 1.8191e-03 [ 3.5343e-08 1.5088e-05 5.5154e-05 6.0661e-04 1.1422e-03 ] 9.9818e-01
 1.303e+01 1.7035e-03 [ 2.7726e-08 1.2954e-05 4.7826e-05 5.5544e-04 1.0872e-03 ] 9.9830e-01
 1.315e+01 1.5964e-03 [ 2.1723e-08 1.1118e-05 4.1475e-05 5.0902e-04 1.0347e-03 ] 9.9840e-01
 1.326e+01 1.4971e-03 [ 1.6999e-08 9.5395e-06 3.5971e-05 4.6688e-04 9.8468e-04 ] 9.9850e-01
 1.337e+01 1.4049e-03 [ 1.3285e-08 8.1822e-06 3.1199e-05 4.2860e-04 9.3693e-04 ] 9.9860e-01
 1.349e+01 1.3193e-03 [ 1.0370e-08 7.0157e-06 2.7063e-05 3.9381e-04 8.9139e-04 ] 9.9868e-01
 1.360e+01 1.2396e-03 [ 8.0843e-09 6.0135e-06 2.3478e-05 3.6215e-04 8.4795e-04 ] 9.9876e-01
 1.371e+01 1.1654e-03 [ 6.2946e-09 5.1528e-06 2.0369e-05 3.3333e-04 8.0652e-04 ] 9.9883e-01
 1.383e+01 1.0962e-03 [ 4.8949e-09 4.4138e-06 1.7673e-05 3.0707e-04 7.6702e-04 ] 9.9890e-01
 1.394e+01 1.0316e-03 [ 3.8018e-09 3.7797e-06 1.5336e-05 2.8313e-04 7.2936e-04 ] 9.9897e-01
 1.405e+01 9.7129e-04 [ 2.9490e-09 3.2356e-06 1.3308e-05 2.6128e-04 6.9347e-04 ] 9.9903e-01
 1.417e+01 9.1489e-04 [ 2.2847e-09 2.7689e-06 1.1550e-05 2.4132e-04 6.5925e-04 ] 9.9909e-01
 1.428e+01 8.6211e-04 [ 1.7679e-09 2.3688e-06 1.0025e-05 2.2307e-04 6.2664e-04 ] 9.9914e-01
 1.439e+01 8.1268e-04 [ 1.3662e-09 2.0259e-06 8.7022e-06 2.0638e-04 5.9557e-04 ] 9.9919e-01
 1.451e+01 7.6635e-04 [ 1.0545e-09 1.7321e-06 7.5545e-06 1.9110e-04 5.6597e-04 ] 9.9923e-01
 1.462e+01 7.2290e-04 [ 8.1293e-10 1.4805e-06 6.5587e-06 1.7709e-04 5.3777e-04 ] 9.9928e-01
 1.473e+01 6.8212e-04 [ 6.2590e-10 1.2650e-06 5.6947e-06 1.6424e-04 5.1092e-04 ] 9.9932e-01
 1.485e+01 6.4382e-04 [ 4.8130e-10 1.0806e-06 4.9449e-06 1.5245e-04 4.8534e-04 ] 9.9936e-01
 1.496e+01 6.0782e-04 [ 3.6965e-10 9.2276e-07 4.2943e-06 1.4161e-04 4.6099e-04 ] 9.9939e-01
 1.507e+01 5.7398e-04 [ 2.8355e-10 7.8776e-07 3.7295e-06 1.3164e-04 4.3782e-04 ] 9.9943e-01
 1.519e+01 5.4213e-04 [ 2.1724e-10 6.7230e-07 3.2393e-06 1.2247e-04 4.1575e-04 ] 9.9946e-01
 1.530e+01 5.1216e-04 [ 1.6623e-10 5.7360e-07 2.8138e-06 1.1402e-04 3.9476e-04 ] 9.9949e-01
 1.541e+01 4.8394e-04 [ 1.2704e-10 4.8925e-07 2.4444e-06 1.0622e-04 3.7478e-04 ] 9.9952e-01
 1.553e+01 4.5735e-04 [ 9.6966e-11 4.1719e-07 2.1237e-06 9.9028e-05 3.5578e-04 ] 9.9954e-01
 1.564e+01 4.3229e-04 [ 7.3923e-11 3.5563e-07 1.8452e-06 9.2385e-05 3.3770e-04 ] 9.9957e-01
 1.575e+01 4.0866e-04 [ 5.6286e-11 3.0308e-07 1.6034e-06 8.6242e-05 3.2051e-04 ] 9.9959e-01
 1.587e+01 3.8637e-04 [ 4.2805e-11 2.5821e-07 1.3933e-06 8.0560e-05 3.0416e-04 ] 9.9961e-01
 1.598e+01 3.6535e-04 [ 3.2513e-11 2.1993e-07 1.2109e-06 7.5297e-05 2.8862e-04 ] 9.9963e-01
 1.609e+01 3.4551e-04 [ 2.4665e-11 1.8727e-07 1.0525e-06 7.0420e-05 2.7385e-04 ] 9.9965e-01
 1.621e+01 3.2677e-04 [ 1.8689e-11 1.5942e-07 9.1487e-07 6.5896e-05 2.5980e-04 ] 9.9967e-01
 1.632e+01 3.0909e-04 [ 1.4143e-11 1.3567e-07 7.9531e-07 6.1697e-05 2.4646e-04 ] 9.9969e-01
 1.643e+01 2.9238e-04 [ 1.0690e-11 1.1543e-07 6.9143e-07 5.7796e-05 2.3378e-04 ] 9.9971e-01
 1.655e+01 2.7660e-04 [ 8.0706e-12 9.8182e-08 6.0117e-07 5.4169e-05 2.2173e-04 ] 9.9972e-01
 1.666e+01 2.6168e-04 [ 6.0855e-12 8.3489e-08 5.2274e-07 5.0795e-05 2.1028e-04 ] 9.9974e-01
 1.677e+01 2.4759e-04 [ 4.5831e-12 7.0975e-08 4.5458e-07 4.7653e-05 1.9941e-04 ] 9.9975e-01
 1.689e+01 2.3427e-04 [ 3.4474e-12 6.0322e-08 3.9534e-07 4.4726e-05 1.8909e-04 ] 9.9977e-01
 1.700e+01 2.2168e-04 [ 2.5901e-12 5.1253e-08 3.4385e-07 4.1996e-05 1.7929e-04 ] 9.9978e-01
 1.711e+01 2.0977e-04 [ 1.9436e-12 4.3537e-08 2.9909e-07 3.9450e-05 1.6998e-04 ] 9.9979e-01
 1.723e+01 1.9851e-04 [ 1.4568e-12 3.6973e-08 2.6018e-07 3.7072e-05 1.6114e-04 ] 9.9980e-01
 1.734e+01 1.8786e-04 [ 1.0906e-12 3.1390e-08 2.2635e-07 3.4851e-05 1.5275e-04 ] 9.9981e-01
 1.745e+01 1.7779e-04 [ 8.1544e-13 2.6643e-08 1.9694e-07 3.2775e-05 1.4479e-04 ] 9.9982e-01
 1.757e+01 1.6827e-04 [ 6.0900e-13 2.2609e-08 1.7136e-07 3.0833e-05 1.3724e-04 ] 9.9983e-01
 1.768e+01 1.5926e-04 [ 4.5429e-13 1.9180e-08 1.4912e-07 2.9016e-05 1.3007e-04 ] 9.9984e-01
 1.779e+01 1.5073e-04 [ 3.3848e-13 1.6267e-08 1.2977e-07 2.7314e-05 1.2327e-04 ] 9.9985e-01
 1.791e+01 1.4266e-04 [ 2.5190e-13 1.3793e-08 1.1295e-07 2.5720e-05 1.1682e-04 ] 9.9986e-01
 1.802e+01 1.3503e-04 [ 1.8724e-13 1.1692e-08 9.8309e-08 2.4226e-05 1.1069e-04 ] 9.9986e-01
 1.813e+01 1.2781e-04 [ 1.3902e-13 9.9088e-09 8.5577e-08 2.2824e-05 1.0489e-04 ] 9.9987e-01
 1.825e+01 1.2097e-04 [ 1.0310e-13 8.3953e-09 7.4500e-08 2.1509e-05 9.9382e-05 ] 9.9988e-01
 1.836e+01 1.1451e-04 [ 7.6367e-14 7.1112e-09 6.4863e-08 2.0275e-05 9.4159e-05 ] 9.9989e-01
 1.847e+01 1.0839e-04 [ 5.6503e-14 6.0219e-09 5.6476e-08 1.9116e-05 8.9207e-05 ] 9.9989e-01
 1.859e+01 1.0259e-04 [ 4.1757e-14 5.0982e-09 4.9179e-08 1.8027e-05 8.4511e-05 ] 9.9990e-01
 1.870e+01 9.7110e-05 [ 3.0825e-14 4.3151e-09 4.2827e-08 1.7004e-05 8.0058e-05 ] 9.9990e-01
 1.881e+01 9.1920e-05 [ 2.2728e-14 3.6514e-09 3.7299e-08 1.6042e-05 7.5837e-05 ] 9.9991e-01
 1.893e+01 8.7009e-05 [ 1.6739e-14 3.0889e-09 3.2488e-08 1.5137e-05 7.1836e-05 ] 9.9991e-01
 1.904e+01 8.2360e-05 [ 1.2315e-14 2.6124e-09 2.8299e-08 1.4286e-05 6.8043e-05 ] 9.9992e-01
 1.915e+01 7.7960e-05 [ 9.0492e-15 2.2089e-09 2.4653e-08 1.3485e-05 6.4448e-05 ] 9.9992e-01
 1.927e+01 7.3795e-05 [ 6.6422e-15 1.8672e-09 2.1478e-08 1.2731e-05 6.1041e-05 ] 9.9993e-01
 1.938e+01 6.9852e-05 [ 4.8700e-15 1.5780e-09 1.8714e-08 1.2020e-05 5.7811e-05 ] 9.9993e-01
 1.949e+01 6.6120e-05 [ 3.5666e-15 1.3332e-09 1.6306e-08 1.1351e-05 5.4751e-05 ] 9.9993e-01
 1.961e+01 6.2588e-05 [ 2.6092e-15 1.1261e-09 1.4210e-08 1.0721e-05 5.1851e-05 ] 9.9994e-01
 1.972e+01 5.9244e-05 [ 1.9067e-15 9.5092e-10 1.2384e-08 1.0127e-05 4.9104e-05 ] 9.9994e-01
 1.983e+01 5.6078e-05 [ 1.3918e-15 8.0278e-10 1.0794e-08 9.5667e-06 4.6500e-05 ] 9.9994e-01
 1.995e+01 5.3082e-05 [ 1.0148e-15 6.7755e-10 9.4085e-09 9.0386e-06 4.4034e-05 ] 9.9995e-01
 2.006e+01 5.0246e-05 [ 7.3914e-16 5.7170e-10 8.2016e-09 8.5406e-06 4.1697e-05 ] 9.9995e-01
 2.017e+01 4.7561e-05 [ 5.3778e-16 4.8227e-10 7.1502e-09 8.0708e-06 3.9483e-05 ] 9.9995e-01
 2.029e+01 4.5020e-05 [ 3.9085e-16 4.0671e-10 6.2341e-09 7.6276e-06 3.7386e-05 ] 9.9995e-01
 2.040e+01 4.2614e-05 [ 2.8376e-16 3.4291e-10 5.4358e-09 7.2093e-06 3.5399e-05 ] 9.9996e-01
 2.051e+01 4.0337e-05 [ 2.0579e-16 2.8903e-10 4.7402e-09 6.8146e-06 3.3517e-05 ] 9.9996e-01
 2.063e+01 3.8181e-05 [ 1.4909e-16 2.4356e-10 4.1339e-09 6.4419e-06 3.1735e-05 ] 9.9996e-01
 2.074e+01 3.6140e-05 [ 1.0789e-16 2.0518e-10 3.6055e-09 6.0901e-06 3.0047e-05 ] 9.9996e-01
 2.085e+01 3.4209e-05 [ 7.7999e-17 1.7281e-10 3.1448e-09 5.7579e-06 2.8448e-05 ] 9.9997e-01
 2.097e+01 3.2380e-05 [ 5.6329e-17 1.4550e-10 2.7433e-09 5.4442e-06 2.6933e-05 ] 9.9997e-01
 2.108e+01 3.0650e-05 [ 4.0637e-17 1.2248e-10 2.3932e-09 5.1479e-06 2.5499e-05 ] 9.9997e-01
 2.119e+01 2.9011e-05 [ 2.9287e-17 1.0307e-10 2.0880e-09 4.8680e-06 2.4141e-05 ] 9.9997e-01
 2.131e+01 2.7460e-05 [ 2.1085e-17 8.6713e-11 1.8219e-09 4.6035e-06 2.2855e-05 ] 9.9997e-01
 2.142e+01 2.5992e-05 [ 1.5164e-17 7.2931e-11 1.5898e-09 4.3537e-06 2.1637e-05 ] 9.9997e-01
 2.153e+01 2.4603e-05 [ 1.0895e-17 6.1324e-11 1.3874e-09 4.1176e-06 2.0484e-05 ] 9.9998e-01
 2.165e+01 2.3287e-05 [ 7.8202e-18 5.1549e-11 1.2109e-09 3.8945e-06 1.9392e-05 ] 9.9998e-01
 2.176e+01 2.2042e-05 [ 5.6073e-18 4.3320e-11 1.0569e-09 3.6836e-06 1.8357e-05 ] 9.9998e-01
 2.187e+01 2.0864e-05 [ 4.0166e-18 3.6395e-11 9.2257e-10 3.4843e-06 1.7378e-05 ] 9.9998e-01
 2.199e+01 1.9748e-05 [ 2.8743e-18 3.0568e-11 8.0539e-10 3.2959e-06 1.6451e-05 ] 9.9998e-01
 2.210e+01 1.8692e-05 [ 2.0549e-18 2.5667e-11 7.0315e-10 3.1178e-06 1.5573e-05 ] 9.9998e-01
 2.221e+01 1.7692e-05 [ 1.4676e-18 2.1546e-11 6.1395e-10 2.9494e-06 1.4742e-05 ] 9.9998e-01
 2.233e+01 1.6746e-05 [ 1.0472e-18 1.8081e-11 5.3611e-10 2.7902e-06 1.3955e-05 ] 9.9998e-01
 2.244e+01 1.5851e-05 [ 7.4644e-19 1.5169e-11 4.6817e-10 2.6396e-06 1.3210e-05 ] 9.9998e-01
 2.255e+01 1.5003e-05 [ 5.3157e-19 1.2722e-11 4.0889e-10 2.4973e-06 1.2505e-05 ] 9.9998e-01
 2.267e+01 1.4200e-05 [ 3.7819e-19 1.0667e-11 3.5714e-10 2.3627e-06 1.1837e-05 ] 9.9999e-01
 2.278e+01 1.3441e-05 [ 2.6881e-19 8.9415e-12 3.1196e-10 2.2354e-06 1.1205e-05 ] 9.9999e-01
 2.289e+01 1.2722e-05 [ 1.9089e-19 7.4928e-12 2.7253e-10 2.1150e-06 1.0607e-05 ] 9.9999e-01
 2.301e+01 1.2041e-05 [ 1.3543e-19 6.2770e-12 2.3810e-10 2.0011e-06 1.0040e-05 ] 9.9999e-01
 2.312e+01 1.1397e-05 [ 9.5989e-20 5.2569e-12 2.0803e-10 1.8934e-06 9.5037e-06 ] 9.9999e-01
 2.323e+01 1.0788e-05 [ 6.7974e-20 4.4013e-12 1.8178e-10 1.7915e-06 8.9959e-06 ] 9.9999e-01
 2.335e+01 1.0211e-05 [ 4.8091e-20 3.6839e-12 1.5886e-10 1.6952e-06 8.5152e-06 ] 9.9999e-01
 2.346e+01 9.6643e-06 [ 3.3993e-20 3.0825e-12 1.3884e-10 1.6040e-06 8.0601e-06 ] 9.9999e-01
 2.357e+01 9.1473e-06 [ 2.4006e-20 2.5785e-12 1.2135e-10 1.5178e-06 7.6294e-06 ] 9.9999e-01
 2.369e+01 8.6579e-06 [ 1.6938e-20 2.1563e-12 1.0608e-10 1.4362e-06 7.2216e-06 ] 9.9999e-01
 2.380e+01 8.1947e-06 [ 1.1941e-20 1.8026e-12 9.2731e-11 1.3591e-06 6.8356e-06 ] 9.9999e-01
 2.391e+01 7.7563e-06 [ 8.4102e-21 1.5065e-12 8.1072e-11 1.2861e-06 6.4701e-06 ] 9.9999e-01
 2.403e+01 7.3413e-06 [ 5.9183e-21 1.2587e-12 7.0886e-11 1.2170e-06 6.1243e-06 ] 9.9999e-01
 2.414e+01 6.9485e-06 [ 4.1612e-21 1.0513e-12 6.1985e-11 1.1516e-06 5.7968e-06 ] 9.9999e-01
 2.425e+01 6.5768e-06 [ 2.9232e-21 8.7782e-13 5.4206e-11 1.0898e-06 5.4869e-06 ] 9.9999e-01
 2.437e+01 6.2249e-06 [ 2.0517e-21 7.3274e-13 4.7408e-11 1.0313e-06 5.1935e-06 ] 9.9999e-01
 2.448e+01 5.8918e-06 [ 1.4389e-21 6.1145e-13 4.1466e-11 9.7594e-07 4.9158e-06 ] 9.9999e-01
 2.459e+01 5.5765e-06 [ 1.0082e-21 5.1007e-13 3.6272e-11 9.2356e-07 4.6529e-06 ] 9.9999e-01
 2.471e+01 5.2781e-06 [ 7.0585e-22 4.2538e-13 3.1732e-11 8.7400e-07 4.4041e-06 ] 9.9999e-01
 2.482e+01 4.9957e-06 [ 4.9376e-22 3.5463e-13 2.7762e-11 8.2711e-07 4.1686e-06 ] 1.0000e+00
 2.493e+01 4.7284e-06 [ 3.4511e-22 2.9556e-13 2.4291e-11 7.8274e-07 3.9456e-06 ] 1.0000e+00
 2.505e+01 4.4754e-06 [ 2.4101e-22 2.4626e-13 2.1256e-11 7.4075e-07 3.7346e-06 ] 1.0000e+00
 2.516e+01 4.2359e-06 [ 1.6818e-22 2.0511e-13 1.8602e-11 7.0102e-07 3.5348e-06 ] 1.0000e+00
 2.527e+01 4.0092e-06 [ 1.1726e-22 1.7078e-13 1.6281e-11 6.6342e-07 3.3458e-06 ] 1.0000e+00
 2.539e+01 3.7947e-06 [ 8.1694e-23 1.4216e-13 1.4251e-11 6.2784e-07 3.1668e-06 ] 1.0000e+00
 2.550e+01 3.5916e-06 [ 5.6869e-23 1.1829e-13 1.2475e-11 5.9417e-07 2.9974e-06 ] 1.0000e+00
 2.561e+01 3.3994e-06 [ 3.9557e-23 9.8402e-14 1.0921e-11 5.6231e-07 2.8371e-06 ] 1.0000e+00
 2.573e+01 3.2175e-06 [ 2.7493e-23 8.1831e-14 9.5621e-12 5.3216e-07 2.6853e-06 ] 1.0000e+00
 2.584e+01 3.0453e-06 [ 1.9093e-23 6.8028e-14 8.3729e-12 5.0363e-07 2.5416e-06 ] 1.0000e+00
 2.595e+01 2.8823e-06 [ 1.3250e-23 5.6535e-14 7.3323e-12 4.7663e-07 2.4057e-06 ] 1.0000e+00
 2.607e+01 2.7281e-06 [ 9.1878e-24 4.6969e-14 6.4216e-12 4.5107e-07 2.2770e-06 ] 1.0000e+00
 2.618e+01 2.5821e-06 [ 6.3661e-24 3.9008e-14 5.6246e-12 4.2689e-07 2.1551e-06 ] 1.0000e+00
 2.629e+01 2.4439e-06 [ 4.4077e-24 3.2387e-14 4.9270e-12 4.0401e-07 2.0398e-06 ] 1.0000e+00
 2.641e+01 2.3131e-06 [ 3.0495e-24 2.6880e-14 4.3163e-12 3.8235e-07 1.9307e-06 ] 1.0000e+00
 2.652e+01 2.1893e-06 [ 2.1082e-24 2.2303e-14 3.7817e-12 3.6185e-07 1.8274e-06 ] 1.0000e+00
 2.663e+01 2.0721e-06 [ 1.4564e-24 1.8499e-14 3.3137e-12 3.4246e-07 1.7296e-06 ] 1.0000e+00
 2.675e+01 1.9612e-06 [ 1.0054e-24 1.5339e-14 2.9038e-12 3.2410e-07 1.6371e-06 ] 1.0000e+00
 2.686e+01 1.8563e-06 [ 6.9354e-25 1.2714e-14 2.5450e-12 3.0673e-07 1.5495e-06 ] 1.0000e+00
 2.697e+01 1.7569e-06 [ 4.7807e-25 1.0535e-14 2.2307e-12 2.9029e-07 1.4666e-06 ] 1.0000e+00
 2.709e+01 1.6629e-06 [ 3.2931e-25 8.7269e-15 1.9554e-12 2.7473e-07 1.3881e-06 ] 1.0000e+00
 2.720e+01 1.5739e-06 [ 2.2668e-25 7.2266e-15 1.7143e-12 2.6000e-07 1.3138e-06 ] 1.0000e+00
 2.731e+01 1.4897e-06 [ 1.5592e-25 5.9821e-15 1.5031e-12 2.4606e-07 1.2435e-06 ] 1.0000e+00
 2.743e+01 1.4099e-06 [ 1.0718e-25 4.9504e-15 1.3180e-12 2.3287e-07 1.1770e-06 ] 1.0000e+00
 2.754e+01 1.3345e-06 [ 7.3619e-26 4.0952e-15 1.1559e-12 2.2039e-07 1.1140e-06 ] 1.0000e+00
 2.765e+01 1.2631e-06 [ 5.0534e-26 3.3866e-15 1.0138e-12 2.0858e-07 1.0544e-06 ] 1.0000e+00
 2.777e+01 1.1955e-06 [ 3.4664e-26 2.7997e-15 8.8933e-13 1.9740e-07 9.9798e-07 ] 1.0000e+00
 2.788e+01 1.1315e-06 [ 2.3762e-26 2.3137e-15 7.8021e-13 1.8681e-07 9.4458e-07 ] 1.0000e+00
 2.799e+01 1.0709e-06 [ 1.6278e-26 1.9114e-15 6.8456e-13 1.7680e-07 8.9403e-07 ] 1.0000e+00
 2.811e+01 1.0136e-06 [ 1.1143e-26 1.5786e-15 6.0072e-13 1.6732e-07 8.4619e-07 ] 1.0000e+00
 2.822e+01 9.5937e-07 [ 7.6235e-27 1.3032e-15 5.2721e-13 1.5835e-07 8.0090e-07 ] 1.0000e+00
 2.833e+01 9.0803e-07 [ 5.2119e-27 1.0756e-15 4.6276e-13 1.4986e-07 7.5804e-07 ] 1.0000e+00
 2.845e+01 8.5944e-07 [ 3.5609e-27 8.8736e-16 4.0624e-13 1.4183e-07 7.1748e-07 ] 1.0000e+00
 2.856e+01 8.1344e-07 [ 2.4314e-27 7.3184e-16 3.5668e-13 1.3422e-07 6.7908e-07 ] 1.0000e+00
 2.867e+01 7.6991e-07 [ 1.6590e-27 6.0337e-16 3.1320e-13 1.2703e-07 6.4274e-07 ] 1.0000e+00
 2.879e+01 7.2871e-07 [ 1.1313e-27 4.9728e-16 2.7507e-13 1.2022e-07 6.0834e-07 ] 1.0000e+00
 2.890e+01 6.8972e-07 [ 7.7096e-28 4.0970e-16 2.4161e-13 1.1377e-07 5.7579e-07 ] 1.0000e+00
 2.901e+01 6.5281e-07 [ 5.2507e-28 3.3744e-16 2.1226e-13 1.0767e-07 5.4497e-07 ] 1.0000e+00
 2.913e+01 6.1788e-07 [ 3.5737e-28 2.7782e-16 1.8650e-13 1.0190e-07 5.1580e-07 ] 1.0000e+00
 2.924e+01 5.8482e-07 [ 2.4309e-28 2.2866e-16 1.6390e-13 9.6431e-08 4.8820e-07 ] 1.0000e+00
 2.935e+01 5.5354e-07 [ 1.6525e-28 1.8813e-16 1.4406e-13 9.1260e-08 4.6207e-07 ] 1.0000e+00
 2.947e+01 5.2392e-07 [ 1.1227e-28 1.5473e-16 1.2664e-13 8.6365e-08 4.3734e-07 ] 1.0000e+00
 2.958e+01 4.9590e-07 [ 7.6224e-29 1.2722e-16 1.1135e-13 8.1733e-08 4.1393e-07 ] 1.0000e+00
 2.969e+01 4.6937e-07 [ 5.1722e-29 1.0456e-16 9.7927e-14 7.7349e-08 3.9178e-07 ] 1.0000e+00
 2.981e+01 4.4427e-07 [ 3.5075e-29 8.5910e-17 8.6137e-14 7.3200e-08 3.7081e-07 ] 1.0000e+00
 2.992e+01 4.2051e-07 [ 2.3772e-29 7.0561e-17 7.5781e-14 6.9273e-08 3.5097e-07 ] 1.0000e+00
 3.003e+01 3.9802e-07 [ 1.6102e-29 5.7934e-17 6.6685e-14 6.5557e-08 3.3218e-07 ] 1.0000e+00
 3.015e+01 3.7674e-07 [ 1.0901e-29 4.7550e-17 5.8693e-14 6.2040e-08 3.1440e-07 ] 1.0000e+00
 3.026e+01 3.5660e-07 [ 7.3749e-30 3.9013e-17 5.1671e-14 5.8711e-08 2.9757e-07 ] 1.0000e+00
 3.037e+01 3.3755e-07 [ 4.9868e-30 3.1998e-17 4.5499e-14 5.5561e-08 2.8165e-07 ] 1.0000e+00
 3.049e+01 3.1951e-07 [ 3.3700e-30 2.6235e-17 4.0075e-14 5.2580e-08 2.6657e-07 ] 1.0000e+00
 3.060e+01 3.0244e-07 [ 2.2762e-30 2.1503e-17 3.5306e-14 4.9758e-08 2.5230e-07 ] 1.0000e+00
 3.071e+01 2.8629e-07 [ 1.5365e-30 1.7618e-17 3.1113e-14 4.7088e-08 2.3880e-07 ] 1.0000e+00
 3.083e+01 2.7100e-07 [ 1.0366e-30 1.4430e-17 2.7425e-14 4.4561e-08 2.2602e-07 ] 1.0000e+00
 3.094e+01 2.5653e-07 [ 6.9896e-31 1.1814e-17 2.4181e-14 4.2169e-08 2.1392e-07 ] 1.0000e+00
 3.105e+01 2.4284e-07 [ 4.7104e-31 9.6698e-18 2.1328e-14 3.9905e-08 2.0247e-07 ] 1.0000e+00
 3.117e+01 2.2989e-07 [ 3.1727e-31 7.9116e-18 1.8817e-14 3.7763e-08 1.9163e-07 ] 1.0000e+00
 3.128e+01 2.1764e-07 [ 2.1358e-31 6.4709e-18 1.6606e-14 3.5736e-08 1.8137e-07 ] 1.0000e+00
 3.139e+01 2.0604e-07 [ 1.4370e-31 5.2907e-18 1.4661e-14 3.3817e-08 1.7166e-07 ] 1.0000e+00
 3.151e+01 1.9506e-07 [ 9.6636e-32 4.3242e-18 1.2948e-14 3.2001e-08 1.6247e-07 ] 1.0000e+00
 3.162e+01 1.8468e-07 [ 6.4951e-32 3.5331e-18 1.1439e-14 3.0283e-08 1.5378e-07 ] 1.0000e+00
 3.173e+01 1.7486e-07 [ 4.3632e-32 2.8857e-18 1.0110e-14 2.8657e-08 1.4554e-07 ] 1.0000e+00
 3.185e+01 1.6557e-07 [ 2.9296e-32 2.3561e-18 8.9388e-15 2.7117e-08 1.3775e-07 ] 1.0000e+00
 3.196e+01 1.5678e-07 [ 1.9660e-32 1.9230e-18 7.9066e-15 2.5661e-08 1.3038e-07 ] 1.0000e+00
 3.207e+01 1.4846e-07 [ 1.3187e-32 1.5690e-18 6.9966e-15 2.4282e-08 1.2340e-07 ] 1.0000e+00
 3.219e+01 1.4059e-07 [ 8.8408e-33 1.2798e-18 6.1941e-15 2.2978e-08 1.1679e-07 ] 1.0000e+00
 3.230e+01 1.3315e-07 [ 5.9241e-33 1.0435e-18 5.4862e-15 2.1743e-08 1.1054e-07 ] 1.0000e+00
 3.241e+01 1.2612e-07 [ 3.9678e-33 8.5055e-19 4.8616e-15 2.0575e-08 1.0462e-07 ] 1.0000e+00
 3.253e+01 1.1946e-07 [ 2.6562e-33 6.9305e-19 4.3102e-15 1.9469e-08 9.9021e-08 ] 1.0000e+00
 3.264e+01 1.1317e-07 [ 1.7774e-33 5.6454e-19 3.8234e-15 1.8423e-08 9.3719e-08 ] 1.0000e+00
 3.275e+01 1.0722e-07 [ 1.1888e-33 4.5971e-19 3.3935e-15 1.7433e-08 8.8702e-08 ] 1.0000e+00
 3.287e+01 1.0160e-07 [ 7.9472e-34 3.7422e-19 3.0136e-15 1.6496e-08 8.3953e-08 ] 1.0000e+00
 3.298e+01 9.6279e-08 [ 5.3106e-34 3.0454e-19 2.6778e-15 1.5609e-08 7.9458e-08 ] 1.0000e+00
 3.309e+01 9.1255e-08 [ 3.5473e-34 2.4776e-19 2.3810e-15 1.4770e-08 7.5203e-08 ] 1.0000e+00
 3.321e+01 8.6507e-08 [ 2.3684e-34 2.0151e-19 2.1183e-15 1.3975e-08 7.1177e-08 ] 1.0000e+00
 3.332e+01 8.2021e-08 [ 1.5807e-34 1.6385e-19 1.8860e-15 1.3224e-08 6.7365e-08 ] 1.0000e+00
 3.343e+01 7.7785e-08 [ 1.0546e-34 1.3319e-19 1.6802e-15 1.2513e-08 6.3758e-08 ] 1.0000e+00
 3.355e+01 7.3784e-08 [ 7.0334e-35 1.0824e-19 1.4980e-15 1.1839e-08 6.0344e-08 ] 1.0000e+00
 3.366e+01 7.0007e-08 [ 4.6891e-35 8.7947e-20 1.3365e-15 1.1203e-08 5.7113e-08 ] 1.0000e+00
 3.377e+01 6.6442e-08 [ 3.1252e-35 7.1442e-20 1.1934e-15 1.0600e-08 5.4055e-08 ] 1.0000e+00
 3.389e+01 6.3079e-08 [ 2.0823e-35 5.8024e-20 1.0664e-15 1.0029e-08 5.1160e-08 ] 1.0000e+00
 3.400e+01 5.9907e-08 [ 1.3871e-35 4.7118e-20 9.5377e-16 9.4896e-09 4.8420e-08 ] 1.0000e+00
 3.411e+01 5.6917e-08 [ 9.2375e-36 3.8258e-20 8.5374e-16 8.9788e-09 4.5827e-08 ] 1.0000e+00
 3.423e+01 5.4099e-08 [ 6.1508e-36 3.1060e-20 7.6487e-16 8.4955e-09 4.3373e-08 ] 1.0000e+00
 3.434e+01 5.1446e-08 [ 4.0949e-36 2.5216e-20 6.8588e-16 8.0381e-09 4.1050e-08 ] 1.0000e+00
 3.445e+01 4.8949e-08 [ 2.7260e-36 2.0471e-20 6.1563e-16 7.6053e-09 3.8851e-08 ] 1.0000e+00
 3.457e+01 4.6600e-08 [ 1.8146e-36 1.6620e-20 5.5310e-16 7.1957e-09 3.6771e-08 ] 1.0000e+00
 3.468e+01 4.4393e-08 [ 1.2080e-36 1.3496e-20 4.9743e-16 6.8081e-09 3.4801e-08 ] 1.0000e+00
 3.479e+01 4.2320e-08 [ 8.0428e-37 1.0960e-20 4.4782e-16 6.4413e-09 3.2937e-08 ] 1.0000e+00
 3.491e+01 4.0376e-08 [ 5.3558e-37 8.9038e-21 4.0358e-16 6.0943e-09 3.1173e-08 ] 1.0000e+00
 3.502e+01 3.8555e-08 [ 3.5676e-37 7.2358e-21 3.6411e-16 5.7659e-09 2.9503e-08 ] 1.0000e+00
 3.513e+01 3.6851e-08 [ 2.3774e-37 5.8831e-21 3.2886e-16 5.4551e-09 2.7923e-08 ] 1.0000e+00
 3.525e+01 3.5258e-08 [ 1.5851e-37 4.7862e-21 2.9737e-16 5.1611e-09 2.6427e-08 ] 1.0000e+00
 3.536e+01 3.3773e-08 [ 1.0576e-37 3.8966e-21 2.6921e-16 4.8828e-09 2.5011e-08 ] 1.0000e+00
 3.547e+01 3.2390e-08 [ 7.0618e-38 3.1752e-21 2.4400e-16 4.6196e-09 2.3671e-08 ] 1.0000e+00
 3.559e+01 3.1106e-08 [ 4.7202e-38 2.5901e-21 2.2143e-16 4.3704e-09 2.2403e-08 ] 1.0000e+00
 3.570e+01 2.9916e-08 [ 3.1588e-38 2.1155e-21 2.0119e-16 4.1347e-09 2.1203e-08 ] 1.0000e+00
 3.581e+01 2.8817e-08 [ 2.1169e-38 1.7303e-21 1.8304e-16 3.9116e-09 2.0067e-08 ] 1.0000e+00
 3.593e+01 2.7806e-08 [ 1.4209e-38 1.4177e-21 1.6674e-16 3.7006e-09 1.8992e-08 ] 1.0000e+00
 3.604e+01 2.6879e-08 [ 9.5560e-39 1.1638e-21 1.5210e-16 3.5009e-09 1.7974e-08 ] 1.0000e+00
 3.615e+01 2.6034e-08 [ 6.4404e-39 9.5746e-22 1.3892e-16 3.3119e-09 1.7011e-08 ] 1.0000e+00
 3.627e+01 2.5268e-08 [ 4.3511e-39 7.8966e-22 1.2706e-16 3.1331e-09 1.6100e-08 ] 1.0000e+00
 3.638e+01 2.4579e-08 [ 2.9477e-39 6.5308e-22 1.1637e-16 2.9639e-09 1.5237e-08 ] 1.0000e+00
 3.649e+01 2.3964e-08 [ 2.0030e-39 5.4178e-22 1.0673e-16 2.8039e-09 1.4420e-08 ] 1.0000e+00
 3.661e+01 2.3423e-08 [ 1.3656e-39 4.5096e-22 9.8030e-17 2.6524e-09 1.3647e-08 ] 1.0000e+00
 3.672e+01 2.2953e-08 [ 9.3450e-40 3.7675e-22 9.0165e-17 2.5091e-09 1.2916e-08 ] 1.0000e+00
 3.683e+01 2.2552e-08 [ 6.4199e-40 3.1601e-22 8.3051e-17 2.3735e-09 1.2224e-08 ] 1.0000e+00
 3.695e+01 2.2220e-08 [ 4.4291e-40 2.6618e-22 7.6608e-17 2.2452e-09 1.1569e-08 ] 1.0000e+00
 3.706e+01 2.1956e-08 [ 3.0693e-40 2.2521e-22 7.0769e-17 2.1239e-09 1.0949e-08 ] 1.0000e+00
 3.717e+01 2.1758e-08 [ 2.1370e-40 1.9145e-22 6.5470e-17 2.0090e-09 1.0362e-08 ] 1.0000e+00
 3.729e+01 2.1627e-08 [ 1.4951e-40 1.6354e-22 6.0657e-17 1.9004e-09 9.8062e-09 ] 1.0000e+00
 3.740e+01 2.1561e-08 [ 1.0512e-40 1.4039e-22 5.6281e-17 1.7976e-09 9.2805e-09 ] 1.0000e+00
 3.751e+01 2.1561e-08 [ 7.4280e-41 1.2113e-22 5.2298e-17 1.7003e-09 8.7829e-09 ] 1.0000e+00
 3.763e+01 2.1627e-08 [ 5.2752e-41 1.0503e-22 4.8668e-17 1.6083e-09 8.3120e-09 ] 1.0000e+00
 3.774e+01 2.1758e-08 [ 3.7651e-41 9.1525e-23 4.5358e-17 1.5212e-09 7.8664e-09 ] 1.0000e+00
 3.785e+01 2.1956e-08 [ 2.7003e-41 8.0145e-23 4.2334e-17 1.4389e-09 7.4445e-09 ] 1.0000e+00
 3.797e+01 2.2220e-08 [ 1.9457e-41 7.0509e-23 3.9570e-17 1.3610e-09 7.0453e-09 ] 1.0000e+00
 3.808e+01 2.2552e-08 [ 1.4083e-41 6.2309e-23 3.7040e-17 1.2872e-09 6.6675e-09 ] 1.0000e+00
 3.819e+01 2.2953e-08 [ 1.0237e-41 5.5296e-23 3.4722e-17 1.2175e-09 6.3099e-09 ] 1.0000e+00
 3.831e+01 2.3423e-08 [ 7.4703e-42 4.9267e-23 3.2596e-17 1.1515e-09 5.9715e-09 ] 1.0000e+00
 3.842e+01 2.3964e-08 [ 5.4717e-42 4.4057e-23 3.0644e-17 1.0891e-09 5.6512e-09 ] 1.0000e+00
 3.853e+01 2.4579e-08 [ 4.0213e-42 3.9531e-23 2.8849e-17 1.0300e-09 5.3481e-09 ] 1.0000e+00
 3.865e+01 2.5268e-08 [ 2.9645e-42 3.5578e-23 2.7197e-17 9.7419e-10 5.0612e-09 ] 1.0000e+00
 3.876e+01 2.6034e-08 [ 2.1915e-42 3.2109e-23 2.5675e-17 9.2134e-10 4.7897e-09 ] 1.0000e+00
 3.887e+01 2.6879e-08 [ 1.6241e-42 2.9049e-23 2.4271e-17 8.7135e-10 4.5327e-09 ] 1.0000e+00
 3.899e+01 2.7806e-08 [ 1.2062e-42 2.6339e-23 2.2974e-17 8.2406e-10 4.2895e-09 ] 1.0000e+00
 3.910e+01 2.8817e-08 [ 8.9763e-43 2.3927e-23 2.1775e-17 7.7932e-10 4.0593e-09 ] 1.0000e+00
 3.921e+01 2.9916e-08 [ 6.6911e-43 2.1773e-23 2.0665e-17 7.3700e-10 3.8415e-09 ] 1.0000e+00
 3.933e+01 3.1106e-08 [ 4.9951e-43 1.9841e-23 1.9637e-17 6.9697e-10 3.6353e-09 ] 1.0000e+00
 3.944e+01 3.2390e-08 [ 3.7336e-43 1.8104e-23 1.8683e-17 6.5910e-10 3.4402e-09 ] 1.0000e+00
 3.955e+01 3.3773e-08 [ 2.7937e-43 1.6535e-23 1.7796e-17 6.2328e-10 3.2556e-09 ] 1.0000e+00
 3.967e+01 3.5258e-08 [ 2.0924e-43 1.5116e-23 1.6972e-17 5.8939e-10 3.0808e-09 ] 1.0000e+00
 3.978e+01 3.6851e-08 [ 1.5683e-43 1.3829e-23 1.6205e-17 5.5734e-10 2.9154e-09 ] 1.0000e+00
 3.989e+01 3.8555e-08 [ 1.1762e-43 1.2658e-23 1.5490e-17 5.2702e-10 2.7589e-09 ] 1.0000e+00
 4.001e+01 4.0376e-08 [ 8.8254e-44 1.1593e-23 1.4823e-17 4.9835e-10 2.6108e-09 ] 1.0000e+00
 4.012e+01 4.2320e-08 [ 6.6248e-44 1.0620e-23 1.4200e-17 4.7122e-10 2.4706e-09 ] 1.0000e+00
 4.023e+01 4.4393e-08 [ 4.9745e-44 9.7324e-24 1.3617e-17 4.4557e-10 2.3379e-09 ] 1.0000e+00
 4.035e+01 4.6600e-08 [ 3.7361e-44 8.9202e-24 1.3072e-17 4.2130e-10 2.2124e-09 ] 1.0000e+00
 4.046e+01 4.8949e-08 [ 2.8064e-44 8.1767e-24 1.2560e-17 3.9835e-10 2.0935e-09 ] 1.0000e+00
 4.057e+01 5.1446e-08 [ 2.1083e-44 7.4955e-24 1.2080e-17 3.7664e-10 1.9811e-09 ] 1.0000e+00
 4.069e+01 5.4099e-08 [ 1.5839e-44 6.8711e-24 1.1629e-17 3.5611e-10 1.8747e-09 ] 1.0000e+00
 4.080e+01 5.6917e-08 [ 1.1899e-44 6.2982e-24 1.1205e-17 3.3669e-10 1.7739e-09 ] 1.0000e+00
 4.091e+01 5.9907e-08 [ 8.9386e-45 5.7726e-24 1.0806e-17 3.1833e-10 1.6786e-09 ] 1.0000e+00
 4.103e+01 6.3079e-08 [ 6.7142e-45 5.2901e-24 1.0430e-17 3.0096e-10 1.5884e-09 ] 1.0000e+00
 4.114e+01 6.6442e-08 [ 5.0428e-45 4.8471e-24 1.0075e-17 2.8453e-10 1.5031e-09 ] 1.0000e+00
 4.125e+01 7.0007e-08 [ 3.7869e-45 4.4404e-24 9.7394e-18 2.6899e-10 1.4223e-09 ] 1.0000e+00
 4.137e+01 7.3784e-08 [ 2.8434e-45 4.0669e-24 9.4222e-18 2.5430e-10 1.3458e-09 ] 1.0000e+00
 4.148e+01 7.7785e-08 [ 2.1345e-45 3.7239e-24 9.1220e-18 2.4040e-10 1.2735e-09 ] 1.0000e+00
 4.159e+01 8.2021e-08 [ 1.6020e-45 3.4089e-24 8.8374e-18 2.2726e-10 1.2050e-09 ] 1.0000e+00
 4.171e+01 8.6507e-08 [ 1.2022e-45 3.1197e-24 8.5674e-18 2.1484e-10 1.1402e-09 ] 1.0000e+00
 4.182e+01 9.1255e-08 [ 9.0188e-46 2.8543e-24 8.3110e-18 2.0309e-10 1.0789e-09 ] 1.0000e+00
 4.193e+01 9.6279e-08 [ 6.7644e-46 2.6106e-24 8.0673e-18 1.9197e-10 1.0209e-09 ] 1.0000e+00
 4.205e+01 1.0160e-07 [ 5.0724e-46 2.3870e-24 7.8353e-18 1.8147e-10 9.6594e-10 ] 1.0000e+00
 4.216e+01 1.0722e-07 [ 3.8026e-46 2.1818e-24 7.6144e-18 1.7153e-10 9.1398e-10 ] 1.0000e+00
 4.227e+01 1.1317e-07 [ 2.8499e-46 1.9937e-24 7.4037e-18 1.6213e-10 8.6480e-10 ] 1.0000e+00
 4.239e+01 1.1946e-07 [ 2.1354e-46 1.8211e-24 7.2026e-18 1.5325e-10 8.1827e-10 ] 1.0000e+00
 4.250e+01 1.2612e-07 [ 1.5996e-46 1.6629e-24 7.0104e-18 1.4485e-10 7.7423e-10 ] 1.0000e+00
 4.261e+01 1.3315e-07 [ 1.1979e-46 1.5180e-24 6.8267e-18 1.3690e-10 7.3256e-10 ] 1.0000e+00
 4.273e+01 1.4059e-07 [ 8.9682e-47 1.3852e-24 6.6508e-18 1.2939e-10 6.9312e-10 ] 1.0000e+00
 4.284e+01 1.4846e-07 [ 6.7124e-47 1.2635e-24 6.4823e-18 1.2229e-10 6.5580e-10 ] 1.0000e+00
 4.295e+01 1.5678e-07 [ 5.0226e-47 1.1522e-24 6.3207e-18 1.1558e-10 6.2049e-10 ] 1.0000e+00
 4.307e+01 1.6557e-07 [ 3.7571e-47 1.0502e-24 6.1656e-18 1.0923e-10 5.8707e-10 ] 1.0000e+00
 4.318e+01 1.7486e-07 [ 2.8097e-47 9.5697e-25 6.0166e-18 1.0322e-10 5.5545e-10 ] 1.0000e+00
 4.329e+01 1.8468e-07 [ 2.1006e-47 8.7168e-25 5.8734e-18 9.7550e-11 5.2553e-10 ] 1.0000e+00
 4.341e+01 1.9506e-07 [ 1.5701e-47 7.9371e-25 5.7356e-18 9.2185e-11 4.9722e-10 ] 1.0000e+00
 4.352e+01 2.0604e-07 [ 1.1732e-47 7.2244e-25 5.6029e-18 8.7113e-11 4.7042e-10 ] 1.0000e+00
 4.363e+01 2.1764e-07 [ 8.7635e-48 6.5733e-25 5.4750e-18 8.2318e-11 4.4507e-10 ] 1.0000e+00
 4.375e+01 2.2989e-07 [ 6.5445e-48 5.9787e-25 5.3517e-18 7.7785e-11 4.2108e-10 ] 1.0000e+00
 4.386e+01 2.4284e-07 [ 4.8860e-48 5.4359e-25 5.2326e-18 7.3500e-11 3.9838e-10 ] 1.0000e+00
 4.397e+01 2.5653e-07 [ 3.6468e-48 4.9405e-25 5.1177e-18 6.9449e-11 3.7690e-10 ] 1.0000e+00
 4.409e+01 2.7100e-07 [ 2.7211e-48 4.4886e-25 5.0065e-18 6.5619e-11 3.5657e-10 ] 1.0000e+00
 4.420e+01 2.8629e-07 [ 2.0298e-48 4.0766e-25 4.8991e-18 6.1999e-11 3.3734e-10 ] 1.0000e+00
 4.431e+01 3.0244e-07 [ 1.5137e-48 3.7010e-25 4.7950e-18 5.8578e-11 3.1914e-10 ] 1.0000e+00
 4.443e+01 3.1951e-07 [ 1.1285e-48 3.3587e-25 4.6943e-18 5.5343e-11 3.0192e-10 ] 1.0000e+00
 4.454e+01 3.3755e-07 [ 8.4113e-49 3.0470e-25 4.5967e-18 5.2286e-11 2.8562e-10 ] 1.0000e+00
 4.465e+01 3.5660e-07 [ 6.2674e-49 2.7631e-25 4.5021e-18 4.9396e-11 2.7021e-10 ] 1.0000e+00
 4.477e+01 3.7674e-07 [ 4.6687e-49 2.5048e-25 4.4102e-18 4.6665e-11 2.5562e-10 ] 1.0000e+00
 4.488e+01 3.9802e-07 [ 3.4769e-49 2.2698e-25 4.3211e-18 4.4084e-11 2.4182e-10 ] 1.0000e+00
 4.499e+01 4.2051e-07 [ 2.5886e-49 2.0560e-25 4.2346e-18 4.1644e-11 2.2876e-10 ] 1.0000e+00
 4.511e+01 4.4427e-07 [ 1.9267e-49 1.8617e-25 4.1505e-18 3.9338e-11 2.1640e-10 ] 1.0000e+00
 4.522e+01 4.6937e-07 [ 1.4336e-49 1.6852e-25 4.0687e-18 3.7159e-11 2.0471e-10 ] 1.0000e+00
 4.533e+01 4.9590e-07 [ 1.0665e-49 1.5248e-25 3.9892e-18 3.5099e-11 1.9365e-10 ] 1.0000e+00
 4.545e+01 5.2392e-07 [ 7.9314e-50 1.3791e-25 3.9118e-18 3.3153e-11 1.8318e-10 ] 1.0000e+00
 4.556e+01 5.5354e-07 [ 5.8970e-50 1.2469e-25 3.8365e-18 3.1314e-11 1.7328e-10 ] 1.0000e+00
 4.567e+01 5.8482e-07 [ 4.3832e-50 1.1270e-25 3.7631e-18 2.9576e-11 1.6391e-10 ] 1.0000e+00
 4.579e+01 6.1788e-07 [ 3.2571e-50 1.0182e-25 3.6917e-18 2.7933e-11 1.5504e-10 ] 1.0000e+00
 4.590e+01 6.5281e-07 [ 2.4197e-50 9.1957e-26 3.6220e-18 2.6381e-11 1.4666e-10 ] 1.0000e+00
 4.601e+01 6.8972e-07 [ 1.7971e-50 8.3019e-26 3.5541e-18 2.4915e-11 1.3872e-10 ] 1.0000e+00
 4.613e+01 7.2871e-07 [ 1.3343e-50 7.4921e-26 3.4878e-18 2.3529e-11 1.3121e-10 ] 1.0000e+00
 4.624e+01 7.6991e-07 [ 9.9047e-51 6.7588e-26 3.4232e-18 2.2219e-11 1.2411e-10 ] 1.0000e+00
 4.635e+01 8.1344e-07 [ 7.3503e-51 6.0950e-26 3.3601e-18 2.0982e-11 1.1739e-10 ] 1.0000e+00
 4.647e+01 8.5944e-07 [ 5.4532e-51 5.4944e-26 3.2985e-18 1.9813e-11 1.1103e-10 ] 1.0000e+00
 4.658e+01 9.0803e-07 [ 4.0446e-51 4.9511e-26 3.2383e-18 1.8709e-11 1.0502e-10 ] 1.0000e+00
 4.669e+01 9.5937e-07 [ 2.9991e-51 4.4598e-26 3.1796e-18 1.7666e-11 9.9330e-11 ] 1.0000e+00
 4.681e+01 1.0136e-06 [ 2.2233e-51 4.0159e-26 3.1221e-18 1.6680e-11 9.3947e-11 ] 1.0000e+00
 4.692e+01 1.0709e-06 [ 1.6477e-51 3.6147e-26 3.0660e-18 1.5749e-11 8.8854e-11 ] 1.0000e+00
 4.703e+01 1.1315e-06 [ 1.2208e-51 3.2525e-26 3.0111e-18 1.4869e-11 8.4037e-11 ] 1.0000e+00
 4.715e+01 1.1955e-06 [ 9.0429e-52 2.9254e-26 2.9574e-18 1.4038e-11 7.9479e-11 ] 1.0000e+00
 4.726e+01 1.2631e-06 [ 6.6966e-52 2.6303e-26 2.9049e-18 1.3253e-11 7.5168e-11 ] 1.0000e+00
 4.737e+01 1.3345e-06 [ 4.9577e-52 2.3640e-26 2.8536e-18 1.2511e-11 7.1089e-11 ] 1.0000e+00
 4.749e+01 1.4099e-06 [ 3.6694e-52 2.1239e-26 2.8033e-18 1.1811e-11 6.7231e-11 ] 1.0000e+00
 4.760e+01 1.4897e-06 [ 2.7151e-52 1.9075e-26 2.7541e-18 1.1149e-11 6.3581e-11 ] 1.0000e+00
 4.771e+01 1.5739e-06 [ 2.0085e-52 1.7125e-26 2.7060e-18 1.0524e-11 6.0128e-11 ] 1.0000e+00
 4.783e+01 1.6629e-06 [ 1.4854e-52 1.5369e-26 2.6588e-18 9.9341e-12 5.6862e-11 ] 1.0000e+00
 4.794e+01 1.7569e-06 [ 1.0983e-52 1.3788e-26 2.6126e-18 9.3767e-12 5.3772e-11 ] 1.0000e+00
 4.805e+01 1.8563e-06 [ 8.1181e-53 1.2365e-26 2.5674e-18 8.8502e-12 5.0850e-11 ] 1.0000e+00
 4.817e+01 1.9612e-06 [ 5.9991e-53 1.1084e-26 2.5231e-18 8.3530e-12 4.8085e-11 ] 1.0000e+00
 4.828e+01 2.0721e-06 [ 4.4321e-53 9.9327e-27 2.4797e-18 7.8835e-12 4.5470e-11 ] 1.0000e+00
 4.839e+01 2.1893e-06 [ 3.2735e-53 8.8976e-27 2.4372e-18 7.4400e-12 4.2997e-11 ] 1.0000e+00
 4.851e+01 2.3131e-06 [ 2.4171e-53 7.9674e-27 2.3955e-18 7.0213e-12 4.0657e-11 ] 1.0000e+00
 4.862e+01 2.4439e-06 [ 1.7843e-53 7.1318e-27 2.3546e-18 6.6259e-12 3.8444e-11 ] 1.0000e+00
 4.873e+01 2.5821e-06 [ 1.3169e-53 6.3815e-27 2.3146e-18 6.2526e-12 3.6351e-11 ] 1.0000e+00
 4.885e+01 2.7281e-06 [ 9.7161e-54 5.7081e-27 2.2753e-18 5.9000e-12 3.4372e-11 ] 1.0000e+00
 4.896e+01 2.8823e-06 [ 7.1669e-54 5.1038e-27 2.2368e-18 5.5671e-12 3.2499e-11 ] 1.0000e+00
 4.907e+01 3.0453e-06 [ 5.2851e-54 4.5618e-27 2.1990e-18 5.2529e-12 3.0728e-11 ] 1.0000e+00
 4.919e+01 3.2175e-06 [ 3.8964e-54 4.0759e-27 2.1620e-18 4.9561e-12 2.9053e-11 ] 1.0000e+00
 4.930e+01 3.3994e-06 [ 2.8719e-54 3.6404e-27 2.1257e-18 4.6760e-12 2.7469e-11 ] 1.0000e+00
 4.941e+01 3.5916e-06 [ 2.1161e-54 3.2502e-27 2.0901e-18 4.4115e-12 2.5970e-11 ] 1.0000e+00
 4.953e+01 3.7947e-06 [ 1.5589e-54 2.9008e-27 2.0551e-18 4.1619e-12 2.4553e-11 ] 1.0000e+00
 4.964e+01 4.0092e-06 [ 1.1481e-54 2.5880e-27 2.0208e-18 3.9262e-12 2.3213e-11 ] 1.0000e+00
 4.975e+01 4.2359e-06 [ 8.4531e-55 2.3081e-27 1.9872e-18 3.7037e-12 2.1946e-11 ] 1.0000e+00
 4.987e+01 4.4754e-06 [ 6.2222e-55 2.0577e-27 1.9542e-18 3.4937e-12 2.0747e-11 ] 1.0000e+00
 4.998e+01 4.7284e-06 [ 4.5789e-55 1.8338e-27 1.9218e-18 3.2955e-12 1.9613e-11 ] 1.0000e+00
 5.009e+01 4.9957e-06 [ 3.3687e-55 1.6336e-27 1.8900e-18 3.1084e-12 1.8541e-11 ] 1.0000e+00
 5.021e+01 5.2781e-06 [ 2.4777e-55 1.4548e-27 1.8588e-18 2.9318e-12 1.7527e-11 ] 9.9999e-01
 5.032e+01 5.5765e-06 [ 1.8219e-55 1.2951e-27 1.8281e-18 2.7651e-12 1.6569e-11 ] 9.9999e-01
 5.043e+01 5.8918e-06 [ 1.3393e-55 1.1525e-27 1.7981e-18 2.6078e-12 1.5662e-11 ] 9.9999e-01
 5.055e+01 6.2249e-06 [ 9.8428e-56 1.0252e-27 1.7686e-18 2.4594e-12 1.4805e-11 ] 9.9999e-01
 5.066e+01 6.5768e-06 [ 7.2318e-56 9.1164e-28 1.7396e-18 2.3193e-12 1.3994e-11 ] 9.9999e-01
 5.077e+01 6.9485e-06 [ 5.3120e-56 8.1036e-28 1.7112e-18 2.1871e-12 1.3228e-11 ] 9.9999e-01
 5.089e+01 7.3413e-06 [ 3.9008e-56 7.2008e-28 1.6832e-18 2.0623e-12 1.2503e-11 ] 9.9999e-01
 5.100e+01 7.7563e-06 [ 2.8638e-56 6.3962e-28 1.6558e-18 1.9446e-12 1.1817e-11 ] 9.9999e-01
 5.111e+01 8.1947e-06 [ 2.1019e-56 5.6795e-28 1.6289e-18 1.8336e-12 1.1169e-11 ] 9.9999e-01
 5.123e+01 8.6579e-06 [ 1.5423e-56 5.0412e-28 1.6025e-18 1.7288e-12 1.0556e-11 ] 9.9999e-01
 5.134e+01 9.1473e-06 [ 1.1314e-56 4.4730e-28 1.5765e-18 1.6299e-12 9.9770e-12 ] 9.9999e-01
 5.145e+01 9.6643e-06 [ 8.2972e-57 3.9675e-28 1.5510e-18 1.5366e-12 9.4292e-12 ] 9.9999e-01
 5.157e+01 1.0211e-05 [ 6.0833e-57 3.5178e-28 1.5260e-18 1.4486e-12 8.9113e-12 ] 9.9999e-01
 5.168e+01 1.0788e-05 [ 4.4590e-57 3.1179e-28 1.5014e-18 1.3656e-12 8.4216e-12 ] 9.9999e-01
 5.179e+01 1.1397e-05 [ 3.2675e-57 2.7625e-28 1.4772e-18 1.2873e-12 7.9587e-12 ] 9.9999e-01
 5.191e+01 1.2041e-05 [ 2.3937e-57 2.4467e-28 1.4535e-18 1.2134e-12 7.5210e-12 ] 9.9999e-01
 5.202e+01 1.2722e-05 [ 1.7532e-57 2.1663e-28 1.4302e-18 1.1438e-12 7.1072e-12 ] 9.9999e-01
 5.213e+01 1.3441e-05 [ 1.2837e-57 1.9173e-28 1.4073e-18 1.0780e-12 6.7160e-12 ] 9.9999e-01
 5.225e+01 1.4200e-05 [ 9.3965e-58 1.6963e-28 1.3848e-18 1.0161e-12 6.3462e-12 ] 9.9999e-01
 5.236e+01 1.5003e-05 [ 6.8765e-58 1.5002e-28 1.3627e-18 9.5760e-13 5.9965e-12 ] 9.9998e-01
 5.247e+01 1.5851e-05 [ 5.0309e-58 1.3263e-28 1.3410e-18 9.0246e-13 5.6661e-12 ] 9.9998e-01
 5.259e+01 1.6746e-05 [ 3.6797e-58 1.1722e-28 1.3197e-18 8.5047e-13 5.3536e-12 ] 9.9998e-01
 5.270e+01 1.7692e-05 [ 2.6907e-58 1.0356e-28 1.2988e-18 8.0144e-13 5.0583e-12 ] 9.9998e-01
 5.281e+01 1.8692e-05 [ 1.9670e-58 9.1456e-29 1.2782e-18 7.5520e-13 4.7792e-12 ] 9.9998e-01
 5.293e+01 1.9748e-05 [ 1.4375e-58 8.0740e-29 1.2580e-18 7.1160e-13 4.5153e-12 ] 9.9998e-01
 5.304e+01 2.0864e-05 [ 1.0503e-58 7.1254e-29 1.2381e-18 6.7049e-13 4.2659e-12 ] 9.9998e-01
 5.315e+01 2.2042e-05 [ 7.6720e-59 6.2860e-29 1.2186e-18 6.3173e-13 4.0301e-12 ] 9.9998e-01
 5.327e+01 2.3287e-05 [ 5.6024e-59 5.5435e-29 1.1994e-18 5.9519e-13 3.8073e-12 ] 9.9998e-01
 5.338e+01 2.4603e-05 [ 4.0901e-59 4.8869e-29 1.1806e-18 5.6073e-13 3.5967e-12 ] 9.9998e-01
 5.349e+01 2.5992e-05 [ 2.9852e-59 4.3066e-29 1.1621e-18 5.2825e-13 3.3976e-12 ] 9.9997e-01
 5.361e+01 2.7460e-05 [ 2.1782e-59 3.7938e-29 1.1439e-18 4.9764e-13 3.2095e-12 ] 9.9997e-01
 5.372e+01 2.9011e-05 [ 1.5889e-59 3.3409e-29 1.1260e-18 4.6877e-13 3.0317e-12 ] 9.9997e-01
 5.383e+01 3.0650e-05 [ 1.1587e-59 2.9410e-29 1.1085e-18 4.4157e-13 2.8637e-12 ] 9.9997e-01
 5.395e+01 3.2380e-05 [ 8.4481e-60 2.5881e-29 1.0912e-18 4.1592e-13 2.7049e-12 ] 9.9997e-01
 5.406e+01 3.4209e-05 [ 6.1576e-60 2.2767e-29 1.0742e-18 3.9176e-13 2.5548e-12 ] 9.9997e-01
 5.417e+01 3.6140e-05 [ 4.4870e-60 2.0020e-29 1.0576e-18 3.6898e-13 2.4130e-12 ] 9.9996e-01
 5.429e+01 3.8181e-05 [ 3.2687e-60 1.7599e-29 1.0412e-18 3.4751e-13 2.2790e-12 ] 9.9996e-01
 5.440e+01 4.0337e-05 [ 2.3806e-60 1.5465e-29 1.0251e-18 3.2728e-13 2.1523e-12 ] 9.9996e-01
 5.451e+01 4.2614e-05 [ 1.7333e-60 1.3585e-29 1.0093e-18 3.0821e-13 2.0327e-12 ] 9.9996e-01
 5.463e+01 4.5020e-05 [ 1.2617e-60 1.1929e-29 9.9373e-19 2.9025e-13 1.9196e-12 ] 9.9995e-01
 5.474e+01 4.7561e-05 [ 9.1819e-61 1.0472e-29 9.7845e-19 2.7332e-13 1.8128e-12 ] 9.9995e-01
 5.485e+01 5.0246e-05 [ 6.6801e-61 9.1890e-30 9.6344e-19 2.5737e-13 1.7118e-12 ] 9.9995e-01
 5.497e+01 5.3082e-05 [ 4.8586e-61 8.0605e-30 9.4868e-19 2.4235e-13 1.6165e-12 ] 9.9995e-01
 5.508e+01 5.6078e-05 [ 3.5329e-61 7.0681e-30 9.3418e-19 2.2819e-13 1.5264e-12 ] 9.9994e-01
 5.519e+01 5.9244e-05 [ 2.5683e-61 6.1957e-30 9.1993e-19 2.1485e-13 1.4412e-12 ] 9.9994e-01
 5.531e+01 6.2588e-05 [ 1.8665e-61 5.4291e-30 9.0592e-19 2.0229e-13 1.3608e-12 ] 9.9994e-01
 5.542e+01 6.6120e-05 [ 1.3562e-61 4.7557e-30 8.9215e-19 1.9046e-13 1.2848e-12 ] 9.9993e-01
 5.553e+01 6.9852e-05 [ 9.8510e-62 4.1643e-30 8.7861e-19 1.7931e-13 1.2130e-12 ] 9.9993e-01
 5.565e+01 7.3795e-05 [ 7.1537e-62 3.6452e-30 8.6531e-19 1.6881e-13 1.1452e-12 ] 9.9993e-01
 5.576e+01 7.7960e-05 [ 5.1936e-62 3.1897e-30 8.5224e-19 1.5892e-13 1.0811e-12 ] 9.9992e-01
 5.587e+01 8.2360e-05 [ 3.7696e-62 2.7901e-30 8.3939e-19 1.4961e-13 1.0206e-12 ] 9.9992e-01
 5.599e+01 8.7009e-05 [ 2.7353e-62 2.4398e-30 8.2676e-19 1.4084e-13 9.6347e-13 ] 9.9991e-01
 5.610e+01 9.1920e-05 [ 1.9843e-62 2.1327e-30 8.1434e-19 1.3258e-13 9.0948e-13 ] 9.9991e-01
 5.621e+01 9.7110e-05 [ 1.4392e-62 1.8636e-30 8.0214e-19 1.2480e-13 8.5848e-13 ] 9.9990e-01
 5.633e+01 1.0259e-04 [ 1.0435e-62 1.6278e-30 7.9015e-19 1.1748e-13 8.1031e-13 ] 9.9990e-01
 5.644e+01 1.0839e-04 [ 7.5641e-63 1.4214e-30 7.7836e-19 1.1058e-13 7.6482e-13 ] 9.9989e-01
 5.655e+01 1.1451e-04 [ 5.4817e-63 1.2408e-30 7.6677e-19 1.0409e-13 7.2185e-13 ] 9.9989e-01
 5.667e+01 1.2097e-04 [ 3.9716e-63 1.0827e-30 7.5538e-19 9.7981e-14 6.8127e-13 ] 9.9988e-01
 5.678e+01 1.2781e-04 [ 2.8768e-63 9.4445e-31 7.4419e-19 9.2228e-14 6.4295e-13 ] 9.9987e-01
 5.689e+01 1.3503e-04 [ 2.0832e-63 8.2356e-31 7.3318e-19 8.6812e-14 6.0676e-13 ] 9.9986e-01
 5.701e+01 1.4266e-04 [ 1.5082e-63 7.1789e-31 7.2236e-19 8.1715e-14 5.7258e-13 ] 9.9986e-01
 5.712e+01 1.5073e-04 [ 1.0916e-63 6.2557e-31 7.1173e-19 7.6916e-14 5.4031e-13 ] 9.9985e-01
 5.723e+01 1.5926e-04 [ 7.8993e-64 5.4493e-31 7.0128e-19 7.2400e-14 5.0984e-13 ] 9.9984e-01
 5.735e+01 1.6827e-04 [ 5.7147e-64 4.7452e-31 6.9101e-19 6.8150e-14 4.8106e-13 ] 9.9983e-01
 5.746e+01 1.7779e-04 [ 4.1332e-64 4.1307e-31 6.8091e-19 6.4150e-14 4.5389e-13 ] 9.9982e-01
 5.757e+01 1.8786e-04 [ 2.9887e-64 3.5945e-31 6.7099e-19 6.0385e-14 4.2824e-13 ] 9.9981e-01
 5.769e+01 1.9851e-04 [ 2.1606e-64 3.1268e-31 6.6123e-19 5.6843e-14 4.0402e-13 ] 9.9980e-01
 5.780e+01 2.0977e-04 [ 1.5615e-64 2.7191e-31 6.5165e-19 5.3511e-14 3.8115e-13 ] 9.9979e-01
 5.791e+01 2.2168e-04 [ 1.1283e-64 2.3637e-31 6.4222e-19 5.0375e-14 3.5956e-13 ] 9.9978e-01
 5.803e+01 2.3427e-04 [ 8.1507e-65 2.0541e-31 6.3296e-19 4.7424e-14 3.3918e-13 ] 9.9977e-01
 5.814e+01 2.4759e-04 [ 5.8867e-65 1.7844e-31 6.2385e-19 4.4649e-14 3.1994e-13 ] 9.9975e-01
 5.825e+01 2.6168e-04 [ 4.2505e-65 1.5496e-31 6.1490e-19 4.2038e-14 3.0178e-13 ] 9.9974e-01
 5.837e+01 2.7660e-04 [ 3.0684e-65 1.3452e-31 6.0610e-19 3.9581e-14 2.8463e-13 ] 9.9972e-01
 5.848e+01 2.9238e-04 [ 2.2145e-65 1.1674e-31 5.9746e-19 3.7271e-14 2.6845e-13 ] 9.9971e-01
 5.859e+01 3.0909e-04 [ 1.5979e-65 1.0127e-31 5.8896e-19 3.5098e-14 2.5317e-13 ] 9.9969e-01
 5.871e+01 3.2677e-04 [ 1.1527e-65 8.7827e-32 5.8060e-19 3.3054e-14 2.3876e-13 ] 9.9967e-01
 5.882e+01 3.4551e-04 [ 8.3133e-66 7.6140e-32 5.7239e-19 3.1131e-14 2.2515e-13 ] 9.9965e-01
 5.893e+01 3.6535e-04 [ 5.9944e-66 6.5986e-32 5.6432e-19 2.9323e-14 2.1231e-13 ] 9.9963e-01
 5.905e+01 3.8637e-04 [ 4.3214e-66 5.7167e-32 5.5639e-19 2.7623e-14 2.0019e-13 ] 9.9961e-01
 5.916e+01 4.0866e-04 [ 3.1146e-66 4.9510e-32 5.4859e-19 2.6025e-14 1.8875e-13 ] 9.9959e-01
 5.927e+01 4.3229e-04 [ 2.2443e-66 4.2864e-32 5.4093e-19 2.4522e-14 1.7796e-13 ] 9.9957e-01
 5.939e+01 4.5735e-04 [ 1.6168e-66 3.7097e-32 5.3340e-19 2.3108e-14 1.6778e-13 ] 9.9954e-01
 5.950e+01 4.8394e-04 [ 1.1645e-66 3.2096e-32 5.2600e-19 2.1779e-14 1.5817e-13 ] 9.9952e-01
 5.961e+01 5.1216e-04 [ 8.3859e-67 2.7759e-32 5.1872e-19 2.0530e-14 1.4910e-13 ] 9.9949e-01
 5.973e+01 5.4213e-04 [ 6.0374e-67 2.4001e-32 5.1158e-19 1.9356e-14 1.4055e-13 ] 9.9946e-01
 5.984e+01 5.7398e-04 [ 4.3457e-67 2.0744e-32 5.0455e-19 1.8252e-14 1.3248e-13 ] 9.9943e-01
 5.995e+01 6.0782e-04 [ 3.1274e-67 1.7923e-32 4.9765e-19 1.7214e-14 1.2486e-13 ] 9.9939e-01
 6.007e+01 6.4382e-04 [ 2.2501e-67 1.5481e-32 4.9086e-19 1.6238e-14 1.1768e-13 ] 9.9936e-01
 6.018e+01 6.8212e-04 [ 1.6186e-67 1.3367e-32 4.8419e-19 1.5321e-14 1.1091e-13 ] 9.9932e-01
 6.029e+01 7.2290e-04 [ 1.1641e-67 1.1538e-32 4.7764e-19 1.4459e-14 1.0452e-13 ] 9.9928e-01
 6.041e+01 7.6635e-04 [ 8.3704e-68 9.9555e-33 4.7120e-19 1.3649e-14 9.8491e-14 ] 9.9923e-01
 6.052e+01 8.1268e-04 [ 6.0175e-68 8.5875e-33 4.6488e-19 1.2888e-14 9.2807e-14 ] 9.9919e-01
 6.063e+01 8.6211e-04 [ 4.3251e-68 7.4050e-33 4.5866e-19 1.2172e-14 8.7446e-14 ] 9.9914e-01
 6.075e+01 9.1489e-04 [ 3.1081e-68 6.3832e-33 4.5255e-19 1.1500e-14 8.2391e-14 ] 9.9909e-01
 6.086e+01 9.7129e-04 [ 2.2330e-68 5.5006e-33 4.4655e-19 1.0868e-14 7.7624e-14 ] 9.9903e-01
 6.097e+01 1.0316e-03 [ 1.6041e-68 4.7385e-33 4.4066e-19 1.0274e-14 7.3129e-14 ] 9.9897e-01
 6.109e+01 1.0962e-03 [ 1.1520e-68 4.0806e-33 4.3487e-19 9.7162e-15 6.8891e-14 ] 9.9890e-01
 6.120e+01 1.1654e-03 [ 8.2719e-69 3.5129e-33 4.2919e-19 9.1918e-15 6.4896e-14 ] 9.9883e-01
 6.131e+01 1.2396e-03 [ 5.9384e-69 3.0232e-33 4.2360e-19 8.6991e-15 6.1129e-14 ] 9.9876e-01
 6.143e+01 1.3193e-03 [ 4.2624e-69 2.6009e-33 4.1812e-19 8.2362e-15 5.7579e-14 ] 9.9868e-01
 6.154e+01 1.4049e-03 [ 3.0588e-69 2.2369e-33 4.1273e-19 7.8011e-15 5.4233e-14 ] 9.9860e-01
 6.165e+01 1.4971e-03 [ 2.1947e-69 1.9232e-33 4.0744e-19 7.3924e-15 5.1079e-14 ] 9.9850e-01
 6.177e+01 1.5964e-03 [ 1.5744e-69 1.6529e-33 4.0225e-19 7.0084e-15 4.8107e-14 ] 9.9840e-01
 6.188e+01 1.7035e-03 [ 1.1292e-69 1.4202e-33 3.9716e-19 6.6475e-15 4.5307e-14 ] 9.9830e-01
 6.199e+01 1.8191e-03 [ 8.0973e-70 1.2198e-33 3.9216e-19 6.3085e-15 4.2668e-14 ] 9.9818e-01
 6.211e+01 1.9442e-03 [ 5.8054e-70 1.0474e-33 3.8725e-19 5.9899e-15 4.0182e-14 ] 9.9806e-01
 6.222e+01 2.0795e-03 [ 4.1615e-70 8.9903e-34 3.8244e-19 5.6906e-15 3.7841e-14 ] 9.9792e-01
 6.233e+01 2.2263e-03 [ 2.9825e-70 7.7145e-34 3.7773e-19 5.4094e-15 3.5635e-14 ] 9.9777e-01
 6.245e+01 2.3857e-03 [ 2.1371e-70 6.6175e-34 3.7310e-19 5.1452e-15 3.3558e-14 ] 9.9761e-01
 6.256e+01 2.5589e-03 [ 1.5311e-70 5.6748e-34 3.6857e-19 4.8970e-15 3.1603e-14 ] 9.9744e-01
 6.267e+01 2.7475e-03 [ 1.0967e-70 4.8648e-34 3.6413e-19 4.6637e-15 2.9761e-14 ] 9.9725e-01
 6.279e+01 2.9531e-03 [ 7.8546e-71 4.1690e-34 3.5979e-19 4.4446e-15 2.8028e-14 ] 9.9705e-01
 6.290e+01 3.1776e-03 [ 5.6242e-71 3.5717e-34 3.5554e-19 4.2388e-15 2.6397e-14 ] 9.9682e-01
 6.301e+01 3.4231e-03 [ 4.0265e-71 3.0589e-34 3.5139e-19 4.0454e-15 2.4862e-14 ] 9.9658e-01
 6.313e+01 3.6918e-03 [ 2.8821e-71 2.6189e-34 3.4733e-19 3.8638e-15 2.3418e-14 ] 9.9631e-01
 6.324e+01 3.9865e-03 [ 2.0626e-71 2.2415e-34 3.4337e-19 3.6932e-15 2.2059e-14 ] 9.9601e-01
 6.335e+01 4.3101e-03 [ 1.4758e-71 1.9179e-34 3.3951e-19 3.5329e-15 2.0782e-14 ] 9.9569e-01
 6.347e+01 4.6660e-03 [ 1.0558e-71 1.6405e-34 3.3575e-19 3.3824e-15 1.9581e-14 ] 9.9533e-01
 6.358e+01 5.0579e-03 [ 7.5518e-72 1.4027e-34 3.3209e-19 3.2411e-15 1.8452e-14 ] 9.9494e-01
 6.369e+01 5.4900e-03 [ 5.4005e-72 1.1990e-34 3.2854e-19 3.1085e-15 1.7391e-14 ] 9.9451e-01
 6.381e+01 5.9672e-03 [ 3.8614e-72 1.0246e-34 3.2511e-19 2.9840e-15 1.6394e-14 ] 9.9403e-01
 6.392e+01 6.4948e-03 [ 2.7604e-72 8.7528e-35 3.2179e-19 2.8672e-15 1.5458e-14 ] 9.9351e-01
 6.403e+01 7.0790e-03 [ 1.9730e-72 7.4747e-35 3.1859e-19 2.7577e-15 1.4580e-14 ] 9.9292e-01
 6.415e+01 7.7265e-03 [ 1.4099e-72 6.3812e-35 3.1551e-19 2.6551e-15 1.3755e-14 ] 9.9227e-01
 6.426e+01 8.4452e-03 [ 1.0073e-72 5.4459e-35 3.1258e-19 2.5589e-15 1.2982e-14 ] 9.9155e-01
 6.437e+01 9.2439e-03 [ 7.1956e-73 4.6462e-35 3.0978e-19 2.4689e-15 1.2256e-14 ] 9.9076e-01
 6.449e+01 1.0132e-02 [ 5.1390e-73 3.9626e-35 3.0714e-19 2.3847e-15 1.1577e-14 ] 9.8987e-01
 6.460e+01 1.1122e-02 [ 3.6695e-73 3.3785e-35 3.0466e-19 2.3061e-15 1.0940e-14 ] 9.8888e-01
 6.471e+01 1.2225e-02 [ 2.6197e-73 2.8795e-35 3.0236e-19 2.2328e-15 1.0344e-14 ] 9.8778e-01
 6.483e+01 1.3455e-02 [ 1.8698e-73 2.4534e-35 3.0024e-19 2.1645e-15 9.7867e-15 ] 9.8654e-01
 6.494e+01 1.4830e-02 [ 1.3343e-73 2.0896e-35 2.9833e-19 2.1010e-15 9.2656e-15 ] 9.8517e-01
 6.505e+01 1.6366e-02 [ 9.5191e-74 1.7792e-35 2.9664e-19 2.0422e-15 8.7788e-15 ] 9.8363e-01
 6.517e+01 1.8084e-02 [ 6.7897e-74 1.5143e-35 2.9520e-19 1.9879e-15 8.3245e-15 ] 9.8192e-01
 6.528e+01 2.0006e-02 [ 4.8418e-74 1.2884e-35 2.9402e-19 1.9379e-15 7.9010e-15 ] 9.7999e-01
 6.539e+01 2.2160e-02 [ 3.4518e-74 1.0958e-35 2.9313e-19 1.8920e-15 7.5066e-15 ] 9.7784e-01
 6.551e+01 2.4572e-02 [ 2.4603e-74 9.3166e-36 2.9257e-19 1.8503e-15 7.1396e-15 ] 9.7543e-01
 6.562e+01 2.7276e-02 [ 1.7531e-74 7.9178e-36 2.9235e-19 1.8125e-15 6.7988e-15 ] 9.7272e-01
 6.573e+01 3.0307e-02 [ 1.2488e-74 6.7263e-36 2.9253e-19 1.7787e-15 6.4826e-15 ] 9.6969e-01
 6.585e+01 3.3705e-02 [ 8.8932e-75 5.7118e-36 2.9313e-19 1.7487e-15 6.1898e-15 ] 9.6630e-01
 6.596e+01 3.7515e-02 [ 6.3312e-75 4.8482e-36 2.9421e-19 1.7226e-15 5.9192e-15 ] 9.6249e-01
 6.607e+01 4.1785e-02 [ 4.5057e-75 4.1133e-36 2.9581e-19 1.7003e-15 5.6695e-15 ] 9.5821e-01
 6.619e+01 4.6571e-02 [ 3.2054e-75 3.4881e-36 2.9799e-19 1.6819e-15 5.4398e-15 ] 9.5343e-01
 6.630e+01 5.1930e-02 [ 2.2795e-75 2.9565e-36 3.0079e-19 1.6673e-15 5.2290e-15 ] 9.4807e-01
 6.641e+01 5.7929e-02 [ 1.6204e-75 2.5046e-36 3.0430e-19 1.6565e-15 5.0360e-15 ] 9.4207e-01
 6.653e+01 6.4636e-02 [ 1.1513e-75 2.1206e-36 3.0856e-19 1.6496e-15 4.8601e-15 ] 9.3536e-01
 6.664e+01 7.2126e-02 [ 8.1767e-76 1.7944e-36 3.1365e-19 1.6467e-15 4.7001e-15 ] 9.2787e-01
 6.675e+01 8.0478e-02 [ 5.8040e-76 1.5174e-36 3.1964e-19 1.6477e-15 4.5554e-15 ] 9.1952e-01
 6.687e+01 8.9775e-02 [ 4.1174e-76 1.2823e-36 3.2661e-19 1.6526e-15 4.4250e-15 ] 9.1023e-01
 6.698e+01 1.0010e-01 [ 2.9191e-76 1.0828e-36 3.3461e-19 1.6615e-15 4.3081e-15 ] 8.9990e-01
 6.709e+01 1.1154e-01 [ 2.0681e-76 9.1359e-37 3.4373e-19 1.6744e-15 4.2038e-15 ] 8.8846e-01
 6.721e+01 1.2418e-01 [ 1.4641e-76 7.7017e-37 3.5403e-19 1.6912e-15 4.1113e-15 ] 8.7582e-01
 6.732e+01 1.3808e-01 [ 1.0356e-76 6.4864e-37 3.6554e-19 1.7118e-15 4.0297e-15 ] 8.6192e-01
 6.743e+01 1.5333e-01 [ 7.3186e-77 5.4571e-37 3.7830e-19 1.7360e-15 3.9582e-15 ] 8.4667e-01
 6.755e+01 1.6996e-01 [ 5.1667e-77 4.5859e-37 3.9232e-19 1.7636e-15 3.8958e-15 ] 8.3004e-01
 6.766e+01 1.8802e-01 [ 3.6435e-77 3.8489e-37 4.0758e-19 1.7944e-15 3.8414e-15 ] 8.1198e-01
 6.777e+01 2.0749e-01 [ 2.5661e-77 3.2257e-37 4.2402e-19 1.8278e-15 3.7941e-15 ] 7.9251e-01
 6.789e+01 2.2835e-01 [ 1.8048e-77 2.6993e-37 4.4154e-19 1.8634e-15 3.7527e-15 ] 7.7165e-01
 6.800e+01 2.5052e-01 [ 1.2674e-77 2.2549e-37 4.5998e-19 1.9005e-15 3.7161e-15 ] 7.4948e-01
 6.811e+01 2.7388e-01 [ 8.8856e-78 1.8800e-37 4.7913e-19 1.9384e-15 3.6831e-15 ] 7.2612e-01
 6.823e+01 2.9823e-01 [ 6.2179e-78 1.5642e-37 4.9872e-19 1.9761e-15 3.6523e-15 ] 7.0177e-01
 6.834e+01 3.2334e-01 [ 4.3423e-78 1.2985e-37 5.1839e-19 2.0126e-15 3.6225e-15 ] 6.7666e-01
 6.845e+01 3.4890e-01 [ 3.0258e-78 1.0751e-37 5.3776e-19 2.0468e-15 3.5925e-15 ] 6.5110e-01
 6.857e+01 3.7454e-01 [ 2.1033e-78 8.8775e-38 5.5636e-19 2.0776e-15 3.5609e-15 ] 6.2546e-01
 6.868e+01 3.9985e-01 [ 1.4583e-78 7.3084e-38 5.7369e-19 2.1037e-15 3.5266e-15 ] 6.0015e-01
 6.879e+01 4.2435e-01 [ 1.0083e-78 5.9974e-38 5.8923e-19 2.1240e-15 3.4885e-15 ] 5.7565e-01
 6.891e+01 4.4756e-01 [ 6.9514e-79 4.9046e-38 6.0246e-19 2.1372e-15 3.4457e-15 ] 5.5244e-01
 6.902e+01 4.6897e-01 [ 4.7774e-79 3.9964e-38 6.1286e-19 2.1425e-15 3.3973e-15 ] 5.3103e-01
 6.913e+01 4.8809e-01 [ 3.2726e-79 3.2439e-38 6.1997e-19 2.1390e-15 3.3429e-15 ] 5.1191e-01
 6.925e+01 5.0447e-01 [ 2.2342e-79 2.6226e-38 6.2342e-19 2.1259e-15 3.2820e-15 ] 4.9553e-01
 6.936e+01 5.1769e-01 [ 1.5199e-79 2.1114e-38 6.2289e-19 2.1030e-15 3.2143e-15 ] 4.8231e-01
 6.947e+01 5.2742e-01 [ 1.0303e-79 1.6927e-38 6.1822e-19 2.0701e-15 3.1399e-15 ] 4.7258e-01
 6.959e+01 5.3341e-01 [ 6.9587e-80 1.3510e-38 6.0932e-19 2.0271e-15 3.0588e-15 ] 4.6659e-01
 6.970e+01 5.3550e-01 [ 4.6823e-80 1.0735e-38 5.9626e-19 1.9745e-15 2.9713e-15 ] 4.6450e-01
 6.981e+01 5.3364e-01 [ 3.1387e-80 8.4907e-39 5.7921e-19 1.9127e-15 2.8777e-15 ] 4.6636e-01
 6.993e+01 5.2787e-01 [ 2.0959e-80 6.6845e-39 5.5848e-19 1.8426e-15 2.7784e-15 ] 4.7213e-01
 7.004e+01 5.1834e-01 [ 1.3941e-80 5.2378e-39 5.3445e-19 1.7650e-15 2.6740e-15 ] 4.8166e-01
 7.015e+01 5.0530e-01 [ 9.2371e-81 4.0847e-39 5.0761e-19 1.6810e-15 2.5651e-15 ] 4.9470e-01
 7.027e+01 4.8908e-01 [ 6.0964e-81 3.1703e-39 4.7850e-19 1.5919e-15 2.4524e-15 ] 5.1092e-01
 7.038e+01 4.7008e-01 [ 4.0079e-81 2.4487e-39 4.4771e-19 1.4989e-15 2.3368e-15 ] 5.2992e-01
 7.049e+01 4.4875e-01 [ 2.6247e-81 1.8824e-39 4.1585e-19 1.4033e-15 2.2190e-15 ] 5.5125e-01
 7.061e+01 4.2559e-01 [ 1.7122e-81 1.4402e-39 3.8350e-19 1.3065e-15 2.1000e-15 ] 5.7441e-01
 7.072e+01 4.0109e-01 [ 1.1128e-81 1.0967e-39 3.5123e-19 1.2098e-15 1.9807e-15 ] 5.9891e-01
 7.083e+01 3.7575e-01 [ 7.2060e-82 8.3140e-40 3.1953e-19 1.1144e-15 1.8620e-15 ] 6.2425e-01
 7.095e+01 3.5004e-01 [ 4.6496e-82 6.2747e-40 2.8886e-19 1.0213e-15 1.7449e-15 ] 6.4996e-01
 7.106e+01 3.2437e-01 [ 2.9899e-82 4.7154e-40 2.5956e-19 9.3139e-16 1.6302e-15 ] 6.7563e-01
 7.117e+01 2.9913e-01 [ 1.9163e-82 3.5291e-40 2.3190e-19 8.4553e-16 1.5185e-15 ] 7.0087e-01
 7.129e+01 2.7463e-01 [ 1.2244e-82 2.6309e-40 2.0609e-19 7.6422e-16 1.4105e-15 ] 7.2537e-01
 7.140e+01 2.5110e-01 [ 7.8002e-83 1.9540e-40 1.8224e-19 6.8789e-16 1.3066e-15 ] 7.4890e-01
 7.151e+01 2.2874e-01 [ 4.9552e-83 1.4462e-40 1.6039e-19 6.1676e-16 1.2073e-15 ] 7.7126e-01
 7.163e+01 2.0768e-01 [ 3.1394e-83 1.0667e-40 1.4055e-19 5.5094e-16 1.1128e-15 ] 7.9232e-01
 7.174e+01 1.8800e-01 [ 1.9839e-83 7.8438e-41 1.2267e-19 4.9042e-16 1.0233e-15 ] 8.1200e-01
 7.185e+01 1.6974e-01 [ 1.2507e-83 5.7503e-41 1.0665e-19 4.3508e-16 9.3877e-16 ] 8.3026e-01
 7.197e+01 1.5290e-01 [ 7.8667e-84 4.2035e-41 9.2393e-20 3.8474e-16 8.5922e-16 ] 8.4710e-01
 7.208e+01 1.3744e-01 [ 4.9368e-84 3.0644e-41 7.9767e-20 3.3914e-16 7.8458e-16 ] 8.6256e-01
 7.219e+01 1.2332e-01 [ 3.0914e-84 2.2282e-41 6.8640e-20 2.9802e-16 7.1470e-16 ] 8.7668e-01
 7.231e+01 1.1047e-01 [ 1.9316e-84 1.6160e-41 5.8875e-20 2.6105e-16 6.4940e-16 ] 8.8953e-01
 7.242e+01 9.8822e-02 [ 1.2044e-84 1.1691e-41 5.0338e-20 2.2794e-16 5.8848e-16 ] 9.0118e-01
 7.253e+01 8.8286e-02 [ 7.4928e-85 8.4368e-42 4.2899e-20 1.9836e-16 5.3173e-16 ] 9.1171e-01
 7.265e+01 7.8778e-02 [ 4.6510e-85 6.0731e-42 3.6437e-20 1.7200e-16 4.7890e-16 ] 9.2122e-01
 7.276e+01 7.0213e-02 [ 2.8802e-85 4.3604e-42 3.0839e-20 1.4857e-16 4.2979e-16 ] 9.2979e-01
 7.287e+01 6.2507e-02 [ 1.7791e-85 3.1222e-42 2.6001e-20 1.2780e-16 3.8415e-16 ] 9.3749e-01
 7.299e+01 5.5579e-02 [ 1.0960e-85 2.2292e-42 2.1829e-20 1.0941e-16 3.4179e-16 ] 9.4442e-01
 7.310e+01 4.9353e-02 [ 6.7311e-86 1.5866e-42 1.8239e-20 9.3177e-17 3.0250e-16 ] 9.5065e-01
 7.321e+01 4.3757e-02 [ 4.1200e-86 1.1253e-42 1.5158e-20 7.8870e-17 2.6609e-16 ] 9.5624e-01
 7.333e+01 3.8723e-02 [ 2.5122e-86 7.9496e-43 1.2517e-20 6.6292e-17 2.3240e-16 ] 9.6128e-01
 7.344e+01 3.4189e-02 [ 1.5250e-86 5.5903e-43 1.0260e-20 5.5262e-17 2.0127e-16 ] 9.6581e-01
 7.355e+01 3.0099e-02 [ 9.2099e-87 3.9098e-43 8.3349e-21 4.5618e-17 1.7259e-16 ] 9.6990e-01
 7.367e+01 2.6399e-02 [ 5.5277e-87 2.7165e-43 6.6983e-21 3.7217e-17 1.4622e-16 ] 9.7360e-01
 7.378e+01 2.3041e-02 [ 3.2929e-87 1.8719e-43 5.3118e-21 2.9930e-17 1.2210e-16 ] 9.7696e-01
 7.389e+01 1.9982e-02 [ 1.9434e-87 1.2765e-43 4.1426e-21 2.3647e-17 1.0014e-16 ] 9.8002e-01
 7.401e+01 1.7179e-02 [ 1.1334e-87 8.5842e-44 3.1627e-21 1.8267e-17 8.0304e-17 ] 9.8282e-01
 7.412e+01 1.4596e-02 [ 6.5070e-88 5.6643e-44 2.3483e-21 1.3708e-17 6.2563e-17 ] 9.8540e-01
 7.423e+01 1.2199e-02 [ 3.6550e-88 3.6380e-44 1.6796e-21 9.8959e-18 4.6915e-17 ] 9.8780e-01
 7.435e+01 9.9537e-03 [ 1.9877e-88 2.2444e-44 1.1399e-21 6.7700e-18 3.3381e-17 ] 9.9005e-01
 7.446e+01 7.8312e-03 [ 1.0263e-88 1.2993e-44 7.1586e-22 4.2796e-18 2.2008e-17 ] 9.9217e-01
 7.457e+01 5.8012e-03 [ 4.8307e-89 6.7432e-45 3.9673e-22 2.3841e-18 1.2868e-17 ] 9.9420e-01
 7.469e+01 3.8385e-03 [ 1.8767e-89 2.8255e-45 1.7445e-22 1.0522e-18 6.0605e-18 ] 9.9616e-01
 7.480e+01 1.8533e-03 [ 4.3137e-90 6.8143e-46 4.3332e-23 2.6195e-19 1.7167e-18 ] 9.9815e-01
 7.491e+01 0.0000e+00 [ 0.0000e+00 0.0000e+00 0.0000e+00 0.0000e+00 0.0000e+00 ] 1.0000e+00
