 0.000e+00 0.0000e+00 [ 0.0000e+00 0.0000e+00 0.0000e+00 0.0000e+00 0.0000e+00 ] 1.0000e+00
 1.133e-01 1.7280e-03 [ 1.6704e-03 1.0752e-05 1.1233e-05 2.5734e-05 9.8945e-06 ] 9.9827e-01
 2.267e-01 3.6738e-03 [ 3.4598e-03 2.6848e-05 4.5124e-05 1.0317e-04 3.8866e-05 ] 9.9633e-01
 3.400e-01 5.4039e-03 [ 4.9033e-03 7.9517e-05 1.0226e-04 2.3298e-04 8.5853e-05 ] 9.9460e-01
 4.533e-01 7.0955e-03 [ 6.2142e-03 1.3151e-04 1.8360e-04 4.1631e-04 1.4987e-04 ] 9.9290e-01
 5.667e-01 8.7560e-03 [ 7.3731e-03 2.0764e-04 2.9053e-04 6.5473e-04 2.2999e-04 ] 9.9124e-01
 6.800e-01 1.0407e-02 [ 8.4034e-03 3.0298e-04 4.2482e-04 9.5028e-04 3.2537e-04 ] 9.8959e-01
 7.933e-01 1.2064e-02 [ 9.3191e-03 4.1521e-04 5.8869e-04 1.3055e-03 4.3523e-04 ] 9.8794e-01
 9.067e-01 1.3743e-02 [ 1.0129e-02 5.4698e-04 7.8485e-04 1.7233e-03 5.5883e-04 ] 9.8626e-01
 1.020e+00 1.5460e-02 [ 1.0842e-02 6.9960e-04 1.0165e-03 2.2072e-03 6.9554e-04 ] 9.8454e-01
 1.133e+00 1.7234e-02 [ 1.1467e-02 8.7383e-04 1.2874e-03 2.7612e-03 8.4477e-04 ] 9.8277e-01
 1.247e+00 1.9082e-02 [ 1.2013e-02 1.0708e-03 1.6019e-03 3.3900e-03 1.0060e-03 ] 9.8092e-01
 1.360e+00 2.1021e-02 [ 1.2487e-02 1.2920e-03 1.9650e-03 4.0987e-03 1.1788e-03 ] 9.7898e-01
 1.473e+00 2.3073e-02 [ 1.2895e-02 1.5391e-03 2.3825e-03 4.8932e-03 1.3628e-03 ] 9.7693e-01
 1.587e+00 2.5256e-02 [ 1.3243e-02 1.8138e-03 2.8610e-03 5.7801e-03 1.5578e-03 ] 9.7474e-01
 1.700e+00 2.7593e-02 [ 1.3537e-02 2.1181e-03 3.4080e-03 6.7666e-03 1.7634e-03 ] 9.7241e-01
 1.813e+00 3.0108e-02 [ 1.3782e-02 2.4541e-03 4.0320e-03 7.8608e-03 1.9795e-03 ] 9.6989e-01
 1.927e+00 3.2826e-02 [ 1.3982e-02 2.8242e-03 4.7425e-03 9.0717e-03 2.2062e-03 ] 9.6717e-01
 2.040e+00 3.5774e-02 [ 1.4141e-02 3.2309e-03 5.5503e-03 1.0409e-02 2.4434e-03 ] 9.6423e-01
 2.153e+00 3.8982e-02 [ 1.4263e-02 3.6772e-03 6.4675e-03 1.1883e-02 2.6911e-03 ] 9.6102e-01
 2.267e+00 4.2482e-02 [ 1.4352e-02 4.1661e-03 7.5076e-03 1.3507e-02 2.9497e-03 ] 9.5752e-01
 2.380e+00 4.6307e-02 [ 1.4410e-02 4.7007e-03 8.6856e-03 1.5292e-02 3.2193e-03 ] 9.5369e-01
 2.493e+00 5.0496e-02 [ 1.4441e-02 5.2848e-03 1.0018e-02 1.7252e-02 3.5002e-03 ] 9.4950e-01
 2.607e+00 5.5088e-02 [ 1.4447e-02 5.9220e-03 1.1524e-02 1.9402e-02 3.7928e-03 ] 9.4491e-01
 2.720e+00 6.0125e-02 [ 1.4430e-02 6.6163e-03 1.3223e-02 2.1758e-02 4.0975e-03 ] 9.3988e-01
 2.833e+00 6.5653e-02 [ 1.4392e-02 7.3717e-03 1.5138e-02 2.4337e-02 4.4149e-03 ] 9.3435e-01
 2.947e+00 7.1720e-02 [ 1.4336e-02 8.1925e-03 1.7291e-02 2.7155e-02 4.7454e-03 ] 9.2828e-01
 3.060e+00 7.8376e-02 [ 1.4262e-02 9.0831e-03 1.9710e-02 3.0232e-02 5.0895e-03 ] 9.2162e-01
 3.173e+00 8.5673e-02 [ 1.4172e-02 1.0048e-02 2.2421e-02 3.3585e-02 5.4478e-03 ] 9.1433e-01
 3.287e+00 9.3664e-02 [ 1.4067e-02 1.1090e-02 2.5453e-02 3.7233e-02 5.8207e-03 ] 9.0634e-01
 3.400e+00 1.0240e-01 [ 1.3948e-02 1.2215e-02 2.8836e-02 4.1194e-02 6.2087e-03 ] 8.9760e-01
 3.513e+00 1.1194e-01 [ 1.3816e-02 1.3425e-02 3.2600e-02 4.5486e-02 6.6121e-03 ] 8.8806e-01
 3.627e+00 1.2232e-01 [ 1.3671e-02 1.4723e-02 3.6774e-02 5.0125e-02 7.0312e-03 ] 8.7768e-01
 3.740e+00 1.3360e-01 [ 1.3513e-02 1.6111e-02 4.1387e-02 5.5124e-02 7.4660e-03 ] 8.6640e-01
 3.853e+00 1.4581e-01 [ 1.3342e-02 1.7590e-02 4.6465e-02 6.0494e-02 7.9163e-03 ] 8.5419e-01
 3.967e+00 1.5897e-01 [ 1.3158e-02 1.9159e-02 5.2031e-02 6.6241e-02 8.3816e-03 ] 8.4103e-01
 4.080e+00 1.7310e-01 [ 1.2961e-02 2.0815e-02 5.8099e-02 7.2366e-02 8.8613e-03 ] 8.2690e-01
 4.193e+00 1.8820e-01 [ 1.2749e-02 2.2554e-02 6.4680e-02 7.8862e-02 9.3542e-03 ] 8.1180e-01
 4.307e+00 2.0423e-01 [ 1.2521e-02 2.4368e-02 7.1771e-02 8.5714e-02 9.8586e-03 ] 7.9577e-01
 4.420e+00 2.2116e-01 [ 1.2278e-02 2.6248e-02 7.9357e-02 9.2900e-02 1.0373e-02 ] 7.7884e-01
 4.533e+00 2.3889e-01 [ 1.2018e-02 2.8180e-02 8.7411e-02 1.0038e-01 1.0894e-02 ] 7.6111e-01
 4.647e+00 2.5731e-01 [ 1.1739e-02 3.0147e-02 9.5887e-02 1.0812e-01 1.1419e-02 ] 7.4269e-01
 4.760e+00 2.7627e-01 [ 1.1441e-02 3.2129e-02 1.0472e-01 1.1604e-01 1.1944e-02 ] 7.2373e-01
 4.873e+00 2.9560e-01 [ 1.1123e-02 3.4104e-02 1.1382e-01 1.2408e-01 1.2466e-02 ] 7.0440e-01
 4.987e+00 3.1505e-01 [ 1.0784e-02 3.6045e-02 1.2309e-01 1.3216e-01 1.2979e-02 ] 6.8495e-01
 5.100e+00 3.3438e-01 [ 1.0424e-02 3.7921e-02 1.3239e-01 1.4017e-01 1.3479e-02 ] 6.6562e-01
 5.213e+00 3.5329e-01 [ 1.0044e-02 3.9704e-02 1.4158e-01 1.4800e-01 1.3960e-02 ] 6.4671e-01
 5.327e+00 3.7147e-01 [ 9.6428e-03 4.1359e-02 1.5051e-01 1.5554e-01 1.4418e-02 ] 6.2853e-01
 5.440e+00 3.8859e-01 [ 9.2231e-03 4.2855e-02 1.5899e-01 1.6268e-01 1.4846e-02 ] 6.1141e-01
 5.553e+00 4.0432e-01 [ 8.7861e-03 4.4161e-02 1.6685e-01 1.6928e-01 1.5240e-02 ] 5.9568e-01
 5.667e+00 4.1833e-01 [ 8.3341e-03 4.5247e-02 1.7392e-01 1.7524e-01 1.5595e-02 ] 5.8167e-01
 5.780e+00 4.3032e-01 [ 7.8700e-03 4.6088e-02 1.8002e-01 1.8043e-01 1.5907e-02 ] 5.6968e-01
 5.893e+00 4.4001e-01 [ 7.3971e-03 4.6664e-02 1.8501e-01 1.8477e-01 1.6171e-02 ] 5.5999e-01
 6.007e+00 4.4718e-01 [ 6.9189e-03 4.6958e-02 1.8877e-01 1.8816e-01 1.6384e-02 ] 5.5282e-01
 6.120e+00 4.5167e-01 [ 6.4392e-03 4.6961e-02 1.9118e-01 1.9054e-01 1.6544e-02 ] 5.4833e-01
 6.233e+00 4.5336e-01 [ 5.9622e-03 4.6672e-02 1.9220e-01 1.9187e-01 1.6650e-02 ] 5.4664e-01
 6.347e+00 4.5221e-01 [ 5.4916e-03 4.6093e-02 1.9179e-01 1.9213e-01 1.6700e-02 ] 5.4779e-01
 6.460e+00 4.4825e-01 [ 5.0314e-03 4.5235e-02 1.8998e-01 1.9132e-01 1.6695e-02 ] 5.5175e-01
 6.573e+00 4.4159e-01 [ 4.5851e-03 4.4116e-02 1.8680e-01 1.8945e-01 1.6636e-02 ] 5.5841e-01
 6.687e+00 4.3237e-01 [ 4.1559e-03 4.2757e-02 1.8234e-01 1.8659e-01 1.6523e-02 ] 5.6763e-01
 6.800e+00 4.2083e-01 [ 3.7467e-03 4.1186e-02 1.7673e-01 1.8280e-01 1.6361e-02 ] 5.7917e-01
 6.913e+00 4.0722e-01 [ 3.3597e-03 3.9434e-02 1.7011e-01 1.7816e-01 1.6151e-02 ] 5.9278e-01
 7.027e+00 3.9184e-01 [ 2.9968e-03 3.7534e-02 1.6264e-01 1.7277e-01 1.5899e-02 ] 6.0816e-01
 7.140e+00 3.7502e-01 [ 2.6592e-03 3.5521e-02 1.5448e-01 1.6675e-01 1.5608e-02 ] 6.2498e-01
 7.253e+00 3.5709e-01 [ 2.3477e-03 3.3430e-02 1.4583e-01 1.6020e-01 1.5284e-02 ] 6.4291e-01
 7.367e+00 3.3838e-01 [ 2.0624e-03 3.1294e-02 1.3684e-01 1.5325e-01 1.4931e-02 ] 6.6162e-01
 7.480e+00 3.1920e-01 [ 1.8031e-03 2.9144e-02 1.2769e-01 1.4602e-01 1.4555e-02 ] 6.8080e-01
 7.593e+00 2.9986e-01 [ 1.5691e-03 2.7011e-02 1.1852e-01 1.3860e-01 1.4161e-02 ] 7.0014e-01
 7.707e+00 2.8062e-01 [ 1.3595e-03 2.4918e-02 1.0946e-01 1.3112e-01 1.3755e-02 ] 7.1938e-01
 7.820e+00 2.6170e-01 [ 1.1729e-03 2.2887e-02 1.0064e-01 1.2366e-01 1.3341e-02 ] 7.3830e-01
 7.933e+00 2.4329e-01 [ 1.0078e-03 2.0937e-02 9.2134e-02 1.1629e-01 1.2923e-02 ] 7.5671e-01
 8.047e+00 2.2556e-01 [ 8.6267e-04 1.9079e-02 8.4020e-02 1.0909e-01 1.2506e-02 ] 7.7444e-01
 8.160e+00 2.0862e-01 [ 7.3577e-04 1.7325e-02 7.6349e-02 1.0212e-01 1.2093e-02 ] 7.9138e-01
 8.273e+00 1.9256e-01 [ 6.2539e-04 1.5680e-02 6.9154e-02 9.5417e-02 1.1688e-02 ] 8.0744e-01
 8.387e+00 1.7744e-01 [ 5.2986e-04 1.4148e-02 6.2456e-02 8.9012e-02 1.1292e-02 ] 8.2256e-01
 8.500e+00 1.6327e-01 [ 4.4756e-04 1.2729e-02 5.6258e-02 8.2929e-02 1.0907e-02 ] 8.3673e-01
 8.613e+00 1.5008e-01 [ 3.7695e-04 1.1424e-02 5.0558e-02 7.7182e-02 1.0536e-02 ] 8.4992e-01
 8.727e+00 1.3784e-01 [ 3.1663e-04 1.0227e-02 4.5341e-02 7.1778e-02 1.0178e-02 ] 8.6216e-01
 8.840e+00 1.2654e-01 [ 2.6528e-04 9.1362e-03 4.0589e-02 6.6715e-02 9.8359e-03 ] 8.7346e-01
 8.953e+00 1.1614e-01 [ 2.2171e-04 8.1451e-03 3.6276e-02 6.1988e-02 9.5089e-03 ] 8.8386e-01
 9.067e+00 1.0660e-01 [ 1.8488e-04 7.2481e-03 3.2376e-02 5.7589e-02 9.1974e-03 ] 8.9340e-01
 9.180e+00 9.7860e-02 [ 1.5383e-04 6.4390e-03 2.8861e-02 5.3505e-02 8.9014e-03 ] 9.0214e-01
 9.293e+00 8.9883e-02 [ 1.2773e-04 5.7113e-03 2.5701e-02 4.9722e-02 8.6207e-03 ] 9.1012e-01
 9.407e+00 8.2611e-02 [ 1.0584e-04 5.0587e-03 2.2867e-02 4.6225e-02 8.3547e-03 ] 9.1739e-01
 9.520e+00 7.5992e-02 [ 8.7542e-05 4.4748e-03 2.0330e-02 4.2996e-02 8.1031e-03 ] 9.2401e-01
 9.633e+00 6.9975e-02 [ 7.2273e-05 3.9536e-03 1.8064e-02 4.0019e-02 7.8652e-03 ] 9.3003e-01
 9.747e+00 6.4510e-02 [ 5.9561e-05 3.4892e-03 1.6043e-02 3.7278e-02 7.6405e-03 ] 9.3549e-01
 9.860e+00 5.9551e-02 [ 4.9002e-05 3.0762e-03 1.4243e-02 3.4755e-02 7.4281e-03 ] 9.4045e-01
 9.973e+00 5.5054e-02 [ 4.0248e-05 2.7096e-03 1.2641e-02 3.2435e-02 7.2276e-03 ] 9.4495e-01
 1.009e+01 5.0975e-02 [ 3.3005e-05 2.3846e-03 1.1217e-02 3.0303e-02 7.0380e-03 ] 9.4902e-01
 1.020e+01 4.7278e-02 [ 2.7023e-05 2.0969e-03 9.9523e-03 2.8343e-02 6.8588e-03 ] 9.5272e-01
 1.031e+01 4.3926e-02 [ 2.2092e-05 1.8426e-03 8.8297e-03 2.6542e-02 6.6893e-03 ] 9.5607e-01
 1.043e+01 4.0887e-02 [ 1.8033e-05 1.6180e-03 7.8338e-03 2.4888e-02 6.5288e-03 ] 9.5911e-01
 1.054e+01 3.8130e-02 [ 1.4698e-05 1.4198e-03 6.9507e-03 2.3368e-02 6.3767e-03 ] 9.6187e-01
 1.065e+01 3.5629e-02 [ 1.1963e-05 1.2452e-03 6.1679e-03 2.1971e-02 6.2323e-03 ] 9.6437e-01
 1.077e+01 3.3358e-02 [ 9.7228e-06 1.0914e-03 5.4741e-03 2.0687e-02 6.0951e-03 ] 9.6664e-01
 1.088e+01 3.1294e-02 [ 7.8910e-06 9.5616e-04 4.8594e-03 1.9506e-02 5.9646e-03 ] 9.6871e-01
 1.099e+01 2.9419e-02 [ 6.3954e-06 8.3723e-04 4.3148e-03 1.8420e-02 5.8402e-03 ] 9.7058e-01
 1.111e+01 2.7712e-02 [ 5.1762e-06 7.3275e-04 3.8323e-03 1.7420e-02 5.7214e-03 ] 9.7229e-01
 1.122e+01 2.6157e-02 [ 4.1837e-06 6.4103e-04 3.4048e-03 1.6499e-02 5.6079e-03 ] 9.7384e-01
 1.133e+01 2.4740e-02 [ 3.3769e-06 5.6055e-04 3.0260e-03 1.5651e-02 5.4991e-03 ] 9.7526e-01
 1.145e+01 2.3446e-02 [ 2.7220e-06 4.8998e-04 2.6903e-03 1.4868e-02 5.3947e-03 ] 9.7655e-01
 1.156e+01 2.2264e-02 [ 2.1913e-06 4.2813e-04 2.3928e-03 1.4146e-02 5.2943e-03 ] 9.7774e-01
 1.167e+01 2.1182e-02 [ 1.7616e-06 3.7395e-04 2.1291e-03 1.3479e-02 5.1977e-03 ] 9.7882e-01
 1.179e+01 2.0190e-02 [ 1.4144e-06 3.2652e-04 1.8953e-03 1.2863e-02 5.1045e-03 ] 9.7981e-01
 1.190e+01 1.9281e-02 [ 1.1341e-06 2.8501e-04 1.6880e-03 1.2292e-02 5.0144e-03 ] 9.8072e-01
 1.201e+01 1.8445e-02 [ 9.0815e-07 2.4870e-04 1.5041e-03 1.1764e-02 4.9271e-03 ] 9.8155e-01
 1.213e+01 1.7676e-02 [ 7.2627e-07 2.1694e-04 1.3408e-03 1.1275e-02 4.8425e-03 ] 9.8232e-01
 1.224e+01 1.6967e-02 [ 5.8007e-07 1.8919e-04 1.1960e-03 1.0821e-02 4.7603e-03 ] 9.8303e-01
 1.235e+01 1.6312e-02 [ 4.6270e-07 1.6494e-04 1.0673e-03 1.0399e-02 4.6804e-03 ] 9.8369e-01
 1.247e+01 1.5707e-02 [ 3.6860e-07 1.4376e-04 9.5309e-04 1.0007e-02 4.6025e-03 ] 9.8429e-01
 1.258e+01 1.5146e-02 [ 2.9326e-07 1.2526e-04 8.5157e-04 9.6421e-03 4.5265e-03 ] 9.8485e-01
 1.269e+01 1.4625e-02 [ 2.3302e-07 1.0912e-04 7.6132e-04 9.3021e-03 4.4522e-03 ] 9.8537e-01
 1.281e+01 1.4141e-02 [ 1.8492e-07 9.5033e-05 6.8107e-04 8.9849e-03 4.3796e-03 ] 9.8586e-01
 1.292e+01 1.3690e-02 [ 1.4656e-07 8.2745e-05 6.0967e-04 8.6886e-03 4.3085e-03 ] 9.8631e-01
 1.303e+01 1.3269e-02 [ 1.1601e-07 7.2028e-05 5.4613e-04 8.4115e-03 4.2387e-03 ] 9.8673e-01
 1.315e+01 1.2875e-02 [ 9.1707e-08 6.2685e-05 4.8955e-04 8.1521e-03 4.1703e-03 ] 9.8713e-01
 1.326e+01 1.2506e-02 [ 7.2405e-08 5.4542e-05 4.3914e-04 7.9088e-03 4.1031e-03 ] 9.8749e-01
 1.337e+01 1.2159e-02 [ 5.7093e-08 4.7446e-05 3.9422e-04 7.6803e-03 4.0370e-03 ] 9.8784e-01
 1.349e+01 1.1833e-02 [ 4.4962e-08 4.1265e-05 3.5416e-04 7.4655e-03 3.9721e-03 ] 9.8817e-01
 1.360e+01 1.1526e-02 [ 3.5364e-08 3.5881e-05 3.1843e-04 7.2633e-03 3.9081e-03 ] 9.8847e-01
 1.371e+01 1.1235e-02 [ 2.7780e-08 3.1194e-05 2.8653e-04 7.0726e-03 3.8451e-03 ] 9.8876e-01
 1.383e+01 1.0961e-02 [ 2.1794e-08 2.7113e-05 2.5804e-04 6.8925e-03 3.7830e-03 ] 9.8904e-01
 1.394e+01 1.0700e-02 [ 1.7077e-08 2.3562e-05 2.3258e-04 6.7221e-03 3.7218e-03 ] 9.8930e-01
 1.405e+01 1.0453e-02 [ 1.3364e-08 2.0471e-05 2.0982e-04 6.5607e-03 3.6615e-03 ] 9.8955e-01
 1.417e+01 1.0217e-02 [ 1.0445e-08 1.7783e-05 1.8946e-04 6.4076e-03 3.6020e-03 ] 9.8978e-01
 1.428e+01 9.9921e-03 [ 8.1536e-09 1.5445e-05 1.7124e-04 6.2622e-03 3.5432e-03 ] 9.9001e-01
 1.439e+01 9.7773e-03 [ 6.3568e-09 1.3412e-05 1.5491e-04 6.1237e-03 3.4853e-03 ] 9.9022e-01
 1.451e+01 9.5717e-03 [ 4.9498e-09 1.1644e-05 1.4028e-04 5.9917e-03 3.4280e-03 ] 9.9043e-01
 1.462e+01 9.3746e-03 [ 3.8494e-09 1.0108e-05 1.2716e-04 5.8657e-03 3.3715e-03 ] 9.9063e-01
 1.473e+01 9.1851e-03 [ 2.9899e-09 8.7724e-06 1.1538e-04 5.7452e-03 3.3158e-03 ] 9.9081e-01
 1.485e+01 9.0029e-03 [ 2.3194e-09 7.6122e-06 1.0481e-04 5.6298e-03 3.2607e-03 ] 9.9100e-01
 1.496e+01 8.8273e-03 [ 1.7971e-09 6.6044e-06 9.5300e-05 5.5190e-03 3.2063e-03 ] 9.9117e-01
 1.507e+01 8.6577e-03 [ 1.3907e-09 5.7289e-06 8.6751e-05 5.4126e-03 3.1526e-03 ] 9.9134e-01
 1.519e+01 8.4938e-03 [ 1.0748e-09 4.9687e-06 7.9057e-05 5.3103e-03 3.0995e-03 ] 9.9151e-01
 1.530e+01 8.3352e-03 [ 8.2968e-10 4.3087e-06 7.2126e-05 5.2116e-03 3.0471e-03 ] 9.9166e-01
 1.541e+01 8.1813e-03 [ 6.3967e-10 3.7357e-06 6.5877e-05 5.1163e-03 2.9954e-03 ] 9.9182e-01
 1.553e+01 8.0321e-03 [ 4.9257e-10 3.2384e-06 6.0240e-05 5.0242e-03 2.9443e-03 ] 9.9197e-01
 1.564e+01 7.8870e-03 [ 3.7883e-10 2.8068e-06 5.5149e-05 4.9350e-03 2.8939e-03 ] 9.9211e-01
 1.575e+01 7.7458e-03 [ 2.9100e-10 2.4323e-06 5.0547e-05 4.8486e-03 2.8442e-03 ] 9.9225e-01
 1.587e+01 7.6083e-03 [ 2.2326e-10 2.1075e-06 4.6384e-05 4.7647e-03 2.7950e-03 ] 9.9239e-01
 1.598e+01 7.4742e-03 [ 1.7108e-10 1.8257e-06 4.2615e-05 4.6831e-03 2.7465e-03 ] 9.9253e-01
 1.609e+01 7.3433e-03 [ 1.3094e-10 1.5813e-06 3.9199e-05 4.6038e-03 2.6987e-03 ] 9.9266e-01
 1.621e+01 7.2154e-03 [ 1.0010e-10 1.3695e-06 3.6099e-05 4.5264e-03 2.6515e-03 ] 9.9278e-01
 1.632e+01 7.0903e-03 [ 7.6426e-11 1.1858e-06 3.3285e-05 4.4509e-03 2.6049e-03 ] 9.9291e-01
 1.643e+01 6.9680e-03 [ 5.8283e-11 1.0266e-06 3.0726e-05 4.3772e-03 2.5590e-03 ] 9.9303e-01
 1.655e+01 6.8481e-03 [ 4.4393e-11 8.8858e-07 2.8397e-05 4.3051e-03 2.5136e-03 ] 9.9315e-01
 1.666e+01 6.7306e-03 [ 3.3774e-11 7.6902e-07 2.6276e-05 4.2346e-03 2.4689e-03 ] 9.9327e-01
 1.677e+01 6.6154e-03 [ 2.5664e-11 6.6543e-07 2.4341e-05 4.1655e-03 2.4249e-03 ] 9.9338e-01
 1.689e+01 6.5024e-03 [ 1.9479e-11 5.7570e-07 2.2575e-05 4.0977e-03 2.3814e-03 ] 9.9350e-01
 1.700e+01 6.3913e-03 [ 1.4766e-11 4.9798e-07 2.0961e-05 4.0312e-03 2.3386e-03 ] 9.9361e-01
 1.711e+01 6.2823e-03 [ 1.1181e-11 4.3068e-07 1.9483e-05 3.9659e-03 2.2964e-03 ] 9.9372e-01
 1.723e+01 6.1751e-03 [ 8.4564e-12 3.7241e-07 1.8130e-05 3.9018e-03 2.2548e-03 ] 9.9382e-01
 1.734e+01 6.0697e-03 [ 6.3882e-12 3.2197e-07 1.6889e-05 3.8386e-03 2.2138e-03 ] 9.9393e-01
 1.745e+01 5.9660e-03 [ 4.8202e-12 2.7831e-07 1.5749e-05 3.7765e-03 2.1734e-03 ] 9.9403e-01
 1.757e+01 5.8639e-03 [ 3.6329e-12 2.4052e-07 1.4702e-05 3.7153e-03 2.1336e-03 ] 9.9414e-01
 1.768e+01 5.7634e-03 [ 2.7348e-12 2.0783e-07 1.3737e-05 3.6550e-03 2.0944e-03 ] 9.9424e-01
 1.779e+01 5.6645e-03 [ 2.0564e-12 1.7955e-07 1.2849e-05 3.5956e-03 2.0558e-03 ] 9.9434e-01
 1.791e+01 5.5670e-03 [ 1.5446e-12 1.5509e-07 1.2029e-05 3.5370e-03 2.0178e-03 ] 9.9443e-01
 1.802e+01 5.4710e-03 [ 1.1588e-12 1.3394e-07 1.1272e-05 3.4792e-03 1.9804e-03 ] 9.9453e-01
 1.813e+01 5.3764e-03 [ 8.6837e-13 1.1565e-07 1.0571e-05 3.4221e-03 1.9435e-03 ] 9.9462e-01
 1.825e+01 5.2831e-03 [ 6.5001e-13 9.9834e-08 9.9231e-06 3.3657e-03 1.9072e-03 ] 9.9472e-01
 1.836e+01 5.1912e-03 [ 4.8601e-13 8.6167e-08 9.3222e-06 3.3101e-03 1.8715e-03 ] 9.9481e-01
 1.847e+01 5.1005e-03 [ 3.6298e-13 7.4357e-08 8.7647e-06 3.2551e-03 1.8364e-03 ] 9.9490e-01
 1.859e+01 5.0111e-03 [ 2.7080e-13 6.4152e-08 8.2467e-06 3.2008e-03 1.8018e-03 ] 9.9499e-01
 1.870e+01 4.9229e-03 [ 2.0180e-13 5.5336e-08 7.7649e-06 3.1471e-03 1.7678e-03 ] 9.9508e-01
 1.881e+01 4.8359e-03 [ 1.5022e-13 4.7722e-08 7.3164e-06 3.0941e-03 1.7344e-03 ] 9.9516e-01
 1.893e+01 4.7501e-03 [ 1.1170e-13 4.1147e-08 6.8983e-06 3.0416e-03 1.7014e-03 ] 9.9525e-01
 1.904e+01 4.6655e-03 [ 8.2966e-14 3.5471e-08 6.5083e-06 2.9898e-03 1.6691e-03 ] 9.9533e-01
 1.915e+01 4.5820e-03 [ 6.1558e-14 3.0571e-08 6.1440e-06 2.9385e-03 1.6372e-03 ] 9.9542e-01
 1.927e+01 4.4996e-03 [ 4.5624e-14 2.6342e-08 5.8034e-06 2.8878e-03 1.6059e-03 ] 9.9550e-01
 1.938e+01 4.4184e-03 [ 3.3779e-14 2.2693e-08 5.4847e-06 2.8376e-03 1.5751e-03 ] 9.9558e-01
 1.949e+01 4.3382e-03 [ 2.4983e-14 1.9546e-08 5.1861e-06 2.7881e-03 1.5448e-03 ] 9.9566e-01
 1.961e+01 4.2591e-03 [ 1.8457e-14 1.6831e-08 4.9062e-06 2.7390e-03 1.5150e-03 ] 9.9574e-01
 1.972e+01 4.1811e-03 [ 1.3622e-14 1.4490e-08 4.6435e-06 2.6905e-03 1.4857e-03 ] 9.9582e-01
 1.983e+01 4.1041e-03 [ 1.0043e-14 1.2472e-08 4.3968e-06 2.6426e-03 1.4569e-03 ] 9.9590e-01
 1.995e+01 4.0282e-03 [ 7.3965e-15 1.0732e-08 4.1649e-06 2.5952e-03 1.4286e-03 ] 9.9597e-01
 2.006e+01 3.9533e-03 [ 5.4418e-15 9.2328e-09 3.9468e-06 2.5483e-03 1.4008e-03 ] 9.9605e-01
 2.017e+01 3.8794e-03 [ 3.9996e-15 7.9412e-09 3.7414e-06 2.5019e-03 1.3735e-03 ] 9.9612e-01
 2.029e+01 3.8065e-03 [ 2.9366e-15 6.8286e-09 3.5479e-06 2.4561e-03 1.3466e-03 ] 9.9619e-01
 2.040e+01 3.7346e-03 [ 2.1540e-15 5.8706e-09 3.3655e-06 2.4108e-03 1.3202e-03 ] 9.9627e-01
 2.051e+01 3.6638e-03 [ 1.5783e-15 5.0457e-09 3.1934e-06 2.3660e-03 1.2942e-03 ] 9.9634e-01
 2.063e+01 3.5939e-03 [ 1.1554e-15 4.3357e-09 3.0309e-06 2.3218e-03 1.2688e-03 ] 9.9641e-01
 2.074e+01 3.5249e-03 [ 8.4491e-16 3.7246e-09 2.8775e-06 2.2781e-03 1.2437e-03 ] 9.9648e-01
 2.085e+01 3.4570e-03 [ 6.1726e-16 3.1989e-09 2.7324e-06 2.2349e-03 1.2191e-03 ] 9.9654e-01
 2.097e+01 3.3900e-03 [ 4.5051e-16 2.7467e-09 2.5953e-06 2.1922e-03 1.1949e-03 ] 9.9661e-01
 2.108e+01 3.3240e-03 [ 3.2849e-16 2.3579e-09 2.4655e-06 2.1500e-03 1.1711e-03 ] 9.9668e-01
 2.119e+01 3.2589e-03 [ 2.3929e-16 2.0235e-09 2.3427e-06 2.1084e-03 1.1478e-03 ] 9.9674e-01
 2.131e+01 3.1947e-03 [ 1.7414e-16 1.7362e-09 2.2264e-06 2.0672e-03 1.1249e-03 ] 9.9681e-01
 2.142e+01 3.1315e-03 [ 1.2661e-16 1.4893e-09 2.1162e-06 2.0266e-03 1.1024e-03 ] 9.9687e-01
 2.153e+01 3.0692e-03 [ 9.1965e-17 1.2771e-09 2.0117e-06 1.9865e-03 1.0803e-03 ] 9.9693e-01
 2.165e+01 3.0078e-03 [ 6.6738e-17 1.0949e-09 1.9127e-06 1.9470e-03 1.0585e-03 ] 9.9699e-01
 2.176e+01 2.9474e-03 [ 4.8386e-17 9.3846e-10 1.8187e-06 1.9079e-03 1.0372e-03 ] 9.9705e-01
 2.187e+01 2.8879e-03 [ 3.5048e-17 8.0416e-10 1.7296e-06 1.8694e-03 1.0162e-03 ] 9.9711e-01
 2.199e+01 2.8292e-03 [ 2.5363e-17 6.8890e-10 1.6449e-06 1.8314e-03 9.9567e-04 ] 9.9717e-01
 2.210e+01 2.7715e-03 [ 1.8338e-17 5.9000e-10 1.5646e-06 1.7939e-03 9.7547e-04 ] 9.9723e-01
 2.221e+01 2.7146e-03 [ 1.3247e-17 5.0518e-10 1.4883e-06 1.7570e-03 9.5563e-04 ] 9.9729e-01
 2.233e+01 2.6587e-03 [ 9.5606e-18 4.3243e-10 1.4158e-06 1.7205e-03 9.3615e-04 ] 9.9734e-01
 2.244e+01 2.6036e-03 [ 6.8940e-18 3.7006e-10 1.3470e-06 1.6846e-03 9.1702e-04 ] 9.9740e-01
 2.255e+01 2.5493e-03 [ 4.9667e-18 3.1661e-10 1.2815e-06 1.6492e-03 8.9825e-04 ] 9.9745e-01
 2.267e+01 2.4960e-03 [ 3.5751e-18 2.7081e-10 1.2193e-06 1.6143e-03 8.7981e-04 ] 9.9750e-01
 2.278e+01 2.4435e-03 [ 2.5712e-18 2.3157e-10 1.1601e-06 1.5800e-03 8.6171e-04 ] 9.9756e-01
 2.289e+01 2.3918e-03 [ 1.8476e-18 1.9797e-10 1.1039e-06 1.5461e-03 8.4395e-04 ] 9.9761e-01
 2.301e+01 2.3410e-03 [ 1.3265e-18 1.6919e-10 1.0504e-06 1.5128e-03 8.2650e-04 ] 9.9766e-01
 2.312e+01 2.2911e-03 [ 9.5156e-19 1.4457e-10 9.9950e-07 1.4799e-03 8.0938e-04 ] 9.9771e-01
 2.323e+01 2.2419e-03 [ 6.8203e-19 1.2349e-10 9.5109e-07 1.4476e-03 7.9258e-04 ] 9.9776e-01
 2.335e+01 2.1936e-03 [ 4.8844e-19 1.0547e-10 9.0503e-07 1.4158e-03 7.7609e-04 ] 9.9781e-01
 2.346e+01 2.1461e-03 [ 3.4951e-19 9.0046e-11 8.6120e-07 1.3845e-03 7.5990e-04 ] 9.9785e-01
 2.357e+01 2.0994e-03 [ 2.4989e-19 7.6862e-11 8.1950e-07 1.3537e-03 7.4401e-04 ] 9.9790e-01
 2.369e+01 2.0535e-03 [ 1.7852e-19 6.5592e-11 7.7980e-07 1.3234e-03 7.2841e-04 ] 9.9795e-01
 2.380e+01 2.0084e-03 [ 1.2743e-19 5.5960e-11 7.4202e-07 1.2936e-03 7.1311e-04 ] 9.9799e-01
 2.391e+01 1.9641e-03 [ 9.0888e-20 4.7732e-11 7.0606e-07 1.2643e-03 6.9809e-04 ] 9.9804e-01
 2.403e+01 1.9206e-03 [ 6.4774e-20 4.0703e-11 6.7183e-07 1.2355e-03 6.8336e-04 ] 9.9808e-01
 2.414e+01 1.8779e-03 [ 4.6127e-20 3.4701e-11 6.3924e-07 1.2072e-03 6.6890e-04 ] 9.9812e-01
 2.425e+01 1.8359e-03 [ 3.2822e-20 2.9578e-11 6.0822e-07 1.1794e-03 6.5471e-04 ] 9.9816e-01
 2.437e+01 1.7946e-03 [ 2.3337e-20 2.5205e-11 5.7868e-07 1.1520e-03 6.4079e-04 ] 9.9821e-01
 2.448e+01 1.7541e-03 [ 1.6580e-20 2.1474e-11 5.5056e-07 1.1252e-03 6.2713e-04 ] 9.9825e-01
 2.459e+01 1.7144e-03 [ 1.1771e-20 1.8291e-11 5.2379e-07 1.0988e-03 6.1373e-04 ] 9.9829e-01
 2.471e+01 1.6754e-03 [ 8.3503e-21 1.5576e-11 4.9830e-07 1.0729e-03 6.0059e-04 ] 9.9832e-01
 2.482e+01 1.6371e-03 [ 5.9192e-21 1.3262e-11 4.7404e-07 1.0474e-03 5.8769e-04 ] 9.9836e-01
 2.493e+01 1.5995e-03 [ 4.1929e-21 1.1289e-11 4.5093e-07 1.0225e-03 5.7504e-04 ] 9.9840e-01
 2.505e+01 1.5626e-03 [ 2.9678e-21 9.6077e-12 4.2893e-07 9.9798e-04 5.6263e-04 ] 9.9844e-01
 2.516e+01 1.5265e-03 [ 2.0992e-21 8.1753e-12 4.0799e-07 9.7394e-04 5.5046e-04 ] 9.9847e-01
 2.527e+01 1.4910e-03 [ 1.4837e-21 6.9551e-12 3.8805e-07 9.5035e-04 5.3852e-04 ] 9.9851e-01
 2.539e+01 1.4562e-03 [ 1.0479e-21 5.9161e-12 3.6907e-07 9.2722e-04 5.2681e-04 ] 9.9854e-01
 2.550e+01 1.4221e-03 [ 7.3961e-22 5.0314e-12 3.5099e-07 9.0453e-04 5.1532e-04 ] 9.9858e-01
 2.561e+01 1.3887e-03 [ 5.2165e-22 4.2783e-12 3.3379e-07 8.8228e-04 5.0406e-04 ] 9.9861e-01
 2.573e+01 1.3559e-03 [ 3.6766e-22 3.6374e-12 3.1741e-07 8.6046e-04 4.9302e-04 ] 9.9864e-01
 2.584e+01 1.3237e-03 [ 2.5895e-22 3.0920e-12 3.0181e-07 8.3908e-04 4.8219e-04 ] 9.9868e-01
 2.595e+01 1.2922e-03 [ 1.8226e-22 2.6281e-12 2.8697e-07 8.1813e-04 4.7157e-04 ] 9.9871e-01
 2.607e+01 1.2614e-03 [ 1.2820e-22 2.2335e-12 2.7284e-07 7.9760e-04 4.6115e-04 ] 9.9874e-01
 2.618e+01 1.2311e-03 [ 9.0110e-23 1.8980e-12 2.5939e-07 7.7748e-04 4.5094e-04 ] 9.9877e-01
 2.629e+01 1.2015e-03 [ 6.3296e-23 1.6127e-12 2.4659e-07 7.5778e-04 4.4093e-04 ] 9.9880e-01
 2.641e+01 1.1725e-03 [ 4.4432e-23 1.3701e-12 2.3441e-07 7.3848e-04 4.3112e-04 ] 9.9883e-01
 2.652e+01 1.1441e-03 [ 3.1170e-23 1.1640e-12 2.2281e-07 7.1959e-04 4.2150e-04 ] 9.9886e-01
 2.663e+01 1.1162e-03 [ 2.1852e-23 9.8880e-13 2.1178e-07 7.0109e-04 4.1207e-04 ] 9.9888e-01
 2.675e+01 1.0890e-03 [ 1.5310e-23 8.3994e-13 2.0127e-07 6.8299e-04 4.0282e-04 ] 9.9891e-01
 2.686e+01 1.0623e-03 [ 1.0719e-23 7.1347e-13 1.9128e-07 6.6527e-04 3.9376e-04 ] 9.9894e-01
 2.697e+01 1.0362e-03 [ 7.5008e-24 6.0603e-13 1.8177e-07 6.4793e-04 3.8488e-04 ] 9.9896e-01
 2.709e+01 1.0107e-03 [ 5.2453e-24 5.1477e-13 1.7272e-07 6.3096e-04 3.7618e-04 ] 9.9899e-01
 2.720e+01 9.8570e-04 [ 3.6658e-24 4.3726e-13 1.6412e-07 6.1437e-04 3.6765e-04 ] 9.9901e-01
 2.731e+01 9.6125e-04 [ 2.5604e-24 3.7143e-13 1.5593e-07 5.9814e-04 3.5929e-04 ] 9.9904e-01
 2.743e+01 9.3733e-04 [ 1.7872e-24 3.1553e-13 1.4814e-07 5.8227e-04 3.5110e-04 ] 9.9906e-01
 2.754e+01 9.1393e-04 [ 1.2468e-24 2.6806e-13 1.4073e-07 5.6675e-04 3.4307e-04 ] 9.9909e-01
 2.765e+01 8.9105e-04 [ 8.6930e-25 2.2775e-13 1.3368e-07 5.5158e-04 3.3520e-04 ] 9.9911e-01
 2.777e+01 8.6868e-04 [ 6.0574e-25 1.9352e-13 1.2697e-07 5.3676e-04 3.2750e-04 ] 9.9913e-01
 2.788e+01 8.4681e-04 [ 4.2185e-25 1.6446e-13 1.2060e-07 5.2227e-04 3.1995e-04 ] 9.9915e-01
 2.799e+01 8.2543e-04 [ 2.9362e-25 1.3978e-13 1.1453e-07 5.0811e-04 3.1255e-04 ] 9.9917e-01
 2.811e+01 8.0454e-04 [ 2.0425e-25 1.1882e-13 1.0877e-07 4.9428e-04 3.0531e-04 ] 9.9920e-01
 2.822e+01 7.8412e-04 [ 1.4201e-25 1.0103e-13 1.0328e-07 4.8076e-04 2.9821e-04 ] 9.9922e-01
 2.833e+01 7.6417e-04 [ 9.8678e-26 8.5917e-14 9.8068e-08 4.6757e-04 2.9126e-04 ] 9.9924e-01
 2.845e+01 7.4469e-04 [ 6.8533e-26 7.3082e-14 9.3111e-08 4.5468e-04 2.8446e-04 ] 9.9926e-01
 2.856e+01 7.2565e-04 [ 4.7572e-26 6.2180e-14 8.8399e-08 4.4210e-04 2.7779e-04 ] 9.9927e-01
 2.867e+01 7.0706e-04 [ 3.3005e-26 5.2918e-14 8.3919e-08 4.2982e-04 2.7126e-04 ] 9.9929e-01
 2.879e+01 6.8891e-04 [ 2.2887e-26 4.5049e-14 7.9660e-08 4.1783e-04 2.6487e-04 ] 9.9931e-01
 2.890e+01 6.7119e-04 [ 1.5863e-26 3.8362e-14 7.5613e-08 4.0613e-04 2.5861e-04 ] 9.9933e-01
 2.901e+01 6.5389e-04 [ 1.0989e-26 3.2678e-14 7.1766e-08 3.9471e-04 2.5248e-04 ] 9.9935e-01
 2.913e+01 6.3701e-04 [ 7.6091e-27 2.7846e-14 6.8110e-08 3.8357e-04 2.4647e-04 ] 9.9936e-01
 2.924e+01 6.2054e-04 [ 5.2662e-27 2.3738e-14 6.4636e-08 3.7271e-04 2.4060e-04 ] 9.9938e-01
 2.935e+01 6.0447e-04 [ 3.6430e-27 2.0243e-14 6.1334e-08 3.6211e-04 2.3485e-04 ] 9.9940e-01
 2.947e+01 5.8879e-04 [ 2.5190e-27 1.7270e-14 5.8198e-08 3.5177e-04 2.2922e-04 ] 9.9941e-01
 2.958e+01 5.7350e-04 [ 1.7411e-27 1.4740e-14 5.5217e-08 3.4170e-04 2.2371e-04 ] 9.9943e-01
 2.969e+01 5.5859e-04 [ 1.2028e-27 1.2586e-14 5.2386e-08 3.3187e-04 2.1831e-04 ] 9.9944e-01
 2.981e+01 5.4405e-04 [ 8.3064e-28 1.0752e-14 4.9697e-08 3.2229e-04 2.1303e-04 ] 9.9946e-01
 2.992e+01 5.2989e-04 [ 5.7338e-28 9.1896e-15 4.7142e-08 3.1295e-04 2.0787e-04 ] 9.9947e-01
 3.003e+01 5.1608e-04 [ 3.9565e-28 7.8580e-15 4.4715e-08 3.0385e-04 2.0281e-04 ] 9.9948e-01
 3.015e+01 5.0263e-04 [ 2.7290e-28 6.7227e-15 4.2410e-08 2.9499e-04 1.9787e-04 ] 9.9950e-01
 3.026e+01 4.8952e-04 [ 1.8816e-28 5.7543e-15 4.0222e-08 2.8635e-04 1.9303e-04 ] 9.9951e-01
 3.037e+01 4.7676e-04 [ 1.2969e-28 4.9280e-15 3.8143e-08 2.7793e-04 1.8829e-04 ] 9.9952e-01
 3.049e+01 4.6433e-04 [ 8.9361e-29 4.2226e-15 3.6170e-08 2.6974e-04 1.8366e-04 ] 9.9954e-01
 3.060e+01 4.5223e-04 [ 6.1552e-29 3.6201e-15 3.4296e-08 2.6175e-04 1.7913e-04 ] 9.9955e-01
 3.071e+01 4.4045e-04 [ 4.2383e-29 3.1053e-15 3.2517e-08 2.5398e-04 1.7470e-04 ] 9.9956e-01
 3.083e+01 4.2899e-04 [ 2.9175e-29 2.6651e-15 3.0828e-08 2.4641e-04 1.7036e-04 ] 9.9957e-01
 3.094e+01 4.1785e-04 [ 2.0078e-29 2.2885e-15 2.9225e-08 2.3904e-04 1.6612e-04 ] 9.9958e-01
 3.105e+01 4.0700e-04 [ 1.3814e-29 1.9662e-15 2.7703e-08 2.3187e-04 1.6198e-04 ] 9.9959e-01
 3.117e+01 3.9646e-04 [ 9.5014e-30 1.6903e-15 2.6259e-08 2.2489e-04 1.5792e-04 ] 9.9960e-01
 3.128e+01 3.8622e-04 [ 6.5338e-30 1.4538e-15 2.4888e-08 2.1809e-04 1.5396e-04 ] 9.9961e-01
 3.139e+01 3.7626e-04 [ 4.4922e-30 1.2511e-15 2.3587e-08 2.1148e-04 1.5008e-04 ] 9.9962e-01
 3.151e+01 3.6659e-04 [ 3.0879e-30 1.0772e-15 2.2353e-08 2.0505e-04 1.4629e-04 ] 9.9963e-01
 3.162e+01 3.5720e-04 [ 2.1223e-30 9.2799e-16 2.1181e-08 1.9880e-04 1.4259e-04 ] 9.9964e-01
 3.173e+01 3.4808e-04 [ 1.4584e-30 7.9983e-16 2.0070e-08 1.9271e-04 1.3897e-04 ] 9.9965e-01
 3.185e+01 3.3923e-04 [ 1.0021e-30 6.8972e-16 1.9016e-08 1.8679e-04 1.3543e-04 ] 9.9966e-01
 3.196e+01 3.3064e-04 [ 6.8844e-31 5.9505e-16 1.8016e-08 1.8104e-04 1.3197e-04 ] 9.9967e-01
 3.207e+01 3.2232e-04 [ 4.7294e-31 5.1362e-16 1.7067e-08 1.7544e-04 1.2859e-04 ] 9.9968e-01
 3.219e+01 3.1425e-04 [ 3.2488e-31 4.4353e-16 1.6167e-08 1.7000e-04 1.2528e-04 ] 9.9969e-01
 3.230e+01 3.0643e-04 [ 2.2317e-31 3.8317e-16 1.5313e-08 1.6471e-04 1.2206e-04 ] 9.9969e-01
 3.241e+01 2.9885e-04 [ 1.5330e-31 3.3117e-16 1.4504e-08 1.5957e-04 1.1890e-04 ] 9.9970e-01
 3.253e+01 2.9152e-04 [ 1.0531e-31 2.8634e-16 1.3736e-08 1.5458e-04 1.1582e-04 ] 9.9971e-01
 3.264e+01 2.8443e-04 [ 7.2344e-32 2.4767e-16 1.3008e-08 1.4972e-04 1.1281e-04 ] 9.9972e-01
 3.275e+01 2.7757e-04 [ 4.9703e-32 2.1430e-16 1.2318e-08 1.4501e-04 1.0987e-04 ] 9.9972e-01
 3.287e+01 2.7094e-04 [ 3.4152e-32 1.8549e-16 1.1664e-08 1.4043e-04 1.0700e-04 ] 9.9973e-01
 3.298e+01 2.6454e-04 [ 2.3471e-32 1.6061e-16 1.1043e-08 1.3598e-04 1.0419e-04 ] 9.9974e-01
 3.309e+01 2.5836e-04 [ 1.6133e-32 1.3910e-16 1.0455e-08 1.3165e-04 1.0145e-04 ] 9.9974e-01
 3.321e+01 2.5239e-04 [ 1.1091e-32 1.2051e-16 9.8976e-09 1.2745e-04 9.8774e-05 ] 9.9975e-01
 3.332e+01 2.4664e-04 [ 7.6274e-33 1.0443e-16 9.3692e-09 1.2338e-04 9.6161e-05 ] 9.9975e-01
 3.343e+01 2.4111e-04 [ 5.2468e-33 9.0516e-17 8.8684e-09 1.1942e-04 9.3610e-05 ] 9.9976e-01
 3.355e+01 2.3578e-04 [ 3.6104e-33 7.8473e-17 8.3938e-09 1.1558e-04 9.1119e-05 ] 9.9976e-01
 3.366e+01 2.3066e-04 [ 2.4853e-33 6.8046e-17 7.9440e-09 1.1185e-04 8.8687e-05 ] 9.9977e-01
 3.377e+01 2.2574e-04 [ 1.7115e-33 5.9014e-17 7.5178e-09 1.0823e-04 8.6314e-05 ] 9.9977e-01
 3.389e+01 2.2102e-04 [ 1.1791e-33 5.1189e-17 7.1140e-09 1.0471e-04 8.3997e-05 ] 9.9978e-01
 3.400e+01 2.1649e-04 [ 8.1277e-34 4.4407e-17 6.7314e-09 1.0130e-04 8.1735e-05 ] 9.9978e-01
 3.411e+01 2.1216e-04 [ 5.6053e-34 3.8528e-17 6.3689e-09 9.7997e-05 7.9528e-05 ] 9.9979e-01
 3.423e+01 2.0802e-04 [ 3.8679e-34 3.3431e-17 6.0255e-09 9.4787e-05 7.7375e-05 ] 9.9979e-01
 3.434e+01 2.0407e-04 [ 2.6707e-34 2.9010e-17 5.7003e-09 9.1674e-05 7.5274e-05 ] 9.9980e-01
 3.445e+01 2.0031e-04 [ 1.8453e-34 2.5175e-17 5.3922e-09 8.8654e-05 7.3223e-05 ] 9.9980e-01
 3.457e+01 1.9673e-04 [ 1.2758e-34 2.1848e-17 5.1004e-09 8.5726e-05 7.1223e-05 ] 9.9980e-01
 3.468e+01 1.9333e-04 [ 8.8277e-35 1.8960e-17 4.8240e-09 8.2886e-05 6.9272e-05 ] 9.9981e-01
 3.479e+01 1.9010e-04 [ 6.1129e-35 1.6455e-17 4.5624e-09 8.0132e-05 6.7369e-05 ] 9.9981e-01
 3.491e+01 1.8706e-04 [ 4.2365e-35 1.4280e-17 4.3146e-09 7.7462e-05 6.5512e-05 ] 9.9981e-01
 3.502e+01 1.8419e-04 [ 2.9386e-35 1.2393e-17 4.0799e-09 7.4874e-05 6.3702e-05 ] 9.9982e-01
 3.513e+01 1.8150e-04 [ 2.0402e-35 1.0754e-17 3.8578e-09 7.2365e-05 6.1936e-05 ] 9.9982e-01
 3.525e+01 1.7897e-04 [ 1.4178e-35 9.3319e-18 3.6475e-09 6.9934e-05 6.0214e-05 ] 9.9982e-01
 3.536e+01 1.7662e-04 [ 9.8630e-36 8.0971e-18 3.4484e-09 6.7577e-05 5.8536e-05 ] 9.9982e-01
 3.547e+01 1.7444e-04 [ 6.8682e-36 7.0251e-18 3.2600e-09 6.5294e-05 5.6899e-05 ] 9.9983e-01
 3.559e+01 1.7242e-04 [ 4.7878e-36 6.0945e-18 3.0816e-09 6.3082e-05 5.5304e-05 ] 9.9983e-01
 3.570e+01 1.7057e-04 [ 3.3413e-36 5.2867e-18 2.9128e-09 6.0939e-05 5.3748e-05 ] 9.9983e-01
 3.581e+01 1.6888e-04 [ 2.3345e-36 4.5854e-18 2.7530e-09 5.8862e-05 5.2233e-05 ] 9.9983e-01
 3.593e+01 1.6736e-04 [ 1.6329e-36 3.9767e-18 2.6018e-09 5.6852e-05 5.0755e-05 ] 9.9983e-01
 3.604e+01 1.6600e-04 [ 1.1436e-36 3.4483e-18 2.4588e-09 5.4904e-05 4.9315e-05 ] 9.9983e-01
 3.615e+01 1.6481e-04 [ 8.0190e-37 2.9898e-18 2.3234e-09 5.3018e-05 4.7912e-05 ] 9.9984e-01
 3.627e+01 1.6377e-04 [ 5.6300e-37 2.5918e-18 2.1953e-09 5.1192e-05 4.6545e-05 ] 9.9984e-01
 3.638e+01 1.6289e-04 [ 3.9578e-37 2.2465e-18 2.0742e-09 4.9424e-05 4.5213e-05 ] 9.9984e-01
 3.649e+01 1.6218e-04 [ 2.7859e-37 1.9469e-18 1.9596e-09 4.7712e-05 4.3916e-05 ] 9.9984e-01
 3.661e+01 1.6162e-04 [ 1.9636e-37 1.6870e-18 1.8511e-09 4.6056e-05 4.2652e-05 ] 9.9984e-01
 3.672e+01 1.6123e-04 [ 1.3858e-37 1.4616e-18 1.7486e-09 4.4452e-05 4.1421e-05 ] 9.9984e-01
 3.683e+01 1.6099e-04 [ 9.7937e-38 1.2660e-18 1.6516e-09 4.2900e-05 4.0222e-05 ] 9.9984e-01
 3.695e+01 1.6091e-04 [ 6.9306e-38 1.0965e-18 1.5599e-09 4.1399e-05 3.9054e-05 ] 9.9984e-01
 3.706e+01 1.6099e-04 [ 4.9112e-38 9.4951e-19 1.4731e-09 3.9946e-05 3.7917e-05 ] 9.9984e-01
 3.717e+01 1.6123e-04 [ 3.4849e-38 8.2209e-19 1.3911e-09 3.8540e-05 3.6810e-05 ] 9.9984e-01
 3.729e+01 1.6162e-04 [ 2.4762e-38 7.1164e-19 1.3136e-09 3.7180e-05 3.5732e-05 ] 9.9984e-01
 3.740e+01 1.6218e-04 [ 1.7618e-38 6.1594e-19 1.2402e-09 3.5865e-05 3.4683e-05 ] 9.9984e-01
 3.751e+01 1.6289e-04 [ 1.2552e-38 5.3302e-19 1.1709e-09 3.4592e-05 3.3662e-05 ] 9.9984e-01
 3.763e+01 1.6377e-04 [ 8.9542e-39 4.6119e-19 1.1054e-09 3.3362e-05 3.2667e-05 ] 9.9984e-01
 3.774e+01 1.6481e-04 [ 6.3961e-39 3.9898e-19 1.0435e-09 3.2173e-05 3.1700e-05 ] 9.9984e-01
 3.785e+01 1.6600e-04 [ 4.5748e-39 3.4510e-19 9.8492e-10 3.1022e-05 3.0758e-05 ] 9.9983e-01
 3.797e+01 1.6736e-04 [ 3.2762e-39 2.9846e-19 9.2959e-10 2.9910e-05 2.9842e-05 ] 9.9983e-01
 3.808e+01 1.6888e-04 [ 2.3492e-39 2.5809e-19 8.7730e-10 2.8835e-05 2.8950e-05 ] 9.9983e-01
 3.819e+01 1.7057e-04 [ 1.6865e-39 2.2314e-19 8.2789e-10 2.7796e-05 2.8083e-05 ] 9.9983e-01
 3.831e+01 1.7242e-04 [ 1.2122e-39 1.9291e-19 7.8120e-10 2.6792e-05 2.7239e-05 ] 9.9983e-01
 3.842e+01 1.7444e-04 [ 8.7230e-40 1.6675e-19 7.3709e-10 2.5822e-05 2.6418e-05 ] 9.9983e-01
 3.853e+01 1.7662e-04 [ 6.2842e-40 1.4412e-19 6.9541e-10 2.4884e-05 2.5620e-05 ] 9.9982e-01
 3.865e+01 1.7897e-04 [ 4.5322e-40 1.2455e-19 6.5604e-10 2.3978e-05 2.4844e-05 ] 9.9982e-01
 3.876e+01 1.8150e-04 [ 3.2721e-40 1.0763e-19 6.1885e-10 2.3103e-05 2.4089e-05 ] 9.9982e-01
 3.887e+01 1.8419e-04 [ 2.3648e-40 9.2998e-20 5.8372e-10 2.2258e-05 2.3355e-05 ] 9.9982e-01
 3.899e+01 1.8706e-04 [ 1.7107e-40 8.0351e-20 5.5054e-10 2.1441e-05 2.2641e-05 ] 9.9981e-01
 3.910e+01 1.9010e-04 [ 1.2388e-40 6.9420e-20 5.1920e-10 2.0652e-05 2.1947e-05 ] 9.9981e-01
 3.921e+01 1.9333e-04 [ 8.9783e-41 5.9973e-20 4.8961e-10 1.9891e-05 2.1272e-05 ] 9.9981e-01
 3.933e+01 1.9673e-04 [ 6.5130e-41 5.1810e-20 4.6167e-10 1.9155e-05 2.0616e-05 ] 9.9980e-01
 3.944e+01 2.0031e-04 [ 4.7285e-41 4.4757e-20 4.3529e-10 1.8445e-05 1.9979e-05 ] 9.9980e-01
 3.955e+01 2.0407e-04 [ 3.4358e-41 3.8665e-20 4.1038e-10 1.7760e-05 1.9360e-05 ] 9.9980e-01
 3.967e+01 2.0802e-04 [ 2.4983e-41 3.3402e-20 3.8686e-10 1.7098e-05 1.8758e-05 ] 9.9979e-01
 3.978e+01 2.1216e-04 [ 1.8180e-41 2.8856e-20 3.6466e-10 1.6459e-05 1.8173e-05 ] 9.9979e-01
 3.989e+01 2.1649e-04 [ 1.3238e-41 2.4930e-20 3.4371e-10 1.5843e-05 1.7605e-05 ] 9.9978e-01
 4.001e+01 2.2102e-04 [ 9.6460e-42 2.1540e-20 3.2393e-10 1.5248e-05 1.7053e-05 ] 9.9978e-01
 4.012e+01 2.2574e-04 [ 7.0328e-42 1.8612e-20 3.0527e-10 1.4674e-05 1.6517e-05 ] 9.9977e-01
 4.023e+01 2.3066e-04 [ 5.1306e-42 1.6084e-20 2.8765e-10 1.4120e-05 1.5996e-05 ] 9.9977e-01
 4.035e+01 2.3578e-04 [ 3.7449e-42 1.3901e-20 2.7103e-10 1.3586e-05 1.5490e-05 ] 9.9976e-01
 4.046e+01 2.4111e-04 [ 2.7348e-42 1.2015e-20 2.5535e-10 1.3071e-05 1.4999e-05 ] 9.9976e-01
 4.057e+01 2.4664e-04 [ 1.9981e-42 1.0388e-20 2.4056e-10 1.2574e-05 1.4522e-05 ] 9.9975e-01
 4.069e+01 2.5239e-04 [ 1.4605e-42 8.9818e-21 2.2660e-10 1.2095e-05 1.4059e-05 ] 9.9975e-01
 4.080e+01 2.5836e-04 [ 1.0680e-42 7.7677e-21 2.1343e-10 1.1632e-05 1.3609e-05 ] 9.9974e-01
 4.091e+01 2.6454e-04 [ 7.8128e-43 6.7192e-21 2.0101e-10 1.1187e-05 1.3173e-05 ] 9.9974e-01
 4.103e+01 2.7094e-04 [ 5.7173e-43 5.8135e-21 1.8930e-10 1.0757e-05 1.2749e-05 ] 9.9973e-01
 4.114e+01 2.7757e-04 [ 4.1852e-43 5.0312e-21 1.7825e-10 1.0343e-05 1.2338e-05 ] 9.9972e-01
 4.125e+01 2.8443e-04 [ 3.0646e-43 4.3554e-21 1.6783e-10 9.9436e-06 1.1939e-05 ] 9.9972e-01
 4.137e+01 2.9152e-04 [ 2.2446e-43 3.7714e-21 1.5801e-10 9.5588e-06 1.1552e-05 ] 9.9971e-01
 4.148e+01 2.9885e-04 [ 1.6444e-43 3.2667e-21 1.4875e-10 9.1879e-06 1.1176e-05 ] 9.9970e-01
 4.159e+01 3.0643e-04 [ 1.2050e-43 2.8305e-21 1.4002e-10 8.8305e-06 1.0812e-05 ] 9.9969e-01
 4.171e+01 3.1425e-04 [ 8.8316e-44 2.4534e-21 1.3179e-10 8.4862e-06 1.0458e-05 ] 9.9969e-01
 4.182e+01 3.2232e-04 [ 6.4740e-44 2.1273e-21 1.2403e-10 8.1544e-06 1.0115e-05 ] 9.9968e-01
 4.193e+01 3.3064e-04 [ 4.7464e-44 1.8452e-21 1.1672e-10 7.8348e-06 9.7824e-06 ] 9.9967e-01
 4.205e+01 3.3923e-04 [ 3.4804e-44 1.6011e-21 1.0982e-10 7.5270e-06 9.4597e-06 ] 9.9966e-01
 4.216e+01 3.4808e-04 [ 2.5523e-44 1.3899e-21 1.0333e-10 7.2305e-06 9.1468e-06 ] 9.9965e-01
 4.227e+01 3.5720e-04 [ 1.8719e-44 1.2071e-21 9.7209e-11 6.9449e-06 8.8435e-06 ] 9.9964e-01
 4.239e+01 3.6659e-04 [ 1.3730e-44 1.0487e-21 9.1443e-11 6.6699e-06 8.5493e-06 ] 9.9963e-01
 4.250e+01 3.7626e-04 [ 1.0071e-44 9.1158e-22 8.6010e-11 6.4052e-06 8.2642e-06 ] 9.9962e-01
 4.261e+01 3.8622e-04 [ 7.3875e-45 7.9271e-22 8.0893e-11 6.1503e-06 7.9878e-06 ] 9.9961e-01
 4.273e+01 3.9646e-04 [ 5.4193e-45 6.8965e-22 7.6072e-11 5.9049e-06 7.7199e-06 ] 9.9960e-01
 4.284e+01 4.0700e-04 [ 3.9755e-45 6.0027e-22 7.1532e-11 5.6688e-06 7.4602e-06 ] 9.9959e-01
 4.295e+01 4.1785e-04 [ 2.9164e-45 5.2272e-22 6.7256e-11 5.4415e-06 7.2086e-06 ] 9.9958e-01
 4.307e+01 4.2899e-04 [ 2.1394e-45 4.5541e-22 6.3230e-11 5.2227e-06 6.9648e-06 ] 9.9957e-01
 4.318e+01 4.4045e-04 [ 1.5694e-45 3.9695e-22 5.9438e-11 5.0122e-06 6.7285e-06 ] 9.9956e-01
 4.329e+01 4.5223e-04 [ 1.1513e-45 3.4616e-22 5.5868e-11 4.8097e-06 6.4997e-06 ] 9.9955e-01
 4.341e+01 4.6433e-04 [ 8.4447e-46 3.0202e-22 5.2508e-11 4.6149e-06 6.2780e-06 ] 9.9954e-01
 4.352e+01 4.7676e-04 [ 6.1940e-46 2.6363e-22 4.9344e-11 4.4275e-06 6.0633e-06 ] 9.9952e-01
 4.363e+01 4.8952e-04 [ 4.5429e-46 2.3022e-22 4.6366e-11 4.2472e-06 5.8553e-06 ] 9.9951e-01
 4.375e+01 5.0263e-04 [ 3.3317e-46 2.0115e-22 4.3564e-11 4.0738e-06 5.6539e-06 ] 9.9950e-01
 4.386e+01 5.1608e-04 [ 2.4433e-46 1.7582e-22 4.0926e-11 3.9071e-06 5.4589e-06 ] 9.9948e-01
 4.397e+01 5.2989e-04 [ 1.7916e-46 1.5376e-22 3.8445e-11 3.7468e-06 5.2701e-06 ] 9.9947e-01
 4.409e+01 5.4405e-04 [ 1.3136e-46 1.3452e-22 3.6109e-11 3.5927e-06 5.0873e-06 ] 9.9946e-01
 4.420e+01 5.5859e-04 [ 9.6304e-47 1.1774e-22 3.3913e-11 3.4445e-06 4.9104e-06 ] 9.9944e-01
 4.431e+01 5.7350e-04 [ 7.0596e-47 1.0310e-22 3.1846e-11 3.3021e-06 4.7391e-06 ] 9.9943e-01
 4.443e+01 5.8879e-04 [ 5.1745e-47 9.0310e-23 2.9902e-11 3.1652e-06 4.5733e-06 ] 9.9941e-01
 4.454e+01 6.0447e-04 [ 3.7923e-47 7.9141e-23 2.8074e-11 3.0337e-06 4.4129e-06 ] 9.9940e-01
 4.465e+01 6.2054e-04 [ 2.7790e-47 6.9379e-23 2.6355e-11 2.9073e-06 4.2577e-06 ] 9.9938e-01
 4.477e+01 6.3701e-04 [ 2.0362e-47 6.0844e-23 2.4738e-11 2.7858e-06 4.1075e-06 ] 9.9936e-01
 4.488e+01 6.5389e-04 [ 1.4918e-47 5.3377e-23 2.3218e-11 2.6691e-06 3.9622e-06 ] 9.9935e-01
 4.499e+01 6.7119e-04 [ 1.0927e-47 4.6842e-23 2.1789e-11 2.5570e-06 3.8217e-06 ] 9.9933e-01
 4.511e+01 6.8891e-04 [ 8.0035e-48 4.1120e-23 2.0446e-11 2.4494e-06 3.6857e-06 ] 9.9931e-01
 4.522e+01 7.0706e-04 [ 5.8610e-48 3.6107e-23 1.9183e-11 2.3460e-06 3.5543e-06 ] 9.9929e-01
 4.533e+01 7.2565e-04 [ 4.2915e-48 3.1714e-23 1.7996e-11 2.2467e-06 3.4271e-06 ] 9.9927e-01
 4.545e+01 7.4469e-04 [ 3.1418e-48 2.7862e-23 1.6881e-11 2.1513e-06 3.3042e-06 ] 9.9926e-01
 4.556e+01 7.6417e-04 [ 2.2998e-48 2.4484e-23 1.5833e-11 2.0598e-06 3.1853e-06 ] 9.9924e-01
 4.567e+01 7.8412e-04 [ 1.6831e-48 2.1521e-23 1.4848e-11 1.9719e-06 3.0704e-06 ] 9.9922e-01
 4.579e+01 8.0454e-04 [ 1.2317e-48 1.8919e-23 1.3924e-11 1.8875e-06 2.9594e-06 ] 9.9920e-01
 4.590e+01 8.2543e-04 [ 9.0115e-49 1.6635e-23 1.3055e-11 1.8066e-06 2.8520e-06 ] 9.9917e-01
 4.601e+01 8.4681e-04 [ 6.5922e-49 1.4629e-23 1.2239e-11 1.7289e-06 2.7482e-06 ] 9.9915e-01
 4.613e+01 8.6868e-04 [ 4.8216e-49 1.2867e-23 1.1472e-11 1.6543e-06 2.6480e-06 ] 9.9913e-01
 4.624e+01 8.9105e-04 [ 3.5261e-49 1.1318e-23 1.0753e-11 1.5828e-06 2.5511e-06 ] 9.9911e-01
 4.635e+01 9.1393e-04 [ 2.5782e-49 9.9570e-24 1.0077e-11 1.5142e-06 2.4575e-06 ] 9.9909e-01
 4.647e+01 9.3733e-04 [ 1.8848e-49 8.7601e-24 9.4429e-12 1.4484e-06 2.3671e-06 ] 9.9906e-01
 4.658e+01 9.6125e-04 [ 1.3777e-49 7.7076e-24 8.8475e-12 1.3852e-06 2.2797e-06 ] 9.9904e-01
 4.669e+01 9.8570e-04 [ 1.0068e-49 6.7819e-24 8.2887e-12 1.3247e-06 2.1953e-06 ] 9.9901e-01
 4.681e+01 1.0107e-03 [ 7.3566e-50 5.9675e-24 7.7642e-12 1.2666e-06 2.1139e-06 ] 9.9899e-01
 4.692e+01 1.0362e-03 [ 5.3745e-50 5.2509e-24 7.2720e-12 1.2109e-06 2.0352e-06 ] 9.9896e-01
 4.703e+01 1.0623e-03 [ 3.9258e-50 4.6204e-24 6.8103e-12 1.1576e-06 1.9592e-06 ] 9.9894e-01
 4.715e+01 1.0890e-03 [ 2.8670e-50 4.0655e-24 6.3770e-12 1.1064e-06 1.8859e-06 ] 9.9891e-01
 4.726e+01 1.1162e-03 [ 2.0935e-50 3.5771e-24 5.9707e-12 1.0574e-06 1.8151e-06 ] 9.9888e-01
 4.737e+01 1.1441e-03 [ 1.5284e-50 3.1472e-24 5.5895e-12 1.0104e-06 1.7468e-06 ] 9.9886e-01
 4.749e+01 1.1725e-03 [ 1.1156e-50 2.7687e-24 5.2320e-12 9.6536e-07 1.6808e-06 ] 9.9883e-01
 4.760e+01 1.2015e-03 [ 8.1419e-51 2.4356e-24 4.8969e-12 9.2222e-07 1.6172e-06 ] 9.9880e-01
 4.771e+01 1.2311e-03 [ 5.9410e-51 2.1424e-24 4.5826e-12 8.8088e-07 1.5558e-06 ] 9.9877e-01
 4.783e+01 1.2614e-03 [ 4.3343e-51 1.8842e-24 4.2880e-12 8.4129e-07 1.4965e-06 ] 9.9874e-01
 4.794e+01 1.2922e-03 [ 3.1616e-51 1.6570e-24 4.0118e-12 8.0337e-07 1.4394e-06 ] 9.9871e-01
 4.805e+01 1.3237e-03 [ 2.3057e-51 1.4569e-24 3.7529e-12 7.6705e-07 1.3842e-06 ] 9.9868e-01
 4.817e+01 1.3559e-03 [ 1.6813e-51 1.2809e-24 3.5104e-12 7.3228e-07 1.3310e-06 ] 9.9864e-01
 4.828e+01 1.3887e-03 [ 1.2257e-51 1.1259e-24 3.2831e-12 6.9898e-07 1.2798e-06 ] 9.9861e-01
 4.839e+01 1.4221e-03 [ 8.9345e-52 9.8952e-25 3.0701e-12 6.6711e-07 1.2303e-06 ] 9.9858e-01
 4.851e+01 1.4562e-03 [ 6.5113e-52 8.6951e-25 2.8706e-12 6.3660e-07 1.1826e-06 ] 9.9854e-01
 4.862e+01 1.4910e-03 [ 4.7445e-52 7.6390e-25 2.6838e-12 6.0740e-07 1.1367e-06 ] 9.9851e-01
 4.873e+01 1.5265e-03 [ 3.4565e-52 6.7100e-25 2.5088e-12 5.7946e-07 1.0923e-06 ] 9.9847e-01
 4.885e+01 1.5626e-03 [ 2.5177e-52 5.8927e-25 2.3449e-12 5.5272e-07 1.0496e-06 ] 9.9844e-01
 4.896e+01 1.5995e-03 [ 1.8336e-52 5.1738e-25 2.1915e-12 5.2714e-07 1.0085e-06 ] 9.9840e-01
 4.907e+01 1.6371e-03 [ 1.3351e-52 4.5417e-25 2.0478e-12 5.0267e-07 9.6879e-07 ] 9.9836e-01
 4.919e+01 1.6754e-03 [ 9.7196e-53 3.9858e-25 1.9134e-12 4.7926e-07 9.3056e-07 ] 9.9832e-01
 4.930e+01 1.7144e-03 [ 7.0747e-53 3.4972e-25 1.7875e-12 4.5688e-07 8.9374e-07 ] 9.9829e-01
 4.941e+01 1.7541e-03 [ 5.1486e-53 3.0678e-25 1.6698e-12 4.3547e-07 8.5826e-07 ] 9.9825e-01
 4.953e+01 1.7946e-03 [ 3.7462e-53 2.6904e-25 1.5596e-12 4.1501e-07 8.2409e-07 ] 9.9821e-01
 4.964e+01 1.8359e-03 [ 2.7253e-53 2.3588e-25 1.4565e-12 3.9544e-07 7.9118e-07 ] 9.9816e-01
 4.975e+01 1.8779e-03 [ 1.9823e-53 2.0676e-25 1.3600e-12 3.7674e-07 7.5949e-07 ] 9.9812e-01
 4.987e+01 1.9206e-03 [ 1.4416e-53 1.8118e-25 1.2698e-12 3.5887e-07 7.2897e-07 ] 9.9808e-01
 4.998e+01 1.9641e-03 [ 1.0481e-53 1.5872e-25 1.1855e-12 3.4179e-07 6.9959e-07 ] 9.9804e-01
 5.009e+01 2.0084e-03 [ 7.6196e-54 1.3901e-25 1.1066e-12 3.2548e-07 6.7131e-07 ] 9.9799e-01
 5.021e+01 2.0535e-03 [ 5.5381e-54 1.2172e-25 1.0328e-12 3.0989e-07 6.4408e-07 ] 9.9795e-01
 5.032e+01 2.0994e-03 [ 4.0245e-54 1.0654e-25 9.6389e-13 2.9500e-07 6.1788e-07 ] 9.9790e-01
 5.043e+01 2.1461e-03 [ 2.9241e-54 9.3232e-26 8.9945e-13 2.8078e-07 5.9266e-07 ] 9.9785e-01
 5.055e+01 2.1936e-03 [ 2.1241e-54 8.1562e-26 8.3923e-13 2.6720e-07 5.6840e-07 ] 9.9781e-01
 5.066e+01 2.2419e-03 [ 1.5427e-54 7.1331e-26 7.8295e-13 2.5423e-07 5.4506e-07 ] 9.9776e-01
 5.077e+01 2.2911e-03 [ 1.1203e-54 6.2365e-26 7.3037e-13 2.4185e-07 5.2260e-07 ] 9.9771e-01
 5.089e+01 2.3410e-03 [ 8.1336e-55 5.4509e-26 6.8124e-13 2.3003e-07 5.0100e-07 ] 9.9766e-01
 5.100e+01 2.3918e-03 [ 5.9041e-55 4.7629e-26 6.3536e-13 2.1876e-07 4.8023e-07 ] 9.9761e-01
 5.111e+01 2.4435e-03 [ 4.2850e-55 4.1604e-26 5.9251e-13 2.0800e-07 4.6025e-07 ] 9.9756e-01
 5.123e+01 2.4960e-03 [ 3.1093e-55 3.6330e-26 5.5249e-13 1.9773e-07 4.4104e-07 ] 9.9750e-01
 5.134e+01 2.5493e-03 [ 2.2557e-55 3.1715e-26 5.1513e-13 1.8794e-07 4.2257e-07 ] 9.9745e-01
 5.145e+01 2.6036e-03 [ 1.6362e-55 2.7677e-26 4.8024e-13 1.7860e-07 4.0482e-07 ] 9.9740e-01
 5.157e+01 2.6587e-03 [ 1.1866e-55 2.4146e-26 4.4768e-13 1.6969e-07 3.8776e-07 ] 9.9734e-01
 5.168e+01 2.7146e-03 [ 8.6038e-56 2.1059e-26 4.1729e-13 1.6119e-07 3.7136e-07 ] 9.9729e-01
 5.179e+01 2.7715e-03 [ 6.2372e-56 1.8360e-26 3.8893e-13 1.5310e-07 3.5560e-07 ] 9.9723e-01
 5.191e+01 2.8292e-03 [ 4.5208e-56 1.6003e-26 3.6247e-13 1.4538e-07 3.4046e-07 ] 9.9717e-01
 5.202e+01 2.8879e-03 [ 3.2760e-56 1.3943e-26 3.3778e-13 1.3802e-07 3.2592e-07 ] 9.9711e-01
 5.213e+01 2.9474e-03 [ 2.3736e-56 1.2145e-26 3.1475e-13 1.3101e-07 3.1195e-07 ] 9.9705e-01
 5.225e+01 3.0078e-03 [ 1.7194e-56 1.0575e-26 2.9327e-13 1.2433e-07 2.9853e-07 ] 9.9699e-01
 5.236e+01 3.0692e-03 [ 1.2453e-56 9.2050e-27 2.7324e-13 1.1797e-07 2.8564e-07 ] 9.9693e-01
 5.247e+01 3.1315e-03 [ 9.0171e-57 8.0100e-27 2.5456e-13 1.1191e-07 2.7327e-07 ] 9.9687e-01
 5.259e+01 3.1947e-03 [ 6.5281e-57 6.9678e-27 2.3715e-13 1.0614e-07 2.6139e-07 ] 9.9681e-01
 5.270e+01 3.2589e-03 [ 4.7252e-57 6.0592e-27 2.2091e-13 1.0065e-07 2.4999e-07 ] 9.9674e-01
 5.281e+01 3.3240e-03 [ 3.4196e-57 5.2674e-27 2.0578e-13 9.5417e-08 2.3904e-07 ] 9.9668e-01
 5.293e+01 3.3900e-03 [ 2.4742e-57 4.5776e-27 1.9167e-13 9.0439e-08 2.2854e-07 ] 9.9661e-01
 5.304e+01 3.4570e-03 [ 1.7898e-57 3.9768e-27 1.7853e-13 8.5703e-08 2.1846e-07 ] 9.9654e-01
 5.315e+01 3.5249e-03 [ 1.2945e-57 3.4537e-27 1.6628e-13 8.1197e-08 2.0879e-07 ] 9.9648e-01
 5.327e+01 3.5939e-03 [ 9.3609e-58 2.9984e-27 1.5487e-13 7.6911e-08 1.9951e-07 ] 9.9641e-01
 5.338e+01 3.6638e-03 [ 6.7677e-58 2.6023e-27 1.4424e-13 7.2834e-08 1.9062e-07 ] 9.9634e-01
 5.349e+01 3.7346e-03 [ 4.8919e-58 2.2577e-27 1.3434e-13 6.8958e-08 1.8208e-07 ] 9.9627e-01
 5.361e+01 3.8065e-03 [ 3.5353e-58 1.9582e-27 1.2512e-13 6.5273e-08 1.7390e-07 ] 9.9619e-01
 5.372e+01 3.8794e-03 [ 2.5544e-58 1.6978e-27 1.1653e-13 6.1770e-08 1.6606e-07 ] 9.9612e-01
 5.383e+01 3.9533e-03 [ 1.8453e-58 1.4716e-27 1.0853e-13 5.8442e-08 1.5854e-07 ] 9.9605e-01
 5.395e+01 4.0282e-03 [ 1.3328e-58 1.2751e-27 1.0109e-13 5.5279e-08 1.5133e-07 ] 9.9597e-01
 5.406e+01 4.1041e-03 [ 9.6240e-59 1.1044e-27 9.4159e-14 5.2275e-08 1.4443e-07 ] 9.9590e-01
 5.417e+01 4.1811e-03 [ 6.9482e-59 9.5631e-28 8.7707e-14 4.9422e-08 1.3781e-07 ] 9.9582e-01
 5.429e+01 4.2591e-03 [ 5.0153e-59 8.2779e-28 8.1702e-14 4.6713e-08 1.3147e-07 ] 9.9574e-01
 5.440e+01 4.3382e-03 [ 3.6194e-59 7.1630e-28 7.6113e-14 4.4141e-08 1.2540e-07 ] 9.9566e-01
 5.451e+01 4.4184e-03 [ 2.6115e-59 6.1963e-28 7.0912e-14 4.1700e-08 1.1958e-07 ] 9.9558e-01
 5.463e+01 4.4996e-03 [ 1.8838e-59 5.3583e-28 6.6072e-14 3.9383e-08 1.1401e-07 ] 9.9550e-01
 5.474e+01 4.5820e-03 [ 1.3587e-59 4.6321e-28 6.1568e-14 3.7186e-08 1.0868e-07 ] 9.9542e-01
 5.485e+01 4.6655e-03 [ 9.7971e-60 4.0030e-28 5.7378e-14 3.5102e-08 1.0357e-07 ] 9.9533e-01
 5.497e+01 4.7501e-03 [ 7.0630e-60 3.4582e-28 5.3480e-14 3.3125e-08 9.8688e-08 ] 9.9525e-01
 5.508e+01 4.8359e-03 [ 5.0909e-60 2.9866e-28 4.9853e-14 3.1252e-08 9.4013e-08 ] 9.9516e-01
 5.519e+01 4.9229e-03 [ 3.6687e-60 2.5785e-28 4.6480e-14 2.9476e-08 8.9540e-08 ] 9.9508e-01
 5.531e+01 5.0111e-03 [ 2.6432e-60 2.2254e-28 4.3342e-14 2.7793e-08 8.5261e-08 ] 9.9499e-01
 5.542e+01 5.1005e-03 [ 1.9040e-60 1.9200e-28 4.0423e-14 2.6199e-08 8.1168e-08 ] 9.9490e-01
 5.553e+01 5.1912e-03 [ 1.3713e-60 1.6561e-28 3.7709e-14 2.4689e-08 7.7254e-08 ] 9.9481e-01
 5.565e+01 5.2831e-03 [ 9.8737e-61 1.4279e-28 3.5184e-14 2.3259e-08 7.3512e-08 ] 9.9472e-01
 5.576e+01 5.3764e-03 [ 7.1080e-61 1.2308e-28 3.2835e-14 2.1906e-08 6.9935e-08 ] 9.9462e-01
 5.587e+01 5.4710e-03 [ 5.1159e-61 1.0606e-28 3.0651e-14 2.0626e-08 6.6516e-08 ] 9.9453e-01
 5.599e+01 5.5670e-03 [ 3.6814e-61 9.1357e-29 2.8620e-14 1.9414e-08 6.3249e-08 ] 9.9443e-01
 5.610e+01 5.6645e-03 [ 2.6486e-61 7.8671e-29 2.6731e-14 1.8268e-08 6.0127e-08 ] 9.9434e-01
 5.621e+01 5.7634e-03 [ 1.9051e-61 6.7725e-29 2.4974e-14 1.7184e-08 5.7146e-08 ] 9.9424e-01
 5.633e+01 5.8639e-03 [ 1.3701e-61 5.8284e-29 2.3340e-14 1.6160e-08 5.4298e-08 ] 9.9414e-01
 5.644e+01 5.9660e-03 [ 9.8507e-62 5.0143e-29 2.1820e-14 1.5192e-08 5.1579e-08 ] 9.9403e-01
 5.655e+01 6.0697e-03 [ 7.0812e-62 4.3125e-29 2.0407e-14 1.4277e-08 4.8984e-08 ] 9.9393e-01
 5.667e+01 6.1751e-03 [ 5.0893e-62 3.7079e-29 1.9092e-14 1.3414e-08 4.6507e-08 ] 9.9382e-01
 5.678e+01 6.2823e-03 [ 3.6569e-62 3.1870e-29 1.7869e-14 1.2598e-08 4.4143e-08 ] 9.9372e-01
 5.689e+01 6.3913e-03 [ 2.6271e-62 2.7384e-29 1.6731e-14 1.1828e-08 4.1888e-08 ] 9.9361e-01
 5.701e+01 6.5024e-03 [ 1.8870e-62 2.3523e-29 1.5673e-14 1.1102e-08 3.9737e-08 ] 9.9350e-01
 5.712e+01 6.6154e-03 [ 1.3550e-62 2.0200e-29 1.4688e-14 1.0417e-08 3.7686e-08 ] 9.9338e-01
 5.723e+01 6.7306e-03 [ 9.7286e-63 1.7341e-29 1.3772e-14 9.7707e-09 3.5730e-08 ] 9.9327e-01
 5.735e+01 6.8481e-03 [ 6.9833e-63 1.4882e-29 1.2919e-14 9.1616e-09 3.3867e-08 ] 9.9315e-01
 5.746e+01 6.9680e-03 [ 5.0117e-63 1.2768e-29 1.2125e-14 8.5877e-09 3.2091e-08 ] 9.9303e-01
 5.757e+01 7.0903e-03 [ 3.5959e-63 1.0951e-29 1.1386e-14 8.0470e-09 3.0399e-08 ] 9.9291e-01
 5.769e+01 7.2154e-03 [ 2.5796e-63 9.3901e-30 1.0698e-14 7.5379e-09 2.8787e-08 ] 9.9278e-01
 5.780e+01 7.3433e-03 [ 1.8502e-63 8.0490e-30 1.0057e-14 7.0586e-09 2.7253e-08 ] 9.9266e-01
 5.791e+01 7.4742e-03 [ 1.3267e-63 6.8975e-30 9.4608e-15 6.6075e-09 2.5792e-08 ] 9.9253e-01
 5.803e+01 7.6083e-03 [ 9.5115e-64 5.9090e-30 8.9050e-15 6.1833e-09 2.4402e-08 ] 9.9239e-01
 5.814e+01 7.7458e-03 [ 6.8176e-64 5.0607e-30 8.3872e-15 5.7843e-09 2.3080e-08 ] 9.9225e-01
 5.825e+01 7.8870e-03 [ 4.8857e-64 4.3329e-30 7.9046e-15 5.4093e-09 2.1822e-08 ] 9.9211e-01
 5.837e+01 8.0321e-03 [ 3.5006e-64 3.7087e-30 7.4547e-15 5.0570e-09 2.0626e-08 ] 9.9197e-01
 5.848e+01 8.1813e-03 [ 2.5076e-64 3.1736e-30 7.0352e-15 4.7260e-09 1.9489e-08 ] 9.9182e-01
 5.859e+01 8.3352e-03 [ 1.7959e-64 2.7149e-30 6.6439e-15 4.4153e-09 1.8409e-08 ] 9.9166e-01
 5.871e+01 8.4938e-03 [ 1.2860e-64 2.3218e-30 6.2789e-15 4.1237e-09 1.7382e-08 ] 9.9151e-01
 5.882e+01 8.6577e-03 [ 9.2064e-65 1.9851e-30 5.9382e-15 3.8502e-09 1.6407e-08 ] 9.9134e-01
 5.893e+01 8.8273e-03 [ 6.5895e-65 1.6968e-30 5.6202e-15 3.5936e-09 1.5482e-08 ] 9.9117e-01
 5.905e+01 9.0029e-03 [ 4.7156e-65 1.4499e-30 5.3232e-15 3.3532e-09 1.4604e-08 ] 9.9100e-01
 5.916e+01 9.1851e-03 [ 3.3738e-65 1.2387e-30 5.0457e-15 3.1279e-09 1.3770e-08 ] 9.9081e-01
 5.927e+01 9.3746e-03 [ 2.4134e-65 1.0579e-30 4.7864e-15 2.9170e-09 1.2980e-08 ] 9.9063e-01
 5.939e+01 9.5717e-03 [ 1.7260e-65 9.0325e-31 4.5440e-15 2.7195e-09 1.2230e-08 ] 9.9043e-01
 5.950e+01 9.7773e-03 [ 1.2342e-65 7.7102e-31 4.3172e-15 2.5347e-09 1.1520e-08 ] 9.9022e-01
 5.961e+01 9.9921e-03 [ 8.8229e-66 6.5797e-31 4.1051e-15 2.3618e-09 1.0847e-08 ] 9.9001e-01
 5.973e+01 1.0217e-02 [ 6.3062e-66 5.6136e-31 3.9065e-15 2.2003e-09 1.0210e-08 ] 9.8978e-01
 5.984e+01 1.0453e-02 [ 4.5064e-66 4.7880e-31 3.7206e-15 2.0493e-09 9.6070e-09 ] 9.8955e-01
 5.995e+01 1.0700e-02 [ 3.2196e-66 4.0829e-31 3.5463e-15 1.9083e-09 9.0362e-09 ] 9.8930e-01
 6.007e+01 1.0961e-02 [ 2.2998e-66 3.4807e-31 3.3830e-15 1.7766e-09 8.4962e-09 ] 9.8904e-01
 6.018e+01 1.1235e-02 [ 1.6425e-66 2.9666e-31 3.2299e-15 1.6538e-09 7.9857e-09 ] 9.8876e-01
 6.029e+01 1.1526e-02 [ 1.1728e-66 2.5278e-31 3.0862e-15 1.5392e-09 7.5031e-09 ] 9.8847e-01
 6.041e+01 1.1833e-02 [ 8.3721e-67 2.1534e-31 2.9514e-15 1.4324e-09 7.0473e-09 ] 9.8817e-01
 6.052e+01 1.2159e-02 [ 5.9755e-67 1.8340e-31 2.8247e-15 1.3329e-09 6.6169e-09 ] 9.8784e-01
 6.063e+01 1.2506e-02 [ 4.2640e-67 1.5616e-31 2.7058e-15 1.2402e-09 6.2106e-09 ] 9.8749e-01
 6.075e+01 1.2875e-02 [ 3.0422e-67 1.3293e-31 2.5939e-15 1.1539e-09 5.8273e-09 ] 9.8713e-01
 6.086e+01 1.3269e-02 [ 2.1700e-67 1.1313e-31 2.4888e-15 1.0736e-09 5.4659e-09 ] 9.8673e-01
 6.097e+01 1.3690e-02 [ 1.5475e-67 9.6262e-32 2.3898e-15 9.9892e-10 5.1253e-09 ] 9.8631e-01
 6.109e+01 1.4141e-02 [ 1.1034e-67 8.1888e-32 2.2967e-15 9.2952e-10 4.8044e-09 ] 9.8586e-01
 6.120e+01 1.4625e-02 [ 7.8655e-68 6.9644e-32 2.2091e-15 8.6504e-10 4.5022e-09 ] 9.8537e-01
 6.131e+01 1.5146e-02 [ 5.6058e-68 5.9217e-32 2.1265e-15 8.0517e-10 4.2179e-09 ] 9.8485e-01
 6.143e+01 1.5707e-02 [ 3.9944e-68 5.0340e-32 2.0487e-15 7.4959e-10 3.9504e-09 ] 9.8429e-01
 6.154e+01 1.6312e-02 [ 2.8457e-68 4.2784e-32 1.9754e-15 6.9804e-10 3.6990e-09 ] 9.8369e-01
 6.165e+01 1.6967e-02 [ 2.0268e-68 3.6354e-32 1.9062e-15 6.5024e-10 3.4628e-09 ] 9.8303e-01
 6.177e+01 1.7676e-02 [ 1.4433e-68 3.0884e-32 1.8411e-15 6.0594e-10 3.2410e-09 ] 9.8232e-01
 6.188e+01 1.8445e-02 [ 1.0275e-68 2.6231e-32 1.7796e-15 5.6491e-10 3.0328e-09 ] 9.8155e-01
 6.199e+01 1.9281e-02 [ 7.3138e-69 2.2274e-32 1.7216e-15 5.2692e-10 2.8376e-09 ] 9.8072e-01
 6.211e+01 2.0190e-02 [ 5.2047e-69 1.8910e-32 1.6670e-15 4.9177e-10 2.6545e-09 ] 9.7981e-01
 6.222e+01 2.1182e-02 [ 3.7029e-69 1.6050e-32 1.6154e-15 4.5927e-10 2.4831e-09 ] 9.7882e-01
 6.233e+01 2.2264e-02 [ 2.6338e-69 1.3620e-32 1.5668e-15 4.2922e-10 2.3225e-09 ] 9.7774e-01
 6.245e+01 2.3446e-02 [ 1.8730e-69 1.1555e-32 1.5211e-15 4.0146e-10 2.1723e-09 ] 9.7655e-01
 6.256e+01 2.4740e-02 [ 1.3316e-69 9.8012e-33 1.4780e-15 3.7583e-10 2.0319e-09 ] 9.7526e-01
 6.267e+01 2.6157e-02 [ 9.4645e-70 8.3115e-33 1.4375e-15 3.5217e-10 1.9007e-09 ] 9.7384e-01
 6.279e+01 2.7712e-02 [ 6.7254e-70 7.0466e-33 1.3994e-15 3.3036e-10 1.7781e-09 ] 9.7229e-01
 6.290e+01 2.9419e-02 [ 4.7777e-70 5.9728e-33 1.3638e-15 3.1025e-10 1.6637e-09 ] 9.7058e-01
 6.301e+01 3.1294e-02 [ 3.3932e-70 5.0614e-33 1.3303e-15 2.9173e-10 1.5571e-09 ] 9.6871e-01
 6.313e+01 3.3358e-02 [ 2.4092e-70 4.2880e-33 1.2991e-15 2.7469e-10 1.4577e-09 ] 9.6664e-01
 6.324e+01 3.5629e-02 [ 1.7101e-70 3.6318e-33 1.2700e-15 2.5901e-10 1.3651e-09 ] 9.6437e-01
 6.335e+01 3.8130e-02 [ 1.2134e-70 3.0752e-33 1.2431e-15 2.4461e-10 1.2790e-09 ] 9.6187e-01
 6.347e+01 4.0887e-02 [ 8.6078e-71 2.6032e-33 1.2181e-15 2.3138e-10 1.1989e-09 ] 9.5911e-01
 6.358e+01 4.3926e-02 [ 6.1041e-71 2.2030e-33 1.1952e-15 2.1925e-10 1.1245e-09 ] 9.5607e-01
 6.369e+01 4.7278e-02 [ 4.3272e-71 1.8638e-33 1.1743e-15 2.0814e-10 1.0553e-09 ] 9.5272e-01
 6.381e+01 5.0975e-02 [ 3.0664e-71 1.5762e-33 1.1554e-15 1.9797e-10 9.9122e-10 ] 9.4902e-01
 6.392e+01 5.5054e-02 [ 2.1722e-71 1.3326e-33 1.1384e-15 1.8868e-10 9.3177e-10 ] 9.4495e-01
 6.403e+01 5.9551e-02 [ 1.5381e-71 1.1263e-33 1.1235e-15 1.8020e-10 8.7670e-10 ] 9.4045e-01
 6.415e+01 6.4510e-02 [ 1.0886e-71 9.5148e-34 1.1105e-15 1.7248e-10 8.2571e-10 ] 9.3549e-01
 6.426e+01 6.9975e-02 [ 7.7016e-72 8.0349e-34 1.0995e-15 1.6547e-10 7.7855e-10 ] 9.3003e-01
 6.437e+01 7.5992e-02 [ 5.4460e-72 6.7821e-34 1.0905e-15 1.5911e-10 7.3496e-10 ] 9.2401e-01
 6.449e+01 8.2611e-02 [ 3.8490e-72 5.7219e-34 1.0836e-15 1.5336e-10 6.9470e-10 ] 9.1739e-01
 6.460e+01 8.9883e-02 [ 2.7188e-72 4.8249e-34 1.0787e-15 1.4817e-10 6.5753e-10 ] 9.1012e-01
 6.471e+01 9.7860e-02 [ 1.9193e-72 4.0662e-34 1.0759e-15 1.4351e-10 6.2324e-10 ] 9.0214e-01
 6.483e+01 1.0660e-01 [ 1.3540e-72 3.4247e-34 1.0751e-15 1.3934e-10 5.9162e-10 ] 8.9340e-01
 6.494e+01 1.1614e-01 [ 9.5460e-73 2.8824e-34 1.0765e-15 1.3561e-10 5.6247e-10 ] 8.8386e-01
 6.505e+01 1.2654e-01 [ 6.7248e-73 2.4242e-34 1.0798e-15 1.3230e-10 5.3562e-10 ] 8.7346e-01
 6.517e+01 1.3784e-01 [ 4.7335e-73 2.0372e-34 1.0852e-15 1.2937e-10 5.1086e-10 ] 8.6216e-01
 6.528e+01 1.5008e-01 [ 3.3289e-73 1.7105e-34 1.0924e-15 1.2678e-10 4.8804e-10 ] 8.4992e-01
 6.539e+01 1.6327e-01 [ 2.3388e-73 1.4347e-34 1.1015e-15 1.2450e-10 4.6699e-10 ] 8.3673e-01
 6.551e+01 1.7744e-01 [ 1.6415e-73 1.2021e-34 1.1123e-15 1.2250e-10 4.4755e-10 ] 8.2256e-01
 6.562e+01 1.9256e-01 [ 1.1507e-73 1.0060e-34 1.1246e-15 1.2074e-10 4.2956e-10 ] 8.0744e-01
 6.573e+01 2.0862e-01 [ 8.0566e-74 8.4078e-35 1.1381e-15 1.1919e-10 4.1288e-10 ] 7.9138e-01
 6.585e+01 2.2556e-01 [ 5.6331e-74 7.0169e-35 1.1525e-15 1.1779e-10 3.9737e-10 ] 7.7444e-01
 6.596e+01 2.4329e-01 [ 3.9327e-74 5.8467e-35 1.1675e-15 1.1653e-10 3.8289e-10 ] 7.5671e-01
 6.607e+01 2.6170e-01 [ 2.7412e-74 4.8632e-35 1.1825e-15 1.1534e-10 3.6931e-10 ] 7.3830e-01
 6.619e+01 2.8062e-01 [ 1.9073e-74 4.0374e-35 1.1972e-15 1.1420e-10 3.5651e-10 ] 7.1938e-01
 6.630e+01 2.9986e-01 [ 1.3246e-74 3.3449e-35 1.2109e-15 1.1306e-10 3.4438e-10 ] 7.0014e-01
 6.641e+01 3.1920e-01 [ 9.1801e-75 2.7649e-35 1.2230e-15 1.1187e-10 3.3280e-10 ] 6.8080e-01
 6.653e+01 3.3838e-01 [ 6.3485e-75 2.2799e-35 1.2330e-15 1.1060e-10 3.2167e-10 ] 6.6162e-01
 6.664e+01 3.5709e-01 [ 4.3800e-75 1.8750e-35 1.2400e-15 1.0921e-10 3.1091e-10 ] 6.4291e-01
 6.675e+01 3.7502e-01 [ 3.0144e-75 1.5377e-35 1.2436e-15 1.0765e-10 3.0043e-10 ] 6.2498e-01
 6.687e+01 3.9184e-01 [ 2.0692e-75 1.2573e-35 1.2430e-15 1.0591e-10 2.9017e-10 ] 6.0816e-01
 6.698e+01 4.0722e-01 [ 1.4164e-75 1.0248e-35 1.2377e-15 1.0394e-10 2.8006e-10 ] 5.9278e-01
 6.709e+01 4.2083e-01 [ 9.6678e-76 8.3245e-36 1.2274e-15 1.0173e-10 2.7007e-10 ] 5.7917e-01
 6.721e+01 4.3237e-01 [ 6.5792e-76 6.7387e-36 1.2117e-15 9.9276e-11 2.6016e-10 ] 5.6763e-01
 6.732e+01 4.4159e-01 [ 4.4634e-76 5.4352e-36 1.1903e-15 9.6561e-11 2.5030e-10 ] 5.5841e-01
 6.743e+01 4.4825e-01 [ 3.0184e-76 4.3674e-36 1.1633e-15 9.3590e-11 2.4048e-10 ] 5.5175e-01
 6.755e+01 4.5221e-01 [ 2.0346e-76 3.4959e-36 1.1307e-15 9.0374e-11 2.3069e-10 ] 5.4779e-01
 6.766e+01 4.5336e-01 [ 1.3669e-76 2.7872e-36 1.0929e-15 8.6929e-11 2.2093e-10 ] 5.4664e-01
 6.777e+01 4.5167e-01 [ 9.1525e-77 2.2132e-36 1.0503e-15 8.3279e-11 2.1122e-10 ] 5.4833e-01
 6.789e+01 4.4718e-01 [ 6.1074e-77 1.7503e-36 1.0034e-15 7.9452e-11 2.0157e-10 ] 5.5282e-01
 6.800e+01 4.4001e-01 [ 4.0616e-77 1.3784e-36 9.5289e-16 7.5482e-11 1.9199e-10 ] 5.5999e-01
 6.811e+01 4.3032e-01 [ 2.6918e-77 1.0811e-36 8.9952e-16 7.1405e-11 1.8251e-10 ] 5.6968e-01
 6.823e+01 4.1833e-01 [ 1.7779e-77 8.4436e-37 8.4410e-16 6.7261e-11 1.7315e-10 ] 5.8167e-01
 6.834e+01 4.0432e-01 [ 1.1704e-77 6.5673e-37 7.8743e-16 6.3089e-11 1.6395e-10 ] 5.9568e-01
 6.845e+01 3.8859e-01 [ 7.6785e-78 5.0871e-37 7.3033e-16 5.8930e-11 1.5493e-10 ] 6.1141e-01
 6.857e+01 3.7147e-01 [ 5.0213e-78 3.9245e-37 6.7355e-16 5.4820e-11 1.4612e-10 ] 6.2853e-01
 6.868e+01 3.5329e-01 [ 3.2731e-78 3.0156e-37 6.1781e-16 5.0794e-11 1.3756e-10 ] 6.4671e-01
 6.879e+01 3.3438e-01 [ 2.1270e-78 2.3083e-37 5.6371e-16 4.6885e-11 1.2926e-10 ] 6.6562e-01
 6.891e+01 3.1505e-01 [ 1.3781e-78 1.7603e-37 5.1178e-16 4.3119e-11 1.2126e-10 ] 6.8495e-01
 6.902e+01 2.9560e-01 [ 8.9031e-79 1.3375e-37 4.6243e-16 3.9519e-11 1.1356e-10 ] 7.0440e-01
 6.913e+01 2.7627e-01 [ 5.7361e-79 1.0128e-37 4.1597e-16 3.6100e-11 1.0620e-10 ] 7.2373e-01
 6.925e+01 2.5731e-01 [ 3.6860e-79 7.6438e-38 3.7261e-16 3.2877e-11 9.9172e-11 ] 7.4269e-01
 6.936e+01 2.3889e-01 [ 2.3628e-79 5.7509e-38 3.3247e-16 2.9855e-11 9.2493e-11 ] 7.6111e-01
 6.947e+01 2.2116e-01 [ 1.5111e-79 4.3139e-38 2.9557e-16 2.7040e-11 8.6165e-11 ] 7.7884e-01
 6.959e+01 2.0423e-01 [ 9.6427e-80 3.2269e-38 2.6188e-16 2.4429e-11 8.0184e-11 ] 7.9577e-01
 6.970e+01 1.8820e-01 [ 6.1406e-80 2.4074e-38 2.3132e-16 2.2021e-11 7.4547e-11 ] 8.1180e-01
 6.981e+01 1.7310e-01 [ 3.9028e-80 1.7916e-38 2.0374e-16 1.9808e-11 6.9244e-11 ] 8.2690e-01
 6.993e+01 1.5897e-01 [ 2.4760e-80 1.3301e-38 1.7897e-16 1.7782e-11 6.4265e-11 ] 8.4103e-01
 7.004e+01 1.4581e-01 [ 1.5681e-80 9.8540e-39 1.5683e-16 1.5934e-11 5.9597e-11 ] 8.5419e-01
 7.015e+01 1.3360e-01 [ 9.9148e-81 7.2850e-39 1.3713e-16 1.4254e-11 5.5226e-11 ] 8.6640e-01
 7.027e+01 1.2232e-01 [ 6.2593e-81 5.3751e-39 1.1964e-16 1.2730e-11 5.1136e-11 ] 8.7768e-01
 7.038e+01 1.1194e-01 [ 3.9457e-81 3.9586e-39 1.0419e-16 1.1352e-11 4.7312e-11 ] 8.8806e-01
 7.049e+01 1.0240e-01 [ 2.4838e-81 2.9103e-39 9.0561e-17 1.0107e-11 4.3736e-11 ] 8.9760e-01
 7.061e+01 9.3664e-02 [ 1.5613e-81 2.1359e-39 7.8577e-17 8.9844e-12 4.0394e-11 ] 9.0634e-01
 7.072e+01 8.5673e-02 [ 9.8013e-82 1.5650e-39 6.8063e-17 7.9745e-12 3.7270e-11 ] 9.1433e-01
 7.083e+01 7.8376e-02 [ 6.1446e-82 1.1448e-39 5.8856e-17 7.0669e-12 3.4348e-11 ] 9.2162e-01
 7.095e+01 7.1720e-02 [ 3.8469e-82 8.3615e-40 5.0808e-17 6.2520e-12 3.1614e-11 ] 9.2828e-01
 7.106e+01 6.5653e-02 [ 2.4051e-82 6.0973e-40 4.3784e-17 5.5212e-12 2.9055e-11 ] 9.3435e-01
 7.117e+01 6.0125e-02 [ 1.5016e-82 4.4391e-40 3.7663e-17 4.8664e-12 2.6657e-11 ] 9.3988e-01
 7.129e+01 5.5088e-02 [ 9.3608e-83 3.2265e-40 3.2335e-17 4.2801e-12 2.4409e-11 ] 9.4491e-01
 7.140e+01 5.0496e-02 [ 5.8264e-83 2.3411e-40 2.7702e-17 3.7555e-12 2.2300e-11 ] 9.4950e-01
 7.151e+01 4.6307e-02 [ 3.6204e-83 1.6956e-40 2.3678e-17 3.2865e-12 2.0320e-11 ] 9.5369e-01
 7.163e+01 4.2482e-02 [ 2.2455e-83 1.2257e-40 2.0187e-17 2.8674e-12 1.8461e-11 ] 9.5752e-01
 7.174e+01 3.8982e-02 [ 1.3900e-83 8.8416e-41 1.7160e-17 2.4932e-12 1.6713e-11 ] 9.6102e-01
 7.185e+01 3.5774e-02 [ 8.5852e-84 6.3631e-41 1.4538e-17 2.1594e-12 1.5070e-11 ] 9.6423e-01
 7.197e+01 3.2826e-02 [ 5.2894e-84 4.5676e-41 1.2269e-17 1.8619e-12 1.3525e-11 ] 9.6717e-01
 7.208e+01 3.0108e-02 [ 3.2496e-84 3.2692e-41 1.0308e-17 1.5970e-12 1.2073e-11 ] 9.6989e-01
 7.219e+01 2.7593e-02 [ 1.9900e-84 2.3320e-41 8.6143e-18 1.3615e-12 1.0709e-11 ] 9.7241e-01
 7.231e+01 2.5256e-02 [ 1.2141e-84 1.6571e-41 7.1541e-18 1.1525e-12 9.4300e-12 ] 9.7474e-01
 7.242e+01 2.3073e-02 [ 7.3754e-85 1.1721e-41 5.8971e-18 9.6741e-13 8.2317e-12 ] 9.7693e-01
 7.253e+01 2.1021e-02 [ 4.4572e-85 8.2458e-42 4.8172e-18 8.0392e-13 7.1121e-12 ] 9.7898e-01
 7.265e+01 1.9082e-02 [ 2.6771e-85 5.7620e-42 3.8920e-18 6.6005e-13 6.0697e-12 ] 9.8092e-01
 7.276e+01 1.7234e-02 [ 1.5959e-85 3.9928e-42 3.1021e-18 5.3401e-13 5.1035e-12 ] 9.8277e-01
 7.287e+01 1.5460e-02 [ 9.4246e-86 2.7373e-42 2.4308e-18 4.2425e-13 4.2133e-12 ] 9.8454e-01
 7.299e+01 1.3743e-02 [ 5.4998e-86 1.8502e-42 1.8640e-18 3.2941e-13 3.3999e-12 ] 9.8626e-01
 7.310e+01 1.2064e-02 [ 3.1591e-86 1.2267e-42 1.3896e-18 2.4833e-13 2.6645e-12 ] 9.8794e-01
 7.321e+01 1.0407e-02 [ 1.7752e-86 7.9127e-43 9.9740e-19 1.8000e-13 2.0093e-12 ] 9.8959e-01
 7.333e+01 8.7560e-03 [ 9.6577e-87 4.9005e-43 6.7900e-19 1.2357e-13 1.4375e-12 ] 9.9124e-01
 7.344e+01 7.0955e-03 [ 4.9878e-87 2.8462e-43 4.2748e-19 7.8338e-14 9.5279e-13 ] 9.9290e-01
 7.355e+01 5.4039e-03 [ 2.3480e-87 1.4812e-43 2.3739e-19 4.3739e-14 5.6021e-13 ] 9.9460e-01
 7.367e+01 3.6738e-03 [ 9.1228e-88 6.2187e-44 1.0453e-19 1.9336e-14 2.6563e-13 ] 9.9633e-01
 7.378e+01 1.7280e-03 [ 2.0969e-88 1.5016e-44 2.5987e-20 4.8184e-15 7.6111e-14 ] 9.9827e-01
 7.389e+01 0.0000e+00 [ 0.0000e+00 0.0000e+00 0.0000e+00 0.0000e+00 0.0000e+00 ] 1.0000e+00
