 0.000e+00 0.0000e+00 [ 0.0000e+00 0.0000e+00 0.0000e+00 0.0000e+00 0.0000e+00 ] 1.0000e+00
 1.133e-01 1.8289e-03 [ 1.8198e-03 2.8799e-06 2.4896e-09 5.9215e-07 2.3028e-06 ] 9.9817e-01
 2.267e-01 3.5210e-03 [ 3.4942e-03 3.1640e-06 9.9569e-09 2.3686e-06 9.0278e-06 ] 9.9648e-01
 3.400e-01 4.9642e-03 [ 4.8953e-03 1.7228e-05 2.2548e-08 5.3289e-06 1.9905e-05 ] 9.9504e-01
 4.533e-01 6.2349e-03 [ 6.1203e-03 2.4584e-05 4.0259e-08 9.4723e-06 3.4677e-05 ] 9.9377e-01
 5.667e-01 7.3533e-03 [ 7.1757e-03 3.9758e-05 6.3435e-08 1.4797e-05 5.3100e-05 ] 9.9265e-01
 6.800e-01 8.3409e-03 [ 8.0878e-03 5.8225e-05 9.2126e-08 2.1300e-05 7.4943e-05 ] 9.9166e-01
 7.933e-01 9.2149e-03 [ 8.8748e-03 7.9378e-05 1.2675e-07 2.8979e-05 9.9985e-05 ] 9.9079e-01
 9.067e-01 9.9904e-03 [ 9.5515e-03 1.0417e-04 1.6753e-07 3.7828e-05 1.2802e-04 ] 9.9001e-01
 1.020e+00 1.0681e-02 [ 1.0131e-02 1.3278e-04 2.1490e-07 4.7841e-05 1.5884e-04 ] 9.8932e-01
 1.133e+00 1.1298e-02 [ 1.0626e-02 1.6517e-04 2.6926e-07 5.9013e-05 1.9226e-04 ] 9.8870e-01
 1.247e+00 1.1851e-02 [ 1.1047e-02 2.0143e-04 3.3112e-07 7.1335e-05 2.2810e-04 ] 9.8815e-01
 1.360e+00 1.2350e-02 [ 1.1402e-02 2.4173e-04 4.0100e-07 8.4798e-05 2.6620e-04 ] 9.8765e-01
 1.473e+00 1.2802e-02 [ 1.1700e-02 2.8623e-04 4.7953e-07 9.9394e-05 3.0639e-04 ] 9.8720e-01
 1.587e+00 1.3214e-02 [ 1.1947e-02 3.3506e-04 5.6736e-07 1.1511e-04 3.4851e-04 ] 9.8679e-01
 1.700e+00 1.3591e-02 [ 1.2149e-02 3.8838e-04 6.6524e-07 1.3194e-04 3.9243e-04 ] 9.8641e-01
 1.813e+00 1.3938e-02 [ 1.2311e-02 4.4634e-04 7.7399e-07 1.4987e-04 4.3801e-04 ] 9.8606e-01
 1.927e+00 1.4261e-02 [ 1.2438e-02 5.0909e-04 8.9448e-07 1.6889e-04 4.8513e-04 ] 9.8574e-01
 2.040e+00 1.4561e-02 [ 1.2533e-02 5.7679e-04 1.0277e-06 1.8898e-04 5.3366e-04 ] 9.8544e-01
 2.153e+00 1.4844e-02 [ 1.2600e-02 6.4960e-04 1.1747e-06 2.1014e-04 5.8350e-04 ] 9.8516e-01
 2.267e+00 1.5111e-02 [ 1.2643e-02 7.2766e-04 1.3366e-06 2.3234e-04 6.3453e-04 ] 9.8489e-01
 2.380e+00 1.5365e-02 [ 1.2662e-02 8.1111e-04 1.5147e-06 2.5559e-04 6.8666e-04 ] 9.8464e-01
 2.493e+00 1.5608e-02 [ 1.2661e-02 9.0010e-04 1.7103e-06 2.7986e-04 7.3981e-04 ] 9.8439e-01
 2.607e+00 1.5843e-02 [ 1.2642e-02 9.9474e-04 1.9249e-06 3.0515e-04 7.9388e-04 ] 9.8416e-01
 2.720e+00 1.6069e-02 [ 1.2606e-02 1.0951e-03 2.1602e-06 3.3144e-04 8.4879e-04 ] 9.8393e-01
 2.833e+00 1.6290e-02 [ 1.2554e-02 1.2014e-03 2.4177e-06 3.5873e-04 9.0448e-04 ] 9.8371e-01
 2.947e+00 1.6506e-02 [ 1.2487e-02 1.3137e-03 2.6994e-06 3.8699e-04 9.6087e-04 ] 9.8349e-01
 3.060e+00 1.6717e-02 [ 1.2408e-02 1.4320e-03 3.0073e-06 4.1624e-04 1.0179e-03 ] 9.8328e-01
 3.173e+00 1.6926e-02 [ 1.2316e-02 1.5564e-03 3.3437e-06 4.4644e-04 1.0755e-03 ] 9.8307e-01
 3.287e+00 1.7132e-02 [ 1.2213e-02 1.6869e-03 3.7108e-06 4.7761e-04 1.1337e-03 ] 9.8287e-01
 3.400e+00 1.7337e-02 [ 1.2099e-02 1.8236e-03 4.1112e-06 5.0974e-04 1.1923e-03 ] 9.8266e-01
 3.513e+00 1.7540e-02 [ 1.1974e-02 1.9665e-03 4.5478e-06 5.4282e-04 1.2513e-03 ] 9.8246e-01
 3.627e+00 1.7743e-02 [ 1.1840e-02 2.1155e-03 5.0236e-06 5.7685e-04 1.3108e-03 ] 9.8226e-01
 3.740e+00 1.7945e-02 [ 1.1698e-02 2.2706e-03 5.5418e-06 6.1183e-04 1.3706e-03 ] 9.8205e-01
 3.853e+00 1.8147e-02 [ 1.1546e-02 2.4317e-03 6.1061e-06 6.4777e-04 1.4307e-03 ] 9.8185e-01
 3.967e+00 1.8350e-02 [ 1.1386e-02 2.5988e-03 6.7203e-06 6.8467e-04 1.4911e-03 ] 9.8165e-01
 4.080e+00 1.8554e-02 [ 1.1219e-02 2.7717e-03 7.3886e-06 7.2254e-04 1.5517e-03 ] 9.8145e-01
 4.193e+00 1.8758e-02 [ 1.1045e-02 2.9503e-03 8.1157e-06 7.6140e-04 1.6126e-03 ] 9.8124e-01
 4.307e+00 1.8963e-02 [ 1.0863e-02 3.1344e-03 8.9067e-06 8.0127e-04 1.6737e-03 ] 9.8104e-01
 4.420e+00 1.9170e-02 [ 1.0675e-02 3.3239e-03 9.7671e-06 8.4215e-04 1.7349e-03 ] 9.8083e-01
 4.533e+00 1.9379e-02 [ 1.0481e-02 3.5186e-03 1.0703e-05 8.8409e-04 1.7963e-03 ] 9.8062e-01
 4.647e+00 1.9589e-02 [ 1.0281e-02 3.7182e-03 1.1721e-05 9.2710e-04 1.8578e-03 ] 9.8041e-01
 4.760e+00 1.9800e-02 [ 1.0076e-02 3.9224e-03 1.2828e-05 9.7122e-04 1.9194e-03 ] 9.8020e-01
 4.873e+00 2.0014e-02 [ 9.8658e-03 4.1311e-03 1.4033e-05 1.0165e-03 1.9812e-03 ] 9.7999e-01
 4.987e+00 2.0230e-02 [ 9.6510e-03 4.3439e-03 1.5344e-05 1.0630e-03 2.0429e-03 ] 9.7977e-01
 5.100e+00 2.0449e-02 [ 9.4320e-03 4.5604e-03 1.6772e-05 1.1107e-03 2.1048e-03 ] 9.7955e-01
 5.213e+00 2.0670e-02 [ 9.2092e-03 4.7805e-03 1.8327e-05 1.1598e-03 2.1667e-03 ] 9.7933e-01
 5.327e+00 2.0893e-02 [ 8.9829e-03 5.0037e-03 2.0022e-05 1.2102e-03 2.2286e-03 ] 9.7911e-01
 5.440e+00 2.1120e-02 [ 8.7537e-03 5.2296e-03 2.1870e-05 1.2622e-03 2.2905e-03 ] 9.7888e-01
 5.553e+00 2.1350e-02 [ 8.5218e-03 5.4580e-03 2.3887e-05 1.3157e-03 2.3525e-03 ] 9.7865e-01
 5.667e+00 2.1583e-02 [ 8.2878e-03 5.6884e-03 2.6089e-05 1.3708e-03 2.4144e-03 ] 9.7842e-01
 5.780e+00 2.1821e-02 [ 8.0521e-03 5.9205e-03 2.8495e-05 1.4278e-03 2.4763e-03 ] 9.7818e-01
 5.893e+00 2.2062e-02 [ 7.8151e-03 6.1538e-03 3.1128e-05 1.4866e-03 2.5382e-03 ] 9.7794e-01
 6.007e+00 2.2307e-02 [ 7.5771e-03 6.3880e-03 3.4012e-05 1.5475e-03 2.6001e-03 ] 9.7769e-01
 6.120e+00 2.2557e-02 [ 7.3387e-03 6.6226e-03 3.7174e-05 1.6107e-03 2.6619e-03 ] 9.7744e-01
 6.233e+00 2.2813e-02 [ 7.1002e-03 6.8574e-03 4.0645e-05 1.6762e-03 2.7236e-03 ] 9.7719e-01
 6.347e+00 2.3074e-02 [ 6.8622e-03 7.0917e-03 4.4461e-05 1.7443e-03 2.7853e-03 ] 9.7693e-01
 6.460e+00 2.3341e-02 [ 6.6249e-03 7.3254e-03 4.8662e-05 1.8153e-03 2.8469e-03 ] 9.7666e-01
 6.573e+00 2.3616e-02 [ 6.3888e-03 7.5580e-03 5.3294e-05 1.8893e-03 2.9085e-03 ] 9.7638e-01
 6.687e+00 2.3897e-02 [ 6.1543e-03 7.7890e-03 5.8410e-05 1.9667e-03 2.9700e-03 ] 9.7610e-01
 6.800e+00 2.4187e-02 [ 5.9217e-03 8.0183e-03 6.4070e-05 2.0478e-03 3.0314e-03 ] 9.7581e-01
 6.913e+00 2.4486e-02 [ 5.6916e-03 8.2454e-03 7.0343e-05 2.1328e-03 3.0927e-03 ] 9.7551e-01
 7.027e+00 2.4795e-02 [ 5.4641e-03 8.4700e-03 7.7308e-05 2.2222e-03 3.1540e-03 ] 9.7521e-01
 7.140e+00 2.5115e-02 [ 5.2397e-03 8.6917e-03 8.5056e-05 2.3164e-03 3.2153e-03 ] 9.7489e-01
 7.253e+00 2.5447e-02 [ 5.0188e-03 8.9104e-03 9.3694e-05 2.4159e-03 3.2765e-03 ] 9.7455e-01
 7.367e+00 2.5793e-02 [ 4.8015e-03 9.1257e-03 1.0334e-04 2.5212e-03 3.3377e-03 ] 9.7421e-01
 7.480e+00 2.6154e-02 [ 4.5882e-03 9.3374e-03 1.1414e-04 2.6329e-03 3.3990e-03 ] 9.7385e-01
 7.593e+00 2.6533e-02 [ 4.3792e-03 9.5453e-03 1.2625e-04 2.7516e-03 3.4602e-03 ] 9.7347e-01
 7.707e+00 2.6930e-02 [ 4.1747e-03 9.7492e-03 1.3986e-04 2.8780e-03 3.5216e-03 ] 9.7307e-01
 7.820e+00 2.7348e-02 [ 3.9750e-03 9.9490e-03 1.5520e-04 3.0129e-03 3.5830e-03 ] 9.7265e-01
 7.933e+00 2.7789e-02 [ 3.7802e-03 1.0144e-02 1.7251e-04 3.1573e-03 3.6446e-03 ] 9.7221e-01
 8.047e+00 2.8257e-02 [ 3.5906e-03 1.0336e-02 1.9208e-04 3.3121e-03 3.7065e-03 ] 9.7174e-01
 8.160e+00 2.8754e-02 [ 3.4064e-03 1.0522e-02 2.1428e-04 3.4784e-03 3.7686e-03 ] 9.7125e-01
 8.273e+00 2.9285e-02 [ 3.2276e-03 1.0705e-02 2.3948e-04 3.6575e-03 3.8311e-03 ] 9.7072e-01
 8.387e+00 2.9852e-02 [ 3.0544e-03 1.0883e-02 2.6817e-04 3.8507e-03 3.8941e-03 ] 9.7015e-01
 8.500e+00 3.0461e-02 [ 2.8869e-03 1.1057e-02 3.0088e-04 4.0596e-03 3.9576e-03 ] 9.6954e-01
 8.613e+00 3.1117e-02 [ 2.7252e-03 1.1226e-02 3.3826e-04 4.2858e-03 4.0218e-03 ] 9.6888e-01
 8.727e+00 3.1825e-02 [ 2.5693e-03 1.1392e-02 3.8105e-04 4.5313e-03 4.0868e-03 ] 9.6818e-01
 8.840e+00 3.2592e-02 [ 2.4193e-03 1.1554e-02 4.3012e-04 4.7983e-03 4.1528e-03 ] 9.6741e-01
 8.953e+00 3.3426e-02 [ 2.2751e-03 1.1713e-02 4.8648e-04 5.0891e-03 4.2199e-03 ] 9.6657e-01
 9.067e+00 3.4335e-02 [ 2.1368e-03 1.1869e-02 5.5134e-04 5.4064e-03 4.2883e-03 ] 9.6566e-01
 9.180e+00 3.5329e-02 [ 2.0044e-03 1.2022e-02 6.2608e-04 5.7532e-03 4.3582e-03 ] 9.6467e-01
 9.293e+00 3.6419e-02 [ 1.8777e-03 1.2173e-02 7.1235e-04 6.1328e-03 4.4299e-03 ] 9.6358e-01
 9.407e+00 3.7616e-02 [ 1.7569e-03 1.2323e-02 8.1205e-04 6.5491e-03 4.5036e-03 ] 9.6238e-01
 9.520e+00 3.8936e-02 [ 1.6416e-03 1.2472e-02 9.2744e-04 7.0062e-03 4.5795e-03 ] 9.6106e-01
 9.633e+00 4.0395e-02 [ 1.5320e-03 1.2621e-02 1.0611e-03 7.5089e-03 4.6581e-03 ] 9.5961e-01
 9.747e+00 4.2010e-02 [ 1.4279e-03 1.2771e-02 1.2163e-03 8.0624e-03 4.7395e-03 ] 9.5799e-01
 9.860e+00 4.3802e-02 [ 1.3291e-03 1.2923e-02 1.3964e-03 8.6727e-03 4.8243e-03 ] 9.5620e-01
 9.973e+00 4.5796e-02 [ 1.2355e-03 1.3078e-02 1.6058e-03 9.3465e-03 4.9127e-03 ] 9.5420e-01
 1.009e+01 4.8017e-02 [ 1.1471e-03 1.3236e-02 1.8494e-03 1.0091e-02 5.0052e-03 ] 9.5198e-01
 1.020e+01 5.0498e-02 [ 1.0636e-03 1.3401e-02 2.1330e-03 1.0915e-02 5.1023e-03 ] 9.4950e-01
 1.031e+01 5.3271e-02 [ 9.8493e-04 1.3572e-02 2.4634e-03 1.1827e-02 5.2044e-03 ] 9.4673e-01
 1.043e+01 5.6378e-02 [ 9.1090e-04 1.3753e-02 2.8485e-03 1.2838e-02 5.3121e-03 ] 9.4362e-01
 1.054e+01 5.9862e-02 [ 8.4136e-04 1.3943e-02 3.2976e-03 1.3959e-02 5.4260e-03 ] 9.4014e-01
 1.065e+01 6.3775e-02 [ 7.7612e-04 1.4146e-02 3.8214e-03 1.5203e-02 5.5466e-03 ] 9.3622e-01
 1.077e+01 6.8173e-02 [ 7.1503e-04 1.4364e-02 4.4324e-03 1.6585e-02 5.6745e-03 ] 9.3183e-01
 1.088e+01 7.3122e-02 [ 6.5791e-04 1.4599e-02 5.1451e-03 1.8119e-02 5.8104e-03 ] 9.2688e-01
 1.099e+01 7.8693e-02 [ 6.0458e-04 1.4853e-02 5.9761e-03 1.9823e-02 5.9549e-03 ] 9.2131e-01
 1.111e+01 8.4968e-02 [ 5.5487e-04 1.5130e-02 6.9449e-03 2.1717e-02 6.1086e-03 ] 9.1503e-01
 1.122e+01 9.2037e-02 [ 5.0859e-04 1.5431e-02 8.0733e-03 2.3819e-02 6.2723e-03 ] 9.0796e-01
 1.133e+01 9.9999e-02 [ 4.6558e-04 1.5759e-02 9.3867e-03 2.6154e-02 6.4464e-03 ] 9.0000e-01
 1.145e+01 1.0897e-01 [ 4.2566e-04 1.6119e-02 1.0913e-02 2.8742e-02 6.6316e-03 ] 8.9103e-01
 1.156e+01 1.1906e-01 [ 3.8866e-04 1.6511e-02 1.2686e-02 3.1611e-02 6.8283e-03 ] 8.8094e-01
 1.167e+01 1.3040e-01 [ 3.5442e-04 1.6940e-02 1.4739e-02 3.4785e-02 7.0369e-03 ] 8.6960e-01
 1.179e+01 1.4313e-01 [ 3.2276e-04 1.7407e-02 1.7112e-02 3.8290e-02 7.2575e-03 ] 8.5687e-01
 1.190e+01 1.5739e-01 [ 2.9353e-04 1.7914e-02 1.9849e-02 4.2153e-02 7.4903e-03 ] 8.4261e-01
 1.201e+01 1.7333e-01 [ 2.6658e-04 1.8463e-02 2.2994e-02 4.6397e-02 7.7349e-03 ] 8.2667e-01
 1.213e+01 1.9108e-01 [ 2.4174e-04 1.9054e-02 2.6595e-02 5.1046e-02 7.9908e-03 ] 8.0892e-01
 1.224e+01 2.1079e-01 [ 2.1888e-04 1.9687e-02 3.0700e-02 5.6116e-02 8.2570e-03 ] 7.8921e-01
 1.235e+01 2.3257e-01 [ 1.9786e-04 2.0359e-02 3.5357e-02 6.1621e-02 8.5321e-03 ] 7.6743e-01
 1.247e+01 2.5652e-01 [ 1.7855e-04 2.1067e-02 4.0608e-02 6.7564e-02 8.8142e-03 ] 7.4348e-01
 1.258e+01 2.8268e-01 [ 1.6081e-04 2.1805e-02 4.6489e-02 7.3939e-02 9.1008e-03 ] 7.1732e-01
 1.269e+01 3.1107e-01 [ 1.4453e-04 2.2565e-02 5.3027e-02 8.0727e-02 9.3889e-03 ] 6.8893e-01
 1.281e+01 3.4162e-01 [ 1.2960e-04 2.3335e-02 6.0232e-02 8.7893e-02 9.6748e-03 ] 6.5838e-01
 1.292e+01 3.7419e-01 [ 1.1591e-04 2.4104e-02 6.8095e-02 9.5385e-02 9.9543e-03 ] 6.2581e-01
 1.303e+01 4.0855e-01 [ 1.0338e-04 2.4854e-02 7.6583e-02 1.0313e-01 1.0223e-02 ] 5.9145e-01
 1.315e+01 4.4439e-01 [ 9.1907e-05 2.5569e-02 8.5636e-02 1.1105e-01 1.0475e-02 ] 5.5562e-01
 1.326e+01 4.8127e-01 [ 8.1429e-05 2.6229e-02 9.5161e-02 1.1902e-01 1.0707e-02 ] 5.1873e-01
 1.337e+01 5.1868e-01 [ 7.1872e-05 2.6815e-02 1.0504e-01 1.2694e-01 1.0913e-02 ] 4.8132e-01
 1.349e+01 5.5604e-01 [ 6.3178e-05 2.7306e-02 1.1512e-01 1.3466e-01 1.1090e-02 ] 4.4396e-01
 1.360e+01 5.9272e-01 [ 5.5292e-05 2.7687e-02 1.2523e-01 1.4207e-01 1.1234e-02 ] 4.0728e-01
 1.371e+01 6.2808e-01 [ 4.8167e-05 2.7944e-02 1.3519e-01 1.4903e-01 1.1343e-02 ] 3.7192e-01
 1.383e+01 6.6150e-01 [ 4.1759e-05 2.8065e-02 1.4481e-01 1.5545e-01 1.1419e-02 ] 3.3850e-01
 1.394e+01 6.9245e-01 [ 3.6027e-05 2.8048e-02 1.5391e-01 1.6123e-01 1.1461e-02 ] 3.0755e-01
 1.405e+01 7.2049e-01 [ 3.0930e-05 2.7894e-02 1.6233e-01 1.6632e-01 1.1474e-02 ] 2.7951e-01
 1.417e+01 7.4533e-01 [ 2.6427e-05 2.7608e-02 1.6993e-01 1.7069e-01 1.1462e-02 ] 2.5467e-01
 1.428e+01 7.6679e-01 [ 2.2475e-05 2.7202e-02 1.7664e-01 1.7435e-01 1.1431e-02 ] 2.3321e-01
 1.439e+01 7.8483e-01 [ 1.9030e-05 2.6690e-02 1.8237e-01 1.7733e-01 1.1387e-02 ] 2.1517e-01
 1.451e+01 7.9952e-01 [ 1.6048e-05 2.6089e-02 1.8710e-01 1.7968e-01 1.1338e-02 ] 2.0048e-01
 1.462e+01 8.1099e-01 [ 1.3482e-05 2.5414e-02 1.9082e-01 1.8146e-01 1.1290e-02 ] 1.8901e-01
 1.473e+01 8.1939e-01 [ 1.1287e-05 2.4680e-02 1.9355e-01 1.8273e-01 1.1249e-02 ] 1.8061e-01
 1.485e+01 8.2489e-01 [ 9.4202e-06 2.3902e-02 1.9529e-01 1.8354e-01 1.1218e-02 ] 1.7511e-01
 1.496e+01 8.2761e-01 [ 7.8391e-06 2.3090e-02 1.9607e-01 1.8394e-01 1.1202e-02 ] 1.7239e-01
 1.507e+01 8.2761e-01 [ 6.5057e-06 2.2252e-02 1.9589e-01 1.8394e-01 1.1202e-02 ] 1.7239e-01
 1.519e+01 8.2489e-01 [ 5.3848e-06 2.1392e-02 1.9476e-01 1.8354e-01 1.1218e-02 ] 1.7511e-01
 1.530e+01 8.1939e-01 [ 4.4454e-06 2.0513e-02 1.9268e-01 1.8273e-01 1.1249e-02 ] 1.8061e-01
 1.541e+01 8.1099e-01 [ 3.6598e-06 1.9615e-02 1.8962e-01 1.8146e-01 1.1290e-02 ] 1.8901e-01
 1.553e+01 7.9952e-01 [ 3.0043e-06 1.8698e-02 1.8558e-01 1.7968e-01 1.1338e-02 ] 2.0048e-01
 1.564e+01 7.8483e-01 [ 2.4585e-06 1.7761e-02 1.8056e-01 1.7733e-01 1.1387e-02 ] 2.1517e-01
 1.575e+01 7.6679e-01 [ 2.0048e-06 1.6803e-02 1.7456e-01 1.7435e-01 1.1431e-02 ] 2.3321e-01
 1.587e+01 7.4533e-01 [ 1.6285e-06 1.5825e-02 1.6763e-01 1.7069e-01 1.1462e-02 ] 2.5467e-01
 1.598e+01 7.2049e-01 [ 1.3174e-06 1.4828e-02 1.5983e-01 1.6632e-01 1.1474e-02 ] 2.7951e-01
 1.609e+01 6.9245e-01 [ 1.0608e-06 1.3819e-02 1.5125e-01 1.6123e-01 1.1461e-02 ] 3.0755e-01
 1.621e+01 6.6150e-01 [ 8.5006e-07 1.2803e-02 1.4204e-01 1.5545e-01 1.1419e-02 ] 3.3850e-01
 1.632e+01 6.2808e-01 [ 6.7771e-07 1.1790e-02 1.3234e-01 1.4904e-01 1.1344e-02 ] 3.7192e-01
 1.643e+01 5.9272e-01 [ 5.3746e-07 1.0788e-02 1.2235e-01 1.4207e-01 1.1234e-02 ] 4.0728e-01
 1.655e+01 5.5604e-01 [ 4.2396e-07 9.8090e-03 1.1224e-01 1.3467e-01 1.1090e-02 ] 4.4396e-01
 1.666e+01 5.1868e-01 [ 3.3263e-07 8.8627e-03 1.0219e-01 1.2694e-01 1.0913e-02 ] 4.8132e-01
 1.677e+01 4.8127e-01 [ 2.5960e-07 7.9584e-03 9.2374e-02 1.1903e-01 1.0707e-02 ] 5.1873e-01
 1.689e+01 4.4439e-01 [ 2.0157e-07 7.1038e-03 8.2936e-02 1.1105e-01 1.0475e-02 ] 5.5562e-01
 1.700e+01 4.0855e-01 [ 1.5573e-07 6.3051e-03 7.3989e-02 1.0314e-01 1.0223e-02 ] 5.9145e-01
 1.711e+01 3.7419e-01 [ 1.1975e-07 5.5663e-03 6.5621e-02 9.5390e-02 9.9544e-03 ] 6.2581e-01
 1.723e+01 3.4162e-01 [ 9.1672e-08 4.8894e-03 5.7888e-02 8.7898e-02 9.6749e-03 ] 6.5838e-01
 1.734e+01 3.1107e-01 [ 6.9884e-08 4.2749e-03 5.0819e-02 8.0732e-02 9.3891e-03 ] 6.8893e-01
 1.745e+01 2.8268e-01 [ 5.3066e-08 3.7217e-03 4.4419e-02 7.3944e-02 9.1010e-03 ] 7.1732e-01
 1.757e+01 2.5652e-01 [ 4.0149e-08 3.2274e-03 3.8675e-02 6.7569e-02 8.8144e-03 ] 7.4348e-01
 1.768e+01 2.3257e-01 [ 3.0274e-08 2.7887e-03 3.3559e-02 6.1626e-02 8.5323e-03 ] 7.6743e-01
 1.779e+01 2.1079e-01 [ 2.2757e-08 2.4018e-03 2.9032e-02 5.6121e-02 8.2572e-03 ] 7.8921e-01
 1.791e+01 1.9108e-01 [ 1.7056e-08 2.0625e-03 2.5051e-02 5.1050e-02 7.9910e-03 ] 8.0892e-01
 1.802e+01 1.7333e-01 [ 1.2750e-08 1.7664e-03 2.1567e-02 4.6402e-02 7.7351e-03 ] 8.2667e-01
 1.813e+01 1.5739e-01 [ 9.5070e-09 1.5092e-03 1.8533e-02 4.2157e-02 7.4905e-03 ] 8.4261e-01
 1.825e+01 1.4313e-01 [ 7.0727e-09 1.2866e-03 1.5900e-02 3.8295e-02 7.2578e-03 ] 8.5687e-01
 1.836e+01 1.3040e-01 [ 5.2505e-09 1.0946e-03 1.3622e-02 3.4789e-02 7.0371e-03 ] 8.6960e-01
 1.847e+01 1.1906e-01 [ 3.8899e-09 9.2966e-04 1.1657e-02 3.1615e-02 6.8285e-03 ] 8.8094e-01
 1.859e+01 1.0897e-01 [ 2.8766e-09 7.8827e-04 9.9672e-03 2.8747e-02 6.6319e-03 ] 8.9103e-01
 1.870e+01 9.9999e-02 [ 2.1234e-09 6.6740e-04 8.5158e-03 2.6158e-02 6.4467e-03 ] 9.0000e-01
 1.881e+01 9.2037e-02 [ 1.5649e-09 5.6430e-04 7.2716e-03 2.3824e-02 6.2726e-03 ] 9.0796e-01
 1.893e+01 8.4968e-02 [ 1.1514e-09 4.7655e-04 6.2066e-03 2.1721e-02 6.1090e-03 ] 9.1503e-01
 1.904e+01 7.8693e-02 [ 8.4597e-10 4.0199e-04 5.2959e-03 1.9828e-02 5.9552e-03 ] 9.2131e-01
 1.915e+01 7.3122e-02 [ 6.2065e-10 3.3874e-04 4.5180e-03 1.8123e-02 5.8108e-03 ] 9.2688e-01
 1.927e+01 6.8173e-02 [ 4.5472e-10 2.8518e-04 3.8539e-03 1.6589e-02 5.6749e-03 ] 9.3183e-01
 1.938e+01 6.3775e-02 [ 3.3271e-10 2.3987e-04 3.2874e-03 1.5207e-02 5.5470e-03 ] 9.3622e-01
 1.949e+01 5.9862e-02 [ 2.4313e-10 2.0160e-04 2.8044e-03 1.3963e-02 5.4265e-03 ] 9.4014e-01
 1.961e+01 5.6378e-02 [ 1.7745e-10 1.6931e-04 2.3926e-03 1.2842e-02 5.3126e-03 ] 9.4362e-01
 1.972e+01 5.3271e-02 [ 1.2935e-10 1.4209e-04 2.0416e-03 1.1831e-02 5.2050e-03 ] 9.4673e-01
 1.983e+01 5.0498e-02 [ 9.4186e-11 1.1916e-04 1.7425e-03 1.0919e-02 5.1028e-03 ] 9.4950e-01
 1.995e+01 4.8017e-02 [ 6.8502e-11 9.9873e-05 1.4876e-03 1.0095e-02 5.0058e-03 ] 9.5198e-01
 2.006e+01 4.5796e-02 [ 4.9766e-11 8.3658e-05 1.2703e-03 9.3504e-03 4.9133e-03 ] 9.5420e-01
 2.017e+01 4.3802e-02 [ 3.6115e-11 7.0036e-05 1.0852e-03 8.6767e-03 4.8249e-03 ] 9.5620e-01
 2.029e+01 4.2010e-02 [ 2.6181e-11 5.8602e-05 9.2735e-04 8.0663e-03 4.7402e-03 ] 9.5799e-01
 2.040e+01 4.0395e-02 [ 1.8959e-11 4.9009e-05 7.9278e-04 7.5128e-03 4.6588e-03 ] 9.5961e-01
 2.051e+01 3.8936e-02 [ 1.3715e-11 4.0968e-05 6.7800e-04 7.0101e-03 4.5803e-03 ] 9.6106e-01
 2.063e+01 3.7616e-02 [ 9.9112e-12 3.4230e-05 5.8009e-04 6.5530e-03 4.5044e-03 ] 9.6238e-01
 2.074e+01 3.6419e-02 [ 7.1552e-12 2.8587e-05 4.9654e-04 6.1367e-03 4.4307e-03 ] 9.6358e-01
 2.085e+01 3.5329e-02 [ 5.1604e-12 2.3865e-05 4.2521e-04 5.7570e-03 4.3591e-03 ] 9.6467e-01
 2.097e+01 3.4335e-02 [ 3.7181e-12 1.9915e-05 3.6430e-04 5.4102e-03 4.2892e-03 ] 9.6566e-01
 2.108e+01 3.3426e-02 [ 2.6762e-12 1.6612e-05 3.1226e-04 5.0929e-03 4.2209e-03 ] 9.6657e-01
 2.119e+01 3.2592e-02 [ 1.9245e-12 1.3851e-05 2.6779e-04 4.8021e-03 4.1538e-03 ] 9.6741e-01
 2.131e+01 3.1825e-02 [ 1.3825e-12 1.1545e-05 2.2976e-04 4.5351e-03 4.0879e-03 ] 9.6818e-01
 2.142e+01 3.1117e-02 [ 9.9225e-13 9.6201e-06 1.9724e-04 4.2896e-03 4.0229e-03 ] 9.6888e-01
 2.153e+01 3.0461e-02 [ 7.1148e-13 8.0130e-06 1.6940e-04 4.0633e-03 3.9588e-03 ] 9.6954e-01
 2.165e+01 2.9852e-02 [ 5.0967e-13 6.6723e-06 1.4557e-04 3.8544e-03 3.8953e-03 ] 9.7015e-01
 2.176e+01 2.9285e-02 [ 3.6476e-13 5.5540e-06 1.2516e-04 3.6612e-03 3.8324e-03 ] 9.7072e-01
 2.187e+01 2.8754e-02 [ 2.6081e-13 4.6218e-06 1.0767e-04 3.4821e-03 3.7700e-03 ] 9.7125e-01
 2.199e+01 2.8257e-02 [ 1.8632e-13 3.8448e-06 9.2674e-05 3.3158e-03 3.7079e-03 ] 9.7174e-01
 2.210e+01 2.7789e-02 [ 1.3297e-13 3.1975e-06 7.9810e-05 3.1610e-03 3.6461e-03 ] 9.7221e-01
 2.221e+01 2.7348e-02 [ 9.4817e-14 2.6585e-06 6.8769e-05 3.0166e-03 3.5846e-03 ] 9.7265e-01
 2.233e+01 2.6930e-02 [ 6.7548e-14 2.2096e-06 5.9289e-05 2.8816e-03 3.5232e-03 ] 9.7307e-01
 2.244e+01 2.6533e-02 [ 4.8078e-14 1.8361e-06 5.1144e-05 2.7551e-03 3.4619e-03 ] 9.7347e-01
 2.255e+01 2.6154e-02 [ 3.4189e-14 1.5253e-06 4.4143e-05 2.6364e-03 3.4007e-03 ] 9.7385e-01
 2.267e+01 2.5793e-02 [ 2.4291e-14 1.2667e-06 3.8122e-05 2.5247e-03 3.3396e-03 ] 9.7421e-01
 2.278e+01 2.5447e-02 [ 1.7243e-14 1.0518e-06 3.2941e-05 2.4194e-03 3.2784e-03 ] 9.7455e-01
 2.289e+01 2.5115e-02 [ 1.2229e-14 8.7305e-07 2.8481e-05 2.3199e-03 3.2173e-03 ] 9.7489e-01
 2.301e+01 2.4795e-02 [ 8.6654e-15 7.2452e-07 2.4639e-05 2.2256e-03 3.1561e-03 ] 9.7521e-01
 2.312e+01 2.4486e-02 [ 6.1348e-15 6.0111e-07 2.1327e-05 2.1362e-03 3.0949e-03 ] 9.7551e-01
 2.323e+01 2.4187e-02 [ 4.3395e-15 4.9860e-07 1.8472e-05 2.0511e-03 3.0336e-03 ] 9.7581e-01
 2.335e+01 2.3897e-02 [ 3.0669e-15 4.1348e-07 1.6008e-05 1.9700e-03 2.9723e-03 ] 9.7610e-01
 2.346e+01 2.3616e-02 [ 2.1656e-15 3.4280e-07 1.3880e-05 1.8926e-03 2.9109e-03 ] 9.7638e-01
 2.357e+01 2.3341e-02 [ 1.5278e-15 2.8415e-07 1.2043e-05 1.8185e-03 2.8494e-03 ] 9.7666e-01
 2.369e+01 2.3074e-02 [ 1.0770e-15 2.3547e-07 1.0455e-05 1.7475e-03 2.7879e-03 ] 9.7693e-01
 2.380e+01 2.2813e-02 [ 7.5849e-16 1.9509e-07 9.0809e-06 1.6793e-03 2.7263e-03 ] 9.7719e-01
 2.391e+01 2.2557e-02 [ 5.3374e-16 1.6159e-07 7.8923e-06 1.6137e-03 2.6646e-03 ] 9.7744e-01
 2.403e+01 2.2307e-02 [ 3.7527e-16 1.3382e-07 6.8631e-06 1.5505e-03 2.6029e-03 ] 9.7769e-01
 2.414e+01 2.2062e-02 [ 2.6362e-16 1.1080e-07 5.9714e-06 1.4896e-03 2.5412e-03 ] 9.7794e-01
 2.425e+01 2.1821e-02 [ 1.8503e-16 9.1712e-08 5.1985e-06 1.4307e-03 2.4794e-03 ] 9.7818e-01
 2.437e+01 2.1583e-02 [ 1.2976e-16 7.5898e-08 4.5280e-06 1.3737e-03 2.4175e-03 ] 9.7842e-01
 2.448e+01 2.1350e-02 [ 9.0926e-17 6.2796e-08 3.9461e-06 1.3184e-03 2.3557e-03 ] 9.7865e-01
 2.459e+01 2.1120e-02 [ 6.3658e-17 5.1944e-08 3.4408e-06 1.2649e-03 2.2939e-03 ] 9.7888e-01
 2.471e+01 2.0893e-02 [ 4.4530e-17 4.2958e-08 3.0016e-06 1.2129e-03 2.2320e-03 ] 9.7911e-01
 2.482e+01 2.0670e-02 [ 3.1124e-17 3.5518e-08 2.6198e-06 1.1624e-03 2.1702e-03 ] 9.7933e-01
 2.493e+01 2.0449e-02 [ 2.1735e-17 2.9359e-08 2.2875e-06 1.1132e-03 2.1084e-03 ] 9.7955e-01
 2.505e+01 2.0230e-02 [ 1.5166e-17 2.4263e-08 1.9983e-06 1.0654e-03 2.0466e-03 ] 9.7977e-01
 2.516e+01 2.0014e-02 [ 1.0573e-17 2.0046e-08 1.7464e-06 1.0189e-03 1.9849e-03 ] 9.7999e-01
 2.527e+01 1.9800e-02 [ 7.3649e-18 1.6558e-08 1.5268e-06 9.7354e-04 1.9233e-03 ] 9.8020e-01
 2.539e+01 1.9589e-02 [ 5.1259e-18 1.3673e-08 1.3353e-06 9.2934e-04 1.8617e-03 ] 9.8041e-01
 2.550e+01 1.9379e-02 [ 3.5645e-18 1.1288e-08 1.1682e-06 8.8626e-04 1.8003e-03 ] 9.8062e-01
 2.561e+01 1.9170e-02 [ 2.4766e-18 9.3158e-09 1.0223e-06 8.4425e-04 1.7390e-03 ] 9.8083e-01
 2.573e+01 1.8963e-02 [ 1.7193e-18 7.6862e-09 8.9478e-07 8.0329e-04 1.6778e-03 ] 9.8104e-01
 2.584e+01 1.8758e-02 [ 1.1925e-18 6.3398e-09 7.8333e-07 7.6335e-04 1.6169e-03 ] 9.8124e-01
 2.595e+01 1.8554e-02 [ 8.2640e-19 5.2275e-09 6.8585e-07 7.2441e-04 1.5561e-03 ] 9.8145e-01
 2.607e+01 1.8350e-02 [ 5.7218e-19 4.3089e-09 6.0055e-07 6.8646e-04 1.4955e-03 ] 9.8165e-01
 2.618e+01 1.8147e-02 [ 3.9581e-19 3.5504e-09 5.2585e-07 6.4948e-04 1.4352e-03 ] 9.8185e-01
 2.629e+01 1.7945e-02 [ 2.7355e-19 2.9243e-09 4.6041e-07 6.1347e-04 1.3751e-03 ] 9.8205e-01
 2.641e+01 1.7743e-02 [ 1.8888e-19 2.4076e-09 4.0304e-07 5.7841e-04 1.3154e-03 ] 9.8226e-01
 2.652e+01 1.7540e-02 [ 1.3029e-19 1.9814e-09 3.5274e-07 5.4430e-04 1.2560e-03 ] 9.8246e-01
 2.663e+01 1.7337e-02 [ 8.9788e-20 1.6297e-09 3.0861e-07 5.1115e-04 1.1969e-03 ] 9.8266e-01
 2.675e+01 1.7132e-02 [ 6.1812e-20 1.3398e-09 2.6987e-07 4.7895e-04 1.1383e-03 ] 9.8287e-01
 2.686e+01 1.6926e-02 [ 4.2509e-20 1.1008e-09 2.3585e-07 4.4770e-04 1.0802e-03 ] 9.8307e-01
 2.697e+01 1.6717e-02 [ 2.9201e-20 9.0384e-10 2.0596e-07 4.1742e-04 1.0226e-03 ] 9.8328e-01
 2.709e+01 1.6506e-02 [ 2.0036e-20 7.4157e-10 1.7970e-07 3.8810e-04 9.6561e-04 ] 9.8349e-01
 2.720e+01 1.6290e-02 [ 1.3731e-20 6.0793e-10 1.5662e-07 3.5976e-04 9.0922e-04 ] 9.8371e-01
 2.731e+01 1.6069e-02 [ 9.3978e-21 4.9791e-10 1.3632e-07 3.3241e-04 8.5352e-04 ] 9.8393e-01
 2.743e+01 1.5843e-02 [ 6.4231e-21 4.0736e-10 1.1847e-07 3.0605e-04 7.9859e-04 ] 9.8416e-01
 2.754e+01 1.5608e-02 [ 4.3834e-21 3.3287e-10 1.0276e-07 2.8069e-04 7.4449e-04 ] 9.8439e-01
 2.765e+01 1.5365e-02 [ 2.9866e-21 2.7162e-10 8.8952e-08 2.5635e-04 6.9131e-04 ] 9.8464e-01
 2.777e+01 1.5111e-02 [ 2.0313e-21 2.2127e-10 7.6803e-08 2.3304e-04 6.3912e-04 ] 9.8489e-01
 2.788e+01 1.4844e-02 [ 1.3788e-21 1.7991e-10 6.6117e-08 2.1077e-04 5.8802e-04 ] 9.8516e-01
 2.799e+01 1.4561e-02 [ 9.3386e-22 1.4594e-10 5.6721e-08 1.8955e-04 5.3811e-04 ] 9.8544e-01
 2.811e+01 1.4261e-02 [ 6.3096e-22 1.1806e-10 4.8463e-08 1.6940e-04 4.8949e-04 ] 9.8574e-01
 2.822e+01 1.3938e-02 [ 4.2511e-22 9.5202e-11 4.1210e-08 1.5033e-04 4.4227e-04 ] 9.8606e-01
 2.833e+01 1.3591e-02 [ 2.8551e-22 7.6466e-11 3.4846e-08 1.3235e-04 3.9656e-04 ] 9.8641e-01
 2.845e+01 1.3214e-02 [ 1.9104e-22 6.1124e-11 2.9269e-08 1.1547e-04 3.5250e-04 ] 9.8679e-01
 2.856e+01 1.2802e-02 [ 1.2728e-22 4.8575e-11 2.4389e-08 9.9703e-05 3.1022e-04 ] 9.8720e-01
 2.867e+01 1.2350e-02 [ 8.4361e-23 3.8323e-11 2.0129e-08 8.5063e-05 2.6987e-04 ] 9.8765e-01
 2.879e+01 1.1851e-02 [ 5.5566e-23 2.9962e-11 1.6422e-08 7.1558e-05 2.3158e-04 ] 9.8815e-01
 2.890e+01 1.1298e-02 [ 3.6318e-23 2.3158e-11 1.3208e-08 5.9198e-05 1.9553e-04 ] 9.8870e-01
 2.901e+01 1.0681e-02 [ 2.3507e-23 1.7638e-11 1.0437e-08 4.7992e-05 1.6188e-04 ] 9.8932e-01
 2.913e+01 9.9904e-03 [ 1.5022e-23 1.3177e-11 8.0645e-09 3.7947e-05 1.3081e-04 ] 9.9001e-01
 2.924e+01 9.2149e-03 [ 9.4348e-24 9.5961e-12 6.0532e-09 2.9070e-05 1.0251e-04 ] 9.9079e-01
 2.935e+01 8.3409e-03 [ 5.7820e-24 6.7469e-12 4.3709e-09 2.1368e-05 7.7177e-05 ] 9.9166e-01
 2.947e+01 7.3533e-03 [ 3.4155e-24 4.5122e-12 2.9909e-09 1.4844e-05 5.5021e-05 ] 9.9265e-01
 2.958e+01 6.2349e-03 [ 1.9023e-24 2.7993e-12 1.8911e-09 9.5024e-06 3.6261e-05 ] 9.9377e-01
 2.969e+01 4.9642e-03 [ 9.5586e-25 1.5366e-12 1.0536e-09 5.3459e-06 2.1130e-05 ] 9.9504e-01
 2.981e+01 3.5210e-03 [ 3.9081e-25 6.7106e-13 4.6509e-10 2.3761e-06 9.8697e-06 ] 9.9648e-01
 2.992e+01 1.8289e-03 [ 9.2812e-26 1.6599e-13 1.1579e-10 5.9404e-07 2.7365e-06 ] 9.9817e-01
 3.003e+01 0.0000e+00 [ 0.0000e+00 0.0000e+00 0.0000e+00 0.0000e+00 0.0000e+00 ] 1.0000e+00
