 0.000e+00 0.0000e+00 [ 0.0000e+00 0.0000e+00 0.0000e+00 0.0000e+00 0.0000e+00 ] 1.0000e+00
 1.133e-01 1.7287e-03 [ 1.6708e-03 1.0739e-05 1.1254e-05 2.5926e-05 9.9764e-06 ] 9.9827e-01
 2.267e-01 3.6752e-03 [ 3.4600e-03 2.6819e-05 4.5210e-05 1.0394e-04 3.9188e-05 ] 9.9632e-01
 3.400e-01 5.4065e-03 [ 4.9033e-03 7.9431e-05 1.0245e-04 2.3473e-04 8.6565e-05 ] 9.9459e-01
 4.533e-01 7.0997e-03 [ 6.2138e-03 1.3137e-04 1.8396e-04 4.1945e-04 1.5111e-04 ] 9.9290e-01
 5.667e-01 8.7624e-03 [ 7.3723e-03 2.0744e-04 2.9111e-04 6.5968e-04 2.3190e-04 ] 9.9124e-01
 6.800e-01 1.0416e-02 [ 8.4021e-03 3.0270e-04 4.2569e-04 9.5750e-04 3.2808e-04 ] 9.8958e-01
 7.933e-01 1.2076e-02 [ 9.3172e-03 4.1484e-04 5.8995e-04 1.3154e-03 4.3885e-04 ] 9.8792e-01
 9.067e-01 1.3759e-02 [ 1.0126e-02 5.4654e-04 7.8659e-04 1.7365e-03 5.6350e-04 ] 9.8624e-01
 1.020e+00 1.5482e-02 [ 1.0839e-02 6.9910e-04 1.0188e-03 2.2242e-03 7.0136e-04 ] 9.8452e-01
 1.133e+00 1.7262e-02 [ 1.1464e-02 8.7329e-04 1.2905e-03 2.7827e-03 8.5186e-04 ] 9.8274e-01
 1.247e+00 1.9116e-02 [ 1.2009e-02 1.0703e-03 1.6059e-03 3.4165e-03 1.0145e-03 ] 9.8088e-01
 1.360e+00 2.1064e-02 [ 1.2483e-02 1.2915e-03 1.9701e-03 4.1311e-03 1.1888e-03 ] 9.7894e-01
 1.473e+00 2.3125e-02 [ 1.2890e-02 1.5387e-03 2.3891e-03 4.9322e-03 1.3744e-03 ] 9.7688e-01
 1.587e+00 2.5319e-02 [ 1.3238e-02 1.8136e-03 2.8693e-03 5.8266e-03 1.5710e-03 ] 9.7468e-01
 1.700e+00 2.7669e-02 [ 1.3532e-02 2.1181e-03 3.4183e-03 6.8216e-03 1.7784e-03 ] 9.7233e-01
 1.813e+00 3.0198e-02 [ 1.3777e-02 2.4544e-03 4.0447e-03 7.9253e-03 1.9965e-03 ] 9.6980e-01
 1.927e+00 3.2932e-02 [ 1.3977e-02 2.8250e-03 4.7582e-03 9.1469e-03 2.2252e-03 ] 9.6707e-01
 2.040e+00 3.5899e-02 [ 1.4136e-02 3.2324e-03 5.5696e-03 1.0496e-02 2.4646e-03 ] 9.6410e-01
 2.153e+00 3.9128e-02 [ 1.4259e-02 3.6795e-03 6.4910e-03 1.1984e-02 2.7146e-03 ] 9.6087e-01
 2.267e+00 4.2652e-02 [ 1.4348e-02 4.1694e-03 7.5361e-03 1.3623e-02 2.9756e-03 ] 9.5735e-01
 2.380e+00 4.6505e-02 [ 1.4407e-02 4.7054e-03 8.7201e-03 1.5425e-02 3.2477e-03 ] 9.5350e-01
 2.493e+00 5.0724e-02 [ 1.4438e-02 5.2911e-03 1.0060e-02 1.7404e-02 3.5313e-03 ] 9.4928e-01
 2.607e+00 5.5351e-02 [ 1.4445e-02 5.9301e-03 1.1574e-02 1.9575e-02 3.8268e-03 ] 9.4465e-01
 2.720e+00 6.0427e-02 [ 1.4429e-02 6.6266e-03 1.3283e-02 2.1954e-02 4.1346e-03 ] 9.3957e-01
 2.833e+00 6.5999e-02 [ 1.4392e-02 7.3847e-03 1.5208e-02 2.4559e-02 4.4551e-03 ] 9.3400e-01
 2.947e+00 7.2115e-02 [ 1.4336e-02 8.2086e-03 1.7375e-02 2.7406e-02 4.7889e-03 ] 9.2789e-01
 3.060e+00 7.8826e-02 [ 1.4264e-02 9.1027e-03 1.9809e-02 3.0514e-02 5.1366e-03 ] 9.2117e-01
 3.173e+00 8.6184e-02 [ 1.4175e-02 1.0071e-02 2.2537e-02 3.3901e-02 5.4986e-03 ] 9.1382e-01
 3.287e+00 9.4242e-02 [ 1.4071e-02 1.1118e-02 2.5589e-02 3.7587e-02 5.8754e-03 ] 9.0576e-01
 3.400e+00 1.0306e-01 [ 1.3954e-02 1.2248e-02 2.8995e-02 4.1591e-02 6.2676e-03 ] 8.9694e-01
 3.513e+00 1.1267e-01 [ 1.3823e-02 1.3464e-02 3.2784e-02 4.5928e-02 6.6753e-03 ] 8.8733e-01
 3.627e+00 1.2315e-01 [ 1.3679e-02 1.4768e-02 3.6987e-02 5.0616e-02 7.0989e-03 ] 8.7685e-01
 3.740e+00 1.3453e-01 [ 1.3522e-02 1.6163e-02 4.1632e-02 5.5669e-02 7.5384e-03 ] 8.6547e-01
 3.853e+00 1.4684e-01 [ 1.3353e-02 1.7650e-02 4.6745e-02 6.1096e-02 7.9936e-03 ] 8.5316e-01
 3.967e+00 1.6011e-01 [ 1.3170e-02 1.9227e-02 5.2349e-02 6.6904e-02 8.4640e-03 ] 8.3989e-01
 4.080e+00 1.7437e-01 [ 1.2974e-02 2.0892e-02 5.8459e-02 7.3092e-02 8.9488e-03 ] 8.2563e-01
 4.193e+00 1.8959e-01 [ 1.2763e-02 2.2639e-02 6.5084e-02 7.9655e-02 9.4469e-03 ] 8.1041e-01
 4.307e+00 2.0575e-01 [ 1.2536e-02 2.4463e-02 7.2221e-02 8.6578e-02 9.9567e-03 ] 7.9425e-01
 4.420e+00 2.2281e-01 [ 1.2294e-02 2.6351e-02 7.9856e-02 9.3834e-02 1.0476e-02 ] 7.7719e-01
 4.533e+00 2.4068e-01 [ 1.2034e-02 2.8292e-02 8.7959e-02 1.0139e-01 1.1002e-02 ] 7.5932e-01
 4.647e+00 2.5923e-01 [ 1.1755e-02 3.0267e-02 9.6482e-02 1.0919e-01 1.1532e-02 ] 7.4077e-01
 4.760e+00 2.7832e-01 [ 1.1457e-02 3.2257e-02 1.0536e-01 1.1719e-01 1.2062e-02 ] 7.2168e-01
 4.873e+00 2.9777e-01 [ 1.1139e-02 3.4238e-02 1.1450e-01 1.2529e-01 1.2589e-02 ] 7.0223e-01
 4.987e+00 3.1733e-01 [ 1.0800e-02 3.6184e-02 1.2381e-01 1.3343e-01 1.3106e-02 ] 6.8267e-01
 5.100e+00 3.3674e-01 [ 1.0440e-02 3.8064e-02 1.3314e-01 1.4149e-01 1.3610e-02 ] 6.6326e-01
 5.213e+00 3.5573e-01 [ 1.0058e-02 3.9847e-02 1.4235e-01 1.4937e-01 1.4095e-02 ] 6.4427e-01
 5.327e+00 3.7395e-01 [ 9.6564e-03 4.1502e-02 1.5129e-01 1.5695e-01 1.4555e-02 ] 6.2605e-01
 5.440e+00 3.9109e-01 [ 9.2354e-03 4.2995e-02 1.5976e-01 1.6411e-01 1.4985e-02 ] 6.0891e-01
 5.553e+00 4.0681e-01 [ 8.7969e-03 4.4295e-02 1.6761e-01 1.7073e-01 1.5381e-02 ] 5.9319e-01
 5.667e+00 4.2078e-01 [ 8.3434e-03 4.5373e-02 1.7465e-01 1.7668e-01 1.5737e-02 ] 5.7922e-01
 5.780e+00 4.3270e-01 [ 7.8777e-03 4.6204e-02 1.8071e-01 1.8186e-01 1.6048e-02 ] 5.6730e-01
 5.893e+00 4.4229e-01 [ 7.4030e-03 4.6767e-02 1.8564e-01 1.8616e-01 1.6312e-02 ] 5.5771e-01
 6.007e+00 4.4933e-01 [ 6.9231e-03 4.7046e-02 1.8932e-01 1.8952e-01 1.6524e-02 ] 5.5067e-01
 6.120e+00 4.5366e-01 [ 6.4419e-03 4.7034e-02 1.9166e-01 1.9185e-01 1.6682e-02 ] 5.4634e-01
 6.233e+00 4.5517e-01 [ 5.9633e-03 4.6727e-02 1.9258e-01 1.9311e-01 1.6785e-02 ] 5.4483e-01
 6.347e+00 4.5383e-01 [ 5.4913e-03 4.6130e-02 1.9208e-01 1.9329e-01 1.6832e-02 ] 5.4617e-01
 6.460e+00 4.4966e-01 [ 5.0299e-03 4.5254e-02 1.9016e-01 1.9240e-01 1.6824e-02 ] 5.5034e-01
 6.573e+00 4.4278e-01 [ 4.5825e-03 4.4117e-02 1.8688e-01 1.9044e-01 1.6760e-02 ] 5.5722e-01
 6.687e+00 4.3335e-01 [ 4.1524e-03 4.2741e-02 1.8232e-01 1.8749e-01 1.6644e-02 ] 5.6665e-01
 6.800e+00 4.2159e-01 [ 3.7425e-03 4.1153e-02 1.7661e-01 1.8360e-01 1.6477e-02 ] 5.7841e-01
 6.913e+00 4.0776e-01 [ 3.3550e-03 3.9386e-02 1.6990e-01 1.7886e-01 1.6262e-02 ] 5.9224e-01
 7.027e+00 3.9219e-01 [ 2.9917e-03 3.7472e-02 1.6234e-01 1.7337e-01 1.6005e-02 ] 6.0781e-01
 7.140e+00 3.7518e-01 [ 2.6539e-03 3.5447e-02 1.5412e-01 1.6726e-01 1.5709e-02 ] 6.2482e-01
 7.253e+00 3.5709e-01 [ 2.3422e-03 3.3346e-02 1.4540e-01 1.6062e-01 1.5379e-02 ] 6.4291e-01
 7.367e+00 3.3823e-01 [ 2.0570e-03 3.1202e-02 1.3636e-01 1.5359e-01 1.5021e-02 ] 6.6177e-01
 7.480e+00 3.1893e-01 [ 1.7978e-03 2.9046e-02 1.2717e-01 1.4627e-01 1.4641e-02 ] 6.8107e-01
 7.593e+00 2.9948e-01 [ 1.5641e-03 2.6909e-02 1.1797e-01 1.3879e-01 1.4242e-02 ] 7.0052e-01
 7.707e+00 2.8014e-01 [ 1.3547e-03 2.4813e-02 1.0890e-01 1.3124e-01 1.3831e-02 ] 7.1986e-01
 7.820e+00 2.6115e-01 [ 1.1684e-03 2.2782e-02 1.0007e-01 1.2372e-01 1.3413e-02 ] 7.3885e-01
 7.933e+00 2.4270e-01 [ 1.0037e-03 2.0832e-02 9.1564e-02 1.1630e-01 1.2991e-02 ] 7.5730e-01
 8.047e+00 2.2493e-01 [ 8.5890e-04 1.8976e-02 8.3458e-02 1.0906e-01 1.2571e-02 ] 7.7507e-01
 8.160e+00 2.0797e-01 [ 7.3235e-04 1.7225e-02 7.5801e-02 1.0206e-01 1.2154e-02 ] 7.9203e-01
 8.273e+00 1.9190e-01 [ 6.2233e-04 1.5584e-02 6.8625e-02 9.5320e-02 1.1746e-02 ] 8.0810e-01
 8.387e+00 1.7677e-01 [ 5.2713e-04 1.4056e-02 6.1949e-02 8.8890e-02 1.1346e-02 ] 8.2323e-01
 8.500e+00 1.6261e-01 [ 4.4515e-04 1.2643e-02 5.5777e-02 8.2787e-02 1.0959e-02 ] 8.3739e-01
 8.613e+00 1.4943e-01 [ 3.7483e-04 1.1342e-02 5.0103e-02 7.7024e-02 1.0585e-02 ] 8.5057e-01
 8.727e+00 1.3721e-01 [ 3.1478e-04 1.0151e-02 4.4914e-02 7.1607e-02 1.0226e-02 ] 8.6279e-01
 8.840e+00 1.2594e-01 [ 2.6367e-04 9.0650e-03 4.0189e-02 6.6534e-02 9.8816e-03 ] 8.7406e-01
 8.953e+00 1.1556e-01 [ 2.2033e-04 8.0792e-03 3.5904e-02 6.1801e-02 9.5528e-03 ] 8.8444e-01
 9.067e+00 1.0604e-01 [ 1.8369e-04 7.1873e-03 3.2032e-02 5.7397e-02 9.2398e-03 ] 8.9396e-01
 9.180e+00 9.7334e-02 [ 1.5281e-04 6.3832e-03 2.8543e-02 5.3311e-02 8.9423e-03 ] 9.0267e-01
 9.293e+00 8.9384e-02 [ 1.2685e-04 5.6602e-03 2.5407e-02 4.9526e-02 8.6602e-03 ] 9.1062e-01
 9.407e+00 8.2138e-02 [ 1.0510e-04 5.0121e-03 2.2597e-02 4.6028e-02 8.3930e-03 ] 9.1786e-01
 9.520e+00 7.5546e-02 [ 8.6912e-05 4.4324e-03 2.0083e-02 4.2800e-02 8.1403e-03 ] 9.2445e-01
 9.633e+00 6.9554e-02 [ 7.1741e-05 3.9151e-03 1.7838e-02 3.9825e-02 7.9014e-03 ] 9.3045e-01
 9.747e+00 6.4113e-02 [ 5.9113e-05 3.4544e-03 1.5836e-02 3.7085e-02 7.6757e-03 ] 9.3589e-01
 9.860e+00 5.9177e-02 [ 4.8626e-05 3.0448e-03 1.4054e-02 3.4564e-02 7.4625e-03 ] 9.4082e-01
 9.973e+00 5.4701e-02 [ 3.9933e-05 2.6813e-03 1.2468e-02 3.2247e-02 7.2611e-03 ] 9.4530e-01
 1.009e+01 5.0642e-02 [ 3.2742e-05 2.3591e-03 1.1060e-02 3.0117e-02 7.0707e-03 ] 9.4936e-01
 1.020e+01 4.6964e-02 [ 2.6804e-05 2.0741e-03 9.8088e-03 2.8160e-02 6.8908e-03 ] 9.5304e-01
 1.031e+01 4.3629e-02 [ 2.1909e-05 1.8221e-03 8.6989e-03 2.6362e-02 6.7206e-03 ] 9.5637e-01
 1.043e+01 4.0605e-02 [ 1.7881e-05 1.5996e-03 7.7147e-03 2.4710e-02 6.5594e-03 ] 9.5939e-01
 1.054e+01 3.7863e-02 [ 1.4573e-05 1.4034e-03 6.8422e-03 2.3193e-02 6.4066e-03 ] 9.6214e-01
 1.065e+01 3.5375e-02 [ 1.1859e-05 1.2305e-03 6.0690e-03 2.1798e-02 6.2616e-03 ] 9.6462e-01
 1.077e+01 3.3116e-02 [ 9.6370e-06 1.0783e-03 5.3840e-03 2.0516e-02 6.1238e-03 ] 9.6688e-01
 1.088e+01 3.1064e-02 [ 7.8203e-06 9.4448e-04 4.7773e-03 1.9338e-02 5.9927e-03 ] 9.6894e-01
 1.099e+01 2.9199e-02 [ 6.3373e-06 8.2683e-04 4.2398e-03 1.8253e-02 5.8676e-03 ] 9.7080e-01
 1.111e+01 2.7501e-02 [ 5.1285e-06 7.2350e-04 3.7638e-03 1.7255e-02 5.7483e-03 ] 9.7250e-01
 1.122e+01 2.5955e-02 [ 4.1446e-06 6.3280e-04 3.3422e-03 1.6336e-02 5.6341e-03 ] 9.7405e-01
 1.133e+01 2.4545e-02 [ 3.3449e-06 5.5324e-04 2.9688e-03 1.5489e-02 5.5247e-03 ] 9.7546e-01
 1.145e+01 2.3257e-02 [ 2.6959e-06 4.8349e-04 2.6380e-03 1.4708e-02 5.4197e-03 ] 9.7674e-01
 1.156e+01 2.2081e-02 [ 2.1699e-06 4.2238e-04 2.3449e-03 1.3987e-02 5.3188e-03 ] 9.7792e-01
 1.167e+01 2.1005e-02 [ 1.7443e-06 3.6886e-04 2.0852e-03 1.3321e-02 5.2216e-03 ] 9.7900e-01
 1.179e+01 2.0018e-02 [ 1.4003e-06 3.2201e-04 1.8550e-03 1.2705e-02 5.1277e-03 ] 9.7998e-01
 1.190e+01 1.9113e-02 [ 1.1226e-06 2.8101e-04 1.6509e-03 1.2136e-02 5.0370e-03 ] 9.8089e-01
 1.201e+01 1.8281e-02 [ 8.9886e-07 2.4516e-04 1.4699e-03 1.1608e-02 4.9491e-03 ] 9.8172e-01
 1.213e+01 1.7515e-02 [ 7.1876e-07 2.1382e-04 1.3094e-03 1.1119e-02 4.8639e-03 ] 9.8248e-01
 1.224e+01 1.6809e-02 [ 5.7400e-07 1.8643e-04 1.1669e-03 1.0666e-02 4.7811e-03 ] 9.8319e-01
 1.235e+01 1.6157e-02 [ 4.5780e-07 1.6250e-04 1.0405e-03 1.0244e-02 4.7005e-03 ] 9.8384e-01
 1.247e+01 1.5554e-02 [ 3.6466e-07 1.4160e-04 9.2825e-04 9.8524e-03 4.6219e-03 ] 9.8445e-01
 1.258e+01 1.4995e-02 [ 2.9009e-07 1.2336e-04 8.2854e-04 9.4876e-03 4.5453e-03 ] 9.8501e-01
 1.269e+01 1.4476e-02 [ 2.3047e-07 1.0744e-04 7.3994e-04 9.1476e-03 4.4704e-03 ] 9.8552e-01
 1.281e+01 1.3993e-02 [ 1.8287e-07 9.3552e-05 6.6119e-04 8.8303e-03 4.3971e-03 ] 9.8601e-01
 1.292e+01 1.3543e-02 [ 1.4492e-07 8.1440e-05 5.9116e-04 8.5338e-03 4.3253e-03 ] 9.8646e-01
 1.303e+01 1.3123e-02 [ 1.1469e-07 7.0878e-05 5.2886e-04 8.2565e-03 4.2549e-03 ] 9.8688e-01
 1.315e+01 1.2731e-02 [ 9.0659e-08 6.1673e-05 4.7341e-04 7.9967e-03 4.1858e-03 ] 9.8727e-01
 1.326e+01 1.2362e-02 [ 7.1569e-08 5.3650e-05 4.2404e-04 7.7530e-03 4.1179e-03 ] 9.8764e-01
 1.337e+01 1.2016e-02 [ 5.6427e-08 4.6662e-05 3.8007e-04 7.5241e-03 4.0511e-03 ] 9.8798e-01
 1.349e+01 1.1691e-02 [ 4.4432e-08 4.0574e-05 3.4088e-04 7.3088e-03 3.9854e-03 ] 9.8831e-01
 1.360e+01 1.1384e-02 [ 3.4943e-08 3.5274e-05 3.0594e-04 7.1060e-03 3.9208e-03 ] 9.8862e-01
 1.371e+01 1.1094e-02 [ 2.7445e-08 3.0660e-05 2.7477e-04 6.9147e-03 3.8571e-03 ] 9.8891e-01
 1.383e+01 1.0820e-02 [ 2.1530e-08 2.6644e-05 2.4695e-04 6.7340e-03 3.7943e-03 ] 9.8918e-01
 1.394e+01 1.0559e-02 [ 1.6868e-08 2.3149e-05 2.2212e-04 6.5629e-03 3.7324e-03 ] 9.8944e-01
 1.405e+01 1.0312e-02 [ 1.3198e-08 2.0109e-05 1.9993e-04 6.4009e-03 3.6713e-03 ] 9.8969e-01
 1.417e+01 1.0076e-02 [ 1.0314e-08 1.7465e-05 1.8009e-04 6.2470e-03 3.6111e-03 ] 9.8992e-01
 1.428e+01 9.8518e-03 [ 8.0506e-09 1.5166e-05 1.6235e-04 6.1008e-03 3.5516e-03 ] 9.9015e-01
 1.439e+01 9.6371e-03 [ 6.2757e-09 1.3167e-05 1.4648e-04 5.9615e-03 3.4929e-03 ] 9.9036e-01
 1.451e+01 9.4316e-03 [ 4.8861e-09 1.1429e-05 1.3227e-04 5.8287e-03 3.4349e-03 ] 9.9057e-01
 1.462e+01 9.2346e-03 [ 3.7994e-09 9.9191e-06 1.1954e-04 5.7019e-03 3.3777e-03 ] 9.9077e-01
 1.473e+01 9.0453e-03 [ 2.9507e-09 8.6071e-06 1.0813e-04 5.5805e-03 3.3212e-03 ] 9.9095e-01
 1.485e+01 8.8632e-03 [ 2.2887e-09 7.4673e-06 9.7888e-05 5.4642e-03 3.2653e-03 ] 9.9114e-01
 1.496e+01 8.6877e-03 [ 1.7731e-09 6.4773e-06 8.8700e-05 5.3526e-03 3.2102e-03 ] 9.9131e-01
 1.507e+01 8.5184e-03 [ 1.3719e-09 5.6176e-06 8.0447e-05 5.2453e-03 3.1557e-03 ] 9.9148e-01
 1.519e+01 8.3547e-03 [ 1.0602e-09 4.8712e-06 7.3031e-05 5.1421e-03 3.1020e-03 ] 9.9165e-01
 1.530e+01 8.1964e-03 [ 8.1829e-10 4.2233e-06 6.6361e-05 5.0425e-03 3.0488e-03 ] 9.9180e-01
 1.541e+01 8.0429e-03 [ 6.3081e-10 3.6609e-06 6.0358e-05 4.9463e-03 2.9964e-03 ] 9.9196e-01
 1.553e+01 7.8940e-03 [ 4.8568e-10 3.1729e-06 5.4951e-05 4.8533e-03 2.9446e-03 ] 9.9211e-01
 1.564e+01 7.7494e-03 [ 3.7349e-10 2.7495e-06 5.0078e-05 4.7632e-03 2.8934e-03 ] 9.9225e-01
 1.575e+01 7.6087e-03 [ 2.8686e-10 2.3822e-06 4.5683e-05 4.6759e-03 2.8429e-03 ] 9.9239e-01
 1.587e+01 7.4718e-03 [ 2.2006e-10 2.0636e-06 4.1716e-05 4.5911e-03 2.7930e-03 ] 9.9253e-01
 1.598e+01 7.3384e-03 [ 1.6861e-10 1.7874e-06 3.8131e-05 4.5087e-03 2.7438e-03 ] 9.9266e-01
 1.609e+01 7.2083e-03 [ 1.2903e-10 1.5478e-06 3.4891e-05 4.4284e-03 2.6953e-03 ] 9.9279e-01
 1.621e+01 7.0813e-03 [ 9.8625e-11 1.3402e-06 3.1958e-05 4.3502e-03 2.6473e-03 ] 9.9292e-01
 1.632e+01 6.9573e-03 [ 7.5293e-11 1.1602e-06 2.9302e-05 4.2739e-03 2.6000e-03 ] 9.9304e-01
 1.643e+01 6.8360e-03 [ 5.7411e-11 1.0042e-06 2.6895e-05 4.1993e-03 2.5533e-03 ] 9.9316e-01
 1.655e+01 6.7173e-03 [ 4.3724e-11 8.6908e-07 2.4710e-05 4.1264e-03 2.5073e-03 ] 9.9328e-01
 1.666e+01 6.6011e-03 [ 3.3261e-11 7.5199e-07 2.2727e-05 4.0550e-03 2.4619e-03 ] 9.9340e-01
 1.677e+01 6.4873e-03 [ 2.5271e-11 6.5056e-07 2.0924e-05 3.9851e-03 2.4171e-03 ] 9.9351e-01
 1.689e+01 6.3758e-03 [ 1.9178e-11 5.6272e-07 1.9283e-05 3.9166e-03 2.3729e-03 ] 9.9362e-01
 1.700e+01 6.2664e-03 [ 1.4537e-11 4.8666e-07 1.7790e-05 3.8493e-03 2.3294e-03 ] 9.9373e-01
 1.711e+01 6.1592e-03 [ 1.1006e-11 4.2081e-07 1.6428e-05 3.7832e-03 2.2865e-03 ] 9.9384e-01
 1.723e+01 6.0539e-03 [ 8.3228e-12 3.6380e-07 1.5186e-05 3.7183e-03 2.2442e-03 ] 9.9395e-01
 1.734e+01 5.9506e-03 [ 6.2865e-12 3.1446e-07 1.4051e-05 3.6545e-03 2.2025e-03 ] 9.9405e-01
 1.745e+01 5.8491e-03 [ 4.7429e-12 2.7177e-07 1.3014e-05 3.5916e-03 2.1614e-03 ] 9.9415e-01
 1.757e+01 5.7494e-03 [ 3.5742e-12 2.3483e-07 1.2064e-05 3.5298e-03 2.1210e-03 ] 9.9425e-01
 1.768e+01 5.6515e-03 [ 2.6904e-12 2.0287e-07 1.1194e-05 3.4688e-03 2.0811e-03 ] 9.9435e-01
 1.779e+01 5.5552e-03 [ 2.0228e-12 1.7524e-07 1.0397e-05 3.4088e-03 2.0418e-03 ] 9.9444e-01
 1.791e+01 5.4606e-03 [ 1.5191e-12 1.5133e-07 9.6644e-06 3.3496e-03 2.0031e-03 ] 9.9454e-01
 1.802e+01 5.3676e-03 [ 1.1396e-12 1.3067e-07 8.9915e-06 3.2912e-03 1.9651e-03 ] 9.9463e-01
 1.813e+01 5.2762e-03 [ 8.5387e-13 1.1280e-07 8.3726e-06 3.2335e-03 1.9276e-03 ] 9.9472e-01
 1.825e+01 5.1863e-03 [ 6.3909e-13 9.7362e-08 7.8027e-06 3.1767e-03 1.8907e-03 ] 9.9481e-01
 1.836e+01 5.0980e-03 [ 4.7780e-13 8.4019e-08 7.2773e-06 3.1205e-03 1.8543e-03 ] 9.9490e-01
 1.847e+01 5.0111e-03 [ 3.5682e-13 7.2490e-08 6.7926e-06 3.0651e-03 1.8186e-03 ] 9.9499e-01
 1.859e+01 4.9256e-03 [ 2.6617e-13 6.2531e-08 6.3449e-06 3.0103e-03 1.7834e-03 ] 9.9507e-01
 1.870e+01 4.8416e-03 [ 1.9834e-13 5.3930e-08 5.9310e-06 2.9562e-03 1.7487e-03 ] 9.9516e-01
 1.881e+01 4.7590e-03 [ 1.4763e-13 4.6502e-08 5.5479e-06 2.9028e-03 1.7146e-03 ] 9.9524e-01
 1.893e+01 4.6778e-03 [ 1.0977e-13 4.0089e-08 5.1931e-06 2.8500e-03 1.6811e-03 ] 9.9532e-01
 1.904e+01 4.5980e-03 [ 8.1525e-14 3.4554e-08 4.8641e-06 2.7978e-03 1.6481e-03 ] 9.9540e-01
 1.915e+01 4.5195e-03 [ 6.0485e-14 2.9777e-08 4.5587e-06 2.7462e-03 1.6157e-03 ] 9.9548e-01
 1.927e+01 4.4424e-03 [ 4.4828e-14 2.5655e-08 4.2751e-06 2.6952e-03 1.5838e-03 ] 9.9556e-01
 1.938e+01 4.3667e-03 [ 3.3188e-14 2.2099e-08 4.0113e-06 2.6448e-03 1.5524e-03 ] 9.9563e-01
 1.949e+01 4.2922e-03 [ 2.4545e-14 1.9032e-08 3.7659e-06 2.5951e-03 1.5215e-03 ] 9.9571e-01
 1.961e+01 4.2191e-03 [ 1.8134e-14 1.6387e-08 3.5373e-06 2.5458e-03 1.4912e-03 ] 9.9578e-01
 1.972e+01 4.1473e-03 [ 1.3383e-14 1.4107e-08 3.3241e-06 2.4972e-03 1.4613e-03 ] 9.9585e-01
 1.983e+01 4.0769e-03 [ 9.8673e-15 1.2141e-08 3.1253e-06 2.4491e-03 1.4320e-03 ] 9.9592e-01
 1.995e+01 4.0077e-03 [ 7.2676e-15 1.0447e-08 2.9397e-06 2.4016e-03 1.4032e-03 ] 9.9599e-01
 2.006e+01 3.9398e-03 [ 5.3474e-15 8.9881e-09 2.7662e-06 2.3547e-03 1.3748e-03 ] 9.9606e-01
 2.017e+01 3.8732e-03 [ 3.9306e-15 7.7310e-09 2.6040e-06 2.3083e-03 1.3469e-03 ] 9.9613e-01
 2.029e+01 3.8079e-03 [ 2.8864e-15 6.6483e-09 2.4522e-06 2.2625e-03 1.3196e-03 ] 9.9619e-01
 2.040e+01 3.7439e-03 [ 2.1175e-15 5.7161e-09 2.3101e-06 2.2173e-03 1.2926e-03 ] 9.9626e-01
 2.051e+01 3.6812e-03 [ 1.5519e-15 4.9136e-09 2.1769e-06 2.1726e-03 1.2662e-03 ] 9.9632e-01
 2.063e+01 3.6198e-03 [ 1.1363e-15 4.2230e-09 2.0520e-06 2.1284e-03 1.2402e-03 ] 9.9638e-01
 2.074e+01 3.5596e-03 [ 8.3123e-16 3.6287e-09 1.9349e-06 2.0849e-03 1.2147e-03 ] 9.9644e-01
 2.085e+01 3.5007e-03 [ 6.0749e-16 3.1174e-09 1.8249e-06 2.0418e-03 1.1896e-03 ] 9.9650e-01
 2.097e+01 3.4432e-03 [ 4.4357e-16 2.6777e-09 1.7216e-06 1.9993e-03 1.1649e-03 ] 9.9656e-01
 2.108e+01 3.3868e-03 [ 3.2359e-16 2.2996e-09 1.6245e-06 1.9574e-03 1.1407e-03 ] 9.9661e-01
 2.119e+01 3.3318e-03 [ 2.3585e-16 1.9746e-09 1.5333e-06 1.9160e-03 1.1169e-03 ] 9.9667e-01
 2.131e+01 3.2781e-03 [ 1.7176e-16 1.6952e-09 1.4474e-06 1.8752e-03 1.0936e-03 ] 9.9672e-01
 2.142e+01 3.2256e-03 [ 1.2497e-16 1.4552e-09 1.3666e-06 1.8350e-03 1.0706e-03 ] 9.9677e-01
 2.153e+01 3.1744e-03 [ 9.0857e-17 1.2489e-09 1.2906e-06 1.7952e-03 1.0481e-03 ] 9.9683e-01
 2.165e+01 3.1245e-03 [ 6.6001e-17 1.0718e-09 1.2189e-06 1.7561e-03 1.0259e-03 ] 9.9688e-01
 2.176e+01 3.0759e-03 [ 4.7908e-17 9.1969e-10 1.1514e-06 1.7175e-03 1.0042e-03 ] 9.9692e-01
 2.187e+01 3.0286e-03 [ 3.4748e-17 7.8910e-10 1.0878e-06 1.6794e-03 9.8284e-04 ] 9.9697e-01
 2.199e+01 2.9825e-03 [ 2.5185e-17 6.7700e-10 1.0278e-06 1.6419e-03 9.6188e-04 ] 9.9702e-01
 2.210e+01 2.9377e-03 [ 1.8240e-17 5.8080e-10 9.7119e-07 1.6050e-03 9.4129e-04 ] 9.9706e-01
 2.221e+01 2.8942e-03 [ 1.3202e-17 4.9825e-10 9.1780e-07 1.5686e-03 9.2108e-04 ] 9.9711e-01
 2.233e+01 2.8520e-03 [ 9.5496e-18 4.2744e-10 8.6742e-07 1.5327e-03 9.0124e-04 ] 9.9715e-01
 2.244e+01 2.8111e-03 [ 6.9035e-18 3.6671e-10 8.1985e-07 1.4974e-03 8.8176e-04 ] 9.9719e-01
 2.255e+01 2.7715e-03 [ 4.9878e-18 3.1463e-10 7.7494e-07 1.4626e-03 8.6264e-04 ] 9.9723e-01
 2.267e+01 2.7331e-03 [ 3.6019e-18 2.6998e-10 7.3253e-07 1.4284e-03 8.4387e-04 ] 9.9727e-01
 2.278e+01 2.6961e-03 [ 2.5999e-18 2.3169e-10 6.9247e-07 1.3948e-03 8.2544e-04 ] 9.9730e-01
 2.289e+01 2.6603e-03 [ 1.8759e-18 1.9888e-10 6.5462e-07 1.3616e-03 8.0736e-04 ] 9.9734e-01
 2.301e+01 2.6259e-03 [ 1.3531e-18 1.7076e-10 6.1886e-07 1.3291e-03 7.8961e-04 ] 9.9737e-01
 2.312e+01 2.5927e-03 [ 9.7572e-19 1.4666e-10 5.8505e-07 1.2970e-03 7.7219e-04 ] 9.9741e-01
 2.323e+01 2.5608e-03 [ 7.0346e-19 1.2601e-10 5.5311e-07 1.2655e-03 7.5510e-04 ] 9.9744e-01
 2.335e+01 2.5302e-03 [ 5.0711e-19 1.0831e-10 5.2290e-07 1.2346e-03 7.3832e-04 ] 9.9747e-01
 2.346e+01 2.5009e-03 [ 3.6556e-19 9.3153e-11 4.9435e-07 1.2041e-03 7.2186e-04 ] 9.9750e-01
 2.357e+01 2.4729e-03 [ 2.6354e-19 8.0162e-11 4.6735e-07 1.1742e-03 7.0571e-04 ] 9.9753e-01
 2.369e+01 2.4462e-03 [ 1.9003e-19 6.9031e-11 4.4182e-07 1.1448e-03 6.8987e-04 ] 9.9755e-01
 2.380e+01 2.4208e-03 [ 1.3706e-19 5.9493e-11 4.1767e-07 1.1160e-03 6.7432e-04 ] 9.9758e-01
 2.391e+01 2.3967e-03 [ 9.8894e-20 5.1319e-11 3.9484e-07 1.0877e-03 6.5907e-04 ] 9.9760e-01
 2.403e+01 2.3739e-03 [ 7.1395e-20 4.4312e-11 3.7324e-07 1.0599e-03 6.4411e-04 ] 9.9763e-01
 2.414e+01 2.3524e-03 [ 5.1577e-20 3.8305e-11 3.5281e-07 1.0326e-03 6.2943e-04 ] 9.9765e-01
 2.425e+01 2.3322e-03 [ 3.7291e-20 3.3153e-11 3.3349e-07 1.0058e-03 6.1504e-04 ] 9.9767e-01
 2.437e+01 2.3133e-03 [ 2.6988e-20 2.8734e-11 3.1521e-07 9.7954e-04 6.0092e-04 ] 9.9769e-01
 2.448e+01 2.2957e-03 [ 1.9554e-20 2.4941e-11 2.9792e-07 9.5378e-04 5.8707e-04 ] 9.9770e-01
 2.459e+01 2.2794e-03 [ 1.4186e-20 2.1685e-11 2.8157e-07 9.2851e-04 5.7349e-04 ] 9.9772e-01
 2.471e+01 2.2644e-03 [ 1.0307e-20 1.8887e-11 2.6610e-07 9.0375e-04 5.6018e-04 ] 9.9774e-01
 2.482e+01 2.2507e-03 [ 7.5004e-21 1.6482e-11 2.5146e-07 8.7947e-04 5.4712e-04 ] 9.9775e-01
 2.493e+01 2.2383e-03 [ 5.4680e-21 1.4413e-11 2.3762e-07 8.5568e-04 5.3432e-04 ] 9.9776e-01
 2.505e+01 2.2273e-03 [ 3.9943e-21 1.2632e-11 2.2453e-07 8.3238e-04 5.2177e-04 ] 9.9777e-01
 2.516e+01 2.2175e-03 [ 2.9239e-21 1.1096e-11 2.1214e-07 8.0955e-04 5.0946e-04 ] 9.9778e-01
 2.527e+01 2.2090e-03 [ 2.1453e-21 9.7710e-12 2.0042e-07 7.8720e-04 4.9739e-04 ] 9.9779e-01
 2.539e+01 2.2018e-03 [ 1.5779e-21 8.6263e-12 1.8934e-07 7.6531e-04 4.8557e-04 ] 9.9780e-01
 2.550e+01 2.1959e-03 [ 1.1635e-21 7.6360e-12 1.7886e-07 7.4389e-04 4.7398e-04 ] 9.9780e-01
 2.561e+01 2.1914e-03 [ 8.6021e-22 6.7779e-12 1.6895e-07 7.2293e-04 4.6262e-04 ] 9.9781e-01
 2.573e+01 2.1881e-03 [ 6.3774e-22 6.0332e-12 1.5958e-07 7.0242e-04 4.5148e-04 ] 9.9781e-01
 2.584e+01 2.1862e-03 [ 4.7415e-22 5.3858e-12 1.5071e-07 6.8235e-04 4.4057e-04 ] 9.9781e-01
 2.595e+01 2.1855e-03 [ 3.5353e-22 4.8217e-12 1.4233e-07 6.6273e-04 4.2988e-04 ] 9.9781e-01
 2.607e+01 2.1862e-03 [ 2.6435e-22 4.3292e-12 1.3441e-07 6.4355e-04 4.1940e-04 ] 9.9781e-01
 2.618e+01 2.1881e-03 [ 1.9824e-22 3.8983e-12 1.2691e-07 6.2480e-04 4.0913e-04 ] 9.9781e-01
 2.629e+01 2.1914e-03 [ 1.4908e-22 3.5203e-12 1.1983e-07 6.0647e-04 3.9908e-04 ] 9.9781e-01
 2.641e+01 2.1959e-03 [ 1.1243e-22 3.1879e-12 1.1313e-07 5.8856e-04 3.8922e-04 ] 9.9780e-01
 2.652e+01 2.2018e-03 [ 8.5017e-23 2.8948e-12 1.0680e-07 5.7106e-04 3.7957e-04 ] 9.9780e-01
 2.663e+01 2.2090e-03 [ 6.4455e-23 2.6356e-12 1.0082e-07 5.5398e-04 3.7012e-04 ] 9.9779e-01
 2.675e+01 2.2175e-03 [ 4.8988e-23 2.4057e-12 9.5160e-08 5.3729e-04 3.6086e-04 ] 9.9778e-01
 2.686e+01 2.2273e-03 [ 3.7320e-23 2.2013e-12 8.9815e-08 5.2100e-04 3.5179e-04 ] 9.9777e-01
 2.697e+01 2.2383e-03 [ 2.8493e-23 2.0188e-12 8.4765e-08 5.0510e-04 3.4291e-04 ] 9.9776e-01
 2.709e+01 2.2507e-03 [ 2.1799e-23 1.8555e-12 7.9993e-08 4.8959e-04 3.3422e-04 ] 9.9775e-01
 2.720e+01 2.2644e-03 [ 1.6710e-23 1.7089e-12 7.5484e-08 4.7445e-04 3.2571e-04 ] 9.9774e-01
 2.731e+01 2.2794e-03 [ 1.2831e-23 1.5769e-12 7.1225e-08 4.5969e-04 3.1737e-04 ] 9.9772e-01
 2.743e+01 2.2957e-03 [ 9.8674e-24 1.4576e-12 6.7201e-08 4.4529e-04 3.0922e-04 ] 9.9770e-01
 2.754e+01 2.3133e-03 [ 7.5994e-24 1.3495e-12 6.3401e-08 4.3126e-04 3.0123e-04 ] 9.9769e-01
 2.765e+01 2.3322e-03 [ 5.8601e-24 1.2513e-12 5.9812e-08 4.1757e-04 2.9341e-04 ] 9.9767e-01
 2.777e+01 2.3524e-03 [ 4.5239e-24 1.1618e-12 5.6423e-08 4.0424e-04 2.8576e-04 ] 9.9765e-01
 2.788e+01 2.3739e-03 [ 3.4957e-24 1.0800e-12 5.3222e-08 3.9125e-04 2.7828e-04 ] 9.9763e-01
 2.799e+01 2.3967e-03 [ 2.7035e-24 1.0051e-12 5.0201e-08 3.7859e-04 2.7095e-04 ] 9.9760e-01
 2.811e+01 2.4208e-03 [ 2.0923e-24 9.3622e-13 4.7348e-08 3.6627e-04 2.6379e-04 ] 9.9758e-01
 2.822e+01 2.4462e-03 [ 1.6202e-24 8.7285e-13 4.4655e-08 3.5426e-04 2.5677e-04 ] 9.9755e-01
 2.833e+01 2.4729e-03 [ 1.2552e-24 8.1437e-13 4.2114e-08 3.4258e-04 2.4992e-04 ] 9.9753e-01
 2.845e+01 2.5009e-03 [ 9.7286e-25 7.6032e-13 3.9715e-08 3.3121e-04 2.4321e-04 ] 9.9750e-01
 2.856e+01 2.5302e-03 [ 7.5421e-25 7.1025e-13 3.7451e-08 3.2015e-04 2.3664e-04 ] 9.9747e-01
 2.867e+01 2.5608e-03 [ 5.8482e-25 6.6379e-13 3.5315e-08 3.0938e-04 2.3023e-04 ] 9.9744e-01
 2.879e+01 2.5927e-03 [ 4.5353e-25 6.2063e-13 3.3300e-08 2.9891e-04 2.2395e-04 ] 9.9741e-01
 2.890e+01 2.6259e-03 [ 3.5173e-25 5.8046e-13 3.1399e-08 2.8873e-04 2.1782e-04 ] 9.9737e-01
 2.901e+01 2.6603e-03 [ 2.7277e-25 5.4303e-13 2.9606e-08 2.7884e-04 2.1182e-04 ] 9.9734e-01
 2.913e+01 2.6961e-03 [ 2.1152e-25 5.0813e-13 2.7915e-08 2.6922e-04 2.0596e-04 ] 9.9730e-01
 2.924e+01 2.7331e-03 [ 1.6401e-25 4.7554e-13 2.6319e-08 2.5987e-04 2.0023e-04 ] 9.9727e-01
 2.935e+01 2.7715e-03 [ 1.2714e-25 4.4508e-13 2.4815e-08 2.5079e-04 1.9462e-04 ] 9.9723e-01
 2.947e+01 2.8111e-03 [ 9.8543e-26 4.1660e-13 2.3397e-08 2.4197e-04 1.8915e-04 ] 9.9719e-01
 2.958e+01 2.8520e-03 [ 7.6357e-26 3.8994e-13 2.2060e-08 2.3340e-04 1.8380e-04 ] 9.9715e-01
 2.969e+01 2.8942e-03 [ 5.9149e-26 3.6499e-13 2.0799e-08 2.2508e-04 1.7858e-04 ] 9.9711e-01
 2.981e+01 2.9377e-03 [ 4.5805e-26 3.4161e-13 1.9611e-08 2.1701e-04 1.7347e-04 ] 9.9706e-01
 2.992e+01 2.9825e-03 [ 3.5458e-26 3.1970e-13 1.8491e-08 2.0918e-04 1.6848e-04 ] 9.9702e-01
 3.003e+01 3.0286e-03 [ 2.7439e-26 2.9917e-13 1.7436e-08 2.0158e-04 1.6361e-04 ] 9.9697e-01
 3.015e+01 3.0759e-03 [ 2.1225e-26 2.7991e-13 1.6442e-08 1.9421e-04 1.5886e-04 ] 9.9692e-01
 3.026e+01 3.1245e-03 [ 1.6412e-26 2.6185e-13 1.5505e-08 1.8706e-04 1.5421e-04 ] 9.9688e-01
 3.037e+01 3.1744e-03 [ 1.2685e-26 2.4492e-13 1.4622e-08 1.8013e-04 1.4968e-04 ] 9.9683e-01
 3.049e+01 3.2256e-03 [ 9.7998e-27 2.2903e-13 1.3790e-08 1.7341e-04 1.4525e-04 ] 9.9677e-01
 3.060e+01 3.2781e-03 [ 7.5676e-27 2.1413e-13 1.3007e-08 1.6690e-04 1.4093e-04 ] 9.9672e-01
 3.071e+01 3.3318e-03 [ 5.8411e-27 2.0015e-13 1.2269e-08 1.6059e-04 1.3671e-04 ] 9.9667e-01
 3.083e+01 3.3868e-03 [ 4.5064e-27 1.8705e-13 1.1574e-08 1.5448e-04 1.3260e-04 ] 9.9661e-01
 3.094e+01 3.4432e-03 [ 3.4750e-27 1.7475e-13 1.0919e-08 1.4857e-04 1.2858e-04 ] 9.9656e-01
 3.105e+01 3.5007e-03 [ 2.6784e-27 1.6322e-13 1.0303e-08 1.4284e-04 1.2467e-04 ] 9.9650e-01
 3.117e+01 3.5596e-03 [ 2.0634e-27 1.5241e-13 9.7227e-09 1.3730e-04 1.2085e-04 ] 9.9644e-01
 3.128e+01 3.6198e-03 [ 1.5888e-27 1.4228e-13 9.1763e-09 1.3193e-04 1.1712e-04 ] 9.9638e-01
 3.139e+01 3.6812e-03 [ 1.2227e-27 1.3278e-13 8.6620e-09 1.2675e-04 1.1348e-04 ] 9.9632e-01
 3.151e+01 3.7439e-03 [ 9.4056e-28 1.2388e-13 8.1778e-09 1.2173e-04 1.0994e-04 ] 9.9626e-01
 3.162e+01 3.8079e-03 [ 7.2313e-28 1.1554e-13 7.7220e-09 1.1688e-04 1.0649e-04 ] 9.9619e-01
 3.173e+01 3.8732e-03 [ 5.5569e-28 1.0774e-13 7.2930e-09 1.1219e-04 1.0312e-04 ] 9.9613e-01
 3.185e+01 3.9398e-03 [ 4.2679e-28 1.0042e-13 6.8893e-09 1.0765e-04 9.9838e-05 ] 9.9606e-01
 3.196e+01 4.0077e-03 [ 3.2763e-28 9.3578e-14 6.5093e-09 1.0328e-04 9.6640e-05 ] 9.9599e-01
 3.207e+01 4.0769e-03 [ 2.5138e-28 8.7172e-14 6.1517e-09 9.9047e-05 9.3525e-05 ] 9.9592e-01
 3.219e+01 4.1473e-03 [ 1.9277e-28 8.1179e-14 5.8152e-09 9.4963e-05 9.0490e-05 ] 9.9585e-01
 3.230e+01 4.2191e-03 [ 1.4776e-28 7.5573e-14 5.4986e-09 9.1021e-05 8.7534e-05 ] 9.9578e-01
 3.241e+01 4.2922e-03 [ 1.1319e-28 7.0332e-14 5.2006e-09 8.7217e-05 8.4655e-05 ] 9.9571e-01
 3.253e+01 4.3667e-03 [ 8.6669e-29 6.5433e-14 4.9203e-09 8.3547e-05 8.1852e-05 ] 9.9563e-01
 3.264e+01 4.4424e-03 [ 6.6327e-29 6.0855e-14 4.6565e-09 8.0007e-05 7.9123e-05 ] 9.9556e-01
 3.275e+01 4.5195e-03 [ 5.0733e-29 5.6579e-14 4.4084e-09 7.6594e-05 7.6467e-05 ] 9.9548e-01
 3.287e+01 4.5980e-03 [ 3.8785e-29 5.2586e-14 4.1749e-09 7.3303e-05 7.3883e-05 ] 9.9540e-01
 3.298e+01 4.6778e-03 [ 2.9636e-29 4.8858e-14 3.9552e-09 7.0132e-05 7.1368e-05 ] 9.9532e-01
 3.309e+01 4.7590e-03 [ 2.2634e-29 4.5380e-14 3.7486e-09 6.7078e-05 6.8922e-05 ] 9.9524e-01
 3.321e+01 4.8416e-03 [ 1.7277e-29 4.2135e-14 3.5541e-09 6.4136e-05 6.6543e-05 ] 9.9516e-01
 3.332e+01 4.9256e-03 [ 1.3181e-29 3.9109e-14 3.3712e-09 6.1303e-05 6.4229e-05 ] 9.9507e-01
 3.343e+01 5.0111e-03 [ 1.0051e-29 3.6289e-14 3.1991e-09 5.8577e-05 6.1979e-05 ] 9.9499e-01
 3.355e+01 5.0980e-03 [ 7.6608e-30 3.3660e-14 3.0372e-09 5.5954e-05 5.9793e-05 ] 9.9490e-01
 3.366e+01 5.1863e-03 [ 5.8358e-30 3.1211e-14 2.8849e-09 5.3431e-05 5.7668e-05 ] 9.9481e-01
 3.377e+01 5.2762e-03 [ 4.4434e-30 2.8931e-14 2.7416e-09 5.1005e-05 5.5603e-05 ] 9.9472e-01
 3.389e+01 5.3676e-03 [ 3.3814e-30 2.6809e-14 2.6067e-09 4.8673e-05 5.3598e-05 ] 9.9463e-01
 3.400e+01 5.4606e-03 [ 2.5720e-30 2.4834e-14 2.4798e-09 4.6432e-05 5.1650e-05 ] 9.9454e-01
 3.411e+01 5.5552e-03 [ 1.9554e-30 2.2996e-14 2.3604e-09 4.4279e-05 4.9759e-05 ] 9.9444e-01
 3.423e+01 5.6515e-03 [ 1.4859e-30 2.1288e-14 2.2480e-09 4.2212e-05 4.7923e-05 ] 9.9435e-01
 3.434e+01 5.7494e-03 [ 1.1285e-30 1.9699e-14 2.1423e-09 4.0227e-05 4.6141e-05 ] 9.9425e-01
 3.445e+01 5.8491e-03 [ 8.5667e-31 1.8224e-14 2.0427e-09 3.8323e-05 4.4412e-05 ] 9.9415e-01
 3.457e+01 5.9506e-03 [ 6.5000e-31 1.6853e-14 1.9490e-09 3.6497e-05 4.2735e-05 ] 9.9405e-01
 3.468e+01 6.0539e-03 [ 4.9294e-31 1.5580e-14 1.8608e-09 3.4745e-05 4.1108e-05 ] 9.9395e-01
 3.479e+01 6.1592e-03 [ 3.7366e-31 1.4398e-14 1.7777e-09 3.3066e-05 3.9531e-05 ] 9.9384e-01
 3.491e+01 6.2664e-03 [ 2.8310e-31 1.3302e-14 1.6995e-09 3.1458e-05 3.8002e-05 ] 9.9373e-01
 3.502e+01 6.3758e-03 [ 2.1438e-31 1.2285e-14 1.6259e-09 2.9917e-05 3.6521e-05 ] 9.9362e-01
 3.513e+01 6.4873e-03 [ 1.6227e-31 1.1342e-14 1.5565e-09 2.8442e-05 3.5086e-05 ] 9.9351e-01
 3.525e+01 6.6011e-03 [ 1.2276e-31 1.0468e-14 1.4912e-09 2.7030e-05 3.3696e-05 ] 9.9340e-01
 3.536e+01 6.7173e-03 [ 9.2830e-32 9.6583e-15 1.4296e-09 2.5679e-05 3.2351e-05 ] 9.9328e-01
 3.547e+01 6.8360e-03 [ 7.0163e-32 8.9082e-15 1.3716e-09 2.4387e-05 3.1048e-05 ] 9.9316e-01
 3.559e+01 6.9573e-03 [ 5.3006e-32 8.2137e-15 1.3169e-09 2.3153e-05 2.9788e-05 ] 9.9304e-01
 3.570e+01 7.0813e-03 [ 4.0025e-32 7.5708e-15 1.2653e-09 2.1973e-05 2.8569e-05 ] 9.9292e-01
 3.581e+01 7.2083e-03 [ 3.0209e-32 6.9761e-15 1.2167e-09 2.0846e-05 2.7390e-05 ] 9.9279e-01
 3.593e+01 7.3384e-03 [ 2.2790e-32 6.4260e-15 1.1708e-09 1.9771e-05 2.6251e-05 ] 9.9266e-01
 3.604e+01 7.4718e-03 [ 1.7185e-32 5.9173e-15 1.1276e-09 1.8744e-05 2.5150e-05 ] 9.9253e-01
 3.615e+01 7.6087e-03 [ 1.2952e-32 5.4472e-15 1.0868e-09 1.7765e-05 2.4086e-05 ] 9.9239e-01
 3.627e+01 7.7494e-03 [ 9.7576e-33 5.0129e-15 1.0483e-09 1.6832e-05 2.3059e-05 ] 9.9225e-01
 3.638e+01 7.8940e-03 [ 7.3475e-33 4.6117e-15 1.0119e-09 1.5942e-05 2.2067e-05 ] 9.9211e-01
 3.649e+01 8.0429e-03 [ 5.5302e-33 4.2413e-15 9.7753e-10 1.5095e-05 2.1110e-05 ] 9.9196e-01
 3.661e+01 8.1964e-03 [ 4.1605e-33 3.8994e-15 9.4508e-10 1.4289e-05 2.0187e-05 ] 9.9180e-01
 3.672e+01 8.3547e-03 [ 3.1286e-33 3.5839e-15 9.1442e-10 1.3521e-05 1.9297e-05 ] 9.9165e-01
 3.683e+01 8.5184e-03 [ 2.3516e-33 3.2930e-15 8.8544e-10 1.2791e-05 1.8439e-05 ] 9.9148e-01
 3.695e+01 8.6877e-03 [ 1.7667e-33 3.0247e-15 8.5804e-10 1.2097e-05 1.7613e-05 ] 9.9131e-01
 3.706e+01 8.8632e-03 [ 1.3268e-33 2.7774e-15 8.3212e-10 1.1437e-05 1.6817e-05 ] 9.9114e-01
 3.717e+01 9.0453e-03 [ 9.9591e-34 2.5496e-15 8.0760e-10 1.0811e-05 1.6051e-05 ] 9.9095e-01
 3.729e+01 9.2346e-03 [ 7.4723e-34 2.3398e-15 7.8439e-10 1.0217e-05 1.5314e-05 ] 9.9077e-01
 3.740e+01 9.4316e-03 [ 5.6040e-34 2.1465e-15 7.6242e-10 9.6527e-06 1.4605e-05 ] 9.9057e-01
 3.751e+01 9.6371e-03 [ 4.2009e-34 1.9687e-15 7.4161e-10 9.1180e-06 1.3924e-05 ] 9.9036e-01
 3.763e+01 9.8518e-03 [ 3.1478e-34 1.8050e-15 7.2190e-10 8.6112e-06 1.3269e-05 ] 9.9015e-01
 3.774e+01 1.0076e-02 [ 2.3576e-34 1.6544e-15 7.0323e-10 8.1311e-06 1.2641e-05 ] 9.8992e-01
 3.785e+01 1.0312e-02 [ 1.7650e-34 1.5160e-15 6.8552e-10 7.6767e-06 1.2037e-05 ] 9.8969e-01
 3.797e+01 1.0559e-02 [ 1.3208e-34 1.3887e-15 6.6874e-10 7.2468e-06 1.1458e-05 ] 9.8944e-01
 3.808e+01 1.0820e-02 [ 9.8799e-35 1.2718e-15 6.5282e-10 6.8402e-06 1.0903e-05 ] 9.8918e-01
 3.819e+01 1.1094e-02 [ 7.3871e-35 1.1643e-15 6.3773e-10 6.4561e-06 1.0371e-05 ] 9.8891e-01
 3.831e+01 1.1384e-02 [ 5.5208e-35 1.0657e-15 6.2341e-10 6.0932e-06 9.8616e-06 ] 9.8862e-01
 3.842e+01 1.1691e-02 [ 4.1243e-35 9.7507e-16 6.0983e-10 5.7507e-06 9.3738e-06 ] 9.8831e-01
 3.853e+01 1.2016e-02 [ 3.0797e-35 8.9193e-16 5.9695e-10 5.4275e-06 8.9072e-06 ] 9.8798e-01
 3.865e+01 1.2362e-02 [ 2.2987e-35 8.1565e-16 5.8473e-10 5.1229e-06 8.4611e-06 ] 9.8764e-01
 3.876e+01 1.2731e-02 [ 1.7150e-35 7.4568e-16 5.7314e-10 4.8359e-06 8.0348e-06 ] 9.8727e-01
 3.887e+01 1.3123e-02 [ 1.2790e-35 6.8152e-16 5.6215e-10 4.5656e-06 7.6278e-06 ] 9.8688e-01
 3.899e+01 1.3543e-02 [ 9.5345e-36 6.2271e-16 5.5174e-10 4.3113e-06 7.2393e-06 ] 9.8646e-01
 3.910e+01 1.3993e-02 [ 7.1045e-36 5.6881e-16 5.4189e-10 4.0721e-06 6.8688e-06 ] 9.8601e-01
 3.921e+01 1.4476e-02 [ 5.2916e-36 5.1944e-16 5.3256e-10 3.8474e-06 6.5158e-06 ] 9.8552e-01
 3.933e+01 1.4995e-02 [ 3.9396e-36 4.7422e-16 5.2375e-10 3.6364e-06 6.1795e-06 ] 9.8501e-01
 3.944e+01 1.5554e-02 [ 2.9319e-36 4.3282e-16 5.1544e-10 3.4383e-06 5.8595e-06 ] 9.8445e-01
 3.955e+01 1.6157e-02 [ 2.1809e-36 3.9493e-16 5.0761e-10 3.2526e-06 5.5552e-06 ] 9.8384e-01
 3.967e+01 1.6809e-02 [ 1.6217e-36 3.6026e-16 5.0025e-10 3.0785e-06 5.2660e-06 ] 9.8319e-01
 3.978e+01 1.7515e-02 [ 1.2053e-36 3.2854e-16 4.9336e-10 2.9156e-06 4.9915e-06 ] 9.8248e-01
 3.989e+01 1.8281e-02 [ 8.9545e-37 2.9953e-16 4.8694e-10 2.7632e-06 4.7309e-06 ] 9.8172e-01
 4.001e+01 1.9113e-02 [ 6.6498e-37 2.7301e-16 4.8097e-10 2.6207e-06 4.4840e-06 ] 9.8089e-01
 4.012e+01 2.0018e-02 [ 4.9361e-37 2.4878e-16 4.7546e-10 2.4876e-06 4.2501e-06 ] 9.7998e-01
 4.023e+01 2.1005e-02 [ 3.6625e-37 2.2663e-16 4.7041e-10 2.3635e-06 4.0287e-06 ] 9.7900e-01
 4.035e+01 2.2081e-02 [ 2.7163e-37 2.0639e-16 4.6583e-10 2.2478e-06 3.8194e-06 ] 9.7792e-01
 4.046e+01 2.3257e-02 [ 2.0137e-37 1.8792e-16 4.6173e-10 2.1402e-06 3.6217e-06 ] 9.7674e-01
 4.057e+01 2.4545e-02 [ 1.4921e-37 1.7105e-16 4.5812e-10 2.0401e-06 3.4351e-06 ] 9.7546e-01
 4.069e+01 2.5955e-02 [ 1.1052e-37 1.5565e-16 4.5502e-10 1.9471e-06 3.2593e-06 ] 9.7405e-01
 4.080e+01 2.7501e-02 [ 8.1822e-38 1.4160e-16 4.5245e-10 1.8609e-06 3.0936e-06 ] 9.7250e-01
 4.091e+01 2.9199e-02 [ 6.0549e-38 1.2878e-16 4.5044e-10 1.7812e-06 2.9379e-06 ] 9.7080e-01
 4.103e+01 3.1064e-02 [ 4.4786e-38 1.1709e-16 4.4902e-10 1.7076e-06 2.7915e-06 ] 9.6894e-01
 4.114e+01 3.3116e-02 [ 3.3111e-38 1.0643e-16 4.4822e-10 1.6397e-06 2.6541e-06 ] 9.6688e-01
 4.125e+01 3.5375e-02 [ 2.4468e-38 9.6709e-17 4.4808e-10 1.5773e-06 2.5254e-06 ] 9.6462e-01
 4.137e+01 3.7863e-02 [ 1.8073e-38 8.7852e-17 4.4866e-10 1.5201e-06 2.4050e-06 ] 9.6214e-01
 4.148e+01 4.0605e-02 [ 1.3342e-38 7.9782e-17 4.4999e-10 1.4679e-06 2.2924e-06 ] 9.5939e-01
 4.159e+01 4.3629e-02 [ 9.8448e-39 7.2430e-17 4.5215e-10 1.4204e-06 2.1874e-06 ] 9.5637e-01
 4.171e+01 4.6964e-02 [ 7.2604e-39 6.5736e-17 4.5520e-10 1.3774e-06 2.0896e-06 ] 9.5304e-01
 4.182e+01 5.0642e-02 [ 5.3516e-39 5.9640e-17 4.5920e-10 1.3386e-06 1.9987e-06 ] 9.4936e-01
 4.193e+01 5.4701e-02 [ 3.9425e-39 5.4091e-17 4.6424e-10 1.3040e-06 1.9143e-06 ] 9.4530e-01
 4.205e+01 5.9177e-02 [ 2.9027e-39 4.9041e-17 4.7041e-10 1.2734e-06 1.8362e-06 ] 9.4082e-01
 4.216e+01 6.4113e-02 [ 2.1359e-39 4.4446e-17 4.7780e-10 1.2465e-06 1.7640e-06 ] 9.3589e-01
 4.227e+01 6.9554e-02 [ 1.5707e-39 4.0267e-17 4.8650e-10 1.2233e-06 1.6975e-06 ] 9.3045e-01
 4.239e+01 7.5546e-02 [ 1.1543e-39 3.6465e-17 4.9662e-10 1.2036e-06 1.6364e-06 ] 9.2445e-01
 4.250e+01 8.2138e-02 [ 8.4776e-40 3.3008e-17 5.0827e-10 1.1873e-06 1.5803e-06 ] 9.1786e-01
 4.261e+01 8.9384e-02 [ 6.2216e-40 2.9865e-17 5.2157e-10 1.1742e-06 1.5292e-06 ] 9.1062e-01
 4.273e+01 9.7334e-02 [ 4.5626e-40 2.7008e-17 5.3662e-10 1.1643e-06 1.4826e-06 ] 9.0267e-01
 4.284e+01 1.0604e-01 [ 3.3433e-40 2.4412e-17 5.5353e-10 1.1574e-06 1.4404e-06 ] 8.9396e-01
 4.295e+01 1.1556e-01 [ 2.4478e-40 2.2052e-17 5.7241e-10 1.1534e-06 1.4022e-06 ] 8.8444e-01
 4.307e+01 1.2594e-01 [ 1.7905e-40 1.9908e-17 5.9335e-10 1.1521e-06 1.3678e-06 ] 8.7406e-01
 4.318e+01 1.3721e-01 [ 1.3085e-40 1.7961e-17 6.1641e-10 1.1535e-06 1.3371e-06 ] 8.6279e-01
 4.329e+01 1.4943e-01 [ 9.5524e-41 1.6191e-17 6.4166e-10 1.1573e-06 1.3096e-06 ] 8.5057e-01
 4.341e+01 1.6261e-01 [ 6.9659e-41 1.4584e-17 6.6909e-10 1.1634e-06 1.2851e-06 ] 8.3739e-01
 4.352e+01 1.7677e-01 [ 5.0738e-41 1.3124e-17 6.9869e-10 1.1715e-06 1.2634e-06 ] 8.2323e-01
 4.363e+01 1.9190e-01 [ 3.6908e-41 1.1799e-17 7.3038e-10 1.1814e-06 1.2441e-06 ] 8.0810e-01
 4.375e+01 2.0797e-01 [ 2.6812e-41 1.0595e-17 7.6401e-10 1.1927e-06 1.2271e-06 ] 7.9203e-01
 4.386e+01 2.2493e-01 [ 1.9448e-41 9.5014e-18 7.9936e-10 1.2052e-06 1.2119e-06 ] 7.7507e-01
 4.397e+01 2.4270e-01 [ 1.4084e-41 8.5089e-18 8.3615e-10 1.2184e-06 1.1982e-06 ] 7.5730e-01
 4.409e+01 2.6115e-01 [ 1.0182e-41 7.6080e-18 8.7398e-10 1.2319e-06 1.1858e-06 ] 7.3885e-01
 4.420e+01 2.8014e-01 [ 7.3468e-42 6.7906e-18 9.1237e-10 1.2453e-06 1.1743e-06 ] 7.1986e-01
 4.431e+01 2.9948e-01 [ 5.2906e-42 6.0492e-18 9.5074e-10 1.2579e-06 1.1633e-06 ] 7.0052e-01
 4.443e+01 3.1893e-01 [ 3.8016e-42 5.3772e-18 9.8844e-10 1.2694e-06 1.1526e-06 ] 6.8107e-01
 4.454e+01 3.3823e-01 [ 2.7254e-42 4.7686e-18 1.0247e-09 1.2791e-06 1.1418e-06 ] 6.6177e-01
 4.465e+01 3.5709e-01 [ 1.9491e-42 4.2182e-18 1.0588e-09 1.2864e-06 1.1305e-06 ] 6.4291e-01
 4.477e+01 3.7518e-01 [ 1.3902e-42 3.7209e-18 1.0897e-09 1.2908e-06 1.1186e-06 ] 6.2482e-01
 4.488e+01 3.9219e-01 [ 9.8891e-43 3.2725e-18 1.1168e-09 1.2919e-06 1.1057e-06 ] 6.0781e-01
 4.499e+01 4.0776e-01 [ 7.0140e-43 2.8690e-18 1.1391e-09 1.2890e-06 1.0917e-06 ] 5.9224e-01
 4.511e+01 4.2159e-01 [ 4.9598e-43 2.5068e-18 1.1559e-09 1.2820e-06 1.0762e-06 ] 5.7841e-01
 4.522e+01 4.3335e-01 [ 3.4962e-43 2.1825e-18 1.1666e-09 1.2704e-06 1.0593e-06 ] 5.6665e-01
 4.533e+01 4.4278e-01 [ 2.4566e-43 1.8931e-18 1.1706e-09 1.2541e-06 1.0407e-06 ] 5.5722e-01
 4.545e+01 4.4966e-01 [ 1.7203e-43 1.6357e-18 1.1675e-09 1.2329e-06 1.0204e-06 ] 5.5034e-01
 4.556e+01 4.5383e-01 [ 1.2006e-43 1.4076e-18 1.1572e-09 1.2070e-06 9.9830e-07 ] 5.4617e-01
 4.567e+01 4.5517e-01 [ 8.3503e-44 1.2064e-18 1.1397e-09 1.1764e-06 9.7454e-07 ] 5.4483e-01
 4.579e+01 4.5366e-01 [ 5.7871e-44 1.0295e-18 1.1151e-09 1.1414e-06 9.4911e-07 ] 5.4634e-01
 4.590e+01 4.4933e-01 [ 3.9964e-44 8.7480e-19 1.0839e-09 1.1024e-06 9.2210e-07 ] 5.5067e-01
 4.601e+01 4.4229e-01 [ 2.7499e-44 7.4009e-19 1.0466e-09 1.0597e-06 8.9364e-07 ] 5.5771e-01
 4.613e+01 4.3270e-01 [ 1.8854e-44 6.2336e-19 1.0039e-09 1.0139e-06 8.6389e-07 ] 5.6730e-01
 4.624e+01 4.2078e-01 [ 1.2881e-44 5.2271e-19 9.5669e-10 9.6561e-07 8.3301e-07 ] 5.7922e-01
 4.635e+01 4.0681e-01 [ 8.7688e-45 4.3637e-19 9.0584e-10 9.1535e-07 8.0121e-07 ] 5.9319e-01
 4.647e+01 3.9109e-01 [ 5.9485e-45 3.6269e-19 8.5231e-10 8.6377e-07 7.6870e-07 ] 6.0891e-01
 4.658e+01 3.7395e-01 [ 4.0213e-45 3.0014e-19 7.9705e-10 8.1149e-07 7.3570e-07 ] 6.2605e-01
 4.669e+01 3.5573e-01 [ 2.7094e-45 2.4731e-19 7.4098e-10 7.5911e-07 7.0246e-07 ] 6.4427e-01
 4.681e+01 3.3674e-01 [ 1.8195e-45 2.0294e-19 6.8497e-10 7.0719e-07 6.6919e-07 ] 6.6326e-01
 4.692e+01 3.1733e-01 [ 1.2180e-45 1.6585e-19 6.2978e-10 6.5622e-07 6.3611e-07 ] 6.8267e-01
 4.703e+01 2.9777e-01 [ 8.1290e-46 1.3501e-19 5.7609e-10 6.0665e-07 6.0342e-07 ] 7.0223e-01
 4.715e+01 2.7832e-01 [ 5.4095e-46 1.0950e-19 5.2444e-10 5.5885e-07 5.7132e-07 ] 7.2168e-01
 4.726e+01 2.5923e-01 [ 3.5897e-46 8.8482e-20 4.7527e-10 5.1311e-07 5.3996e-07 ] 7.4077e-01
 4.737e+01 2.4068e-01 [ 2.3759e-46 7.1257e-20 4.2890e-10 4.6966e-07 5.0946e-07 ] 7.5932e-01
 4.749e+01 2.2281e-01 [ 1.5685e-46 5.7199e-20 3.8555e-10 4.2865e-07 4.7996e-07 ] 7.7719e-01
 4.760e+01 2.0575e-01 [ 1.0331e-46 4.5773e-20 3.4532e-10 3.9018e-07 4.5152e-07 ] 7.9425e-01
 4.771e+01 1.8959e-01 [ 6.7894e-47 3.6524e-20 3.0825e-10 3.5428e-07 4.2420e-07 ] 8.1041e-01
 4.783e+01 1.7437e-01 [ 4.4524e-47 2.9063e-20 2.7432e-10 3.2094e-07 3.9805e-07 ] 8.2563e-01
 4.794e+01 1.6011e-01 [ 2.9141e-47 2.3068e-20 2.4342e-10 2.9012e-07 3.7307e-07 ] 8.3989e-01
 4.805e+01 1.4684e-01 [ 1.9037e-47 1.8264e-20 2.1544e-10 2.6173e-07 3.4927e-07 ] 8.5316e-01
 4.817e+01 1.3453e-01 [ 1.2414e-47 1.4428e-20 1.9020e-10 2.3567e-07 3.2663e-07 ] 8.6547e-01
 4.828e+01 1.2315e-01 [ 8.0817e-48 1.1373e-20 1.6754e-10 2.1183e-07 3.0513e-07 ] 8.7685e-01
 4.839e+01 1.1267e-01 [ 5.2527e-48 8.9458e-21 1.4727e-10 1.9006e-07 2.8473e-07 ] 8.8733e-01
 4.851e+01 1.0306e-01 [ 3.4086e-48 7.0230e-21 1.2918e-10 1.7025e-07 2.6538e-07 ] 8.9694e-01
 4.862e+01 9.4242e-02 [ 2.2086e-48 5.5031e-21 1.1310e-10 1.5225e-07 2.4705e-07 ] 9.0576e-01
 4.873e+01 8.6184e-02 [ 1.4289e-48 4.3043e-21 9.8832e-11 1.3591e-07 2.2967e-07 ] 9.1382e-01
 4.885e+01 7.8826e-02 [ 9.2314e-49 3.3606e-21 8.6204e-11 1.2112e-07 2.1320e-07 ] 9.2117e-01
 4.896e+01 7.2115e-02 [ 5.9549e-49 2.6192e-21 7.5049e-11 1.0775e-07 1.9760e-07 ] 9.2789e-01
 4.907e+01 6.5999e-02 [ 3.8356e-49 2.0377e-21 6.5212e-11 9.5659e-08 1.8280e-07 ] 9.3400e-01
 4.919e+01 6.0427e-02 [ 2.4667e-49 1.5826e-21 5.6552e-11 8.4751e-08 1.6877e-07 ] 9.3957e-01
 4.930e+01 5.5351e-02 [ 1.5838e-49 1.2269e-21 4.8938e-11 7.4915e-08 1.5545e-07 ] 9.4465e-01
 4.941e+01 5.0724e-02 [ 1.0152e-49 9.4931e-22 4.2252e-11 6.6053e-08 1.4281e-07 ] 9.4928e-01
 4.953e+01 4.6505e-02 [ 6.4958e-50 7.3310e-22 3.6388e-11 5.8076e-08 1.3081e-07 ] 9.5350e-01
 4.964e+01 4.2652e-02 [ 4.1482e-50 5.6494e-22 3.1251e-11 5.0901e-08 1.1941e-07 ] 9.5735e-01
 4.975e+01 3.9128e-02 [ 2.6434e-50 4.3436e-22 2.6755e-11 4.4453e-08 1.0858e-07 ] 9.6087e-01
 4.987e+01 3.5899e-02 [ 1.6806e-50 3.3312e-22 2.2824e-11 3.8664e-08 9.8296e-08 ] 9.6410e-01
 4.998e+01 3.2932e-02 [ 1.0657e-50 2.5476e-22 1.9391e-11 3.3471e-08 8.8537e-08 ] 9.6707e-01
 5.009e+01 3.0198e-02 [ 6.7377e-51 1.9421e-22 1.6396e-11 2.8820e-08 7.9283e-08 ] 9.6980e-01
 5.021e+01 2.7669e-02 [ 4.2457e-51 1.4751e-22 1.3787e-11 2.4660e-08 7.0519e-08 ] 9.7233e-01
 5.032e+01 2.5319e-02 [ 2.6651e-51 1.1156e-22 1.1517e-11 2.0947e-08 6.2234e-08 ] 9.7468e-01
 5.043e+01 2.3125e-02 [ 1.6655e-51 8.3935e-23 9.5464e-12 1.7640e-08 5.4422e-08 ] 9.7688e-01
 5.055e+01 2.1064e-02 [ 1.0353e-51 6.2761e-23 7.8393e-12 1.4704e-08 4.7081e-08 ] 9.7894e-01
 5.066e+01 1.9116e-02 [ 6.3953e-52 4.6570e-23 6.3649e-12 1.2106e-08 4.0210e-08 ] 9.8088e-01
 5.077e+01 1.7262e-02 [ 3.9203e-52 3.4223e-23 5.0963e-12 9.8202e-09 3.3817e-08 ] 9.8274e-01
 5.089e+01 1.5482e-02 [ 2.3802e-52 2.4838e-23 4.0103e-12 7.8204e-09 2.7908e-08 ] 9.8452e-01
 5.100e+01 1.3759e-02 [ 1.4276e-52 1.7732e-23 3.0870e-12 6.0854e-09 2.2498e-08 ] 9.8624e-01
 5.111e+01 1.2076e-02 [ 8.4247e-53 1.2381e-23 2.3091e-12 4.5963e-09 1.7602e-08 ] 9.8792e-01
 5.123e+01 1.0416e-02 [ 4.8602e-53 8.3786e-24 1.6624e-12 3.3372e-09 1.3242e-08 ] 9.8958e-01
 5.134e+01 8.7624e-03 [ 2.7112e-53 5.4180e-24 1.1346e-12 2.2942e-09 9.4411e-09 ] 9.9124e-01
 5.145e+01 7.0997e-03 [ 1.4331e-53 3.2668e-24 7.1582e-13 1.4562e-09 6.2291e-09 ] 9.9290e-01
 5.157e+01 5.4065e-03 [ 6.8839e-54 1.7527e-24 3.9816e-13 8.1377e-10 3.6389e-09 ] 9.9459e-01
 5.168e+01 3.6752e-03 [ 2.7177e-54 7.5274e-25 1.7554e-13 3.5999e-10 1.7080e-09 ] 9.9632e-01
 5.179e+01 1.7287e-03 [ 6.3118e-55 1.8432e-25 4.3671e-14 8.9741e-11 4.7912e-10 ] 9.9827e-01
 5.191e+01 0.0000e+00 [ 0.0000e+00 0.0000e+00 0.0000e+00 0.0000e+00 0.0000e+00 ] 1.0000e+00
