 0.000e+00 0.0000e+00 [ 0.0000e+00 0.0000e+00 0.0000e+00 0.0000e+00 0.0000e+00 ] 1.0000e+00
 1.133e-01 1.8505e-03 [ 1.8485e-03 1.9008e-06 4.5141e-10 1.7560e-09 4.5720e-08 ] 9.9815e-01
 2.267e-01 3.3780e-03 [ 3.3754e-03 2.1795e-06 1.8069e-09 7.0366e-09 1.7720e-07 ] 9.9662e-01
 3.400e-01 4.7178e-03 [ 4.7054e-03 1.1566e-05 4.0978e-09 1.5879e-08 3.8754e-07 ] 9.9528e-01
 4.533e-01 5.8689e-03 [ 5.8510e-03 1.6464e-05 7.3317e-09 2.8343e-08 6.7097e-07 ] 9.9413e-01
 5.667e-01 6.8572e-03 [ 6.8282e-03 2.6816e-05 1.1583e-08 4.4514e-08 1.0227e-06 ] 9.9314e-01
 6.800e-01 7.7060e-03 [ 7.6637e-03 3.9241e-05 1.6875e-08 6.4498e-08 1.4389e-06 ] 9.9229e-01
 7.933e-01 8.4350e-03 [ 8.3773e-03 5.3592e-05 2.3303e-08 8.8429e-08 1.9165e-06 ] 9.9157e-01
 9.067e-01 9.0609e-03 [ 8.9851e-03 7.0493e-05 3.0931e-08 1.1646e-07 2.4532e-06 ] 9.9094e-01
 1.020e+00 9.5983e-03 [ 9.5017e-03 9.0059e-05 3.9864e-08 1.4877e-07 3.0472e-06 ] 9.9040e-01
 1.133e+00 1.0060e-02 [ 9.9394e-03 1.1230e-04 5.0208e-08 1.8557e-07 3.6975e-06 ] 9.8994e-01
 1.247e+00 1.0456e-02 [ 1.0309e-02 1.3733e-04 6.2090e-08 2.2709e-07 4.4036e-06 ] 9.8954e-01
 1.360e+00 1.0796e-02 [ 1.0619e-02 1.6529e-04 7.5650e-08 2.7358e-07 5.1655e-06 ] 9.8920e-01
 1.473e+00 1.1088e-02 [ 1.0879e-02 1.9633e-04 9.1048e-08 3.2534e-07 5.9835e-06 ] 9.8891e-01
 1.587e+00 1.1338e-02 [ 1.1093e-02 2.3059e-04 1.0846e-07 3.8268e-07 6.8587e-06 ] 9.8866e-01
 1.700e+00 1.1553e-02 [ 1.1268e-02 2.6822e-04 1.2808e-07 4.4594e-07 7.7922e-06 ] 9.8845e-01
 1.813e+00 1.1738e-02 [ 1.1410e-02 3.0937e-04 1.5012e-07 5.1551e-07 8.7859e-06 ] 9.8826e-01
 1.927e+00 1.1897e-02 [ 1.1521e-02 3.5420e-04 1.7483e-07 5.9181e-07 9.8417e-06 ] 9.8810e-01
 2.040e+00 1.2033e-02 [ 1.1607e-02 4.0287e-04 2.0246e-07 6.7528e-07 1.0962e-05 ] 9.8797e-01
 2.153e+00 1.2151e-02 [ 1.1669e-02 4.5556e-04 2.3331e-07 7.6641e-07 1.2150e-05 ] 9.8785e-01
 2.267e+00 1.2251e-02 [ 1.1710e-02 5.1241e-04 2.6768e-07 8.6573e-07 1.3408e-05 ] 9.8775e-01
 2.380e+00 1.2339e-02 [ 1.1733e-02 5.7360e-04 3.0591e-07 9.7382e-07 1.4741e-05 ] 9.8766e-01
 2.493e+00 1.2414e-02 [ 1.1739e-02 6.3927e-04 3.4839e-07 1.0913e-06 1.6151e-05 ] 9.8759e-01
 2.607e+00 1.2479e-02 [ 1.1731e-02 7.0959e-04 3.9551e-07 1.2188e-06 1.7643e-05 ] 9.8752e-01
 2.720e+00 1.2535e-02 [ 1.1709e-02 7.8469e-04 4.4772e-07 1.3571e-06 1.9222e-05 ] 9.8747e-01
 2.833e+00 1.2584e-02 [ 1.1674e-02 8.6472e-04 5.0549e-07 1.5069e-06 2.0892e-05 ] 9.8742e-01
 2.947e+00 1.2627e-02 [ 1.1627e-02 9.4981e-04 5.6936e-07 1.6691e-06 2.2658e-05 ] 9.8737e-01
 3.060e+00 1.2664e-02 [ 1.1571e-02 1.0401e-03 6.3987e-07 1.8446e-06 2.4527e-05 ] 9.8734e-01
 3.173e+00 1.2697e-02 [ 1.1504e-02 1.1356e-03 7.1764e-07 2.0343e-06 2.6503e-05 ] 9.8730e-01
 3.287e+00 1.2726e-02 [ 1.1427e-02 1.2366e-03 8.0333e-07 2.2393e-06 2.8594e-05 ] 9.8727e-01
 3.400e+00 1.2753e-02 [ 1.1342e-02 1.3430e-03 8.9765e-07 2.4607e-06 3.0806e-05 ] 9.8725e-01
 3.513e+00 1.2776e-02 [ 1.1248e-02 1.4549e-03 1.0014e-06 2.6997e-06 3.3147e-05 ] 9.8722e-01
 3.627e+00 1.2798e-02 [ 1.1147e-02 1.5725e-03 1.1153e-06 2.9576e-06 3.5623e-05 ] 9.8720e-01
 3.740e+00 1.2817e-02 [ 1.1037e-02 1.6956e-03 1.2404e-06 3.2357e-06 3.8242e-05 ] 9.8718e-01
 3.853e+00 1.2835e-02 [ 1.0920e-02 1.8243e-03 1.3775e-06 3.5357e-06 4.1014e-05 ] 9.8716e-01
 3.967e+00 1.2853e-02 [ 1.0797e-02 1.9587e-03 1.5278e-06 3.8590e-06 4.3947e-05 ] 9.8715e-01
 4.080e+00 1.2869e-02 [ 1.0666e-02 2.0987e-03 1.6923e-06 4.2075e-06 4.7051e-05 ] 9.8713e-01
 4.193e+00 1.2884e-02 [ 1.0528e-02 2.2442e-03 1.8723e-06 4.5829e-06 5.0335e-05 ] 9.8712e-01
 4.307e+00 1.2899e-02 [ 1.0385e-02 2.3951e-03 2.0690e-06 4.9874e-06 5.3810e-05 ] 9.8710e-01
 4.420e+00 1.2914e-02 [ 1.0235e-02 2.5515e-03 2.2837e-06 5.4232e-06 5.7487e-05 ] 9.8709e-01
 4.533e+00 1.2929e-02 [ 1.0079e-02 2.7131e-03 2.5181e-06 5.8925e-06 6.1379e-05 ] 9.8707e-01
 4.647e+00 1.2944e-02 [ 9.9172e-03 2.8799e-03 2.7736e-06 6.3979e-06 6.5496e-05 ] 9.8706e-01
 4.760e+00 1.2959e-02 [ 9.7502e-03 3.0516e-03 3.0520e-06 6.9422e-06 6.9853e-05 ] 9.8704e-01
 4.873e+00 1.2974e-02 [ 9.5780e-03 3.2281e-03 3.3551e-06 7.5283e-06 7.4463e-05 ] 9.8703e-01
 4.987e+00 1.2989e-02 [ 9.4009e-03 3.4092e-03 3.6849e-06 8.1596e-06 7.9340e-05 ] 9.8701e-01
 5.100e+00 1.3005e-02 [ 9.2191e-03 3.5947e-03 4.0434e-06 8.8394e-06 8.4499e-05 ] 9.8700e-01
 5.213e+00 1.3021e-02 [ 9.0329e-03 3.7844e-03 4.4328e-06 9.5717e-06 8.9957e-05 ] 9.8698e-01
 5.327e+00 1.3038e-02 [ 8.8427e-03 3.9779e-03 4.8557e-06 1.0361e-05 9.5729e-05 ] 9.8696e-01
 5.440e+00 1.3055e-02 [ 8.6486e-03 4.1750e-03 5.3144e-06 1.1210e-05 1.0183e-04 ] 9.8694e-01
 5.553e+00 1.3073e-02 [ 8.4511e-03 4.3754e-03 5.8117e-06 1.2126e-05 1.0829e-04 ] 9.8693e-01
 5.667e+00 1.3092e-02 [ 8.2504e-03 4.5789e-03 6.3506e-06 1.3114e-05 1.1512e-04 ] 9.8691e-01
 5.780e+00 1.3112e-02 [ 8.0470e-03 4.7850e-03 6.9341e-06 1.4178e-05 1.2233e-04 ] 9.8689e-01
 5.893e+00 1.3133e-02 [ 7.8410e-03 4.9935e-03 7.5655e-06 1.5326e-05 1.2996e-04 ] 9.8687e-01
 6.007e+00 1.3155e-02 [ 7.6330e-03 5.2040e-03 8.2484e-06 1.6564e-05 1.3803e-04 ] 9.8685e-01
 6.120e+00 1.3177e-02 [ 7.4231e-03 5.4162e-03 8.9865e-06 1.7900e-05 1.4655e-04 ] 9.8682e-01
 6.233e+00 1.3201e-02 [ 7.2119e-03 5.6296e-03 9.7838e-06 1.9343e-05 1.5555e-04 ] 9.8680e-01
 6.347e+00 1.3226e-02 [ 6.9996e-03 5.8440e-03 1.0645e-05 2.0902e-05 1.6506e-04 ] 9.8677e-01
 6.460e+00 1.3253e-02 [ 6.7867e-03 6.0590e-03 1.1573e-05 2.2586e-05 1.7511e-04 ] 9.8675e-01
 6.573e+00 1.3281e-02 [ 6.5735e-03 6.2741e-03 1.2575e-05 2.4407e-05 1.8572e-04 ] 9.8672e-01
 6.687e+00 1.3310e-02 [ 6.3604e-03 6.4891e-03 1.3655e-05 2.6377e-05 1.9692e-04 ] 9.8669e-01
 6.800e+00 1.3341e-02 [ 6.1477e-03 6.7036e-03 1.4818e-05 2.8509e-05 2.0875e-04 ] 9.8666e-01
 6.913e+00 1.3373e-02 [ 5.9357e-03 6.9171e-03 1.6071e-05 3.0819e-05 2.2122e-04 ] 9.8663e-01
 7.027e+00 1.3407e-02 [ 5.7250e-03 7.1294e-03 1.7419e-05 3.3322e-05 2.3439e-04 ] 9.8659e-01
 7.140e+00 1.3444e-02 [ 5.5157e-03 7.3400e-03 1.8870e-05 3.6036e-05 2.4828e-04 ] 9.8656e-01
 7.253e+00 1.3482e-02 [ 5.3083e-03 7.5487e-03 2.0431e-05 3.8983e-05 2.6293e-04 ] 9.8652e-01
 7.367e+00 1.3522e-02 [ 5.1031e-03 7.7551e-03 2.2108e-05 4.2183e-05 2.7838e-04 ] 9.8648e-01
 7.480e+00 1.3564e-02 [ 4.9003e-03 7.9589e-03 2.3911e-05 4.5662e-05 2.9467e-04 ] 9.8644e-01
 7.593e+00 1.3609e-02 [ 4.7003e-03 8.1597e-03 2.5848e-05 4.9447e-05 3.1183e-04 ] 9.8639e-01
 7.707e+00 1.3656e-02 [ 4.5034e-03 8.3574e-03 2.7929e-05 5.3567e-05 3.2992e-04 ] 9.8634e-01
 7.820e+00 1.3706e-02 [ 4.3098e-03 8.5515e-03 3.0163e-05 5.8058e-05 3.4897e-04 ] 9.8629e-01
 7.933e+00 1.3759e-02 [ 4.1198e-03 8.7419e-03 3.2562e-05 6.2956e-05 3.6904e-04 ] 9.8624e-01
 8.047e+00 1.3815e-02 [ 3.9336e-03 8.9283e-03 3.5136e-05 6.8303e-05 3.9016e-04 ] 9.8619e-01
 8.160e+00 1.3874e-02 [ 3.7515e-03 9.1104e-03 3.7900e-05 7.4147e-05 4.1240e-04 ] 9.8613e-01
 8.273e+00 1.3936e-02 [ 3.5736e-03 9.2881e-03 4.0865e-05 8.0538e-05 4.3580e-04 ] 9.8606e-01
 8.387e+00 1.4002e-02 [ 3.4001e-03 9.4612e-03 4.4048e-05 8.7536e-05 4.6042e-04 ] 9.8600e-01
 8.500e+00 1.4073e-02 [ 3.2313e-03 9.6296e-03 4.7464e-05 9.5204e-05 4.8632e-04 ] 9.8593e-01
 8.613e+00 1.4147e-02 [ 3.0671e-03 9.7929e-03 5.1130e-05 1.0362e-04 5.1355e-04 ] 9.8585e-01
 8.727e+00 1.4226e-02 [ 2.9078e-03 9.9513e-03 5.5067e-05 1.1286e-04 5.4217e-04 ] 9.8577e-01
 8.840e+00 1.4310e-02 [ 2.7535e-03 1.0104e-02 5.9294e-05 1.2301e-04 5.7225e-04 ] 9.8569e-01
 8.953e+00 1.4399e-02 [ 2.6042e-03 1.0252e-02 6.3835e-05 1.3418e-04 6.0385e-04 ] 9.8560e-01
 9.067e+00 1.4493e-02 [ 2.4600e-03 1.0395e-02 6.8716e-05 1.4649e-04 6.3704e-04 ] 9.8551e-01
 9.180e+00 1.4594e-02 [ 2.3210e-03 1.0532e-02 7.3964e-05 1.6006e-04 6.7190e-04 ] 9.8541e-01
 9.293e+00 1.4701e-02 [ 2.1871e-03 1.0664e-02 7.9612e-05 1.7503e-04 7.0849e-04 ] 9.8530e-01
 9.407e+00 1.4816e-02 [ 2.0585e-03 1.0790e-02 8.5695e-05 1.9158e-04 7.4690e-04 ] 9.8518e-01
 9.520e+00 1.4938e-02 [ 1.9350e-03 1.0911e-02 9.2251e-05 2.0987e-04 7.8720e-04 ] 9.8506e-01
 9.633e+00 1.5068e-02 [ 1.8166e-03 1.1027e-02 9.9327e-05 2.3012e-04 8.2948e-04 ] 9.8493e-01
 9.747e+00 1.5208e-02 [ 1.7034e-03 1.1137e-02 1.0697e-04 2.5256e-04 8.7382e-04 ] 9.8479e-01
 9.860e+00 1.5357e-02 [ 1.5952e-03 1.1242e-02 1.1524e-04 2.7744e-04 9.2031e-04 ] 9.8464e-01
 9.973e+00 1.5517e-02 [ 1.4921e-03 1.1342e-02 1.2420e-04 3.0506e-04 9.6905e-04 ] 9.8448e-01
 1.009e+01 1.5688e-02 [ 1.3938e-03 1.1436e-02 1.3392e-04 3.3575e-04 1.0201e-03 ] 9.8431e-01
 1.020e+01 1.5873e-02 [ 1.3004e-03 1.1526e-02 1.4449e-04 3.6988e-04 1.0737e-03 ] 9.8413e-01
 1.031e+01 1.6071e-02 [ 1.2117e-03 1.1611e-02 1.5601e-04 4.0787e-04 1.1298e-03 ] 9.8393e-01
 1.043e+01 1.6285e-02 [ 1.1276e-03 1.1691e-02 1.6859e-04 4.5019e-04 1.1886e-03 ] 9.8371e-01
 1.054e+01 1.6516e-02 [ 1.0480e-03 1.1766e-02 1.8235e-04 4.9738e-04 1.2501e-03 ] 9.8348e-01
 1.065e+01 1.6766e-02 [ 9.7283e-04 1.1837e-02 1.9744e-04 5.5003e-04 1.3146e-03 ] 9.8323e-01
 1.077e+01 1.7036e-02 [ 9.0187e-04 1.1903e-02 2.1405e-04 6.0883e-04 1.3822e-03 ] 9.8296e-01
 1.088e+01 1.7330e-02 [ 8.3502e-04 1.1966e-02 2.3237e-04 6.7454e-04 1.4530e-03 ] 9.8267e-01
 1.099e+01 1.7649e-02 [ 7.7212e-04 1.2025e-02 2.5265e-04 7.4804e-04 1.5271e-03 ] 9.8235e-01
 1.111e+01 1.7996e-02 [ 7.1305e-04 1.2080e-02 2.7514e-04 8.3029e-04 1.6047e-03 ] 9.8200e-01
 1.122e+01 1.8375e-02 [ 6.5765e-04 1.2131e-02 3.0018e-04 9.2241e-04 1.6861e-03 ] 9.8162e-01
 1.133e+01 1.8790e-02 [ 6.0577e-04 1.2180e-02 3.2815e-04 1.0257e-03 1.7713e-03 ] 9.8121e-01
 1.145e+01 1.9244e-02 [ 5.5726e-04 1.2225e-02 3.5949e-04 1.1414e-03 1.8606e-03 ] 9.8076e-01
 1.156e+01 1.9742e-02 [ 5.1197e-04 1.2268e-02 3.9472e-04 1.2714e-03 1.9542e-03 ] 9.8026e-01
 1.167e+01 2.0290e-02 [ 4.6974e-04 1.2309e-02 4.3445e-04 1.4172e-03 2.0523e-03 ] 9.7971e-01
 1.179e+01 2.0893e-02 [ 4.3045e-04 1.2348e-02 4.7941e-04 1.5811e-03 2.1553e-03 ] 9.7911e-01
 1.190e+01 2.1560e-02 [ 3.9392e-04 1.2384e-02 5.3044e-04 1.7653e-03 2.2632e-03 ] 9.7844e-01
 1.201e+01 2.2298e-02 [ 3.6002e-04 1.2420e-02 5.8855e-04 1.9725e-03 2.3766e-03 ] 9.7770e-01
 1.213e+01 2.3115e-02 [ 3.2861e-04 1.2455e-02 6.5493e-04 2.2055e-03 2.4956e-03 ] 9.7688e-01
 1.224e+01 2.4023e-02 [ 2.9955e-04 1.2489e-02 7.3096e-04 2.4679e-03 2.6206e-03 ] 9.7598e-01
 1.235e+01 2.5033e-02 [ 2.7270e-04 1.2524e-02 8.1830e-04 2.7633e-03 2.7521e-03 ] 9.7497e-01
 1.247e+01 2.6160e-02 [ 2.4794e-04 1.2559e-02 9.1888e-04 3.0962e-03 2.8904e-03 ] 9.7384e-01
 1.258e+01 2.7418e-02 [ 2.2512e-04 1.2595e-02 1.0350e-03 3.4713e-03 3.0360e-03 ] 9.7258e-01
 1.269e+01 2.8826e-02 [ 2.0414e-04 1.2634e-02 1.1694e-03 3.8941e-03 3.1893e-03 ] 9.7117e-01
 1.281e+01 3.0403e-02 [ 1.8487e-04 1.2674e-02 1.3252e-03 4.3710e-03 3.3510e-03 ] 9.6960e-01
 1.292e+01 3.2174e-02 [ 1.6720e-04 1.2718e-02 1.5063e-03 4.9088e-03 3.5215e-03 ] 9.6783e-01
 1.303e+01 3.4164e-02 [ 1.5102e-04 1.2766e-02 1.7171e-03 5.5156e-03 3.7016e-03 ] 9.6584e-01
 1.315e+01 3.6405e-02 [ 1.3622e-04 1.2820e-02 1.9627e-03 6.2003e-03 3.8920e-03 ] 9.6360e-01
 1.326e+01 3.8930e-02 [ 1.2272e-04 1.2879e-02 2.2495e-03 6.9729e-03 4.0933e-03 ] 9.6107e-01
 1.337e+01 4.1781e-02 [ 1.1040e-04 1.2946e-02 2.5846e-03 7.8448e-03 4.3063e-03 ] 9.5822e-01
 1.349e+01 4.5001e-02 [ 9.9195e-05 1.3020e-02 2.9765e-03 8.8286e-03 4.5320e-03 ] 9.5500e-01
 1.360e+01 4.8643e-02 [ 8.9008e-05 1.3105e-02 3.4354e-03 9.9386e-03 4.7712e-03 ] 9.5136e-01
 1.371e+01 5.2765e-02 [ 7.9762e-05 1.3201e-02 3.9728e-03 1.1191e-02 5.0249e-03 ] 9.4723e-01
 1.383e+01 5.7433e-02 [ 7.1382e-05 1.3310e-02 4.6023e-03 1.2602e-02 5.2941e-03 ] 9.4257e-01
 1.394e+01 6.2721e-02 [ 6.3798e-05 1.3432e-02 5.3399e-03 1.4193e-02 5.5798e-03 ] 9.3728e-01
 1.405e+01 6.8714e-02 [ 5.6945e-05 1.3571e-02 6.2039e-03 1.5985e-02 5.8832e-03 ] 9.3129e-01
 1.417e+01 7.5506e-02 [ 5.0761e-05 1.3728e-02 7.2156e-03 1.8002e-02 6.2053e-03 ] 9.2449e-01
 1.428e+01 8.3201e-02 [ 4.5188e-05 1.3904e-02 8.3992e-03 2.0269e-02 6.5472e-03 ] 9.1680e-01
 1.439e+01 9.1915e-02 [ 4.0173e-05 1.4102e-02 9.7827e-03 2.2814e-02 6.9098e-03 ] 9.0809e-01
 1.451e+01 1.0177e-01 [ 3.5666e-05 1.4323e-02 1.1398e-02 2.5667e-02 7.2941e-03 ] 8.9823e-01
 1.462e+01 1.1292e-01 [ 3.1621e-05 1.4569e-02 1.3279e-02 2.8860e-02 7.7009e-03 ] 8.8708e-01
 1.473e+01 1.2549e-01 [ 2.7996e-05 1.4842e-02 1.5466e-02 3.2424e-02 8.1306e-03 ] 8.7451e-01
 1.485e+01 1.3965e-01 [ 2.4751e-05 1.5142e-02 1.8003e-02 3.6393e-02 8.5836e-03 ] 8.6035e-01
 1.496e+01 1.5556e-01 [ 2.1850e-05 1.5469e-02 2.0935e-02 4.0798e-02 9.0596e-03 ] 8.4444e-01
 1.507e+01 1.7337e-01 [ 1.9259e-05 1.5825e-02 2.4312e-02 4.5669e-02 9.5580e-03 ] 8.2663e-01
 1.519e+01 1.9324e-01 [ 1.6949e-05 1.6208e-02 2.8183e-02 5.1033e-02 1.0078e-02 ] 8.0676e-01
 1.530e+01 2.1530e-01 [ 1.4890e-05 1.6616e-02 3.2600e-02 5.6911e-02 1.0616e-02 ] 7.8470e-01
 1.541e+01 2.3968e-01 [ 1.3057e-05 1.7045e-02 3.7608e-02 6.3313e-02 1.1171e-02 ] 7.6032e-01
 1.553e+01 2.6644e-01 [ 1.1427e-05 1.7491e-02 4.3249e-02 7.0239e-02 1.1738e-02 ] 7.3356e-01
 1.564e+01 2.9560e-01 [ 9.9798e-06 1.7947e-02 4.9555e-02 7.7677e-02 1.2312e-02 ] 7.0440e-01
 1.575e+01 3.2713e-01 [ 8.6951e-06 1.8405e-02 5.6540e-02 8.5593e-02 1.2887e-02 ] 6.7287e-01
 1.587e+01 3.6089e-01 [ 7.5562e-06 1.8854e-02 6.4203e-02 9.3935e-02 1.3456e-02 ] 6.3911e-01
 1.598e+01 3.9665e-01 [ 6.5478e-06 1.9282e-02 7.2515e-02 1.0263e-01 1.4010e-02 ] 6.0335e-01
 1.609e+01 4.3408e-01 [ 5.6560e-06 1.9676e-02 8.1420e-02 1.1157e-01 1.4541e-02 ] 5.6592e-01
 1.621e+01 4.7274e-01 [ 4.8688e-06 2.0022e-02 9.0829e-02 1.2065e-01 1.5038e-02 ] 5.2726e-01
 1.632e+01 5.1208e-01 [ 4.1752e-06 2.0305e-02 1.0062e-01 1.2971e-01 1.5494e-02 ] 4.8792e-01
 1.643e+01 5.5147e-01 [ 3.5658e-06 2.0511e-02 1.1065e-01 1.3862e-01 1.5900e-02 ] 4.4853e-01
 1.655e+01 5.9021e-01 [ 3.0319e-06 2.0629e-02 1.2074e-01 1.4720e-01 1.6248e-02 ] 4.0979e-01
 1.666e+01 6.2761e-01 [ 2.5660e-06 2.0649e-02 1.3069e-01 1.5532e-01 1.6535e-02 ] 3.7239e-01
 1.677e+01 6.6300e-01 [ 2.1612e-06 2.0566e-02 1.4032e-01 1.6282e-01 1.6758e-02 ] 3.3700e-01
 1.689e+01 6.9577e-01 [ 1.8113e-06 2.0380e-02 1.4943e-01 1.6961e-01 1.6917e-02 ] 3.0423e-01
 1.700e+01 7.2547e-01 [ 1.5106e-06 2.0093e-02 1.5787e-01 1.7561e-01 1.7018e-02 ] 2.7453e-01
 1.711e+01 7.5176e-01 [ 1.2537e-06 1.9712e-02 1.6550e-01 1.8078e-01 1.7067e-02 ] 2.4824e-01
 1.723e+01 7.7449e-01 [ 1.0357e-06 1.9250e-02 1.7222e-01 1.8513e-01 1.7073e-02 ] 2.2551e-01
 1.734e+01 7.9363e-01 [ 8.5186e-07 1.8719e-02 1.7798e-01 1.8868e-01 1.7047e-02 ] 2.0637e-01
 1.745e+01 8.0929e-01 [ 6.9782e-07 1.8134e-02 1.8276e-01 1.9150e-01 1.7001e-02 ] 1.9071e-01
 1.757e+01 8.2165e-01 [ 5.6953e-07 1.7508e-02 1.8656e-01 1.9366e-01 1.6945e-02 ] 1.7835e-01
 1.768e+01 8.3095e-01 [ 4.6328e-07 1.6855e-02 1.8940e-01 1.9524e-01 1.6891e-02 ] 1.6905e-01
 1.779e+01 8.3740e-01 [ 3.7572e-07 1.6185e-02 1.9131e-01 1.9631e-01 1.6845e-02 ] 1.6260e-01
 1.791e+01 8.4119e-01 [ 3.0389e-07 1.5507e-02 1.9232e-01 1.9693e-01 1.6815e-02 ] 1.5881e-01
 1.802e+01 8.4244e-01 [ 2.4519e-07 1.4828e-02 1.9245e-01 1.9713e-01 1.6805e-02 ] 1.5756e-01
 1.813e+01 8.4119e-01 [ 1.9737e-07 1.4152e-02 1.9172e-01 1.9693e-01 1.6815e-02 ] 1.5881e-01
 1.825e+01 8.3740e-01 [ 1.5852e-07 1.3480e-02 1.9011e-01 1.9631e-01 1.6845e-02 ] 1.6260e-01
 1.836e+01 8.3095e-01 [ 1.2702e-07 1.2813e-02 1.8762e-01 1.9524e-01 1.6891e-02 ] 1.6905e-01
 1.847e+01 8.2165e-01 [ 1.0154e-07 1.2149e-02 1.8423e-01 1.9366e-01 1.6945e-02 ] 1.7835e-01
 1.859e+01 8.0929e-01 [ 8.0951e-08 1.1487e-02 1.7991e-01 1.9150e-01 1.7001e-02 ] 1.9071e-01
 1.870e+01 7.9363e-01 [ 6.4350e-08 1.0825e-02 1.7465e-01 1.8868e-01 1.7047e-02 ] 2.0637e-01
 1.881e+01 7.7449e-01 [ 5.0985e-08 1.0162e-02 1.6845e-01 1.8513e-01 1.7073e-02 ] 2.2551e-01
 1.893e+01 7.5176e-01 [ 4.0247e-08 9.4973e-03 1.6136e-01 1.8078e-01 1.7067e-02 ] 2.4824e-01
 1.904e+01 7.2547e-01 [ 3.1640e-08 8.8315e-03 1.5341e-01 1.7561e-01 1.7018e-02 ] 2.7453e-01
 1.915e+01 6.9577e-01 [ 2.4763e-08 8.1671e-03 1.4473e-01 1.6961e-01 1.6917e-02 ] 3.0423e-01
 1.927e+01 6.6300e-01 [ 1.9287e-08 7.5080e-03 1.3544e-01 1.6282e-01 1.6758e-02 ] 3.3700e-01
 1.938e+01 6.2761e-01 [ 1.4946e-08 6.8590e-03 1.2571e-01 1.5532e-01 1.6535e-02 ] 3.7239e-01
 1.949e+01 5.9021e-01 [ 1.1521e-08 6.2258e-03 1.1572e-01 1.4720e-01 1.6248e-02 ] 4.0979e-01
 1.961e+01 5.5147e-01 [ 8.8334e-09 5.6142e-03 1.0566e-01 1.3862e-01 1.5900e-02 ] 4.4853e-01
 1.972e+01 5.1208e-01 [ 6.7366e-09 5.0300e-03 9.5707e-02 1.2971e-01 1.5494e-02 ] 4.8792e-01
 1.983e+01 4.7274e-01 [ 5.1105e-09 4.4780e-03 8.6039e-02 1.2065e-01 1.5038e-02 ] 5.2726e-01
 1.995e+01 4.3408e-01 [ 3.8571e-09 3.9623e-03 7.6795e-02 1.1157e-01 1.4541e-02 ] 5.6592e-01
 2.006e+01 3.9665e-01 [ 2.8968e-09 3.4856e-03 6.8086e-02 1.0263e-01 1.4010e-02 ] 6.0335e-01
 2.017e+01 3.6089e-01 [ 2.1654e-09 3.0494e-03 5.9991e-02 9.3935e-02 1.3456e-02 ] 6.3911e-01
 2.029e+01 3.2713e-01 [ 1.6115e-09 2.6541e-03 5.2560e-02 8.5593e-02 1.2887e-02 ] 6.7287e-01
 2.040e+01 2.9560e-01 [ 1.1944e-09 2.2991e-03 4.5812e-02 7.7677e-02 1.2312e-02 ] 7.0440e-01
 2.051e+01 2.6644e-01 [ 8.8186e-10 1.9829e-03 3.9746e-02 7.0240e-02 1.1738e-02 ] 7.3356e-01
 2.063e+01 2.3968e-01 [ 6.4878e-10 1.7033e-03 3.4341e-02 6.3313e-02 1.1171e-02 ] 7.6032e-01
 2.074e+01 2.1530e-01 [ 4.7574e-10 1.4578e-03 2.9562e-02 5.6911e-02 1.0616e-02 ] 7.8470e-01
 2.085e+01 1.9324e-01 [ 3.4779e-10 1.2435e-03 2.5365e-02 5.1034e-02 1.0078e-02 ] 8.0676e-01
 2.097e+01 1.7337e-01 [ 2.5355e-10 1.0575e-03 2.1702e-02 4.5669e-02 9.5580e-03 ] 8.2663e-01
 2.108e+01 1.5556e-01 [ 1.8436e-10 8.9687e-04 1.8522e-02 4.0798e-02 9.0596e-03 ] 8.4444e-01
 2.119e+01 1.3965e-01 [ 1.3374e-10 7.5873e-04 1.5774e-02 3.6393e-02 8.5836e-03 ] 8.6035e-01
 2.131e+01 1.2549e-01 [ 9.6800e-11 6.4042e-04 1.3408e-02 3.2424e-02 8.1306e-03 ] 8.7451e-01
 2.142e+01 1.1292e-01 [ 6.9922e-11 5.3944e-04 1.1378e-02 2.8860e-02 7.7009e-03 ] 8.8708e-01
 2.153e+01 1.0177e-01 [ 5.0410e-11 4.5354e-04 9.6424e-03 2.5667e-02 7.2941e-03 ] 8.9823e-01
 2.165e+01 9.1915e-02 [ 3.6279e-11 3.8066e-04 8.1616e-03 2.2814e-02 6.9098e-03 ] 9.0809e-01
 2.176e+01 8.3201e-02 [ 2.6065e-11 3.1899e-04 6.9011e-03 2.0269e-02 6.5472e-03 ] 9.1680e-01
 2.187e+01 7.5506e-02 [ 1.8698e-11 2.6693e-04 5.8302e-03 1.8002e-02 6.2053e-03 ] 9.2449e-01
 2.199e+01 6.8714e-02 [ 1.3393e-11 2.2307e-04 4.9219e-03 1.5985e-02 5.8832e-03 ] 9.3129e-01
 2.210e+01 6.2721e-02 [ 9.5797e-12 1.8619e-04 4.1524e-03 1.4193e-02 5.5799e-03 ] 9.3728e-01
 2.221e+01 5.7433e-02 [ 6.8430e-12 1.5523e-04 3.5015e-03 1.2602e-02 5.2941e-03 ] 9.4257e-01
 2.233e+01 5.2765e-02 [ 4.8819e-12 1.2928e-04 2.9513e-03 1.1191e-02 5.0249e-03 ] 9.4723e-01
 2.244e+01 4.8643e-02 [ 3.4785e-12 1.0756e-04 2.4867e-03 9.9387e-03 4.7712e-03 ] 9.5136e-01
 2.255e+01 4.5001e-02 [ 2.4756e-12 8.9406e-05 2.0946e-03 8.8287e-03 4.5320e-03 ] 9.5500e-01
 2.267e+01 4.1781e-02 [ 1.7599e-12 7.4251e-05 1.7639e-03 7.8449e-03 4.3063e-03 ] 9.5822e-01
 2.278e+01 3.8930e-02 [ 1.2497e-12 6.1613e-05 1.4852e-03 6.9730e-03 4.0933e-03 ] 9.6107e-01
 2.289e+01 3.6405e-02 [ 8.8645e-13 5.1086e-05 1.2503e-03 6.2004e-03 3.8920e-03 ] 9.6360e-01
 2.301e+01 3.4164e-02 [ 6.2814e-13 4.2325e-05 1.0524e-03 5.5157e-03 3.7017e-03 ] 9.6584e-01
 2.312e+01 3.2174e-02 [ 4.4464e-13 3.5042e-05 8.8583e-04 4.9089e-03 3.5216e-03 ] 9.6783e-01
 2.323e+01 3.0403e-02 [ 3.1444e-13 2.8991e-05 7.4556e-04 4.3711e-03 3.3510e-03 ] 9.6960e-01
 2.335e+01 2.8826e-02 [ 2.2214e-13 2.3969e-05 6.2749e-04 3.8942e-03 3.1893e-03 ] 9.7117e-01
 2.346e+01 2.7418e-02 [ 1.5679e-13 1.9805e-05 5.2812e-04 3.4714e-03 3.0360e-03 ] 9.7258e-01
 2.357e+01 2.6160e-02 [ 1.1056e-13 1.6354e-05 4.4449e-04 3.0963e-03 2.8904e-03 ] 9.7384e-01
 2.369e+01 2.5033e-02 [ 7.7886e-14 1.3496e-05 3.7411e-04 2.7634e-03 2.7521e-03 ] 9.7497e-01
 2.380e+01 2.4023e-02 [ 5.4820e-14 1.1130e-05 3.1489e-04 2.4680e-03 2.6207e-03 ] 9.7598e-01
 2.391e+01 2.3115e-02 [ 3.8550e-14 9.1746e-06 2.6506e-04 2.2056e-03 2.4956e-03 ] 9.7688e-01
 2.403e+01 2.2298e-02 [ 2.7085e-14 7.5583e-06 2.2313e-04 1.9725e-03 2.3766e-03 ] 9.7770e-01
 2.414e+01 2.1560e-02 [ 1.9013e-14 6.2233e-06 1.8785e-04 1.7654e-03 2.2633e-03 ] 9.7844e-01
 2.425e+01 2.0893e-02 [ 1.3335e-14 5.1214e-06 1.5816e-04 1.5812e-03 2.1553e-03 ] 9.7911e-01
 2.437e+01 2.0290e-02 [ 9.3444e-15 4.2124e-06 1.3317e-04 1.4173e-03 2.0524e-03 ] 9.7971e-01
 2.448e+01 1.9742e-02 [ 6.5426e-15 3.4630e-06 1.1215e-04 1.2714e-03 1.9542e-03 ] 9.8026e-01
 2.459e+01 1.9244e-02 [ 4.5770e-15 2.8455e-06 9.4448e-05 1.1415e-03 1.8606e-03 ] 9.8076e-01
 2.471e+01 1.8790e-02 [ 3.1993e-15 2.3370e-06 7.9552e-05 1.0257e-03 1.7713e-03 ] 9.8121e-01
 2.482e+01 1.8375e-02 [ 2.2344e-15 1.9184e-06 6.7013e-05 9.2249e-04 1.6861e-03 ] 9.8162e-01
 2.493e+01 1.7996e-02 [ 1.5593e-15 1.5740e-06 5.6457e-05 8.3037e-04 1.6048e-03 ] 9.8200e-01
 2.505e+01 1.7649e-02 [ 1.0872e-15 1.2909e-06 4.7570e-05 7.4811e-04 1.5271e-03 ] 9.8235e-01
 2.516e+01 1.7330e-02 [ 7.5750e-16 1.0582e-06 4.0087e-05 6.7462e-04 1.4530e-03 ] 9.8267e-01
 2.527e+01 1.7036e-02 [ 5.2733e-16 8.6710e-07 3.3785e-05 6.0890e-04 1.3822e-03 ] 9.8296e-01
 2.539e+01 1.6766e-02 [ 3.6681e-16 7.1018e-07 2.8478e-05 5.5010e-04 1.3147e-03 ] 9.8323e-01
 2.550e+01 1.6516e-02 [ 2.5495e-16 5.8140e-07 2.4008e-05 4.9745e-04 1.2502e-03 ] 9.8348e-01
 2.561e+01 1.6285e-02 [ 1.7707e-16 4.7577e-07 2.0242e-05 4.5026e-04 1.1886e-03 ] 9.8371e-01
 2.573e+01 1.6071e-02 [ 1.2288e-16 3.8917e-07 1.7069e-05 4.0794e-04 1.1298e-03 ] 9.8393e-01
 2.584e+01 1.5873e-02 [ 8.5206e-17 3.1820e-07 1.4396e-05 3.6995e-04 1.0737e-03 ] 9.8413e-01
 2.595e+01 1.5688e-02 [ 5.9039e-17 2.6006e-07 1.2143e-05 3.3582e-04 1.0202e-03 ] 9.8431e-01
 2.607e+01 1.5517e-02 [ 4.0876e-17 2.1246e-07 1.0245e-05 3.0513e-04 9.6909e-04 ] 9.8448e-01
 2.618e+01 1.5357e-02 [ 2.8279e-17 1.7351e-07 8.6444e-06 2.7750e-04 9.2035e-04 ] 9.8464e-01
 2.629e+01 1.5208e-02 [ 1.9550e-17 1.4164e-07 7.2951e-06 2.5262e-04 8.7386e-04 ] 9.8479e-01
 2.641e+01 1.5068e-02 [ 1.3505e-17 1.1558e-07 6.1575e-06 2.3018e-04 8.2952e-04 ] 9.8493e-01
 2.652e+01 1.4938e-02 [ 9.3220e-18 9.4274e-08 5.1981e-06 2.0993e-04 7.8725e-04 ] 9.8506e-01
 2.663e+01 1.4816e-02 [ 6.4299e-18 7.6868e-08 4.3889e-06 1.9163e-04 7.4695e-04 ] 9.8518e-01
 2.675e+01 1.4701e-02 [ 4.4318e-18 6.2653e-08 3.7063e-06 1.7509e-04 7.0854e-04 ] 9.8530e-01
 2.686e+01 1.4594e-02 [ 3.0523e-18 5.1047e-08 3.1304e-06 1.6011e-04 6.7195e-04 ] 9.8541e-01
 2.697e+01 1.4493e-02 [ 2.1007e-18 4.1576e-08 2.6445e-06 1.4654e-04 6.3710e-04 ] 9.8551e-01
 2.709e+01 1.4399e-02 [ 1.4447e-18 3.3849e-08 2.2344e-06 1.3424e-04 6.0390e-04 ] 9.8560e-01
 2.720e+01 1.4310e-02 [ 9.9286e-19 2.7549e-08 1.8882e-06 1.2306e-04 5.7230e-04 ] 9.8569e-01
 2.731e+01 1.4226e-02 [ 6.8183e-19 2.2413e-08 1.5959e-06 1.1291e-04 5.4222e-04 ] 9.8577e-01
 2.743e+01 1.4147e-02 [ 4.6789e-19 1.8228e-08 1.3492e-06 1.0367e-04 5.1360e-04 ] 9.8585e-01
 2.754e+01 1.4073e-02 [ 3.2086e-19 1.4819e-08 1.1408e-06 9.5253e-05 4.8638e-04 ] 9.8593e-01
 2.765e+01 1.4002e-02 [ 2.1987e-19 1.2043e-08 9.6474e-07 8.7583e-05 4.6048e-04 ] 9.8600e-01
 2.777e+01 1.3936e-02 [ 1.5056e-19 9.7843e-09 8.1603e-07 8.0584e-05 4.3586e-04 ] 9.8606e-01
 2.788e+01 1.3874e-02 [ 1.0303e-19 7.9461e-09 6.9038e-07 7.4192e-05 4.1246e-04 ] 9.8613e-01
 2.799e+01 1.3815e-02 [ 7.0449e-20 6.4511e-09 5.8419e-07 6.8347e-05 3.9023e-04 ] 9.8619e-01
 2.811e+01 1.3759e-02 [ 4.8139e-20 5.2355e-09 4.9443e-07 6.2998e-05 3.6910e-04 ] 9.8624e-01
 2.822e+01 1.3706e-02 [ 3.2871e-20 4.2475e-09 4.1854e-07 5.8099e-05 3.4904e-04 ] 9.8629e-01
 2.833e+01 1.3656e-02 [ 2.2430e-20 3.4448e-09 3.5437e-07 5.3607e-05 3.2999e-04 ] 9.8634e-01
 2.845e+01 1.3609e-02 [ 1.5295e-20 2.7928e-09 3.0010e-07 4.9485e-05 3.1190e-04 ] 9.8639e-01
 2.856e+01 1.3564e-02 [ 1.0422e-20 2.2635e-09 2.5420e-07 4.5699e-05 2.9474e-04 ] 9.8644e-01
 2.867e+01 1.3522e-02 [ 7.0972e-21 1.8338e-09 2.1536e-07 4.2219e-05 2.7845e-04 ] 9.8648e-01
 2.879e+01 1.3482e-02 [ 4.8295e-21 1.4852e-09 1.8249e-07 3.9018e-05 2.6301e-04 ] 9.8652e-01
 2.890e+01 1.3444e-02 [ 3.2842e-21 1.2025e-09 1.5467e-07 3.6070e-05 2.4836e-04 ] 9.8656e-01
 2.901e+01 1.3407e-02 [ 2.2318e-21 9.7328e-10 1.3112e-07 3.3354e-05 2.3447e-04 ] 9.8659e-01
 2.913e+01 1.3373e-02 [ 1.5156e-21 7.8747e-10 1.1117e-07 3.0850e-05 2.2130e-04 ] 9.8663e-01
 2.924e+01 1.3341e-02 [ 1.0285e-21 6.3693e-10 9.4284e-08 2.8539e-05 2.0882e-04 ] 9.8666e-01
 2.935e+01 1.3310e-02 [ 6.9753e-22 5.1499e-10 7.9977e-08 2.6406e-05 1.9700e-04 ] 9.8669e-01
 2.947e+01 1.3281e-02 [ 4.7273e-22 4.1626e-10 6.7855e-08 2.4434e-05 1.8580e-04 ] 9.8672e-01
 2.958e+01 1.3253e-02 [ 3.2017e-22 3.3634e-10 5.7582e-08 2.2612e-05 1.7519e-04 ] 9.8675e-01
 2.969e+01 1.3226e-02 [ 2.1669e-22 2.7167e-10 4.8875e-08 2.0927e-05 1.6515e-04 ] 9.8677e-01
 2.981e+01 1.3201e-02 [ 1.4656e-22 2.1937e-10 4.1493e-08 1.9368e-05 1.5564e-04 ] 9.8680e-01
 2.992e+01 1.3177e-02 [ 9.9064e-23 1.7707e-10 3.5233e-08 1.7924e-05 1.4663e-04 ] 9.8682e-01
 3.003e+01 1.3155e-02 [ 6.6914e-23 1.4288e-10 2.9924e-08 1.6586e-05 1.3811e-04 ] 9.8685e-01
 3.015e+01 1.3133e-02 [ 4.5168e-23 1.1526e-10 2.5419e-08 1.5347e-05 1.3005e-04 ] 9.8687e-01
 3.026e+01 1.3112e-02 [ 3.0469e-23 9.2942e-11 2.1597e-08 1.4198e-05 1.2242e-04 ] 9.8689e-01
 3.037e+01 1.3092e-02 [ 2.0540e-23 7.4921e-11 1.8354e-08 1.3133e-05 1.1521e-04 ] 9.8691e-01
 3.049e+01 1.3073e-02 [ 1.3838e-23 6.0374e-11 1.5600e-08 1.2145e-05 1.0838e-04 ] 9.8693e-01
 3.060e+01 1.3055e-02 [ 9.3160e-24 4.8635e-11 1.3262e-08 1.1228e-05 1.0193e-04 ] 9.8694e-01
 3.071e+01 1.3038e-02 [ 6.2677e-24 3.9165e-11 1.1277e-08 1.0377e-05 9.5821e-05 ] 9.8696e-01
 3.083e+01 1.3021e-02 [ 4.2141e-24 3.1528e-11 9.5903e-09 9.5875e-06 9.0049e-05 ] 9.8698e-01
 3.094e+01 1.3005e-02 [ 2.8315e-24 2.5371e-11 8.1573e-09 8.8544e-06 8.4592e-05 ] 9.8700e-01
 3.105e+01 1.2989e-02 [ 1.9013e-24 2.0410e-11 6.9396e-09 8.1738e-06 7.9434e-05 ] 9.8701e-01
 3.117e+01 1.2974e-02 [ 1.2758e-24 1.6413e-11 5.9045e-09 7.5418e-06 7.4558e-05 ] 9.8703e-01
 3.128e+01 1.2959e-02 [ 8.5555e-25 1.3194e-11 5.0245e-09 6.9549e-06 6.9949e-05 ] 9.8704e-01
 3.139e+01 1.2944e-02 [ 5.7334e-25 1.0602e-11 4.2762e-09 6.4098e-06 6.5593e-05 ] 9.8706e-01
 3.151e+01 1.2929e-02 [ 3.8396e-25 8.5169e-12 3.6398e-09 5.9037e-06 6.1476e-05 ] 9.8707e-01
 3.162e+01 1.2914e-02 [ 2.5697e-25 6.8390e-12 3.0984e-09 5.4338e-06 5.7585e-05 ] 9.8709e-01
 3.173e+01 1.2899e-02 [ 1.7186e-25 5.4897e-12 2.6377e-09 4.9974e-06 5.3908e-05 ] 9.8710e-01
 3.185e+01 1.2884e-02 [ 1.1486e-25 4.4048e-12 2.2456e-09 4.5923e-06 5.0433e-05 ] 9.8712e-01
 3.196e+01 1.2869e-02 [ 7.6712e-26 3.5330e-12 1.9119e-09 4.2162e-06 4.7149e-05 ] 9.8713e-01
 3.207e+01 1.2853e-02 [ 5.1199e-26 2.8326e-12 1.6277e-09 3.8672e-06 4.4046e-05 ] 9.8715e-01
 3.219e+01 1.2835e-02 [ 3.4147e-26 2.2701e-12 1.3857e-09 3.5433e-06 4.1114e-05 ] 9.8716e-01
 3.230e+01 1.2817e-02 [ 2.2757e-26 1.8185e-12 1.1796e-09 3.2429e-06 3.8342e-05 ] 9.8718e-01
 3.241e+01 1.2798e-02 [ 1.5156e-26 1.4561e-12 1.0040e-09 2.9642e-06 3.5723e-05 ] 9.8720e-01
 3.253e+01 1.2776e-02 [ 1.0086e-26 1.1653e-12 8.5443e-10 2.7059e-06 3.3247e-05 ] 9.8722e-01
 3.264e+01 1.2753e-02 [ 6.7063e-27 9.3220e-13 7.2694e-10 2.4664e-06 3.0907e-05 ] 9.8725e-01
 3.275e+01 1.2726e-02 [ 4.4556e-27 7.4531e-13 6.1827e-10 2.2446e-06 2.8695e-05 ] 9.8727e-01
 3.287e+01 1.2697e-02 [ 2.9578e-27 5.9555e-13 5.2564e-10 2.0392e-06 2.6604e-05 ] 9.8730e-01
 3.298e+01 1.2664e-02 [ 1.9618e-27 4.7559e-13 4.4665e-10 1.8491e-06 2.4627e-05 ] 9.8734e-01
 3.309e+01 1.2627e-02 [ 1.2999e-27 3.7954e-13 3.7930e-10 1.6732e-06 2.2759e-05 ] 9.8737e-01
 3.321e+01 1.2584e-02 [ 8.6051e-28 3.0266e-13 3.2186e-10 1.5107e-06 2.0992e-05 ] 9.8742e-01
 3.332e+01 1.2535e-02 [ 5.6902e-28 2.4116e-13 2.7286e-10 1.3605e-06 1.9322e-05 ] 9.8747e-01
 3.343e+01 1.2479e-02 [ 3.7584e-28 1.9199e-13 2.3107e-10 1.2219e-06 1.7742e-05 ] 9.8752e-01
 3.355e+01 1.2414e-02 [ 2.4793e-28 1.5268e-13 1.9541e-10 1.0941e-06 1.6250e-05 ] 9.8759e-01
 3.366e+01 1.2339e-02 [ 1.6333e-28 1.2127e-13 1.6500e-10 9.7637e-07 1.4839e-05 ] 9.8766e-01
 3.377e+01 1.2251e-02 [ 1.0743e-28 9.6194e-14 1.3905e-10 8.6802e-07 1.3506e-05 ] 9.8775e-01
 3.389e+01 1.2151e-02 [ 7.0547e-29 7.6180e-14 1.1691e-10 7.6845e-07 1.2246e-05 ] 9.8785e-01
 3.400e+01 1.2033e-02 [ 4.6237e-29 6.0215e-14 9.8033e-11 6.7710e-07 1.1057e-05 ] 9.8797e-01
 3.411e+01 1.1897e-02 [ 3.0238e-29 4.7488e-14 8.1933e-11 5.9342e-07 9.9355e-06 ] 9.8810e-01
 3.423e+01 1.1738e-02 [ 1.9727e-29 3.7349e-14 6.8208e-11 5.1693e-07 8.8780e-06 ] 9.8826e-01
 3.434e+01 1.1553e-02 [ 1.2832e-29 2.9277e-14 5.6515e-11 4.4717e-07 7.8825e-06 ] 9.8845e-01
 3.445e+01 1.1338e-02 [ 8.3192e-30 2.2856e-14 4.6560e-11 3.8374e-07 6.9469e-06 ] 9.8866e-01
 3.457e+01 1.1088e-02 [ 5.3720e-30 1.7754e-14 3.8093e-11 3.2625e-07 6.0693e-06 ] 9.8891e-01
 3.468e+01 1.0796e-02 [ 3.4524e-30 1.3703e-14 3.0902e-11 2.7435e-07 5.2485e-06 ] 9.8920e-01
 3.479e+01 1.0456e-02 [ 2.2058e-30 1.0492e-14 2.4808e-11 2.2773e-07 4.4835e-06 ] 9.8954e-01
 3.491e+01 1.0060e-02 [ 1.3992e-30 7.9508e-15 1.9658e-11 1.8610e-07 3.7738e-06 ] 9.8994e-01
 3.502e+01 9.5983e-03 [ 8.7947e-31 5.9448e-15 1.5323e-11 1.4920e-07 3.1194e-06 ] 9.9040e-01
 3.513e+01 9.0609e-03 [ 5.4618e-31 4.3666e-15 1.1695e-11 1.1680e-07 2.5207e-06 ] 9.9094e-01
 3.525e+01 8.4350e-03 [ 3.3371e-31 3.1311e-15 8.6819e-12 8.8684e-08 1.9788e-06 ] 9.9157e-01
 3.536e+01 7.7060e-03 [ 1.9922e-31 2.1714e-15 6.2091e-12 6.4685e-08 1.4952e-06 ] 9.9229e-01
 3.547e+01 6.8572e-03 [ 1.1485e-31 1.4351e-15 4.2140e-12 4.4643e-08 1.0723e-06 ] 9.9314e-01
 3.559e+01 5.8689e-03 [ 6.2585e-32 8.8152e-16 2.6464e-12 2.8425e-08 7.1287e-07 ] 9.9413e-01
 3.570e+01 4.7178e-03 [ 3.0873e-32 4.8012e-16 1.4667e-12 1.5925e-08 4.2080e-07 ] 9.9528e-01
 3.581e+01 3.3780e-03 [ 1.2446e-32 2.0849e-16 6.4498e-13 7.0572e-09 2.0069e-07 ] 9.9662e-01
 3.593e+01 1.8505e-03 [ 2.9296e-33 5.1395e-17 1.6021e-13 1.7612e-09 5.8180e-08 ] 9.9815e-01
 3.604e+01 0.0000e+00 [ 0.0000e+00 0.0000e+00 0.0000e+00 0.0000e+00 0.0000e+00 ] 1.0000e+00
