 0.000e+00 0.0000e+00 [ 0.0000e+00 0.0000e+00 0.0000e+00 0.0000e+00 0.0000e+00 ] 1.0000e+00
 1.133e-01 1.8533e-03 [ 1.7424e-03 1.4175e-05 2.5557e-05 5.3754e-05 1.7346e-05 ] 9.9815e-01
 2.267e-01 3.8385e-03 [ 3.4053e-03 4.6527e-05 1.0279e-04 2.1574e-04 6.8138e-05 ] 9.9616e-01
 3.400e-01 5.8012e-03 [ 4.8112e-03 1.1769e-04 2.3341e-04 4.8811e-04 1.5075e-04 ] 9.9420e-01
 4.533e-01 7.8312e-03 [ 6.0693e-03 2.0335e-04 4.2025e-04 8.7446e-04 2.6382e-04 ] 9.9217e-01
 5.667e-01 9.9536e-03 [ 7.1781e-03 3.2216e-04 6.6734e-04 1.3798e-03 4.0622e-04 ] 9.9005e-01
 6.800e-01 1.2199e-02 [ 8.1606e-03 4.7029e-04 9.7996e-04 2.0107e-03 5.7705e-04 ] 9.8780e-01
 7.933e-01 1.4596e-02 [ 9.0323e-03 6.4857e-04 1.3647e-03 2.7751e-03 7.7564e-04 ] 9.8540e-01
 9.067e-01 1.7179e-02 [ 9.8049e-03 8.6028e-04 1.8297e-03 3.6827e-03 1.0015e-03 ] 9.8282e-01
 1.020e+00 1.9982e-02 [ 1.0490e-02 1.1081e-03 2.3845e-03 4.7447e-03 1.2544e-03 ] 9.8002e-01
 1.133e+00 2.3041e-02 [ 1.1097e-02 1.3949e-03 3.0404e-03 5.9743e-03 1.5343e-03 ] 9.7696e-01
 1.247e+00 2.6399e-02 [ 1.1637e-02 1.7239e-03 3.8108e-03 7.3862e-03 1.8414e-03 ] 9.7360e-01
 1.360e+00 3.0099e-02 [ 1.2116e-02 2.0991e-03 4.7108e-03 8.9972e-03 2.1758e-03 ] 9.6990e-01
 1.473e+00 3.4189e-02 [ 1.2542e-02 2.5248e-03 5.7579e-03 1.0826e-02 2.5382e-03 ] 9.6581e-01
 1.587e+00 3.8723e-02 [ 1.2922e-02 3.0057e-03 6.9722e-03 1.2894e-02 2.9292e-03 ] 9.6128e-01
 1.700e+00 4.3757e-02 [ 1.3261e-02 3.5469e-03 8.3763e-03 1.5223e-02 3.3497e-03 ] 9.5624e-01
 1.813e+00 4.9353e-02 [ 1.3564e-02 4.1543e-03 9.9957e-03 1.7838e-02 3.8005e-03 ] 9.5065e-01
 1.927e+00 5.5579e-02 [ 1.3836e-02 4.8338e-03 1.1859e-02 2.0768e-02 4.2828e-03 ] 9.4442e-01
 2.040e+00 6.2507e-02 [ 1.4080e-02 5.5920e-03 1.3997e-02 2.4040e-02 4.7978e-03 ] 9.3749e-01
 2.153e+00 7.0212e-02 [ 1.4300e-02 6.4356e-03 1.6445e-02 2.7685e-02 5.3466e-03 ] 9.2979e-01
 2.267e+00 7.8777e-02 [ 1.4499e-02 7.3718e-03 1.9240e-02 3.1736e-02 5.9306e-03 ] 9.2122e-01
 2.380e+00 8.8285e-02 [ 1.4679e-02 8.4078e-03 2.2423e-02 3.6224e-02 6.5508e-03 ] 9.1171e-01
 2.493e+00 9.8821e-02 [ 1.4841e-02 9.5505e-03 2.6037e-02 4.1184e-02 7.2083e-03 ] 9.0118e-01
 2.607e+00 1.1047e-01 [ 1.4988e-02 1.0807e-02 3.0126e-02 4.6647e-02 7.9041e-03 ] 8.8953e-01
 2.720e+00 1.2332e-01 [ 1.5119e-02 1.2183e-02 3.4734e-02 5.2643e-02 8.6386e-03 ] 8.7668e-01
 2.833e+00 1.3744e-01 [ 1.5235e-02 1.3684e-02 3.9906e-02 5.9200e-02 9.4121e-03 ] 8.6256e-01
 2.947e+00 1.5289e-01 [ 1.5335e-02 1.5314e-02 4.5684e-02 6.6338e-02 1.0224e-02 ] 8.4711e-01
 3.060e+00 1.6974e-01 [ 1.5419e-02 1.7074e-02 5.2103e-02 7.4072e-02 1.1073e-02 ] 8.3026e-01
 3.173e+00 1.8800e-01 [ 1.5484e-02 1.8964e-02 5.9192e-02 8.2406e-02 1.1958e-02 ] 8.1200e-01
 3.287e+00 2.0768e-01 [ 1.5528e-02 2.0981e-02 6.6967e-02 9.1331e-02 1.2876e-02 ] 7.9232e-01
 3.400e+00 2.2874e-01 [ 1.5547e-02 2.3115e-02 7.5431e-02 1.0082e-01 1.3823e-02 ] 7.7126e-01
 3.513e+00 2.5110e-01 [ 1.5540e-02 2.5357e-02 8.4566e-02 1.1084e-01 1.4792e-02 ] 7.4890e-01
 3.627e+00 2.7462e-01 [ 1.5501e-02 2.7688e-02 9.4331e-02 1.2133e-01 1.5780e-02 ] 7.2538e-01
 3.740e+00 2.9913e-01 [ 1.5426e-02 3.0088e-02 1.0466e-01 1.3219e-01 1.6776e-02 ] 7.0087e-01
 3.853e+00 3.2437e-01 [ 1.5311e-02 3.2528e-02 1.1545e-01 1.4332e-01 1.7772e-02 ] 6.7563e-01
 3.967e+00 3.5003e-01 [ 1.5152e-02 3.4975e-02 1.2657e-01 1.5458e-01 1.8759e-02 ] 6.4997e-01
 4.080e+00 3.7575e-01 [ 1.4945e-02 3.7393e-02 1.3786e-01 1.6583e-01 1.9724e-02 ] 6.2425e-01
 4.193e+00 4.0109e-01 [ 1.4687e-02 3.9739e-02 1.4912e-01 1.7688e-01 2.0655e-02 ] 5.9891e-01
 4.307e+00 4.2558e-01 [ 1.4375e-02 4.1969e-02 1.6014e-01 1.8756e-01 2.1542e-02 ] 5.7442e-01
 4.420e+00 4.4875e-01 [ 1.4008e-02 4.4038e-02 1.7068e-01 1.9765e-01 2.2371e-02 ] 5.5125e-01
 4.533e+00 4.7008e-01 [ 1.3587e-02 4.5902e-02 1.8049e-01 2.0697e-01 2.3131e-02 ] 5.2992e-01
 4.647e+00 4.8908e-01 [ 1.3114e-02 4.7518e-02 1.8933e-01 2.1531e-01 2.3811e-02 ] 5.1092e-01
 4.760e+00 5.0530e-01 [ 1.2591e-02 4.8848e-02 1.9695e-01 2.2251e-01 2.4402e-02 ] 4.9470e-01
 4.873e+00 5.1834e-01 [ 1.2024e-02 4.9859e-02 2.0316e-01 2.2840e-01 2.4895e-02 ] 4.8166e-01
 4.987e+00 5.2787e-01 [ 1.1418e-02 5.0528e-02 2.0777e-01 2.3286e-01 2.5285e-02 ] 4.7213e-01
 5.100e+00 5.3364e-01 [ 1.0780e-02 5.0838e-02 2.1065e-01 2.3580e-01 2.5567e-02 ] 4.6636e-01
 5.213e+00 5.3550e-01 [ 1.0119e-02 5.0780e-02 2.1173e-01 2.3713e-01 2.5737e-02 ] 4.6450e-01
 5.327e+00 5.3341e-01 [ 9.4402e-03 5.0355e-02 2.1096e-01 2.3685e-01 2.5794e-02 ] 4.6659e-01
 5.440e+00 5.2742e-01 [ 8.7538e-03 4.9574e-02 2.0839e-01 2.3497e-01 2.5738e-02 ] 4.7258e-01
 5.553e+00 5.1769e-01 [ 8.0674e-03 4.8453e-02 2.0407e-01 2.3153e-01 2.5571e-02 ] 4.8231e-01
 5.667e+00 5.0447e-01 [ 7.3888e-03 4.7020e-02 1.9815e-01 2.2661e-01 2.5295e-02 ] 4.9553e-01
 5.780e+00 4.8810e-01 [ 6.7252e-03 4.5308e-02 1.9080e-01 2.2035e-01 2.4917e-02 ] 5.1190e-01
 5.893e+00 4.6897e-01 [ 6.0834e-03 4.3354e-02 1.8222e-01 2.1287e-01 2.4443e-02 ] 5.3103e-01
 6.007e+00 4.4756e-01 [ 5.4692e-03 4.1204e-02 1.7264e-01 2.0436e-01 2.3881e-02 ] 5.5244e-01
 6.120e+00 4.2435e-01 [ 4.8873e-03 3.8901e-02 1.6232e-01 1.9501e-01 2.3241e-02 ] 5.7565e-01
 6.233e+00 3.9985e-01 [ 4.3417e-03 3.6492e-02 1.5149e-01 1.8499e-01 2.2535e-02 ] 6.0015e-01
 6.347e+00 3.7455e-01 [ 3.8350e-03 3.4022e-02 1.4039e-01 1.7452e-01 2.1773e-02 ] 6.2545e-01
 6.460e+00 3.4890e-01 [ 3.3687e-03 3.1534e-02 1.2925e-01 1.6378e-01 2.0969e-02 ] 6.5110e-01
 6.573e+00 3.2334e-01 [ 2.9436e-03 2.9066e-02 1.1825e-01 1.5295e-01 2.0133e-02 ] 6.7666e-01
 6.687e+00 2.9823e-01 [ 2.5592e-03 2.6651e-02 1.0757e-01 1.4218e-01 1.9277e-02 ] 7.0177e-01
 6.800e+00 2.7388e-01 [ 2.2144e-03 2.4317e-02 9.7320e-02 1.3161e-01 1.8412e-02 ] 7.2612e-01
 6.913e+00 2.5052e-01 [ 1.9075e-03 2.2087e-02 8.7617e-02 1.2136e-01 1.7548e-02 ] 7.4948e-01
 7.027e+00 2.2835e-01 [ 1.6362e-03 1.9977e-02 7.8527e-02 1.1152e-01 1.6692e-02 ] 7.7165e-01
 7.140e+00 2.0749e-01 [ 1.3980e-03 1.7999e-02 7.0092e-02 1.0215e-01 1.5853e-02 ] 7.9251e-01
 7.253e+00 1.8802e-01 [ 1.1900e-03 1.6158e-02 6.2331e-02 9.3302e-02 1.5035e-02 ] 8.1198e-01
 7.367e+00 1.6996e-01 [ 1.0095e-03 1.4459e-02 5.5245e-02 8.5007e-02 1.4243e-02 ] 8.3004e-01
 7.480e+00 1.5333e-01 [ 8.5365e-04 1.2899e-02 4.8818e-02 7.7277e-02 1.3481e-02 ] 8.4667e-01
 7.593e+00 1.3808e-01 [ 7.1969e-04 1.1476e-02 4.3024e-02 7.0112e-02 1.2751e-02 ] 8.6192e-01
 7.707e+00 1.2418e-01 [ 6.0506e-04 1.0185e-02 3.7828e-02 6.3503e-02 1.2055e-02 ] 8.7582e-01
 7.820e+00 1.1154e-01 [ 5.0736e-04 9.0190e-03 3.3189e-02 5.7432e-02 1.1393e-02 ] 8.8846e-01
 7.933e+00 1.0010e-01 [ 4.2439e-04 7.9699e-03 2.9065e-02 5.1876e-02 1.0766e-02 ] 8.9990e-01
 8.047e+00 8.9775e-02 [ 3.5417e-04 7.0297e-03 2.5413e-02 4.6807e-02 1.0172e-02 ] 9.1022e-01
 8.160e+00 8.0478e-02 [ 2.9493e-04 6.1898e-03 2.2187e-02 4.2194e-02 9.6123e-03 ] 9.1952e-01
 8.273e+00 7.2126e-02 [ 2.4510e-04 5.4419e-03 1.9347e-02 3.8008e-02 9.0848e-03 ] 9.2787e-01
 8.387e+00 6.4636e-02 [ 2.0328e-04 4.7775e-03 1.6852e-02 3.4215e-02 8.5882e-03 ] 9.3536e-01
 8.500e+00 5.7929e-02 [ 1.6829e-04 4.1889e-03 1.4664e-02 3.0786e-02 8.1214e-03 ] 9.4207e-01
 8.613e+00 5.1931e-02 [ 1.3908e-04 3.6684e-03 1.2751e-02 2.7690e-02 7.6826e-03 ] 9.4807e-01
 8.727e+00 4.6571e-02 [ 1.1474e-04 3.2091e-03 1.1079e-02 2.4898e-02 7.2704e-03 ] 9.5343e-01
 8.840e+00 4.1786e-02 [ 9.4500e-05 2.8045e-03 9.6201e-03 2.2383e-02 6.8832e-03 ] 9.5821e-01
 8.953e+00 3.7515e-02 [ 7.7709e-05 2.4486e-03 8.3492e-03 2.0120e-02 6.5195e-03 ] 9.6248e-01
 9.067e+00 3.3705e-02 [ 6.3803e-05 2.1361e-03 7.2430e-03 1.8085e-02 6.1777e-03 ] 9.6629e-01
 9.180e+00 3.0307e-02 [ 5.2307e-05 1.8619e-03 6.2810e-03 1.6255e-02 5.8566e-03 ] 9.6969e-01
 9.293e+00 2.7276e-02 [ 4.2819e-05 1.6218e-03 5.4450e-03 1.4612e-02 5.5545e-03 ] 9.7272e-01
 9.407e+00 2.4572e-02 [ 3.5002e-05 1.4116e-03 4.7190e-03 1.3136e-02 5.2704e-03 ] 9.7543e-01
 9.520e+00 2.2160e-02 [ 2.8571e-05 1.2278e-03 4.0890e-03 1.1812e-02 5.0029e-03 ] 9.7784e-01
 9.633e+00 2.0007e-02 [ 2.3290e-05 1.0673e-03 3.5424e-03 1.0623e-02 4.7508e-03 ] 9.7999e-01
 9.747e+00 1.8084e-02 [ 1.8959e-05 9.2726e-04 3.0684e-03 9.5558e-03 4.5132e-03 ] 9.8192e-01
 9.860e+00 1.6366e-02 [ 1.5412e-05 8.0512e-04 2.6576e-03 8.5985e-03 4.2891e-03 ] 9.8363e-01
 9.973e+00 1.4830e-02 [ 1.2512e-05 6.9869e-04 2.3015e-03 7.7394e-03 4.0774e-03 ] 9.8517e-01
 1.009e+01 1.3455e-02 [ 1.0144e-05 6.0602e-04 1.9931e-03 6.9686e-03 3.8774e-03 ] 9.8654e-01
 1.020e+01 1.2225e-02 [ 8.2140e-06 5.2538e-04 1.7259e-03 6.2769e-03 3.6883e-03 ] 9.8778e-01
 1.031e+01 1.1122e-02 [ 6.6422e-06 4.5525e-04 1.4944e-03 5.6561e-03 3.5093e-03 ] 9.8888e-01
 1.043e+01 1.0132e-02 [ 5.3642e-06 3.9429e-04 1.2940e-03 5.0989e-03 3.3397e-03 ] 9.8987e-01
 1.054e+01 9.2439e-03 [ 4.3265e-06 3.4135e-04 1.1205e-03 4.5987e-03 3.1790e-03 ] 9.9076e-01
 1.065e+01 8.4453e-03 [ 3.4851e-06 2.9538e-04 9.7027e-04 4.1495e-03 3.0266e-03 ] 9.9155e-01
 1.077e+01 7.7266e-03 [ 2.8037e-06 2.5550e-04 8.4019e-04 3.7461e-03 2.8820e-03 ] 9.9227e-01
 1.088e+01 7.0790e-03 [ 2.2526e-06 2.2090e-04 7.2758e-04 3.3836e-03 2.7446e-03 ] 9.9292e-01
 1.099e+01 6.4948e-03 [ 1.8076e-06 1.9092e-04 6.3008e-04 3.0579e-03 2.6141e-03 ] 9.9351e-01
 1.111e+01 5.9672e-03 [ 1.4486e-06 1.6493e-04 5.4567e-04 2.7651e-03 2.4900e-03 ] 9.9403e-01
 1.122e+01 5.4900e-03 [ 1.1595e-06 1.4243e-04 4.7260e-04 2.5019e-03 2.3720e-03 ] 9.9451e-01
 1.133e+01 5.0579e-03 [ 9.2688e-07 1.2295e-04 4.0933e-04 2.2650e-03 2.2596e-03 ] 9.9494e-01
 1.145e+01 4.6660e-03 [ 7.4001e-07 1.0609e-04 3.5456e-04 2.0519e-03 2.1527e-03 ] 9.9533e-01
 1.156e+01 4.3101e-03 [ 5.9006e-07 9.1509e-05 3.0713e-04 1.8601e-03 2.0508e-03 ] 9.9569e-01
 1.167e+01 3.9865e-03 [ 4.6991e-07 7.8902e-05 2.6607e-04 1.6873e-03 1.9538e-03 ] 9.9601e-01
 1.179e+01 3.6918e-03 [ 3.7375e-07 6.8007e-05 2.3052e-04 1.5316e-03 1.8613e-03 ] 9.9631e-01
 1.190e+01 3.4231e-03 [ 2.9690e-07 5.8595e-05 1.9973e-04 1.3913e-03 1.7732e-03 ] 9.9658e-01
 1.201e+01 3.1776e-03 [ 2.3555e-07 5.0467e-05 1.7306e-04 1.2648e-03 1.6891e-03 ] 9.9682e-01
 1.213e+01 2.9531e-03 [ 1.8665e-07 4.3450e-05 1.4997e-04 1.1506e-03 1.6090e-03 ] 9.9705e-01
 1.224e+01 2.7475e-03 [ 1.4771e-07 3.7396e-05 1.2997e-04 1.0475e-03 1.5325e-03 ] 9.9725e-01
 1.235e+01 2.5589e-03 [ 1.1675e-07 3.2174e-05 1.1264e-04 9.5442e-04 1.4596e-03 ] 9.9744e-01
 1.247e+01 2.3857e-03 [ 9.2162e-08 2.7672e-05 9.7635e-05 8.7029e-04 1.3900e-03 ] 9.9761e-01
 1.258e+01 2.2263e-03 [ 7.2662e-08 2.3791e-05 8.4634e-05 7.9421e-04 1.3236e-03 ] 9.9777e-01
 1.269e+01 2.0795e-03 [ 5.7216e-08 2.0447e-05 7.3370e-05 7.2538e-04 1.2603e-03 ] 9.9792e-01
 1.281e+01 1.9442e-03 [ 4.4997e-08 1.7567e-05 6.3611e-05 6.6307e-04 1.1999e-03 ] 9.9806e-01
 1.292e+01 1.8191e-03 [ 3.5344e-08 1.5088e-05 5.5155e-05 6.0661e-04 1.1422e-03 ] 9.9818e-01
 1.303e+01 1.7035e-03 [ 2.7726e-08 1.2954e-05 4.7826e-05 5.5544e-04 1.0872e-03 ] 9.9830e-01
 1.315e+01 1.5964e-03 [ 2.1723e-08 1.1118e-05 4.1476e-05 5.0902e-04 1.0347e-03 ] 9.9840e-01
 1.326e+01 1.4971e-03 [ 1.6999e-08 9.5396e-06 3.5971e-05 4.6688e-04 9.8469e-04 ] 9.9850e-01
 1.337e+01 1.4049e-03 [ 1.3285e-08 8.1822e-06 3.1200e-05 4.2860e-04 9.3694e-04 ] 9.9860e-01
 1.349e+01 1.3193e-03 [ 1.0370e-08 7.0157e-06 2.7064e-05 3.9381e-04 8.9139e-04 ] 9.9868e-01
 1.360e+01 1.2396e-03 [ 8.0844e-09 6.0135e-06 2.3478e-05 3.6215e-04 8.4795e-04 ] 9.9876e-01
 1.371e+01 1.1654e-03 [ 6.2946e-09 5.1528e-06 2.0369e-05 3.3333e-04 8.0652e-04 ] 9.9883e-01
 1.383e+01 1.0962e-03 [ 4.8950e-09 4.4139e-06 1.7673e-05 3.0707e-04 7.6702e-04 ] 9.9890e-01
 1.394e+01 1.0316e-03 [ 3.8018e-09 3.7797e-06 1.5336e-05 2.8313e-04 7.2937e-04 ] 9.9897e-01
 1.405e+01 9.7129e-04 [ 2.9491e-09 3.2356e-06 1.3309e-05 2.6128e-04 6.9347e-04 ] 9.9903e-01
 1.417e+01 9.1489e-04 [ 2.2848e-09 2.7690e-06 1.1550e-05 2.4132e-04 6.5925e-04 ] 9.9909e-01
 1.428e+01 8.6211e-04 [ 1.7679e-09 2.3689e-06 1.0025e-05 2.2307e-04 6.2664e-04 ] 9.9914e-01
 1.439e+01 8.1268e-04 [ 1.3662e-09 2.0260e-06 8.7023e-06 2.0638e-04 5.9557e-04 ] 9.9919e-01
 1.451e+01 7.6636e-04 [ 1.0545e-09 1.7322e-06 7.5546e-06 1.9110e-04 5.6597e-04 ] 9.9923e-01
 1.462e+01 7.2290e-04 [ 8.1293e-10 1.4805e-06 6.5588e-06 1.7709e-04 5.3777e-04 ] 9.9928e-01
 1.473e+01 6.8212e-04 [ 6.2590e-10 1.2650e-06 5.6948e-06 1.6424e-04 5.1092e-04 ] 9.9932e-01
 1.485e+01 6.4382e-04 [ 4.8131e-10 1.0806e-06 4.9450e-06 1.5245e-04 4.8534e-04 ] 9.9936e-01
 1.496e+01 6.0782e-04 [ 3.6966e-10 9.2277e-07 4.2943e-06 1.4161e-04 4.6100e-04 ] 9.9939e-01
 1.507e+01 5.7398e-04 [ 2.8355e-10 7.8776e-07 3.7295e-06 1.3164e-04 4.3782e-04 ] 9.9943e-01
 1.519e+01 5.4214e-04 [ 2.1724e-10 6.7231e-07 3.2394e-06 1.2247e-04 4.1576e-04 ] 9.9946e-01
 1.530e+01 5.1216e-04 [ 1.6623e-10 5.7361e-07 2.8138e-06 1.1402e-04 3.9476e-04 ] 9.9949e-01
 1.541e+01 4.8394e-04 [ 1.2704e-10 4.8926e-07 2.4444e-06 1.0622e-04 3.7478e-04 ] 9.9952e-01
 1.553e+01 4.5735e-04 [ 9.6967e-11 4.1719e-07 2.1237e-06 9.9029e-05 3.5578e-04 ] 9.9954e-01
 1.564e+01 4.3229e-04 [ 7.3923e-11 3.5564e-07 1.8452e-06 9.2385e-05 3.3770e-04 ] 9.9957e-01
 1.575e+01 4.0866e-04 [ 5.6287e-11 3.0308e-07 1.6034e-06 8.6243e-05 3.2051e-04 ] 9.9959e-01
 1.587e+01 3.8638e-04 [ 4.2805e-11 2.5822e-07 1.3933e-06 8.0560e-05 3.0416e-04 ] 9.9961e-01
 1.598e+01 3.6535e-04 [ 3.2513e-11 2.1993e-07 1.2109e-06 7.5297e-05 2.8862e-04 ] 9.9963e-01
 1.609e+01 3.4551e-04 [ 2.4665e-11 1.8727e-07 1.0525e-06 7.0420e-05 2.7385e-04 ] 9.9965e-01
 1.621e+01 3.2677e-04 [ 1.8689e-11 1.5942e-07 9.1488e-07 6.5896e-05 2.5980e-04 ] 9.9967e-01
 1.632e+01 3.0909e-04 [ 1.4143e-11 1.3567e-07 7.9532e-07 6.1697e-05 2.4646e-04 ] 9.9969e-01
 1.643e+01 2.9238e-04 [ 1.0690e-11 1.1543e-07 6.9144e-07 5.7796e-05 2.3378e-04 ] 9.9971e-01
 1.655e+01 2.7660e-04 [ 8.0707e-12 9.8183e-08 6.0118e-07 5.4169e-05 2.2173e-04 ] 9.9972e-01
 1.666e+01 2.6168e-04 [ 6.0855e-12 8.3489e-08 5.2275e-07 5.0795e-05 2.1028e-04 ] 9.9974e-01
 1.677e+01 2.4759e-04 [ 4.5831e-12 7.0976e-08 4.5458e-07 4.7653e-05 1.9941e-04 ] 9.9975e-01
 1.689e+01 2.3427e-04 [ 3.4475e-12 6.0322e-08 3.9534e-07 4.4726e-05 1.8909e-04 ] 9.9977e-01
 1.700e+01 2.2168e-04 [ 2.5901e-12 5.1254e-08 3.4385e-07 4.1996e-05 1.7929e-04 ] 9.9978e-01
 1.711e+01 2.0977e-04 [ 1.9436e-12 4.3537e-08 2.9909e-07 3.9450e-05 1.6998e-04 ] 9.9979e-01
 1.723e+01 1.9851e-04 [ 1.4568e-12 3.6973e-08 2.6018e-07 3.7072e-05 1.6114e-04 ] 9.9980e-01
 1.734e+01 1.8786e-04 [ 1.0906e-12 3.1390e-08 2.2635e-07 3.4851e-05 1.5276e-04 ] 9.9981e-01
 1.745e+01 1.7779e-04 [ 8.1544e-13 2.6644e-08 1.9694e-07 3.2775e-05 1.4479e-04 ] 9.9982e-01
 1.757e+01 1.6827e-04 [ 6.0900e-13 2.2609e-08 1.7136e-07 3.0833e-05 1.3724e-04 ] 9.9983e-01
 1.768e+01 1.5926e-04 [ 4.5429e-13 1.9180e-08 1.4912e-07 2.9016e-05 1.3007e-04 ] 9.9984e-01
 1.779e+01 1.5073e-04 [ 3.3848e-13 1.6267e-08 1.2977e-07 2.7314e-05 1.2327e-04 ] 9.9985e-01
 1.791e+01 1.4266e-04 [ 2.5190e-13 1.3793e-08 1.1295e-07 2.5720e-05 1.1682e-04 ] 9.9986e-01
 1.802e+01 1.3503e-04 [ 1.8724e-13 1.1692e-08 9.8310e-08 2.4226e-05 1.1070e-04 ] 9.9986e-01
 1.813e+01 1.2781e-04 [ 1.3902e-13 9.9089e-09 8.5578e-08 2.2824e-05 1.0489e-04 ] 9.9987e-01
 1.825e+01 1.2097e-04 [ 1.0310e-13 8.3954e-09 7.4501e-08 2.1509e-05 9.9382e-05 ] 9.9988e-01
 1.836e+01 1.1451e-04 [ 7.6368e-14 7.1113e-09 6.4863e-08 2.0275e-05 9.4159e-05 ] 9.9989e-01
 1.847e+01 1.0839e-04 [ 5.6503e-14 6.0220e-09 5.6477e-08 1.9116e-05 8.9207e-05 ] 9.9989e-01
 1.859e+01 1.0259e-04 [ 4.1758e-14 5.0983e-09 4.9179e-08 1.8027e-05 8.4511e-05 ] 9.9990e-01
 1.870e+01 9.7110e-05 [ 3.0825e-14 4.3152e-09 4.2828e-08 1.7004e-05 8.0059e-05 ] 9.9990e-01
 1.881e+01 9.1921e-05 [ 2.2728e-14 3.6514e-09 3.7300e-08 1.6042e-05 7.5838e-05 ] 9.9991e-01
 1.893e+01 8.7009e-05 [ 1.6739e-14 3.0889e-09 3.2488e-08 1.5137e-05 7.1836e-05 ] 9.9991e-01
 1.904e+01 8.2360e-05 [ 1.2315e-14 2.6125e-09 2.8300e-08 1.4286e-05 6.8043e-05 ] 9.9992e-01
 1.915e+01 7.7960e-05 [ 9.0492e-15 2.2089e-09 2.4653e-08 1.3485e-05 6.4448e-05 ] 9.9992e-01
 1.927e+01 7.3795e-05 [ 6.6422e-15 1.8672e-09 2.1478e-08 1.2731e-05 6.1041e-05 ] 9.9993e-01
 1.938e+01 6.9852e-05 [ 4.8700e-15 1.5780e-09 1.8714e-08 1.2020e-05 5.7812e-05 ] 9.9993e-01
 1.949e+01 6.6121e-05 [ 3.5667e-15 1.3332e-09 1.6307e-08 1.1351e-05 5.4751e-05 ] 9.9993e-01
 1.961e+01 6.2588e-05 [ 2.6092e-15 1.1261e-09 1.4210e-08 1.0721e-05 5.1852e-05 ] 9.9994e-01
 1.972e+01 5.9244e-05 [ 1.9067e-15 9.5093e-10 1.2384e-08 1.0127e-05 4.9104e-05 ] 9.9994e-01
 1.983e+01 5.6079e-05 [ 1.3918e-15 8.0279e-10 1.0794e-08 9.5667e-06 4.6500e-05 ] 9.9994e-01
 1.995e+01 5.3083e-05 [ 1.0148e-15 6.7756e-10 9.4087e-09 9.0387e-06 4.4034e-05 ] 9.9995e-01
 2.006e+01 5.0246e-05 [ 7.3915e-16 5.7171e-10 8.2018e-09 8.5406e-06 4.1697e-05 ] 9.9995e-01
 2.017e+01 4.7562e-05 [ 5.3778e-16 4.8227e-10 7.1504e-09 8.0708e-06 3.9483e-05 ] 9.9995e-01
 2.029e+01 4.5020e-05 [ 3.9085e-16 4.0672e-10 6.2343e-09 7.6276e-06 3.7386e-05 ] 9.9995e-01
 2.040e+01 4.2614e-05 [ 2.8376e-16 3.4291e-10 5.4360e-09 7.2094e-06 3.5399e-05 ] 9.9996e-01
 2.051e+01 4.0337e-05 [ 2.0579e-16 2.8904e-10 4.7403e-09 6.8146e-06 3.3517e-05 ] 9.9996e-01
 2.063e+01 3.8182e-05 [ 1.4909e-16 2.4356e-10 4.1340e-09 6.4420e-06 3.1735e-05 ] 9.9996e-01
 2.074e+01 3.6141e-05 [ 1.0789e-16 2.0519e-10 3.6056e-09 6.0901e-06 3.0047e-05 ] 9.9996e-01
 2.085e+01 3.4209e-05 [ 7.8000e-17 1.7281e-10 3.1450e-09 5.7579e-06 2.8448e-05 ] 9.9997e-01
 2.097e+01 3.2381e-05 [ 5.6330e-17 1.4551e-10 2.7434e-09 5.4442e-06 2.6933e-05 ] 9.9997e-01
 2.108e+01 3.0650e-05 [ 4.0638e-17 1.2248e-10 2.3933e-09 5.1479e-06 2.5499e-05 ] 9.9997e-01
 2.119e+01 2.9012e-05 [ 2.9287e-17 1.0307e-10 2.0881e-09 4.8680e-06 2.4141e-05 ] 9.9997e-01
 2.131e+01 2.7461e-05 [ 2.1085e-17 8.6714e-11 1.8220e-09 4.6035e-06 2.2855e-05 ] 9.9997e-01
 2.142e+01 2.5993e-05 [ 1.5165e-17 7.2933e-11 1.5899e-09 4.3537e-06 2.1637e-05 ] 9.9997e-01
 2.153e+01 2.4603e-05 [ 1.0896e-17 6.1325e-11 1.3875e-09 4.1176e-06 2.0484e-05 ] 9.9998e-01
 2.165e+01 2.3288e-05 [ 7.8204e-18 5.1550e-11 1.2110e-09 3.8945e-06 1.9392e-05 ] 9.9998e-01
 2.176e+01 2.2043e-05 [ 5.6075e-18 4.3322e-11 1.0570e-09 3.6836e-06 1.8357e-05 ] 9.9998e-01
 2.187e+01 2.0864e-05 [ 4.0168e-18 3.6396e-11 9.2267e-10 3.4843e-06 1.7378e-05 ] 9.9998e-01
 2.199e+01 1.9749e-05 [ 2.8745e-18 3.0569e-11 8.0548e-10 3.2959e-06 1.6451e-05 ] 9.9998e-01
 2.210e+01 1.8693e-05 [ 2.0550e-18 2.5668e-11 7.0325e-10 3.1178e-06 1.5573e-05 ] 9.9998e-01
 2.221e+01 1.7693e-05 [ 1.4677e-18 2.1547e-11 6.1404e-10 2.9494e-06 1.4742e-05 ] 9.9998e-01
 2.233e+01 1.6747e-05 [ 1.0472e-18 1.8082e-11 5.3620e-10 2.7902e-06 1.3955e-05 ] 9.9998e-01
 2.244e+01 1.5851e-05 [ 7.4650e-19 1.5170e-11 4.6826e-10 2.6397e-06 1.3210e-05 ] 9.9998e-01
 2.255e+01 1.5004e-05 [ 5.3162e-19 1.2723e-11 4.0897e-10 2.4973e-06 1.2505e-05 ] 9.9998e-01
 2.267e+01 1.4201e-05 [ 3.7823e-19 1.0668e-11 3.5722e-10 2.3627e-06 1.1837e-05 ] 9.9999e-01
 2.278e+01 1.3442e-05 [ 2.6884e-19 8.9423e-12 3.1205e-10 2.2354e-06 1.1205e-05 ] 9.9999e-01
 2.289e+01 1.2723e-05 [ 1.9091e-19 7.4936e-12 2.7261e-10 2.1150e-06 1.0607e-05 ] 9.9999e-01
 2.301e+01 1.2043e-05 [ 1.3545e-19 6.2777e-12 2.3818e-10 2.0011e-06 1.0040e-05 ] 9.9999e-01
 2.312e+01 1.1399e-05 [ 9.6006e-20 5.2576e-12 2.0811e-10 1.8934e-06 9.5037e-06 ] 9.9999e-01
 2.323e+01 1.0789e-05 [ 6.7988e-20 4.4020e-12 1.8186e-10 1.7916e-06 8.9959e-06 ] 9.9999e-01
 2.335e+01 1.0212e-05 [ 4.8102e-20 3.6846e-12 1.5894e-10 1.6952e-06 8.5152e-06 ] 9.9999e-01
 2.346e+01 9.6658e-06 [ 3.4003e-20 3.0831e-12 1.3891e-10 1.6040e-06 8.0601e-06 ] 9.9999e-01
 2.357e+01 9.1489e-06 [ 2.4014e-20 2.5791e-12 1.2143e-10 1.5178e-06 7.6294e-06 ] 9.9999e-01
 2.369e+01 8.6596e-06 [ 1.6945e-20 2.1569e-12 1.0615e-10 1.4362e-06 7.2216e-06 ] 9.9999e-01
 2.380e+01 8.1965e-06 [ 1.1946e-20 1.8032e-12 9.2804e-11 1.3591e-06 6.8356e-06 ] 9.9999e-01
 2.391e+01 7.7582e-06 [ 8.4143e-21 1.5071e-12 8.1144e-11 1.2861e-06 6.4702e-06 ] 9.9999e-01
 2.403e+01 7.3433e-06 [ 5.9217e-21 1.2592e-12 7.0957e-11 1.2170e-06 6.1243e-06 ] 9.9999e-01
 2.414e+01 6.9506e-06 [ 4.1639e-21 1.0518e-12 6.2055e-11 1.1516e-06 5.7968e-06 ] 9.9999e-01
 2.425e+01 6.5790e-06 [ 2.9254e-21 8.7832e-13 5.4275e-11 1.0898e-06 5.4869e-06 ] 9.9999e-01
 2.437e+01 6.2272e-06 [ 2.0535e-21 7.3322e-13 4.7476e-11 1.0313e-06 5.1935e-06 ] 9.9999e-01
 2.448e+01 5.8943e-06 [ 1.4403e-21 6.1192e-13 4.1533e-11 9.7594e-07 4.9158e-06 ] 9.9999e-01
 2.459e+01 5.5792e-06 [ 1.0094e-21 5.1053e-13 3.6338e-11 9.2357e-07 4.6529e-06 ] 9.9999e-01
 2.471e+01 5.2809e-06 [ 7.0681e-22 4.2582e-13 3.1797e-11 8.7401e-07 4.4041e-06 ] 9.9999e-01
 2.482e+01 4.9987e-06 [ 4.9454e-22 3.5506e-13 2.7827e-11 8.2711e-07 4.1686e-06 ] 1.0000e+00
 2.493e+01 4.7315e-06 [ 3.4574e-22 2.9598e-13 2.4355e-11 7.8274e-07 3.9456e-06 ] 1.0000e+00
 2.505e+01 4.4787e-06 [ 2.4153e-22 2.4665e-13 2.1319e-11 7.4075e-07 3.7346e-06 ] 1.0000e+00
 2.516e+01 4.2394e-06 [ 1.6859e-22 2.0549e-13 1.8664e-11 7.0102e-07 3.5348e-06 ] 1.0000e+00
 2.527e+01 4.0129e-06 [ 1.1760e-22 1.7116e-13 1.6342e-11 6.6342e-07 3.3458e-06 ] 1.0000e+00
 2.539e+01 3.7985e-06 [ 8.1964e-23 1.4252e-13 1.4311e-11 6.2784e-07 3.1668e-06 ] 1.0000e+00
 2.550e+01 3.5957e-06 [ 5.7087e-23 1.1864e-13 1.2535e-11 5.9418e-07 2.9974e-06 ] 1.0000e+00
 2.561e+01 3.4037e-06 [ 3.9733e-23 9.8737e-14 1.0980e-11 5.6231e-07 2.8371e-06 ] 1.0000e+00
 2.573e+01 3.2220e-06 [ 2.7635e-23 8.2154e-14 9.6203e-12 5.3216e-07 2.6853e-06 ] 1.0000e+00
 2.584e+01 3.0501e-06 [ 1.9208e-23 6.8339e-14 8.4303e-12 5.0363e-07 2.5416e-06 ] 1.0000e+00
 2.595e+01 2.8874e-06 [ 1.3342e-23 5.6836e-14 7.3890e-12 4.7663e-07 2.4057e-06 ] 1.0000e+00
 2.607e+01 2.7335e-06 [ 9.2618e-24 4.7258e-14 6.4776e-12 4.5108e-07 2.2770e-06 ] 1.0000e+00
 2.618e+01 2.5878e-06 [ 6.4256e-24 3.9288e-14 5.6798e-12 4.2690e-07 2.1552e-06 ] 1.0000e+00
 2.629e+01 2.4499e-06 [ 4.4555e-24 3.2656e-14 4.9815e-12 4.0401e-07 2.0398e-06 ] 1.0000e+00
 2.641e+01 2.3194e-06 [ 3.0878e-24 2.7140e-14 4.3702e-12 3.8235e-07 1.9307e-06 ] 1.0000e+00
 2.652e+01 2.1960e-06 [ 2.1390e-24 2.2553e-14 3.8349e-12 3.6186e-07 1.8274e-06 ] 1.0000e+00
 2.663e+01 2.0792e-06 [ 1.4811e-24 1.8739e-14 3.3662e-12 3.4246e-07 1.7296e-06 ] 1.0000e+00
 2.675e+01 1.9687e-06 [ 1.0251e-24 1.5570e-14 2.9557e-12 3.2410e-07 1.6371e-06 ] 1.0000e+00
 2.686e+01 1.8642e-06 [ 7.0935e-25 1.2937e-14 2.5962e-12 3.0673e-07 1.5495e-06 ] 1.0000e+00
 2.697e+01 1.7653e-06 [ 4.9072e-25 1.0750e-14 2.2812e-12 2.9029e-07 1.4666e-06 ] 1.0000e+00
 2.709e+01 1.6717e-06 [ 3.3943e-25 8.9329e-15 2.0054e-12 2.7473e-07 1.3881e-06 ] 1.0000e+00
 2.720e+01 1.5832e-06 [ 2.3476e-25 7.4245e-15 1.7636e-12 2.6000e-07 1.3138e-06 ] 1.0000e+00
 2.731e+01 1.4995e-06 [ 1.6237e-25 6.1724e-15 1.5518e-12 2.4606e-07 1.2435e-06 ] 1.0000e+00
 2.743e+01 1.4204e-06 [ 1.1232e-25 5.1331e-15 1.3661e-12 2.3287e-07 1.1770e-06 ] 1.0000e+00
 2.754e+01 1.3455e-06 [ 7.7724e-26 4.2707e-15 1.2034e-12 2.2039e-07 1.1140e-06 ] 1.0000e+00
 2.765e+01 1.2747e-06 [ 5.3805e-26 3.5551e-15 1.0607e-12 2.0858e-07 1.0544e-06 ] 1.0000e+00
 2.777e+01 1.2078e-06 [ 3.7269e-26 2.9614e-15 9.3566e-13 1.9740e-07 9.9798e-07 ] 1.0000e+00
 2.788e+01 1.1445e-06 [ 2.5834e-26 2.4688e-15 8.2597e-13 1.8682e-07 9.4458e-07 ] 1.0000e+00
 2.799e+01 1.0846e-06 [ 1.7926e-26 2.0602e-15 7.2975e-13 1.7680e-07 8.9403e-07 ] 1.0000e+00
 2.811e+01 1.0281e-06 [ 1.2453e-26 1.7212e-15 6.4535e-13 1.6732e-07 8.4619e-07 ] 1.0000e+00
 2.822e+01 9.7469e-07 [ 8.6635e-27 1.4399e-15 5.7129e-13 1.5835e-07 8.0091e-07 ] 1.0000e+00
 2.833e+01 9.2421e-07 [ 6.0374e-27 1.2065e-15 5.0630e-13 1.4986e-07 7.5805e-07 ] 1.0000e+00
 2.845e+01 8.7653e-07 [ 4.2157e-27 1.0128e-15 4.4924e-13 1.4183e-07 7.1748e-07 ] 1.0000e+00
 2.856e+01 8.3151e-07 [ 2.9504e-27 8.5196e-16 3.9915e-13 1.3422e-07 6.7908e-07 ] 1.0000e+00
 2.867e+01 7.8900e-07 [ 2.0702e-27 7.1834e-16 3.5515e-13 1.2703e-07 6.4274e-07 ] 1.0000e+00
 2.879e+01 7.4889e-07 [ 1.4568e-27 6.0729e-16 3.1650e-13 1.2022e-07 6.0834e-07 ] 1.0000e+00
 2.890e+01 7.1103e-07 [ 1.0285e-27 5.1493e-16 2.8254e-13 1.1377e-07 5.7579e-07 ] 1.0000e+00
 2.901e+01 6.7534e-07 [ 7.2872e-28 4.3805e-16 2.5268e-13 1.0767e-07 5.4497e-07 ] 1.0000e+00
 2.913e+01 6.4168e-07 [ 5.1831e-28 3.7399e-16 2.2643e-13 1.0190e-07 5.1581e-07 ] 1.0000e+00
 2.924e+01 6.0997e-07 [ 3.7019e-28 3.2055e-16 2.0334e-13 9.6432e-08 4.8820e-07 ] 1.0000e+00
 2.935e+01 5.8011e-07 [ 2.6556e-28 2.7591e-16 1.8302e-13 9.1261e-08 4.6207e-07 ] 1.0000e+00
 2.947e+01 5.5200e-07 [ 1.9140e-28 2.3855e-16 1.6513e-13 8.6366e-08 4.3734e-07 ] 1.0000e+00
 2.958e+01 5.2557e-07 [ 1.3861e-28 2.0723e-16 1.4937e-13 8.1734e-08 4.1394e-07 ] 1.0000e+00
 2.969e+01 5.0072e-07 [ 1.0087e-28 1.8091e-16 1.3548e-13 7.7350e-08 3.9178e-07 ] 1.0000e+00
 2.981e+01 4.7739e-07 [ 7.3775e-29 1.5874e-16 1.2323e-13 7.3201e-08 3.7081e-07 ] 1.0000e+00
 2.992e+01 4.5551e-07 [ 5.4227e-29 1.4000e-16 1.1243e-13 6.9275e-08 3.5097e-07 ] 1.0000e+00
 3.003e+01 4.3501e-07 [ 4.0055e-29 1.2413e-16 1.0289e-13 6.5558e-08 3.3218e-07 ] 1.0000e+00
 3.015e+01 4.1582e-07 [ 2.9728e-29 1.1063e-16 9.4456e-14 6.2041e-08 3.1440e-07 ] 1.0000e+00
 3.026e+01 3.9790e-07 [ 2.2166e-29 9.9099e-17 8.7002e-14 5.8713e-08 2.9757e-07 ] 1.0000e+00
 3.037e+01 3.8118e-07 [ 1.6600e-29 8.9215e-17 8.0404e-14 5.5562e-08 2.8165e-07 ] 1.0000e+00
 3.049e+01 3.6561e-07 [ 1.2482e-29 8.0700e-17 7.4558e-14 5.2581e-08 2.6657e-07 ] 1.0000e+00
 3.060e+01 3.5115e-07 [ 9.4226e-30 7.3330e-17 6.9374e-14 4.9759e-08 2.5230e-07 ] 1.0000e+00
 3.071e+01 3.3776e-07 [ 7.1380e-30 6.6918e-17 6.4771e-14 4.7089e-08 2.3880e-07 ] 1.0000e+00
 3.083e+01 3.2539e-07 [ 5.4247e-30 6.1309e-17 6.0680e-14 4.4562e-08 2.2602e-07 ] 1.0000e+00
 3.094e+01 3.1400e-07 [ 4.1346e-30 5.6377e-17 5.7037e-14 4.2170e-08 2.1392e-07 ] 1.0000e+00
 3.105e+01 3.0357e-07 [ 3.1595e-30 5.2014e-17 5.3790e-14 3.9907e-08 2.0247e-07 ] 1.0000e+00
 3.117e+01 2.9405e-07 [ 2.4199e-30 4.8135e-17 5.0891e-14 3.7764e-08 1.9163e-07 ] 1.0000e+00
 3.128e+01 2.8543e-07 [ 1.8571e-30 4.4665e-17 4.8298e-14 3.5737e-08 1.8137e-07 ] 1.0000e+00
 3.139e+01 2.7767e-07 [ 1.4277e-30 4.1546e-17 4.5975e-14 3.3818e-08 1.7166e-07 ] 1.0000e+00
 3.151e+01 2.7075e-07 [ 1.0992e-30 3.8727e-17 4.3889e-14 3.2002e-08 1.6247e-07 ] 1.0000e+00
 3.162e+01 2.6465e-07 [ 8.4739e-31 3.6166e-17 4.2013e-14 3.0284e-08 1.5378e-07 ] 1.0000e+00
 3.173e+01 2.5936e-07 [ 6.5393e-31 3.3829e-17 4.0321e-14 2.8658e-08 1.4554e-07 ] 1.0000e+00
 3.185e+01 2.5485e-07 [ 5.0508e-31 3.1686e-17 3.8792e-14 2.7119e-08 1.3775e-07 ] 1.0000e+00
 3.196e+01 2.5111e-07 [ 3.9038e-31 2.9715e-17 3.7407e-14 2.5662e-08 1.3038e-07 ] 1.0000e+00
 3.207e+01 2.4813e-07 [ 3.0189e-31 2.7893e-17 3.6149e-14 2.4284e-08 1.2340e-07 ] 1.0000e+00
 3.219e+01 2.4591e-07 [ 2.3356e-31 2.6205e-17 3.5003e-14 2.2979e-08 1.1679e-07 ] 1.0000e+00
 3.230e+01 2.4443e-07 [ 1.8075e-31 2.4636e-17 3.3956e-14 2.1744e-08 1.1054e-07 ] 1.0000e+00
 3.241e+01 2.4369e-07 [ 1.3991e-31 2.3174e-17 3.2997e-14 2.0576e-08 1.0462e-07 ] 1.0000e+00
 3.253e+01 2.4369e-07 [ 1.0831e-31 2.1807e-17 3.2116e-14 1.9470e-08 9.9021e-08 ] 1.0000e+00
 3.264e+01 2.4443e-07 [ 8.3844e-32 2.0528e-17 3.1303e-14 1.8424e-08 9.3720e-08 ] 1.0000e+00
 3.275e+01 2.4591e-07 [ 6.4905e-32 1.9329e-17 3.0552e-14 1.7434e-08 8.8702e-08 ] 1.0000e+00
 3.287e+01 2.4813e-07 [ 5.0239e-32 1.8202e-17 2.9856e-14 1.6497e-08 8.3953e-08 ] 1.0000e+00
 3.298e+01 2.5111e-07 [ 3.8881e-32 1.7143e-17 2.9208e-14 1.5610e-08 7.9458e-08 ] 1.0000e+00
 3.309e+01 2.5485e-07 [ 3.0085e-32 1.6146e-17 2.8603e-14 1.4771e-08 7.5203e-08 ] 1.0000e+00
 3.321e+01 2.5936e-07 [ 2.3274e-32 1.5206e-17 2.8036e-14 1.3976e-08 7.1177e-08 ] 1.0000e+00
 3.332e+01 2.6465e-07 [ 1.8000e-32 1.4320e-17 2.7504e-14 1.3225e-08 6.7366e-08 ] 1.0000e+00
 3.343e+01 2.7075e-07 [ 1.3917e-32 1.3484e-17 2.7002e-14 1.2514e-08 6.3758e-08 ] 1.0000e+00
 3.355e+01 2.7767e-07 [ 1.0756e-32 1.2695e-17 2.6528e-14 1.1841e-08 6.0344e-08 ] 1.0000e+00
 3.366e+01 2.8543e-07 [ 8.3110e-33 1.1951e-17 2.6078e-14 1.1204e-08 5.7113e-08 ] 1.0000e+00
 3.377e+01 2.9405e-07 [ 6.4193e-33 1.1247e-17 2.5651e-14 1.0601e-08 5.4055e-08 ] 1.0000e+00
 3.389e+01 3.0357e-07 [ 4.9563e-33 1.0583e-17 2.5244e-14 1.0030e-08 5.1160e-08 ] 1.0000e+00
 3.400e+01 3.1400e-07 [ 3.8253e-33 9.9552e-18 2.4855e-14 9.4907e-09 4.8420e-08 ] 1.0000e+00
 3.411e+01 3.2539e-07 [ 2.9512e-33 9.3624e-18 2.4482e-14 8.9799e-09 4.5827e-08 ] 1.0000e+00
 3.423e+01 3.3776e-07 [ 2.2760e-33 8.8025e-18 2.4124e-14 8.4966e-09 4.3373e-08 ] 1.0000e+00
 3.434e+01 3.5115e-07 [ 1.7545e-33 8.2736e-18 2.3780e-14 8.0392e-09 4.1050e-08 ] 1.0000e+00
 3.445e+01 3.6561e-07 [ 1.3520e-33 7.7743e-18 2.3448e-14 7.6064e-09 3.8852e-08 ] 1.0000e+00
 3.457e+01 3.8118e-07 [ 1.0413e-33 7.3028e-18 2.3127e-14 7.1968e-09 3.6771e-08 ] 1.0000e+00
 3.468e+01 3.9790e-07 [ 8.0173e-34 6.8577e-18 2.2817e-14 6.8092e-09 3.4801e-08 ] 1.0000e+00
 3.479e+01 4.1582e-07 [ 6.1700e-34 6.4377e-18 2.2516e-14 6.4424e-09 3.2937e-08 ] 1.0000e+00
 3.491e+01 4.3501e-07 [ 4.7463e-34 6.0414e-18 2.2224e-14 6.0954e-09 3.1173e-08 ] 1.0000e+00
 3.502e+01 4.5551e-07 [ 3.6496e-34 5.6676e-18 2.1940e-14 5.7670e-09 2.9503e-08 ] 1.0000e+00
 3.513e+01 4.7739e-07 [ 2.8050e-34 5.3151e-18 2.1663e-14 5.4562e-09 2.7923e-08 ] 1.0000e+00
 3.525e+01 5.0072e-07 [ 2.1550e-34 4.9828e-18 2.1394e-14 5.1622e-09 2.6427e-08 ] 1.0000e+00
 3.536e+01 5.2557e-07 [ 1.6549e-34 4.6697e-18 2.1131e-14 4.8839e-09 2.5011e-08 ] 1.0000e+00
 3.547e+01 5.5200e-07 [ 1.2703e-34 4.3747e-18 2.0874e-14 4.6206e-09 2.3672e-08 ] 1.0000e+00
 3.559e+01 5.8011e-07 [ 9.7466e-35 4.0969e-18 2.0623e-14 4.3715e-09 2.2403e-08 ] 1.0000e+00
 3.570e+01 6.0997e-07 [ 7.4750e-35 3.8353e-18 2.0377e-14 4.1358e-09 2.1203e-08 ] 1.0000e+00
 3.581e+01 6.4168e-07 [ 5.7303e-35 3.5892e-18 2.0137e-14 3.9127e-09 2.0067e-08 ] 1.0000e+00
 3.593e+01 6.7534e-07 [ 4.3910e-35 3.3577e-18 1.9901e-14 3.7017e-09 1.8992e-08 ] 1.0000e+00
 3.604e+01 7.1103e-07 [ 3.3632e-35 3.1399e-18 1.9670e-14 3.5019e-09 1.7974e-08 ] 1.0000e+00
 3.615e+01 7.4889e-07 [ 2.5749e-35 2.9352e-18 1.9444e-14 3.3130e-09 1.7011e-08 ] 1.0000e+00
 3.627e+01 7.8900e-07 [ 1.9705e-35 2.7429e-18 1.9221e-14 3.1342e-09 1.6100e-08 ] 1.0000e+00
 3.638e+01 8.3151e-07 [ 1.5074e-35 2.5622e-18 1.9003e-14 2.9650e-09 1.5237e-08 ] 1.0000e+00
 3.649e+01 8.7653e-07 [ 1.1526e-35 2.3926e-18 1.8789e-14 2.8049e-09 1.4420e-08 ] 1.0000e+00
 3.661e+01 9.2421e-07 [ 8.8092e-36 2.2333e-18 1.8578e-14 2.6535e-09 1.3648e-08 ] 1.0000e+00
 3.672e+01 9.7469e-07 [ 6.7300e-36 2.0839e-18 1.8371e-14 2.5102e-09 1.2916e-08 ] 1.0000e+00
 3.683e+01 1.0281e-06 [ 5.1393e-36 1.9438e-18 1.8167e-14 2.3746e-09 1.2224e-08 ] 1.0000e+00
 3.695e+01 1.0846e-06 [ 3.9230e-36 1.8124e-18 1.7967e-14 2.2463e-09 1.1569e-08 ] 1.0000e+00
 3.706e+01 1.1445e-06 [ 2.9933e-36 1.6893e-18 1.7770e-14 2.1249e-09 1.0949e-08 ] 1.0000e+00
 3.717e+01 1.2078e-06 [ 2.2829e-36 1.5740e-18 1.7575e-14 2.0101e-09 1.0362e-08 ] 1.0000e+00
 3.729e+01 1.2747e-06 [ 1.7404e-36 1.4659e-18 1.7385e-14 1.9014e-09 9.8062e-09 ] 1.0000e+00
 3.740e+01 1.3455e-06 [ 1.3262e-36 1.3648e-18 1.7197e-14 1.7986e-09 9.2805e-09 ] 1.0000e+00
 3.751e+01 1.4204e-06 [ 1.0102e-36 1.2702e-18 1.7011e-14 1.7014e-09 8.7830e-09 ] 1.0000e+00
 3.763e+01 1.4995e-06 [ 7.6919e-37 1.1818e-18 1.6829e-14 1.6094e-09 8.3121e-09 ] 1.0000e+00
 3.774e+01 1.5832e-06 [ 5.8542e-37 1.0990e-18 1.6649e-14 1.5223e-09 7.8664e-09 ] 1.0000e+00
 3.785e+01 1.6717e-06 [ 4.4537e-37 1.0217e-18 1.6473e-14 1.4399e-09 7.4446e-09 ] 1.0000e+00
 3.797e+01 1.7653e-06 [ 3.3868e-37 9.4947e-19 1.6298e-14 1.3620e-09 7.0454e-09 ] 1.0000e+00
 3.808e+01 1.8642e-06 [ 2.5744e-37 8.8202e-19 1.6127e-14 1.2883e-09 6.6676e-09 ] 1.0000e+00
 3.819e+01 1.9687e-06 [ 1.9561e-37 8.1905e-19 1.5957e-14 1.2186e-09 6.3100e-09 ] 1.0000e+00
 3.831e+01 2.0792e-06 [ 1.4857e-37 7.6029e-19 1.5791e-14 1.1526e-09 5.9716e-09 ] 1.0000e+00
 3.842e+01 2.1960e-06 [ 1.1279e-37 7.0548e-19 1.5626e-14 1.0902e-09 5.6513e-09 ] 1.0000e+00
 3.853e+01 2.3194e-06 [ 8.5597e-38 6.5438e-19 1.5464e-14 1.0311e-09 5.3481e-09 ] 1.0000e+00
 3.865e+01 2.4499e-06 [ 6.4932e-38 6.0676e-19 1.5305e-14 9.7525e-10 5.0612e-09 ] 1.0000e+00
 3.876e+01 2.5878e-06 [ 4.9235e-38 5.6239e-19 1.5147e-14 9.2241e-10 4.7897e-09 ] 1.0000e+00
 3.887e+01 2.7335e-06 [ 3.7318e-38 5.2107e-19 1.4992e-14 8.7241e-10 4.5327e-09 ] 1.0000e+00
 3.899e+01 2.8874e-06 [ 2.8274e-38 4.8260e-19 1.4839e-14 8.2512e-10 4.2895e-09 ] 1.0000e+00
 3.910e+01 3.0501e-06 [ 2.1413e-38 4.4681e-19 1.4688e-14 7.8039e-10 4.0594e-09 ] 1.0000e+00
 3.921e+01 3.2220e-06 [ 1.6210e-38 4.1351e-19 1.4539e-14 7.3807e-10 3.8415e-09 ] 1.0000e+00
 3.933e+01 3.4037e-06 [ 1.2266e-38 3.8256e-19 1.4393e-14 6.9803e-10 3.6354e-09 ] 1.0000e+00
 3.944e+01 3.5957e-06 [ 9.2784e-39 3.5379e-19 1.4248e-14 6.6016e-10 3.4403e-09 ] 1.0000e+00
 3.955e+01 3.7985e-06 [ 7.0155e-39 3.2706e-19 1.4106e-14 6.2434e-10 3.2556e-09 ] 1.0000e+00
 3.967e+01 4.0129e-06 [ 5.3023e-39 3.0223e-19 1.3965e-14 5.9046e-10 3.0809e-09 ] 1.0000e+00
 3.978e+01 4.2394e-06 [ 4.0059e-39 2.7919e-19 1.3826e-14 5.5841e-10 2.9155e-09 ] 1.0000e+00
 3.989e+01 4.4787e-06 [ 3.0252e-39 2.5780e-19 1.3689e-14 5.2809e-10 2.7589e-09 ] 1.0000e+00
 4.001e+01 4.7315e-06 [ 2.2837e-39 2.3797e-19 1.3555e-14 4.9941e-10 2.6108e-09 ] 1.0000e+00
 4.012e+01 4.9987e-06 [ 1.7232e-39 2.1957e-19 1.3422e-14 4.7229e-10 2.4706e-09 ] 1.0000e+00
 4.023e+01 5.2809e-06 [ 1.2998e-39 2.0253e-19 1.3290e-14 4.4663e-10 2.3380e-09 ] 9.9999e-01
 4.035e+01 5.5792e-06 [ 9.8002e-40 1.8673e-19 1.3161e-14 4.2237e-10 2.2124e-09 ] 9.9999e-01
 4.046e+01 5.8943e-06 [ 7.3862e-40 1.7211e-19 1.3033e-14 3.9941e-10 2.0936e-09 ] 9.9999e-01
 4.057e+01 6.2272e-06 [ 5.5646e-40 1.5857e-19 1.2908e-14 3.7771e-10 1.9811e-09 ] 9.9999e-01
 4.069e+01 6.5790e-06 [ 4.1905e-40 1.4604e-19 1.2783e-14 3.5717e-10 1.8747e-09 ] 9.9999e-01
 4.080e+01 6.9506e-06 [ 3.1545e-40 1.3445e-19 1.2661e-14 3.3776e-10 1.7740e-09 ] 9.9999e-01
 4.091e+01 7.3433e-06 [ 2.3737e-40 1.2373e-19 1.2540e-14 3.1939e-10 1.6786e-09 ] 9.9999e-01
 4.103e+01 7.7582e-06 [ 1.7854e-40 1.1383e-19 1.2421e-14 3.0202e-10 1.5884e-09 ] 9.9999e-01
 4.114e+01 8.1965e-06 [ 1.3424e-40 1.0467e-19 1.2304e-14 2.8559e-10 1.5031e-09 ] 9.9999e-01
 4.125e+01 8.6596e-06 [ 1.0089e-40 9.6221e-20 1.2188e-14 2.7006e-10 1.4223e-09 ] 9.9999e-01
 4.137e+01 9.1489e-06 [ 7.5799e-41 8.8418e-20 1.2074e-14 2.5536e-10 1.3458e-09 ] 9.9999e-01
 4.148e+01 9.6658e-06 [ 5.6923e-41 8.1218e-20 1.1961e-14 2.4147e-10 1.2735e-09 ] 9.9999e-01
 4.159e+01 1.0212e-05 [ 4.2731e-41 7.4575e-20 1.1850e-14 2.2833e-10 1.2050e-09 ] 9.9999e-01
 4.171e+01 1.0789e-05 [ 3.2065e-41 6.8451e-20 1.1740e-14 2.1590e-10 1.1402e-09 ] 9.9999e-01
 4.182e+01 1.1399e-05 [ 2.4052e-41 6.2805e-20 1.1632e-14 2.0415e-10 1.0789e-09 ] 9.9999e-01
 4.193e+01 1.2043e-05 [ 1.8034e-41 5.7604e-20 1.1525e-14 1.9304e-10 1.0209e-09 ] 9.9999e-01
 4.205e+01 1.2723e-05 [ 1.3516e-41 5.2813e-20 1.1420e-14 1.8253e-10 9.6596e-10 ] 9.9999e-01
 4.216e+01 1.3442e-05 [ 1.0127e-41 4.8403e-20 1.1316e-14 1.7259e-10 9.1400e-10 ] 9.9999e-01
 4.227e+01 1.4201e-05 [ 7.5840e-42 4.4344e-20 1.1213e-14 1.6319e-10 8.6482e-10 ] 9.9999e-01
 4.239e+01 1.5004e-05 [ 5.6775e-42 4.0610e-20 1.1112e-14 1.5431e-10 8.1828e-10 ] 9.9998e-01
 4.250e+01 1.5851e-05 [ 4.2486e-42 3.7177e-20 1.1012e-14 1.4591e-10 7.7425e-10 ] 9.9998e-01
 4.261e+01 1.6747e-05 [ 3.1781e-42 3.4021e-20 1.0914e-14 1.3796e-10 7.3257e-10 ] 9.9998e-01
 4.273e+01 1.7693e-05 [ 2.3764e-42 3.1122e-20 1.0817e-14 1.3045e-10 6.9314e-10 ] 9.9998e-01
 4.284e+01 1.8693e-05 [ 1.7763e-42 2.8459e-20 1.0721e-14 1.2335e-10 6.5582e-10 ] 9.9998e-01
 4.295e+01 1.9749e-05 [ 1.3272e-42 2.6014e-20 1.0627e-14 1.1664e-10 6.2051e-10 ] 9.9998e-01
 4.307e+01 2.0864e-05 [ 9.9122e-43 2.3770e-20 1.0533e-14 1.1029e-10 5.8709e-10 ] 9.9998e-01
 4.318e+01 2.2043e-05 [ 7.4003e-43 2.1711e-20 1.0442e-14 1.0429e-10 5.5547e-10 ] 9.9998e-01
 4.329e+01 2.3288e-05 [ 5.5228e-43 1.9824e-20 1.0351e-14 9.8611e-11 5.2555e-10 ] 9.9998e-01
 4.341e+01 2.4603e-05 [ 4.1201e-43 1.8093e-20 1.0261e-14 9.3245e-11 4.9723e-10 ] 9.9998e-01
 4.352e+01 2.5993e-05 [ 3.0724e-43 1.6508e-20 1.0173e-14 8.8173e-11 4.7044e-10 ] 9.9997e-01
 4.363e+01 2.7461e-05 [ 2.2903e-43 1.5056e-20 1.0086e-14 8.3378e-11 4.4508e-10 ] 9.9997e-01
 4.375e+01 2.9012e-05 [ 1.7066e-43 1.3726e-20 1.0000e-14 7.8845e-11 4.2109e-10 ] 9.9997e-01
 4.386e+01 3.0650e-05 [ 1.2712e-43 1.2509e-20 9.9152e-15 7.4559e-11 3.9839e-10 ] 9.9997e-01
 4.397e+01 3.2381e-05 [ 9.4651e-44 1.1396e-20 9.8316e-15 7.0508e-11 3.7691e-10 ] 9.9997e-01
 4.409e+01 3.4209e-05 [ 7.0448e-44 1.0378e-20 9.7491e-15 6.6679e-11 3.5658e-10 ] 9.9997e-01
 4.420e+01 3.6141e-05 [ 5.2415e-44 9.4470e-21 9.6676e-15 6.3059e-11 3.3735e-10 ] 9.9996e-01
 4.431e+01 3.8182e-05 [ 3.8983e-44 8.5966e-21 9.5873e-15 5.9637e-11 3.1915e-10 ] 9.9996e-01
 4.443e+01 4.0337e-05 [ 2.8982e-44 7.8198e-21 9.5081e-15 5.6402e-11 3.0193e-10 ] 9.9996e-01
 4.454e+01 4.2614e-05 [ 2.1539e-44 7.1105e-21 9.4299e-15 5.3345e-11 2.8564e-10 ] 9.9996e-01
 4.465e+01 4.5020e-05 [ 1.6001e-44 6.4631e-21 9.3527e-15 5.0455e-11 2.7022e-10 ] 9.9995e-01
 4.477e+01 4.7562e-05 [ 1.1883e-44 5.8725e-21 9.2766e-15 4.7724e-11 2.5563e-10 ] 9.9995e-01
 4.488e+01 5.0246e-05 [ 8.8211e-45 5.3339e-21 9.2015e-15 4.5142e-11 2.4183e-10 ] 9.9995e-01
 4.499e+01 5.3083e-05 [ 6.5458e-45 4.8428e-21 9.1274e-15 4.2702e-11 2.2877e-10 ] 9.9995e-01
 4.511e+01 5.6079e-05 [ 4.8557e-45 4.3953e-21 9.0542e-15 4.0396e-11 2.1641e-10 ] 9.9994e-01
 4.522e+01 5.9244e-05 [ 3.6006e-45 3.9877e-21 8.9821e-15 3.8217e-11 2.0472e-10 ] 9.9994e-01
 4.533e+01 6.2588e-05 [ 2.6689e-45 3.6165e-21 8.9109e-15 3.6157e-11 1.9366e-10 ] 9.9994e-01
 4.545e+01 6.6121e-05 [ 1.9776e-45 3.2787e-21 8.8407e-15 3.4210e-11 1.8319e-10 ] 9.9993e-01
 4.556e+01 6.9852e-05 [ 1.4648e-45 2.9713e-21 8.7714e-15 3.2371e-11 1.7329e-10 ] 9.9993e-01
 4.567e+01 7.3795e-05 [ 1.0846e-45 2.6917e-21 8.7030e-15 3.0632e-11 1.6392e-10 ] 9.9993e-01
 4.579e+01 7.7960e-05 [ 8.0281e-46 2.4375e-21 8.6355e-15 2.8990e-11 1.5506e-10 ] 9.9992e-01
 4.590e+01 8.2360e-05 [ 5.9400e-46 2.2065e-21 8.5689e-15 2.7437e-11 1.4667e-10 ] 9.9992e-01
 4.601e+01 8.7009e-05 [ 4.3935e-46 1.9966e-21 8.5032e-15 2.5970e-11 1.3873e-10 ] 9.9991e-01
 4.613e+01 9.1921e-05 [ 3.2484e-46 1.8060e-21 8.4384e-15 2.4584e-11 1.3123e-10 ] 9.9991e-01
 4.624e+01 9.7110e-05 [ 2.4010e-46 1.6330e-21 8.3744e-15 2.3275e-11 1.2412e-10 ] 9.9990e-01
 4.635e+01 1.0259e-04 [ 1.7740e-46 1.4761e-21 8.3113e-15 2.2037e-11 1.1740e-10 ] 9.9990e-01
 4.647e+01 1.0839e-04 [ 1.3102e-46 1.3337e-21 8.2490e-15 2.0868e-11 1.1105e-10 ] 9.9989e-01
 4.658e+01 1.1451e-04 [ 9.6740e-47 1.2046e-21 8.1875e-15 1.9763e-11 1.0503e-10 ] 9.9989e-01
 4.669e+01 1.2097e-04 [ 7.1402e-47 1.0876e-21 8.1269e-15 1.8719e-11 9.9343e-11 ] 9.9988e-01
 4.681e+01 1.2781e-04 [ 5.2682e-47 9.8159e-22 8.0670e-15 1.7733e-11 9.3960e-11 ] 9.9987e-01
 4.692e+01 1.3503e-04 [ 3.8856e-47 8.8559e-22 8.0079e-15 1.6802e-11 8.8868e-11 ] 9.9986e-01
 4.703e+01 1.4266e-04 [ 2.8649e-47 7.9868e-22 7.9497e-15 1.5921e-11 8.4050e-11 ] 9.9986e-01
 4.715e+01 1.5073e-04 [ 2.1116e-47 7.2003e-22 7.8921e-15 1.5090e-11 7.9493e-11 ] 9.9985e-01
 4.726e+01 1.5926e-04 [ 1.5559e-47 6.4889e-22 7.8354e-15 1.4304e-11 7.5182e-11 ] 9.9984e-01
 4.737e+01 1.6827e-04 [ 1.1460e-47 5.8456e-22 7.7794e-15 1.3562e-11 7.1103e-11 ] 9.9983e-01
 4.749e+01 1.7779e-04 [ 8.4384e-48 5.2641e-22 7.7241e-15 1.2861e-11 6.7246e-11 ] 9.9982e-01
 4.760e+01 1.8786e-04 [ 6.2113e-48 4.7387e-22 7.6696e-15 1.2199e-11 6.3596e-11 ] 9.9981e-01
 4.771e+01 1.9851e-04 [ 4.5705e-48 4.2641e-22 7.6157e-15 1.1574e-11 6.0144e-11 ] 9.9980e-01
 4.783e+01 2.0977e-04 [ 3.3620e-48 3.8357e-22 7.5626e-15 1.0983e-11 5.6878e-11 ] 9.9979e-01
 4.794e+01 2.2168e-04 [ 2.4722e-48 3.4490e-22 7.5102e-15 1.0425e-11 5.3790e-11 ] 9.9978e-01
 4.805e+01 2.3427e-04 [ 1.8174e-48 3.1002e-22 7.4585e-15 9.8975e-12 5.0868e-11 ] 9.9977e-01
 4.817e+01 2.4759e-04 [ 1.3355e-48 2.7856e-22 7.4074e-15 9.3995e-12 4.8104e-11 ] 9.9975e-01
 4.828e+01 2.6168e-04 [ 9.8113e-49 2.5020e-22 7.3570e-15 8.9292e-12 4.5490e-11 ] 9.9974e-01
 4.839e+01 2.7660e-04 [ 7.2055e-49 2.2465e-22 7.3073e-15 8.4850e-12 4.3018e-11 ] 9.9972e-01
 4.851e+01 2.9238e-04 [ 5.2900e-49 2.0163e-22 7.2583e-15 8.0655e-12 4.0679e-11 ] 9.9971e-01
 4.862e+01 3.0909e-04 [ 3.8826e-49 1.8090e-22 7.2098e-15 7.6692e-12 3.8467e-11 ] 9.9969e-01
 4.873e+01 3.2677e-04 [ 2.8487e-49 1.6224e-22 7.1621e-15 7.2950e-12 3.6375e-11 ] 9.9967e-01
 4.885e+01 3.4551e-04 [ 2.0895e-49 1.4546e-22 7.1149e-15 6.9415e-12 3.4397e-11 ] 9.9965e-01
 4.896e+01 3.6535e-04 [ 1.5321e-49 1.3036e-22 7.0684e-15 6.6077e-12 3.2526e-11 ] 9.9963e-01
 4.907e+01 3.8638e-04 [ 1.1231e-49 1.1679e-22 7.0225e-15 6.2924e-12 3.0756e-11 ] 9.9961e-01
 4.919e+01 4.0866e-04 [ 8.2303e-50 1.0459e-22 6.9772e-15 5.9947e-12 2.9082e-11 ] 9.9959e-01
 4.930e+01 4.3229e-04 [ 6.0295e-50 9.3629e-23 6.9325e-15 5.7134e-12 2.7500e-11 ] 9.9957e-01
 4.941e+01 4.5735e-04 [ 4.4159e-50 8.3788e-23 6.8883e-15 5.4479e-12 2.6003e-11 ] 9.9954e-01
 4.953e+01 4.8394e-04 [ 3.2331e-50 7.4953e-23 6.8448e-15 5.1971e-12 2.4588e-11 ] 9.9952e-01
 4.964e+01 5.1216e-04 [ 2.3665e-50 6.7026e-23 6.8019e-15 4.9602e-12 2.3249e-11 ] 9.9949e-01
 4.975e+01 5.4214e-04 [ 1.7316e-50 5.9915e-23 6.7595e-15 4.7365e-12 2.1984e-11 ] 9.9946e-01
 4.987e+01 5.7398e-04 [ 1.2667e-50 5.3538e-23 6.7177e-15 4.5252e-12 2.0787e-11 ] 9.9943e-01
 4.998e+01 6.0782e-04 [ 9.2635e-51 4.7823e-23 6.6764e-15 4.3257e-12 1.9656e-11 ] 9.9939e-01
 5.009e+01 6.4382e-04 [ 6.7725e-51 4.2702e-23 6.6357e-15 4.1372e-12 1.8586e-11 ] 9.9936e-01
 5.021e+01 6.8212e-04 [ 4.9500e-51 3.8116e-23 6.5956e-15 3.9593e-12 1.7575e-11 ] 9.9932e-01
 5.032e+01 7.2290e-04 [ 3.6169e-51 3.4009e-23 6.5560e-15 3.7912e-12 1.6619e-11 ] 9.9928e-01
 5.043e+01 7.6636e-04 [ 2.6421e-51 3.0335e-23 6.5169e-15 3.6324e-12 1.5715e-11 ] 9.9923e-01
 5.055e+01 8.1268e-04 [ 1.9295e-51 2.7047e-23 6.4784e-15 3.4825e-12 1.4861e-11 ] 9.9919e-01
 5.066e+01 8.6211e-04 [ 1.4087e-51 2.4106e-23 6.4404e-15 3.3409e-12 1.4053e-11 ] 9.9914e-01
 5.077e+01 9.1489e-04 [ 1.0282e-51 2.1478e-23 6.4030e-15 3.2071e-12 1.3290e-11 ] 9.9909e-01
 5.089e+01 9.7129e-04 [ 7.5024e-52 1.9129e-23 6.3661e-15 3.0808e-12 1.2568e-11 ] 9.9903e-01
 5.100e+01 1.0316e-03 [ 5.4730e-52 1.7031e-23 6.3297e-15 2.9615e-12 1.1886e-11 ] 9.9897e-01
 5.111e+01 1.0962e-03 [ 3.9914e-52 1.5157e-23 6.2939e-15 2.8488e-12 1.1242e-11 ] 9.9890e-01
 5.123e+01 1.1654e-03 [ 2.9102e-52 1.3485e-23 6.2586e-15 2.7423e-12 1.0633e-11 ] 9.9883e-01
 5.134e+01 1.2396e-03 [ 2.1213e-52 1.1993e-23 6.2239e-15 2.6418e-12 1.0058e-11 ] 9.9876e-01
 5.145e+01 1.3193e-03 [ 1.5458e-52 1.0662e-23 6.1896e-15 2.5468e-12 9.5144e-12 ] 9.9868e-01
 5.157e+01 1.4049e-03 [ 1.1262e-52 9.4751e-24 6.1560e-15 2.4570e-12 9.0009e-12 ] 9.9860e-01
 5.168e+01 1.4971e-03 [ 8.2026e-53 8.4174e-24 6.1229e-15 2.3723e-12 8.5159e-12 ] 9.9850e-01
 5.179e+01 1.5964e-03 [ 5.9728e-53 7.4750e-24 6.0903e-15 2.2922e-12 8.0578e-12 ] 9.9840e-01
 5.191e+01 1.7035e-03 [ 4.3481e-53 6.6357e-24 6.0584e-15 2.2166e-12 7.6252e-12 ] 9.9830e-01
 5.202e+01 1.8191e-03 [ 3.1646e-53 5.8886e-24 6.0270e-15 2.1452e-12 7.2168e-12 ] 9.9818e-01
 5.213e+01 1.9442e-03 [ 2.3026e-53 5.2236e-24 5.9962e-15 2.0777e-12 6.8312e-12 ] 9.9806e-01
 5.225e+01 2.0795e-03 [ 1.6750e-53 4.6320e-24 5.9661e-15 2.0140e-12 6.4672e-12 ] 9.9792e-01
 5.236e+01 2.2263e-03 [ 1.2181e-53 4.1060e-24 5.9366e-15 1.9539e-12 6.1237e-12 ] 9.9777e-01
 5.247e+01 2.3857e-03 [ 8.8569e-54 3.6383e-24 5.9078e-15 1.8971e-12 5.7996e-12 ] 9.9761e-01
 5.259e+01 2.5589e-03 [ 6.4381e-54 3.2228e-24 5.8797e-15 1.8435e-12 5.4938e-12 ] 9.9744e-01
 5.270e+01 2.7475e-03 [ 4.6787e-54 2.8537e-24 5.8524e-15 1.7929e-12 5.2055e-12 ] 9.9725e-01
 5.281e+01 2.9531e-03 [ 3.3993e-54 2.5259e-24 5.8258e-15 1.7452e-12 4.9336e-12 ] 9.9705e-01
 5.293e+01 3.1776e-03 [ 2.4692e-54 2.2349e-24 5.8001e-15 1.7002e-12 4.6773e-12 ] 9.9682e-01
 5.304e+01 3.4231e-03 [ 1.7931e-54 1.9768e-24 5.7753e-15 1.6578e-12 4.4358e-12 ] 9.9658e-01
 5.315e+01 3.6918e-03 [ 1.3019e-54 1.7478e-24 5.7514e-15 1.6179e-12 4.2083e-12 ] 9.9631e-01
 5.327e+01 3.9865e-03 [ 9.4496e-55 1.5448e-24 5.7287e-15 1.5803e-12 3.9942e-12 ] 9.9601e-01
 5.338e+01 4.3101e-03 [ 6.8574e-55 1.3648e-24 5.7070e-15 1.5450e-12 3.7926e-12 ] 9.9569e-01
 5.349e+01 4.6660e-03 [ 4.9751e-55 1.2054e-24 5.6866e-15 1.5118e-12 3.6030e-12 ] 9.9533e-01
 5.361e+01 5.0579e-03 [ 3.6086e-55 1.0642e-24 5.6676e-15 1.4807e-12 3.4247e-12 ] 9.9494e-01
 5.372e+01 5.4900e-03 [ 2.6168e-55 9.3919e-25 5.6500e-15 1.4516e-12 3.2572e-12 ] 9.9451e-01
 5.383e+01 5.9672e-03 [ 1.8972e-55 8.2856e-25 5.6341e-15 1.4245e-12 3.0999e-12 ] 9.9403e-01
 5.395e+01 6.4948e-03 [ 1.3751e-55 7.3068e-25 5.6201e-15 1.3992e-12 2.9524e-12 ] 9.9351e-01
 5.406e+01 7.0790e-03 [ 9.9647e-56 6.4412e-25 5.6080e-15 1.3758e-12 2.8141e-12 ] 9.9292e-01
 5.417e+01 7.7266e-03 [ 7.2191e-56 5.6760e-25 5.5983e-15 1.3541e-12 2.6846e-12 ] 9.9227e-01
 5.429e+01 8.4453e-03 [ 5.2287e-56 4.9998e-25 5.5911e-15 1.3343e-12 2.5635e-12 ] 9.9155e-01
 5.440e+01 9.2439e-03 [ 3.7862e-56 4.4025e-25 5.5867e-15 1.3162e-12 2.4504e-12 ] 9.9076e-01
 5.451e+01 1.0132e-02 [ 2.7410e-56 3.8750e-25 5.5856e-15 1.2998e-12 2.3449e-12 ] 9.8987e-01
 5.463e+01 1.1122e-02 [ 1.9838e-56 3.4094e-25 5.5880e-15 1.2852e-12 2.2467e-12 ] 9.8888e-01
 5.474e+01 1.2225e-02 [ 1.4354e-56 2.9985e-25 5.5945e-15 1.2724e-12 2.1554e-12 ] 9.8778e-01
 5.485e+01 1.3455e-02 [ 1.0383e-56 2.6361e-25 5.6056e-15 1.2614e-12 2.0708e-12 ] 9.8654e-01
 5.497e+01 1.4830e-02 [ 7.5092e-57 2.3166e-25 5.6218e-15 1.2522e-12 1.9926e-12 ] 9.8517e-01
 5.508e+01 1.6366e-02 [ 5.4292e-57 2.0349e-25 5.6439e-15 1.2449e-12 1.9206e-12 ] 9.8363e-01
 5.519e+01 1.8084e-02 [ 3.9242e-57 1.7867e-25 5.6725e-15 1.2396e-12 1.8544e-12 ] 9.8192e-01
 5.531e+01 2.0007e-02 [ 2.8356e-57 1.5682e-25 5.7087e-15 1.2364e-12 1.7939e-12 ] 9.7999e-01
 5.542e+01 2.2160e-02 [ 2.0484e-57 1.3757e-25 5.7532e-15 1.2353e-12 1.7390e-12 ] 9.7784e-01
 5.553e+01 2.4572e-02 [ 1.4793e-57 1.2064e-25 5.8073e-15 1.2365e-12 1.6893e-12 ] 9.7543e-01
 5.565e+01 2.7276e-02 [ 1.0680e-57 1.0574e-25 5.8722e-15 1.2401e-12 1.6449e-12 ] 9.7272e-01
 5.576e+01 3.0307e-02 [ 7.7075e-58 9.2636e-26 5.9492e-15 1.2462e-12 1.6054e-12 ] 9.6969e-01
 5.587e+01 3.3705e-02 [ 5.5607e-58 8.1118e-26 6.0400e-15 1.2550e-12 1.5709e-12 ] 9.6629e-01
 5.599e+01 3.7515e-02 [ 4.0104e-58 7.0996e-26 6.1463e-15 1.2668e-12 1.5411e-12 ] 9.6248e-01
 5.610e+01 4.1786e-02 [ 2.8912e-58 6.2105e-26 6.2700e-15 1.2816e-12 1.5161e-12 ] 9.5821e-01
 5.621e+01 4.6571e-02 [ 2.0836e-58 5.4299e-26 6.4132e-15 1.2998e-12 1.4956e-12 ] 9.5343e-01
 5.633e+01 5.1931e-02 [ 1.5009e-58 4.7447e-26 6.5784e-15 1.3215e-12 1.4797e-12 ] 9.4807e-01
 5.644e+01 5.7929e-02 [ 1.0807e-58 4.1436e-26 6.7680e-15 1.3471e-12 1.4682e-12 ] 9.4207e-01
 5.655e+01 6.4636e-02 [ 7.7772e-59 3.6164e-26 6.9848e-15 1.3767e-12 1.4612e-12 ] 9.3536e-01
 5.667e+01 7.2126e-02 [ 5.5942e-59 3.1542e-26 7.2319e-15 1.4106e-12 1.4584e-12 ] 9.2787e-01
 5.678e+01 8.0478e-02 [ 4.0216e-59 2.7492e-26 7.5122e-15 1.4490e-12 1.4599e-12 ] 9.1952e-01
 5.689e+01 8.9775e-02 [ 2.8894e-59 2.3945e-26 7.8291e-15 1.4923e-12 1.4656e-12 ] 9.1022e-01
 5.701e+01 1.0010e-01 [ 2.0746e-59 2.0839e-26 8.1858e-15 1.5407e-12 1.4753e-12 ] 8.9990e-01
 5.712e+01 1.1154e-01 [ 1.4884e-59 1.8121e-26 8.5856e-15 1.5943e-12 1.4890e-12 ] 8.8846e-01
 5.723e+01 1.2418e-01 [ 1.0671e-59 1.5743e-26 9.0314e-15 1.6532e-12 1.5065e-12 ] 8.7582e-01
 5.735e+01 1.3808e-01 [ 7.6434e-60 1.3663e-26 9.5262e-15 1.7176e-12 1.5277e-12 ] 8.6192e-01
 5.746e+01 1.5333e-01 [ 5.4697e-60 1.1846e-26 1.0072e-14 1.7875e-12 1.5523e-12 ] 8.4667e-01
 5.757e+01 1.6996e-01 [ 3.9100e-60 1.0259e-26 1.0670e-14 1.8626e-12 1.5800e-12 ] 8.3004e-01
 5.769e+01 1.8802e-01 [ 2.7919e-60 8.8723e-27 1.1322e-14 1.9428e-12 1.6104e-12 ] 8.1198e-01
 5.780e+01 2.0749e-01 [ 1.9909e-60 7.6625e-27 1.2025e-14 2.0276e-12 1.6433e-12 ] 7.9251e-01
 5.791e+01 2.2835e-01 [ 1.4178e-60 6.6074e-27 1.2778e-14 2.1163e-12 1.6780e-12 ] 7.7165e-01
 5.803e+01 2.5052e-01 [ 1.0080e-60 5.6877e-27 1.3576e-14 2.2081e-12 1.7141e-12 ] 7.4948e-01
 5.814e+01 2.7388e-01 [ 7.1549e-61 4.8866e-27 1.4412e-14 2.3020e-12 1.7508e-12 ] 7.2612e-01
 5.825e+01 2.9823e-01 [ 5.0688e-61 4.1895e-27 1.5276e-14 2.3967e-12 1.7874e-12 ] 7.0177e-01
 5.837e+01 3.2334e-01 [ 3.5836e-61 3.5836e-27 1.6157e-14 2.4905e-12 1.8232e-12 ] 6.7666e-01
 5.848e+01 3.4890e-01 [ 2.5279e-61 3.0574e-27 1.7040e-14 2.5818e-12 1.8572e-12 ] 6.5110e-01
 5.859e+01 3.7455e-01 [ 1.7788e-61 2.6013e-27 1.7908e-14 2.6687e-12 1.8887e-12 ] 6.2545e-01
 5.871e+01 3.9985e-01 [ 1.2484e-61 2.2065e-27 1.8741e-14 2.7491e-12 1.9167e-12 ] 6.0015e-01
 5.882e+01 4.2435e-01 [ 8.7370e-62 1.8655e-27 1.9519e-14 2.8209e-12 1.9403e-12 ] 5.7565e-01
 5.893e+01 4.4756e-01 [ 6.0964e-62 1.5718e-27 2.0220e-14 2.8822e-12 1.9589e-12 ] 5.5244e-01
 5.905e+01 4.6897e-01 [ 4.2404e-62 1.3194e-27 2.0822e-14 2.9311e-12 1.9717e-12 ] 5.3103e-01
 5.916e+01 4.8810e-01 [ 2.9397e-62 1.1032e-27 2.1307e-14 2.9658e-12 1.9780e-12 ] 5.1190e-01
 5.927e+01 5.0447e-01 [ 2.0310e-62 9.1869e-28 2.1656e-14 2.9850e-12 1.9775e-12 ] 4.9553e-01
 5.939e+01 5.1769e-01 [ 1.3982e-62 7.6180e-28 2.1855e-14 2.9876e-12 1.9699e-12 ] 4.8231e-01
 5.950e+01 5.2742e-01 [ 9.5903e-63 6.2894e-28 2.1895e-14 2.9730e-12 1.9549e-12 ] 4.7258e-01
 5.961e+01 5.3341e-01 [ 6.5536e-63 5.1693e-28 2.1768e-14 2.9409e-12 1.9325e-12 ] 4.6659e-01
 5.973e+01 5.3550e-01 [ 4.4614e-63 4.2291e-28 2.1474e-14 2.8915e-12 1.9028e-12 ] 4.6450e-01
 5.984e+01 5.3364e-01 [ 3.0255e-63 3.4438e-28 2.1018e-14 2.8254e-12 1.8659e-12 ] 4.6636e-01
 5.995e+01 5.2787e-01 [ 2.0437e-63 2.7909e-28 2.0408e-14 2.7436e-12 1.8223e-12 ] 4.7213e-01
 6.007e+01 5.1834e-01 [ 1.3751e-63 2.2509e-28 1.9657e-14 2.6474e-12 1.7722e-12 ] 4.8166e-01
 6.018e+01 5.0530e-01 [ 9.2155e-64 1.8065e-28 1.8783e-14 2.5384e-12 1.7162e-12 ] 4.9470e-01
 6.029e+01 4.8908e-01 [ 6.1514e-64 1.4427e-28 1.7806e-14 2.4186e-12 1.6549e-12 ] 5.1092e-01
 6.041e+01 4.7008e-01 [ 4.0898e-64 1.1464e-28 1.6747e-14 2.2899e-12 1.5890e-12 ] 5.2992e-01
 6.052e+01 4.4875e-01 [ 2.7084e-64 9.0653e-29 1.5630e-14 2.1547e-12 1.5192e-12 ] 5.5125e-01
 6.063e+01 4.2558e-01 [ 1.7866e-64 7.1333e-29 1.4478e-14 2.0152e-12 1.4465e-12 ] 5.7442e-01
 6.075e+01 4.0109e-01 [ 1.1740e-64 5.5860e-29 1.3315e-14 1.8736e-12 1.3715e-12 ] 5.9891e-01
 6.086e+01 3.7575e-01 [ 7.6858e-65 4.3538e-29 1.2159e-14 1.7320e-12 1.2953e-12 ] 6.2425e-01
 6.097e+01 3.5003e-01 [ 5.0134e-65 3.3778e-29 1.1030e-14 1.5924e-12 1.2185e-12 ] 6.4997e-01
 6.109e+01 3.2437e-01 [ 3.2588e-65 2.6090e-29 9.9434e-15 1.4563e-12 1.1421e-12 ] 6.7563e-01
 6.120e+01 2.9913e-01 [ 2.1112e-65 2.0066e-29 8.9102e-15 1.3252e-12 1.0667e-12 ] 7.0087e-01
 6.131e+01 2.7462e-01 [ 1.3634e-65 1.5370e-29 7.9398e-15 1.2001e-12 9.9286e-13 ] 7.2538e-01
 6.143e+01 2.5110e-01 [ 8.7778e-66 1.1728e-29 7.0380e-15 1.0821e-12 9.2119e-13 ] 7.4890e-01
 6.154e+01 2.2874e-01 [ 5.6351e-66 8.9154e-30 6.2082e-15 9.7148e-13 8.5208e-13 ] 7.7126e-01
 6.165e+01 2.0768e-01 [ 3.6076e-66 6.7539e-30 5.4513e-15 8.6871e-13 7.8586e-13 ] 7.9232e-01
 6.177e+01 1.8800e-01 [ 2.3036e-66 5.0996e-30 4.7662e-15 7.7387e-13 7.2275e-13 ] 8.1200e-01
 6.188e+01 1.6974e-01 [ 1.4673e-66 3.8384e-30 4.1506e-15 6.8689e-13 6.6291e-13 ] 8.3026e-01
 6.199e+01 1.5289e-01 [ 9.3242e-67 2.8805e-30 3.6009e-15 6.0756e-13 6.0639e-13 ] 8.4711e-01
 6.211e+01 1.3744e-01 [ 5.9114e-67 2.1555e-30 3.1127e-15 5.3557e-13 5.5322e-13 ] 8.6256e-01
 6.222e+01 1.2332e-01 [ 3.7394e-67 1.6086e-30 2.6815e-15 4.7054e-13 5.0336e-13 ] 8.7668e-01
 6.233e+01 1.1047e-01 [ 2.3603e-67 1.1972e-30 2.3023e-15 4.1203e-13 4.5671e-13 ] 8.8953e-01
 6.245e+01 9.8821e-02 [ 1.4865e-67 8.8875e-31 1.9701e-15 3.5958e-13 4.1318e-13 ] 9.0118e-01
 6.256e+01 8.8285e-02 [ 9.3408e-68 6.5805e-31 1.6802e-15 3.1271e-13 3.7264e-13 ] 9.1171e-01
 6.267e+01 7.8777e-02 [ 5.8562e-68 4.8597e-31 1.4279e-15 2.7094e-13 3.3494e-13 ] 9.2122e-01
 6.279e+01 7.0212e-02 [ 3.6627e-68 3.5793e-31 1.2092e-15 2.3384e-13 2.9994e-13 ] 9.2979e-01
 6.290e+01 6.2507e-02 [ 2.2850e-68 2.6289e-31 1.0199e-15 2.0094e-13 2.6748e-13 ] 9.3749e-01
 6.301e+01 5.5579e-02 [ 1.4215e-68 1.9251e-31 8.5655e-16 1.7186e-13 2.3741e-13 ] 9.4442e-01
 6.313e+01 4.9353e-02 [ 8.8166e-69 1.4052e-31 7.1590e-16 1.4620e-13 2.0960e-13 ] 9.5065e-01
 6.324e+01 4.3757e-02 [ 5.4497e-69 1.0220e-31 5.9507e-16 1.2362e-13 1.8390e-13 ] 9.5624e-01
 6.335e+01 3.8723e-02 [ 3.3556e-69 7.4032e-32 4.9149e-16 1.0379e-13 1.6020e-13 ] 9.6128e-01
 6.347e+01 3.4189e-02 [ 2.0570e-69 5.3372e-32 4.0291e-16 8.6426e-14 1.3838e-13 ] 9.6581e-01
 6.358e+01 3.0099e-02 [ 1.2544e-69 3.8261e-32 3.2735e-16 7.1268e-14 1.1834e-13 ] 9.6990e-01
 6.369e+01 2.6399e-02 [ 7.6020e-70 2.7241e-32 2.6310e-16 5.8084e-14 9.9987e-14 ] 9.7360e-01
 6.381e+01 2.3041e-02 [ 4.5726e-70 1.9229e-32 2.0865e-16 4.6668e-14 8.3261e-14 ] 9.7696e-01
 6.392e+01 1.9982e-02 [ 2.7248e-70 1.3424e-32 1.6273e-16 3.6837e-14 6.8097e-14 ] 9.8002e-01
 6.403e+01 1.7179e-02 [ 1.6044e-70 9.2352e-33 1.2425e-16 2.8434e-14 5.4451e-14 ] 9.8282e-01
 6.415e+01 1.4596e-02 [ 9.2984e-71 6.2276e-33 9.2260e-17 2.1321e-14 4.2297e-14 ] 9.8540e-01
 6.426e+01 1.2199e-02 [ 5.2714e-71 4.0819e-33 6.5990e-17 1.5382e-14 3.1620e-14 ] 9.8780e-01
 6.437e+01 9.9536e-03 [ 2.8923e-71 2.5653e-33 4.4789e-17 1.0518e-14 2.2424e-14 ] 9.9005e-01
 6.449e+01 7.8312e-03 [ 1.5057e-71 1.5092e-33 2.8129e-17 6.6458e-15 1.4730e-14 ] 9.9217e-01
 6.460e+01 5.8012e-03 [ 7.1385e-72 7.9379e-34 1.5590e-17 3.7010e-15 8.5745e-15 ] 9.9420e-01
 6.471e+01 3.8385e-03 [ 2.7893e-72 3.3595e-34 6.8554e-18 1.6331e-15 4.0138e-15 ] 9.9616e-01
 6.483e+01 1.8533e-03 [ 6.4351e-73 8.1523e-35 1.7029e-18 4.0650e-16 1.1234e-15 ] 9.9815e-01
 6.494e+01 0.0000e+00 [ 0.0000e+00 0.0000e+00 0.0000e+00 0.0000e+00 0.0000e+00 ] 1.0000e+00
