 0.000e+00 0.0000e+00 [ 0.0000e+00 0.0000e+00 0.0000e+00 0.0000e+00 0.0000e+00 ] 1.0000e+00
 1.133e-01 4.3155e-02 [ 4.2610e-02 2.7287e-04 1.3064e-04 1.2845e-04 1.2516e-05 ] 9.5685e-01
 2.267e-01 8.7683e-02 [ 8.5377e-02 1.1595e-03 5.5510e-04 5.4542e-04 4.6033e-05 ] 9.1232e-01
 3.400e-01 1.2727e-01 [ 1.2162e-01 2.8513e-03 1.3649e-03 1.3389e-03 9.7286e-05 ] 8.7273e-01
 4.533e-01 1.7358e-01 [ 1.6240e-01 5.6573e-03 2.7078e-03 2.6508e-03 1.6580e-04 ] 8.2642e-01
 5.667e-01 2.3245e-01 [ 2.1277e-01 9.9846e-03 4.7784e-03 4.6667e-03 2.5270e-04 ] 7.6755e-01
 6.800e-01 3.0824e-01 [ 2.7627e-01 1.6259e-02 7.7800e-03 7.5779e-03 3.5897e-04 ] 6.9176e-01
 7.933e-01 4.0195e-01 [ 3.5341e-01 2.4736e-02 1.1834e-02 1.1493e-02 4.8269e-04 ] 5.9805e-01
 9.067e-01 5.0852e-01 [ 4.3956e-01 3.5206e-02 1.6839e-02 1.6305e-02 6.1611e-04 ] 4.9148e-01
 1.020e+00 6.1585e-01 [ 5.2436e-01 4.6782e-02 2.2371e-02 2.1591e-02 7.4501e-04 ] 3.8415e-01
 1.133e+00 7.0865e-01 [ 5.9522e-01 5.8094e-02 2.7772e-02 2.6711e-02 8.5339e-04 ] 2.9135e-01
 1.247e+00 7.7651e-01 [ 6.4402e-01 6.7959e-02 3.2478e-02 3.1120e-02 9.3205e-04 ] 2.2349e-01
 1.360e+00 8.1884e-01 [ 6.7095e-01 7.5976e-02 3.6296e-02 3.4636e-02 9.8299e-04 ] 1.8116e-01
 1.473e+00 8.4198e-01 [ 6.8176e-01 8.2439e-02 3.9366e-02 3.7402e-02 1.0152e-03 ] 1.5802e-01
 1.587e+00 8.5333e-01 [ 6.8281e-01 8.7874e-02 4.1941e-02 3.9660e-02 1.0376e-03 ] 1.4667e-01
 1.700e+00 8.5825e-01 [ 6.7863e-01 9.2719e-02 4.4229e-02 4.1615e-02 1.0563e-03 ] 1.4175e-01
 1.813e+00 8.5992e-01 [ 6.7184e-01 9.7250e-02 4.6363e-02 4.3396e-02 1.0743e-03 ] 1.4008e-01
 1.927e+00 8.6001e-01 [ 6.6379e-01 1.0163e-01 4.8419e-02 4.5074e-02 1.0930e-03 ] 1.3999e-01
 2.040e+00 8.5936e-01 [ 6.5519e-01 1.0593e-01 5.0437e-02 4.6691e-02 1.1126e-03 ] 1.4064e-01
 2.153e+00 8.5841e-01 [ 6.4636e-01 1.1021e-01 5.2438e-02 4.8267e-02 1.1332e-03 ] 1.4159e-01
 2.267e+00 8.5734e-01 [ 6.3745e-01 1.1449e-01 5.4434e-02 4.9813e-02 1.1545e-03 ] 1.4266e-01
 2.380e+00 8.5627e-01 [ 6.2856e-01 1.1877e-01 5.6430e-02 5.1338e-02 1.1764e-03 ] 1.4373e-01
 2.493e+00 8.5524e-01 [ 6.1970e-01 1.2307e-01 5.8429e-02 5.2843e-02 1.1988e-03 ] 1.4476e-01
 2.607e+00 8.5427e-01 [ 6.1090e-01 1.2738e-01 6.0433e-02 5.4332e-02 1.2214e-03 ] 1.4573e-01
 2.720e+00 8.5337e-01 [ 6.0216e-01 1.3171e-01 6.2443e-02 5.5806e-02 1.2442e-03 ] 1.4663e-01
 2.833e+00 8.5253e-01 [ 5.9348e-01 1.3605e-01 6.4460e-02 5.7268e-02 1.2671e-03 ] 1.4747e-01
 2.947e+00 8.5176e-01 [ 5.8485e-01 1.4041e-01 6.6484e-02 5.8717e-02 1.2902e-03 ] 1.4824e-01
 3.060e+00 8.5105e-01 [ 5.7628e-01 1.4479e-01 6.8515e-02 6.0155e-02 1.3133e-03 ] 1.4895e-01
 3.173e+00 8.5040e-01 [ 5.6775e-01 1.4918e-01 7.0555e-02 6.1583e-02 1.3366e-03 ] 1.4960e-01
 3.287e+00 8.4981e-01 [ 5.5927e-01 1.5357e-01 7.2602e-02 6.3003e-02 1.3599e-03 ] 1.5019e-01
 3.400e+00 8.4926e-01 [ 5.5082e-01 1.5798e-01 7.4658e-02 6.4414e-02 1.3834e-03 ] 1.5074e-01
 3.513e+00 8.4876e-01 [ 5.4241e-01 1.6240e-01 7.6723e-02 6.5818e-02 1.4070e-03 ] 1.5124e-01
 3.627e+00 8.4831e-01 [ 5.3404e-01 1.6683e-01 7.8797e-02 6.7216e-02 1.4307e-03 ] 1.5169e-01
 3.740e+00 8.4789e-01 [ 5.2569e-01 1.7126e-01 8.0880e-02 6.8609e-02 1.4546e-03 ] 1.5211e-01
 3.853e+00 8.4750e-01 [ 5.1737e-01 1.7569e-01 8.2972e-02 6.9998e-02 1.4786e-03 ] 1.5250e-01
 3.967e+00 8.4715e-01 [ 5.0908e-01 1.8012e-01 8.5075e-02 7.1383e-02 1.5027e-03 ] 1.5285e-01
 4.080e+00 8.4683e-01 [ 5.0080e-01 1.8455e-01 8.7188e-02 7.2766e-02 1.5271e-03 ] 1.5317e-01
 4.193e+00 8.4654e-01 [ 4.9256e-01 1.8897e-01 8.9312e-02 7.4147e-02 1.5516e-03 ] 1.5346e-01
 4.307e+00 8.4626e-01 [ 4.8433e-01 1.9338e-01 9.1446e-02 7.5528e-02 1.5763e-03 ] 1.5374e-01
 4.420e+00 8.4601e-01 [ 4.7612e-01 1.9779e-01 9.3592e-02 7.6909e-02 1.6013e-03 ] 1.5399e-01
 4.533e+00 8.4578e-01 [ 4.6793e-01 2.0218e-01 9.5750e-02 7.8292e-02 1.6264e-03 ] 1.5422e-01
 4.647e+00 8.4557e-01 [ 4.5977e-01 2.0656e-01 9.7919e-02 7.9676e-02 1.6518e-03 ] 1.5443e-01
 4.760e+00 8.4537e-01 [ 4.5162e-01 2.1091e-01 1.0010e-01 8.1064e-02 1.6775e-03 ] 1.5463e-01
 4.873e+00 8.4519e-01 [ 4.4349e-01 2.1525e-01 1.0230e-01 8.2455e-02 1.7033e-03 ] 1.5481e-01
 4.987e+00 8.4502e-01 [ 4.3538e-01 2.1955e-01 1.0450e-01 8.3851e-02 1.7295e-03 ] 1.5498e-01
 5.100e+00 8.4486e-01 [ 4.2730e-01 2.2383e-01 1.0673e-01 8.5253e-02 1.7559e-03 ] 1.5514e-01
 5.213e+00 8.4471e-01 [ 4.1923e-01 2.2807e-01 1.0896e-01 8.6661e-02 1.7826e-03 ] 1.5529e-01
 5.327e+00 8.4457e-01 [ 4.1120e-01 2.3228e-01 1.1121e-01 8.8076e-02 1.8096e-03 ] 1.5543e-01
 5.440e+00 8.4444e-01 [ 4.0318e-01 2.3645e-01 1.1347e-01 8.9499e-02 1.8369e-03 ] 1.5556e-01
 5.553e+00 8.4432e-01 [ 3.9520e-01 2.4057e-01 1.1575e-01 9.0931e-02 1.8645e-03 ] 1.5568e-01
 5.667e+00 8.4420e-01 [ 3.8724e-01 2.4465e-01 1.1805e-01 9.2373e-02 1.8924e-03 ] 1.5580e-01
 5.780e+00 8.4409e-01 [ 3.7932e-01 2.4867e-01 1.2036e-01 9.3825e-02 1.9206e-03 ] 1.5591e-01
 5.893e+00 8.4398e-01 [ 3.7143e-01 2.5263e-01 1.2268e-01 9.5288e-02 1.9492e-03 ] 1.5602e-01
 6.007e+00 8.4388e-01 [ 3.6358e-01 2.5654e-01 1.2502e-01 9.6763e-02 1.9782e-03 ] 1.5612e-01
 6.120e+00 8.4378e-01 [ 3.5576e-01 2.6038e-01 1.2738e-01 9.8251e-02 2.0075e-03 ] 1.5622e-01
 6.233e+00 8.4369e-01 [ 3.4799e-01 2.6416e-01 1.2975e-01 9.9752e-02 2.0371e-03 ] 1.5631e-01
 6.347e+00 8.4360e-01 [ 3.4026e-01 2.6786e-01 1.3214e-01 1.0127e-01 2.0672e-03 ] 1.5640e-01
 6.460e+00 8.4351e-01 [ 3.3257e-01 2.7149e-01 1.3455e-01 1.0280e-01 2.0976e-03 ] 1.5649e-01
 6.573e+00 8.4342e-01 [ 3.2494e-01 2.7503e-01 1.3698e-01 1.0434e-01 2.1285e-03 ] 1.5658e-01
 6.687e+00 8.4334e-01 [ 3.1736e-01 2.7849e-01 1.3942e-01 1.0591e-01 2.1597e-03 ] 1.5666e-01
 6.800e+00 8.4325e-01 [ 3.0984e-01 2.8186e-01 1.4188e-01 1.0748e-01 2.1914e-03 ] 1.5675e-01
 6.913e+00 8.4317e-01 [ 3.0237e-01 2.8514e-01 1.4435e-01 1.0908e-01 2.2235e-03 ] 1.5683e-01
 7.027e+00 8.4309e-01 [ 2.9496e-01 2.8833e-01 1.4685e-01 1.1070e-01 2.2560e-03 ] 1.5691e-01
 7.140e+00 8.4301e-01 [ 2.8762e-01 2.9141e-01 1.4936e-01 1.1233e-01 2.2890e-03 ] 1.5699e-01
 7.253e+00 8.4294e-01 [ 2.8035e-01 2.9439e-01 1.5189e-01 1.1399e-01 2.3225e-03 ] 1.5706e-01
 7.367e+00 8.4286e-01 [ 2.7315e-01 2.9726e-01 1.5443e-01 1.1566e-01 2.3564e-03 ] 1.5714e-01
 7.480e+00 8.4278e-01 [ 2.6602e-01 3.0001e-01 1.5700e-01 1.1736e-01 2.3908e-03 ] 1.5722e-01
 7.593e+00 8.4270e-01 [ 2.5897e-01 3.0266e-01 1.5958e-01 1.1907e-01 2.4257e-03 ] 1.5730e-01
 7.707e+00 8.4263e-01 [ 2.5200e-01 3.0518e-01 1.6218e-01 1.2081e-01 2.4611e-03 ] 1.5737e-01
 7.820e+00 8.4255e-01 [ 2.4511e-01 3.0758e-01 1.6479e-01 1.2257e-01 2.4970e-03 ] 1.5745e-01
 7.933e+00 8.4248e-01 [ 2.3831e-01 3.0985e-01 1.6742e-01 1.2436e-01 2.5334e-03 ] 1.5752e-01
 8.047e+00 8.4240e-01 [ 2.3159e-01 3.1200e-01 1.7006e-01 1.2617e-01 2.5704e-03 ] 1.5760e-01
 8.160e+00 8.4232e-01 [ 2.2497e-01 3.1401e-01 1.7273e-01 1.2801e-01 2.6079e-03 ] 1.5768e-01
 8.273e+00 8.4225e-01 [ 2.1844e-01 3.1589e-01 1.7540e-01 1.2987e-01 2.6460e-03 ] 1.5775e-01
 8.387e+00 8.4217e-01 [ 2.1200e-01 3.1763e-01 1.7809e-01 1.3176e-01 2.6846e-03 ] 1.5783e-01
 8.500e+00 8.4209e-01 [ 2.0567e-01 3.1923e-01 1.8080e-01 1.3367e-01 2.7238e-03 ] 1.5791e-01
 8.613e+00 8.4201e-01 [ 1.9943e-01 3.2069e-01 1.8351e-01 1.3562e-01 2.7636e-03 ] 1.5799e-01
 8.727e+00 8.4194e-01 [ 1.9330e-01 3.2200e-01 1.8624e-01 1.3759e-01 2.8041e-03 ] 1.5806e-01
 8.840e+00 8.4186e-01 [ 1.8727e-01 3.2317e-01 1.8898e-01 1.3959e-01 2.8451e-03 ] 1.5814e-01
 8.953e+00 8.4178e-01 [ 1.8135e-01 3.2418e-01 1.9174e-01 1.4162e-01 2.8867e-03 ] 1.5822e-01
 9.067e+00 8.4170e-01 [ 1.7554e-01 3.2505e-01 1.9450e-01 1.4369e-01 2.9290e-03 ] 1.5830e-01
 9.180e+00 8.4162e-01 [ 1.6984e-01 3.2577e-01 1.9727e-01 1.4578e-01 2.9719e-03 ] 1.5838e-01
 9.293e+00 8.4154e-01 [ 1.6424e-01 3.2633e-01 2.0005e-01 1.4790e-01 3.0155e-03 ] 1.5846e-01
 9.407e+00 8.4146e-01 [ 1.5877e-01 3.2674e-01 2.0283e-01 1.5006e-01 3.0598e-03 ] 1.5854e-01
 9.520e+00 8.4138e-01 [ 1.5340e-01 3.2700e-01 2.0562e-01 1.5225e-01 3.1047e-03 ] 1.5862e-01
 9.633e+00 8.4129e-01 [ 1.4815e-01 3.2710e-01 2.0842e-01 1.5448e-01 3.1503e-03 ] 1.5871e-01
 9.747e+00 8.4121e-01 [ 1.4302e-01 3.2704e-01 2.1121e-01 1.5674e-01 3.1966e-03 ] 1.5879e-01
 9.860e+00 8.4113e-01 [ 1.3800e-01 3.2683e-01 2.1401e-01 1.5904e-01 3.2437e-03 ] 1.5887e-01
 9.973e+00 8.4105e-01 [ 1.3310e-01 3.2647e-01 2.1681e-01 1.6137e-01 3.2915e-03 ] 1.5895e-01
 1.009e+01 8.4096e-01 [ 1.2832e-01 3.2595e-01 2.1961e-01 1.6375e-01 3.3399e-03 ] 1.5904e-01
 1.020e+01 8.4088e-01 [ 1.2365e-01 3.2528e-01 2.2240e-01 1.6616e-01 3.3892e-03 ] 1.5912e-01
 1.031e+01 8.4079e-01 [ 1.1910e-01 3.2446e-01 2.2519e-01 1.6861e-01 3.4392e-03 ] 1.5921e-01
 1.043e+01 8.4071e-01 [ 1.1467e-01 3.2348e-01 2.2797e-01 1.7109e-01 3.4899e-03 ] 1.5929e-01
 1.054e+01 8.4062e-01 [ 1.1036e-01 3.2235e-01 2.3074e-01 1.7362e-01 3.5415e-03 ] 1.5938e-01
 1.065e+01 8.4053e-01 [ 1.0616e-01 3.2108e-01 2.3350e-01 1.7619e-01 3.5938e-03 ] 1.5947e-01
 1.077e+01 8.4045e-01 [ 1.0208e-01 3.1966e-01 2.3625e-01 1.7881e-01 3.6469e-03 ] 1.5955e-01
 1.088e+01 8.4036e-01 [ 9.8118e-02 3.1809e-01 2.3899e-01 1.8146e-01 3.7008e-03 ] 1.5964e-01
 1.099e+01 8.4027e-01 [ 9.4267e-02 3.1638e-01 2.4170e-01 1.8416e-01 3.7555e-03 ] 1.5973e-01
 1.111e+01 8.4018e-01 [ 9.0530e-02 3.1453e-01 2.4440e-01 1.8691e-01 3.8110e-03 ] 1.5982e-01
 1.122e+01 8.4009e-01 [ 8.6906e-02 3.1254e-01 2.4708e-01 1.8970e-01 3.8673e-03 ] 1.5991e-01
 1.133e+01 8.4001e-01 [ 8.3393e-02 3.1042e-01 2.4973e-01 1.9254e-01 3.9245e-03 ] 1.5999e-01
 1.145e+01 8.3992e-01 [ 7.9990e-02 3.0816e-01 2.5236e-01 1.9542e-01 3.9825e-03 ] 1.6008e-01
 1.156e+01 8.3983e-01 [ 7.6696e-02 3.0578e-01 2.5496e-01 1.9835e-01 4.0413e-03 ] 1.6017e-01
 1.167e+01 8.3974e-01 [ 7.3509e-02 3.0327e-01 2.5753e-01 2.0133e-01 4.1009e-03 ] 1.6026e-01
 1.179e+01 8.3965e-01 [ 7.0427e-02 3.0064e-01 2.6006e-01 2.0436e-01 4.1613e-03 ] 1.6035e-01
 1.190e+01 8.3957e-01 [ 6.7449e-02 2.9789e-01 2.6256e-01 2.0744e-01 4.2226e-03 ] 1.6043e-01
 1.201e+01 8.3948e-01 [ 6.4572e-02 2.9503e-01 2.6503e-01 2.1057e-01 4.2847e-03 ] 1.6052e-01
 1.213e+01 8.3939e-01 [ 6.1795e-02 2.9205e-01 2.6745e-01 2.1375e-01 4.3476e-03 ] 1.6061e-01
 1.224e+01 8.3931e-01 [ 5.9117e-02 2.8897e-01 2.6983e-01 2.1698e-01 4.4114e-03 ] 1.6069e-01
 1.235e+01 8.3922e-01 [ 5.6534e-02 2.8579e-01 2.7216e-01 2.2026e-01 4.4759e-03 ] 1.6078e-01
 1.247e+01 8.3914e-01 [ 5.4045e-02 2.8251e-01 2.7444e-01 2.2360e-01 4.5413e-03 ] 1.6086e-01
 1.258e+01 8.3906e-01 [ 5.1648e-02 2.7914e-01 2.7668e-01 2.2699e-01 4.6074e-03 ] 1.6094e-01
 1.269e+01 8.3898e-01 [ 4.9340e-02 2.7567e-01 2.7886e-01 2.3043e-01 4.6743e-03 ] 1.6102e-01
 1.281e+01 8.3890e-01 [ 4.7120e-02 2.7213e-01 2.8098e-01 2.3393e-01 4.7420e-03 ] 1.6110e-01
 1.292e+01 8.3883e-01 [ 4.4984e-02 2.6850e-01 2.8305e-01 2.3748e-01 4.8104e-03 ] 1.6117e-01
 1.303e+01 8.3876e-01 [ 4.2932e-02 2.6480e-01 2.8506e-01 2.4109e-01 4.8796e-03 ] 1.6124e-01
 1.315e+01 8.3869e-01 [ 4.0960e-02 2.6103e-01 2.8701e-01 2.4475e-01 4.9494e-03 ] 1.6131e-01
 1.326e+01 8.3863e-01 [ 3.9067e-02 2.5719e-01 2.8889e-01 2.4846e-01 5.0200e-03 ] 1.6137e-01
 1.337e+01 8.3857e-01 [ 3.7249e-02 2.5330e-01 2.9070e-01 2.5223e-01 5.0912e-03 ] 1.6143e-01
 1.349e+01 8.3851e-01 [ 3.5505e-02 2.4935e-01 2.9245e-01 2.5605e-01 5.1630e-03 ] 1.6149e-01
 1.360e+01 8.3847e-01 [ 3.3833e-02 2.4535e-01 2.9413e-01 2.5992e-01 5.2354e-03 ] 1.6153e-01
 1.371e+01 8.3842e-01 [ 3.2230e-02 2.4131e-01 2.9573e-01 2.6385e-01 5.3083e-03 ] 1.6158e-01
 1.383e+01 8.3839e-01 [ 3.0694e-02 2.3723e-01 2.9726e-01 2.6783e-01 5.3818e-03 ] 1.6161e-01
 1.394e+01 8.3836e-01 [ 2.9223e-02 2.3311e-01 2.9872e-01 2.7186e-01 5.4557e-03 ] 1.6164e-01
 1.405e+01 8.3835e-01 [ 2.7814e-02 2.2897e-01 3.0010e-01 2.7594e-01 5.5301e-03 ] 1.6165e-01
 1.417e+01 8.3834e-01 [ 2.6465e-02 2.2480e-01 3.0141e-01 2.8006e-01 5.6049e-03 ] 1.6166e-01
 1.428e+01 8.3835e-01 [ 2.5175e-02 2.2062e-01 3.0263e-01 2.8424e-01 5.6800e-03 ] 1.6165e-01
 1.439e+01 8.3836e-01 [ 2.3942e-02 2.1642e-01 3.0378e-01 2.8846e-01 5.7553e-03 ] 1.6164e-01
 1.451e+01 8.3840e-01 [ 2.2762e-02 2.1222e-01 3.0486e-01 2.9273e-01 5.8309e-03 ] 1.6160e-01
 1.462e+01 8.3845e-01 [ 2.1634e-02 2.0802e-01 3.0585e-01 2.9704e-01 5.9066e-03 ] 1.6155e-01
 1.473e+01 8.3852e-01 [ 2.0557e-02 2.0382e-01 3.0677e-01 3.0139e-01 5.9824e-03 ] 1.6148e-01
 1.485e+01 8.3860e-01 [ 1.9528e-02 1.9963e-01 3.0761e-01 3.0578e-01 6.0583e-03 ] 1.6140e-01
 1.496e+01 8.3871e-01 [ 1.8545e-02 1.9546e-01 3.0837e-01 3.1020e-01 6.1341e-03 ] 1.6129e-01
 1.507e+01 8.3885e-01 [ 1.7607e-02 1.9131e-01 3.0906e-01 3.1466e-01 6.2097e-03 ] 1.6115e-01
 1.519e+01 8.3901e-01 [ 1.6711e-02 1.8719e-01 3.0968e-01 3.1915e-01 6.2852e-03 ] 1.6099e-01
 1.530e+01 8.3920e-01 [ 1.5857e-02 1.8310e-01 3.1022e-01 3.2366e-01 6.3603e-03 ] 1.6080e-01
 1.541e+01 8.3943e-01 [ 1.5042e-02 1.7906e-01 3.1069e-01 3.2820e-01 6.4351e-03 ] 1.6057e-01
 1.553e+01 8.3969e-01 [ 1.4265e-02 1.7505e-01 3.1110e-01 3.3276e-01 6.5094e-03 ] 1.6031e-01
 1.564e+01 8.3999e-01 [ 1.3524e-02 1.7110e-01 3.1145e-01 3.3733e-01 6.5832e-03 ] 1.6001e-01
 1.575e+01 8.4034e-01 [ 1.2819e-02 1.6721e-01 3.1173e-01 3.4192e-01 6.6563e-03 ] 1.5966e-01
 1.587e+01 8.4073e-01 [ 1.2146e-02 1.6339e-01 3.1196e-01 3.4651e-01 6.7287e-03 ] 1.5927e-01
 1.598e+01 8.4118e-01 [ 1.1506e-02 1.5963e-01 3.1213e-01 3.5111e-01 6.8002e-03 ] 1.5882e-01
 1.609e+01 8.4169e-01 [ 1.0896e-02 1.5595e-01 3.1225e-01 3.5571e-01 6.8708e-03 ] 1.5831e-01
 1.621e+01 8.4225e-01 [ 1.0316e-02 1.5236e-01 3.1233e-01 3.6030e-01 6.9403e-03 ] 1.5775e-01
 1.632e+01 8.4289e-01 [ 9.7641e-03 1.4886e-01 3.1237e-01 3.6488e-01 7.0087e-03 ] 1.5711e-01
 1.643e+01 8.4360e-01 [ 9.2395e-03 1.4546e-01 3.1238e-01 3.6944e-01 7.0758e-03 ] 1.5640e-01
 1.655e+01 8.4439e-01 [ 8.7410e-03 1.4217e-01 3.1235e-01 3.7398e-01 7.1415e-03 ] 1.5561e-01
 1.666e+01 8.4526e-01 [ 8.2677e-03 1.3899e-01 3.1231e-01 3.7849e-01 7.2058e-03 ] 1.5474e-01
 1.677e+01 8.4623e-01 [ 7.8186e-03 1.3594e-01 3.1224e-01 3.8296e-01 7.2685e-03 ] 1.5377e-01
 1.689e+01 8.4729e-01 [ 7.3930e-03 1.3302e-01 3.1216e-01 3.8739e-01 7.3295e-03 ] 1.5271e-01
 1.700e+01 8.4845e-01 [ 6.9901e-03 1.3024e-01 3.1207e-01 3.9177e-01 7.3888e-03 ] 1.5154e-01
 1.711e+01 8.4973e-01 [ 6.6093e-03 1.2761e-01 3.1197e-01 3.9609e-01 7.4463e-03 ] 1.5027e-01
 1.723e+01 8.5112e-01 [ 6.2500e-03 1.2515e-01 3.1188e-01 4.0034e-01 7.5020e-03 ] 1.4887e-01
 1.734e+01 8.5264e-01 [ 5.9119e-03 1.2286e-01 3.1180e-01 4.0451e-01 7.5559e-03 ] 1.4736e-01
 1.745e+01 8.5428e-01 [ 5.5946e-03 1.2075e-01 3.1173e-01 4.0860e-01 7.6083e-03 ] 1.4572e-01
 1.757e+01 8.5604e-01 [ 5.2980e-03 1.1885e-01 3.1166e-01 4.1257e-01 7.6594e-03 ] 1.4396e-01
 1.768e+01 8.5793e-01 [ 5.0222e-03 1.1715e-01 3.1162e-01 4.1643e-01 7.7100e-03 ] 1.4207e-01
 1.779e+01 8.5993e-01 [ 4.7674e-03 1.1569e-01 3.1158e-01 4.2014e-01 7.7611e-03 ] 1.4007e-01
 1.791e+01 8.6202e-01 [ 4.5340e-03 1.1446e-01 3.1154e-01 4.2367e-01 7.8143e-03 ] 1.3798e-01
 1.802e+01 8.6412e-01 [ 4.3224e-03 1.1348e-01 3.1148e-01 4.2697e-01 7.8718e-03 ] 1.3588e-01
 1.813e+01 8.6611e-01 [ 4.1332e-03 1.1276e-01 3.1134e-01 4.2994e-01 7.9366e-03 ] 1.3389e-01
 1.825e+01 8.6768e-01 [ 3.9667e-03 1.1227e-01 3.1101e-01 4.3241e-01 8.0116e-03 ] 1.3232e-01
 1.836e+01 8.6820e-01 [ 3.8223e-03 1.1197e-01 3.1028e-01 4.3403e-01 8.0989e-03 ] 1.3180e-01
 1.847e+01 8.6635e-01 [ 3.6969e-03 1.1171e-01 3.0865e-01 4.3409e-01 8.1954e-03 ] 1.3365e-01
 1.859e+01 8.5938e-01 [ 3.5821e-03 1.1116e-01 3.0516e-01 4.3119e-01 8.2861e-03 ] 1.4062e-01
 1.870e+01 8.4199e-01 [ 3.4597e-03 1.0966e-01 2.9793e-01 4.2260e-01 8.3294e-03 ] 1.5801e-01
 1.881e+01 8.0547e-01 [ 3.2969e-03 1.0605e-01 2.8391e-01 4.0396e-01 8.2421e-03 ] 1.9453e-01
 1.893e+01 7.3987e-01 [ 3.0528e-03 9.8954e-02 2.5967e-01 3.7028e-01 7.9080e-03 ] 2.6013e-01
 1.904e+01 6.4170e-01 [ 2.7061e-03 8.7708e-02 2.2409e-01 3.1995e-01 7.2467e-03 ] 3.5830e-01
 1.915e+01 5.2111e-01 [ 2.2837e-03 7.3386e-02 1.8086e-01 2.5828e-01 6.2992e-03 ] 4.7888e-01
 1.927e+01 3.9785e-01 [ 1.8498e-03 5.8390e-02 1.3700e-01 1.9539e-01 5.2206e-03 ] 6.0215e-01
 1.938e+01 2.8938e-01 [ 1.4645e-03 4.4964e-02 9.8614e-02 1.4015e-01 4.1795e-03 ] 7.1062e-01
 1.949e+01 2.0394e-01 [ 1.1576e-03 3.4255e-02 6.8528e-02 9.6715e-02 3.2800e-03 ] 7.9606e-01
 1.961e+01 1.4161e-01 [ 9.3048e-04 2.6370e-02 4.6684e-02 6.5070e-02 2.5541e-03 ] 8.5839e-01
 1.972e+01 9.8370e-02 [ 7.7002e-04 2.0868e-02 3.1603e-02 4.3137e-02 1.9894e-03 ] 9.0163e-01
 1.983e+01 6.9299e-02 [ 6.5933e-04 1.7161e-02 2.1521e-02 2.8399e-02 1.5567e-03 ] 9.3070e-01
 1.995e+01 5.0119e-02 [ 5.8349e-04 1.4721e-02 1.4913e-02 1.8673e-02 1.2259e-03 ] 9.4988e-01
 2.006e+01 3.7595e-02 [ 5.3111e-04 1.3142e-02 1.0633e-02 1.2315e-02 9.7171e-04 ] 9.6240e-01
 2.017e+01 2.9461e-02 [ 4.9416e-04 1.2134e-02 7.8817e-03 8.1735e-03 7.7484e-04 ] 9.7054e-01
 2.029e+01 2.4189e-02 [ 4.6720e-04 1.1500e-02 6.1222e-03 5.4759e-03 6.2099e-04 ] 9.7581e-01
 2.040e+01 2.0774e-02 [ 4.4664e-04 1.1108e-02 5.0026e-03 3.7139e-03 4.9979e-04 ] 9.7923e-01
 2.051e+01 1.8562e-02 [ 4.3015e-04 1.0872e-02 4.2948e-03 2.5578e-03 4.0367e-04 ] 9.8144e-01
 2.063e+01 1.7130e-02 [ 4.1622e-04 1.0735e-02 3.8520e-03 1.7947e-03 3.2701e-04 ] 9.8287e-01
 2.074e+01 1.6203e-02 [ 4.0390e-04 1.0661e-02 3.5797e-03 1.2877e-03 2.6563e-04 ] 9.8380e-01
 2.085e+01 1.5606e-02 [ 3.9257e-04 1.0626e-02 3.4174e-03 9.4818e-04 2.1637e-04 ] 9.8439e-01
 2.097e+01 1.5224e-02 [ 3.8185e-04 1.0613e-02 3.3258e-03 7.1902e-04 1.7677e-04 ] 9.8478e-01
 2.108e+01 1.4981e-02 [ 3.7149e-04 1.0613e-02 3.2798e-03 5.6312e-04 1.4496e-04 ] 9.8502e-01
 2.119e+01 1.4830e-02 [ 3.6135e-04 1.0618e-02 3.2629e-03 4.5629e-04 1.1946e-04 ] 9.8517e-01
 2.131e+01 1.4737e-02 [ 3.5133e-04 1.0625e-02 3.2646e-03 3.8270e-04 9.9129e-05 ] 9.8526e-01
 2.142e+01 1.4683e-02 [ 3.4140e-04 1.0630e-02 3.2779e-03 3.3196e-04 8.3061e-05 ] 9.8532e-01
 2.153e+01 1.4653e-02 [ 3.3153e-04 1.0632e-02 3.2983e-03 2.9727e-04 7.0564e-05 ] 9.8535e-01
 2.165e+01 1.4640e-02 [ 3.2171e-04 1.0629e-02 3.3231e-03 2.7417e-04 6.1108e-05 ] 9.8536e-01
 2.176e+01 1.4638e-02 [ 3.1194e-04 1.0620e-02 3.3505e-03 2.5986e-04 5.4302e-05 ] 9.8536e-01
 2.187e+01 1.4645e-02 [ 3.0223e-04 1.0606e-02 3.3795e-03 2.5269e-04 4.9870e-05 ] 9.8536e-01
 2.199e+01 1.4662e-02 [ 2.9260e-04 1.0587e-02 3.4101e-03 2.5196e-04 4.7644e-05 ] 9.8534e-01
 2.210e+01 1.4693e-02 [ 2.8307e-04 1.0562e-02 3.4425e-03 2.5779e-04 4.7556e-05 ] 9.8531e-01
 2.221e+01 1.4744e-02 [ 2.7366e-04 1.0534e-02 3.4781e-03 2.7121e-04 4.9631e-05 ] 9.8526e-01
 2.233e+01 1.4827e-02 [ 2.6439e-04 1.0502e-02 3.5191e-03 2.9437e-04 5.3996e-05 ] 9.8517e-01
 2.244e+01 1.4961e-02 [ 2.5529e-04 1.0470e-02 3.5693e-03 3.3098e-04 6.0886e-05 ] 9.8504e-01
 2.255e+01 1.5174e-02 [ 2.4640e-04 1.0442e-02 3.6348e-03 3.8708e-04 7.0661e-05 ] 9.8483e-01
 2.267e+01 1.5512e-02 [ 2.3776e-04 1.0421e-02 3.7250e-03 4.7220e-04 8.3830e-05 ] 9.8449e-01
 2.278e+01 1.6046e-02 [ 2.2943e-04 1.0417e-02 3.8548e-03 6.0137e-04 1.0109e-04 ] 9.8395e-01
 2.289e+01 1.6885e-02 [ 2.2147e-04 1.0440e-02 4.0476e-03 7.9814e-04 1.2335e-04 ] 9.8311e-01
 2.301e+01 1.8201e-02 [ 2.1399e-04 1.0510e-02 4.3400e-03 1.0995e-03 1.5187e-04 ] 9.8180e-01
 2.312e+01 2.0260e-02 [ 2.0714e-04 1.0653e-02 4.7892e-03 1.5635e-03 1.8830e-04 ] 9.7974e-01
 2.323e+01 2.3481e-02 [ 2.0112e-04 1.0913e-02 5.4848e-03 2.2815e-03 2.3489e-04 ] 9.7652e-01
 2.335e+01 2.8517e-02 [ 1.9620e-04 1.1351e-02 6.5666e-03 3.3963e-03 2.9469e-04 ] 9.7148e-01
 2.346e+01 3.6379e-02 [ 1.9280e-04 1.2064e-02 8.2514e-03 5.1308e-03 3.7193e-04 ] 9.6362e-01
 2.357e+01 4.8618e-02 [ 1.9146e-04 1.3194e-02 1.0871e-02 7.8273e-03 4.7246e-04 ] 9.5138e-01
 2.369e+01 6.7556e-02 [ 1.9290e-04 1.4947e-02 1.4921e-02 1.2001e-02 6.0426e-04 ] 9.3244e-01
 2.380e+01 9.6534e-02 [ 1.9800e-04 1.7603e-02 2.1115e-02 1.8396e-02 7.7786e-04 ] 9.0347e-01
 2.391e+01 1.4002e-01 [ 2.0766e-04 2.1520e-02 3.0399e-02 2.8013e-02 1.0060e-03 ] 8.5998e-01
 2.403e+01 2.0318e-01 [ 2.2242e-04 2.7070e-02 4.3870e-02 4.2022e-02 1.3012e-03 ] 7.9682e-01
 2.414e+01 2.9032e-01 [ 2.4172e-04 3.4481e-02 6.2424e-02 6.1411e-02 1.6692e-03 ] 7.0968e-01
 2.425e+01 4.0142e-01 [ 2.6290e-04 4.3537e-02 8.6026e-02 8.6233e-02 2.0972e-03 ] 5.9858e-01
 2.437e+01 5.2777e-01 [ 2.8063e-04 5.3243e-02 1.1278e-01 1.1461e-01 2.5414e-03 ] 4.7223e-01
 2.448e+01 6.5086e-01 [ 2.8828e-04 6.1872e-02 1.3871e-01 1.4244e-01 2.9306e-03 ] 3.4914e-01
 2.459e+01 7.5002e-01 [ 2.8182e-04 6.7750e-02 1.5940e-01 1.6509e-01 3.2003e-03 ] 2.4998e-01
 2.471e+01 8.1529e-01 [ 2.6280e-04 7.0335e-02 1.7276e-01 1.8027e-01 3.3355e-03 ] 1.8471e-01
 2.482e+01 8.5117e-01 [ 2.3678e-04 7.0333e-02 1.7978e-01 1.8886e-01 3.3725e-03 ] 1.4883e-01
 2.493e+01 8.6839e-01 [ 2.0906e-04 6.8850e-02 1.8274e-01 1.9321e-01 3.3603e-03 ] 1.3161e-01
 2.505e+01 8.7586e-01 [ 1.8269e-04 6.6712e-02 1.8356e-01 1.9527e-01 3.3330e-03 ] 1.2414e-01
 2.516e+01 8.7881e-01 [ 1.5892e-04 6.4375e-02 1.8334e-01 1.9621e-01 3.3069e-03 ] 1.2119e-01
 2.527e+01 8.7984e-01 [ 1.3803e-04 6.2054e-02 1.8264e-01 1.9660e-01 3.2883e-03 ] 1.2016e-01
 2.539e+01 8.8013e-01 [ 1.1992e-04 5.9843e-02 1.8172e-01 1.9671e-01 3.2788e-03 ] 1.1987e-01
 2.550e+01 8.8013e-01 [ 1.0435e-04 5.7775e-02 1.8066e-01 1.9665e-01 3.2787e-03 ] 1.1987e-01
 2.561e+01 8.7984e-01 [ 9.1043e-05 5.5852e-02 1.7949e-01 1.9641e-01 3.2879e-03 ] 1.2016e-01
 2.573e+01 8.7881e-01 [ 7.9709e-05 5.4048e-02 1.7810e-01 1.9589e-01 3.3063e-03 ] 1.2119e-01
 2.584e+01 8.7586e-01 [ 7.0043e-05 5.2292e-02 1.7628e-01 1.9483e-01 3.3321e-03 ] 1.2414e-01
 2.595e+01 8.6839e-01 [ 6.1695e-05 5.0437e-02 1.7351e-01 1.9265e-01 3.3592e-03 ] 1.3161e-01
 2.607e+01 8.5117e-01 [ 5.4211e-05 4.8194e-02 1.6877e-01 1.8820e-01 3.3711e-03 ] 1.4883e-01
 2.618e+01 8.1529e-01 [ 4.7012e-05 4.5088e-02 1.6034e-01 1.7952e-01 3.3339e-03 ] 1.8471e-01
 2.629e+01 7.5002e-01 [ 3.9533e-05 4.0568e-02 1.4619e-01 1.6430e-01 3.1985e-03 ] 2.4998e-01
 2.641e+01 6.5086e-01 [ 3.1608e-05 3.4450e-02 1.2556e-01 1.4165e-01 2.9287e-03 ] 3.4914e-01
 2.652e+01 5.2777e-01 [ 2.3739e-05 2.7315e-02 1.0057e-01 1.1388e-01 2.5395e-03 ] 4.7223e-01
 2.663e+01 4.0142e-01 [ 1.6754e-05 2.0264e-02 7.5292e-02 8.5601e-02 2.0954e-03 ] 5.9858e-01
 2.675e+01 2.9032e-01 [ 1.1221e-05 1.4226e-02 5.3310e-02 6.0879e-02 1.6675e-03 ] 7.0968e-01
 2.686e+01 2.0318e-01 [ 7.2280e-06 9.5874e-03 3.6222e-02 4.1580e-02 1.2996e-03 ] 7.9682e-01
 2.697e+01 1.4002e-01 [ 4.5329e-06 6.2847e-03 2.3933e-02 2.7644e-02 1.0044e-03 ] 8.5998e-01
 2.709e+01 9.6534e-02 [ 2.7944e-06 4.0479e-03 1.5536e-02 1.8081e-02 7.7628e-04 ] 9.0347e-01
 2.720e+01 6.7556e-02 [ 1.7051e-06 2.5802e-03 9.9801e-03 1.1725e-02 6.0259e-04 ] 9.3244e-01
 2.731e+01 4.8618e-02 [ 1.0344e-06 1.6354e-03 6.3752e-03 7.5788e-03 4.7064e-04 ] 9.5138e-01
 2.743e+01 3.6379e-02 [ 6.2582e-07 1.0339e-03 4.0621e-03 4.9011e-03 3.6987e-04 ] 9.6362e-01
 2.754e+01 2.8517e-02 [ 3.7824e-07 6.5323e-04 2.5867e-03 3.1795e-03 2.9229e-04 ] 9.7148e-01
 2.765e+01 2.3481e-02 [ 2.2863e-07 4.1289e-04 1.6480e-03 2.0733e-03 2.3203e-04 ] 9.7652e-01
 2.777e+01 2.0260e-02 [ 1.3829e-07 2.6126e-04 1.0511e-03 1.3611e-03 1.8486e-04 ] 9.7974e-01
 2.788e+01 1.8201e-02 [ 8.3726e-08 1.6554e-04 6.7139e-04 9.0086e-04 1.4768e-04 ] 9.8180e-01
 2.799e+01 1.6885e-02 [ 5.0744e-08 1.0504e-04 4.2948e-04 6.0188e-04 1.1822e-04 ] 9.8311e-01
 2.811e+01 1.6046e-02 [ 3.0785e-08 6.6742e-05 2.7514e-04 4.0639e-04 9.4776e-05 ] 9.8395e-01
 2.822e+01 1.5512e-02 [ 1.8693e-08 4.2460e-05 1.7649e-04 2.7759e-04 7.6059e-05 ] 9.8449e-01
 2.833e+01 1.5174e-02 [ 1.1358e-08 2.7041e-05 1.1334e-04 1.9201e-04 6.1080e-05 ] 9.8483e-01
 2.845e+01 1.4961e-02 [ 6.9051e-09 1.7235e-05 7.2858e-05 1.3458e-04 4.9070e-05 ] 9.8504e-01
 2.856e+01 1.4827e-02 [ 4.1989e-09 1.0992e-05 4.6868e-05 9.5641e-05 3.9427e-05 ] 9.8517e-01
 2.867e+01 1.4744e-02 [ 2.5533e-09 7.0121e-06 3.0166e-05 6.8928e-05 3.1678e-05 ] 9.8526e-01
 2.879e+01 1.4693e-02 [ 1.5523e-09 4.4737e-06 1.9424e-05 5.0380e-05 2.5445e-05 ] 9.8531e-01
 2.890e+01 1.4662e-02 [ 9.4333e-10 2.8536e-06 1.2510e-05 3.7336e-05 2.0431e-05 ] 9.8534e-01
 2.901e+01 1.4645e-02 [ 5.7284e-10 1.8194e-06 8.0592e-06 2.8045e-05 1.6395e-05 ] 9.8536e-01
 2.913e+01 1.4638e-02 [ 3.4753e-10 1.1592e-06 5.1939e-06 2.1342e-05 1.3148e-05 ] 9.8536e-01
 2.924e+01 1.4640e-02 [ 2.1060e-10 7.3794e-07 3.3497e-06 1.6447e-05 1.0535e-05 ] 9.8536e-01
 2.935e+01 1.4653e-02 [ 1.2744e-10 4.6925e-07 2.1633e-06 1.2831e-05 8.4336e-06 ] 9.8535e-01
 2.947e+01 1.4683e-02 [ 7.7000e-11 2.9802e-07 1.4005e-06 1.0132e-05 6.7446e-06 ] 9.8532e-01
 2.958e+01 1.4737e-02 [ 4.6443e-11 1.8903e-07 9.1065e-07 8.0992e-06 5.3881e-06 ] 9.8526e-01
 2.969e+01 1.4830e-02 [ 2.7961e-11 1.1976e-07 5.9635e-07 6.5560e-06 4.2998e-06 ] 9.8517e-01
 2.981e+01 1.4981e-02 [ 1.6803e-11 7.5792e-08 3.9495e-07 5.3771e-06 3.4280e-06 ] 9.8502e-01
 2.992e+01 1.5224e-02 [ 1.0080e-11 4.7944e-08 2.6605e-07 4.4722e-06 2.7308e-06 ] 9.8478e-01
 3.003e+01 1.5606e-02 [ 6.0378e-12 3.0341e-08 1.8367e-07 3.7757e-06 2.1744e-06 ] 9.8439e-01
 3.015e+01 1.6203e-02 [ 3.6131e-12 1.9237e-08 1.3107e-07 3.2392e-06 1.7316e-06 ] 9.8380e-01
 3.026e+01 1.7130e-02 [ 2.1620e-12 1.2250e-08 9.7549e-08 2.8270e-06 1.3806e-06 ] 9.8287e-01
 3.037e+01 1.8562e-02 [ 1.2956e-12 7.8634e-09 7.6251e-08 2.5132e-06 1.1035e-06 ] 9.8144e-01
 3.049e+01 2.0774e-02 [ 7.7941e-13 5.1161e-09 6.2825e-08 2.2788e-06 8.8639e-07 ] 9.7923e-01
 3.060e+01 2.4189e-02 [ 4.7233e-13 3.3999e-09 5.4546e-08 2.1114e-06 7.1778e-07 ] 9.7581e-01
 3.071e+01 2.9461e-02 [ 2.8984e-13 2.3316e-09 4.9751e-08 2.0037e-06 5.8870e-07 ] 9.7054e-01
 3.083e+01 3.7595e-02 [ 1.8138e-13 1.6707e-09 4.7495e-08 1.9541e-06 4.9207e-07 ] 9.6240e-01
 3.094e+01 5.0119e-02 [ 1.1682e-13 1.2674e-09 4.7334e-08 1.9665e-06 4.2240e-07 ] 9.4988e-01
 3.105e+01 6.9299e-02 [ 7.8275e-14 1.0296e-09 4.9197e-08 2.0509e-06 3.7556e-07 ] 9.3070e-01
 3.117e+01 9.8370e-02 [ 5.5149e-14 9.0158e-10 5.3305e-08 2.2240e-06 3.4852e-07 ] 9.0163e-01
 3.128e+01 1.4161e-01 [ 4.1185e-14 8.5044e-10 6.0070e-08 2.5069e-06 3.3902e-07 ] 8.5839e-01
 3.139e+01 2.0394e-01 [ 3.2665e-14 8.5612e-10 6.9928e-08 2.9198e-06 3.4498e-07 ] 7.9606e-01
 3.151e+01 2.8938e-01 [ 2.7328e-14 9.0355e-10 8.2982e-08 3.4677e-06 3.6354e-07 ] 7.1062e-01
 3.162e+01 3.9785e-01 [ 2.3719e-14 9.7541e-10 9.8445e-08 4.1177e-06 3.8969e-07 ] 6.0215e-01
 3.173e+01 5.2111e-01 [ 2.0849e-14 1.0474e-09 1.1414e-07 4.7784e-06 4.1543e-07 ] 4.7888e-01
 3.185e+01 6.4170e-01 [ 1.8093e-14 1.0913e-09 1.2676e-07 5.3105e-06 4.3123e-07 ] 3.5830e-01
 3.196e+01 7.3987e-01 [ 1.5226e-14 1.0872e-09 1.3343e-07 5.5936e-06 4.3062e-07 ] 2.6013e-01
 3.207e+01 8.0547e-01 [ 1.2369e-14 1.0358e-09 1.3357e-07 5.6028e-06 4.1426e-07 ] 1.9453e-01
 3.219e+01 8.4199e-01 [ 9.7678e-15 9.5413e-10 1.2884e-07 5.4083e-06 3.8832e-07 ] 1.5801e-01
 3.230e+01 8.5938e-01 [ 7.5777e-15 8.6114e-10 1.2151e-07 5.1052e-06 3.5929e-07 ] 1.4062e-01
 3.241e+01 8.6635e-01 [ 5.8212e-15 7.6882e-10 1.1320e-07 4.7622e-06 3.3099e-07 ] 1.3365e-01
 3.253e+01 8.6820e-01 [ 4.4490e-15 6.8271e-10 1.0478e-07 4.4159e-06 3.0492e-07 ] 1.3180e-01
 3.264e+01 8.6768e-01 [ 3.3909e-15 6.0463e-10 9.6661e-08 4.0829e-06 2.8135e-07 ] 1.3232e-01
 3.275e+01 8.6611e-01 [ 2.5804e-15 5.3475e-10 8.8986e-08 3.7695e-06 2.6007e-07 ] 1.3389e-01
 3.287e+01 8.6412e-01 [ 1.9615e-15 4.7257e-10 8.1807e-08 3.4776e-06 2.4077e-07 ] 1.3588e-01
 3.298e+01 8.6202e-01 [ 1.4899e-15 4.1741e-10 7.5129e-08 3.2072e-06 2.2316e-07 ] 1.3798e-01
 3.309e+01 8.5993e-01 [ 1.1309e-15 3.6853e-10 6.8935e-08 2.9572e-06 2.0699e-07 ] 1.4007e-01
 3.321e+01 8.5793e-01 [ 8.5800e-16 3.2525e-10 6.3202e-08 2.7264e-06 1.9208e-07 ] 1.4207e-01
 3.332e+01 8.5604e-01 [ 6.5059e-16 2.8695e-10 5.7902e-08 2.5134e-06 1.7829e-07 ] 1.4396e-01
 3.343e+01 8.5428e-01 [ 4.9308e-16 2.5306e-10 5.3008e-08 2.3170e-06 1.6550e-07 ] 1.4572e-01
 3.355e+01 8.5264e-01 [ 3.7353e-16 2.2308e-10 4.8493e-08 2.1359e-06 1.5363e-07 ] 1.4736e-01
 3.366e+01 8.5112e-01 [ 2.8284e-16 1.9657e-10 4.4333e-08 1.9689e-06 1.4260e-07 ] 1.4887e-01
 3.377e+01 8.4973e-01 [ 2.1408e-16 1.7313e-10 4.0501e-08 1.8148e-06 1.3234e-07 ] 1.5027e-01
 3.389e+01 8.4845e-01 [ 1.6197e-16 1.5241e-10 3.6977e-08 1.6728e-06 1.2281e-07 ] 1.5154e-01
 3.400e+01 8.4729e-01 [ 1.2249e-16 1.3411e-10 3.3736e-08 1.5417e-06 1.1395e-07 ] 1.5271e-01
 3.411e+01 8.4623e-01 [ 9.2600e-17 1.1794e-10 3.0759e-08 1.4209e-06 1.0570e-07 ] 1.5377e-01
 3.423e+01 8.4526e-01 [ 6.9976e-17 1.0366e-10 2.8027e-08 1.3094e-06 9.8042e-08 ] 1.5474e-01
 3.434e+01 8.4439e-01 [ 5.2861e-17 9.1064e-11 2.5521e-08 1.2066e-06 9.0919e-08 ] 1.5561e-01
 3.445e+01 8.4360e-01 [ 3.9917e-17 7.9950e-11 2.3225e-08 1.1117e-06 8.4298e-08 ] 1.5640e-01
 3.457e+01 8.4289e-01 [ 3.0132e-17 7.0151e-11 2.1122e-08 1.0242e-06 7.8146e-08 ] 1.5711e-01
 3.468e+01 8.4225e-01 [ 2.2738e-17 6.1516e-11 1.9197e-08 9.4352e-07 7.2429e-08 ] 1.5775e-01
 3.479e+01 8.4169e-01 [ 1.7152e-17 5.3909e-11 1.7437e-08 8.6908e-07 6.7118e-08 ] 1.5831e-01
 3.491e+01 8.4118e-01 [ 1.2935e-17 4.7214e-11 1.5829e-08 8.0041e-07 6.2184e-08 ] 1.5882e-01
 3.502e+01 8.4073e-01 [ 9.7509e-18 4.1323e-11 1.4361e-08 7.3708e-07 5.7603e-08 ] 1.5927e-01
 3.513e+01 8.4034e-01 [ 7.3483e-18 3.6144e-11 1.3021e-08 6.7867e-07 5.3349e-08 ] 1.5966e-01
 3.525e+01 8.3999e-01 [ 5.5360e-18 3.1593e-11 1.1799e-08 6.2481e-07 4.9399e-08 ] 1.6001e-01
 3.536e+01 8.3969e-01 [ 4.1693e-18 2.7597e-11 1.0686e-08 5.7514e-07 4.5734e-08 ] 1.6031e-01
 3.547e+01 8.3943e-01 [ 3.1390e-18 2.4090e-11 9.6727e-09 5.2935e-07 4.2332e-08 ] 1.6057e-01
 3.559e+01 8.3920e-01 [ 2.3626e-18 2.1014e-11 8.7504e-09 4.8714e-07 3.9176e-08 ] 1.6080e-01
 3.570e+01 8.3901e-01 [ 1.7776e-18 1.8319e-11 7.9118e-09 4.4822e-07 3.6248e-08 ] 1.6099e-01
 3.581e+01 8.3885e-01 [ 1.3371e-18 1.5958e-11 7.1497e-09 4.1235e-07 3.3533e-08 ] 1.6115e-01
 3.593e+01 8.3871e-01 [ 1.0054e-18 1.3892e-11 6.4577e-09 3.7930e-07 3.1015e-08 ] 1.6129e-01
 3.604e+01 8.3860e-01 [ 7.5573e-19 1.2086e-11 5.8296e-09 3.4884e-07 2.8680e-08 ] 1.6140e-01
 3.615e+01 8.3852e-01 [ 5.6789e-19 1.0507e-11 5.2600e-09 3.2078e-07 2.6516e-08 ] 1.6148e-01
 3.627e+01 8.3845e-01 [ 4.2660e-19 9.1277e-12 4.7437e-09 2.9493e-07 2.4511e-08 ] 1.6155e-01
 3.638e+01 8.3840e-01 [ 3.2035e-19 7.9243e-12 4.2760e-09 2.7112e-07 2.2653e-08 ] 1.6160e-01
 3.649e+01 8.3836e-01 [ 2.4048e-19 6.8750e-12 3.8526e-09 2.4920e-07 2.0932e-08 ] 1.6164e-01
 3.661e+01 8.3835e-01 [ 1.8046e-19 5.9605e-12 3.4695e-09 2.2901e-07 1.9338e-08 ] 1.6165e-01
 3.672e+01 8.3834e-01 [ 1.3538e-19 5.1642e-12 3.1231e-09 2.1043e-07 1.7863e-08 ] 1.6166e-01
 3.683e+01 8.3835e-01 [ 1.0152e-19 4.4713e-12 2.8101e-09 1.9332e-07 1.6496e-08 ] 1.6165e-01
 3.695e+01 8.3836e-01 [ 7.6097e-20 3.8687e-12 2.5273e-09 1.7758e-07 1.5231e-08 ] 1.6164e-01
 3.706e+01 8.3839e-01 [ 5.7021e-20 3.3452e-12 2.2720e-09 1.6309e-07 1.4061e-08 ] 1.6161e-01
 3.717e+01 8.3842e-01 [ 4.2711e-20 2.8906e-12 2.0417e-09 1.4977e-07 1.2978e-08 ] 1.6158e-01
 3.729e+01 8.3847e-01 [ 3.1979e-20 2.4961e-12 1.8340e-09 1.3751e-07 1.1977e-08 ] 1.6153e-01
 3.740e+01 8.3851e-01 [ 2.3934e-20 2.1541e-12 1.6468e-09 1.2623e-07 1.1050e-08 ] 1.6149e-01
 3.751e+01 8.3857e-01 [ 1.7905e-20 1.8577e-12 1.4782e-09 1.1587e-07 1.0194e-08 ] 1.6143e-01
 3.763e+01 8.3863e-01 [ 1.3389e-20 1.6011e-12 1.3263e-09 1.0633e-07 9.4017e-09 ] 1.6137e-01
 3.774e+01 8.3869e-01 [ 1.0008e-20 1.3791e-12 1.1896e-09 9.7572e-08 8.6698e-09 ] 1.6131e-01
 3.785e+01 8.3876e-01 [ 7.4772e-21 1.1871e-12 1.0666e-09 8.9519e-08 7.9934e-09 ] 1.6124e-01
 3.797e+01 8.3883e-01 [ 5.5838e-21 1.0212e-12 9.5605e-10 8.2118e-08 7.3684e-09 ] 1.6117e-01
 3.808e+01 8.3890e-01 [ 4.1679e-21 8.7797e-13 8.5665e-10 7.5319e-08 6.7912e-09 ] 1.6110e-01
 3.819e+01 8.3898e-01 [ 3.1095e-21 7.5436e-13 7.6734e-10 6.9072e-08 6.2580e-09 ] 1.6102e-01
 3.831e+01 8.3906e-01 [ 2.3187e-21 6.4776e-13 6.8713e-10 6.3334e-08 5.7657e-09 ] 1.6094e-01
 3.842e+01 8.3914e-01 [ 1.7281e-21 5.5590e-13 6.1512e-10 5.8065e-08 5.3112e-09 ] 1.6086e-01
 3.853e+01 8.3922e-01 [ 1.2873e-21 4.7678e-13 5.5050e-10 5.3227e-08 4.8916e-09 ] 1.6078e-01
 3.865e+01 8.3931e-01 [ 9.5844e-22 4.0869e-13 4.9253e-10 4.8785e-08 4.5045e-09 ] 1.6069e-01
 3.876e+01 8.3939e-01 [ 7.1319e-22 3.5013e-13 4.4054e-10 4.4707e-08 4.1472e-09 ] 1.6061e-01
 3.887e+01 8.3948e-01 [ 5.3041e-22 2.9978e-13 3.9393e-10 4.0964e-08 3.8177e-09 ] 1.6052e-01
 3.899e+01 8.3957e-01 [ 3.9425e-22 2.5654e-13 3.5217e-10 3.7530e-08 3.5137e-09 ] 1.6043e-01
 3.910e+01 8.3965e-01 [ 2.9287e-22 2.1941e-13 3.1475e-10 3.4379e-08 3.2334e-09 ] 1.6035e-01
 3.921e+01 8.3974e-01 [ 2.1744e-22 1.8755e-13 2.8124e-10 3.1488e-08 2.9750e-09 ] 1.6026e-01
 3.933e+01 8.3983e-01 [ 1.6134e-22 1.6023e-13 2.5124e-10 2.8837e-08 2.7368e-09 ] 1.6017e-01
 3.944e+01 8.3992e-01 [ 1.1964e-22 1.3682e-13 2.2439e-10 2.6405e-08 2.5172e-09 ] 1.6008e-01
 3.955e+01 8.4001e-01 [ 8.8663e-23 1.1677e-13 2.0037e-10 2.4175e-08 2.3149e-09 ] 1.5999e-01
 3.967e+01 8.4009e-01 [ 6.5667e-23 9.9605e-14 1.7888e-10 2.2130e-08 2.1284e-09 ] 1.5991e-01
 3.978e+01 8.4018e-01 [ 4.8605e-23 8.4921e-14 1.5966e-10 2.0256e-08 1.9567e-09 ] 1.5982e-01
 3.989e+01 8.4027e-01 [ 3.5953e-23 7.2366e-14 1.4248e-10 1.8538e-08 1.7986e-09 ] 1.5973e-01
 4.001e+01 8.4036e-01 [ 2.6577e-23 6.1636e-14 1.2712e-10 1.6963e-08 1.6529e-09 ] 1.5964e-01
 4.012e+01 8.4045e-01 [ 1.9634e-23 5.2472e-14 1.1339e-10 1.5521e-08 1.5188e-09 ] 1.5955e-01
 4.023e+01 8.4053e-01 [ 1.4495e-23 4.4650e-14 1.0113e-10 1.4199e-08 1.3954e-09 ] 1.5947e-01
 4.035e+01 8.4062e-01 [ 1.0694e-23 3.7975e-14 9.0182e-11 1.2988e-08 1.2818e-09 ] 1.5938e-01
 4.046e+01 8.4071e-01 [ 7.8846e-24 3.2284e-14 8.0403e-11 1.1879e-08 1.1773e-09 ] 1.5929e-01
 4.057e+01 8.4079e-01 [ 5.8093e-24 2.7433e-14 7.1673e-11 1.0863e-08 1.0811e-09 ] 1.5921e-01
 4.069e+01 8.4088e-01 [ 4.2773e-24 2.3300e-14 6.3880e-11 9.9326e-09 9.9261e-10 ] 1.5912e-01
 4.080e+01 8.4096e-01 [ 3.1472e-24 1.9781e-14 5.6925e-11 9.0809e-09 9.1123e-10 ] 1.5904e-01
 4.091e+01 8.4105e-01 [ 2.3141e-24 1.6787e-14 5.0720e-11 8.3013e-09 8.3640e-10 ] 1.5895e-01
 4.103e+01 8.4113e-01 [ 1.7003e-24 1.4239e-14 4.5184e-11 7.5877e-09 7.6760e-10 ] 1.5887e-01
 4.114e+01 8.4121e-01 [ 1.2485e-24 1.2073e-14 4.0246e-11 6.9345e-09 7.0435e-10 ] 1.5879e-01
 4.125e+01 8.4129e-01 [ 9.1611e-25 1.0233e-14 3.5843e-11 6.3368e-09 6.4622e-10 ] 1.5871e-01
 4.137e+01 8.4138e-01 [ 6.7173e-25 8.6692e-15 3.1917e-11 5.7900e-09 5.9280e-10 ] 1.5862e-01
 4.148e+01 8.4146e-01 [ 4.9220e-25 7.3416e-15 2.8417e-11 5.2897e-09 5.4371e-10 ] 1.5854e-01
 4.159e+01 8.4154e-01 [ 3.6040e-25 6.2149e-15 2.5298e-11 4.8320e-09 4.9862e-10 ] 1.5846e-01
 4.171e+01 8.4162e-01 [ 2.6371e-25 5.2590e-15 2.2518e-11 4.4135e-09 4.5720e-10 ] 1.5838e-01
 4.182e+01 8.4170e-01 [ 1.9282e-25 4.4485e-15 2.0040e-11 4.0307e-09 4.1916e-10 ] 1.5830e-01
 4.193e+01 8.4178e-01 [ 1.4089e-25 3.7615e-15 1.7833e-11 3.6807e-09 3.8422e-10 ] 1.5822e-01
 4.205e+01 8.4186e-01 [ 1.0287e-25 3.1794e-15 1.5867e-11 3.3607e-09 3.5215e-10 ] 1.5814e-01
 4.216e+01 8.4194e-01 [ 7.5063e-26 2.6865e-15 1.4116e-11 3.0682e-09 3.2271e-10 ] 1.5806e-01
 4.227e+01 8.4201e-01 [ 5.4731e-26 2.2691e-15 1.2557e-11 2.8008e-09 2.9570e-10 ] 1.5799e-01
 4.239e+01 8.4209e-01 [ 3.9879e-26 1.9159e-15 1.1168e-11 2.5564e-09 2.7090e-10 ] 1.5791e-01
 4.250e+01 8.4217e-01 [ 2.9036e-26 1.6172e-15 9.9316e-12 2.3331e-09 2.4815e-10 ] 1.5783e-01
 4.261e+01 8.4225e-01 [ 2.1127e-26 1.3646e-15 8.8310e-12 2.1291e-09 2.2728e-10 ] 1.5775e-01
 4.273e+01 8.4232e-01 [ 1.5361e-26 1.1510e-15 7.8514e-12 1.9427e-09 2.0813e-10 ] 1.5768e-01
 4.284e+01 8.4240e-01 [ 1.1161e-26 9.7056e-16 6.9796e-12 1.7724e-09 1.9058e-10 ] 1.5760e-01
 4.295e+01 8.4248e-01 [ 8.1041e-27 8.1814e-16 6.2037e-12 1.6169e-09 1.7448e-10 ] 1.5752e-01
 4.307e+01 8.4255e-01 [ 5.8802e-27 6.8943e-16 5.5134e-12 1.4749e-09 1.5972e-10 ] 1.5745e-01
 4.318e+01 8.4263e-01 [ 4.2636e-27 5.8080e-16 4.8993e-12 1.3452e-09 1.4618e-10 ] 1.5737e-01
 4.329e+01 8.4270e-01 [ 3.0893e-27 4.8913e-16 4.3530e-12 1.2268e-09 1.3378e-10 ] 1.5730e-01
 4.341e+01 8.4278e-01 [ 2.2370e-27 4.1181e-16 3.8671e-12 1.1186e-09 1.2242e-10 ] 1.5722e-01
 4.352e+01 8.4286e-01 [ 1.6187e-27 3.4660e-16 3.4350e-12 1.0200e-09 1.1200e-10 ] 1.5714e-01
 4.363e+01 8.4294e-01 [ 1.1705e-27 2.9164e-16 3.0507e-12 9.2989e-10 1.0246e-10 ] 1.5706e-01
 4.375e+01 8.4301e-01 [ 8.4580e-28 2.4532e-16 2.7091e-12 8.4769e-10 9.3718e-11 ] 1.5699e-01
 4.386e+01 8.4309e-01 [ 6.1078e-28 2.0630e-16 2.4053e-12 7.7268e-10 8.5712e-11 ] 1.5691e-01
 4.397e+01 8.4317e-01 [ 4.4077e-28 1.7343e-16 2.1353e-12 7.0424e-10 7.8381e-11 ] 1.5683e-01
 4.409e+01 8.4325e-01 [ 3.1788e-28 1.4577e-16 1.8954e-12 6.4180e-10 7.1668e-11 ] 1.5675e-01
 4.420e+01 8.4334e-01 [ 2.2910e-28 1.2248e-16 1.6821e-12 5.8484e-10 6.5522e-11 ] 1.5666e-01
 4.431e+01 8.4342e-01 [ 1.6500e-28 1.0288e-16 1.4926e-12 5.3289e-10 5.9895e-11 ] 1.5658e-01
 4.443e+01 8.4351e-01 [ 1.1876e-28 8.6397e-17 1.3242e-12 4.8550e-10 5.4746e-11 ] 1.5649e-01
 4.454e+01 8.4360e-01 [ 8.5428e-29 7.2535e-17 1.1747e-12 4.4230e-10 5.0034e-11 ] 1.5640e-01
 4.465e+01 8.4369e-01 [ 6.1410e-29 6.0881e-17 1.0418e-12 4.0290e-10 4.5722e-11 ] 1.5631e-01
 4.477e+01 8.4378e-01 [ 4.4117e-29 5.1086e-17 9.2382e-13 3.6698e-10 4.1777e-11 ] 1.5622e-01
 4.488e+01 8.4388e-01 [ 3.1674e-29 4.2856e-17 8.1905e-13 3.3423e-10 3.8168e-11 ] 1.5612e-01
 4.499e+01 8.4398e-01 [ 2.2726e-29 3.5942e-17 7.2603e-13 3.0439e-10 3.4867e-11 ] 1.5602e-01
 4.511e+01 8.4409e-01 [ 1.6296e-29 3.0136e-17 6.4344e-13 2.7718e-10 3.1849e-11 ] 1.5591e-01
 4.522e+01 8.4420e-01 [ 1.1678e-29 2.5261e-17 5.7014e-13 2.5239e-10 2.9089e-11 ] 1.5580e-01
 4.533e+01 8.4432e-01 [ 8.3636e-30 2.1169e-17 5.0509e-13 2.2979e-10 2.6565e-11 ] 1.5568e-01
 4.545e+01 8.4444e-01 [ 5.9864e-30 1.7736e-17 4.4737e-13 2.0921e-10 2.4258e-11 ] 1.5556e-01
 4.556e+01 8.4457e-01 [ 4.2823e-30 1.4855e-17 3.9615e-13 1.9045e-10 2.2150e-11 ] 1.5543e-01
 4.567e+01 8.4471e-01 [ 3.0615e-30 1.2440e-17 3.5073e-13 1.7337e-10 2.0223e-11 ] 1.5529e-01
 4.579e+01 8.4486e-01 [ 2.1874e-30 1.0414e-17 3.1044e-13 1.5780e-10 1.8462e-11 ] 1.5514e-01
 4.590e+01 8.4502e-01 [ 1.5620e-30 8.7158e-18 2.7471e-13 1.4363e-10 1.6853e-11 ] 1.5498e-01
 4.601e+01 8.4519e-01 [ 1.1148e-30 7.2927e-18 2.4304e-13 1.3072e-10 1.5383e-11 ] 1.5481e-01
 4.613e+01 8.4537e-01 [ 7.9515e-31 6.1003e-18 2.1497e-13 1.1896e-10 1.4041e-11 ] 1.5463e-01
 4.624e+01 8.4557e-01 [ 5.6685e-31 5.1015e-18 1.9009e-13 1.0826e-10 1.2815e-11 ] 1.5443e-01
 4.635e+01 8.4578e-01 [ 4.0387e-31 4.2651e-18 1.6804e-13 9.8516e-11 1.1696e-11 ] 1.5422e-01
 4.647e+01 8.4601e-01 [ 2.8759e-31 3.5649e-18 1.4852e-13 8.9646e-11 1.0674e-11 ] 1.5399e-01
 4.658e+01 8.4626e-01 [ 2.0468e-31 2.9788e-18 1.3122e-13 8.1573e-11 9.7411e-12 ] 1.5374e-01
 4.669e+01 8.4654e-01 [ 1.4559e-31 2.4883e-18 1.1591e-13 7.4226e-11 8.8898e-12 ] 1.5346e-01
 4.681e+01 8.4683e-01 [ 1.0351e-31 2.0781e-18 1.0236e-13 6.7540e-11 8.1130e-12 ] 1.5317e-01
 4.692e+01 8.4715e-01 [ 7.3549e-32 1.7349e-18 9.0364e-14 6.1457e-11 7.4044e-12 ] 1.5285e-01
 4.703e+01 8.4750e-01 [ 5.2233e-32 1.4480e-18 7.9754e-14 5.5924e-11 6.7581e-12 ] 1.5250e-01
 4.715e+01 8.4789e-01 [ 3.7076e-32 1.2082e-18 7.0370e-14 5.0892e-11 6.1687e-12 ] 1.5211e-01
 4.726e+01 8.4831e-01 [ 2.6303e-32 1.0079e-18 6.2074e-14 4.6316e-11 5.6314e-12 ] 1.5169e-01
 4.737e+01 8.4876e-01 [ 1.8651e-32 8.4046e-19 5.4742e-14 4.2156e-11 5.1418e-12 ] 1.5124e-01
 4.749e+01 8.4926e-01 [ 1.3218e-32 7.0067e-19 4.8265e-14 3.8375e-11 4.6958e-12 ] 1.5074e-01
 4.760e+01 8.4981e-01 [ 9.3631e-33 5.8396e-19 4.2545e-14 3.4940e-11 4.2896e-12 ] 1.5019e-01
 4.771e+01 8.5040e-01 [ 6.6289e-33 4.8656e-19 3.7497e-14 3.1820e-11 3.9200e-12 ] 1.4960e-01
 4.783e+01 8.5105e-01 [ 4.6908e-33 4.0531e-19 3.3044e-14 2.8987e-11 3.5837e-12 ] 1.4895e-01
 4.794e+01 8.5176e-01 [ 3.3176e-33 3.3755e-19 2.9118e-14 2.6416e-11 3.2780e-12 ] 1.4824e-01
 4.805e+01 8.5253e-01 [ 2.3452e-33 2.8108e-19 2.5659e-14 2.4085e-11 3.0003e-12 ] 1.4747e-01
 4.817e+01 8.5337e-01 [ 1.6570e-33 2.3403e-19 2.2614e-14 2.1971e-11 2.7484e-12 ] 1.4663e-01
 4.828e+01 8.5427e-01 [ 1.1702e-33 1.9486e-19 1.9935e-14 2.0057e-11 2.5201e-12 ] 1.4573e-01
 4.839e+01 8.5524e-01 [ 8.2601e-34 1.6227e-19 1.7581e-14 1.8324e-11 2.3137e-12 ] 1.4476e-01
 4.851e+01 8.5627e-01 [ 5.8281e-34 1.3518e-19 1.5515e-14 1.6757e-11 2.1274e-12 ] 1.4373e-01
 4.862e+01 8.5734e-01 [ 4.1107e-34 1.1269e-19 1.3703e-14 1.5341e-11 1.9599e-12 ] 1.4266e-01
 4.873e+01 8.5841e-01 [ 2.8987e-34 9.4024e-20 1.2117e-14 1.4061e-11 1.8098e-12 ] 1.4159e-01
 4.885e+01 8.5936e-01 [ 2.0440e-34 7.8560e-20 1.0728e-14 1.2906e-11 1.6761e-12 ] 1.4064e-01
 4.896e+01 8.6001e-01 [ 1.4417e-34 6.5761e-20 9.5137e-15 1.1860e-11 1.5576e-12 ] 1.3999e-01
 4.907e+01 8.5992e-01 [ 1.0176e-34 5.5169e-20 8.4497e-15 1.0910e-11 1.4532e-12 ] 1.4008e-01
 4.919e+01 8.5825e-01 [ 7.1901e-35 4.6389e-20 7.5123e-15 1.0036e-11 1.3612e-12 ] 1.4175e-01
 4.930e+01 8.5333e-01 [ 5.0863e-35 3.9061e-20 6.6751e-15 9.2154e-12 1.2793e-12 ] 1.4667e-01
 4.941e+01 8.4198e-01 [ 3.5981e-35 3.2843e-20 5.9059e-15 8.4108e-12 1.2030e-12 ] 1.5802e-01
 4.953e+01 8.1884e-01 [ 2.5351e-35 2.7397e-20 5.1655e-15 7.5727e-12 1.1250e-12 ] 1.8116e-01
 4.964e+01 7.7651e-01 [ 1.7635e-35 2.2415e-20 4.4127e-15 6.6441e-12 1.0353e-12 ] 2.2349e-01
 4.975e+01 7.0865e-01 [ 1.1951e-35 1.7707e-20 3.6238e-15 5.5913e-12 9.2444e-13 ] 2.9135e-01
 4.987e+01 6.1585e-01 [ 7.7777e-36 1.3300e-20 2.8181e-15 4.4466e-12 7.9071e-13 ] 3.8415e-01
 4.998e+01 5.0852e-01 [ 4.8160e-36 9.4114e-21 2.0569e-15 3.3134e-12 6.4353e-13 ] 4.9148e-01
 5.009e+01 4.0195e-01 [ 2.8296e-36 6.2603e-21 1.4068e-15 2.3101e-12 4.9847e-13 ] 5.9805e-01
 5.021e+01 3.0824e-01 [ 1.5791e-36 3.9196e-21 9.0298e-16 1.5096e-12 3.6840e-13 ] 6.9176e-01
 5.032e+01 2.3245e-01 [ 8.3611e-37 2.3061e-21 5.4312e-16 9.2301e-13 2.5941e-13 ] 7.6755e-01
 5.043e+01 1.7358e-01 [ 4.1567e-37 1.2595e-21 3.0234e-16 5.2136e-13 1.7185e-13 ] 8.2642e-01
 5.055e+01 1.2727e-01 [ 1.8773e-37 6.1607e-22 1.5021e-16 2.6221e-13 1.0348e-13 ] 8.7273e-01
 5.066e+01 8.7683e-02 [ 7.0204e-38 2.4500e-22 6.0439e-17 1.0649e-13 5.1974e-14 ] 9.1232e-01
 5.077e+01 4.3155e-02 [ 1.5668e-38 5.6860e-23 1.4130e-17 2.5055e-14 1.6684e-14 ] 9.5685e-01
 5.089e+01 0.0000e+00 [ 0.0000e+00 0.0000e+00 0.0000e+00 0.0000e+00 0.0000e+00 ] 1.0000e+00
