 0.000e+00  0.000e+00  0.000e+00 1.4305e-01 1.4305e-01 [ 1.4305e-01 ] 8.5695e-01
 0.000e+00  0.000e+00  2.500e-01 2.1554e-01 2.1554e-01 [ 2.1554e-01 ] 7.8446e-01
 0.000e+00  0.000e+00  5.000e-01 2.7306e-01 2.7306e-01 [ 2.7306e-01 ] 7.2694e-01
 0.000e+00  0.000e+00  7.500e-01 3.0820e-01 3.0820e-01 [ 3.0820e-01 ] 6.9180e-01
 0.000e+00  0.000e+00  1.000e+00 3.2392e-01 3.2392e-01 [ 3.2392e-01 ] 6.7608e-01
 0.000e+00  0.000e+00  1.250e+00 3.2750e-01 3.2750e-01 [ 3.2750e-01 ] 6.7250e-01
 0.000e+00  0.000e+00  1.500e+00 3.2617e-01 3.2617e-01 [ 3.2617e-01 ] 6.7383e-01
 0.000e+00  0.000e+00  1.750e+00 3.2480e-01 3.2480e-01 [ 3.2480e-01 ] 6.7520e-01
 0.000e+00  0.000e+00  2.000e+00 3.2513e-01 3.2513e-01 [ 3.2513e-01 ] 6.7487e-01
 0.000e+00  0.000e+00  2.250e+00 3.2656e-01 3.2656e-01 [ 3.2656e-01 ] 6.7344e-01
 0.000e+00  0.000e+00  2.500e+00 3.2828e-01 3.2828e-01 [ 3.2828e-01 ] 6.7172e-01
 0.000e+00  0.000e+00  2.750e+00 3.2957e-01 3.2957e-01 [ 3.2957e-01 ] 6.7043e-01
 0.000e+00  0.000e+00  3.000e+00 3.3016e-01 3.3016e-01 [ 3.3016e-01 ] 6.6984e-01
 0.000e+00  0.000e+00  3.250e+00 3.3010e-01 3.3010e-01 [ 3.3010e-01 ] 6.6990e-01
 0.000e+00  0.000e+00  3.500e+00 3.2964e-01 3.2964e-01 [ 3.2964e-01 ] 6.7036e-01
 0.000e+00  0.000e+00  3.750e+00 3.2899e-01 3.2899e-01 [ 3.2899e-01 ] 6.7101e-01
 0.000e+00  0.000e+00  4.000e+00 3.2829e-01 3.2829e-01 [ 3.2829e-01 ] 6.7171e-01
 0.000e+00  0.000e+00  4.250e+00 3.2759e-01 3.2759e-01 [ 3.2759e-01 ] 6.7241e-01
 0.000e+00  0.000e+00  4.500e+00 3.2691e-01 3.2691e-01 [ 3.2691e-01 ] 6.7309e-01
 0.000e+00  0.000e+00  4.750e+00 3.2622e-01 3.2622e-01 [ 3.2622e-01 ] 6.7378e-01
 0.000e+00  0.000e+00  5.000e+00 3.2552e-01 3.2552e-01 [ 3.2552e-01 ] 6.7448e-01
 0.000e+00  0.000e+00  5.250e+00 3.2481e-01 3.2481e-01 [ 3.2481e-01 ] 6.7519e-01
 0.000e+00  0.000e+00  5.500e+00 3.2406e-01 3.2406e-01 [ 3.2406e-01 ] 6.7594e-01
 0.000e+00  0.000e+00  5.750e+00 3.2329e-01 3.2329e-01 [ 3.2329e-01 ] 6.7671e-01
 0.000e+00  0.000e+00  6.000e+00 3.2249e-01 3.2249e-01 [ 3.2249e-01 ] 6.7751e-01
 0.000e+00  0.000e+00  6.250e+00 3.2166e-01 3.2166e-01 [ 3.2166e-01 ] 6.7834e-01
 0.000e+00  0.000e+00  6.500e+00 3.2081e-01 3.2081e-01 [ 3.2081e-01 ] 6.7919e-01
 0.000e+00  0.000e+00  6.750e+00 3.1994e-01 3.1994e-01 [ 3.1994e-01 ] 6.8006e-01
 0.000e+00  0.000e+00  7.000e+00 3.1904e-01 3.1904e-01 [ 3.1904e-01 ] 6.8096e-01
 0.000e+00  0.000e+00  7.250e+00 3.1812e-01 3.1812e-01 [ 3.1812e-01 ] 6.8188e-01
 0.000e+00  0.000e+00  7.500e+00 3.1718e-01 3.1718e-01 [ 3.1718e-01 ] 6.8282e-01
 0.000e+00  0.000e+00  7.750e+00 3.1622e-01 3.1622e-01 [ 3.1622e-01 ] 6.8378e-01
 0.000e+00  0.000e+00  8.000e+00 3.1524e-01 3.1524e-01 [ 3.1524e-01 ] 6.8476e-01
 0.000e+00  0.000e+00  8.250e+00 3.1424e-01 3.1424e-01 [ 3.1424e-01 ] 6.8576e-01
 0.000e+00  0.000e+00  8.500e+00 3.1322e-01 3.1322e-01 [ 3.1322e-01 ] 6.8678e-01
 0.000e+00  0.000e+00  8.750e+00 3.1217e-01 3.1217e-01 [ 3.1217e-01 ] 6.8783e-01
 0.000e+00  0.000e+00  9.000e+00 3.1110e-01 3.1110e-01 [ 3.1110e-01 ] 6.8890e-01
 0.000e+00  0.000e+00  9.250e+00 3.1001e-01 3.1001e-01 [ 3.1001e-01 ] 6.8999e-01
 0.000e+00  0.000e+00  9.500e+00 3.0890e-01 3.0890e-01 [ 3.0890e-01 ] 6.9110e-01
 0.000e+00  0.000e+00  9.750e+00 3.0777e-01 3.0777e-01 [ 3.0777e-01 ] 6.9223e-01
 0.000e+00  0.000e+00  1.000e+01 3.0661e-01 3.0661e-01 [ 3.0661e-01 ] 6.9339e-01
 0.000e+00  0.000e+00  1.025e+01 3.0543e-01 3.0543e-01 [ 3.0543e-01 ] 6.9457e-01
 0.000e+00  0.000e+00  1.050e+01 3.0423e-01 3.0423e-01 [ 3.0423e-01 ] 6.9577e-01
 0.000e+00  0.000e+00  1.075e+01 3.0300e-01 3.0300e-01 [ 3.0300e-01 ] 6.9700e-01
 0.000e+00  0.000e+00  1.100e+01 3.0175e-01 3.0175e-01 [ 3.0175e-01 ] 6.9825e-01
 0.000e+00  0.000e+00  1.125e+01 3.0047e-01 3.0047e-01 [ 3.0047e-01 ] 6.9953e-01
 0.000e+00  0.000e+00  1.150e+01 2.9917e-01 2.9917e-01 [ 2.9917e-01 ] 7.0083e-01
 0.000e+00  0.000e+00  1.175e+01 2.9785e-01 2.9785e-01 [ 2.9785e-01 ] 7.0215e-01
 0.000e+00  0.000e+00  1.200e+01 2.9650e-01 2.9650e-01 [ 2.9650e-01 ] 7.0350e-01
 0.000e+00  0.000e+00  1.225e+01 2.9512e-01 2.9512e-01 [ 2.9512e-01 ] 7.0488e-01
 0.000e+00  0.000e+00  1.250e+01 2.9372e-01 2.9372e-01 [ 2.9372e-01 ] 7.0628e-01
 0.000e+00  0.000e+00  1.275e+01 2.9230e-01 2.9230e-01 [ 2.9230e-01 ] 7.0770e-01
 0.000e+00  0.000e+00  1.300e+01 2.9085e-01 2.9085e-01 [ 2.9085e-01 ] 7.0915e-01
 0.000e+00  0.000e+00  1.325e+01 2.8937e-01 2.8937e-01 [ 2.8937e-01 ] 7.1063e-01
 0.000e+00  0.000e+00  1.350e+01 2.8787e-01 2.8787e-01 [ 2.8787e-01 ] 7.1213e-01
 0.000e+00  0.000e+00  1.375e+01 2.8634e-01 2.8634e-01 [ 2.8634e-01 ] 7.1366e-01
 0.000e+00  0.000e+00  1.400e+01 2.8478e-01 2.8478e-01 [ 2.8478e-01 ] 7.1522e-01
 0.000e+00  0.000e+00  1.425e+01 2.8320e-01 2.8320e-01 [ 2.8320e-01 ] 7.1680e-01
 0.000e+00  0.000e+00  1.450e+01 2.8159e-01 2.8159e-01 [ 2.8159e-01 ] 7.1841e-01
 0.000e+00  0.000e+00  1.475e+01 2.7995e-01 2.7995e-01 [ 2.7995e-01 ] 7.2005e-01
 0.000e+00  0.000e+00  1.500e+01 2.7829e-01 2.7829e-01 [ 2.7829e-01 ] 7.2171e-01
 0.000e+00  0.000e+00  1.525e+01 2.7660e-01 2.7660e-01 [ 2.7660e-01 ] 7.2340e-01
 0.000e+00  0.000e+00  1.550e+01 2.7488e-01 2.7488e-01 [ 2.7488e-01 ] 7.2512e-01
 0.000e+00  0.000e+00  1.575e+01 2.7314e-01 2.7314e-01 [ 2.7314e-01 ] 7.2686e-01
 0.000e+00  0.000e+00  1.600e+01 2.7136e-01 2.7136e-01 [ 2.7136e-01 ] 7.2864e-01
 0.000e+00  0.000e+00  1.625e+01 2.6956e-01 2.6956e-01 [ 2.6956e-01 ] 7.3044e-01
 0.000e+00  0.000e+00  1.650e+01 2.6774e-01 2.6774e-01 [ 2.6774e-01 ] 7.3226e-01
 0.000e+00  0.000e+00  1.675e+01 2.6588e-01 2.6588e-01 [ 2.6588e-01 ] 7.3412e-01
 0.000e+00  0.000e+00  1.700e+01 2.6400e-01 2.6400e-01 [ 2.6400e-01 ] 7.3600e-01
 0.000e+00  0.000e+00  1.725e+01 2.6209e-01 2.6209e-01 [ 2.6209e-01 ] 7.3791e-01
 0.000e+00  0.000e+00  1.750e+01 2.6015e-01 2.6015e-01 [ 2.6015e-01 ] 7.3985e-01
 0.000e+00  0.000e+00  1.775e+01 2.5818e-01 2.5818e-01 [ 2.5818e-01 ] 7.4182e-01
 0.000e+00  0.000e+00  1.800e+01 2.5618e-01 2.5618e-01 [ 2.5618e-01 ] 7.4382e-01
 0.000e+00  0.000e+00  1.825e+01 2.5416e-01 2.5416e-01 [ 2.5416e-01 ] 7.4584e-01
 0.000e+00  0.000e+00  1.850e+01 2.5210e-01 2.5210e-01 [ 2.5210e-01 ] 7.4790e-01
 0.000e+00  0.000e+00  1.875e+01 2.5002e-01 2.5002e-01 [ 2.5002e-01 ] 7.4998e-01
 0.000e+00  0.000e+00  1.900e+01 2.4791e-01 2.4791e-01 [ 2.4791e-01 ] 7.5209e-01
 0.000e+00  0.000e+00  1.925e+01 2.4577e-01 2.4577e-01 [ 2.4577e-01 ] 7.5423e-01
 0.000e+00  0.000e+00  1.950e+01 2.4360e-01 2.4360e-01 [ 2.4360e-01 ] 7.5640e-01
 0.000e+00  0.000e+00  1.975e+01 2.4140e-01 2.4140e-01 [ 2.4140e-01 ] 7.5860e-01
 0.000e+00  0.000e+00  2.000e+01 2.3917e-01 2.3917e-01 [ 2.3917e-01 ] 7.6083e-01
 0.000e+00  0.000e+00  2.025e+01 2.3692e-01 2.3692e-01 [ 2.3692e-01 ] 7.6308e-01
 0.000e+00  0.000e+00  2.050e+01 2.3463e-01 2.3463e-01 [ 2.3463e-01 ] 7.6537e-01
 0.000e+00  0.000e+00  2.075e+01 2.3231e-01 2.3231e-01 [ 2.3231e-01 ] 7.6769e-01
 0.000e+00  0.000e+00  2.100e+01 2.2997e-01 2.2997e-01 [ 2.2997e-01 ] 7.7003e-01
 0.000e+00  0.000e+00  2.125e+01 2.2759e-01 2.2759e-01 [ 2.2759e-01 ] 7.7241e-01
 0.000e+00  0.000e+00  2.150e+01 2.2518e-01 2.2518e-01 [ 2.2518e-01 ] 7.7482e-01
 0.000e+00  0.000e+00  2.175e+01 2.2275e-01 2.2275e-01 [ 2.2275e-01 ] 7.7725e-01
 0.000e+00  0.000e+00  2.200e+01 2.2028e-01 2.2028e-01 [ 2.2028e-01 ] 7.7972e-01
 0.000e+00  0.000e+00  2.225e+01 2.1779e-01 2.1779e-01 [ 2.1779e-01 ] 7.8221e-01
 0.000e+00  0.000e+00  2.250e+01 2.1526e-01 2.1526e-01 [ 2.1526e-01 ] 7.8474e-01
 0.000e+00  0.000e+00  2.275e+01 2.1270e-01 2.1270e-01 [ 2.1270e-01 ] 7.8730e-01
 0.000e+00  0.000e+00  2.300e+01 2.1012e-01 2.1012e-01 [ 2.1012e-01 ] 7.8988e-01
 0.000e+00  0.000e+00  2.325e+01 2.0750e-01 2.0750e-01 [ 2.0750e-01 ] 7.9250e-01
 0.000e+00  0.000e+00  2.350e+01 2.0485e-01 2.0485e-01 [ 2.0485e-01 ] 7.9515e-01
 0.000e+00  0.000e+00  2.375e+01 2.0217e-01 2.0217e-01 [ 2.0217e-01 ] 7.9783e-01
 0.000e+00  0.000e+00  2.400e+01 1.9946e-01 1.9946e-01 [ 1.9946e-01 ] 8.0054e-01
 0.000e+00  0.000e+00  2.425e+01 1.9672e-01 1.9672e-01 [ 1.9672e-01 ] 8.0328e-01
 0.000e+00  0.000e+00  2.450e+01 1.9394e-01 1.9394e-01 [ 1.9394e-01 ] 8.0606e-01
 0.000e+00  0.000e+00  2.475e+01 1.9114e-01 1.9114e-01 [ 1.9114e-01 ] 8.0886e-01
 0.000e+00  0.000e+00  2.500e+01 1.8831e-01 1.8831e-01 [ 1.8831e-01 ] 8.1169e-01
 0.000e+00  0.000e+00  2.525e+01 1.8544e-01 1.8544e-01 [ 1.8544e-01 ] 8.1456e-01
 0.000e+00  0.000e+00  2.550e+01 1.8254e-01 1.8254e-01 [ 1.8254e-01 ] 8.1746e-01
 0.000e+00  0.000e+00  2.575e+01 1.7961e-01 1.7961e-01 [ 1.7961e-01 ] 8.2039e-01
 0.000e+00  0.000e+00  2.600e+01 1.7665e-01 1.7665e-01 [ 1.7665e-01 ] 8.2335e-01
 0.000e+00  0.000e+00  2.625e+01 1.7366e-01 1.7366e-01 [ 1.7366e-01 ] 8.2634e-01
 0.000e+00  0.000e+00  2.650e+01 1.7064e-01 1.7064e-01 [ 1.7064e-01 ] 8.2936e-01
 0.000e+00  0.000e+00  2.675e+01 1.6758e-01 1.6758e-01 [ 1.6758e-01 ] 8.3242e-01
 0.000e+00  0.000e+00  2.700e+01 1.6450e-01 1.6450e-01 [ 1.6450e-01 ] 8.3550e-01
 0.000e+00  0.000e+00  2.725e+01 1.6138e-01 1.6138e-01 [ 1.6138e-01 ] 8.3862e-01
 0.000e+00  0.000e+00  2.750e+01 1.5823e-01 1.5823e-01 [ 1.5823e-01 ] 8.4177e-01
 0.000e+00  0.000e+00  2.775e+01 1.5505e-01 1.5505e-01 [ 1.5505e-01 ] 8.4495e-01
 0.000e+00  0.000e+00  2.800e+01 1.5184e-01 1.5184e-01 [ 1.5184e-01 ] 8.4816e-01
 0.000e+00  0.000e+00  2.825e+01 1.4860e-01 1.4860e-01 [ 1.4860e-01 ] 8.5140e-01
 0.000e+00  0.000e+00  2.850e+01 1.4532e-01 1.4532e-01 [ 1.4532e-01 ] 8.5468e-01
 0.000e+00  0.000e+00  2.875e+01 1.4202e-01 1.4202e-01 [ 1.4202e-01 ] 8.5798e-01
 0.000e+00  0.000e+00  2.900e+01 1.3869e-01 1.3869e-01 [ 1.3869e-01 ] 8.6131e-01
 0.000e+00  0.000e+00  2.925e+01 1.3532e-01 1.3532e-01 [ 1.3532e-01 ] 8.6468e-01
 0.000e+00  0.000e+00  2.950e+01 1.3193e-01 1.3193e-01 [ 1.3193e-01 ] 8.6807e-01
 0.000e+00  0.000e+00  2.975e+01 1.2851e-01 1.2851e-01 [ 1.2851e-01 ] 8.7149e-01
 0.000e+00  0.000e+00  3.000e+01 1.2506e-01 1.2506e-01 [ 1.2506e-01 ] 8.7494e-01
 0.000e+00  0.000e+00  3.025e+01 1.2159e-01 1.2159e-01 [ 1.2159e-01 ] 8.7841e-01
 0.000e+00  0.000e+00  3.050e+01 1.1808e-01 1.1808e-01 [ 1.1808e-01 ] 8.8192e-01
 0.000e+00  0.000e+00  3.075e+01 1.1456e-01 1.1456e-01 [ 1.1456e-01 ] 8.8544e-01
 0.000e+00  0.000e+00  3.100e+01 1.1101e-01 1.1101e-01 [ 1.1101e-01 ] 8.8899e-01
 0.000e+00  0.000e+00  3.125e+01 1.0743e-01 1.0743e-01 [ 1.0743e-01 ] 8.9257e-01
 0.000e+00  0.000e+00  3.150e+01 1.0384e-01 1.0384e-01 [ 1.0384e-01 ] 8.9616e-01
 0.000e+00  0.000e+00  3.175e+01 1.0023e-01 1.0023e-01 [ 1.0023e-01 ] 8.9977e-01
 0.000e+00  0.000e+00  3.200e+01 9.6604e-02 9.6604e-02 [ 9.6604e-02 ] 9.0340e-01
 0.000e+00  0.000e+00  3.225e+01 9.2963e-02 9.2963e-02 [ 9.2963e-02 ] 9.0704e-01
 0.000e+00  0.000e+00  3.250e+01 8.9313e-02 8.9313e-02 [ 8.9313e-02 ] 9.1069e-01
 0.000e+00  0.000e+00  3.275e+01 8.5655e-02 8.5655e-02 [ 8.5655e-02 ] 9.1435e-01
 0.000e+00  0.000e+00  3.300e+01 8.1994e-02 8.1994e-02 [ 8.1994e-02 ] 9.1801e-01
 0.000e+00  0.000e+00  3.325e+01 7.8335e-02 7.8335e-02 [ 7.8335e-02 ] 9.2166e-01
 0.000e+00  0.000e+00  3.350e+01 7.4682e-02 7.4682e-02 [ 7.4682e-02 ] 9.2532e-01
 0.000e+00  0.000e+00  3.375e+01 7.1041e-02 7.1041e-02 [ 7.1041e-02 ] 9.2896e-01
 0.000e+00  0.000e+00  3.400e+01 6.7419e-02 6.7419e-02 [ 6.7419e-02 ] 9.3258e-01
 0.000e+00  0.000e+00  3.425e+01 6.3820e-02 6.3820e-02 [ 6.3820e-02 ] 9.3618e-01
 0.000e+00  0.000e+00  3.450e+01 6.0254e-02 6.0254e-02 [ 6.0254e-02 ] 9.3975e-01
 0.000e+00  0.000e+00  3.475e+01 5.6728e-02 5.6728e-02 [ 5.6728e-02 ] 9.4327e-01
 0.000e+00  0.000e+00  3.500e+01 5.3250e-02 5.3250e-02 [ 5.3250e-02 ] 9.4675e-01
 0.000e+00  0.000e+00  3.525e+01 4.9829e-02 4.9829e-02 [ 4.9829e-02 ] 9.5017e-01
 0.000e+00  0.000e+00  3.550e+01 4.6476e-02 4.6476e-02 [ 4.6476e-02 ] 9.5352e-01
 0.000e+00  0.000e+00  3.575e+01 4.3199e-02 4.3199e-02 [ 4.3199e-02 ] 9.5680e-01
 0.000e+00  0.000e+00  3.600e+01 4.0008e-02 4.0008e-02 [ 4.0008e-02 ] 9.5999e-01
 0.000e+00  0.000e+00  3.625e+01 3.6914e-02 3.6914e-02 [ 3.6914e-02 ] 9.6309e-01
 0.000e+00  0.000e+00  3.650e+01 3.3926e-02 3.3926e-02 [ 3.3926e-02 ] 9.6607e-01
 0.000e+00  0.000e+00  3.675e+01 3.1054e-02 3.1054e-02 [ 3.1054e-02 ] 9.6895e-01
 0.000e+00  0.000e+00  3.700e+01 2.8305e-02 2.8305e-02 [ 2.8305e-02 ] 9.7169e-01
 0.000e+00  0.000e+00  3.725e+01 2.5689e-02 2.5689e-02 [ 2.5689e-02 ] 9.7431e-01
 0.000e+00  0.000e+00  3.750e+01 2.3211e-02 2.3211e-02 [ 2.3211e-02 ] 9.7679e-01
 0.000e+00  0.000e+00  3.775e+01 2.0877e-02 2.0877e-02 [ 2.0877e-02 ] 9.7912e-01
 0.000e+00  0.000e+00  3.800e+01 1.8691e-02 1.8691e-02 [ 1.8691e-02 ] 9.8131e-01
 0.000e+00  0.000e+00  3.825e+01 1.6656e-02 1.6656e-02 [ 1.6656e-02 ] 9.8334e-01
 0.000e+00  0.000e+00  3.850e+01 1.4773e-02 1.4773e-02 [ 1.4773e-02 ] 9.8523e-01
 0.000e+00  0.000e+00  3.875e+01 1.3040e-02 1.3040e-02 [ 1.3040e-02 ] 9.8696e-01
 0.000e+00  0.000e+00  3.900e+01 1.1455e-02 1.1455e-02 [ 1.1455e-02 ] 9.8854e-01
 0.000e+00  0.000e+00  3.925e+01 1.0016e-02 1.0016e-02 [ 1.0016e-02 ] 9.8998e-01
 0.000e+00  0.000e+00  3.950e+01 8.7152e-03 8.7152e-03 [ 8.7152e-03 ] 9.9128e-01
 0.000e+00  0.000e+00  3.975e+01 7.5479e-03 7.5479e-03 [ 7.5479e-03 ] 9.9245e-01
 0.000e+00  0.000e+00  4.000e+01 6.5065e-03 6.5065e-03 [ 6.5065e-03 ] 9.9349e-01
 0.000e+00  0.000e+00  4.025e+01 5.5830e-03 5.5830e-03 [ 5.5830e-03 ] 9.9442e-01
 0.000e+00  0.000e+00  4.050e+01 4.7689e-03 4.7689e-03 [ 4.7689e-03 ] 9.9523e-01
 0.000e+00  0.000e+00  4.075e+01 4.0553e-03 4.0553e-03 [ 4.0553e-03 ] 9.9594e-01
 0.000e+00  0.000e+00  4.100e+01 3.4334e-03 3.4334e-03 [ 3.4334e-03 ] 9.9657e-01
 0.000e+00  0.000e+00  4.125e+01 2.8944e-03 2.8944e-03 [ 2.8944e-03 ] 9.9711e-01
 0.000e+00  0.000e+00  4.150e+01 2.4297e-03 2.4297e-03 [ 2.4297e-03 ] 9.9757e-01
 0.000e+00  0.000e+00  4.175e+01 2.0313e-03 2.0313e-03 [ 2.0313e-03 ] 9.9797e-01
 0.000e+00  0.000e+00  4.200e+01 1.6914e-03 1.6914e-03 [ 1.6914e-03 ] 9.9831e-01
 0.000e+00  0.000e+00  4.225e+01 1.4028e-03 1.4028e-03 [ 1.4028e-03 ] 9.9860e-01
 0.000e+00  0.000e+00  4.250e+01 1.1589e-03 1.1589e-03 [ 1.1589e-03 ] 9.9884e-01
 0.000e+00  0.000e+00  4.275e+01 9.5386e-04 9.5386e-04 [ 9.5386e-04 ] 9.9905e-01
 0.000e+00  0.000e+00  4.300e+01 7.8218e-04 7.8218e-04 [ 7.8218e-04 ] 9.9922e-01
 0.000e+00  0.000e+00  4.325e+01 6.3907e-04 6.3907e-04 [ 6.3907e-04 ] 9.9936e-01
 0.000e+00  0.000e+00  4.350e+01 5.2029e-04 5.2029e-04 [ 5.2029e-04 ] 9.9948e-01
 0.000e+00  0.000e+00  4.375e+01 4.2210e-04 4.2210e-04 [ 4.2210e-04 ] 9.9958e-01
 0.000e+00  0.000e+00  4.400e+01 3.4127e-04 3.4127e-04 [ 3.4127e-04 ] 9.9966e-01
 0.000e+00  0.000e+00  4.425e+01 2.7498e-04 2.7498e-04 [ 2.7498e-04 ] 9.9973e-01
 0.000e+00  0.000e+00  4.450e+01 2.2083e-04 2.2083e-04 [ 2.2083e-04 ] 9.9978e-01
 0.000e+00  0.000e+00  4.475e+01 1.7676e-04 1.7676e-04 [ 1.7676e-04 ] 9.9982e-01
 0.000e+00  0.000e+00  4.500e+01 1.4103e-04 1.4103e-04 [ 1.4103e-04 ] 9.9986e-01
 0.000e+00  0.000e+00  4.525e+01 1.1216e-04 1.1216e-04 [ 1.1216e-04 ] 9.9989e-01
 0.000e+00  0.000e+00  4.550e+01 8.8919e-05 8.8919e-05 [ 8.8919e-05 ] 9.9991e-01
 0.000e+00  0.000e+00  4.575e+01 7.0272e-05 7.0272e-05 [ 7.0272e-05 ] 9.9993e-01
 0.000e+00  0.000e+00  4.600e+01 5.5364e-05 5.5364e-05 [ 5.5364e-05 ] 9.9994e-01
 0.000e+00  0.000e+00  4.625e+01 4.3484e-05 4.3484e-05 [ 4.3484e-05 ] 9.9996e-01
 0.000e+00  0.000e+00  4.650e+01 3.4050e-05 3.4050e-05 [ 3.4050e-05 ] 9.9997e-01
 0.000e+00  0.000e+00  4.675e+01 2.6582e-05 2.6582e-05 [ 2.6582e-05 ] 9.9997e-01
 0.000e+00  0.000e+00  4.700e+01 2.0689e-05 2.0689e-05 [ 2.0689e-05 ] 9.9998e-01
 0.000e+00  0.000e+00  4.725e+01 1.6055e-05 1.6055e-05 [ 1.6055e-05 ] 9.9998e-01
 0.000e+00  0.000e+00  4.750e+01 1.2423e-05 1.2423e-05 [ 1.2423e-05 ] 9.9999e-01
 0.000e+00  0.000e+00  4.775e+01 9.5835e-06 9.5835e-06 [ 9.5835e-06 ] 9.9999e-01
 0.000e+00  0.000e+00  4.800e+01 7.3718e-06 7.3718e-06 [ 7.3718e-06 ] 9.9999e-01
 0.000e+00  0.000e+00  4.825e+01 5.6541e-06 5.6541e-06 [ 5.6541e-06 ] 9.9999e-01
 0.000e+00  0.000e+00  4.850e+01 4.3242e-06 4.3242e-06 [ 4.3242e-06 ] 1.0000e+00
 0.000e+00  0.000e+00  4.875e+01 3.2976e-06 3.2976e-06 [ 3.2976e-06 ] 1.0000e+00
 0.000e+00  0.000e+00  4.900e+01 2.5076e-06 2.5076e-06 [ 2.5076e-06 ] 1.0000e+00
 0.000e+00  0.000e+00  4.925e+01 1.9015e-06 1.9015e-06 [ 1.9015e-06 ] 1.0000e+00
 0.000e+00  0.000e+00  4.950e+01 1.4378e-06 1.4378e-06 [ 1.4378e-06 ] 1.0000e+00
 0.000e+00  0.000e+00  4.975e+01 1.0841e-06 1.0841e-06 [ 1.0841e-06 ] 1.0000e+00
 0.000e+00  0.000e+00  5.000e+01 8.1520e-07 8.1520e-07 [ 8.1520e-07 ] 1.0000e+00
 0.000e+00  0.000e+00  5.025e+01 6.1128e-07 6.1128e-07 [ 6.1128e-07 ] 1.0000e+00
 0.000e+00  0.000e+00  5.050e+01 4.5710e-07 4.5710e-07 [ 4.5710e-07 ] 1.0000e+00
 0.000e+00  0.000e+00  5.075e+01 3.4087e-07 3.4087e-07 [ 3.4087e-07 ] 1.0000e+00
 0.000e+00  0.000e+00  5.100e+01 2.5350e-07 2.5350e-07 [ 2.5350e-07 ] 1.0000e+00
 0.000e+00  0.000e+00  5.125e+01 1.8801e-07 1.8801e-07 [ 1.8801e-07 ] 1.0000e+00
 0.000e+00  0.000e+00  5.150e+01 1.3906e-07 1.3906e-07 [ 1.3906e-07 ] 1.0000e+00
 0.000e+00  0.000e+00  5.175e+01 1.0258e-07 1.0258e-07 [ 1.0258e-07 ] 1.0000e+00
 0.000e+00  0.000e+00  5.200e+01 7.5468e-08 7.5468e-08 [ 7.5468e-08 ] 1.0000e+00
 0.000e+00  0.000e+00  5.225e+01 5.5371e-08 5.5371e-08 [ 5.5371e-08 ] 1.0000e+00
 0.000e+00  0.000e+00  5.250e+01 4.0518e-08 4.0518e-08 [ 4.0518e-08 ] 1.0000e+00
 0.000e+00  0.000e+00  5.275e+01 2.9571e-08 2.9571e-08 [ 2.9571e-08 ] 1.0000e+00
 0.000e+00  0.000e+00  5.300e+01 2.1524e-08 2.1524e-08 [ 2.1524e-08 ] 1.0000e+00
 0.000e+00  0.000e+00  5.325e+01 1.5626e-08 1.5626e-08 [ 1.5626e-08 ] 1.0000e+00
 0.000e+00  0.000e+00  5.350e+01 1.1314e-08 1.1314e-08 [ 1.1314e-08 ] 1.0000e+00
 0.000e+00  0.000e+00  5.375e+01 8.1705e-09 8.1705e-09 [ 8.1705e-09 ] 1.0000e+00
 0.000e+00  0.000e+00  5.400e+01 5.8851e-09 5.8851e-09 [ 5.8851e-09 ] 1.0000e+00
 0.000e+00  0.000e+00  5.425e+01 4.2279e-09 4.2279e-09 [ 4.2279e-09 ] 1.0000e+00
 0.000e+00  0.000e+00  5.450e+01 3.0295e-09 3.0295e-09 [ 3.0295e-09 ] 1.0000e+00
 0.000e+00  0.000e+00  5.475e+01 2.1652e-09 2.1652e-09 [ 2.1652e-09 ] 1.0000e+00
 0.000e+00  0.000e+00  5.500e+01 1.5435e-09 1.5435e-09 [ 1.5435e-09 ] 1.0000e+00
 0.000e+00  0.000e+00  5.525e+01 1.0975e-09 1.0975e-09 [ 1.0975e-09 ] 1.0000e+00
 0.000e+00  0.000e+00  5.550e+01 7.7835e-10 7.7835e-10 [ 7.7835e-10 ] 1.0000e+00
 0.000e+00  0.000e+00  5.575e+01 5.5061e-10 5.5061e-10 [ 5.5061e-10 ] 1.0000e+00
 0.000e+00  0.000e+00  5.600e+01 3.8852e-10 3.8852e-10 [ 3.8852e-10 ] 1.0000e+00
 0.000e+00  0.000e+00  5.625e+01 2.7345e-10 2.7345e-10 [ 2.7345e-10 ] 1.0000e+00
 0.000e+00  0.000e+00  5.650e+01 1.9198e-10 1.9198e-10 [ 1.9198e-10 ] 1.0000e+00
 0.000e+00  0.000e+00  5.675e+01 1.3444e-10 1.3444e-10 [ 1.3444e-10 ] 1.0000e+00
 0.000e+00  0.000e+00  5.700e+01 9.3909e-11 9.3909e-11 [ 9.3909e-11 ] 1.0000e+00
 0.000e+00  0.000e+00  5.725e+01 6.5433e-11 6.5433e-11 [ 6.5433e-11 ] 1.0000e+00
 0.000e+00  0.000e+00  5.750e+01 4.5478e-11 4.5478e-11 [ 4.5478e-11 ] 1.0000e+00
 0.000e+00  0.000e+00  5.775e+01 3.1530e-11 3.1530e-11 [ 3.1530e-11 ] 1.0000e+00
 0.000e+00  0.000e+00  5.800e+01 2.1806e-11 2.1806e-11 [ 2.1806e-11 ] 1.0000e+00
 0.000e+00  0.000e+00  5.825e+01 1.5043e-11 1.5043e-11 [ 1.5043e-11 ] 1.0000e+00
 0.000e+00  0.000e+00  5.850e+01 1.0352e-11 1.0352e-11 [ 1.0352e-11 ] 1.0000e+00
 0.000e+00  0.000e+00  5.875e+01 7.1063e-12 7.1063e-12 [ 7.1063e-12 ] 1.0000e+00
 0.000e+00  0.000e+00  5.900e+01 4.8662e-12 4.8662e-12 [ 4.8662e-12 ] 1.0000e+00
 0.000e+00  0.000e+00  5.925e+01 3.3241e-12 3.3241e-12 [ 3.3241e-12 ] 1.0000e+00
 0.000e+00  0.000e+00  5.950e+01 2.2651e-12 2.2651e-12 [ 2.2651e-12 ] 1.0000e+00
 0.000e+00  0.000e+00  5.975e+01 1.5397e-12 1.5397e-12 [ 1.5397e-12 ] 1.0000e+00
 0.000e+00  0.000e+00  6.000e+01 1.0441e-12 1.0441e-12 [ 1.0441e-12 ] 1.0000e+00
 0.000e+00  0.000e+00  6.025e+01 7.0627e-13 7.0627e-13 [ 7.0627e-13 ] 1.0000e+00
 0.000e+00  0.000e+00  6.050e+01 4.7660e-13 4.7660e-13 [ 4.7660e-13 ] 1.0000e+00
 0.000e+00  0.000e+00  6.075e+01 3.2083e-13 3.2083e-13 [ 3.2083e-13 ] 1.0000e+00
 0.000e+00  0.000e+00  6.100e+01 2.1545e-13 2.1545e-13 [ 2.1545e-13 ] 1.0000e+00
 0.000e+00  0.000e+00  6.125e+01 1.4434e-13 1.4434e-13 [ 1.4434e-13 ] 1.0000e+00
 0.000e+00  0.000e+00  6.150e+01 9.6462e-14 9.6462e-14 [ 9.6462e-14 ] 1.0000e+00
 0.000e+00  0.000e+00  6.175e+01 6.4312e-14 6.4312e-14 [ 6.4312e-14 ] 1.0000e+00
 0.000e+00  0.000e+00  6.200e+01 4.2774e-14 4.2774e-14 [ 4.2774e-14 ] 1.0000e+00
 0.000e+00  0.000e+00  6.225e+01 2.8381e-14 2.8381e-14 [ 2.8381e-14 ] 1.0000e+00
 0.000e+00  0.000e+00  6.250e+01 1.8786e-14 1.8786e-14 [ 1.8786e-14 ] 1.0000e+00
 0.000e+00  0.000e+00  6.275e+01 1.2406e-14 1.2406e-14 [ 1.2406e-14 ] 1.0000e+00
 0.000e+00  0.000e+00  6.300e+01 8.1726e-15 8.1726e-15 [ 8.1726e-15 ] 1.0000e+00
 0.000e+00  0.000e+00  6.325e+01 5.3711e-15 5.3711e-15 [ 5.3711e-15 ] 1.0000e+00
 0.000e+00  0.000e+00  6.350e+01 3.5216e-15 3.5216e-15 [ 3.5216e-15 ] 1.0000e+00
 0.000e+00  0.000e+00  6.375e+01 2.3034e-15 2.3034e-15 [ 2.3034e-15 ] 1.0000e+00
 0.000e+00  0.000e+00  6.400e+01 1.5031e-15 1.5031e-15 [ 1.5031e-15 ] 1.0000e+00
 0.000e+00  0.000e+00  6.425e+01 9.7854e-16 9.7854e-16 [ 9.7854e-16 ] 1.0000e+00
 0.000e+00  0.000e+00  6.450e+01 6.3554e-16 6.3554e-16 [ 6.3554e-16 ] 1.0000e+00
 0.000e+00  0.000e+00  6.475e+01 4.1179e-16 4.1179e-16 [ 4.1179e-16 ] 1.0000e+00
 0.000e+00  0.000e+00  6.500e+01 2.6619e-16 2.6619e-16 [ 2.6619e-16 ] 1.0000e+00
 0.000e+00  0.000e+00  6.525e+01 1.7167e-16 1.7167e-16 [ 1.7167e-16 ] 1.0000e+00
 0.000e+00  0.000e+00  6.550e+01 1.1045e-16 1.1045e-16 [ 1.1045e-16 ] 1.0000e+00
 0.000e+00  0.000e+00  6.575e+01 7.0896e-17 7.0896e-17 [ 7.0896e-17 ] 1.0000e+00
 0.000e+00  0.000e+00  6.600e+01 4.5401e-17 4.5401e-17 [ 4.5401e-17 ] 1.0000e+00
 0.000e+00  0.000e+00  6.625e+01 2.9006e-17 2.9006e-17 [ 2.9006e-17 ] 1.0000e+00
 0.000e+00  0.000e+00  6.650e+01 1.8489e-17 1.8489e-17 [ 1.8489e-17 ] 1.0000e+00
 0.000e+00  0.000e+00  6.675e+01 1.1757e-17 1.1757e-17 [ 1.1757e-17 ] 1.0000e+00
 0.000e+00  0.000e+00  6.700e+01 7.4592e-18 7.4592e-18 [ 7.4592e-18 ] 1.0000e+00
 0.000e+00  0.000e+00  6.725e+01 4.7214e-18 4.7214e-18 [ 4.7214e-18 ] 1.0000e+00
 0.000e+00  0.000e+00  6.750e+01 2.9815e-18 2.9815e-18 [ 2.9815e-18 ] 1.0000e+00
 0.000e+00  0.000e+00  6.775e+01 1.8785e-18 1.8785e-18 [ 1.8785e-18 ] 1.0000e+00
 0.000e+00  0.000e+00  6.800e+01 1.1808e-18 1.1808e-18 [ 1.1808e-18 ] 1.0000e+00
 0.000e+00  0.000e+00  6.825e+01 7.4047e-19 7.4047e-19 [ 7.4047e-19 ] 1.0000e+00
 0.000e+00  0.000e+00  6.850e+01 4.6329e-19 4.6329e-19 [ 4.6329e-19 ] 1.0000e+00
 0.000e+00  0.000e+00  6.875e+01 2.8920e-19 2.8920e-19 [ 2.8920e-19 ] 1.0000e+00
 0.000e+00  0.000e+00  6.900e+01 1.8011e-19 1.8011e-19 [ 1.8011e-19 ] 1.0000e+00
 0.000e+00  0.000e+00  6.925e+01 1.1191e-19 1.1191e-19 [ 1.1191e-19 ] 1.0000e+00
 0.000e+00  0.000e+00  6.950e+01 6.9378e-20 6.9378e-20 [ 6.9378e-20 ] 1.0000e+00
 0.000e+00  0.000e+00  6.975e+01 4.2910e-20 4.2910e-20 [ 4.2910e-20 ] 1.0000e+00
 0.000e+00  0.000e+00  7.000e+01 2.6479e-20 2.6479e-20 [ 2.6479e-20 ] 1.0000e+00
 0.000e+00  0.000e+00  7.025e+01 1.6302e-20 1.6302e-20 [ 1.6302e-20 ] 1.0000e+00
 0.000e+00  0.000e+00  7.050e+01 1.0014e-20 1.0014e-20 [ 1.0014e-20 ] 1.0000e+00
 0.000e+00  0.000e+00  7.075e+01 6.1370e-21 6.1370e-21 [ 6.1370e-21 ] 1.0000e+00
 0.000e+00  0.000e+00  7.100e+01 3.7525e-21 3.7525e-21 [ 3.7525e-21 ] 1.0000e+00
 0.000e+00  0.000e+00  7.125e+01 2.2892e-21 2.2892e-21 [ 2.2892e-21 ] 1.0000e+00
 0.000e+00  0.000e+00  7.150e+01 1.3933e-21 1.3933e-21 [ 1.3933e-21 ] 1.0000e+00
 0.000e+00  0.000e+00  7.175e+01 8.4613e-22 8.4613e-22 [ 8.4613e-22 ] 1.0000e+00
 0.000e+00  0.000e+00  7.200e+01 5.1266e-22 5.1266e-22 [ 5.1266e-22 ] 1.0000e+00
 0.000e+00  0.000e+00  7.225e+01 3.0990e-22 3.0990e-22 [ 3.0990e-22 ] 1.0000e+00
 0.000e+00  0.000e+00  7.250e+01 1.8691e-22 1.8691e-22 [ 1.8691e-22 ] 1.0000e+00
 0.000e+00  0.000e+00  7.275e+01 1.1248e-22 1.1248e-22 [ 1.1248e-22 ] 1.0000e+00
 0.000e+00  0.000e+00  7.300e+01 6.7529e-23 6.7529e-23 [ 6.7529e-23 ] 1.0000e+00
 0.000e+00  0.000e+00  7.325e+01 4.0452e-23 4.0452e-23 [ 4.0452e-23 ] 1.0000e+00
 0.000e+00  0.000e+00  7.350e+01 2.4176e-23 2.4176e-23 [ 2.4176e-23 ] 1.0000e+00
 0.000e+00  0.000e+00  7.375e+01 1.4417e-23 1.4417e-23 [ 1.4417e-23 ] 1.0000e+00
 0.000e+00  0.000e+00  7.400e+01 8.5773e-24 8.5773e-24 [ 8.5773e-24 ] 1.0000e+00
 0.000e+00  0.000e+00  7.425e+01 5.0915e-24 5.0915e-24 [ 5.0915e-24 ] 1.0000e+00
 0.000e+00  0.000e+00  7.450e+01 3.0155e-24 3.0155e-24 [ 3.0155e-24 ] 1.0000e+00
 0.000e+00  0.000e+00  7.475e+01 1.7820e-24 1.7820e-24 [ 1.7820e-24 ] 1.0000e+00
 0.000e+00  0.000e+00  7.500e+01 1.0506e-24 1.0506e-24 [ 1.0506e-24 ] 1.0000e+00
 0.000e+00  0.000e+00  7.525e+01 6.1803e-25 6.1803e-25 [ 6.1803e-25 ] 1.0000e+00
 0.000e+00  0.000e+00  7.550e+01 3.6274e-25 3.6274e-25 [ 3.6274e-25 ] 1.0000e+00
 0.000e+00  0.000e+00  7.575e+01 2.1242e-25 2.1242e-25 [ 2.1242e-25 ] 1.0000e+00
 0.000e+00  0.000e+00  7.600e+01 1.2411e-25 1.2411e-25 [ 1.2411e-25 ] 1.0000e+00
 0.000e+00  0.000e+00  7.625e+01 7.2351e-26 7.2351e-26 [ 7.2351e-26 ] 1.0000e+00
 0.000e+00  0.000e+00  7.650e+01 4.2083e-26 4.2083e-26 [ 4.2083e-26 ] 1.0000e+00
 0.000e+00  0.000e+00  7.675e+01 2.4422e-26 2.4422e-26 [ 2.4422e-26 ] 1.0000e+00
 0.000e+00  0.000e+00  7.700e+01 1.4141e-26 1.4141e-26 [ 1.4141e-26 ] 1.0000e+00
 0.000e+00  0.000e+00  7.725e+01 8.1695e-27 8.1695e-27 [ 8.1695e-27 ] 1.0000e+00
 0.000e+00  0.000e+00  7.750e+01 4.7090e-27 4.7090e-27 [ 4.7090e-27 ] 1.0000e+00
 0.000e+00  0.000e+00  7.775e+01 2.7083e-27 2.7083e-27 [ 2.7083e-27 ] 1.0000e+00
 0.000e+00  0.000e+00  7.800e+01 1.5541e-27 1.5541e-27 [ 1.5541e-27 ] 1.0000e+00
 0.000e+00  0.000e+00  7.825e+01 8.8976e-28 8.8976e-28 [ 8.8976e-28 ] 1.0000e+00
 0.000e+00  0.000e+00  7.850e+01 5.0827e-28 5.0827e-28 [ 5.0827e-28 ] 1.0000e+00
 0.000e+00  0.000e+00  7.875e+01 2.8970e-28 2.8970e-28 [ 2.8970e-28 ] 1.0000e+00
 0.000e+00  0.000e+00  7.900e+01 1.6474e-28 1.6474e-28 [ 1.6474e-28 ] 1.0000e+00
 0.000e+00  0.000e+00  7.925e+01 9.3476e-29 9.3476e-29 [ 9.3476e-29 ] 1.0000e+00
 0.000e+00  0.000e+00  7.950e+01 5.2920e-29 5.2920e-29 [ 5.2920e-29 ] 1.0000e+00
 0.000e+00  0.000e+00  7.975e+01 2.9892e-29 2.9892e-29 [ 2.9892e-29 ] 1.0000e+00
 0.000e+00  0.000e+00  8.000e+01 1.6847e-29 1.6847e-29 [ 1.6847e-29 ] 1.0000e+00
 0.000e+00  0.000e+00  8.025e+01 9.4733e-30 9.4733e-30 [ 9.4733e-30 ] 1.0000e+00
 0.000e+00  0.000e+00  8.050e+01 5.3151e-30 5.3151e-30 [ 5.3151e-30 ] 1.0000e+00
 0.000e+00  0.000e+00  8.075e+01 2.9754e-30 2.9754e-30 [ 2.9754e-30 ] 1.0000e+00
 0.000e+00  0.000e+00  8.100e+01 1.6619e-30 1.6619e-30 [ 1.6619e-30 ] 1.0000e+00
 0.000e+00  0.000e+00  8.125e+01 9.2616e-31 9.2616e-31 [ 9.2616e-31 ] 1.0000e+00
 0.000e+00  0.000e+00  8.150e+01 5.1498e-31 5.1498e-31 [ 5.1498e-31 ] 1.0000e+00
 0.000e+00  0.000e+00  8.175e+01 2.8571e-31 2.8571e-31 [ 2.8571e-31 ] 1.0000e+00
 0.000e+00  0.000e+00  8.200e+01 1.5815e-31 1.5815e-31 [ 1.5815e-31 ] 1.0000e+00
 0.000e+00  0.000e+00  8.225e+01 8.7349e-32 8.7349e-32 [ 8.7349e-32 ] 1.0000e+00
 0.000e+00  0.000e+00  8.250e+01 4.8135e-32 4.8135e-32 [ 4.8135e-32 ] 1.0000e+00
 0.000e+00  0.000e+00  8.275e+01 2.6466e-32 2.6466e-32 [ 2.6466e-32 ] 1.0000e+00
 0.000e+00  0.000e+00  8.300e+01 1.4519e-32 1.4519e-32 [ 1.4519e-32 ] 1.0000e+00
 0.000e+00  0.000e+00  8.325e+01 7.9474e-33 7.9474e-33 [ 7.9474e-33 ] 1.0000e+00
 0.000e+00  0.000e+00  8.350e+01 4.3404e-33 4.3404e-33 [ 4.3404e-33 ] 1.0000e+00
 0.000e+00  0.000e+00  8.375e+01 2.3652e-33 2.3652e-33 [ 2.3652e-33 ] 1.0000e+00
 0.000e+00  0.000e+00  8.400e+01 1.2859e-33 1.2859e-33 [ 1.2859e-33 ] 1.0000e+00
 0.000e+00  0.000e+00  8.425e+01 6.9758e-34 6.9758e-34 [ 6.9758e-34 ] 1.0000e+00
 0.000e+00  0.000e+00  8.450e+01 3.7757e-34 3.7757e-34 [ 3.7757e-34 ] 1.0000e+00
 0.000e+00  0.000e+00  8.475e+01 2.0390e-34 2.0390e-34 [ 2.0390e-34 ] 1.0000e+00
 0.000e+00  0.000e+00  8.500e+01 1.0987e-34 1.0987e-34 [ 1.0987e-34 ] 1.0000e+00
 0.000e+00  0.000e+00  8.525e+01 5.9069e-35 5.9069e-35 [ 5.9069e-35 ] 1.0000e+00
 0.000e+00  0.000e+00  8.550e+01 3.1685e-35 3.1685e-35 [ 3.1685e-35 ] 1.0000e+00
 0.000e+00  0.000e+00  8.575e+01 1.6958e-35 1.6958e-35 [ 1.6958e-35 ] 1.0000e+00
 0.000e+00  0.000e+00  8.600e+01 9.0560e-36 9.0560e-36 [ 9.0560e-36 ] 1.0000e+00
 0.000e+00  0.000e+00  8.625e+01 4.8252e-36 4.8252e-36 [ 4.8252e-36 ] 1.0000e+00
 0.000e+00  0.000e+00  8.650e+01 2.5651e-36 2.5651e-36 [ 2.5651e-36 ] 1.0000e+00
 0.000e+00  0.000e+00  8.675e+01 1.3606e-36 1.3606e-36 [ 1.3606e-36 ] 1.0000e+00
 0.000e+00  0.000e+00  8.700e+01 7.2008e-37 7.2008e-37 [ 7.2008e-37 ] 1.0000e+00
 0.000e+00  0.000e+00  8.725e+01 3.8023e-37 3.8023e-37 [ 3.8023e-37 ] 1.0000e+00
 0.000e+00  0.000e+00  8.750e+01 2.0033e-37 2.0033e-37 [ 2.0033e-37 ] 1.0000e+00
 0.000e+00  0.000e+00  8.775e+01 1.0531e-37 1.0531e-37 [ 1.0531e-37 ] 1.0000e+00
 0.000e+00  0.000e+00  8.800e+01 5.5232e-38 5.5232e-38 [ 5.5232e-38 ] 1.0000e+00
 0.000e+00  0.000e+00  8.825e+01 2.8904e-38 2.8904e-38 [ 2.8904e-38 ] 1.0000e+00
 0.000e+00  0.000e+00  8.850e+01 1.5092e-38 1.5092e-38 [ 1.5092e-38 ] 1.0000e+00
 0.000e+00  0.000e+00  8.875e+01 7.8622e-39 7.8622e-39 [ 7.8622e-39 ] 1.0000e+00
 0.000e+00  0.000e+00  8.900e+01 4.0867e-39 4.0867e-39 [ 4.0867e-39 ] 1.0000e+00
 0.000e+00  0.000e+00  8.925e+01 2.1194e-39 2.1194e-39 [ 2.1194e-39 ] 1.0000e+00
 0.000e+00  0.000e+00  8.950e+01 1.0967e-39 1.0967e-39 [ 1.0967e-39 ] 1.0000e+00
 0.000e+00  0.000e+00  8.975e+01 5.6621e-40 5.6621e-40 [ 5.6621e-40 ] 1.0000e+00
 0.000e+00  0.000e+00  9.000e+01 2.9167e-40 2.9167e-40 [ 2.9167e-40 ] 1.0000e+00
 0.000e+00  0.000e+00  9.025e+01 1.4991e-40 1.4991e-40 [ 1.4991e-40 ] 1.0000e+00
 0.000e+00  0.000e+00  9.050e+01 7.6872e-41 7.6872e-41 [ 7.6872e-41 ] 1.0000e+00
 0.000e+00  0.000e+00  9.075e+01 3.9331e-41 3.9331e-41 [ 3.9331e-41 ] 1.0000e+00
 0.000e+00  0.000e+00  9.100e+01 2.0078e-41 2.0078e-41 [ 2.0078e-41 ] 1.0000e+00
 0.000e+00  0.000e+00  9.125e+01 1.0227e-41 1.0227e-41 [ 1.0227e-41 ] 1.0000e+00
 0.000e+00  0.000e+00  9.150e+01 5.1971e-42 5.1971e-42 [ 5.1971e-42 ] 1.0000e+00
 0.000e+00  0.000e+00  9.175e+01 2.6351e-42 2.6351e-42 [ 2.6351e-42 ] 1.0000e+00
 0.000e+00  0.000e+00  9.200e+01 1.3331e-42 1.3331e-42 [ 1.3331e-42 ] 1.0000e+00
 0.000e+00  0.000e+00  9.225e+01 6.7289e-43 6.7289e-43 [ 6.7289e-43 ] 1.0000e+00
 0.000e+00  0.000e+00  9.250e+01 3.3888e-43 3.3888e-43 [ 3.3888e-43 ] 1.0000e+00
 0.000e+00  0.000e+00  9.275e+01 1.7028e-43 1.7028e-43 [ 1.7028e-43 ] 1.0000e+00
 0.000e+00  0.000e+00  9.300e+01 8.5365e-44 8.5365e-44 [ 8.5365e-44 ] 1.0000e+00
 0.000e+00  0.000e+00  9.325e+01 4.2699e-44 4.2699e-44 [ 4.2699e-44 ] 1.0000e+00
 0.000e+00  0.000e+00  9.350e+01 2.1310e-44 2.1310e-44 [ 2.1310e-44 ] 1.0000e+00
 0.000e+00  0.000e+00  9.375e+01 1.0611e-44 1.0611e-44 [ 1.0611e-44 ] 1.0000e+00
 0.000e+00  0.000e+00  9.400e+01 5.2715e-45 5.2715e-45 [ 5.2715e-45 ] 1.0000e+00
 0.000e+00  0.000e+00  9.425e+01 2.6130e-45 2.6130e-45 [ 2.6130e-45 ] 1.0000e+00
 0.000e+00  0.000e+00  9.450e+01 1.2922e-45 1.2922e-45 [ 1.2922e-45 ] 1.0000e+00
 0.000e+00  0.000e+00  9.475e+01 6.3762e-46 6.3762e-46 [ 6.3762e-46 ] 1.0000e+00
 0.000e+00  0.000e+00  9.500e+01 3.1391e-46 3.1391e-46 [ 3.1391e-46 ] 1.0000e+00
 0.000e+00  0.000e+00  9.525e+01 1.5419e-46 1.5419e-46 [ 1.5419e-46 ] 1.0000e+00
 0.000e+00  0.000e+00  9.550e+01 7.5561e-47 7.5561e-47 [ 7.5561e-47 ] 1.0000e+00
 0.000e+00  0.000e+00  9.575e+01 3.6946e-47 3.6946e-47 [ 3.6946e-47 ] 1.0000e+00
 0.000e+00  0.000e+00  9.600e+01 1.8023e-47 1.8023e-47 [ 1.8023e-47 ] 1.0000e+00
 0.000e+00  0.000e+00  9.625e+01 8.7725e-48 8.7725e-48 [ 8.7725e-48 ] 1.0000e+00
 0.000e+00  0.000e+00  9.650e+01 4.2600e-48 4.2600e-48 [ 4.2600e-48 ] 1.0000e+00
 0.000e+00  0.000e+00  9.675e+01 2.0640e-48 2.0640e-48 [ 2.0640e-48 ] 1.0000e+00
 0.000e+00  0.000e+00  9.700e+01 9.9773e-49 9.9773e-49 [ 9.9773e-49 ] 1.0000e+00
 0.000e+00  0.000e+00  9.725e+01 4.8120e-49 4.8120e-49 [ 4.8120e-49 ] 1.0000e+00
 0.000e+00  0.000e+00  9.750e+01 2.3155e-49 2.3155e-49 [ 2.3155e-49 ] 1.0000e+00
 0.000e+00  0.000e+00  9.775e+01 1.1116e-49 1.1116e-49 [ 1.1116e-49 ] 1.0000e+00
 0.000e+00  0.000e+00  9.800e+01 5.3246e-50 5.3246e-50 [ 5.3246e-50 ] 1.0000e+00
 0.000e+00  0.000e+00  9.825e+01 2.5446e-50 2.5446e-50 [ 2.5446e-50 ] 1.0000e+00
 0.000e+00  0.000e+00  9.850e+01 1.2132e-50 1.2132e-50 [ 1.2132e-50 ] 1.0000e+00
 0.000e+00  0.000e+00  9.875e+01 5.7713e-51 5.7713e-51 [ 5.7713e-51 ] 1.0000e+00
 0.000e+00  0.000e+00  9.900e+01 2.7391e-51 2.7391e-51 [ 2.7391e-51 ] 1.0000e+00
 0.000e+00  0.000e+00  9.925e+01 1.2970e-51 1.2970e-51 [ 1.2970e-51 ] 1.0000e+00
 0.000e+00  0.000e+00  9.950e+01 6.1273e-52 6.1273e-52 [ 6.1273e-52 ] 1.0000e+00
 0.000e+00  0.000e+00  9.975e+01 2.8880e-52 2.8880e-52 [ 2.8880e-52 ] 1.0000e+00
 0.000e+00  0.000e+00  1.000e+02 1.3581e-52 1.3581e-52 [ 1.3581e-52 ] 1.0000e+00
 0.000e+00  0.000e+00  1.002e+02 6.3716e-53 6.3716e-53 [ 6.3716e-53 ] 1.0000e+00
 0.000e+00  0.000e+00  1.005e+02 2.9824e-53 2.9824e-53 [ 2.9824e-53 ] 1.0000e+00
 0.000e+00  0.000e+00  1.008e+02 1.3928e-53 1.3928e-53 [ 1.3928e-53 ] 1.0000e+00
 0.000e+00  0.000e+00  1.010e+02 6.4892e-54 6.4892e-54 [ 6.4892e-54 ] 1.0000e+00
 0.000e+00  0.000e+00  1.012e+02 3.0165e-54 3.0165e-54 [ 3.0165e-54 ] 1.0000e+00
 0.000e+00  0.000e+00  1.015e+02 1.3989e-54 1.3989e-54 [ 1.3989e-54 ] 1.0000e+00
 0.000e+00  0.000e+00  1.018e+02 6.4726e-55 6.4726e-55 [ 6.4726e-55 ] 1.0000e+00
 0.000e+00  0.000e+00  1.020e+02 2.9878e-55 2.9878e-55 [ 2.9878e-55 ] 1.0000e+00
 0.000e+00  0.000e+00  1.022e+02 1.3760e-55 1.3760e-55 [ 1.3760e-55 ] 1.0000e+00
 0.000e+00  0.000e+00  1.025e+02 6.3224e-56 6.3224e-56 [ 6.3224e-56 ] 1.0000e+00
 0.000e+00  0.000e+00  1.028e+02 2.8982e-56 2.8982e-56 [ 2.8982e-56 ] 1.0000e+00
 0.000e+00  0.000e+00  1.030e+02 1.3254e-56 1.3254e-56 [ 1.3254e-56 ] 1.0000e+00
 0.000e+00  0.000e+00  1.032e+02 6.0476e-57 6.0476e-57 [ 6.0476e-57 ] 1.0000e+00
 0.000e+00  0.000e+00  1.035e+02 2.7529e-57 2.7529e-57 [ 2.7529e-57 ] 1.0000e+00
 0.000e+00  0.000e+00  1.038e+02 1.2502e-57 1.2502e-57 [ 1.2502e-57 ] 1.0000e+00
 0.000e+00  0.000e+00  1.040e+02 5.6642e-58 5.6642e-58 [ 5.6642e-58 ] 1.0000e+00
 0.000e+00  0.000e+00  1.042e+02 2.5603e-58 2.5603e-58 [ 2.5603e-58 ] 1.0000e+00
 0.000e+00  0.000e+00  1.045e+02 1.1546e-58 1.1546e-58 [ 1.1546e-58 ] 1.0000e+00
 0.000e+00  0.000e+00  1.048e+02 5.1945e-59 5.1945e-59 [ 5.1945e-59 ] 1.0000e+00
 0.000e+00  0.000e+00  1.050e+02 2.3315e-59 2.3315e-59 [ 2.3315e-59 ] 1.0000e+00
 0.000e+00  0.000e+00  1.052e+02 1.0440e-59 1.0440e-59 [ 1.0440e-59 ] 1.0000e+00
 0.000e+00  0.000e+00  1.055e+02 4.6639e-60 4.6639e-60 [ 4.6639e-60 ] 1.0000e+00
 0.000e+00  0.000e+00  1.058e+02 2.0786e-60 2.0786e-60 [ 2.0786e-60 ] 1.0000e+00
 0.000e+00  0.000e+00  1.060e+02 9.2420e-61 9.2420e-61 [ 9.2420e-61 ] 1.0000e+00
 0.000e+00  0.000e+00  1.062e+02 4.0996e-61 4.0996e-61 [ 4.0996e-61 ] 1.0000e+00
 0.000e+00  0.000e+00  1.065e+02 1.8142e-61 1.8142e-61 [ 1.8142e-61 ] 1.0000e+00
 0.000e+00  0.000e+00  1.068e+02 8.0093e-62 8.0093e-62 [ 8.0093e-62 ] 1.0000e+00
 0.000e+00  0.000e+00  1.070e+02 3.5276e-62 3.5276e-62 [ 3.5276e-62 ] 1.0000e+00
 0.000e+00  0.000e+00  1.072e+02 1.5500e-62 1.5500e-62 [ 1.5500e-62 ] 1.0000e+00
 0.000e+00  0.000e+00  1.075e+02 6.7944e-63 6.7944e-63 [ 6.7944e-63 ] 1.0000e+00
 0.000e+00  0.000e+00  1.078e+02 2.9712e-63 2.9712e-63 [ 2.9712e-63 ] 1.0000e+00
 0.000e+00  0.000e+00  1.080e+02 1.2962e-63 1.2962e-63 [ 1.2962e-63 ] 1.0000e+00
 0.000e+00  0.000e+00  1.082e+02 5.6416e-64 5.6416e-64 [ 5.6416e-64 ] 1.0000e+00
 0.000e+00  0.000e+00  1.085e+02 2.4495e-64 2.4495e-64 [ 2.4495e-64 ] 1.0000e+00
 0.000e+00  0.000e+00  1.088e+02 1.0610e-64 1.0610e-64 [ 1.0610e-64 ] 1.0000e+00
 0.000e+00  0.000e+00  1.090e+02 4.5847e-65 4.5847e-65 [ 4.5847e-65 ] 1.0000e+00
 0.000e+00  0.000e+00  1.092e+02 1.9764e-65 1.9764e-65 [ 1.9764e-65 ] 1.0000e+00
 0.000e+00  0.000e+00  1.095e+02 8.4993e-66 8.4993e-66 [ 8.4993e-66 ] 1.0000e+00
 0.000e+00  0.000e+00  1.098e+02 3.6463e-66 3.6463e-66 [ 3.6463e-66 ] 1.0000e+00
 0.000e+00  0.000e+00  1.100e+02 1.5605e-66 1.5605e-66 [ 1.5605e-66 ] 1.0000e+00
 0.000e+00  0.000e+00  1.102e+02 6.6628e-67 6.6628e-67 [ 6.6628e-67 ] 1.0000e+00
 0.000e+00  0.000e+00  1.105e+02 2.8378e-67 2.8378e-67 [ 2.8378e-67 ] 1.0000e+00
 0.000e+00  0.000e+00  1.108e+02 1.2058e-67 1.2058e-67 [ 1.2058e-67 ] 1.0000e+00
 0.000e+00  0.000e+00  1.110e+02 5.1109e-68 5.1109e-68 [ 5.1109e-68 ] 1.0000e+00
 0.000e+00  0.000e+00  1.112e+02 2.1611e-68 2.1611e-68 [ 2.1611e-68 ] 1.0000e+00
 0.000e+00  0.000e+00  1.115e+02 9.1158e-69 9.1158e-69 [ 9.1158e-69 ] 1.0000e+00
 0.000e+00  0.000e+00  1.118e+02 3.8358e-69 3.8358e-69 [ 3.8358e-69 ] 1.0000e+00
 0.000e+00  0.000e+00  1.120e+02 1.6102e-69 1.6102e-69 [ 1.6102e-69 ] 1.0000e+00
 0.000e+00  0.000e+00  1.122e+02 6.7426e-70 6.7426e-70 [ 6.7426e-70 ] 1.0000e+00
 0.000e+00  0.000e+00  1.125e+02 2.8165e-70 2.8165e-70 [ 2.8165e-70 ] 1.0000e+00
 0.000e+00  0.000e+00  1.128e+02 1.1737e-70 1.1737e-70 [ 1.1737e-70 ] 1.0000e+00
 0.000e+00  0.000e+00  1.130e+02 4.8788e-71 4.8788e-71 [ 4.8788e-71 ] 1.0000e+00
 0.000e+00  0.000e+00  1.132e+02 2.0231e-71 2.0231e-71 [ 2.0231e-71 ] 1.0000e+00
 0.000e+00  0.000e+00  1.135e+02 8.3687e-72 8.3687e-72 [ 8.3687e-72 ] 1.0000e+00
 0.000e+00  0.000e+00  1.138e+02 3.4533e-72 3.4533e-72 [ 3.4533e-72 ] 1.0000e+00
 0.000e+00  0.000e+00  1.140e+02 1.4215e-72 1.4215e-72 [ 1.4215e-72 ] 1.0000e+00
 0.000e+00  0.000e+00  1.142e+02 5.8366e-73 5.8366e-73 [ 5.8366e-73 ] 1.0000e+00
 0.000e+00  0.000e+00  1.145e+02 2.3907e-73 2.3907e-73 [ 2.3907e-73 ] 1.0000e+00
 0.000e+00  0.000e+00  1.148e+02 9.7680e-74 9.7680e-74 [ 9.7680e-74 ] 1.0000e+00
 0.000e+00  0.000e+00  1.150e+02 3.9812e-74 3.9812e-74 [ 3.9812e-74 ] 1.0000e+00
 0.000e+00  0.000e+00  1.152e+02 1.6186e-74 1.6186e-74 [ 1.6186e-74 ] 1.0000e+00
 0.000e+00  0.000e+00  1.155e+02 6.5644e-75 6.5644e-75 [ 6.5644e-75 ] 1.0000e+00
 0.000e+00  0.000e+00  1.158e+02 2.6556e-75 2.6556e-75 [ 2.6556e-75 ] 1.0000e+00
 0.000e+00  0.000e+00  1.160e+02 1.0717e-75 1.0717e-75 [ 1.0717e-75 ] 1.0000e+00
 0.000e+00  0.000e+00  1.162e+02 4.3138e-76 4.3138e-76 [ 4.3138e-76 ] 1.0000e+00
 0.000e+00  0.000e+00  1.165e+02 1.7321e-76 1.7321e-76 [ 1.7321e-76 ] 1.0000e+00
 0.000e+00  0.000e+00  1.168e+02 6.9376e-77 6.9376e-77 [ 6.9376e-77 ] 1.0000e+00
 0.000e+00  0.000e+00  1.170e+02 2.7717e-77 2.7717e-77 [ 2.7717e-77 ] 1.0000e+00
 0.000e+00  0.000e+00  1.172e+02 1.1046e-77 1.1046e-77 [ 1.1046e-77 ] 1.0000e+00
 0.000e+00  0.000e+00  1.175e+02 4.3909e-78 4.3909e-78 [ 4.3909e-78 ] 1.0000e+00
 0.000e+00  0.000e+00  1.178e+02 1.7410e-78 1.7410e-78 [ 1.7410e-78 ] 1.0000e+00
 0.000e+00  0.000e+00  1.180e+02 6.8861e-79 6.8861e-79 [ 6.8861e-79 ] 1.0000e+00
 0.000e+00  0.000e+00  1.182e+02 2.7167e-79 2.7167e-79 [ 2.7167e-79 ] 1.0000e+00
 0.000e+00  0.000e+00  1.185e+02 1.0690e-79 1.0690e-79 [ 1.0690e-79 ] 1.0000e+00
 0.000e+00  0.000e+00  1.188e+02 4.1962e-80 4.1962e-80 [ 4.1962e-80 ] 1.0000e+00
 0.000e+00  0.000e+00  1.190e+02 1.6429e-80 1.6429e-80 [ 1.6429e-80 ] 1.0000e+00
 0.000e+00  0.000e+00  1.192e+02 6.4159e-81 6.4159e-81 [ 6.4159e-81 ] 1.0000e+00
 0.000e+00  0.000e+00  1.195e+02 2.4991e-81 2.4991e-81 [ 2.4991e-81 ] 1.0000e+00
 0.000e+00  0.000e+00  1.198e+02 9.7100e-82 9.7100e-82 [ 9.7100e-82 ] 1.0000e+00
 0.000e+00  0.000e+00  1.200e+02 3.7630e-82 3.7630e-82 [ 3.7630e-82 ] 1.0000e+00
 0.000e+00  0.000e+00  1.202e+02 1.4545e-82 1.4545e-82 [ 1.4545e-82 ] 1.0000e+00
 0.000e+00  0.000e+00  1.205e+02 5.6080e-83 5.6080e-83 [ 5.6080e-83 ] 1.0000e+00
 0.000e+00  0.000e+00  1.208e+02 2.1566e-83 2.1566e-83 [ 2.1566e-83 ] 1.0000e+00
 0.000e+00  0.000e+00  1.210e+02 8.2719e-84 8.2719e-84 [ 8.2719e-84 ] 1.0000e+00
 0.000e+00  0.000e+00  1.212e+02 3.1646e-84 3.1646e-84 [ 3.1646e-84 ] 1.0000e+00
 0.000e+00  0.000e+00  1.215e+02 1.2076e-84 1.2076e-84 [ 1.2076e-84 ] 1.0000e+00
 0.000e+00  0.000e+00  1.218e+02 4.5959e-85 4.5959e-85 [ 4.5959e-85 ] 1.0000e+00
 0.000e+00  0.000e+00  1.220e+02 1.7446e-85 1.7446e-85 [ 1.7446e-85 ] 1.0000e+00
 0.000e+00  0.000e+00  1.222e+02 6.6054e-86 6.6054e-86 [ 6.6054e-86 ] 1.0000e+00
 0.000e+00  0.000e+00  1.225e+02 2.4944e-86 2.4944e-86 [ 2.4944e-86 ] 1.0000e+00
 0.000e+00  0.000e+00  1.228e+02 9.3948e-87 9.3948e-87 [ 9.3948e-87 ] 1.0000e+00
 0.000e+00  0.000e+00  1.230e+02 3.5292e-87 3.5292e-87 [ 3.5292e-87 ] 1.0000e+00
 0.000e+00  0.000e+00  1.232e+02 1.3223e-87 1.3223e-87 [ 1.3223e-87 ] 1.0000e+00
 0.000e+00  0.000e+00  1.235e+02 4.9411e-88 4.9411e-88 [ 4.9411e-88 ] 1.0000e+00
 0.000e+00  0.000e+00  1.238e+02 1.8415e-88 1.8415e-88 [ 1.8415e-88 ] 1.0000e+00
 0.000e+00  0.000e+00  1.240e+02 6.8450e-89 6.8450e-89 [ 6.8450e-89 ] 1.0000e+00
 0.000e+00  0.000e+00  1.242e+02 2.5376e-89 2.5376e-89 [ 2.5376e-89 ] 1.0000e+00
 0.000e+00  0.000e+00  1.245e+02 9.3827e-90 9.3827e-90 [ 9.3827e-90 ] 1.0000e+00
 0.000e+00  0.000e+00  1.248e+02 3.4599e-90 3.4599e-90 [ 3.4599e-90 ] 1.0000e+00
 0.000e+00  0.000e+00  1.250e+02 1.2725e-90 1.2725e-90 [ 1.2725e-90 ] 1.0000e+00
 0.000e+00  0.000e+00  1.252e+02 4.6674e-91 4.6674e-91 [ 4.6674e-91 ] 1.0000e+00
 0.000e+00  0.000e+00  1.255e+02 1.7074e-91 1.7074e-91 [ 1.7074e-91 ] 1.0000e+00
 0.000e+00  0.000e+00  1.258e+02 6.2291e-92 6.2291e-92 [ 6.2291e-92 ] 1.0000e+00
 0.000e+00  0.000e+00  1.260e+02 2.2664e-92 2.2664e-92 [ 2.2664e-92 ] 1.0000e+00
 0.000e+00  0.000e+00  1.262e+02 8.2242e-93 8.2242e-93 [ 8.2242e-93 ] 1.0000e+00
 0.000e+00  0.000e+00  1.265e+02 2.9762e-93 2.9762e-93 [ 2.9762e-93 ] 1.0000e+00
 0.000e+00  0.000e+00  1.268e+02 1.0742e-93 1.0742e-93 [ 1.0742e-93 ] 1.0000e+00
 0.000e+00  0.000e+00  1.270e+02 3.8662e-94 3.8662e-94 [ 3.8662e-94 ] 1.0000e+00
 0.000e+00  0.000e+00  1.272e+02 1.3878e-94 1.3878e-94 [ 1.3878e-94 ] 1.0000e+00
 0.000e+00  0.000e+00  1.275e+02 4.9678e-95 4.9678e-95 [ 4.9678e-95 ] 1.0000e+00
 0.000e+00  0.000e+00  1.278e+02 1.7735e-95 1.7735e-95 [ 1.7735e-95 ] 1.0000e+00
 0.000e+00  0.000e+00  1.280e+02 6.3139e-96 6.3139e-96 [ 6.3139e-96 ] 1.0000e+00
 0.000e+00  0.000e+00  1.282e+02 2.2417e-96 2.2417e-96 [ 2.2417e-96 ] 1.0000e+00
 0.000e+00  0.000e+00  1.285e+02 7.9369e-97 7.9369e-97 [ 7.9369e-97 ] 1.0000e+00
 0.000e+00  0.000e+00  1.288e+02 2.8024e-97 2.8024e-97 [ 2.8024e-97 ] 1.0000e+00
 0.000e+00  0.000e+00  1.290e+02 9.8675e-98 9.8675e-98 [ 9.8675e-98 ] 1.0000e+00
 0.000e+00  0.000e+00  1.292e+02 3.4648e-98 3.4648e-98 [ 3.4648e-98 ] 1.0000e+00
 0.000e+00  0.000e+00  1.295e+02 1.2132e-98 1.2132e-98 [ 1.2132e-98 ] 1.0000e+00
 0.000e+00  0.000e+00  1.298e+02 4.2363e-99 4.2363e-99 [ 4.2363e-99 ] 1.0000e+00
 0.000e+00  0.000e+00  1.300e+02 1.4751e-99 1.4751e-99 [ 1.4751e-99 ] 1.0000e+00
 0.000e+00  0.000e+00  1.302e+02 5.1221e-100 5.1221e-100 [ 5.1221e-100 ] 1.0000e+00
 0.000e+00  0.000e+00  1.305e+02 1.7735e-100 1.7735e-100 [ 1.7735e-100 ] 1.0000e+00
 0.000e+00  0.000e+00  1.308e+02 6.1237e-101 6.1237e-101 [ 6.1237e-101 ] 1.0000e+00
 0.000e+00  0.000e+00  1.310e+02 2.1084e-101 2.1084e-101 [ 2.1084e-101 ] 1.0000e+00
 0.000e+00  0.000e+00  1.312e+02 7.2389e-102 7.2389e-102 [ 7.2389e-102 ] 1.0000e+00
 0.000e+00  0.000e+00  1.315e+02 2.4783e-102 2.4783e-102 [ 2.4783e-102 ] 1.0000e+00
 0.000e+00  0.000e+00  1.318e+02 8.4605e-103 8.4605e-103 [ 8.4605e-103 ] 1.0000e+00
 0.000e+00  0.000e+00  1.320e+02 2.8800e-103 2.8800e-103 [ 2.8800e-103 ] 1.0000e+00
 0.000e+00  0.000e+00  1.322e+02 9.7758e-104 9.7758e-104 [ 9.7758e-104 ] 1.0000e+00
 0.000e+00  0.000e+00  1.325e+02 3.3088e-104 3.3088e-104 [ 3.3088e-104 ] 1.0000e+00
 0.000e+00  0.000e+00  1.328e+02 1.1167e-104 1.1167e-104 [ 1.1167e-104 ] 1.0000e+00
 0.000e+00  0.000e+00  1.330e+02 3.7578e-105 3.7578e-105 [ 3.7578e-105 ] 1.0000e+00
 0.000e+00  0.000e+00  1.332e+02 1.2609e-105 1.2609e-105 [ 1.2609e-105 ] 1.0000e+00
 0.000e+00  0.000e+00  1.335e+02 4.2186e-106 4.2186e-106 [ 4.2186e-106 ] 1.0000e+00
 0.000e+00  0.000e+00  1.338e+02 1.4073e-106 1.4073e-106 [ 1.4073e-106 ] 1.0000e+00
 0.000e+00  0.000e+00  1.340e+02 4.6811e-107 4.6811e-107 [ 4.6811e-107 ] 1.0000e+00
 0.000e+00  0.000e+00  1.342e+02 1.5525e-107 1.5525e-107 [ 1.5525e-107 ] 1.0000e+00
 0.000e+00  0.000e+00  1.345e+02 5.1338e-108 5.1338e-108 [ 5.1338e-108 ] 1.0000e+00
 0.000e+00  0.000e+00  1.348e+02 1.6926e-108 1.6926e-108 [ 1.6926e-108 ] 1.0000e+00
 0.000e+00  0.000e+00  1.350e+02 5.5643e-109 5.5643e-109 [ 5.5643e-109 ] 1.0000e+00
 0.000e+00  0.000e+00  1.352e+02 1.8237e-109 1.8237e-109 [ 1.8237e-109 ] 1.0000e+00
 0.000e+00  0.000e+00  1.355e+02 5.9598e-110 5.9598e-110 [ 5.9598e-110 ] 1.0000e+00
 0.000e+00  0.000e+00  1.358e+02 1.9418e-110 1.9418e-110 [ 1.9418e-110 ] 1.0000e+00
 0.000e+00  0.000e+00  1.360e+02 6.3078e-111 6.3078e-111 [ 6.3078e-111 ] 1.0000e+00
 0.000e+00  0.000e+00  1.362e+02 2.0429e-111 2.0429e-111 [ 2.0429e-111 ] 1.0000e+00
 0.000e+00  0.000e+00  1.365e+02 6.5965e-112 6.5965e-112 [ 6.5965e-112 ] 1.0000e+00
 0.000e+00  0.000e+00  1.368e+02 2.1236e-112 2.1236e-112 [ 2.1236e-112 ] 1.0000e+00
 0.000e+00  0.000e+00  1.370e+02 6.8156e-113 6.8156e-113 [ 6.8156e-113 ] 1.0000e+00
 0.000e+00  0.000e+00  1.372e+02 2.1809e-113 2.1809e-113 [ 2.1809e-113 ] 1.0000e+00
 0.000e+00  0.000e+00  1.375e+02 6.9570e-114 6.9570e-114 [ 6.9570e-114 ] 1.0000e+00
 0.000e+00  0.000e+00  1.378e+02 2.2126e-114 2.2126e-114 [ 2.2126e-114 ] 1.0000e+00
 0.000e+00  0.000e+00  1.380e+02 7.0151e-115 7.0151e-115 [ 7.0151e-115 ] 1.0000e+00
 0.000e+00  0.000e+00  1.382e+02 2.2174e-115 2.2174e-115 [ 2.2174e-115 ] 1.0000e+00
 0.000e+00  0.000e+00  1.385e+02 6.9872e-116 6.9872e-116 [ 6.9872e-116 ] 1.0000e+00
 0.000e+00  0.000e+00  1.388e+02 2.1949e-116 2.1949e-116 [ 2.1949e-116 ] 1.0000e+00
 0.000e+00  0.000e+00  1.390e+02 6.8737e-117 6.8737e-117 [ 6.8737e-117 ] 1.0000e+00
 0.000e+00  0.000e+00  1.392e+02 2.1459e-117 2.1459e-117 [ 2.1459e-117 ] 1.0000e+00
 0.000e+00  0.000e+00  1.395e+02 6.6783e-118 6.6783e-118 [ 6.6783e-118 ] 1.0000e+00
 0.000e+00  0.000e+00  1.398e+02 2.0719e-118 2.0719e-118 [ 2.0719e-118 ] 1.0000e+00
 0.000e+00  0.000e+00  1.400e+02 6.4076e-119 6.4076e-119 [ 6.4076e-119 ] 1.0000e+00
 0.000e+00  0.000e+00  1.402e+02 1.9754e-119 1.9754e-119 [ 1.9754e-119 ] 1.0000e+00
 0.000e+00  0.000e+00  1.405e+02 6.0706e-120 6.0706e-120 [ 6.0706e-120 ] 1.0000e+00
 0.000e+00  0.000e+00  1.408e+02 1.8597e-120 1.8597e-120 [ 1.8597e-120 ] 1.0000e+00
 0.000e+00  0.000e+00  1.410e+02 5.6787e-121 5.6787e-121 [ 5.6787e-121 ] 1.0000e+00
 0.000e+00  0.000e+00  1.412e+02 1.7285e-121 1.7285e-121 [ 1.7285e-121 ] 1.0000e+00
 0.000e+00  0.000e+00  1.415e+02 5.2445e-122 5.2445e-122 [ 5.2445e-122 ] 1.0000e+00
 0.000e+00  0.000e+00  1.418e+02 1.5861e-122 1.5861e-122 [ 1.5861e-122 ] 1.0000e+00
 0.000e+00  0.000e+00  1.420e+02 4.7813e-123 4.7813e-123 [ 4.7813e-123 ] 1.0000e+00
 0.000e+00  0.000e+00  1.422e+02 1.4367e-123 1.4367e-123 [ 1.4367e-123 ] 1.0000e+00
 0.000e+00  0.000e+00  1.425e+02 4.3028e-124 4.3028e-124 [ 4.3028e-124 ] 1.0000e+00
 0.000e+00  0.000e+00  1.428e+02 1.2845e-124 1.2845e-124 [ 1.2845e-124 ] 1.0000e+00
 0.000e+00  0.000e+00  1.430e+02 3.8218e-125 3.8218e-125 [ 3.8218e-125 ] 1.0000e+00
 0.000e+00  0.000e+00  1.432e+02 1.1334e-125 1.1334e-125 [ 1.1334e-125 ] 1.0000e+00
 0.000e+00  0.000e+00  1.435e+02 3.3501e-126 3.3501e-126 [ 3.3501e-126 ] 1.0000e+00
 0.000e+00  0.000e+00  1.438e+02 9.8694e-127 9.8694e-127 [ 9.8694e-127 ] 1.0000e+00
 0.000e+00  0.000e+00  1.440e+02 2.8979e-127 2.8979e-127 [ 2.8979e-127 ] 1.0000e+00
 0.000e+00  0.000e+00  1.442e+02 8.4802e-128 8.4802e-128 [ 8.4802e-128 ] 1.0000e+00
 0.000e+00  0.000e+00  1.445e+02 2.4733e-128 2.4733e-128 [ 2.4733e-128 ] 1.0000e+00
 0.000e+00  0.000e+00  1.448e+02 7.1893e-129 7.1893e-129 [ 7.1893e-129 ] 1.0000e+00
 0.000e+00  0.000e+00  1.450e+02 2.0827e-129 2.0827e-129 [ 2.0827e-129 ] 1.0000e+00
 0.000e+00  0.000e+00  1.452e+02 6.0128e-130 6.0128e-130 [ 6.0128e-130 ] 1.0000e+00
 0.000e+00  0.000e+00  1.455e+02 1.7300e-130 1.7300e-130 [ 1.7300e-130 ] 1.0000e+00
 0.000e+00  0.000e+00  1.458e+02 4.9607e-131 4.9607e-131 [ 4.9607e-131 ] 1.0000e+00
 0.000e+00  0.000e+00  1.460e+02 1.4175e-131 1.4175e-131 [ 1.4175e-131 ] 1.0000e+00
 0.000e+00  0.000e+00  1.462e+02 4.0366e-132 4.0366e-132 [ 4.0366e-132 ] 1.0000e+00
 0.000e+00  0.000e+00  1.465e+02 1.1455e-132 1.1455e-132 [ 1.1455e-132 ] 1.0000e+00
 0.000e+00  0.000e+00  1.468e+02 3.2395e-133 3.2395e-133 [ 3.2395e-133 ] 1.0000e+00
 0.000e+00  0.000e+00  1.470e+02 9.1290e-134 9.1290e-134 [ 9.1290e-134 ] 1.0000e+00
 0.000e+00  0.000e+00  1.472e+02 2.5636e-134 2.5636e-134 [ 2.5636e-134 ] 1.0000e+00
 0.000e+00  0.000e+00  1.475e+02 7.1737e-135 7.1737e-135 [ 7.1737e-135 ] 1.0000e+00
 0.000e+00  0.000e+00  1.478e+02 2.0003e-135 2.0003e-135 [ 2.0003e-135 ] 1.0000e+00
 0.000e+00  0.000e+00  1.480e+02 5.5554e-136 5.5554e-136 [ 5.5554e-136 ] 1.0000e+00
 0.000e+00  0.000e+00  1.482e+02 1.5354e-136 1.5354e-136 [ 1.5354e-136 ] 1.0000e+00
 0.000e+00  0.000e+00  1.485e+02 4.2105e-137 4.2105e-137 [ 4.2105e-137 ] 1.0000e+00
 0.000e+00  0.000e+00  1.488e+02 1.1380e-137 1.1380e-137 [ 1.1380e-137 ] 1.0000e+00
 0.000e+00  0.000e+00  1.490e+02 2.9937e-138 2.9937e-138 [ 2.9937e-138 ] 1.0000e+00
 0.000e+00  0.000e+00  1.492e+02 7.5213e-139 7.5213e-139 [ 7.5213e-139 ] 1.0000e+00
 0.000e+00  0.000e+00  1.495e+02 1.7633e-139 1.7633e-139 [ 1.7633e-139 ] 1.0000e+00
 0.000e+00  0.000e+00  1.498e+02 3.7642e-140 3.7642e-140 [ 3.7642e-140 ] 1.0000e+00
