 0.000e+00 0.0000e+00 0.0000e+00 [ 0.0000e+00 0.0000e+00 0.0000e+00 0.0000e+00 0.0000e+00 ] 0.0000e+00 [ 0.0000e+00 ] 1.0000e+00
 1.133e-01 1.1867e-02 1.1867e-02 [ 6.7024e-03 2.9551e-03 4.5584e-04 1.4056e-03 3.4784e-04 ] 0.0000e+00 [ 0.0000e+00 ] 9.8813e-01
 2.267e-01 3.2218e-02 3.2218e-02 [ 9.7315e-03 1.3185e-02 1.9360e-03 5.9401e-03 1.4259e-03 ] 0.0000e+00 [ 0.0000e+00 ] 9.6778e-01
 3.400e-01 6.9788e-02 6.9788e-02 [ 1.2154e-02 3.4954e-02 4.7525e-03 1.4468e-02 3.4586e-03 ] 0.0000e+00 [ 0.0000e+00 ] 9.3021e-01
 4.533e-01 1.3512e-01 1.3512e-01 [ 1.5523e-02 7.5449e-02 9.2972e-03 2.8023e-02 6.8259e-03 ] 0.0000e+00 [ 0.0000e+00 ] 8.6488e-01
 5.667e-01 2.3740e-01 2.3740e-01 [ 2.1095e-02 1.4219e-01 1.5659e-02 4.6659e-02 1.1797e-02 ] 0.0000e+00 [ 0.0000e+00 ] 7.6261e-01
 6.800e-01 3.7187e-01 3.7187e-01 [ 2.9379e-02 2.3420e-01 2.2920e-02 6.7452e-02 1.7922e-02 ] 0.0000e+00 [ 0.0000e+00 ] 6.2813e-01
 7.933e-01 5.0790e-01 5.0790e-01 [ 3.8894e-02 3.3220e-01 2.8978e-02 8.4189e-02 2.3639e-02 ] 0.0000e+00 [ 0.0000e+00 ] 4.9209e-01
 9.067e-01 6.0833e-01 6.0833e-01 [ 4.6646e-02 4.0977e-01 3.2197e-02 9.2334e-02 2.7381e-02 ] 0.0000e+00 [ 0.0000e+00 ] 3.9167e-01
 1.020e+00 6.6456e-01 6.6456e-01 [ 5.0925e-02 4.5836e-01 3.2935e-02 9.3272e-02 2.9068e-02 ] 0.0000e+00 [ 0.0000e+00 ] 3.3543e-01
 1.133e+00 6.9079e-01 6.9079e-01 [ 5.1960e-02 4.8584e-01 3.2479e-02 9.0943e-02 2.9567e-02 ] 0.0000e+00 [ 0.0000e+00 ] 3.0921e-01
 1.247e+00 7.0156e-01 7.0156e-01 [ 5.0591e-02 5.0147e-01 3.1761e-02 8.8120e-02 2.9617e-02 ] 0.0000e+00 [ 0.0000e+00 ] 2.9844e-01
 1.360e+00 7.0516e-01 7.0516e-01 [ 4.7560e-02 5.1071e-01 3.1212e-02 8.6073e-02 2.9606e-02 ] 0.0000e+00 [ 0.0000e+00 ] 2.9484e-01
 1.473e+00 7.0541e-01 7.0541e-01 [ 4.3437e-02 5.1603e-01 3.0987e-02 8.5268e-02 2.9695e-02 ] 0.0000e+00 [ 0.0000e+00 ] 2.9459e-01
 1.587e+00 7.0398e-01 7.0398e-01 [ 3.8677e-02 5.1838e-01 3.1128e-02 8.5848e-02 2.9944e-02 ] 0.0000e+00 [ 0.0000e+00 ] 2.9602e-01
 1.700e+00 7.0151e-01 7.0151e-01 [ 3.3643e-02 5.1801e-01 3.1639e-02 8.7851e-02 3.0364e-02 ] 0.0000e+00 [ 0.0000e+00 ] 2.9849e-01
 1.813e+00 6.9813e-01 6.9813e-01 [ 2.8618e-02 5.1478e-01 3.2508e-02 9.1280e-02 3.0945e-02 ] 0.0000e+00 [ 0.0000e+00 ] 3.0187e-01
 1.927e+00 6.9350e-01 6.9350e-01 [ 2.3805e-02 5.0823e-01 3.3713e-02 9.6107e-02 3.1652e-02 ] 0.0000e+00 [ 0.0000e+00 ] 3.0650e-01
 2.040e+00 6.8660e-01 6.8660e-01 [ 1.9330e-02 4.9745e-01 3.5200e-02 1.0220e-01 3.2415e-02 ] 0.0000e+00 [ 0.0000e+00 ] 3.1340e-01
 2.153e+00 6.7496e-01 6.7496e-01 [ 1.5256e-02 4.8062e-01 3.6830e-02 1.0917e-01 3.3082e-02 ] 0.0000e+00 [ 0.0000e+00 ] 3.2504e-01
 2.267e+00 6.5352e-01 6.5352e-01 [ 1.1589e-02 4.5436e-01 3.8267e-02 1.1596e-01 3.3343e-02 ] 0.0000e+00 [ 0.0000e+00 ] 3.4648e-01
 2.380e+00 6.1326e-01 6.1326e-01 [ 8.3190e-03 4.1320e-01 3.8809e-02 1.2030e-01 3.2632e-02 ] 0.0000e+00 [ 0.0000e+00 ] 3.8674e-01
 2.493e+00 5.4302e-01 5.4302e-01 [ 5.4812e-03 3.5160e-01 3.7349e-02 1.1842e-01 3.0173e-02 ] 0.0000e+00 [ 0.0000e+00 ] 4.5698e-01
 2.607e+00 4.3965e-01 4.3965e-01 [ 3.2097e-03 2.7100e-01 3.2978e-02 1.0693e-01 2.5541e-02 ] 0.0000e+00 [ 0.0000e+00 ] 5.6035e-01
 2.720e+00 3.1999e-01 3.1999e-01 [ 1.6471e-03 1.8589e-01 2.6182e-02 8.6808e-02 1.9470e-02 ] 0.0000e+00 [ 0.0000e+00 ] 6.8001e-01
 2.833e+00 2.1154e-01 2.1154e-01 [ 7.5314e-04 1.1463e-01 1.8815e-02 6.3811e-02 1.3527e-02 ] 0.0000e+00 [ 0.0000e+00 ] 7.8846e-01
 2.947e+00 1.3052e-01 1.3052e-01 [ 3.1741e-04 6.5320e-02 1.2537e-02 4.3523e-02 8.8242e-03 ] 0.0000e+00 [ 0.0000e+00 ] 8.6948e-01
 3.060e+00 7.7267e-02 7.7267e-02 [ 1.2741e-04 3.5358e-02 7.9461e-03 2.8261e-02 5.5740e-03 ] 0.0000e+00 [ 0.0000e+00 ] 9.2273e-01
 3.173e+00 4.4790e-02 4.4790e-02 [ 4.9896e-05 1.8558e-02 4.8827e-03 1.7809e-02 3.4900e-03 ] 0.0000e+00 [ 0.0000e+00 ] 9.5521e-01
 3.287e+00 2.5760e-02 2.5760e-02 [ 1.9356e-05 9.5695e-03 2.9448e-03 1.1026e-02 2.1996e-03 ] 0.0000e+00 [ 0.0000e+00 ] 9.7424e-01
 3.400e+00 1.4815e-02 1.4815e-02 [ 7.5051e-06 4.8856e-03 1.7561e-03 6.7573e-03 1.4081e-03 ] 0.0000e+00 [ 0.0000e+00 ] 9.8519e-01
 3.513e+00 8.5594e-03 8.5594e-03 [ 2.9224e-06 2.4808e-03 1.0399e-03 4.1163e-03 9.1942e-04 ] 0.0000e+00 [ 0.0000e+00 ] 9.9144e-01
 3.627e+00 4.9819e-03 4.9819e-03 [ 1.1453e-06 1.2561e-03 6.1293e-04 2.4986e-03 6.1312e-04 ] 0.0000e+00 [ 0.0000e+00 ] 9.9502e-01
 3.740e+00 2.9263e-03 2.9263e-03 [ 4.5207e-07 6.3513e-04 3.6013e-04 1.5134e-03 4.1719e-04 ] 0.0000e+00 [ 0.0000e+00 ] 9.9707e-01
 3.853e+00 1.7367e-03 1.7367e-03 [ 1.7964e-07 3.2096e-04 2.1109e-04 9.1543e-04 2.8908e-04 ] 0.0000e+00 [ 0.0000e+00 ] 9.9826e-01
 3.967e+00 1.0425e-03 1.0425e-03 [ 7.1811e-08 1.6219e-04 1.2349e-04 5.5328e-04 2.0349e-04 ] 0.0000e+00 [ 0.0000e+00 ] 9.9896e-01
 4.080e+00 6.3353e-04 6.3353e-04 [ 2.8845e-08 8.1984e-05 7.2121e-05 3.3425e-04 1.4515e-04 ] 0.0000e+00 [ 0.0000e+00 ] 9.9937e-01
 4.193e+00 3.9010e-04 3.9010e-04 [ 1.1629e-08 4.1461e-05 4.2056e-05 2.0189e-04 1.0468e-04 ] 0.0000e+00 [ 0.0000e+00 ] 9.9961e-01
 4.307e+00 2.4362e-04 2.4362e-04 [ 4.7004e-09 2.0981e-05 2.4489e-05 1.2196e-04 7.6190e-05 ] 0.0000e+00 [ 0.0000e+00 ] 9.9976e-01
 4.420e+00 1.5444e-04 1.5444e-04 [ 1.9028e-09 1.0625e-05 1.4239e-05 7.3699e-05 5.5875e-05 ] 0.0000e+00 [ 0.0000e+00 ] 9.9985e-01
 4.533e+00 9.9462e-05 9.9462e-05 [ 7.7073e-10 5.3851e-06 8.2679e-06 4.4568e-05 4.1240e-05 ] 0.0000e+00 [ 0.0000e+00 ] 9.9990e-01
 4.647e+00 6.5113e-05 6.5113e-05 [ 3.1215e-10 2.7319e-06 4.7939e-06 2.6982e-05 3.0605e-05 ] 0.0000e+00 [ 0.0000e+00 ] 9.9993e-01
 4.760e+00 4.3346e-05 4.3346e-05 [ 1.2632e-10 1.3873e-06 2.7756e-06 1.6362e-05 2.2821e-05 ] 0.0000e+00 [ 0.0000e+00 ] 9.9996e-01
 4.873e+00 2.9343e-05 2.9343e-05 [ 5.1048e-11 7.0530e-07 1.6047e-06 9.9450e-06 1.7088e-05 ] 0.0000e+00 [ 0.0000e+00 ] 9.9997e-01
 4.987e+00 2.0193e-05 2.0193e-05 [ 2.0593e-11 3.5899e-07 9.2635e-07 6.0631e-06 1.2845e-05 ] 0.0000e+00 [ 0.0000e+00 ] 9.9998e-01
 5.100e+00 1.4117e-05 1.4117e-05 [ 8.2896e-12 1.8295e-07 5.3396e-07 3.7116e-06 9.6886e-06 ] 0.0000e+00 [ 0.0000e+00 ] 9.9999e-01
 5.213e+00 1.0016e-05 1.0016e-05 [ 3.3288e-12 9.3363e-08 3.0730e-07 2.2842e-06 7.3316e-06 ] 0.0000e+00 [ 0.0000e+00 ] 9.9999e-01
 5.327e+00 7.2041e-06 7.2041e-06 [ 1.3331e-12 4.7714e-08 1.7658e-07 1.4151e-06 5.5647e-06 ] 0.0000e+00 [ 0.0000e+00 ] 9.9999e-01
 5.440e+00 5.2453e-06 5.2453e-06 [ 5.3234e-13 2.4422e-08 1.0131e-07 8.8411e-07 4.2355e-06 ] 0.0000e+00 [ 0.0000e+00 ] 9.9999e-01
 5.553e+00 3.8608e-06 3.8608e-06 [ 2.1192e-13 1.2520e-08 5.8026e-08 5.5801e-07 3.2322e-06 ] 0.0000e+00 [ 0.0000e+00 ] 1.0000e+00
 5.667e+00 2.8687e-06 2.8687e-06 [ 8.4096e-14 6.4297e-09 3.3182e-08 3.5648e-07 2.4726e-06 ] 0.0000e+00 [ 0.0000e+00 ] 1.0000e+00
 5.780e+00 2.1490e-06 2.1490e-06 [ 3.3260e-14 3.3079e-09 1.8944e-08 2.3095e-07 1.8958e-06 ] 0.0000e+00 [ 0.0000e+00 ] 1.0000e+00
 5.893e+00 1.6212e-06 1.6212e-06 [ 1.3109e-14 1.7050e-09 1.0798e-08 1.5200e-07 1.4567e-06 ] 0.0000e+00 [ 0.0000e+00 ] 1.0000e+00
 6.007e+00 1.2302e-06 1.2302e-06 [ 5.1483e-15 8.8055e-10 6.1448e-09 1.0176e-07 1.1214e-06 ] 0.0000e+00 [ 0.0000e+00 ] 1.0000e+00
 6.120e+00 9.3808e-07 9.3808e-07 [ 2.0145e-15 4.5569e-10 3.4911e-09 6.9348e-08 8.6479e-07 ] 0.0000e+00 [ 0.0000e+00 ] 1.0000e+00
 6.233e+00 7.1832e-07 7.1832e-07 [ 7.8533e-16 2.3633e-10 1.9803e-09 4.8120e-08 6.6798e-07 ] 0.0000e+00 [ 0.0000e+00 ] 1.0000e+00
 6.347e+00 5.5193e-07 5.5193e-07 [ 3.0498e-16 1.2283e-10 1.1215e-09 3.3979e-08 5.1670e-07 ] 0.0000e+00 [ 0.0000e+00 ] 1.0000e+00
 6.460e+00 4.2529e-07 4.2529e-07 [ 1.1797e-16 6.3985e-11 6.3417e-10 2.4390e-08 4.0020e-07 ] 0.0000e+00 [ 0.0000e+00 ] 1.0000e+00
 6.573e+00 3.2847e-07 3.2847e-07 [ 4.5454e-17 3.3408e-11 3.5806e-10 1.7768e-08 3.1031e-07 ] 0.0000e+00 [ 0.0000e+00 ] 1.0000e+00
 6.687e+00 2.5419e-07 2.5419e-07 [ 1.7442e-17 1.7484e-11 2.0186e-10 1.3114e-08 2.4086e-07 ] 0.0000e+00 [ 0.0000e+00 ] 1.0000e+00
 6.800e+00 1.9702e-07 1.9702e-07 [ 6.6656e-18 9.1721e-12 1.1364e-10 9.7866e-09 1.8711e-07 ] 0.0000e+00 [ 0.0000e+00 ] 1.0000e+00
 6.913e+00 1.5291e-07 1.5291e-07 [ 2.5366e-18 4.8232e-12 6.3888e-11 7.3716e-09 1.4547e-07 ] 0.0000e+00 [ 0.0000e+00 ] 1.0000e+00
 7.027e+00 1.1880e-07 1.1880e-07 [ 9.6125e-19 2.5425e-12 3.5870e-11 5.5947e-09 1.1316e-07 ] 0.0000e+00 [ 0.0000e+00 ] 1.0000e+00
 7.140e+00 9.2377e-08 9.2377e-08 [ 3.6270e-19 1.3435e-12 2.0114e-11 4.2720e-09 8.8083e-08 ] 0.0000e+00 [ 0.0000e+00 ] 1.0000e+00
 7.253e+00 7.1883e-08 7.1883e-08 [ 1.3626e-19 7.1161e-13 1.1266e-11 3.2777e-09 6.8593e-08 ] 0.0000e+00 [ 0.0000e+00 ] 1.0000e+00
 7.367e+00 5.5967e-08 5.5967e-08 [ 5.0966e-20 3.7782e-13 6.3025e-12 2.5243e-09 5.3436e-08 ] 0.0000e+00 [ 0.0000e+00 ] 1.0000e+00
 7.480e+00 4.3595e-08 4.3595e-08 [ 1.8979e-20 2.0107e-13 3.5223e-12 1.9498e-09 4.1642e-08 ] 0.0000e+00 [ 0.0000e+00 ] 1.0000e+00
 7.593e+00 3.3971e-08 3.3971e-08 [ 7.0356e-21 1.0726e-13 1.9667e-12 1.5094e-09 3.2459e-08 ] 0.0000e+00 [ 0.0000e+00 ] 1.0000e+00
 7.707e+00 2.6478e-08 2.6478e-08 [ 2.5964e-21 5.7342e-14 1.0971e-12 1.1704e-09 2.5307e-08 ] 0.0000e+00 [ 0.0000e+00 ] 1.0000e+00
 7.820e+00 2.0643e-08 2.0643e-08 [ 9.5383e-22 3.0723e-14 6.1157e-13 9.0870e-10 1.9734e-08 ] 0.0000e+00 [ 0.0000e+00 ] 1.0000e+00
 7.933e+00 1.6097e-08 1.6097e-08 [ 3.4880e-22 1.6496e-14 3.4069e-13 7.0619e-10 1.5391e-08 ] 0.0000e+00 [ 0.0000e+00 ] 1.0000e+00
 8.047e+00 1.2554e-08 1.2554e-08 [ 1.2697e-22 8.8752e-15 1.8969e-13 5.4919e-10 1.2004e-08 ] 0.0000e+00 [ 0.0000e+00 ] 1.0000e+00
 8.160e+00 9.7914e-09 9.7914e-09 [ 4.6003e-23 4.7844e-15 1.0557e-13 4.2730e-10 9.3639e-09 ] 0.0000e+00 [ 0.0000e+00 ] 1.0000e+00
 8.273e+00 7.6374e-09 7.6374e-09 [ 1.6591e-23 2.5840e-15 5.8744e-14 3.3258e-10 7.3047e-09 ] 0.0000e+00 [ 0.0000e+00 ] 1.0000e+00
 8.387e+00 5.9576e-09 5.9576e-09 [ 5.9554e-24 1.3981e-15 3.2685e-14 2.5891e-10 5.6986e-09 ] 0.0000e+00 [ 0.0000e+00 ] 1.0000e+00
 8.500e+00 4.6474e-09 4.6474e-09 [ 2.1278e-24 7.5773e-16 1.8189e-14 2.0159e-10 4.4458e-09 ] 0.0000e+00 [ 0.0000e+00 ] 1.0000e+00
 8.613e+00 3.6254e-09 3.6254e-09 [ 7.5669e-25 4.1133e-16 1.0127e-14 1.5697e-10 3.4684e-09 ] 0.0000e+00 [ 0.0000e+00 ] 1.0000e+00
 8.727e+00 2.8282e-09 2.8282e-09 [ 2.6783e-25 2.2363e-16 5.6420e-15 1.2223e-10 2.7059e-09 ] 0.0000e+00 [ 0.0000e+00 ] 1.0000e+00
 8.840e+00 2.2062e-09 2.2062e-09 [ 9.4357e-26 1.2176e-16 3.1470e-15 9.5171e-11 2.1111e-09 ] 0.0000e+00 [ 0.0000e+00 ] 1.0000e+00
 8.953e+00 1.7211e-09 1.7211e-09 [ 3.3086e-26 6.6381e-17 1.7581e-15 7.4099e-11 1.6470e-09 ] 0.0000e+00 [ 0.0000e+00 ] 1.0000e+00
 9.067e+00 1.3426e-09 1.3426e-09 [ 1.1547e-26 3.6237e-17 9.8428e-16 5.7687e-11 1.2849e-09 ] 0.0000e+00 [ 0.0000e+00 ] 1.0000e+00
 9.180e+00 1.0473e-09 1.0473e-09 [ 4.0112e-27 1.9806e-17 5.5262e-16 4.4905e-11 1.0024e-09 ] 0.0000e+00 [ 0.0000e+00 ] 1.0000e+00
 9.293e+00 8.1689e-10 8.1689e-10 [ 1.3869e-27 1.0838e-17 3.1140e-16 3.4950e-11 7.8194e-10 ] 0.0000e+00 [ 0.0000e+00 ] 1.0000e+00
 9.407e+00 6.3717e-10 6.3717e-10 [ 4.7727e-28 5.9368e-18 1.7629e-16 2.7197e-11 6.0998e-10 ] 0.0000e+00 [ 0.0000e+00 ] 1.0000e+00
 9.520e+00 4.9698e-10 4.9698e-10 [ 1.6348e-28 3.2557e-18 1.0038e-16 2.1161e-11 4.7581e-10 ] 0.0000e+00 [ 0.0000e+00 ] 1.0000e+00
 9.633e+00 3.8761e-10 3.8761e-10 [ 5.5740e-29 1.7873e-18 5.7561e-17 1.6461e-11 3.7115e-10 ] 0.0000e+00 [ 0.0000e+00 ] 1.0000e+00
 9.747e+00 3.0229e-10 3.0229e-10 [ 1.8917e-29 9.8220e-19 3.3290e-17 1.2802e-11 2.8949e-10 ] 0.0000e+00 [ 0.0000e+00 ] 1.0000e+00
 9.860e+00 2.3574e-10 2.3574e-10 [ 6.3904e-30 5.4035e-19 1.9448e-17 9.9545e-12 2.2579e-10 ] 0.0000e+00 [ 0.0000e+00 ] 1.0000e+00
 9.973e+00 1.8383e-10 1.8383e-10 [ 2.1489e-30 2.9760e-19 1.1494e-17 7.7385e-12 1.7609e-10 ] 0.0000e+00 [ 0.0000e+00 ] 1.0000e+00
 1.009e+01 1.4335e-10 1.4335e-10 [ 7.1932e-31 1.6410e-19 6.8827e-18 6.0143e-12 1.3733e-10 ] 0.0000e+00 [ 0.0000e+00 ] 1.0000e+00
 1.020e+01 1.1177e-10 1.1177e-10 [ 2.3969e-31 9.0610e-20 4.1809e-18 4.6731e-12 1.0709e-10 ] 0.0000e+00 [ 0.0000e+00 ] 1.0000e+00
 1.031e+01 8.7139e-11 8.7139e-11 [ 7.9511e-32 5.0106e-20 2.5787e-18 3.6299e-12 8.3509e-11 ] 0.0000e+00 [ 0.0000e+00 ] 1.0000e+00
 1.043e+01 6.7933e-11 6.7933e-11 [ 2.6257e-32 2.7757e-20 1.6157e-18 2.8189e-12 6.5114e-11 ] 0.0000e+00 [ 0.0000e+00 ] 1.0000e+00
 1.054e+01 5.2955e-11 5.2955e-11 [ 8.6323e-33 1.5408e-20 1.0284e-18 2.1884e-12 5.0767e-11 ] 0.0000e+00 [ 0.0000e+00 ] 1.0000e+00
 1.065e+01 4.1276e-11 4.1276e-11 [ 2.8254e-33 8.5740e-21 6.6462e-19 1.6983e-12 3.9578e-11 ] 0.0000e+00 [ 0.0000e+00 ] 1.0000e+00
 1.077e+01 3.2170e-11 3.2170e-11 [ 9.2071e-34 4.7855e-21 4.3569e-19 1.3176e-12 3.0853e-11 ] 0.0000e+00 [ 0.0000e+00 ] 1.0000e+00
 1.088e+01 2.5071e-11 2.5071e-11 [ 2.9872e-34 2.6807e-21 2.8936e-19 1.0219e-12 2.4049e-11 ] 0.0000e+00 [ 0.0000e+00 ] 1.0000e+00
 1.099e+01 1.9536e-11 1.9536e-11 [ 9.6501e-35 1.5083e-21 1.9441e-19 7.9227e-13 1.8744e-11 ] 0.0000e+00 [ 0.0000e+00 ] 1.0000e+00
 1.111e+01 1.5221e-11 1.5221e-11 [ 3.1040e-35 8.5324e-22 1.3193e-19 6.1401e-13 1.4607e-11 ] 0.0000e+00 [ 0.0000e+00 ] 1.0000e+00
 1.122e+01 1.1858e-11 1.1858e-11 [ 9.9416e-36 4.8582e-22 9.0300e-20 4.7568e-13 1.1383e-11 ] 0.0000e+00 [ 0.0000e+00 ] 1.0000e+00
 1.133e+01 9.2370e-12 9.2370e-12 [ 3.1707e-36 2.7878e-22 6.2246e-20 3.6836e-13 8.8687e-12 ] 0.0000e+00 [ 0.0000e+00 ] 1.0000e+00
 1.145e+01 7.1944e-12 7.1944e-12 [ 1.0070e-36 1.6145e-22 4.3160e-20 2.8514e-13 6.9092e-12 ] 0.0000e+00 [ 0.0000e+00 ] 1.0000e+00
 1.156e+01 5.6026e-12 5.6026e-12 [ 3.1848e-37 9.4498e-23 3.0068e-20 2.2063e-13 5.3820e-12 ] 0.0000e+00 [ 0.0000e+00 ] 1.0000e+00
 1.167e+01 4.3624e-12 4.3624e-12 [ 1.0031e-37 5.5987e-23 2.1028e-20 1.7063e-13 4.1918e-12 ] 0.0000e+00 [ 0.0000e+00 ] 1.0000e+00
 1.179e+01 3.3962e-12 3.3962e-12 [ 3.1467e-38 3.3621e-23 1.4751e-20 1.3191e-13 3.2643e-12 ] 0.0000e+00 [ 0.0000e+00 ] 1.0000e+00
 1.190e+01 2.6436e-12 2.6436e-12 [ 9.8308e-39 2.0487e-23 1.0373e-20 1.0192e-13 2.5417e-12 ] 0.0000e+00 [ 0.0000e+00 ] 1.0000e+00
 1.201e+01 2.0574e-12 2.0574e-12 [ 3.0590e-39 1.2677e-23 7.3079e-21 7.8717e-14 1.9787e-12 ] 0.0000e+00 [ 0.0000e+00 ] 1.0000e+00
 1.213e+01 1.6009e-12 1.6009e-12 [ 9.4808e-40 7.9689e-24 5.1563e-21 6.0763e-14 1.5402e-12 ] 0.0000e+00 [ 0.0000e+00 ] 1.0000e+00
 1.224e+01 1.2455e-12 1.2455e-12 [ 2.9269e-40 5.0878e-24 3.6425e-21 4.6880e-14 1.1986e-12 ] 0.0000e+00 [ 0.0000e+00 ] 1.0000e+00
 1.235e+01 9.6880e-13 9.6880e-13 [ 9.0005e-41 3.2973e-24 2.5755e-21 3.6149e-14 9.3265e-13 ] 0.0000e+00 [ 0.0000e+00 ] 1.0000e+00
 1.247e+01 7.5341e-13 7.5341e-13 [ 2.7571e-41 2.1669e-24 1.8223e-21 2.7860e-14 7.2555e-13 ] 0.0000e+00 [ 0.0000e+00 ] 1.0000e+00
 1.258e+01 5.8578e-13 5.8578e-13 [ 8.4136e-42 1.4421e-24 1.2901e-21 2.1459e-14 5.6432e-13 ] 0.0000e+00 [ 0.0000e+00 ] 1.0000e+00
 1.269e+01 4.5535e-13 4.5535e-13 [ 2.5578e-42 9.7057e-25 9.1372e-22 1.6519e-14 4.3883e-13 ] 0.0000e+00 [ 0.0000e+00 ] 1.0000e+00
 1.281e+01 3.5387e-13 3.5387e-13 [ 7.7469e-43 6.5955e-25 6.4736e-22 1.2709e-14 3.4117e-13 ] 0.0000e+00 [ 0.0000e+00 ] 1.0000e+00
 1.292e+01 2.7495e-13 2.7495e-13 [ 2.3377e-43 4.5189e-25 4.5876e-22 9.7714e-15 2.6518e-13 ] 0.0000e+00 [ 0.0000e+00 ] 1.0000e+00
 1.303e+01 2.1357e-13 2.1357e-13 [ 7.0282e-44 3.1174e-25 3.2517e-22 7.5083e-15 2.0606e-13 ] 0.0000e+00 [ 0.0000e+00 ] 1.0000e+00
 1.315e+01 1.6585e-13 1.6585e-13 [ 2.1054e-44 2.1627e-25 2.3052e-22 5.7656e-15 1.6008e-13 ] 0.0000e+00 [ 0.0000e+00 ] 1.0000e+00
 1.326e+01 1.2876e-13 1.2876e-13 [ 6.2844e-45 1.5073e-25 1.6344e-22 4.4245e-15 1.2433e-13 ] 0.0000e+00 [ 0.0000e+00 ] 1.0000e+00
 1.337e+01 9.9931e-14 9.9931e-14 [ 1.8692e-45 1.0544e-25 1.1589e-22 3.3931e-15 9.6538e-14 ] 0.0000e+00 [ 0.0000e+00 ] 1.0000e+00
 1.349e+01 7.7536e-14 7.7536e-14 [ 5.5401e-46 7.3973e-26 8.2179e-23 2.6003e-15 7.4935e-14 ] 0.0000e+00 [ 0.0000e+00 ] 1.0000e+00
 1.360e+01 6.0141e-14 6.0141e-14 [ 1.6364e-46 5.2021e-26 5.8277e-23 1.9914e-15 5.8149e-14 ] 0.0000e+00 [ 0.0000e+00 ] 1.0000e+00
 1.371e+01 4.6633e-14 4.6633e-14 [ 4.8167e-47 3.6651e-26 4.1329e-23 1.5240e-15 4.5109e-14 ] 0.0000e+00 [ 0.0000e+00 ] 1.0000e+00
 1.383e+01 3.6148e-14 3.6148e-14 [ 1.4130e-47 2.5860e-26 2.9311e-23 1.1654e-15 3.4982e-14 ] 0.0000e+00 [ 0.0000e+00 ] 1.0000e+00
 1.394e+01 2.8010e-14 2.8010e-14 [ 4.1313e-48 1.8267e-26 2.0788e-23 8.9057e-16 2.7120e-14 ] 0.0000e+00 [ 0.0000e+00 ] 1.0000e+00
 1.405e+01 2.1697e-14 2.1697e-14 [ 1.2039e-48 1.2915e-26 1.4743e-23 6.8002e-16 2.1017e-14 ] 0.0000e+00 [ 0.0000e+00 ] 1.0000e+00
 1.417e+01 1.6800e-14 1.6800e-14 [ 3.4967e-49 9.1380e-27 1.0457e-23 5.1885e-16 1.6281e-14 ] 0.0000e+00 [ 0.0000e+00 ] 1.0000e+00
 1.428e+01 1.3004e-14 1.3004e-14 [ 1.0123e-49 6.4689e-27 7.4163e-24 3.9557e-16 1.2608e-14 ] 0.0000e+00 [ 0.0000e+00 ] 1.0000e+00
 1.439e+01 1.0061e-14 1.0061e-14 [ 2.9215e-50 4.5814e-27 5.2600e-24 3.0134e-16 9.7600e-15 ] 0.0000e+00 [ 0.0000e+00 ] 1.0000e+00
 1.451e+01 7.7815e-15 7.7815e-15 [ 8.4043e-51 3.2457e-27 3.7307e-24 2.2938e-16 7.5521e-15 ] 0.0000e+00 [ 0.0000e+00 ] 1.0000e+00
 1.462e+01 6.0158e-15 6.0158e-15 [ 2.4101e-51 2.3000e-27 2.6461e-24 1.7445e-16 5.8413e-15 ] 0.0000e+00 [ 0.0000e+00 ] 1.0000e+00
 1.473e+01 4.6487e-15 4.6487e-15 [ 6.8901e-52 1.6302e-27 1.8768e-24 1.3257e-16 4.5162e-15 ] 0.0000e+00 [ 0.0000e+00 ] 1.0000e+00
 1.485e+01 3.5907e-15 3.5907e-15 [ 1.9638e-52 1.1557e-27 1.3311e-24 1.0066e-16 3.4901e-15 ] 0.0000e+00 [ 0.0000e+00 ] 1.0000e+00
 1.496e+01 2.7723e-15 2.7723e-15 [ 5.5800e-53 8.1933e-28 9.4413e-25 7.6365e-17 2.6959e-15 ] 0.0000e+00 [ 0.0000e+00 ] 1.0000e+00
 1.507e+01 2.1394e-15 2.1394e-15 [ 1.5808e-53 5.8094e-28 6.6964e-25 5.7884e-17 2.0815e-15 ] 0.0000e+00 [ 0.0000e+00 ] 1.0000e+00
 1.519e+01 1.6502e-15 1.6502e-15 [ 4.4652e-54 4.1195e-28 4.7496e-25 4.3836e-17 1.6063e-15 ] 0.0000e+00 [ 0.0000e+00 ] 1.0000e+00
 1.530e+01 1.2722e-15 1.2722e-15 [ 1.2576e-54 2.9213e-28 3.3687e-25 3.3169e-17 1.2391e-15 ] 0.0000e+00 [ 0.0000e+00 ] 1.0000e+00
 1.541e+01 9.8033e-16 9.8033e-16 [ 3.5316e-55 2.0717e-28 2.3893e-25 2.5075e-17 9.5526e-16 ] 0.0000e+00 [ 0.0000e+00 ] 1.0000e+00
 1.553e+01 7.5503e-16 7.5503e-16 [ 9.8893e-56 1.4692e-28 1.6947e-25 1.8939e-17 7.3609e-16 ] 0.0000e+00 [ 0.0000e+00 ] 1.0000e+00
 1.564e+01 5.8119e-16 5.8119e-16 [ 2.7614e-56 1.0420e-28 1.2020e-25 1.4291e-17 5.6690e-16 ] 0.0000e+00 [ 0.0000e+00 ] 1.0000e+00
 1.575e+01 4.4714e-16 4.4714e-16 [ 7.6894e-57 7.3900e-29 8.5255e-26 1.0774e-17 4.3637e-16 ] 0.0000e+00 [ 0.0000e+00 ] 1.0000e+00
 1.587e+01 3.4382e-16 3.4382e-16 [ 2.1352e-57 5.2412e-29 6.0469e-26 8.1151e-18 3.3571e-16 ] 0.0000e+00 [ 0.0000e+00 ] 1.0000e+00
 1.598e+01 2.6422e-16 2.6422e-16 [ 5.9132e-58 3.7173e-29 4.2889e-26 6.1066e-18 2.5812e-16 ] 0.0000e+00 [ 0.0000e+00 ] 1.0000e+00
 1.609e+01 2.0294e-16 2.0294e-16 [ 1.6331e-58 2.6365e-29 3.0420e-26 4.5909e-18 1.9835e-16 ] 0.0000e+00 [ 0.0000e+00 ] 1.0000e+00
 1.621e+01 1.5578e-16 1.5578e-16 [ 4.4985e-59 1.8700e-29 2.1576e-26 3.4480e-18 1.5233e-16 ] 0.0000e+00 [ 0.0000e+00 ] 1.0000e+00
 1.632e+01 1.1950e-16 1.1950e-16 [ 1.2358e-59 1.3263e-29 1.5303e-26 2.5872e-18 1.1692e-16 ] 0.0000e+00 [ 0.0000e+00 ] 1.0000e+00
 1.643e+01 9.1620e-17 9.1620e-17 [ 3.3864e-60 9.4069e-30 1.0854e-26 1.9395e-18 8.9680e-17 ] 0.0000e+00 [ 0.0000e+00 ] 1.0000e+00
 1.655e+01 7.0199e-17 7.0199e-17 [ 9.2551e-61 6.6720e-30 7.6986e-27 1.4525e-18 6.8747e-17 ] 0.0000e+00 [ 0.0000e+00 ] 1.0000e+00
 1.666e+01 5.3753e-17 5.3753e-17 [ 2.5231e-61 4.7322e-30 5.4604e-27 1.0867e-18 5.2666e-17 ] 0.0000e+00 [ 0.0000e+00 ] 1.0000e+00
 1.677e+01 4.1133e-17 4.1133e-17 [ 6.8609e-62 3.3564e-30 3.8729e-27 8.1223e-19 4.0321e-17 ] 0.0000e+00 [ 0.0000e+00 ] 1.0000e+00
 1.689e+01 3.1455e-17 3.1455e-17 [ 1.8610e-62 2.3806e-30 2.7470e-27 6.0649e-19 3.0849e-17 ] 0.0000e+00 [ 0.0000e+00 ] 1.0000e+00
 1.700e+01 2.4039e-17 2.4039e-17 [ 5.0356e-63 1.6885e-30 1.9484e-27 4.5242e-19 2.3586e-17 ] 0.0000e+00 [ 0.0000e+00 ] 1.0000e+00
 1.711e+01 1.8358e-17 1.8358e-17 [ 1.3593e-63 1.1976e-30 1.3819e-27 3.3715e-19 1.8021e-17 ] 0.0000e+00 [ 0.0000e+00 ] 1.0000e+00
 1.723e+01 1.4011e-17 1.4011e-17 [ 3.6602e-64 8.4943e-31 9.8016e-28 2.5101e-19 1.3760e-17 ] 0.0000e+00 [ 0.0000e+00 ] 1.0000e+00
 1.734e+01 1.0685e-17 1.0685e-17 [ 9.8327e-65 6.0248e-31 6.9520e-28 1.8668e-19 1.0498e-17 ] 0.0000e+00 [ 0.0000e+00 ] 1.0000e+00
 1.745e+01 8.1432e-18 8.1432e-18 [ 2.6353e-65 4.2732e-31 4.9309e-28 1.3871e-19 8.0045e-18 ] 0.0000e+00 [ 0.0000e+00 ] 1.0000e+00
 1.757e+01 6.2016e-18 6.2016e-18 [ 7.0464e-66 3.0309e-31 3.4973e-28 1.0296e-19 6.0986e-18 ] 0.0000e+00 [ 0.0000e+00 ] 1.0000e+00
 1.768e+01 4.7195e-18 4.7195e-18 [ 1.8798e-66 2.1497e-31 2.4806e-28 7.6346e-20 4.6431e-18 ] 0.0000e+00 [ 0.0000e+00 ] 1.0000e+00
 1.779e+01 3.5889e-18 3.5889e-18 [ 5.0034e-67 1.5247e-31 1.7594e-28 5.6556e-20 3.5324e-18 ] 0.0000e+00 [ 0.0000e+00 ] 1.0000e+00
 1.791e+01 2.7272e-18 2.7272e-18 [ 1.3288e-67 1.0814e-31 1.2479e-28 4.1854e-20 2.6853e-18 ] 0.0000e+00 [ 0.0000e+00 ] 1.0000e+00
 1.802e+01 2.0708e-18 2.0708e-18 [ 3.5210e-68 7.6704e-32 8.8510e-29 3.0943e-20 2.0399e-18 ] 0.0000e+00 [ 0.0000e+00 ] 1.0000e+00
 1.813e+01 1.5712e-18 1.5712e-18 [ 9.3096e-69 5.4404e-32 6.2778e-29 2.2854e-20 1.5483e-18 ] 0.0000e+00 [ 0.0000e+00 ] 1.0000e+00
 1.825e+01 1.1912e-18 1.1912e-18 [ 2.4561e-69 3.8588e-32 4.4527e-29 1.6863e-20 1.1744e-18 ] 0.0000e+00 [ 0.0000e+00 ] 1.0000e+00
 1.836e+01 9.0243e-19 9.0243e-19 [ 6.4661e-70 2.7369e-32 3.1582e-29 1.2430e-20 8.9000e-19 ] 0.0000e+00 [ 0.0000e+00 ] 1.0000e+00
 1.847e+01 6.8312e-19 6.8312e-19 [ 1.6987e-70 1.9412e-32 2.2400e-29 9.1535e-21 6.7397e-19 ] 0.0000e+00 [ 0.0000e+00 ] 1.0000e+00
 1.859e+01 5.1670e-19 5.1670e-19 [ 4.4531e-71 1.3769e-32 1.5888e-29 6.7340e-21 5.0997e-19 ] 0.0000e+00 [ 0.0000e+00 ] 1.0000e+00
 1.870e+01 3.9051e-19 3.9051e-19 [ 1.1650e-71 9.7657e-33 1.1269e-29 4.9493e-21 3.8556e-19 ] 0.0000e+00 [ 0.0000e+00 ] 1.0000e+00
 1.881e+01 2.9490e-19 2.9490e-19 [ 3.0414e-72 6.9265e-33 7.9926e-30 3.6340e-21 2.9127e-19 ] 0.0000e+00 [ 0.0000e+00 ] 1.0000e+00
 1.893e+01 2.2252e-19 2.2252e-19 [ 7.9241e-73 4.9128e-33 5.6690e-30 2.6657e-21 2.1985e-19 ] 0.0000e+00 [ 0.0000e+00 ] 1.0000e+00
 1.904e+01 1.6776e-19 1.6776e-19 [ 2.0604e-73 3.4845e-33 4.0208e-30 1.9535e-21 1.6581e-19 ] 0.0000e+00 [ 0.0000e+00 ] 1.0000e+00
 1.915e+01 1.2638e-19 1.2638e-19 [ 5.3468e-74 2.4715e-33 2.8519e-30 1.4303e-21 1.2495e-19 ] 0.0000e+00 [ 0.0000e+00 ] 1.0000e+00
 1.927e+01 9.5125e-20 9.5125e-20 [ 1.3848e-74 1.7530e-33 2.0228e-30 1.0462e-21 9.4079e-20 ] 0.0000e+00 [ 0.0000e+00 ] 1.0000e+00
 1.938e+01 7.1540e-20 7.1540e-20 [ 3.5795e-75 1.2433e-33 1.4347e-30 7.6453e-22 7.0775e-20 ] 0.0000e+00 [ 0.0000e+00 ] 1.0000e+00
 1.949e+01 5.3757e-20 5.3757e-20 [ 9.2349e-76 8.8186e-34 1.0176e-30 5.5818e-22 5.3199e-20 ] 0.0000e+00 [ 0.0000e+00 ] 1.0000e+00
 1.961e+01 4.0361e-20 4.0361e-20 [ 2.3780e-76 6.2548e-34 7.2175e-31 4.0716e-22 3.9954e-20 ] 0.0000e+00 [ 0.0000e+00 ] 1.0000e+00
 1.972e+01 3.0277e-20 3.0277e-20 [ 6.1118e-77 4.4363e-34 5.1192e-31 2.9672e-22 2.9980e-20 ] 0.0000e+00 [ 0.0000e+00 ] 1.0000e+00
 1.983e+01 2.2693e-20 2.2693e-20 [ 1.5679e-77 3.1466e-34 3.6309e-31 2.1605e-22 2.2477e-20 ] 0.0000e+00 [ 0.0000e+00 ] 1.0000e+00
 1.995e+01 1.6994e-20 1.6994e-20 [ 4.0149e-78 2.2318e-34 2.5753e-31 1.5717e-22 1.6837e-20 ] 0.0000e+00 [ 0.0000e+00 ] 1.0000e+00
 2.006e+01 1.2716e-20 1.2716e-20 [ 1.0262e-78 1.5829e-34 1.8266e-31 1.1424e-22 1.2602e-20 ] 0.0000e+00 [ 0.0000e+00 ] 1.0000e+00
 2.017e+01 9.5061e-21 9.5061e-21 [ 2.6183e-79 1.1227e-34 1.2955e-31 8.2963e-23 9.4232e-21 ] 0.0000e+00 [ 0.0000e+00 ] 1.0000e+00
 2.029e+01 7.1005e-21 7.1005e-21 [ 6.6683e-80 7.9633e-35 9.1890e-32 6.0198e-23 7.0403e-21 ] 0.0000e+00 [ 0.0000e+00 ] 1.0000e+00
 2.040e+01 5.2990e-21 5.2990e-21 [ 1.6953e-80 5.6482e-35 6.5175e-32 4.3644e-23 5.2554e-21 ] 0.0000e+00 [ 0.0000e+00 ] 1.0000e+00
 2.051e+01 3.9511e-21 3.9511e-21 [ 4.3025e-81 4.0061e-35 4.6227e-32 3.1616e-23 3.9195e-21 ] 0.0000e+00 [ 0.0000e+00 ] 1.0000e+00
 2.063e+01 2.9436e-21 2.9436e-21 [ 1.0900e-81 2.8414e-35 3.2788e-32 2.2884e-23 2.9207e-21 ] 0.0000e+00 [ 0.0000e+00 ] 1.0000e+00
 2.074e+01 2.1910e-21 2.1910e-21 [ 2.7569e-82 2.0153e-35 2.3255e-32 1.6551e-23 2.1744e-21 ] 0.0000e+00 [ 0.0000e+00 ] 1.0000e+00
 2.085e+01 1.6294e-21 1.6294e-21 [ 6.9609e-83 1.4294e-35 1.6494e-32 1.1961e-23 1.6175e-21 ] 0.0000e+00 [ 0.0000e+00 ] 1.0000e+00
 2.097e+01 1.2107e-21 1.2107e-21 [ 1.7546e-83 1.0139e-35 1.1699e-32 8.6373e-24 1.2021e-21 ] 0.0000e+00 [ 0.0000e+00 ] 1.0000e+00
 2.108e+01 8.9881e-22 8.9881e-22 [ 4.4154e-84 7.1910e-36 8.2978e-33 6.2326e-24 8.9257e-22 ] 0.0000e+00 [ 0.0000e+00 ] 1.0000e+00
 2.119e+01 6.6667e-22 6.6667e-22 [ 1.1093e-84 5.1004e-36 5.8854e-33 4.4940e-24 6.6218e-22 ] 0.0000e+00 [ 0.0000e+00 ] 1.0000e+00
 2.131e+01 4.9406e-22 4.9406e-22 [ 2.7824e-85 3.6176e-36 4.1744e-33 3.2382e-24 4.9082e-22 ] 0.0000e+00 [ 0.0000e+00 ] 1.0000e+00
 2.142e+01 3.6582e-22 3.6582e-22 [ 6.9679e-86 2.5659e-36 2.9608e-33 2.3316e-24 3.6348e-22 ] 0.0000e+00 [ 0.0000e+00 ] 1.0000e+00
 2.153e+01 2.7062e-22 2.7062e-22 [ 1.7421e-86 1.8199e-36 2.1000e-33 1.6777e-24 2.6895e-22 ] 0.0000e+00 [ 0.0000e+00 ] 1.0000e+00
 2.165e+01 2.0003e-22 2.0003e-22 [ 4.3489e-87 1.2908e-36 1.4895e-33 1.2064e-24 1.9882e-22 ] 0.0000e+00 [ 0.0000e+00 ] 1.0000e+00
 2.176e+01 1.4772e-22 1.4772e-22 [ 1.0839e-87 9.1553e-37 1.0564e-33 8.6692e-25 1.4685e-22 ] 0.0000e+00 [ 0.0000e+00 ] 1.0000e+00
 2.187e+01 1.0900e-22 1.0900e-22 [ 2.6974e-88 6.4936e-37 7.4931e-34 6.2258e-25 1.0837e-22 ] 0.0000e+00 [ 0.0000e+00 ] 1.0000e+00
 2.199e+01 8.0353e-23 8.0353e-23 [ 6.7024e-89 4.6057e-37 5.3146e-34 4.4684e-25 7.9906e-23 ] 0.0000e+00 [ 0.0000e+00 ] 1.0000e+00
 2.210e+01 5.9186e-23 5.9186e-23 [ 1.6628e-89 3.2667e-37 3.7695e-34 3.2051e-25 5.8865e-23 ] 0.0000e+00 [ 0.0000e+00 ] 1.0000e+00
 2.221e+01 4.3557e-23 4.3557e-23 [ 4.1193e-90 2.3170e-37 2.6736e-34 2.2977e-25 4.3327e-23 ] 0.0000e+00 [ 0.0000e+00 ] 1.0000e+00
 2.233e+01 3.2028e-23 3.2028e-23 [ 1.0190e-90 1.6434e-37 1.8963e-34 1.6462e-25 3.1863e-23 ] 0.0000e+00 [ 0.0000e+00 ] 1.0000e+00
 2.244e+01 2.3530e-23 2.3530e-23 [ 2.5168e-91 1.1656e-37 1.3450e-34 1.1788e-25 2.3412e-23 ] 0.0000e+00 [ 0.0000e+00 ] 1.0000e+00
 2.255e+01 1.7273e-23 1.7273e-23 [ 6.2072e-92 8.2674e-38 9.5399e-35 8.4371e-26 1.7188e-23 ] 0.0000e+00 [ 0.0000e+00 ] 1.0000e+00
 2.267e+01 1.2668e-23 1.2668e-23 [ 1.5287e-92 5.8638e-38 6.7664e-35 6.0355e-26 1.2608e-23 ] 0.0000e+00 [ 0.0000e+00 ] 1.0000e+00
 2.278e+01 9.2836e-24 9.2836e-24 [ 3.7596e-93 4.1591e-38 4.7992e-35 4.3155e-26 9.2405e-24 ] 0.0000e+00 [ 0.0000e+00 ] 1.0000e+00
 2.289e+01 6.7976e-24 6.7976e-24 [ 9.2328e-94 2.9499e-38 3.4040e-35 3.0842e-26 6.7667e-24 ] 0.0000e+00 [ 0.0000e+00 ] 1.0000e+00
 2.301e+01 4.9731e-24 4.9731e-24 [ 2.2642e-94 2.0923e-38 2.4143e-35 2.2032e-26 4.9511e-24 ] 0.0000e+00 [ 0.0000e+00 ] 1.0000e+00
 2.312e+01 3.6354e-24 3.6354e-24 [ 5.5450e-95 1.4840e-38 1.7124e-35 1.5732e-26 3.6196e-24 ] 0.0000e+00 [ 0.0000e+00 ] 1.0000e+00
 2.323e+01 2.6553e-24 2.6553e-24 [ 1.3561e-95 1.0526e-38 1.2146e-35 1.1229e-26 2.6441e-24 ] 0.0000e+00 [ 0.0000e+00 ] 1.0000e+00
 2.335e+01 1.9379e-24 1.9379e-24 [ 3.3120e-96 7.4656e-39 8.6147e-36 8.0114e-27 1.9299e-24 ] 0.0000e+00 [ 0.0000e+00 ] 1.0000e+00
 2.346e+01 1.4132e-24 1.4132e-24 [ 8.0779e-97 5.2952e-39 6.1102e-36 5.7137e-27 1.4074e-24 ] 0.0000e+00 [ 0.0000e+00 ] 1.0000e+00
 2.357e+01 1.0297e-24 1.0297e-24 [ 1.9676e-97 3.7557e-39 4.3338e-36 4.0736e-27 1.0256e-24 ] 0.0000e+00 [ 0.0000e+00 ] 1.0000e+00
 2.369e+01 7.4970e-25 7.4970e-25 [ 4.7861e-98 2.6638e-39 3.0738e-36 2.9033e-27 7.4680e-25 ] 0.0000e+00 [ 0.0000e+00 ] 1.0000e+00
 2.380e+01 5.4542e-25 5.4542e-25 [ 1.1627e-98 1.8894e-39 2.1802e-36 2.0685e-27 5.4335e-25 ] 0.0000e+00 [ 0.0000e+00 ] 1.0000e+00
 2.391e+01 3.9649e-25 3.9649e-25 [ 2.8209e-99 1.3401e-39 1.5463e-36 1.4733e-27 3.9502e-25 ] 0.0000e+00 [ 0.0000e+00 ] 1.0000e+00
 2.403e+01 2.8801e-25 2.8801e-25 [ 6.8353e-100 9.5049e-40 1.0968e-36 1.0490e-27 2.8696e-25 ] 0.0000e+00 [ 0.0000e+00 ] 1.0000e+00
 2.414e+01 2.0906e-25 2.0906e-25 [ 1.6541e-100 6.7416e-40 7.7792e-37 7.4675e-28 2.0831e-25 ] 0.0000e+00 [ 0.0000e+00 ] 1.0000e+00
 2.425e+01 1.5163e-25 1.5163e-25 [ 3.9979e-101 4.7816e-40 5.5176e-37 5.3143e-28 1.5110e-25 ] 0.0000e+00 [ 0.0000e+00 ] 1.0000e+00
 2.437e+01 1.0990e-25 1.0990e-25 [ 9.6505e-102 3.3915e-40 3.9135e-37 3.7810e-28 1.0952e-25 ] 0.0000e+00 [ 0.0000e+00 ] 1.0000e+00
 2.448e+01 7.9597e-26 7.9597e-26 [ 2.3266e-102 2.4055e-40 2.7757e-37 2.6895e-28 7.9329e-26 ] 0.0000e+00 [ 0.0000e+00 ] 1.0000e+00
 2.459e+01 5.7609e-26 5.7609e-26 [ 5.6024e-103 1.7061e-40 1.9687e-37 1.9126e-28 5.7418e-26 ] 0.0000e+00 [ 0.0000e+00 ] 1.0000e+00
 2.471e+01 4.1665e-26 4.1665e-26 [ 1.3474e-103 1.2101e-40 1.3964e-37 1.3599e-28 4.1529e-26 ] 0.0000e+00 [ 0.0000e+00 ] 1.0000e+00
 2.482e+01 3.0113e-26 3.0113e-26 [ 3.2366e-104 8.5831e-41 9.9041e-38 9.6671e-29 3.0017e-26 ] 0.0000e+00 [ 0.0000e+00 ] 1.0000e+00
 2.493e+01 2.1750e-26 2.1750e-26 [ 7.7655e-105 6.0878e-41 7.0248e-38 6.8708e-29 2.1681e-26 ] 0.0000e+00 [ 0.0000e+00 ] 1.0000e+00
 2.505e+01 1.5699e-26 1.5699e-26 [ 1.8609e-105 4.3179e-41 4.9825e-38 4.8825e-29 1.5650e-26 ] 0.0000e+00 [ 0.0000e+00 ] 1.0000e+00
 2.516e+01 1.1323e-26 1.1323e-26 [ 4.4543e-106 3.0626e-41 3.5339e-38 3.4691e-29 1.1289e-26 ] 0.0000e+00 [ 0.0000e+00 ] 1.0000e+00
 2.527e+01 8.1625e-27 8.1625e-27 [ 1.0650e-106 2.1722e-41 2.5065e-38 2.4644e-29 8.1379e-27 ] 0.0000e+00 [ 0.0000e+00 ] 1.0000e+00
 2.539e+01 5.8802e-27 5.8802e-27 [ 2.5432e-107 1.5407e-41 1.7778e-38 1.7505e-29 5.8627e-27 ] 0.0000e+00 [ 0.0000e+00 ] 1.0000e+00
 2.550e+01 4.2335e-27 4.2335e-27 [ 6.0664e-108 1.0928e-41 1.2610e-38 1.2432e-29 4.2210e-27 ] 0.0000e+00 [ 0.0000e+00 ] 1.0000e+00
 2.561e+01 3.0461e-27 3.0461e-27 [ 1.4454e-108 7.7507e-42 8.9436e-39 8.8285e-30 3.0372e-27 ] 0.0000e+00 [ 0.0000e+00 ] 1.0000e+00
 2.573e+01 2.1904e-27 2.1904e-27 [ 3.4400e-109 5.4973e-42 6.3435e-39 6.2687e-30 2.1841e-27 ] 0.0000e+00 [ 0.0000e+00 ] 1.0000e+00
 2.584e+01 1.5742e-27 1.5742e-27 [ 8.1780e-110 3.8991e-42 4.4993e-39 4.4506e-30 1.5698e-27 ] 0.0000e+00 [ 0.0000e+00 ] 1.0000e+00
 2.595e+01 1.1307e-27 1.1307e-27 [ 1.9420e-110 2.7655e-42 3.1912e-39 3.1596e-30 1.1276e-27 ] 0.0000e+00 [ 0.0000e+00 ] 1.0000e+00
 2.607e+01 8.1173e-28 8.1173e-28 [ 4.6067e-111 1.9615e-42 2.2634e-39 2.2428e-30 8.0948e-28 ] 0.0000e+00 [ 0.0000e+00 ] 1.0000e+00
 2.618e+01 5.8242e-28 5.8242e-28 [ 1.0916e-111 1.3913e-42 1.6054e-39 1.5919e-30 5.8082e-28 ] 0.0000e+00 [ 0.0000e+00 ] 1.0000e+00
 2.629e+01 4.1767e-28 4.1767e-28 [ 2.5837e-112 9.8678e-43 1.1387e-39 1.1299e-30 4.1654e-28 ] 0.0000e+00 [ 0.0000e+00 ] 1.0000e+00
 2.641e+01 2.9937e-28 2.9937e-28 [ 6.1092e-113 6.9990e-43 8.0762e-40 8.0187e-31 2.9857e-28 ] 0.0000e+00 [ 0.0000e+00 ] 1.0000e+00
 2.652e+01 2.1447e-28 2.1447e-28 [ 1.4430e-113 4.9642e-43 5.7283e-40 5.6905e-31 2.1390e-28 ] 0.0000e+00 [ 0.0000e+00 ] 1.0000e+00
 2.663e+01 1.5358e-28 1.5358e-28 [ 3.4047e-114 3.5210e-43 4.0629e-40 4.0381e-31 1.5317e-28 ] 0.0000e+00 [ 0.0000e+00 ] 1.0000e+00
 2.675e+01 1.0992e-28 1.0992e-28 [ 8.0251e-115 2.4973e-43 2.8817e-40 2.8653e-31 1.0964e-28 ] 0.0000e+00 [ 0.0000e+00 ] 1.0000e+00
 2.686e+01 7.8640e-29 7.8640e-29 [ 1.8896e-115 1.7713e-43 2.0439e-40 2.0331e-31 7.8437e-29 ] 0.0000e+00 [ 0.0000e+00 ] 1.0000e+00
 2.697e+01 5.6236e-29 5.6236e-29 [ 4.4448e-116 1.2563e-43 1.4497e-40 1.4425e-31 5.6092e-29 ] 0.0000e+00 [ 0.0000e+00 ] 1.0000e+00
 2.709e+01 4.0198e-29 4.0198e-29 [ 1.0445e-116 8.9108e-44 1.0282e-40 1.0235e-31 4.0096e-29 ] 0.0000e+00 [ 0.0000e+00 ] 1.0000e+00
 2.720e+01 2.8722e-29 2.8722e-29 [ 2.4519e-117 6.3202e-44 7.2930e-41 7.2611e-32 2.8650e-29 ] 0.0000e+00 [ 0.0000e+00 ] 1.0000e+00
 2.731e+01 2.0514e-29 2.0514e-29 [ 5.7500e-118 4.4827e-44 5.1727e-41 5.1514e-32 2.0463e-29 ] 0.0000e+00 [ 0.0000e+00 ] 1.0000e+00
 2.743e+01 1.4647e-29 1.4647e-29 [ 1.3471e-118 3.1795e-44 3.6689e-41 3.6545e-32 1.4610e-29 ] 0.0000e+00 [ 0.0000e+00 ] 1.0000e+00
 2.754e+01 1.0453e-29 1.0453e-29 [ 3.1531e-119 2.2551e-44 2.6022e-41 2.5925e-32 1.0427e-29 ] 0.0000e+00 [ 0.0000e+00 ] 1.0000e+00
 2.765e+01 7.4581e-30 7.4581e-30 [ 7.3727e-120 1.5995e-44 1.8457e-41 1.8391e-32 7.4397e-30 ] 0.0000e+00 [ 0.0000e+00 ] 1.0000e+00
 2.777e+01 5.3192e-30 5.3192e-30 [ 1.7223e-120 1.1345e-44 1.3091e-41 1.3046e-32 5.3062e-30 ] 0.0000e+00 [ 0.0000e+00 ] 1.0000e+00
 2.788e+01 3.7925e-30 3.7925e-30 [ 4.0195e-121 8.0465e-45 9.2851e-42 9.2547e-33 3.7833e-30 ] 0.0000e+00 [ 0.0000e+00 ] 1.0000e+00
 2.799e+01 2.7032e-30 2.7032e-30 [ 9.3718e-122 5.7072e-45 6.5857e-42 6.5649e-33 2.6966e-30 ] 0.0000e+00 [ 0.0000e+00 ] 1.0000e+00
 2.811e+01 1.9262e-30 1.9262e-30 [ 2.1831e-122 4.0479e-45 4.6711e-42 4.6568e-33 1.9215e-30 ] 0.0000e+00 [ 0.0000e+00 ] 1.0000e+00
 2.822e+01 1.3721e-30 1.3721e-30 [ 5.0805e-123 2.8711e-45 3.3131e-42 3.3032e-33 1.3688e-30 ] 0.0000e+00 [ 0.0000e+00 ] 1.0000e+00
 2.833e+01 9.7717e-31 9.7717e-31 [ 1.1813e-123 2.0364e-45 2.3499e-42 2.3431e-33 9.7483e-31 ] 0.0000e+00 [ 0.0000e+00 ] 1.0000e+00
 2.845e+01 6.9572e-31 6.9572e-31 [ 2.7440e-124 1.4443e-45 1.6667e-42 1.6620e-33 6.9406e-31 ] 0.0000e+00 [ 0.0000e+00 ] 1.0000e+00
 2.856e+01 4.9522e-31 4.9522e-31 [ 6.3685e-125 1.0244e-45 1.1821e-42 1.1789e-33 4.9404e-31 ] 0.0000e+00 [ 0.0000e+00 ] 1.0000e+00
 2.867e+01 3.5242e-31 3.5242e-31 [ 1.4767e-125 7.2659e-46 8.3846e-43 8.3619e-34 3.5158e-31 ] 0.0000e+00 [ 0.0000e+00 ] 1.0000e+00
 2.879e+01 2.5074e-31 2.5074e-31 [ 3.4210e-126 5.1535e-46 5.9470e-43 5.9312e-34 2.5014e-31 ] 0.0000e+00 [ 0.0000e+00 ] 1.0000e+00
 2.890e+01 1.7836e-31 1.7836e-31 [ 7.9184e-127 3.6552e-46 4.2180e-43 4.2070e-34 1.7794e-31 ] 0.0000e+00 [ 0.0000e+00 ] 1.0000e+00
 2.901e+01 1.2684e-31 1.2684e-31 [ 1.8312e-127 2.5925e-46 2.9917e-43 2.9840e-34 1.2655e-31 ] 0.0000e+00 [ 0.0000e+00 ] 1.0000e+00
 2.913e+01 9.0193e-32 9.0193e-32 [ 4.2311e-128 1.8388e-46 2.1219e-43 2.1165e-34 8.9981e-32 ] 0.0000e+00 [ 0.0000e+00 ] 1.0000e+00
 2.924e+01 6.4121e-32 6.4121e-32 [ 9.7678e-129 1.3042e-46 1.5050e-43 1.5012e-34 6.3970e-32 ] 0.0000e+00 [ 0.0000e+00 ] 1.0000e+00
 2.935e+01 4.5577e-32 4.5577e-32 [ 2.2530e-129 9.2500e-47 1.0675e-43 1.0648e-34 4.5471e-32 ] 0.0000e+00 [ 0.0000e+00 ] 1.0000e+00
 2.947e+01 3.2391e-32 3.2391e-32 [ 5.1924e-130 6.5606e-47 7.5713e-44 7.5526e-35 3.2316e-32 ] 0.0000e+00 [ 0.0000e+00 ] 1.0000e+00
 2.958e+01 2.3017e-32 2.3017e-32 [ 1.1956e-130 4.6532e-47 5.3701e-44 5.3569e-35 2.2963e-32 ] 0.0000e+00 [ 0.0000e+00 ] 1.0000e+00
 2.969e+01 1.6353e-32 1.6353e-32 [ 2.7508e-131 3.3003e-47 3.8089e-44 3.7996e-35 1.6315e-32 ] 0.0000e+00 [ 0.0000e+00 ] 1.0000e+00
 2.981e+01 1.1617e-32 1.1617e-32 [ 6.3236e-132 2.3407e-47 2.7015e-44 2.6950e-35 1.1590e-32 ] 0.0000e+00 [ 0.0000e+00 ] 1.0000e+00
 2.992e+01 8.2518e-33 8.2518e-33 [ 1.4525e-132 1.6601e-47 1.9161e-44 1.9115e-35 8.2327e-33 ] 0.0000e+00 [ 0.0000e+00 ] 1.0000e+00
 3.003e+01 5.8606e-33 5.8606e-33 [ 3.3335e-133 1.1774e-47 1.3590e-44 1.3558e-35 5.8471e-33 ] 0.0000e+00 [ 0.0000e+00 ] 1.0000e+00
 3.015e+01 4.1619e-33 4.1619e-33 [ 7.6442e-134 8.3508e-48 9.6390e-45 9.6163e-36 4.1523e-33 ] 0.0000e+00 [ 0.0000e+00 ] 1.0000e+00
 3.026e+01 2.9553e-33 2.9553e-33 [ 1.7515e-134 5.9226e-48 6.8366e-45 6.8206e-36 2.9484e-33 ] 0.0000e+00 [ 0.0000e+00 ] 1.0000e+00
 3.037e+01 2.0983e-33 2.0983e-33 [ 4.0100e-135 4.2005e-48 4.8489e-45 4.8377e-36 2.0934e-33 ] 0.0000e+00 [ 0.0000e+00 ] 1.0000e+00
 3.049e+01 1.4897e-33 1.4897e-33 [ 9.1736e-136 2.9790e-48 3.4391e-45 3.4313e-36 1.4862e-33 ] 0.0000e+00 [ 0.0000e+00 ] 1.0000e+00
 3.060e+01 1.0575e-33 1.0575e-33 [ 2.0969e-136 2.1127e-48 2.4392e-45 2.4337e-36 1.0551e-33 ] 0.0000e+00 [ 0.0000e+00 ] 1.0000e+00
 3.071e+01 7.5065e-34 7.5065e-34 [ 4.7895e-137 1.4983e-48 1.7300e-45 1.7262e-36 7.4892e-34 ] 0.0000e+00 [ 0.0000e+00 ] 1.0000e+00
 3.083e+01 5.3280e-34 5.3280e-34 [ 1.0931e-137 1.0626e-48 1.2270e-45 1.2243e-36 5.3157e-34 ] 0.0000e+00 [ 0.0000e+00 ] 1.0000e+00
 3.094e+01 3.7815e-34 3.7815e-34 [ 2.4928e-138 7.5356e-49 8.7026e-46 8.6840e-37 3.7728e-34 ] 0.0000e+00 [ 0.0000e+00 ] 1.0000e+00
 3.105e+01 2.6837e-34 2.6837e-34 [ 5.6805e-139 5.3439e-49 6.1722e-46 6.1593e-37 2.6776e-34 ] 0.0000e+00 [ 0.0000e+00 ] 1.0000e+00
 3.117e+01 1.9045e-34 1.9045e-34 [ 1.2935e-139 3.7896e-49 4.3775e-46 4.3686e-37 1.9002e-34 ] 0.0000e+00 [ 0.0000e+00 ] 1.0000e+00
 3.128e+01 1.3515e-34 1.3515e-34 [ 2.9430e-140 2.6873e-49 3.1046e-46 3.0986e-37 1.3484e-34 ] 0.0000e+00 [ 0.0000e+00 ] 1.0000e+00
 3.139e+01 9.5901e-35 9.5901e-35 [ 6.6913e-141 1.9055e-49 2.2019e-46 2.1977e-37 9.5681e-35 ] 0.0000e+00 [ 0.0000e+00 ] 1.0000e+00
 3.151e+01 6.8047e-35 6.8047e-35 [ 1.5202e-141 1.3512e-49 1.5616e-46 1.5588e-37 6.7892e-35 ] 0.0000e+00 [ 0.0000e+00 ] 1.0000e+00
 3.162e+01 4.8282e-35 4.8282e-35 [ 3.4512e-142 9.5804e-50 1.1075e-46 1.1056e-37 4.8171e-35 ] 0.0000e+00 [ 0.0000e+00 ] 1.0000e+00
 3.173e+01 3.4256e-35 3.4256e-35 [ 7.8293e-143 6.7927e-50 7.8538e-47 7.8418e-38 3.4178e-35 ] 0.0000e+00 [ 0.0000e+00 ] 1.0000e+00
 3.185e+01 2.4304e-35 2.4304e-35 [ 1.7748e-143 4.8159e-50 5.5696e-47 5.5620e-38 2.4249e-35 ] 0.0000e+00 [ 0.0000e+00 ] 1.0000e+00
 3.196e+01 1.7243e-35 1.7243e-35 [ 4.0205e-144 3.4142e-50 3.9497e-47 3.9450e-38 1.7204e-35 ] 0.0000e+00 [ 0.0000e+00 ] 1.0000e+00
 3.207e+01 1.2233e-35 1.2233e-35 [ 9.1010e-145 2.4203e-50 2.8008e-47 2.7981e-38 1.2205e-35 ] 0.0000e+00 [ 0.0000e+00 ] 1.0000e+00
 3.219e+01 8.6784e-36 8.6784e-36 [ 2.0587e-145 1.7157e-50 1.9861e-47 1.9846e-38 8.6586e-36 ] 0.0000e+00 [ 0.0000e+00 ] 1.0000e+00
 3.230e+01 6.1566e-36 6.1566e-36 [ 4.6535e-146 1.2161e-50 1.4083e-47 1.4076e-38 6.1425e-36 ] 0.0000e+00 [ 0.0000e+00 ] 1.0000e+00
 3.241e+01 4.3674e-36 4.3674e-36 [ 1.0512e-146 8.6188e-51 9.9853e-48 9.9839e-39 4.3575e-36 ] 0.0000e+00 [ 0.0000e+00 ] 1.0000e+00
 3.253e+01 3.0982e-36 3.0982e-36 [ 2.3728e-147 6.1080e-51 7.0797e-48 7.0813e-39 3.0911e-36 ] 0.0000e+00 [ 0.0000e+00 ] 1.0000e+00
 3.264e+01 2.1978e-36 2.1978e-36 [ 5.3523e-148 4.3282e-51 5.0193e-48 5.0226e-39 2.1927e-36 ] 0.0000e+00 [ 0.0000e+00 ] 1.0000e+00
 3.275e+01 1.5590e-36 1.5590e-36 [ 1.2065e-148 3.0667e-51 3.5583e-48 3.5624e-39 1.5554e-36 ] 0.0000e+00 [ 0.0000e+00 ] 1.0000e+00
 3.287e+01 1.1059e-36 1.1059e-36 [ 2.7178e-149 2.1726e-51 2.5224e-48 2.5267e-39 1.1034e-36 ] 0.0000e+00 [ 0.0000e+00 ] 1.0000e+00
 3.298e+01 7.8445e-37 7.8445e-37 [ 6.1179e-150 1.5390e-51 1.7879e-48 1.7921e-39 7.8266e-37 ] 0.0000e+00 [ 0.0000e+00 ] 1.0000e+00
 3.309e+01 5.5644e-37 5.5644e-37 [ 1.3763e-150 1.0900e-51 1.2672e-48 1.2711e-39 5.5517e-37 ] 0.0000e+00 [ 0.0000e+00 ] 1.0000e+00
 3.321e+01 3.9470e-37 3.9470e-37 [ 3.0940e-151 7.7186e-52 8.9805e-49 9.0157e-40 3.9380e-37 ] 0.0000e+00 [ 0.0000e+00 ] 1.0000e+00
 3.332e+01 2.7997e-37 2.7997e-37 [ 6.9509e-152 5.4649e-52 6.3637e-49 6.3946e-40 2.7933e-37 ] 0.0000e+00 [ 0.0000e+00 ] 1.0000e+00
 3.343e+01 1.9859e-37 1.9859e-37 [ 1.5606e-152 3.8685e-52 4.5088e-49 4.5355e-40 1.9813e-37 ] 0.0000e+00 [ 0.0000e+00 ] 1.0000e+00
 3.355e+01 1.4086e-37 1.4086e-37 [ 3.5013e-153 2.7379e-52 3.1941e-49 3.2169e-40 1.4054e-37 ] 0.0000e+00 [ 0.0000e+00 ] 1.0000e+00
 3.366e+01 9.9912e-38 9.9912e-38 [ 7.8506e-154 1.9373e-52 2.2624e-49 2.2817e-40 9.9684e-38 ] 0.0000e+00 [ 0.0000e+00 ] 1.0000e+00
 3.377e+01 7.0868e-38 7.0868e-38 [ 1.7591e-154 1.3705e-52 1.6022e-49 1.6183e-40 7.0706e-38 ] 0.0000e+00 [ 0.0000e+00 ] 1.0000e+00
 3.389e+01 5.0267e-38 5.0267e-38 [ 3.9392e-155 9.6922e-53 1.1344e-49 1.1478e-40 5.0152e-38 ] 0.0000e+00 [ 0.0000e+00 ] 1.0000e+00
 3.400e+01 3.5654e-38 3.5654e-38 [ 8.8153e-156 6.8526e-53 8.0306e-50 8.1412e-41 3.5572e-38 ] 0.0000e+00 [ 0.0000e+00 ] 1.0000e+00
 3.411e+01 2.5289e-38 2.5289e-38 [ 1.9715e-156 4.8434e-53 5.6835e-50 5.7743e-41 2.5231e-38 ] 0.0000e+00 [ 0.0000e+00 ] 1.0000e+00
 3.423e+01 1.7937e-38 1.7937e-38 [ 4.4064e-157 3.4222e-53 4.0214e-50 4.0956e-41 1.7896e-38 ] 0.0000e+00 [ 0.0000e+00 ] 1.0000e+00
 3.434e+01 1.2723e-38 1.2723e-38 [ 9.8424e-158 2.4171e-53 2.8446e-50 2.9049e-41 1.2694e-38 ] 0.0000e+00 [ 0.0000e+00 ] 1.0000e+00
 3.445e+01 9.0241e-39 9.0241e-39 [ 2.1971e-158 1.7066e-53 2.0115e-50 2.0603e-41 9.0035e-39 ] 0.0000e+00 [ 0.0000e+00 ] 1.0000e+00
 3.457e+01 6.4006e-39 6.4006e-39 [ 4.9015e-159 1.2044e-53 1.4219e-50 1.4613e-41 6.3860e-39 ] 0.0000e+00 [ 0.0000e+00 ] 1.0000e+00
 3.468e+01 4.5399e-39 4.5399e-39 [ 1.0928e-159 8.4962e-54 1.0048e-50 1.0365e-41 4.5295e-39 ] 0.0000e+00 [ 0.0000e+00 ] 1.0000e+00
 3.479e+01 3.2200e-39 3.2200e-39 [ 2.4350e-160 5.9905e-54 7.0971e-51 7.3512e-42 3.2127e-39 ] 0.0000e+00 [ 0.0000e+00 ] 1.0000e+00
 3.491e+01 2.2839e-39 2.2839e-39 [ 5.4223e-161 4.2217e-54 5.0109e-51 5.2139e-42 2.2787e-39 ] 0.0000e+00 [ 0.0000e+00 ] 1.0000e+00
 3.502e+01 1.6199e-39 1.6199e-39 [ 1.2067e-161 2.9735e-54 3.5362e-51 3.6979e-42 1.6162e-39 ] 0.0000e+00 [ 0.0000e+00 ] 1.0000e+00
 3.513e+01 1.1490e-39 1.1490e-39 [ 2.6840e-162 2.0931e-54 2.4942e-51 2.6227e-42 1.1464e-39 ] 0.0000e+00 [ 0.0000e+00 ] 1.0000e+00
 3.525e+01 8.1495e-40 8.1495e-40 [ 5.9661e-163 1.4724e-54 1.7582e-51 1.8601e-42 8.1309e-40 ] 0.0000e+00 [ 0.0000e+00 ] 1.0000e+00
 3.536e+01 5.7803e-40 5.7803e-40 [ 1.3254e-163 1.0351e-54 1.2387e-51 1.3192e-42 5.7671e-40 ] 0.0000e+00 [ 0.0000e+00 ] 1.0000e+00
 3.547e+01 4.0998e-40 4.0998e-40 [ 2.9428e-164 7.2714e-55 8.7210e-52 9.3553e-43 4.0905e-40 ] 0.0000e+00 [ 0.0000e+00 ] 1.0000e+00
 3.559e+01 2.9079e-40 2.9079e-40 [ 6.5300e-165 5.1042e-55 6.1357e-52 6.6343e-43 2.9013e-40 ] 0.0000e+00 [ 0.0000e+00 ] 1.0000e+00
 3.570e+01 2.0625e-40 2.0625e-40 [ 1.4482e-165 3.5799e-55 4.3134e-52 4.7044e-43 2.0578e-40 ] 0.0000e+00 [ 0.0000e+00 ] 1.0000e+00
 3.581e+01 1.4629e-40 1.4629e-40 [ 3.2098e-166 2.5086e-55 3.0299e-52 3.3357e-43 1.4595e-40 ] 0.0000e+00 [ 0.0000e+00 ] 1.0000e+00
 3.593e+01 1.0376e-40 1.0376e-40 [ 7.1104e-167 1.7563e-55 2.1264e-52 2.3649e-43 1.0352e-40 ] 0.0000e+00 [ 0.0000e+00 ] 1.0000e+00
 3.604e+01 7.3593e-41 7.3593e-41 [ 1.5742e-167 1.2284e-55 1.4909e-52 1.6765e-43 7.3425e-41 ] 0.0000e+00 [ 0.0000e+00 ] 1.0000e+00
 3.615e+01 5.2197e-41 5.2197e-41 [ 3.4834e-168 8.5821e-56 1.0443e-52 1.1882e-43 5.2079e-41 ] 0.0000e+00 [ 0.0000e+00 ] 1.0000e+00
 3.627e+01 3.7022e-41 3.7022e-41 [ 7.7037e-169 5.9892e-56 7.3061e-53 8.4201e-44 3.6938e-41 ] 0.0000e+00 [ 0.0000e+00 ] 1.0000e+00
 3.638e+01 2.6259e-41 2.6259e-41 [ 1.7028e-169 4.1746e-56 5.1056e-53 5.9651e-44 2.6199e-41 ] 0.0000e+00 [ 0.0000e+00 ] 1.0000e+00
 3.649e+01 1.8624e-41 1.8624e-41 [ 3.7619e-170 2.9061e-56 3.5634e-53 4.2244e-44 1.8582e-41 ] 0.0000e+00 [ 0.0000e+00 ] 1.0000e+00
 3.661e+01 1.3210e-41 1.3210e-41 [ 8.3065e-171 2.0202e-56 2.4836e-53 2.9905e-44 1.3180e-41 ] 0.0000e+00 [ 0.0000e+00 ] 1.0000e+00
 3.672e+01 9.3691e-42 9.3691e-42 [ 1.8333e-171 1.4023e-56 1.7285e-53 2.1159e-44 9.3480e-42 ] 0.0000e+00 [ 0.0000e+00 ] 1.0000e+00
 3.683e+01 6.6451e-42 6.6451e-42 [ 4.0441e-172 9.7189e-57 1.2010e-53 1.4961e-44 6.6301e-42 ] 0.0000e+00 [ 0.0000e+00 ] 1.0000e+00
 3.695e+01 4.7130e-42 4.7130e-42 [ 8.9172e-173 6.7244e-57 8.3311e-54 1.0570e-44 4.7025e-42 ] 0.0000e+00 [ 0.0000e+00 ] 1.0000e+00
 3.706e+01 3.3427e-42 3.3427e-42 [ 1.9654e-173 4.6441e-57 5.7685e-54 7.4613e-45 3.3352e-42 ] 0.0000e+00 [ 0.0000e+00 ] 1.0000e+00
 3.717e+01 2.3707e-42 2.3707e-42 [ 4.3304e-174 3.2011e-57 3.9862e-54 5.2607e-45 2.3654e-42 ] 0.0000e+00 [ 0.0000e+00 ] 1.0000e+00
 3.729e+01 1.6813e-42 1.6813e-42 [ 9.5381e-175 2.2018e-57 2.7487e-54 3.7041e-45 1.6776e-42 ] 0.0000e+00 [ 0.0000e+00 ] 1.0000e+00
 3.740e+01 1.1923e-42 1.1923e-42 [ 2.1004e-175 1.5110e-57 1.8910e-54 2.6039e-45 1.1897e-42 ] 0.0000e+00 [ 0.0000e+00 ] 1.0000e+00
 3.751e+01 8.4552e-43 8.4552e-43 [ 4.6248e-176 1.0344e-57 1.2977e-54 1.8270e-45 8.4369e-43 ] 0.0000e+00 [ 0.0000e+00 ] 1.0000e+00
 3.763e+01 5.9953e-43 5.9953e-43 [ 1.0183e-176 7.0627e-58 8.8810e-55 1.2790e-45 5.9825e-43 ] 0.0000e+00 [ 0.0000e+00 ] 1.0000e+00
 3.774e+01 4.2506e-43 4.2506e-43 [ 2.2426e-177 4.8079e-58 6.0597e-55 8.9305e-46 4.2417e-43 ] 0.0000e+00 [ 0.0000e+00 ] 1.0000e+00
 3.785e+01 3.0131e-43 3.0131e-43 [ 4.9407e-178 3.2625e-58 4.1211e-55 6.2166e-46 3.0069e-43 ] 0.0000e+00 [ 0.0000e+00 ] 1.0000e+00
 3.797e+01 2.1354e-43 2.1354e-43 [ 1.0892e-178 2.2060e-58 2.7925e-55 4.3122e-46 2.1311e-43 ] 0.0000e+00 [ 0.0000e+00 ] 1.0000e+00
 3.808e+01 1.5129e-43 1.5129e-43 [ 2.4036e-179 1.4858e-58 1.8847e-55 2.9790e-46 1.5099e-43 ] 0.0000e+00 [ 0.0000e+00 ] 1.0000e+00
 3.819e+01 1.0713e-43 1.0713e-43 [ 5.3116e-180 9.9631e-59 1.2663e-55 2.0482e-46 1.0693e-43 ] 0.0000e+00 [ 0.0000e+00 ] 1.0000e+00
 3.831e+01 7.5815e-44 7.5815e-44 [ 1.1760e-180 6.6478e-59 8.4650e-56 1.4006e-46 7.5675e-44 ] 0.0000e+00 [ 0.0000e+00 ] 1.0000e+00
 3.842e+01 5.3601e-44 5.3601e-44 [ 2.6097e-181 4.4107e-59 5.6263e-56 9.5170e-47 5.3506e-44 ] 0.0000e+00 [ 0.0000e+00 ] 1.0000e+00
 3.853e+01 3.7843e-44 3.7843e-44 [ 5.8089e-182 2.9074e-59 3.7149e-56 6.4191e-47 3.7779e-44 ] 0.0000e+00 [ 0.0000e+00 ] 1.0000e+00
 3.865e+01 2.6665e-44 2.6665e-44 [ 1.2975e-182 1.9020e-59 2.4340e-56 4.2923e-47 2.6622e-44 ] 0.0000e+00 [ 0.0000e+00 ] 1.0000e+00
 3.876e+01 1.8734e-44 1.8734e-44 [ 2.9095e-183 1.2330e-59 1.5801e-56 2.8406e-47 1.8705e-44 ] 0.0000e+00 [ 0.0000e+00 ] 1.0000e+00
 3.887e+01 1.3105e-44 1.3105e-44 [ 6.5507e-184 7.9047e-60 1.0144e-56 1.8566e-47 1.3086e-44 ] 0.0000e+00 [ 0.0000e+00 ] 1.0000e+00
 3.899e+01 9.1071e-45 9.1071e-45 [ 1.4802e-184 4.9974e-60 6.4205e-57 1.1947e-47 9.0952e-45 ] 0.0000e+00 [ 0.0000e+00 ] 1.0000e+00
 3.910e+01 6.2652e-45 6.2652e-45 [ 3.3516e-185 3.1020e-60 3.9895e-57 7.5355e-48 6.2576e-45 ] 0.0000e+00 [ 0.0000e+00 ] 1.0000e+00
 3.921e+01 4.2410e-45 4.2410e-45 [ 7.5815e-186 1.8775e-60 2.4169e-57 4.6259e-48 4.2364e-45 ] 0.0000e+00 [ 0.0000e+00 ] 1.0000e+00
 3.933e+01 2.7952e-45 2.7952e-45 [ 1.7029e-186 1.0951e-60 1.4108e-57 2.7312e-48 2.7925e-45 ] 0.0000e+00 [ 0.0000e+00 ] 1.0000e+00
 3.944e+01 1.7589e-45 1.7589e-45 [ 3.7544e-187 6.0247e-61 7.7668e-58 1.5179e-48 1.7574e-45 ] 0.0000e+00 [ 0.0000e+00 ] 1.0000e+00
 3.955e+01 1.0155e-45 1.0155e-45 [ 7.9362e-188 2.9942e-61 3.8620e-58 7.6042e-49 1.0147e-45 ] 0.0000e+00 [ 0.0000e+00 ] 1.0000e+00
 3.967e+01 4.8999e-46 4.8999e-46 [ 1.5158e-188 1.2135e-61 1.5658e-58 3.0996e-49 4.8968e-46 ] 0.0000e+00 [ 0.0000e+00 ] 1.0000e+00
 3.978e+01 1.4709e-46 1.4709e-46 [ 2.0493e-189 2.8657e-62 3.6983e-59 7.3450e-50 1.4701e-46 ] 0.0000e+00 [ 0.0000e+00 ] 1.0000e+00
 3.989e+01 0.0000e+00 0.0000e+00 [ 0.0000e+00 0.0000e+00 0.0000e+00 0.0000e+00 0.0000e+00 ] 0.0000e+00 [ 0.0000e+00 ] 1.0000e+00
