 0.000e+00 0.0000e+00 0.0000e+00 [ 0.0000e+00 0.0000e+00 0.0000e+00 0.0000e+00 ] 0.0000e+00 [ 0.0000e+00 ] 1.0000e+00
 1.133e-01 3.7326e-03 3.7326e-03 [ 3.1896e-03 4.3898e-05 4.9478e-05 4.4960e-04 ] 0.0000e+00 [ 0.0000e+00 ] 9.9627e-01
 2.267e-01 7.6869e-03 7.6869e-03 [ 5.4974e-03 1.7688e-04 1.9893e-04 1.8136e-03 ] 0.0000e+00 [ 0.0000e+00 ] 9.9231e-01
 3.400e-01 1.2239e-02 1.2239e-02 [ 7.2290e-03 4.0253e-04 4.5116e-04 4.1568e-03 ] 0.0000e+00 [ 0.0000e+00 ] 9.8776e-01
 4.533e-01 1.7703e-02 1.7703e-02 [ 8.5702e-03 7.2647e-04 8.1033e-04 7.5965e-03 ] 0.0000e+00 [ 0.0000e+00 ] 9.8230e-01
 5.667e-01 2.4397e-02 2.4397e-02 [ 9.6588e-03 1.1561e-03 1.2817e-03 1.2301e-02 ] 0.0000e+00 [ 0.0000e+00 ] 9.7560e-01
 6.800e-01 3.2649e-02 3.2649e-02 [ 1.0593e-02 1.7001e-03 1.8709e-03 1.8485e-02 ] 0.0000e+00 [ 0.0000e+00 ] 9.6735e-01
 7.933e-01 4.2795e-02 4.2795e-02 [ 1.1443e-02 2.3683e-03 2.5837e-03 2.6400e-02 ] 0.0000e+00 [ 0.0000e+00 ] 9.5721e-01
 9.067e-01 5.5172e-02 5.5172e-02 [ 1.2257e-02 3.1700e-03 3.4242e-03 3.6321e-02 ] 0.0000e+00 [ 0.0000e+00 ] 9.4483e-01
 1.020e+00 7.0085e-02 7.0085e-02 [ 1.3066e-02 4.1128e-03 4.3938e-03 4.8513e-02 ] 0.0000e+00 [ 0.0000e+00 ] 9.2992e-01
 1.133e+00 8.7762e-02 8.7762e-02 [ 1.3883e-02 5.1996e-03 5.4890e-03 6.3190e-02 ] 0.0000e+00 [ 0.0000e+00 ] 9.1224e-01
 1.247e+00 1.0828e-01 1.0828e-01 [ 1.4705e-02 6.4255e-03 6.6988e-03 8.0455e-02 ] 0.0000e+00 [ 0.0000e+00 ] 8.9172e-01
 1.360e+00 1.3151e-01 1.3151e-01 [ 1.5510e-02 7.7743e-03 8.0023e-03 1.0022e-01 ] 0.0000e+00 [ 0.0000e+00 ] 8.6849e-01
 1.473e+00 1.5698e-01 1.5698e-01 [ 1.6254e-02 9.2148e-03 9.3675e-03 1.2214e-01 ] 0.0000e+00 [ 0.0000e+00 ] 8.4302e-01
 1.587e+00 1.8388e-01 1.8388e-01 [ 1.6879e-02 1.0699e-02 1.0751e-02 1.4555e-01 ] 0.0000e+00 [ 0.0000e+00 ] 8.1612e-01
 1.700e+00 2.1105e-01 2.1105e-01 [ 1.7311e-02 1.2164e-02 1.2100e-02 1.6947e-01 ] 0.0000e+00 [ 0.0000e+00 ] 7.8895e-01
 1.813e+00 2.3703e-01 2.3703e-01 [ 1.7480e-02 1.3536e-02 1.3357e-02 1.9266e-01 ] 0.0000e+00 [ 0.0000e+00 ] 7.6297e-01
 1.927e+00 2.6025e-01 2.6025e-01 [ 1.7324e-02 1.4738e-02 1.4469e-02 2.1372e-01 ] 0.0000e+00 [ 0.0000e+00 ] 7.3975e-01
 2.040e+00 2.7919e-01 2.7919e-01 [ 1.6810e-02 1.5700e-02 1.5387e-02 2.3129e-01 ] 0.0000e+00 [ 0.0000e+00 ] 7.2081e-01
 2.153e+00 2.9260e-01 2.9260e-01 [ 1.5939e-02 1.6367e-02 1.6077e-02 2.4421e-01 ] 0.0000e+00 [ 0.0000e+00 ] 7.0740e-01
 2.267e+00 2.9959e-01 2.9959e-01 [ 1.4748e-02 1.6704e-02 1.6515e-02 2.5163e-01 ] 0.0000e+00 [ 0.0000e+00 ] 7.0041e-01
 2.380e+00 2.9978e-01 2.9978e-01 [ 1.3305e-02 1.6698e-02 1.6692e-02 2.5309e-01 ] 0.0000e+00 [ 0.0000e+00 ] 7.0022e-01
 2.493e+00 2.9323e-01 2.9323e-01 [ 1.1698e-02 1.6358e-02 1.6606e-02 2.4857e-01 ] 0.0000e+00 [ 0.0000e+00 ] 7.0677e-01
 2.607e+00 2.8048e-01 2.8048e-01 [ 1.0025e-02 1.5713e-02 1.6268e-02 2.3848e-01 ] 0.0000e+00 [ 0.0000e+00 ] 7.1952e-01
 2.720e+00 2.6248e-01 2.6248e-01 [ 8.3792e-03 1.4811e-02 1.5698e-02 2.2359e-01 ] 0.0000e+00 [ 0.0000e+00 ] 7.3752e-01
 2.833e+00 2.4047e-01 2.4047e-01 [ 6.8375e-03 1.3711e-02 1.4926e-02 2.0499e-01 ] 0.0000e+00 [ 0.0000e+00 ] 7.5953e-01
 2.947e+00 2.1589e-01 2.1589e-01 [ 5.4564e-03 1.2482e-02 1.3993e-02 1.8396e-01 ] 0.0000e+00 [ 0.0000e+00 ] 7.8411e-01
 3.060e+00 1.9020e-01 1.9020e-01 [ 4.2678e-03 1.1192e-02 1.2946e-02 1.6180e-01 ] 0.0000e+00 [ 0.0000e+00 ] 8.0980e-01
 3.173e+00 1.6472e-01 1.6472e-01 [ 3.2808e-03 9.9046e-03 1.1835e-02 1.3970e-01 ] 0.0000e+00 [ 0.0000e+00 ] 8.3528e-01
 3.287e+00 1.4050e-01 1.4050e-01 [ 2.4862e-03 8.6692e-03 1.0707e-02 1.1864e-01 ] 0.0000e+00 [ 0.0000e+00 ] 8.5950e-01
 3.400e+00 1.1829e-01 1.1829e-01 [ 1.8631e-03 7.5221e-03 9.6006e-03 9.9301e-02 ] 0.0000e+00 [ 0.0000e+00 ] 8.8171e-01
 3.513e+00 9.8509e-02 9.8509e-02 [ 1.3850e-03 6.4846e-03 8.5474e-03 8.2092e-02 ] 0.0000e+00 [ 0.0000e+00 ] 9.0149e-01
 3.627e+00 8.1324e-02 8.1324e-02 [ 1.0243e-03 5.5656e-03 7.5674e-03 6.7166e-02 ] 0.0000e+00 [ 0.0000e+00 ] 9.1868e-01
 3.740e+00 6.6684e-02 6.6684e-02 [ 7.5562e-04 4.7641e-03 6.6720e-03 5.4492e-02 ] 0.0000e+00 [ 0.0000e+00 ] 9.3332e-01
 3.853e+00 5.4409e-02 5.4409e-02 [ 5.5712e-04 4.0733e-03 5.8655e-03 4.3913e-02 ] 0.0000e+00 [ 0.0000e+00 ] 9.4559e-01
 3.967e+00 4.4245e-02 4.4245e-02 [ 4.1124e-04 3.4825e-03 5.1467e-03 3.5204e-02 ] 0.0000e+00 [ 0.0000e+00 ] 9.5576e-01
 4.080e+00 3.5909e-02 3.5909e-02 [ 3.0425e-04 2.9797e-03 4.5108e-03 2.8115e-02 ] 0.0000e+00 [ 0.0000e+00 ] 9.6409e-01
 4.193e+00 2.9122e-02 2.9122e-02 [ 2.2576e-04 2.5525e-03 3.9513e-03 2.2393e-02 ] 0.0000e+00 [ 0.0000e+00 ] 9.7088e-01
 4.307e+00 2.3624e-02 2.3624e-02 [ 1.6807e-04 2.1899e-03 3.4606e-03 1.7806e-02 ] 0.0000e+00 [ 0.0000e+00 ] 9.7638e-01
 4.420e+00 1.9185e-02 1.9185e-02 [ 1.2551e-04 1.8814e-03 3.0308e-03 1.4147e-02 ] 0.0000e+00 [ 0.0000e+00 ] 9.8082e-01
 4.533e+00 1.5607e-02 1.5607e-02 [ 9.3994e-05 1.6185e-03 2.6547e-03 1.1240e-02 ] 0.0000e+00 [ 0.0000e+00 ] 9.8439e-01
 4.647e+00 1.2725e-02 1.2725e-02 [ 7.0547e-05 1.3937e-03 2.3254e-03 8.9357e-03 ] 0.0000e+00 [ 0.0000e+00 ] 9.8727e-01
 4.760e+00 1.0403e-02 1.0403e-02 [ 5.3031e-05 1.2007e-03 2.0368e-03 7.1124e-03 ] 0.0000e+00 [ 0.0000e+00 ] 9.8960e-01
 4.873e+00 8.5286e-03 8.5286e-03 [ 3.9894e-05 1.0346e-03 1.7835e-03 5.6707e-03 ] 0.0000e+00 [ 0.0000e+00 ] 9.9147e-01
 4.987e+00 7.0127e-03 7.0127e-03 [ 3.0010e-05 8.9102e-04 1.5609e-03 4.5308e-03 ] 0.0000e+00 [ 0.0000e+00 ] 9.9299e-01
 5.100e+00 5.7832e-03 5.7832e-03 [ 2.2556e-05 7.6667e-04 1.3650e-03 3.6289e-03 ] 0.0000e+00 [ 0.0000e+00 ] 9.9422e-01
 5.213e+00 4.7828e-03 4.7828e-03 [ 1.6926e-05 6.5872e-04 1.1925e-03 2.9147e-03 ] 0.0000e+00 [ 0.0000e+00 ] 9.9522e-01
 5.327e+00 3.9658e-03 3.9658e-03 [ 1.2672e-05 5.6486e-04 1.0402e-03 2.3480e-03 ] 0.0000e+00 [ 0.0000e+00 ] 9.9603e-01
 5.440e+00 3.2962e-03 3.2962e-03 [ 9.4589e-06 4.8321e-04 9.0591e-04 1.8976e-03 ] 0.0000e+00 [ 0.0000e+00 ] 9.9670e-01
 5.553e+00 2.7452e-03 2.7452e-03 [ 7.0353e-06 4.1219e-04 7.8735e-04 1.5386e-03 ] 0.0000e+00 [ 0.0000e+00 ] 9.9725e-01
 5.667e+00 2.2903e-03 2.2903e-03 [ 5.2113e-06 3.5047e-04 6.8275e-04 1.2518e-03 ] 0.0000e+00 [ 0.0000e+00 ] 9.9771e-01
 5.780e+00 1.9132e-03 1.9132e-03 [ 3.8425e-06 2.9691e-04 5.9052e-04 1.0220e-03 ] 0.0000e+00 [ 0.0000e+00 ] 9.9809e-01
 5.893e+00 1.5998e-03 1.5998e-03 [ 2.8191e-06 2.5055e-04 5.0931e-04 8.3714e-04 ] 0.0000e+00 [ 0.0000e+00 ] 9.9840e-01
 6.007e+00 1.3385e-03 1.3385e-03 [ 2.0572e-06 2.1053e-04 4.3792e-04 6.8803e-04 ] 0.0000e+00 [ 0.0000e+00 ] 9.9866e-01
 6.120e+00 1.1202e-03 1.1202e-03 [ 1.4927e-06 1.7612e-04 3.7531e-04 5.6731e-04 ] 0.0000e+00 [ 0.0000e+00 ] 9.9888e-01
 6.233e+00 9.3746e-04 9.3746e-04 [ 1.0767e-06 1.4663e-04 3.2053e-04 4.6923e-04 ] 0.0000e+00 [ 0.0000e+00 ] 9.9906e-01
 6.347e+00 7.8424e-04 7.8424e-04 [ 7.7178e-07 1.2148e-04 2.7274e-04 3.8926e-04 ] 0.0000e+00 [ 0.0000e+00 ] 9.9922e-01
 6.460e+00 6.5569e-04 6.5569e-04 [ 5.4969e-07 1.0013e-04 2.3119e-04 3.2381e-04 ] 0.0000e+00 [ 0.0000e+00 ] 9.9934e-01
 6.573e+00 5.4777e-04 5.4777e-04 [ 3.8893e-07 8.2099e-05 1.9520e-04 2.7008e-04 ] 0.0000e+00 [ 0.0000e+00 ] 9.9945e-01
 6.687e+00 4.5719e-04 4.5719e-04 [ 2.7334e-07 6.6955e-05 1.6414e-04 2.2582e-04 ] 0.0000e+00 [ 0.0000e+00 ] 9.9954e-01
 6.800e+00 3.8118e-04 3.8118e-04 [ 1.9079e-07 5.4306e-05 1.3745e-04 1.8923e-04 ] 0.0000e+00 [ 0.0000e+00 ] 9.9962e-01
 6.913e+00 3.1745e-04 3.1745e-04 [ 1.3225e-07 4.3801e-05 1.1461e-04 1.5891e-04 ] 0.0000e+00 [ 0.0000e+00 ] 9.9968e-01
 7.027e+00 2.6407e-04 2.6407e-04 [ 9.1021e-08 3.5130e-05 9.5153e-05 1.3369e-04 ] 0.0000e+00 [ 0.0000e+00 ] 9.9974e-01
 7.140e+00 2.1941e-04 2.1941e-04 [ 6.2202e-08 2.8016e-05 7.8655e-05 1.1268e-04 ] 0.0000e+00 [ 0.0000e+00 ] 9.9978e-01
 7.253e+00 1.8211e-04 1.8211e-04 [ 4.2204e-08 2.2215e-05 6.4730e-05 9.5120e-05 ] 0.0000e+00 [ 0.0000e+00 ] 9.9982e-01
 7.367e+00 1.5099e-04 1.5099e-04 [ 2.8429e-08 1.7513e-05 5.3036e-05 8.0415e-05 ] 0.0000e+00 [ 0.0000e+00 ] 9.9985e-01
 7.480e+00 1.2508e-04 1.2508e-04 [ 1.9011e-08 1.3728e-05 4.3261e-05 6.8074e-05 ] 0.0000e+00 [ 0.0000e+00 ] 9.9987e-01
 7.593e+00 1.0354e-04 1.0354e-04 [ 1.2621e-08 1.0698e-05 3.5132e-05 5.7699e-05 ] 0.0000e+00 [ 0.0000e+00 ] 9.9990e-01
 7.707e+00 8.5661e-05 8.5661e-05 [ 8.3183e-09 8.2894e-06 2.8403e-05 4.8960e-05 ] 0.0000e+00 [ 0.0000e+00 ] 9.9991e-01
 7.820e+00 7.0842e-05 7.0842e-05 [ 5.4424e-09 6.3860e-06 2.2863e-05 4.1588e-05 ] 0.0000e+00 [ 0.0000e+00 ] 9.9993e-01
 7.933e+00 5.8578e-05 5.8578e-05 [ 3.5350e-09 4.8916e-06 1.8322e-05 3.5361e-05 ] 0.0000e+00 [ 0.0000e+00 ] 9.9994e-01
 8.047e+00 4.8441e-05 4.8441e-05 [ 2.2794e-09 3.7255e-06 1.4620e-05 3.0094e-05 ] 0.0000e+00 [ 0.0000e+00 ] 9.9995e-01
 8.160e+00 4.0071e-05 4.0071e-05 [ 1.4591e-09 2.8214e-06 1.1615e-05 2.5633e-05 ] 0.0000e+00 [ 0.0000e+00 ] 9.9996e-01
 8.273e+00 3.3166e-05 3.3166e-05 [ 9.2731e-10 2.1246e-06 9.1887e-06 2.1851e-05 ] 0.0000e+00 [ 0.0000e+00 ] 9.9997e-01
 8.387e+00 2.7472e-05 2.7472e-05 [ 5.8508e-10 1.5910e-06 7.2387e-06 1.8642e-05 ] 0.0000e+00 [ 0.0000e+00 ] 9.9997e-01
 8.500e+00 2.2780e-05 2.2780e-05 [ 3.6651e-10 1.1848e-06 5.6788e-06 1.5916e-05 ] 0.0000e+00 [ 0.0000e+00 ] 9.9998e-01
 8.613e+00 1.8913e-05 1.8913e-05 [ 2.2795e-10 8.7752e-07 4.4368e-06 1.3598e-05 ] 0.0000e+00 [ 0.0000e+00 ] 9.9998e-01
 8.727e+00 1.5725e-05 1.5725e-05 [ 1.4077e-10 6.4639e-07 3.4525e-06 1.1626e-05 ] 0.0000e+00 [ 0.0000e+00 ] 9.9998e-01
 8.840e+00 1.3096e-05 1.3096e-05 [ 8.6319e-11 4.7357e-07 2.6759e-06 9.9469e-06 ] 0.0000e+00 [ 0.0000e+00 ] 9.9999e-01
 8.953e+00 1.0927e-05 1.0927e-05 [ 5.2558e-11 3.4512e-07 2.0660e-06 8.5156e-06 ] 0.0000e+00 [ 0.0000e+00 ] 9.9999e-01
 9.067e+00 9.1342e-06 9.1342e-06 [ 3.1778e-11 2.5019e-07 1.5889e-06 7.2950e-06 ] 0.0000e+00 [ 0.0000e+00 ] 9.9999e-01
 9.180e+00 7.6511e-06 7.6511e-06 [ 1.9081e-11 1.8043e-07 1.2174e-06 6.2533e-06 ] 0.0000e+00 [ 0.0000e+00 ] 9.9999e-01
 9.293e+00 6.4224e-06 6.4224e-06 [ 1.1378e-11 1.2945e-07 9.2938e-07 5.3635e-06 ] 0.0000e+00 [ 0.0000e+00 ] 9.9999e-01
 9.407e+00 5.4024e-06 5.4024e-06 [ 6.7387e-12 9.2405e-08 7.0691e-07 4.6031e-06 ] 0.0000e+00 [ 0.0000e+00 ] 9.9999e-01
 9.520e+00 4.5542e-06 4.5542e-06 [ 3.9639e-12 6.5631e-08 5.3579e-07 3.9528e-06 ] 0.0000e+00 [ 0.0000e+00 ] 1.0000e+00
 9.633e+00 3.8473e-06 3.8473e-06 [ 2.3160e-12 4.6386e-08 4.0468e-07 3.3963e-06 ] 0.0000e+00 [ 0.0000e+00 ] 1.0000e+00
 9.747e+00 3.2569e-06 3.2569e-06 [ 1.3441e-12 3.2624e-08 3.0461e-07 2.9197e-06 ] 0.0000e+00 [ 0.0000e+00 ] 1.0000e+00
 9.860e+00 2.7626e-06 2.7626e-06 [ 7.7493e-13 2.2835e-08 2.2853e-07 2.5113e-06 ] 0.0000e+00 [ 0.0000e+00 ] 1.0000e+00
 9.973e+00 2.3479e-06 2.3479e-06 [ 4.4384e-13 1.5907e-08 1.7089e-07 2.1611e-06 ] 0.0000e+00 [ 0.0000e+00 ] 1.0000e+00
 1.009e+01 1.9991e-06 1.9991e-06 [ 2.5256e-13 1.1030e-08 1.2738e-07 1.8607e-06 ] 0.0000e+00 [ 0.0000e+00 ] 1.0000e+00
 1.020e+01 1.7050e-06 1.7050e-06 [ 1.4278e-13 7.6123e-09 9.4650e-08 1.6027e-06 ] 0.0000e+00 [ 0.0000e+00 ] 1.0000e+00
 1.031e+01 1.4565e-06 1.4565e-06 [ 8.0208e-14 5.2300e-09 7.0115e-08 1.3812e-06 ] 0.0000e+00 [ 0.0000e+00 ] 1.0000e+00
 1.043e+01 1.2461e-06 1.2461e-06 [ 4.4771e-14 3.5771e-09 5.1784e-08 1.1908e-06 ] 0.0000e+00 [ 0.0000e+00 ] 1.0000e+00
 1.054e+01 1.0676e-06 1.0676e-06 [ 2.4834e-14 2.4358e-09 3.8133e-08 1.0270e-06 ] 0.0000e+00 [ 0.0000e+00 ] 1.0000e+00
 1.065e+01 9.1577e-07 9.1577e-07 [ 1.3690e-14 1.6515e-09 2.8000e-08 8.8612e-07 ] 0.0000e+00 [ 0.0000e+00 ] 1.0000e+00
 1.077e+01 7.8645e-07 7.8645e-07 [ 7.5000e-15 1.1149e-09 2.0501e-08 7.6483e-07 ] 0.0000e+00 [ 0.0000e+00 ] 1.0000e+00
 1.088e+01 6.7609e-07 6.7609e-07 [ 4.0839e-15 7.4943e-10 1.4969e-08 6.6037e-07 ] 0.0000e+00 [ 0.0000e+00 ] 1.0000e+00
 1.099e+01 5.8176e-07 5.8176e-07 [ 2.2104e-15 5.0168e-10 1.0900e-08 5.7035e-07 ] 0.0000e+00 [ 0.0000e+00 ] 1.0000e+00
 1.111e+01 5.0101e-07 5.0101e-07 [ 1.1892e-15 3.3445e-10 7.9163e-09 4.9276e-07 ] 0.0000e+00 [ 0.0000e+00 ] 1.0000e+00
 1.122e+01 4.3179e-07 4.3179e-07 [ 6.3605e-16 2.2207e-10 5.7341e-09 4.2583e-07 ] 0.0000e+00 [ 0.0000e+00 ] 1.0000e+00
 1.133e+01 3.7238e-07 3.7238e-07 [ 3.3820e-16 1.4685e-10 4.1428e-09 3.6809e-07 ] 0.0000e+00 [ 0.0000e+00 ] 1.0000e+00
 1.145e+01 3.2134e-07 3.2134e-07 [ 1.7879e-16 9.6734e-11 2.9855e-09 3.1826e-07 ] 0.0000e+00 [ 0.0000e+00 ] 1.0000e+00
 1.156e+01 2.7744e-07 2.7744e-07 [ 9.3976e-17 6.3472e-11 2.1462e-09 2.7523e-07 ] 0.0000e+00 [ 0.0000e+00 ] 1.0000e+00
 1.167e+01 2.3965e-07 2.3965e-07 [ 4.9117e-17 4.1487e-11 1.5390e-09 2.3807e-07 ] 0.0000e+00 [ 0.0000e+00 ] 1.0000e+00
 1.179e+01 2.0709e-07 2.0709e-07 [ 2.5528e-17 2.7014e-11 1.1010e-09 2.0596e-07 ] 0.0000e+00 [ 0.0000e+00 ] 1.0000e+00
 1.190e+01 1.7902e-07 1.7902e-07 [ 1.3195e-17 1.7525e-11 7.8575e-10 1.7821e-07 ] 0.0000e+00 [ 0.0000e+00 ] 1.0000e+00
 1.201e+01 1.5480e-07 1.5480e-07 [ 6.7827e-18 1.1327e-11 5.5946e-10 1.5423e-07 ] 0.0000e+00 [ 0.0000e+00 ] 1.0000e+00
 1.213e+01 1.3390e-07 1.3390e-07 [ 3.4678e-18 7.2945e-12 3.9742e-10 1.3349e-07 ] 0.0000e+00 [ 0.0000e+00 ] 1.0000e+00
 1.224e+01 1.1584e-07 1.1584e-07 [ 1.7635e-18 4.6807e-12 2.8167e-10 1.1556e-07 ] 0.0000e+00 [ 0.0000e+00 ] 1.0000e+00
 1.235e+01 1.0025e-07 1.0025e-07 [ 8.9211e-19 2.9928e-12 1.9919e-10 1.0004e-07 ] 0.0000e+00 [ 0.0000e+00 ] 1.0000e+00
 1.247e+01 8.6765e-08 8.6765e-08 [ 4.4893e-19 1.9069e-12 1.4054e-10 8.6623e-08 ] 0.0000e+00 [ 0.0000e+00 ] 1.0000e+00
 1.258e+01 7.5109e-08 7.5109e-08 [ 2.2475e-19 1.2108e-12 9.8944e-11 7.5009e-08 ] 0.0000e+00 [ 0.0000e+00 ] 1.0000e+00
 1.269e+01 6.5028e-08 6.5028e-08 [ 1.1195e-19 7.6617e-13 6.9507e-11 6.4958e-08 ] 0.0000e+00 [ 0.0000e+00 ] 1.0000e+00
 1.281e+01 5.6307e-08 5.6307e-08 [ 5.5481e-20 4.8318e-13 4.8722e-11 5.6258e-08 ] 0.0000e+00 [ 0.0000e+00 ] 1.0000e+00
 1.292e+01 4.8761e-08 4.8761e-08 [ 2.7359e-20 3.0369e-13 3.4080e-11 4.8726e-08 ] 0.0000e+00 [ 0.0000e+00 ] 1.0000e+00
 1.303e+01 4.2230e-08 4.2230e-08 [ 1.3426e-20 1.9025e-13 2.3787e-11 4.2206e-08 ] 0.0000e+00 [ 0.0000e+00 ] 1.0000e+00
 1.315e+01 3.6576e-08 3.6576e-08 [ 6.5564e-21 1.1880e-13 1.6569e-11 3.6560e-08 ] 0.0000e+00 [ 0.0000e+00 ] 1.0000e+00
 1.326e+01 3.1682e-08 3.1682e-08 [ 3.1865e-21 7.3937e-14 1.1516e-11 3.1671e-08 ] 0.0000e+00 [ 0.0000e+00 ] 1.0000e+00
 1.337e+01 2.7445e-08 2.7445e-08 [ 1.5414e-21 4.5870e-14 7.9880e-12 2.7437e-08 ] 0.0000e+00 [ 0.0000e+00 ] 1.0000e+00
 1.349e+01 2.3775e-08 2.3775e-08 [ 7.4212e-22 2.8368e-14 5.5293e-12 2.3770e-08 ] 0.0000e+00 [ 0.0000e+00 ] 1.0000e+00
 1.360e+01 2.0597e-08 2.0597e-08 [ 3.5566e-22 1.7488e-14 3.8195e-12 2.0593e-08 ] 0.0000e+00 [ 0.0000e+00 ] 1.0000e+00
 1.371e+01 1.7845e-08 1.7845e-08 [ 1.6968e-22 1.0748e-14 2.6331e-12 1.7842e-08 ] 0.0000e+00 [ 0.0000e+00 ] 1.0000e+00
 1.383e+01 1.5461e-08 1.5461e-08 [ 8.0588e-23 6.5851e-15 1.8115e-12 1.5459e-08 ] 0.0000e+00 [ 0.0000e+00 ] 1.0000e+00
 1.394e+01 1.3396e-08 1.3396e-08 [ 3.8105e-23 4.0223e-15 1.2438e-12 1.3394e-08 ] 0.0000e+00 [ 0.0000e+00 ] 1.0000e+00
 1.405e+01 1.1607e-08 1.1607e-08 [ 1.7939e-23 2.4494e-15 8.5228e-13 1.1606e-08 ] 0.0000e+00 [ 0.0000e+00 ] 1.0000e+00
 1.417e+01 1.0057e-08 1.0057e-08 [ 8.4091e-24 1.4871e-15 5.8284e-13 1.0056e-08 ] 0.0000e+00 [ 0.0000e+00 ] 1.0000e+00
 1.428e+01 8.7142e-09 8.7142e-09 [ 3.9251e-24 9.0023e-16 3.9779e-13 8.7138e-09 ] 0.0000e+00 [ 0.0000e+00 ] 1.0000e+00
 1.439e+01 7.5509e-09 7.5509e-09 [ 1.8244e-24 5.4333e-16 2.7095e-13 7.5507e-09 ] 0.0000e+00 [ 0.0000e+00 ] 1.0000e+00
 1.451e+01 6.5430e-09 6.5430e-09 [ 8.4448e-25 3.2697e-16 1.8420e-13 6.5429e-09 ] 0.0000e+00 [ 0.0000e+00 ] 1.0000e+00
 1.462e+01 5.6698e-09 5.6698e-09 [ 3.8930e-25 1.9620e-16 1.2497e-13 5.6696e-09 ] 0.0000e+00 [ 0.0000e+00 ] 1.0000e+00
 1.473e+01 4.9131e-09 4.9131e-09 [ 1.7874e-25 1.1739e-16 8.4625e-14 4.9130e-09 ] 0.0000e+00 [ 0.0000e+00 ] 1.0000e+00
 1.485e+01 4.2575e-09 4.2575e-09 [ 8.1740e-26 7.0035e-17 5.7193e-14 4.2574e-09 ] 0.0000e+00 [ 0.0000e+00 ] 1.0000e+00
 1.496e+01 3.6894e-09 3.6894e-09 [ 3.7234e-26 4.1665e-17 3.8578e-14 3.6894e-09 ] 0.0000e+00 [ 0.0000e+00 ] 1.0000e+00
 1.507e+01 3.1972e-09 3.1972e-09 [ 1.6895e-26 2.4717e-17 2.5971e-14 3.1971e-09 ] 0.0000e+00 [ 0.0000e+00 ] 1.0000e+00
 1.519e+01 2.7706e-09 2.7706e-09 [ 7.6371e-27 1.4622e-17 1.7450e-14 2.7706e-09 ] 0.0000e+00 [ 0.0000e+00 ] 1.0000e+00
 1.530e+01 2.4010e-09 2.4010e-09 [ 3.4392e-27 8.6261e-18 1.1703e-14 2.4010e-09 ] 0.0000e+00 [ 0.0000e+00 ] 1.0000e+00
 1.541e+01 2.0807e-09 2.0807e-09 [ 1.5430e-27 5.0748e-18 7.8332e-15 2.0807e-09 ] 0.0000e+00 [ 0.0000e+00 ] 1.0000e+00
 1.553e+01 1.8031e-09 1.8031e-09 [ 6.8973e-28 2.9774e-18 5.2331e-15 1.8031e-09 ] 0.0000e+00 [ 0.0000e+00 ] 1.0000e+00
 1.564e+01 1.5626e-09 1.5626e-09 [ 3.0720e-28 1.7421e-18 3.4894e-15 1.5626e-09 ] 0.0000e+00 [ 0.0000e+00 ] 1.0000e+00
 1.575e+01 1.3542e-09 1.3542e-09 [ 1.3633e-28 1.0165e-18 2.3223e-15 1.3542e-09 ] 0.0000e+00 [ 0.0000e+00 ] 1.0000e+00
 1.587e+01 1.1736e-09 1.1736e-09 [ 6.0292e-29 5.9156e-19 1.5427e-15 1.1736e-09 ] 0.0000e+00 [ 0.0000e+00 ] 1.0000e+00
 1.598e+01 1.0171e-09 1.0171e-09 [ 2.6571e-29 3.4333e-19 1.0228e-15 1.0171e-09 ] 0.0000e+00 [ 0.0000e+00 ] 1.0000e+00
 1.609e+01 8.8143e-10 8.8143e-10 [ 1.1670e-29 1.9874e-19 6.7691e-16 8.8143e-10 ] 0.0000e+00 [ 0.0000e+00 ] 1.0000e+00
 1.621e+01 7.6389e-10 7.6389e-10 [ 5.1080e-30 1.1473e-19 4.4714e-16 7.6389e-10 ] 0.0000e+00 [ 0.0000e+00 ] 1.0000e+00
 1.632e+01 6.6203e-10 6.6203e-10 [ 2.2283e-30 6.6064e-20 2.9482e-16 6.6203e-10 ] 0.0000e+00 [ 0.0000e+00 ] 1.0000e+00
 1.643e+01 5.7375e-10 5.7375e-10 [ 9.6890e-31 3.7940e-20 1.9403e-16 5.7375e-10 ] 0.0000e+00 [ 0.0000e+00 ] 1.0000e+00
 1.655e+01 4.9726e-10 4.9726e-10 [ 4.1992e-31 2.1732e-20 1.2746e-16 4.9726e-10 ] 0.0000e+00 [ 0.0000e+00 ] 1.0000e+00
 1.666e+01 4.3096e-10 4.3096e-10 [ 1.8141e-31 1.2416e-20 8.3581e-17 4.3096e-10 ] 0.0000e+00 [ 0.0000e+00 ] 1.0000e+00
 1.677e+01 3.7351e-10 3.7351e-10 [ 7.8122e-32 7.0756e-21 5.4708e-17 3.7351e-10 ] 0.0000e+00 [ 0.0000e+00 ] 1.0000e+00
 1.689e+01 3.2372e-10 3.2372e-10 [ 3.3538e-32 4.0218e-21 3.5746e-17 3.2372e-10 ] 0.0000e+00 [ 0.0000e+00 ] 1.0000e+00
 1.700e+01 2.8057e-10 2.8057e-10 [ 1.4353e-32 2.2802e-21 2.3314e-17 2.8057e-10 ] 0.0000e+00 [ 0.0000e+00 ] 1.0000e+00
 1.711e+01 2.4318e-10 2.4318e-10 [ 6.1241e-33 1.2896e-21 1.5180e-17 2.4318e-10 ] 0.0000e+00 [ 0.0000e+00 ] 1.0000e+00
 1.723e+01 2.1077e-10 2.1077e-10 [ 2.6051e-33 7.2746e-22 9.8664e-18 2.1077e-10 ] 0.0000e+00 [ 0.0000e+00 ] 1.0000e+00
 1.734e+01 1.8268e-10 1.8268e-10 [ 1.1049e-33 4.0936e-22 6.4020e-18 1.8268e-10 ] 0.0000e+00 [ 0.0000e+00 ] 1.0000e+00
 1.745e+01 1.5834e-10 1.5834e-10 [ 4.6726e-34 2.2978e-22 4.1471e-18 1.5834e-10 ] 0.0000e+00 [ 0.0000e+00 ] 1.0000e+00
 1.757e+01 1.3725e-10 1.3725e-10 [ 1.9703e-34 1.2866e-22 2.6821e-18 1.3725e-10 ] 0.0000e+00 [ 0.0000e+00 ] 1.0000e+00
 1.768e+01 1.1896e-10 1.1896e-10 [ 8.2844e-35 7.1869e-23 1.7318e-18 1.1896e-10 ] 0.0000e+00 [ 0.0000e+00 ] 1.0000e+00
 1.779e+01 1.0312e-10 1.0312e-10 [ 3.4735e-35 4.0047e-23 1.1165e-18 1.0312e-10 ] 0.0000e+00 [ 0.0000e+00 ] 1.0000e+00
 1.791e+01 8.9385e-11 8.9385e-11 [ 1.4524e-35 2.2262e-23 7.1869e-19 8.9385e-11 ] 0.0000e+00 [ 0.0000e+00 ] 1.0000e+00
 1.802e+01 7.7483e-11 7.7483e-11 [ 6.0560e-36 1.2345e-23 4.6197e-19 7.7483e-11 ] 0.0000e+00 [ 0.0000e+00 ] 1.0000e+00
 1.813e+01 6.7167e-11 6.7167e-11 [ 2.5184e-36 6.8302e-24 2.9653e-19 6.7167e-11 ] 0.0000e+00 [ 0.0000e+00 ] 1.0000e+00
 1.825e+01 5.8226e-11 5.8226e-11 [ 1.0445e-36 3.7700e-24 1.9009e-19 5.8226e-11 ] 0.0000e+00 [ 0.0000e+00 ] 1.0000e+00
 1.836e+01 5.0477e-11 5.0477e-11 [ 4.3203e-37 2.0760e-24 1.2170e-19 5.0477e-11 ] 0.0000e+00 [ 0.0000e+00 ] 1.0000e+00
 1.847e+01 4.3760e-11 4.3760e-11 [ 1.7824e-37 1.1406e-24 7.7832e-20 4.3760e-11 ] 0.0000e+00 [ 0.0000e+00 ] 1.0000e+00
 1.859e+01 3.7938e-11 3.7938e-11 [ 7.3350e-38 6.2527e-25 4.9722e-20 3.7938e-11 ] 0.0000e+00 [ 0.0000e+00 ] 1.0000e+00
 1.870e+01 3.2892e-11 3.2892e-11 [ 3.0108e-38 3.4200e-25 3.1735e-20 3.2892e-11 ] 0.0000e+00 [ 0.0000e+00 ] 1.0000e+00
 1.881e+01 2.8518e-11 2.8518e-11 [ 1.2328e-38 1.8665e-25 2.0238e-20 2.8518e-11 ] 0.0000e+00 [ 0.0000e+00 ] 1.0000e+00
 1.893e+01 2.4727e-11 2.4727e-11 [ 5.0351e-39 1.0165e-25 1.2898e-20 2.4727e-11 ] 0.0000e+00 [ 0.0000e+00 ] 1.0000e+00
 1.904e+01 2.1441e-11 2.1441e-11 [ 2.0516e-39 5.5239e-26 8.2157e-21 2.1441e-11 ] 0.0000e+00 [ 0.0000e+00 ] 1.0000e+00
 1.915e+01 1.8592e-11 1.8592e-11 [ 8.3391e-40 2.9957e-26 5.2315e-21 1.8592e-11 ] 0.0000e+00 [ 0.0000e+00 ] 1.0000e+00
 1.927e+01 1.6123e-11 1.6123e-11 [ 3.3817e-40 1.6214e-26 3.3308e-21 1.6123e-11 ] 0.0000e+00 [ 0.0000e+00 ] 1.0000e+00
 1.938e+01 1.3982e-11 1.3982e-11 [ 1.3682e-40 8.7581e-27 2.1208e-21 1.3982e-11 ] 0.0000e+00 [ 0.0000e+00 ] 1.0000e+00
 1.949e+01 1.2126e-11 1.2126e-11 [ 5.5229e-41 4.7220e-27 1.3508e-21 1.2126e-11 ] 0.0000e+00 [ 0.0000e+00 ] 1.0000e+00
 1.961e+01 1.0517e-11 1.0517e-11 [ 2.2244e-41 2.5413e-27 8.6085e-22 1.0517e-11 ] 0.0000e+00 [ 0.0000e+00 ] 1.0000e+00
 1.972e+01 9.1223e-12 9.1223e-12 [ 8.9394e-42 1.3653e-27 5.4905e-22 9.1223e-12 ] 0.0000e+00 [ 0.0000e+00 ] 1.0000e+00
 1.983e+01 7.9130e-12 7.9130e-12 [ 3.5848e-42 7.3232e-28 3.5057e-22 7.9130e-12 ] 0.0000e+00 [ 0.0000e+00 ] 1.0000e+00
 1.995e+01 6.8645e-12 6.8645e-12 [ 1.4345e-42 3.9220e-28 2.2415e-22 6.8645e-12 ] 0.0000e+00 [ 0.0000e+00 ] 1.0000e+00
 2.006e+01 5.9554e-12 5.9554e-12 [ 5.7287e-43 2.0975e-28 1.4355e-22 5.9554e-12 ] 0.0000e+00 [ 0.0000e+00 ] 1.0000e+00
 2.017e+01 5.1671e-12 5.1671e-12 [ 2.2831e-43 1.1203e-28 9.2118e-23 5.1671e-12 ] 0.0000e+00 [ 0.0000e+00 ] 1.0000e+00
 2.029e+01 4.4836e-12 4.4836e-12 [ 9.0815e-44 5.9768e-29 5.9246e-23 4.4836e-12 ] 0.0000e+00 [ 0.0000e+00 ] 1.0000e+00
 2.040e+01 3.8908e-12 3.8908e-12 [ 3.6054e-44 3.1856e-29 3.8200e-23 3.8908e-12 ] 0.0000e+00 [ 0.0000e+00 ] 1.0000e+00
 2.051e+01 3.3768e-12 3.3768e-12 [ 1.4288e-44 1.6965e-29 2.4699e-23 3.3768e-12 ] 0.0000e+00 [ 0.0000e+00 ] 1.0000e+00
 2.063e+01 2.9310e-12 2.9310e-12 [ 5.6520e-45 9.0293e-30 1.6017e-23 2.9310e-12 ] 0.0000e+00 [ 0.0000e+00 ] 1.0000e+00
 2.074e+01 2.5443e-12 2.5443e-12 [ 2.2321e-45 4.8038e-30 1.0420e-23 2.5443e-12 ] 0.0000e+00 [ 0.0000e+00 ] 1.0000e+00
 2.085e+01 2.2089e-12 2.2089e-12 [ 8.8005e-46 2.5553e-30 6.8015e-24 2.2089e-12 ] 0.0000e+00 [ 0.0000e+00 ] 1.0000e+00
 2.097e+01 1.9179e-12 1.9179e-12 [ 3.4646e-46 1.3593e-30 4.4547e-24 1.9179e-12 ] 0.0000e+00 [ 0.0000e+00 ] 1.0000e+00
 2.108e+01 1.6656e-12 1.6656e-12 [ 1.3620e-46 7.2337e-31 2.9277e-24 1.6656e-12 ] 0.0000e+00 [ 0.0000e+00 ] 1.0000e+00
 2.119e+01 1.4466e-12 1.4466e-12 [ 5.3472e-47 3.8518e-31 1.9308e-24 1.4466e-12 ] 0.0000e+00 [ 0.0000e+00 ] 1.0000e+00
 2.131e+01 1.2566e-12 1.2566e-12 [ 2.0968e-47 2.0528e-31 1.2776e-24 1.2566e-12 ] 0.0000e+00 [ 0.0000e+00 ] 1.0000e+00
 2.142e+01 1.0917e-12 1.0917e-12 [ 8.2134e-48 1.0953e-31 8.4816e-25 1.0917e-12 ] 0.0000e+00 [ 0.0000e+00 ] 1.0000e+00
 2.153e+01 9.4866e-13 9.4866e-13 [ 3.2143e-48 5.8531e-32 5.6481e-25 9.4866e-13 ] 0.0000e+00 [ 0.0000e+00 ] 1.0000e+00
 2.165e+01 8.2449e-13 8.2449e-13 [ 1.2570e-48 3.1332e-32 3.7720e-25 8.2449e-13 ] 0.0000e+00 [ 0.0000e+00 ] 1.0000e+00
 2.176e+01 7.1671e-13 7.1671e-13 [ 4.9124e-49 1.6806e-32 2.5258e-25 7.1671e-13 ] 0.0000e+00 [ 0.0000e+00 ] 1.0000e+00
 2.187e+01 6.2314e-13 6.2314e-13 [ 1.9191e-49 9.0354e-33 1.6953e-25 6.2314e-13 ] 0.0000e+00 [ 0.0000e+00 ] 1.0000e+00
 2.199e+01 5.4191e-13 5.4191e-13 [ 7.4956e-50 4.8699e-33 1.1403e-25 5.4191e-13 ] 0.0000e+00 [ 0.0000e+00 ] 1.0000e+00
 2.210e+01 4.7137e-13 4.7137e-13 [ 2.9277e-50 2.6318e-33 7.6841e-26 4.7137e-13 ] 0.0000e+00 [ 0.0000e+00 ] 1.0000e+00
 2.221e+01 4.1011e-13 4.1011e-13 [ 1.1438e-50 1.4264e-33 5.1859e-26 4.1011e-13 ] 0.0000e+00 [ 0.0000e+00 ] 1.0000e+00
 2.233e+01 3.5690e-13 3.5690e-13 [ 4.4713e-51 7.7537e-34 3.5043e-26 3.5690e-13 ] 0.0000e+00 [ 0.0000e+00 ] 1.0000e+00
 2.244e+01 3.1068e-13 3.1068e-13 [ 1.7492e-51 4.2275e-34 2.3704e-26 3.1068e-13 ] 0.0000e+00 [ 0.0000e+00 ] 1.0000e+00
 2.255e+01 2.7052e-13 2.7052e-13 [ 6.8502e-52 2.3119e-34 1.6045e-26 2.7052e-13 ] 0.0000e+00 [ 0.0000e+00 ] 1.0000e+00
 2.267e+01 2.3562e-13 2.3562e-13 [ 2.6863e-52 1.2681e-34 1.0866e-26 2.3562e-13 ] 0.0000e+00 [ 0.0000e+00 ] 1.0000e+00
 2.278e+01 2.0528e-13 2.0528e-13 [ 1.0552e-52 6.9753e-35 7.3601e-27 2.0528e-13 ] 0.0000e+00 [ 0.0000e+00 ] 1.0000e+00
 2.289e+01 1.7891e-13 1.7891e-13 [ 4.1530e-53 3.8473e-35 4.9857e-27 1.7891e-13 ] 0.0000e+00 [ 0.0000e+00 ] 1.0000e+00
 2.301e+01 1.5597e-13 1.5597e-13 [ 1.6382e-53 2.1274e-35 3.3767e-27 1.5597e-13 ] 0.0000e+00 [ 0.0000e+00 ] 1.0000e+00
 2.312e+01 1.3603e-13 1.3603e-13 [ 6.4781e-54 1.1791e-35 2.2862e-27 1.3603e-13 ] 0.0000e+00 [ 0.0000e+00 ] 1.0000e+00
 2.323e+01 1.1867e-13 1.1867e-13 [ 2.5688e-54 6.5488e-36 1.5471e-27 1.1867e-13 ] 0.0000e+00 [ 0.0000e+00 ] 1.0000e+00
 2.335e+01 1.0357e-13 1.0357e-13 [ 1.0217e-54 3.6437e-36 1.0463e-27 1.0357e-13 ] 0.0000e+00 [ 0.0000e+00 ] 1.0000e+00
 2.346e+01 9.0432e-14 9.0432e-14 [ 4.0764e-55 2.0305e-36 7.0704e-28 9.0432e-14 ] 0.0000e+00 [ 0.0000e+00 ] 1.0000e+00
 2.357e+01 7.8989e-14 7.8989e-14 [ 1.6318e-55 1.1329e-36 4.7737e-28 7.8989e-14 ] 0.0000e+00 [ 0.0000e+00 ] 1.0000e+00
 2.369e+01 6.9024e-14 6.9024e-14 [ 6.5549e-56 6.3274e-37 3.2198e-28 6.9024e-14 ] 0.0000e+00 [ 0.0000e+00 ] 1.0000e+00
 2.380e+01 6.0343e-14 6.0343e-14 [ 2.6421e-56 3.5365e-37 2.1694e-28 6.0343e-14 ] 0.0000e+00 [ 0.0000e+00 ] 1.0000e+00
 2.391e+01 5.2778e-14 5.2778e-14 [ 1.0687e-56 1.9775e-37 1.4600e-28 5.2778e-14 ] 0.0000e+00 [ 0.0000e+00 ] 1.0000e+00
 2.403e+01 4.6183e-14 4.6183e-14 [ 4.3374e-57 1.1060e-37 9.8142e-29 4.6183e-14 ] 0.0000e+00 [ 0.0000e+00 ] 1.0000e+00
 2.414e+01 4.0432e-14 4.0432e-14 [ 1.7662e-57 6.1859e-38 6.5885e-29 4.0432e-14 ] 0.0000e+00 [ 0.0000e+00 ] 1.0000e+00
 2.425e+01 3.5415e-14 3.5415e-14 [ 7.2150e-58 3.4590e-38 4.4172e-29 3.5415e-14 ] 0.0000e+00 [ 0.0000e+00 ] 1.0000e+00
 2.437e+01 3.1037e-14 3.1037e-14 [ 2.9561e-58 1.9335e-38 2.9574e-29 3.1037e-14 ] 0.0000e+00 [ 0.0000e+00 ] 1.0000e+00
 2.448e+01 2.7214e-14 2.7214e-14 [ 1.2145e-58 1.0801e-38 1.9773e-29 2.7214e-14 ] 0.0000e+00 [ 0.0000e+00 ] 1.0000e+00
 2.459e+01 2.3876e-14 2.3876e-14 [ 5.0024e-59 6.0294e-39 1.3200e-29 2.3876e-14 ] 0.0000e+00 [ 0.0000e+00 ] 1.0000e+00
 2.471e+01 2.0959e-14 2.0959e-14 [ 2.0651e-59 3.3629e-39 8.7998e-30 2.0959e-14 ] 0.0000e+00 [ 0.0000e+00 ] 1.0000e+00
 2.482e+01 1.8408e-14 1.8408e-14 [ 8.5422e-60 1.8737e-39 5.8575e-30 1.8408e-14 ] 0.0000e+00 [ 0.0000e+00 ] 1.0000e+00
 2.493e+01 1.6178e-14 1.6178e-14 [ 3.5396e-60 1.0429e-39 3.8930e-30 1.6178e-14 ] 0.0000e+00 [ 0.0000e+00 ] 1.0000e+00
 2.505e+01 1.4226e-14 1.4226e-14 [ 1.4688e-60 5.7973e-40 2.5834e-30 1.4226e-14 ] 0.0000e+00 [ 0.0000e+00 ] 1.0000e+00
 2.516e+01 1.2518e-14 1.2518e-14 [ 6.1027e-61 3.2186e-40 1.7117e-30 1.2518e-14 ] 0.0000e+00 [ 0.0000e+00 ] 1.0000e+00
 2.527e+01 1.1021e-14 1.1021e-14 [ 2.5380e-61 1.7844e-40 1.1323e-30 1.1021e-14 ] 0.0000e+00 [ 0.0000e+00 ] 1.0000e+00
 2.539e+01 9.7097e-15 9.7097e-15 [ 1.0563e-61 9.8792e-41 7.4790e-31 9.7097e-15 ] 0.0000e+00 [ 0.0000e+00 ] 1.0000e+00
 2.550e+01 8.5597e-15 8.5597e-15 [ 4.3985e-62 5.4613e-41 4.9320e-31 8.5597e-15 ] 0.0000e+00 [ 0.0000e+00 ] 1.0000e+00
 2.561e+01 7.5507e-15 7.5507e-15 [ 1.8321e-62 3.0144e-41 3.2472e-31 7.5507e-15 ] 0.0000e+00 [ 0.0000e+00 ] 1.0000e+00
 2.573e+01 6.6650e-15 6.6650e-15 [ 7.6325e-63 1.6612e-41 2.1345e-31 6.6650e-15 ] 0.0000e+00 [ 0.0000e+00 ] 1.0000e+00
 2.584e+01 5.8870e-15 5.8870e-15 [ 3.1795e-63 9.1396e-42 1.4009e-31 5.8870e-15 ] 0.0000e+00 [ 0.0000e+00 ] 1.0000e+00
 2.595e+01 5.2032e-15 5.2032e-15 [ 1.3243e-63 5.0202e-42 9.1788e-32 5.2032e-15 ] 0.0000e+00 [ 0.0000e+00 ] 1.0000e+00
 2.607e+01 4.6018e-15 4.6018e-15 [ 5.5141e-64 2.7529e-42 6.0045e-32 4.6018e-15 ] 0.0000e+00 [ 0.0000e+00 ] 1.0000e+00
 2.618e+01 4.0726e-15 4.0726e-15 [ 2.2949e-64 1.5070e-42 3.9216e-32 4.0726e-15 ] 0.0000e+00 [ 0.0000e+00 ] 1.0000e+00
 2.629e+01 3.6066e-15 3.6066e-15 [ 9.5462e-65 8.2359e-43 2.5571e-32 3.6066e-15 ] 0.0000e+00 [ 0.0000e+00 ] 1.0000e+00
 2.641e+01 3.1960e-15 3.1960e-15 [ 3.9684e-65 4.4931e-43 1.6647e-32 3.1960e-15 ] 0.0000e+00 [ 0.0000e+00 ] 1.0000e+00
 2.652e+01 2.8340e-15 2.8340e-15 [ 1.6485e-65 2.4469e-43 1.0819e-32 2.8340e-15 ] 0.0000e+00 [ 0.0000e+00 ] 1.0000e+00
 2.663e+01 2.5145e-15 2.5145e-15 [ 6.8428e-66 1.3303e-43 7.0205e-33 2.5145e-15 ] 0.0000e+00 [ 0.0000e+00 ] 1.0000e+00
 2.675e+01 2.2325e-15 2.2325e-15 [ 2.8379e-66 7.2192e-44 4.5480e-33 2.2325e-15 ] 0.0000e+00 [ 0.0000e+00 ] 1.0000e+00
 2.686e+01 1.9834e-15 1.9834e-15 [ 1.1759e-66 3.9108e-44 2.9416e-33 1.9834e-15 ] 0.0000e+00 [ 0.0000e+00 ] 1.0000e+00
 2.697e+01 1.7631e-15 1.7631e-15 [ 4.8679e-67 2.1148e-44 1.8994e-33 1.7631e-15 ] 0.0000e+00 [ 0.0000e+00 ] 1.0000e+00
 2.709e+01 1.5682e-15 1.5682e-15 [ 2.0132e-67 1.1416e-44 1.2245e-33 1.5682e-15 ] 0.0000e+00 [ 0.0000e+00 ] 1.0000e+00
 2.720e+01 1.3957e-15 1.3957e-15 [ 8.3171e-68 6.1515e-45 7.8812e-34 1.3957e-15 ] 0.0000e+00 [ 0.0000e+00 ] 1.0000e+00
 2.731e+01 1.2429e-15 1.2429e-15 [ 3.4325e-68 3.3088e-45 5.0642e-34 1.2429e-15 ] 0.0000e+00 [ 0.0000e+00 ] 1.0000e+00
 2.743e+01 1.1075e-15 1.1075e-15 [ 1.4151e-68 1.7766e-45 3.2488e-34 1.1075e-15 ] 0.0000e+00 [ 0.0000e+00 ] 1.0000e+00
 2.754e+01 9.8729e-16 9.8729e-16 [ 5.8274e-69 9.5220e-46 2.0808e-34 9.8729e-16 ] 0.0000e+00 [ 0.0000e+00 ] 1.0000e+00
 2.765e+01 8.8062e-16 8.8062e-16 [ 2.3971e-69 5.0944e-46 1.3306e-34 8.8062e-16 ] 0.0000e+00 [ 0.0000e+00 ] 1.0000e+00
 2.777e+01 7.8589e-16 7.8589e-16 [ 9.8493e-70 2.7207e-46 8.4944e-35 7.8589e-16 ] 0.0000e+00 [ 0.0000e+00 ] 1.0000e+00
 2.788e+01 7.0169e-16 7.0169e-16 [ 4.0423e-70 1.4505e-46 5.4140e-35 7.0169e-16 ] 0.0000e+00 [ 0.0000e+00 ] 1.0000e+00
 2.799e+01 6.2680e-16 6.2680e-16 [ 1.6571e-70 7.7189e-47 3.4451e-35 6.2680e-16 ] 0.0000e+00 [ 0.0000e+00 ] 1.0000e+00
 2.811e+01 5.6016e-16 5.6016e-16 [ 6.7856e-71 4.1004e-47 2.1886e-35 5.6016e-16 ] 0.0000e+00 [ 0.0000e+00 ] 1.0000e+00
 2.822e+01 5.0083e-16 5.0083e-16 [ 2.7753e-71 2.1744e-47 1.3881e-35 5.0083e-16 ] 0.0000e+00 [ 0.0000e+00 ] 1.0000e+00
 2.833e+01 4.4796e-16 4.4796e-16 [ 1.1338e-71 1.1510e-47 8.7901e-36 4.4796e-16 ] 0.0000e+00 [ 0.0000e+00 ] 1.0000e+00
 2.845e+01 4.0083e-16 4.0083e-16 [ 4.6262e-72 6.0819e-48 5.5571e-36 4.0083e-16 ] 0.0000e+00 [ 0.0000e+00 ] 1.0000e+00
 2.856e+01 3.5880e-16 3.5880e-16 [ 1.8855e-72 3.2081e-48 3.5074e-36 3.5880e-16 ] 0.0000e+00 [ 0.0000e+00 ] 1.0000e+00
 2.867e+01 3.2128e-16 3.2128e-16 [ 7.6755e-73 1.6892e-48 2.2102e-36 3.2128e-16 ] 0.0000e+00 [ 0.0000e+00 ] 1.0000e+00
 2.879e+01 2.8778e-16 2.8778e-16 [ 3.1209e-73 8.8787e-49 1.3905e-36 2.8778e-16 ] 0.0000e+00 [ 0.0000e+00 ] 1.0000e+00
 2.890e+01 2.5786e-16 2.5786e-16 [ 1.2675e-73 4.6586e-49 8.7333e-37 2.5786e-16 ] 0.0000e+00 [ 0.0000e+00 ] 1.0000e+00
 2.901e+01 2.3111e-16 2.3111e-16 [ 5.1417e-74 2.4401e-49 5.4764e-37 2.3111e-16 ] 0.0000e+00 [ 0.0000e+00 ] 1.0000e+00
 2.913e+01 2.0719e-16 2.0719e-16 [ 2.0833e-74 1.2758e-49 3.4285e-37 2.0719e-16 ] 0.0000e+00 [ 0.0000e+00 ] 1.0000e+00
 2.924e+01 1.8579e-16 1.8579e-16 [ 8.4310e-75 6.6592e-50 2.1429e-37 1.8579e-16 ] 0.0000e+00 [ 0.0000e+00 ] 1.0000e+00
 2.935e+01 1.6664e-16 1.6664e-16 [ 3.4081e-75 3.4697e-50 1.3372e-37 1.6664e-16 ] 0.0000e+00 [ 0.0000e+00 ] 1.0000e+00
 2.947e+01 1.4950e-16 1.4950e-16 [ 1.3760e-75 1.8047e-50 8.3306e-38 1.4950e-16 ] 0.0000e+00 [ 0.0000e+00 ] 1.0000e+00
 2.958e+01 1.3414e-16 1.3414e-16 [ 5.5492e-76 9.3706e-51 5.1814e-38 1.3414e-16 ] 0.0000e+00 [ 0.0000e+00 ] 1.0000e+00
 2.969e+01 1.2038e-16 1.2038e-16 [ 2.2353e-76 4.8570e-51 3.2175e-38 1.2038e-16 ] 0.0000e+00 [ 0.0000e+00 ] 1.0000e+00
 2.981e+01 1.0804e-16 1.0804e-16 [ 8.9935e-77 2.5132e-51 1.9947e-38 1.0804e-16 ] 0.0000e+00 [ 0.0000e+00 ] 1.0000e+00
 2.992e+01 9.6987e-17 9.6987e-17 [ 3.6142e-77 1.2981e-51 1.2346e-38 9.6987e-17 ] 0.0000e+00 [ 0.0000e+00 ] 1.0000e+00
 3.003e+01 8.7070e-17 8.7070e-17 [ 1.4508e-77 6.6938e-52 7.6286e-39 8.7070e-17 ] 0.0000e+00 [ 0.0000e+00 ] 1.0000e+00
 3.015e+01 7.8174e-17 7.8174e-17 [ 5.8167e-78 3.4457e-52 4.7062e-39 7.8174e-17 ] 0.0000e+00 [ 0.0000e+00 ] 1.0000e+00
 3.026e+01 7.0191e-17 7.0191e-17 [ 2.3295e-78 1.7706e-52 2.8985e-39 7.0191e-17 ] 0.0000e+00 [ 0.0000e+00 ] 1.0000e+00
 3.037e+01 6.3027e-17 6.3027e-17 [ 9.3181e-79 9.0829e-53 1.7823e-39 6.3027e-17 ] 0.0000e+00 [ 0.0000e+00 ] 1.0000e+00
 3.049e+01 5.6595e-17 5.6595e-17 [ 3.7231e-79 4.6514e-53 1.0941e-39 5.6595e-17 ] 0.0000e+00 [ 0.0000e+00 ] 1.0000e+00
 3.060e+01 5.0821e-17 5.0821e-17 [ 1.4858e-79 2.3779e-53 6.7053e-40 5.0821e-17 ] 0.0000e+00 [ 0.0000e+00 ] 1.0000e+00
 3.071e+01 4.5636e-17 4.5636e-17 [ 5.9230e-80 1.2135e-53 4.1027e-40 4.5636e-17 ] 0.0000e+00 [ 0.0000e+00 ] 1.0000e+00
 3.083e+01 4.0980e-17 4.0980e-17 [ 2.3583e-80 6.1826e-54 2.5061e-40 4.0980e-17 ] 0.0000e+00 [ 0.0000e+00 ] 1.0000e+00
 3.094e+01 3.6797e-17 3.6797e-17 [ 9.3794e-81 3.1445e-54 1.5283e-40 3.6797e-17 ] 0.0000e+00 [ 0.0000e+00 ] 1.0000e+00
 3.105e+01 3.3040e-17 3.3040e-17 [ 3.7260e-81 1.5965e-54 9.3049e-41 3.3040e-17 ] 0.0000e+00 [ 0.0000e+00 ] 1.0000e+00
 3.117e+01 2.9665e-17 2.9665e-17 [ 1.4785e-81 8.0921e-55 5.6557e-41 2.9665e-17 ] 0.0000e+00 [ 0.0000e+00 ] 1.0000e+00
 3.128e+01 2.6633e-17 2.6633e-17 [ 5.8598e-82 4.0945e-55 3.4319e-41 2.6633e-17 ] 0.0000e+00 [ 0.0000e+00 ] 1.0000e+00
 3.139e+01 2.3908e-17 2.3908e-17 [ 2.3198e-82 2.0683e-55 2.0791e-41 2.3908e-17 ] 0.0000e+00 [ 0.0000e+00 ] 1.0000e+00
 3.151e+01 2.1460e-17 2.1460e-17 [ 9.1732e-83 1.0429e-55 1.2574e-41 2.1460e-17 ] 0.0000e+00 [ 0.0000e+00 ] 1.0000e+00
 3.162e+01 1.9261e-17 1.9261e-17 [ 3.6232e-83 5.2502e-56 7.5919e-42 1.9261e-17 ] 0.0000e+00 [ 0.0000e+00 ] 1.0000e+00
 3.173e+01 1.7285e-17 1.7285e-17 [ 1.4294e-83 2.6384e-56 4.5762e-42 1.7285e-17 ] 0.0000e+00 [ 0.0000e+00 ] 1.0000e+00
 3.185e+01 1.5509e-17 1.5509e-17 [ 5.6329e-84 1.3236e-56 2.7537e-42 1.5509e-17 ] 0.0000e+00 [ 0.0000e+00 ] 1.0000e+00
 3.196e+01 1.3914e-17 1.3914e-17 [ 2.2172e-84 6.6290e-57 1.6543e-42 1.3914e-17 ] 0.0000e+00 [ 0.0000e+00 ] 1.0000e+00
 3.207e+01 1.2481e-17 1.2481e-17 [ 8.7171e-85 3.3143e-57 9.9211e-43 1.2481e-17 ] 0.0000e+00 [ 0.0000e+00 ] 1.0000e+00
 3.219e+01 1.1194e-17 1.1194e-17 [ 3.4232e-85 1.6542e-57 5.9399e-43 1.1194e-17 ] 0.0000e+00 [ 0.0000e+00 ] 1.0000e+00
 3.230e+01 1.0038e-17 1.0038e-17 [ 1.3428e-85 8.2419e-58 3.5502e-43 1.0038e-17 ] 0.0000e+00 [ 0.0000e+00 ] 1.0000e+00
 3.241e+01 8.9994e-18 8.9994e-18 [ 5.2609e-86 4.0995e-58 2.1183e-43 8.9994e-18 ] 0.0000e+00 [ 0.0000e+00 ] 1.0000e+00
 3.253e+01 8.0669e-18 8.0669e-18 [ 2.0588e-86 2.0355e-58 1.2618e-43 8.0669e-18 ] 0.0000e+00 [ 0.0000e+00 ] 1.0000e+00
 3.264e+01 7.2294e-18 7.2294e-18 [ 8.0475e-87 1.0090e-58 7.5030e-44 7.2294e-18 ] 0.0000e+00 [ 0.0000e+00 ] 1.0000e+00
 3.275e+01 6.4776e-18 6.4776e-18 [ 3.1419e-87 4.9927e-59 4.4538e-44 6.4776e-18 ] 0.0000e+00 [ 0.0000e+00 ] 1.0000e+00
 3.287e+01 5.8026e-18 5.8026e-18 [ 1.2253e-87 2.4663e-59 2.6392e-44 5.8026e-18 ] 0.0000e+00 [ 0.0000e+00 ] 1.0000e+00
 3.298e+01 5.1968e-18 5.1968e-18 [ 4.7725e-88 1.2162e-59 1.5612e-44 5.1968e-18 ] 0.0000e+00 [ 0.0000e+00 ] 1.0000e+00
 3.309e+01 4.6532e-18 4.6532e-18 [ 1.8567e-88 5.9867e-60 9.2194e-45 4.6532e-18 ] 0.0000e+00 [ 0.0000e+00 ] 1.0000e+00
 3.321e+01 4.1654e-18 4.1654e-18 [ 7.2150e-89 2.9419e-60 5.4347e-45 4.1654e-18 ] 0.0000e+00 [ 0.0000e+00 ] 1.0000e+00
 3.332e+01 3.7278e-18 3.7278e-18 [ 2.8003e-89 1.4431e-60 3.1980e-45 3.7278e-18 ] 0.0000e+00 [ 0.0000e+00 ] 1.0000e+00
 3.343e+01 3.3353e-18 3.3353e-18 [ 1.0856e-89 7.0669e-61 1.8785e-45 3.3353e-18 ] 0.0000e+00 [ 0.0000e+00 ] 1.0000e+00
 3.355e+01 2.9834e-18 2.9834e-18 [ 4.2031e-90 3.4545e-61 1.1015e-45 2.9834e-18 ] 0.0000e+00 [ 0.0000e+00 ] 1.0000e+00
 3.366e+01 2.6679e-18 2.6679e-18 [ 1.6254e-90 1.6857e-61 6.4471e-46 2.6679e-18 ] 0.0000e+00 [ 0.0000e+00 ] 1.0000e+00
 3.377e+01 2.3850e-18 2.3850e-18 [ 6.2782e-91 8.2109e-62 3.7667e-46 2.3850e-18 ] 0.0000e+00 [ 0.0000e+00 ] 1.0000e+00
 3.389e+01 2.1316e-18 2.1316e-18 [ 2.4219e-91 3.9924e-62 2.1967e-46 2.1316e-18 ] 0.0000e+00 [ 0.0000e+00 ] 1.0000e+00
 3.400e+01 1.9045e-18 1.9045e-18 [ 9.3316e-92 1.9378e-62 1.2788e-46 1.9045e-18 ] 0.0000e+00 [ 0.0000e+00 ] 1.0000e+00
 3.411e+01 1.7011e-18 1.7011e-18 [ 3.5909e-92 9.3884e-63 7.4306e-47 1.7011e-18 ] 0.0000e+00 [ 0.0000e+00 ] 1.0000e+00
 3.423e+01 1.5189e-18 1.5189e-18 [ 1.3801e-92 4.5403e-63 4.3097e-47 1.5189e-18 ] 0.0000e+00 [ 0.0000e+00 ] 1.0000e+00
 3.434e+01 1.3559e-18 1.3559e-18 [ 5.2972e-93 2.1918e-63 2.4949e-47 1.3559e-18 ] 0.0000e+00 [ 0.0000e+00 ] 1.0000e+00
 3.445e+01 1.2099e-18 1.2099e-18 [ 2.0306e-93 1.0561e-63 1.4416e-47 1.2099e-18 ] 0.0000e+00 [ 0.0000e+00 ] 1.0000e+00
 3.457e+01 1.0793e-18 1.0793e-18 [ 7.7741e-94 5.0795e-64 8.3140e-48 1.0793e-18 ] 0.0000e+00 [ 0.0000e+00 ] 1.0000e+00
 3.468e+01 9.6246e-19 9.6246e-19 [ 2.9723e-94 2.4385e-64 4.7857e-48 9.6246e-19 ] 0.0000e+00 [ 0.0000e+00 ] 1.0000e+00
 3.479e+01 8.5797e-19 8.5797e-19 [ 1.1349e-94 1.1684e-64 2.7494e-48 8.5797e-19 ] 0.0000e+00 [ 0.0000e+00 ] 1.0000e+00
 3.491e+01 7.6456e-19 7.6456e-19 [ 4.3276e-95 5.5882e-65 1.5765e-48 7.6456e-19 ] 0.0000e+00 [ 0.0000e+00 ] 1.0000e+00
 3.502e+01 6.8106e-19 6.8106e-19 [ 1.6479e-95 2.6675e-65 9.0214e-49 6.8106e-19 ] 0.0000e+00 [ 0.0000e+00 ] 1.0000e+00
 3.513e+01 6.0644e-19 6.0644e-19 [ 6.2662e-96 1.2709e-65 5.1522e-49 6.0644e-19 ] 0.0000e+00 [ 0.0000e+00 ] 1.0000e+00
 3.525e+01 5.3979e-19 5.3979e-19 [ 2.3794e-96 6.0429e-66 2.9365e-49 5.3979e-19 ] 0.0000e+00 [ 0.0000e+00 ] 1.0000e+00
 3.536e+01 4.8027e-19 4.8027e-19 [ 9.0222e-97 2.8677e-66 1.6703e-49 4.8027e-19 ] 0.0000e+00 [ 0.0000e+00 ] 1.0000e+00
 3.547e+01 4.2713e-19 4.2713e-19 [ 3.4160e-97 1.3582e-66 9.4806e-50 4.2713e-19 ] 0.0000e+00 [ 0.0000e+00 ] 1.0000e+00
 3.559e+01 3.7971e-19 3.7971e-19 [ 1.2914e-97 6.4192e-67 5.3699e-50 3.7971e-19 ] 0.0000e+00 [ 0.0000e+00 ] 1.0000e+00
 3.570e+01 3.3739e-19 3.3739e-19 [ 4.8748e-98 3.0278e-67 3.0351e-50 3.3739e-19 ] 0.0000e+00 [ 0.0000e+00 ] 1.0000e+00
 3.581e+01 2.9965e-19 2.9965e-19 [ 1.8372e-98 1.4251e-67 1.7117e-50 2.9965e-19 ] 0.0000e+00 [ 0.0000e+00 ] 1.0000e+00
 3.593e+01 2.6600e-19 2.6600e-19 [ 6.9131e-99 6.6934e-68 9.6319e-51 2.6600e-19 ] 0.0000e+00 [ 0.0000e+00 ] 1.0000e+00
 3.604e+01 2.3600e-19 2.3600e-19 [ 2.5970e-99 3.1369e-68 5.4078e-51 2.3600e-19 ] 0.0000e+00 [ 0.0000e+00 ] 1.0000e+00
 3.615e+01 2.0927e-19 2.0927e-19 [ 9.7396e-100 1.4669e-68 3.0292e-51 2.0927e-19 ] 0.0000e+00 [ 0.0000e+00 ] 1.0000e+00
 3.627e+01 1.8546e-19 1.8546e-19 [ 3.6463e-100 6.8439e-69 1.6928e-51 1.8546e-19 ] 0.0000e+00 [ 0.0000e+00 ] 1.0000e+00
 3.638e+01 1.6425e-19 1.6425e-19 [ 1.3626e-100 3.1857e-69 9.4369e-52 1.6425e-19 ] 0.0000e+00 [ 0.0000e+00 ] 1.0000e+00
 3.649e+01 1.4537e-19 1.4537e-19 [ 5.0829e-101 1.4793e-69 5.2478e-52 1.4537e-19 ] 0.0000e+00 [ 0.0000e+00 ] 1.0000e+00
 3.661e+01 1.2857e-19 1.2857e-19 [ 1.8923e-101 6.8529e-70 2.9109e-52 1.2857e-19 ] 0.0000e+00 [ 0.0000e+00 ] 1.0000e+00
 3.672e+01 1.1362e-19 1.1362e-19 [ 7.0311e-102 3.1665e-70 1.6104e-52 1.1362e-19 ] 0.0000e+00 [ 0.0000e+00 ] 1.0000e+00
 3.683e+01 1.0032e-19 1.0032e-19 [ 2.6070e-102 1.4593e-70 8.8849e-53 1.0032e-19 ] 0.0000e+00 [ 0.0000e+00 ] 1.0000e+00
 3.695e+01 8.8492e-20 8.8492e-20 [ 9.6453e-103 6.7075e-71 4.8883e-53 8.8492e-20 ] 0.0000e+00 [ 0.0000e+00 ] 1.0000e+00
 3.706e+01 7.7980e-20 7.7980e-20 [ 3.5604e-103 3.0743e-71 2.6817e-53 7.7980e-20 ] 0.0000e+00 [ 0.0000e+00 ] 1.0000e+00
 3.717e+01 6.8637e-20 6.8637e-20 [ 1.3111e-103 1.4050e-71 1.4667e-53 6.8637e-20 ] 0.0000e+00 [ 0.0000e+00 ] 1.0000e+00
 3.729e+01 6.0336e-20 6.0336e-20 [ 4.8160e-104 6.4014e-72 7.9963e-54 6.0336e-20 ] 0.0000e+00 [ 0.0000e+00 ] 1.0000e+00
 3.740e+01 5.2961e-20 5.2961e-20 [ 1.7643e-104 2.9073e-72 4.3451e-54 5.2961e-20 ] 0.0000e+00 [ 0.0000e+00 ] 1.0000e+00
 3.751e+01 4.6412e-20 4.6412e-20 [ 6.4448e-105 1.3159e-72 2.3529e-54 4.6412e-20 ] 0.0000e+00 [ 0.0000e+00 ] 1.0000e+00
 3.763e+01 4.0595e-20 4.0595e-20 [ 2.3471e-105 5.9352e-73 1.2694e-54 4.0595e-20 ] 0.0000e+00 [ 0.0000e+00 ] 1.0000e+00
 3.774e+01 3.5430e-20 3.5430e-20 [ 8.5195e-106 2.6668e-73 6.8216e-55 3.5430e-20 ] 0.0000e+00 [ 0.0000e+00 ] 1.0000e+00
 3.785e+01 3.0845e-20 3.0845e-20 [ 3.0815e-106 1.1934e-73 3.6506e-55 3.0845e-20 ] 0.0000e+00 [ 0.0000e+00 ] 1.0000e+00
 3.797e+01 2.6773e-20 2.6773e-20 [ 1.1103e-106 5.3169e-74 1.9448e-55 2.6773e-20 ] 0.0000e+00 [ 0.0000e+00 ] 1.0000e+00
 3.808e+01 2.3157e-20 2.3157e-20 [ 3.9834e-107 2.3577e-74 1.0311e-55 2.3157e-20 ] 0.0000e+00 [ 0.0000e+00 ] 1.0000e+00
 3.819e+01 1.9947e-20 1.9947e-20 [ 1.4225e-107 1.0401e-74 5.4371e-56 1.9947e-20 ] 0.0000e+00 [ 0.0000e+00 ] 1.0000e+00
 3.831e+01 1.7095e-20 1.7095e-20 [ 5.0533e-108 4.5619e-75 2.8505e-56 1.7095e-20 ] 0.0000e+00 [ 0.0000e+00 ] 1.0000e+00
 3.842e+01 1.4562e-20 1.4562e-20 [ 1.7846e-108 1.9882e-75 1.4847e-56 1.4562e-20 ] 0.0000e+00 [ 0.0000e+00 ] 1.0000e+00
 3.853e+01 1.2312e-20 1.2312e-20 [ 6.2607e-109 8.6031e-76 7.6764e-57 1.2312e-20 ] 0.0000e+00 [ 0.0000e+00 ] 1.0000e+00
 3.865e+01 1.0313e-20 1.0313e-20 [ 2.1794e-109 3.6921e-76 3.9360e-57 1.0313e-20 ] 0.0000e+00 [ 0.0000e+00 ] 1.0000e+00
 3.876e+01 8.5380e-21 8.5380e-21 [ 7.5183e-110 1.5694e-76 1.9986e-57 8.5380e-21 ] 0.0000e+00 [ 0.0000e+00 ] 1.0000e+00
 3.887e+01 6.9641e-21 6.9641e-21 [ 2.5657e-110 6.5964e-77 1.0033e-57 6.9641e-21 ] 0.0000e+00 [ 0.0000e+00 ] 1.0000e+00
 3.899e+01 5.5713e-21 5.5713e-21 [ 8.6414e-111 2.7349e-77 4.9675e-58 5.5713e-21 ] 0.0000e+00 [ 0.0000e+00 ] 1.0000e+00
 3.910e+01 4.3440e-21 4.3440e-21 [ 2.8628e-111 1.1148e-77 2.4174e-58 4.3440e-21 ] 0.0000e+00 [ 0.0000e+00 ] 1.0000e+00
 3.921e+01 3.2702e-21 3.2702e-21 [ 9.2839e-112 4.4455e-78 1.1503e-58 3.2702e-21 ] 0.0000e+00 [ 0.0000e+00 ] 1.0000e+00
 3.933e+01 2.3425e-21 2.3425e-21 [ 2.9248e-112 1.7209e-78 5.3081e-59 2.3425e-21 ] 0.0000e+00 [ 0.0000e+00 ] 1.0000e+00
 3.944e+01 1.5577e-21 1.5577e-21 [ 8.8365e-113 6.3797e-79 2.3385e-59 1.5577e-21 ] 0.0000e+00 [ 0.0000e+00 ] 1.0000e+00
 3.955e+01 9.1848e-22 9.1848e-22 [ 2.4958e-113 2.2012e-79 9.5123e-60 9.1848e-22 ] 0.0000e+00 [ 0.0000e+00 ] 1.0000e+00
 3.967e+01 4.3340e-22 4.3340e-22 [ 6.1680e-114 6.5493e-80 3.2725e-60 4.3340e-22 ] 0.0000e+00 [ 0.0000e+00 ] 1.0000e+00
 3.978e+01 1.1875e-22 1.1875e-22 [ 1.0182e-114 1.2483e-80 6.9272e-61 1.1875e-22 ] 0.0000e+00 [ 0.0000e+00 ] 1.0000e+00
 3.989e+01 0.0000e+00 0.0000e+00 [ 0.0000e+00 0.0000e+00 0.0000e+00 0.0000e+00 ] 0.0000e+00 [ 0.0000e+00 ] 1.0000e+00
