 0.000e+00 0.0000e+00 0.0000e+00 [ 0.0000e+00 0.0000e+00 0.0000e+00 0.0000e+00 ] 0.0000e+00 [ 0.0000e+00 0.0000e+00 0.0000e+00 0.0000e+00 0.0000e+00 0.0000e+00 0.0000e+00 ] 1.0000e+00
 1.133e-01 6.4246e-03 4.7022e-03 [ 4.4659e-03 6.6888e-05 8.9626e-05 7.9779e-05 ] 1.7224e-03 [ 1.6813e-03 5.3268e-06 1.7481e-06 8.8218e-06 2.3018e-06 9.6700e-06 1.3279e-05 ] 9.9358e-01
 2.267e-01 1.2773e-02 9.9700e-03 [ 9.0625e-03 2.4200e-04 3.5496e-04 3.1053e-04 ] 2.8030e-03 [ 2.6347e-03 2.2059e-05 7.3771e-06 3.8097e-05 9.7054e-06 4.0520e-05 5.0566e-05 ] 9.8723e-01
 3.400e-01 1.8493e-02 1.4796e-02 [ 1.2713e-02 5.9116e-04 8.0991e-04 6.8206e-04 ] 3.6966e-03 [ 3.2964e-03 5.2476e-05 1.8093e-05 9.6945e-05 2.3771e-05 9.8258e-05 1.1063e-04 ] 9.8151e-01
 4.533e-01 2.4164e-02 1.9648e-02 [ 1.5992e-02 1.0263e-03 1.4424e-03 1.1870e-03 ] 4.5165e-03 [ 3.7409e-03 1.0058e-04 3.6139e-05 2.0328e-04 4.7385e-05 1.9327e-04 1.9492e-04 ] 9.7584e-01
 5.667e-01 3.0248e-02 2.4829e-02 [ 1.9084e-02 1.6517e-03 2.2736e-03 1.8198e-03 ] 5.4196e-03 [ 4.0582e-03 1.7252e-04 6.5215e-05 3.8877e-04 8.5265e-05 3.4219e-04 3.0745e-04 ] 9.6975e-01
 6.800e-01 3.7003e-02 3.0430e-02 [ 2.2133e-02 2.4178e-03 3.3013e-03 2.5772e-03 ] 6.5735e-03 [ 4.3076e-03 2.7721e-04 1.1118e-04 7.0740e-04 1.4477e-04 5.7034e-04 4.5499e-04 ] 9.6300e-01
 7.933e-01 4.4812e-02 3.6621e-02 [ 2.5266e-02 3.3614e-03 4.5375e-03 3.4569e-03 ] 8.1907e-03 [ 4.5308e-03 4.2718e-04 1.8309e-04 1.2496e-03 2.3714e-04 9.1534e-04 6.4758e-04 ] 9.5519e-01
 9.067e-01 5.4135e-02 4.3565e-02 [ 2.8617e-02 4.4981e-03 5.9919e-03 4.4582e-03 ] 1.0570e-02 [ 4.7608e-03 6.3978e-04 2.9483e-04 2.1645e-03 3.7918e-04 1.4320e-03 8.9925e-04 ] 9.4586e-01
 1.020e+00 6.5570e-02 5.1418e-02 [ 3.2320e-02 5.8429e-03 7.6748e-03 5.5810e-03 ] 1.4152e-02 [ 5.0279e-03 9.3850e-04 4.6731e-04 3.6949e-03 5.9566e-04 2.1985e-03 1.2289e-03 ] 9.3443e-01
 1.133e+00 7.9925e-02 6.0341e-02 [ 3.6503e-02 7.4150e-03 9.5973e-03 6.8253e-03 ] 1.9585e-02 [ 5.3637e-03 1.3544e-03 7.3147e-04 6.2278e-03 9.2220e-04 3.3241e-03 1.6611e-03 ] 9.2007e-01
 1.247e+00 9.8302e-02 7.0484e-02 [ 4.1293e-02 9.2321e-03 1.1769e-02 8.1904e-03 ] 2.7818e-02 [ 5.8042e-03 1.9270e-03 1.1320e-03 1.0364e-02 1.4085e-03 4.9562e-03 2.2266e-03 ] 9.0170e-01
 1.360e+00 1.2217e-01 8.1973e-02 [ 4.6799e-02 1.1308e-02 1.4195e-02 9.6724e-03 ] 4.0192e-02 [ 6.3907e-03 2.7042e-03 1.7307e-03 1.7000e-02 2.1210e-03 7.2841e-03 2.9615e-03 ] 8.7783e-01
 1.473e+00 1.5337e-01 9.4875e-02 [ 5.3096e-02 1.3646e-02 1.6871e-02 1.1263e-02 ] 5.8491e-02 [ 7.1669e-03 3.7384e-03 2.6082e-03 2.7400e-02 3.1419e-03 1.0532e-02 3.9034e-03 ] 8.4663e-01
 1.587e+00 1.9401e-01 1.0915e-01 [ 6.0191e-02 1.6234e-02 1.9779e-02 1.2943e-02 ] 8.4864e-02 [ 8.1701e-03 5.0770e-03 3.8585e-03 4.3185e-02 4.5610e-03 1.4929e-02 5.0832e-03 ] 8.0599e-01
 1.700e+00 2.4601e-01 1.2457e-01 [ 6.7978e-02 1.9035e-02 2.2875e-02 1.4684e-02 ] 1.2144e-01 [ 9.4124e-03 6.7429e-03 5.5699e-03 6.6113e-02 6.4526e-03 2.0638e-02 6.5089e-03 ] 7.5399e-01
 1.813e+00 3.1009e-01 1.4068e-01 [ 7.6184e-02 2.1975e-02 2.6081e-02 1.6439e-02 ] 1.6942e-01 [ 1.0851e-02 8.7046e-03 7.7838e-03 9.7462e-02 8.8327e-03 2.7639e-02 8.1430e-03 ] 6.8991e-01
 1.927e+00 3.8433e-01 1.5669e-01 [ 8.4326e-02 2.4938e-02 2.9282e-02 1.8143e-02 ] 2.2764e-01 [ 1.2358e-02 1.0845e-02 1.0433e-02 1.3695e-01 1.1600e-02 3.5575e-02 9.8810e-03 ] 6.1567e-01
 2.040e+00 4.6274e-01 1.7157e-01 [ 9.1734e-02 2.7771e-02 3.2335e-02 1.9726e-02 ] 2.9117e-01 [ 1.3714e-02 1.2950e-02 1.3285e-02 1.8150e-01 1.4497e-02 4.3678e-02 1.1550e-02 ] 5.3726e-01
 2.153e+00 5.3550e-01 1.8419e-01 [ 9.7655e-02 3.0315e-02 3.5096e-02 2.1122e-02 ] 3.5131e-01 [ 1.4659e-02 1.4756e-02 1.5956e-02 2.2497e-01 1.7135e-02 5.0885e-02 1.2950e-02 ] 4.6450e-01
 2.267e+00 5.9156e-01 1.9362e-01 [ 1.0143e-01 3.2437e-02 3.7457e-02 2.2295e-02 ] 3.9794e-01 [ 1.4989e-02 1.6039e-02 1.8017e-02 2.5966e-01 1.9117e-02 5.6185e-02 1.3927e-02 ] 4.0844e-01
 2.380e+00 6.2245e-01 1.9934e-01 [ 1.0267e-01 3.4058e-02 3.9367e-02 2.3238e-02 ] 4.2311e-01 [ 1.4637e-02 1.6685e-02 1.9147e-02 2.7910e-01 2.0173e-02 5.8953e-02 1.4420e-02 ] 3.7755e-01
 2.493e+00 6.2416e-01 2.0115e-01 [ 1.0124e-01 3.5138e-02 4.0807e-02 2.3958e-02 ] 4.2301e-01 [ 1.3654e-02 1.6675e-02 1.9196e-02 2.7988e-01 2.0194e-02 5.8978e-02 1.4430e-02 ] 3.7584e-01
 2.607e+00 5.9686e-01 1.9908e-01 [ 9.7244e-02 3.5645e-02 4.1747e-02 2.4445e-02 ] 3.9778e-01 [ 1.2152e-02 1.6019e-02 1.8168e-02 2.6200e-01 1.9187e-02 5.6291e-02 1.3967e-02 ] 4.0314e-01
 2.720e+00 5.4474e-01 1.9334e-01 [ 9.0968e-02 3.5551e-02 4.2145e-02 2.4674e-02 ] 3.5140e-01 [ 1.0286e-02 1.4754e-02 1.6208e-02 2.2871e-01 1.7269e-02 5.1134e-02 1.3039e-02 ] 4.5526e-01
 2.833e+00 4.7606e-01 1.8441e-01 [ 8.2935e-02 3.4868e-02 4.1983e-02 2.4622e-02 ] 2.9166e-01 [ 8.2601e-03 1.2994e-02 1.3624e-02 1.8626e-01 1.4700e-02 4.4114e-02 1.1706e-02 ] 5.2394e-01
 2.947e+00 4.0147e-01 1.7312e-01 [ 7.3848e-02 3.3671e-02 4.1305e-02 2.4298e-02 ] 2.2835e-01 [ 6.3020e-03 1.0948e-02 1.0826e-02 1.4212e-01 1.1859e-02 3.6189e-02 1.0109e-02 ] 5.9853e-01
 3.060e+00 3.3051e-01 1.6050e-01 [ 6.4448e-02 3.2092e-02 4.0218e-02 2.3745e-02 ] 1.7001e-01 [ 4.5930e-03 8.8647e-03 8.1911e-03 1.0243e-01 9.1202e-03 2.8373e-02 8.4347e-03 ] 6.6949e-01
 3.173e+00 2.6913e-01 1.4753e-01 [ 5.5356e-02 3.0279e-02 3.8861e-02 2.3029e-02 ] 1.2160e-01 [ 3.2232e-03 6.9455e-03 5.9575e-03 7.0465e-02 6.7411e-03 2.1421e-02 6.8482e-03 ] 7.3087e-01
 3.287e+00 2.1935e-01 1.3494e-01 [ 4.6989e-02 2.8369e-02 3.7365e-02 2.2215e-02 ] 8.4416e-02 [ 2.1964e-03 5.3051e-03 4.2048e-03 4.6732e-02 4.8293e-03 1.5696e-02 5.4526e-03 ] 7.8065e-01
 3.400e+00 1.8062e-01 1.2322e-01 [ 3.9562e-02 2.6465e-02 3.5836e-02 2.1360e-02 ] 5.7392e-02 [ 1.4642e-03 3.9765e-03 2.9041e-03 3.0141e-02 3.3781e-03 1.1241e-02 4.2881e-03 ] 8.1938e-01
 3.513e+00 1.5113e-01 1.1263e-01 [ 3.3138e-02 2.4635e-02 3.4347e-02 2.0507e-02 ] 3.8499e-02 [ 9.6091e-04 2.9407e-03 1.9758e-03 1.9036e-02 2.3212e-03 7.9136e-03 3.3506e-03 ] 8.4887e-01
 3.627e+00 1.2886e-01 1.0323e-01 [ 2.7682e-02 2.2918e-02 3.2943e-02 1.9683e-02 ] 2.5632e-02 [ 6.2373e-04 2.1542e-03 1.3309e-03 1.1835e-02 1.5738e-03 5.5007e-03 2.6134e-03 ] 8.7114e-01
 3.740e+00 1.1201e-01 9.4990e-02 [ 2.3104e-02 2.1334e-02 3.1648e-02 1.8904e-02 ] 1.7017e-02 [ 4.0190e-04 1.5678e-03 8.9093e-04 7.2714e-03 1.0564e-03 3.7874e-03 2.0416e-03 ] 8.8799e-01
 3.853e+00 9.9144e-02 8.7835e-02 [ 1.9298e-02 1.9886e-02 3.0471e-02 1.8180e-02 ] 1.1309e-02 [ 2.5776e-04 1.1358e-03 5.9434e-04 4.4269e-03 7.0379e-04 2.5895e-03 1.6012e-03 ] 9.0086e-01
 3.967e+00 8.9194e-02 8.1647e-02 [ 1.6149e-02 1.8570e-02 2.9413e-02 1.7515e-02 ] 7.5474e-03 [ 1.6488e-04 8.2024e-04 3.9591e-04 2.6762e-03 4.6615e-04 1.7613e-03 1.2627e-03 ] 9.1081e-01
 4.080e+00 8.1379e-02 7.6308e-02 [ 1.3553e-02 1.7379e-02 2.8468e-02 1.6907e-02 ] 5.0719e-03 [ 1.0534e-04 5.9103e-04 2.6373e-04 1.6089e-03 3.0735e-04 1.1934e-03 1.0022e-03 ] 9.1862e-01
 4.193e+00 7.5142e-02 7.1702e-02 [ 1.1417e-02 1.6301e-02 2.7627e-02 1.6357e-02 ] 3.4403e-03 [ 6.7300e-05 4.2517e-04 1.7588e-04 9.6290e-04 2.0192e-04 8.0636e-04 8.0073e-04 ] 9.2486e-01
 4.307e+00 7.0084e-02 6.7723e-02 [ 9.6591e-03 1.5324e-02 2.6881e-02 1.5859e-02 ] 2.3604e-03 [ 4.3023e-05 3.0545e-04 1.1752e-04 5.7422e-04 1.3227e-04 5.4385e-04 6.4405e-04 ] 9.2992e-01
 4.420e+00 6.5920e-02 6.4279e-02 [ 8.2108e-03 1.4437e-02 2.6219e-02 1.5412e-02 ] 1.6410e-03 [ 2.7536e-05 2.1920e-04 7.8720e-05 3.4141e-04 8.6443e-05 3.6640e-04 5.2130e-04 ] 9.3408e-01
 4.533e+00 6.2443e-02 6.1285e-02 [ 7.0153e-03 1.3630e-02 2.5631e-02 1.5009e-02 ] 1.1577e-03 [ 1.7650e-05 1.5713e-04 5.2888e-05 2.0249e-04 5.6379e-05 2.4675e-04 4.2438e-04 ] 9.3756e-01
 4.647e+00 5.9502e-02 5.8672e-02 [ 6.0255e-03 1.2890e-02 2.5108e-02 1.4648e-02 ] 8.2952e-04 [ 1.1331e-05 1.1251e-04 3.5651e-05 1.1985e-04 3.6709e-05 1.6622e-04 3.4725e-04 ] 9.4050e-01
 4.760e+00 5.6983e-02 5.6379e-02 [ 5.2031e-03 1.2211e-02 2.4641e-02 1.4324e-02 ] 6.0402e-04 [ 7.2862e-06 8.0472e-05 2.4116e-05 7.0810e-05 2.3867e-05 1.1207e-04 2.8539e-04 ] 9.4302e-01
 4.873e+00 5.4801e-02 5.4354e-02 [ 4.5166e-03 1.1584e-02 2.4220e-02 1.4034e-02 ] 4.4693e-04 [ 4.6921e-06 5.7482e-05 1.6373e-05 4.1775e-05 1.5497e-05 7.5684e-05 2.3543e-04 ] 9.4520e-01
 4.987e+00 5.2890e-02 5.2554e-02 [ 3.9407e-03 1.1001e-02 2.3839e-02 1.3773e-02 ] 3.3587e-04 [ 3.0255e-06 4.1002e-05 1.1157e-05 2.4614e-05 1.0051e-05 5.1227e-05 1.9480e-04 ] 9.4711e-01
 5.100e+00 5.1198e-02 5.0942e-02 [ 3.4550e-03 1.0458e-02 2.3490e-02 1.3539e-02 ] 2.5614e-04 [ 1.9528e-06 2.9201e-05 7.6304e-06 1.4487e-05 6.5118e-06 3.4780e-05 1.6157e-04 ] 9.4880e-01
 5.213e+00 4.9684e-02 4.9486e-02 [ 3.0430e-03 9.9477e-03 2.3167e-02 1.3329e-02 ] 1.9796e-04 [ 1.2613e-06 2.0761e-05 5.2373e-06 8.5189e-06 4.2148e-06 2.3704e-05 1.3426e-04 ] 9.5032e-01
 5.327e+00 4.8316e-02 4.8161e-02 [ 2.6912e-03 9.4670e-03 2.2865e-02 1.3138e-02 ] 1.5485e-04 [ 8.1491e-07 1.4734e-05 3.6072e-06 5.0055e-06 2.7255e-06 1.6232e-05 1.1173e-04 ] 9.5168e-01
 5.440e+00 4.7067e-02 4.6944e-02 [ 2.3891e-03 9.0118e-03 2.2578e-02 1.2966e-02 ] 1.2239e-04 [ 5.2649e-07 1.0435e-05 2.4925e-06 2.9391e-06 1.7609e-06 1.1178e-05 9.3062e-05 ] 9.5293e-01
 5.553e+00 4.5915e-02 4.5817e-02 [ 2.1280e-03 8.5791e-03 2.2302e-02 1.2809e-02 ] 9.7615e-05 [ 3.4002e-07 7.3751e-06 1.7274e-06 1.7249e-06 1.1367e-06 7.7485e-06 7.7562e-05 ] 9.5409e-01
 5.667e+00 4.4843e-02 4.4764e-02 [ 1.9010e-03 8.1662e-03 2.2033e-02 1.2664e-02 ] 7.8441e-05 [ 2.1942e-07 5.2008e-06 1.2005e-06 1.0118e-06 7.3309e-07 5.4114e-06 6.4664e-05 ] 9.5516e-01
 5.780e+00 4.3835e-02 4.3772e-02 [ 1.7025e-03 7.7711e-03 2.1767e-02 1.2531e-02 ] 6.3427e-05 [ 1.4143e-07 3.6589e-06 8.3630e-07 5.9333e-07 4.7240e-07 3.8109e-06 5.3914e-05 ] 9.5616e-01
 5.893e+00 4.2880e-02 4.2829e-02 [ 1.5279e-03 7.3921e-03 2.1502e-02 1.2407e-02 ] 5.1548e-05 [ 9.1033e-08 2.5679e-06 5.8384e-07 3.4784e-07 3.0415e-07 2.7084e-06 4.4944e-05 ] 9.5712e-01
 6.007e+00 4.1968e-02 4.1926e-02 [ 1.3736e-03 7.0277e-03 2.1234e-02 1.2290e-02 ] 4.2063e-05 [ 5.8488e-08 1.7978e-06 4.0831e-07 2.0389e-07 1.9565e-07 1.9437e-06 3.7455e-05 ] 9.5803e-01
 6.120e+00 4.1089e-02 4.1055e-02 [ 1.2366e-03 6.6768e-03 2.0962e-02 1.2179e-02 ] 3.4432e-05 [ 3.7499e-08 1.2554e-06 2.8596e-07 1.1950e-07 1.2574e-07 1.4092e-06 3.1199e-05 ] 9.5891e-01
 6.233e+00 4.0237e-02 4.0209e-02 [ 1.1144e-03 6.3385e-03 2.0684e-02 1.2072e-02 ] 2.8255e-05 [ 2.3985e-08 8.7435e-07 2.0049e-07 7.0039e-08 8.0736e-08 1.0325e-06 2.5973e-05 ] 9.5976e-01
 6.347e+00 3.9406e-02 3.9383e-02 [ 1.0050e-03 6.0123e-03 2.0397e-02 1.1968e-02 ] 2.3229e-05 [ 1.5301e-08 6.0736e-07 1.4067e-07 4.1055e-08 5.1791e-08 7.6435e-07 2.1609e-05 ] 9.6059e-01
 6.460e+00 3.8592e-02 3.8572e-02 [ 9.0690e-04 5.6975e-03 2.0102e-02 1.1866e-02 ] 1.9122e-05 [ 9.7330e-09 4.2078e-07 9.8743e-08 2.4070e-08 3.3190e-08 5.7163e-07 1.7964e-05 ] 9.6141e-01
 6.573e+00 3.7789e-02 3.7773e-02 [ 8.1856e-04 5.3938e-03 1.9796e-02 1.1765e-02 ] 1.5756e-05 [ 6.1719e-09 2.9074e-07 6.9317e-08 1.4116e-08 2.1249e-08 4.3168e-07 1.4922e-05 ] 9.6221e-01
 6.687e+00 3.6995e-02 3.6982e-02 [ 7.3887e-04 5.1008e-03 1.9480e-02 1.1663e-02 ] 1.2989e-05 [ 3.9008e-09 2.0035e-07 4.8650e-08 8.2820e-09 1.3589e-08 3.2896e-07 1.2386e-05 ] 9.6300e-01
 6.800e+00 3.6208e-02 3.6197e-02 [ 6.6685e-04 4.8184e-03 1.9152e-02 1.1560e-02 ] 1.0712e-05 [ 2.4568e-09 1.3769e-07 3.4127e-08 4.8616e-09 8.6817e-09 2.5276e-07 1.0271e-05 ] 9.6379e-01
 6.913e+00 3.5425e-02 3.5416e-02 [ 6.0169e-04 4.5464e-03 1.8812e-02 1.1456e-02 ] 8.8340e-06 [ 1.5417e-09 9.4371e-08 2.3921e-08 2.8556e-09 5.5404e-09 1.9567e-07 8.5101e-06 ] 9.6458e-01
 7.027e+00 3.4645e-02 3.4637e-02 [ 5.4266e-04 4.2846e-03 1.8461e-02 1.1349e-02 ] 7.2845e-06 [ 9.6377e-10 6.4509e-08 1.6749e-08 1.6787e-09 3.5317e-09 1.5247e-07 7.0446e-06 ] 9.6536e-01
 7.140e+00 3.3866e-02 3.3860e-02 [ 4.8915e-04 4.0329e-03 1.8099e-02 1.1238e-02 ] 6.0053e-06 [ 6.0011e-10 4.3979e-08 1.1713e-08 9.8770e-10 2.2488e-09 1.1949e-07 5.8262e-06 ] 9.6613e-01
 7.253e+00 3.3087e-02 3.3082e-02 [ 4.4063e-04 3.7913e-03 1.7726e-02 1.1125e-02 ] 4.9488e-06 [ 3.7214e-10 2.9903e-08 8.1786e-09 5.8178e-10 1.4302e-09 9.4099e-08 4.8142e-06 ] 9.6691e-01
 7.367e+00 3.2309e-02 3.2305e-02 [ 3.9662e-04 3.5597e-03 1.7342e-02 1.1007e-02 ] 4.0762e-06 [ 2.2981e-10 2.0278e-08 5.7010e-09 3.4311e-10 9.0850e-10 7.4410e-08 3.9743e-06 ] 9.6769e-01
 7.480e+00 3.1531e-02 3.1528e-02 [ 3.5671e-04 3.3379e-03 1.6948e-02 1.0885e-02 ] 3.3556e-06 [ 1.4131e-10 1.3715e-08 3.9664e-09 2.0264e-10 5.7641e-10 5.9043e-08 3.2780e-06 ] 9.6847e-01
 7.593e+00 3.0753e-02 3.0750e-02 [ 3.2053e-04 3.1258e-03 1.6546e-02 1.0758e-02 ] 2.7608e-06 [ 8.6516e-11 9.2514e-09 2.7540e-09 1.1987e-10 3.6527e-10 4.6982e-08 2.7013e-06 ] 9.6925e-01
 7.707e+00 2.9974e-02 2.9972e-02 [ 2.8773e-04 2.9235e-03 1.6134e-02 1.0627e-02 ] 2.2700e-06 [ 5.2733e-11 6.2241e-09 1.9079e-09 7.1041e-11 2.3119e-10 3.7471e-08 2.2240e-06 ] 9.7003e-01
 7.820e+00 2.9196e-02 2.9194e-02 [ 2.5802e-04 2.7306e-03 1.5715e-02 1.0490e-02 ] 1.8652e-06 [ 3.1997e-11 4.1764e-09 1.3186e-09 4.2187e-11 1.4614e-10 2.9941e-08 1.8295e-06 ] 9.7080e-01
 7.933e+00 2.8419e-02 2.8417e-02 [ 2.3113e-04 2.5471e-03 1.5290e-02 1.0349e-02 ] 1.5315e-06 [ 1.9327e-11 2.7950e-09 9.0908e-10 2.5109e-11 9.2268e-11 2.3959e-08 1.5037e-06 ] 9.7158e-01
 8.047e+00 2.7643e-02 2.7641e-02 [ 2.0682e-04 2.3728e-03 1.4859e-02 1.0203e-02 ] 1.2566e-06 [ 1.1621e-11 1.8656e-09 6.2512e-10 1.4981e-11 5.8180e-11 1.9195e-08 1.2349e-06 ] 9.7236e-01
 8.160e+00 2.6868e-02 2.6867e-02 [ 1.8484e-04 2.2076e-03 1.4424e-02 1.0051e-02 ] 1.0304e-06 [ 6.9549e-12 1.2419e-09 4.2870e-10 8.9627e-12 3.6641e-11 1.5391e-08 1.0133e-06 ] 9.7313e-01
 8.273e+00 2.6097e-02 2.6096e-02 [ 1.6501e-04 2.0511e-03 1.3985e-02 9.8954e-03 ] 8.4428e-07 [ 4.1431e-12 8.2453e-10 2.9318e-10 5.3777e-12 2.3046e-11 1.2350e-08 8.3078e-07 ] 9.7390e-01
 8.387e+00 2.5329e-02 2.5328e-02 [ 1.4713e-04 1.9033e-03 1.3543e-02 9.7346e-03 ] 6.9131e-07 [ 2.4566e-12 5.4595e-10 1.9992e-10 3.2368e-12 1.4478e-11 9.9139e-09 6.8063e-07 ] 9.7467e-01
 8.500e+00 2.4565e-02 2.4565e-02 [ 1.3102e-04 1.7637e-03 1.3101e-02 9.5693e-03 ] 5.6566e-07 [ 1.4498e-12 3.6051e-10 1.3593e-10 1.9547e-12 9.0838e-12 7.9615e-09 5.5719e-07 ] 9.7543e-01
 8.613e+00 2.3806e-02 2.3806e-02 [ 1.1652e-04 1.6323e-03 1.2658e-02 9.3995e-03 ] 4.6254e-07 [ 8.5166e-13 2.3741e-10 9.2148e-11 1.1846e-12 5.6924e-12 6.3950e-09 4.5581e-07 ] 9.7619e-01
 8.727e+00 2.3054e-02 2.3053e-02 [ 1.0350e-04 1.5088e-03 1.2215e-02 9.2256e-03 ] 3.7797e-07 [ 4.9795e-13 1.5591e-10 6.2277e-11 7.2051e-13 3.5628e-12 5.1375e-09 3.7261e-07 ] 9.7695e-01
 8.840e+00 2.2308e-02 2.2307e-02 [ 9.1817e-05 1.3927e-03 1.1775e-02 9.0478e-03 ] 3.0866e-07 [ 2.8978e-13 1.0210e-10 4.1960e-11 4.3990e-13 2.2272e-12 4.1275e-09 3.0438e-07 ] 9.7769e-01
 8.953e+00 2.1569e-02 2.1569e-02 [ 8.1344e-05 1.2840e-03 1.1337e-02 8.8664e-03 ] 2.5190e-07 [ 1.6785e-13 6.6679e-11 2.8183e-11 2.6961e-13 1.3906e-12 3.3161e-09 2.4849e-07 ] 9.7843e-01
 9.067e+00 2.0839e-02 2.0839e-02 [ 7.1970e-05 1.1823e-03 1.0903e-02 8.6816e-03 ] 2.0545e-07 [ 9.6778e-14 4.3420e-11 1.8870e-11 1.6589e-13 8.6726e-13 2.6641e-09 2.0272e-07 ] 9.7916e-01
 9.180e+00 2.0119e-02 2.0119e-02 [ 6.3592e-05 1.0872e-03 1.0474e-02 8.4937e-03 ] 1.6747e-07 [ 5.5541e-14 2.8193e-11 1.2594e-11 1.0248e-13 5.4023e-13 2.1402e-09 1.6528e-07 ] 9.7988e-01
 9.293e+00 1.9408e-02 1.9408e-02 [ 5.6113e-05 9.9850e-04 1.0050e-02 8.3032e-03 ] 1.3643e-07 [ 3.1729e-14 1.8252e-11 8.3791e-12 6.3547e-14 3.3614e-13 1.7191e-09 1.3468e-07 ] 9.8059e-01
 9.407e+00 1.8708e-02 1.8708e-02 [ 4.9447e-05 9.1591e-04 9.6323e-03 8.1102e-03 ] 1.1108e-07 [ 1.8043e-14 1.1782e-11 5.5570e-12 3.9556e-14 2.0892e-13 1.3808e-09 1.0968e-07 ] 9.8129e-01
 9.520e+00 1.8020e-02 1.8019e-02 [ 4.3514e-05 8.3911e-04 9.2216e-03 7.9152e-03 ] 9.0389e-08 [ 1.0213e-14 7.5826e-12 3.6736e-12 2.4713e-14 1.2971e-13 1.1088e-09 8.9269e-08 ] 9.8198e-01
 9.633e+00 1.7343e-02 1.7343e-02 [ 3.8240e-05 7.6780e-04 8.8184e-03 7.7186e-03 ] 7.3516e-08 [ 5.7554e-15 4.8653e-12 2.4208e-12 1.5495e-14 8.0442e-14 8.9036e-10 7.2618e-08 ] 9.8266e-01
 9.747e+00 1.6679e-02 1.6679e-02 [ 3.3559e-05 7.0169e-04 8.4234e-03 7.5205e-03 ] 5.9762e-08 [ 3.2287e-15 3.1122e-12 1.5902e-12 9.7470e-15 4.9837e-14 7.1483e-10 5.9043e-08 ] 9.8332e-01
 9.860e+00 1.6029e-02 1.6029e-02 [ 2.9411e-05 6.4050e-04 8.0373e-03 7.3215e-03 ] 4.8558e-08 [ 1.8032e-15 1.9847e-12 1.0412e-12 6.1505e-15 3.0845e-14 5.7382e-10 4.7981e-08 ] 9.8397e-01
 9.973e+00 1.5392e-02 1.5392e-02 [ 2.5740e-05 5.8393e-04 7.6604e-03 7.1218e-03 ] 3.9436e-08 [ 1.0026e-15 1.2618e-12 6.7963e-13 3.8923e-15 1.9072e-14 4.6057e-10 3.8973e-08 ] 9.8461e-01
 1.009e+01 1.4769e-02 1.4769e-02 [ 2.2496e-05 5.3173e-04 7.2933e-03 6.9217e-03 ] 3.2012e-08 [ 5.5504e-16 7.9966e-13 4.4221e-13 2.4696e-15 1.1782e-14 3.6962e-10 3.1642e-08 ] 9.8523e-01
 1.020e+01 1.4161e-02 1.4161e-02 [ 1.9633e-05 4.8361e-04 6.9362e-03 6.7217e-03 ] 2.5975e-08 [ 3.0592e-16 5.0519e-13 2.8682e-13 1.5707e-15 7.2715e-15 2.9659e-10 2.5678e-08 ] 9.8584e-01
 1.031e+01 1.3568e-02 1.3568e-02 [ 1.7111e-05 4.3933e-04 6.5895e-03 6.5220e-03 ] 2.1068e-08 [ 1.6789e-16 3.1814e-13 1.8546e-13 1.0010e-15 4.4841e-15 2.3796e-10 2.0829e-08 ] 9.8643e-01
 1.043e+01 1.2990e-02 1.2990e-02 [ 1.4892e-05 3.9863e-04 6.2535e-03 6.3230e-03 ] 1.7080e-08 [ 9.1739e-17 1.9971e-13 1.1955e-13 6.3914e-16 2.7629e-15 1.9089e-10 1.6889e-08 ] 9.8701e-01
 1.054e+01 1.2428e-02 1.2428e-02 [ 1.2943e-05 3.6128e-04 5.9284e-03 6.1250e-03 ] 1.3842e-08 [ 4.9916e-17 1.2496e-13 7.6828e-14 4.0873e-16 1.7012e-15 1.5312e-10 1.3689e-08 ] 9.8757e-01
 1.065e+01 1.1881e-02 1.1881e-02 [ 1.1233e-05 3.2705e-04 5.6143e-03 5.9283e-03 ] 1.1214e-08 [ 2.7044e-17 7.7937e-14 4.9222e-14 2.6172e-16 1.0467e-15 1.2281e-10 1.1091e-08 ] 9.8812e-01
 1.077e+01 1.1350e-02 1.1350e-02 [ 9.7354e-06 2.9573e-04 5.3113e-03 5.7331e-03 ] 9.0811e-09 [ 1.4591e-17 4.8451e-14 3.1441e-14 1.6777e-16 6.4360e-16 9.8485e-11 8.9825e-09 ] 9.8865e-01
 1.088e+01 1.0835e-02 1.0835e-02 [ 8.4256e-06 2.6709e-04 5.0195e-03 5.5398e-03 ] 7.3514e-09 [ 7.8394e-18 3.0023e-14 2.0023e-14 1.0764e-16 3.9553e-16 7.8972e-11 7.2724e-09 ] 9.8917e-01
 1.099e+01 1.0336e-02 1.0336e-02 [ 7.2817e-06 2.4096e-04 4.7389e-03 5.3485e-03 ] 5.9491e-09 [ 4.1945e-18 1.8543e-14 1.2714e-14 6.9099e-17 2.4296e-16 6.3319e-11 5.8858e-09 ] 9.8966e-01
 1.111e+01 9.8525e-03 9.8525e-03 [ 6.2843e-06 2.1713e-04 4.4695e-03 5.1596e-03 ] 4.8128e-09 [ 2.2350e-18 1.1415e-14 8.0499e-15 4.4378e-17 1.4919e-16 5.0764e-11 4.7620e-09 ] 9.9015e-01
 1.122e+01 9.3853e-03 9.3853e-03 [ 5.4159e-06 1.9544e-04 4.2111e-03 4.9733e-03 ] 3.8922e-09 [ 1.1860e-18 7.0044e-15 5.0819e-15 2.8509e-17 9.1584e-17 4.0695e-11 3.8515e-09 ] 9.9061e-01
 1.133e+01 8.9340e-03 8.9340e-03 [ 4.6609e-06 1.7572e-04 3.9638e-03 4.7899e-03 ] 3.1468e-09 [ 6.2681e-19 4.2838e-15 3.1991e-15 1.8316e-17 5.6215e-17 3.2620e-11 3.1141e-09 ] 9.9107e-01
 1.145e+01 8.4985e-03 8.4985e-03 [ 4.0056e-06 1.5781e-04 3.7273e-03 4.6094e-03 ] 2.5433e-09 [ 3.2992e-19 2.6113e-15 2.0082e-15 1.1766e-17 3.4506e-17 2.6146e-11 2.5172e-09 ] 9.9150e-01
 1.156e+01 8.0786e-03 8.0786e-03 [ 3.4375e-06 1.4158e-04 3.5015e-03 4.4321e-03 ] 2.0550e-09 [ 1.7296e-19 1.5866e-15 1.2571e-15 7.5571e-18 2.1185e-17 2.0955e-11 2.0340e-09 ] 9.9192e-01
 1.167e+01 7.6741e-03 7.6741e-03 [ 2.9458e-06 1.2687e-04 3.2862e-03 4.2581e-03 ] 1.6600e-09 [ 9.0308e-20 9.6085e-16 7.8477e-16 4.8520e-18 1.3012e-17 1.6794e-11 1.6432e-09 ] 9.9233e-01
 1.179e+01 7.2850e-03 7.2850e-03 [ 2.5209e-06 1.1356e-04 3.0812e-03 4.0877e-03 ] 1.3405e-09 [ 4.6965e-20 5.8000e-16 4.8858e-16 3.1138e-18 7.9979e-18 1.3458e-11 1.3271e-09 ] 9.9272e-01
 1.190e+01 6.9109e-03 6.9109e-03 [ 2.1543e-06 1.0154e-04 2.8862e-03 3.9210e-03 ] 1.0823e-09 [ 2.4327e-20 3.4897e-16 3.0336e-16 1.9972e-18 4.9207e-18 1.0784e-11 1.0715e-09 ] 9.9309e-01
 1.201e+01 6.5516e-03 6.5516e-03 [ 1.8384e-06 9.0694e-05 2.7011e-03 3.7580e-03 ] 8.7353e-10 [ 1.2551e-20 2.0928e-16 1.8787e-16 1.2801e-18 3.0315e-18 8.6412e-12 8.6489e-10 ] 9.9345e-01
 1.213e+01 6.2068e-03 6.2068e-03 [ 1.5666e-06 8.0917e-05 2.5254e-03 3.5989e-03 ] 7.0488e-10 [ 6.4501e-21 1.2511e-16 1.1604e-16 8.1991e-19 1.8709e-18 6.9236e-12 6.9795e-10 ] 9.9379e-01
 1.224e+01 5.8763e-03 5.8763e-03 [ 1.3331e-06 7.2117e-05 2.3590e-03 3.4438e-03 ] 5.6865e-10 [ 3.3017e-21 7.4545e-17 7.1487e-17 5.2472e-19 1.1572e-18 5.5471e-12 5.6310e-10 ] 9.9412e-01
 1.235e+01 5.5597e-03 5.5597e-03 [ 1.1328e-06 6.4205e-05 2.2016e-03 3.2928e-03 ] 4.5864e-10 [ 1.6835e-21 4.4276e-17 4.3929e-17 3.3551e-19 7.1782e-19 4.4441e-12 4.5420e-10 ] 9.9444e-01
 1.247e+01 5.2567e-03 5.2567e-03 [ 9.6126e-07 5.7100e-05 2.0528e-03 3.1459e-03 ] 3.6983e-10 [ 8.5506e-22 2.6214e-17 2.6927e-17 2.1432e-19 4.4680e-19 3.5602e-12 3.6627e-10 ] 9.9474e-01
 1.258e+01 4.9670e-03 4.9670e-03 [ 8.1455e-07 5.0727e-05 1.9123e-03 3.0032e-03 ] 2.9815e-10 [ 4.3260e-22 1.5472e-17 1.6465e-17 1.3677e-19 2.7927e-19 2.8520e-12 2.9530e-10 ] 9.9503e-01
 1.269e+01 4.6903e-03 4.6903e-03 [ 6.8926e-07 4.5018e-05 1.7798e-03 2.8647e-03 ] 2.4031e-10 [ 2.1802e-22 9.1024e-18 1.0043e-17 8.7194e-20 1.7544e-19 2.2846e-12 2.3803e-10 ] 9.9531e-01
 1.281e+01 4.4261e-03 4.4261e-03 [ 5.8242e-07 3.9909e-05 1.6551e-03 2.7305e-03 ] 1.9365e-10 [ 1.0945e-22 5.3385e-18 6.1113e-18 5.5526e-20 1.1086e-19 1.8300e-12 1.9182e-10 ] 9.9557e-01
 1.292e+01 4.1742e-03 4.1742e-03 [ 4.9145e-07 3.5343e-05 1.5378e-03 2.6005e-03 ] 1.5602e-10 [ 5.4738e-23 3.1213e-18 3.7099e-18 3.5320e-20 7.0532e-20 1.4658e-12 1.5456e-10 ] 9.9583e-01
 1.303e+01 3.9341e-03 3.9341e-03 [ 4.1411e-07 3.1267e-05 1.4275e-03 2.4748e-03 ] 1.2568e-10 [ 2.7270e-23 1.8193e-18 2.2469e-18 2.2441e-20 4.5224e-20 1.1740e-12 1.2450e-10 ] 9.9607e-01
 1.315e+01 3.7054e-03 3.7054e-03 [ 3.4846e-07 2.7632e-05 1.3240e-03 2.3534e-03 ] 1.0122e-10 [ 1.3534e-23 1.0572e-18 1.3577e-18 1.4242e-20 2.9250e-20 9.4026e-13 1.0028e-10 ] 9.9629e-01
 1.326e+01 3.4879e-03 3.4879e-03 [ 2.9280e-07 2.4394e-05 1.2270e-03 2.2362e-03 ] 8.1499e-11 [ 6.6911e-24 6.1247e-19 8.1855e-19 9.0270e-21 1.9099e-20 7.5303e-13 8.0746e-11 ] 9.9651e-01
 1.337e+01 3.2811e-03 3.2811e-03 [ 2.4569e-07 2.1513e-05 1.1361e-03 2.1232e-03 ] 6.5611e-11 [ 3.2956e-24 3.5375e-19 4.9239e-19 5.7147e-21 1.2599e-20 6.0306e-13 6.5008e-11 ] 9.9672e-01
 1.349e+01 3.0847e-03 3.0847e-03 [ 2.0588e-07 1.8953e-05 1.0511e-03 2.0144e-03 ] 5.2811e-11 [ 1.6170e-24 2.0371e-19 2.9554e-19 3.6133e-21 8.4018e-21 4.8293e-13 5.2328e-11 ] 9.9692e-01
 1.360e+01 2.8982e-03 2.8982e-03 [ 1.7227e-07 1.6681e-05 9.7163e-04 1.9098e-03 ] 4.2500e-11 [ 7.9045e-25 1.1696e-19 1.7700e-19 2.2817e-21 5.6651e-21 3.8672e-13 4.2113e-11 ] 9.9710e-01
 1.371e+01 2.7214e-03 2.7214e-03 [ 1.4395e-07 1.4666e-05 8.9743e-04 1.8091e-03 ] 3.4197e-11 [ 3.8495e-25 6.6959e-20 1.0578e-19 1.4390e-21 3.8626e-21 3.0966e-13 3.3887e-11 ] 9.9728e-01
 1.383e+01 2.5538e-03 2.5538e-03 [ 1.2012e-07 1.2881e-05 8.2823e-04 1.7126e-03 ] 2.7511e-11 [ 1.8677e-25 3.8221e-20 6.3085e-20 9.0638e-22 2.6627e-21 2.4794e-13 2.7263e-11 ] 9.9745e-01
 1.394e+01 2.3951e-03 2.3951e-03 [ 1.0010e-07 1.1303e-05 7.6374e-04 1.6199e-03 ] 2.2129e-11 [ 9.0279e-26 2.1754e-20 3.7544e-20 5.7015e-22 1.8550e-21 1.9852e-13 2.1930e-11 ] 9.9760e-01
 1.405e+01 2.2448e-03 2.2448e-03 [ 8.3299e-08 9.9072e-06 7.0371e-04 1.5311e-03 ] 1.7797e-11 [ 4.3477e-26 1.2346e-20 2.2298e-20 3.5818e-22 1.3051e-21 1.5894e-13 1.7638e-11 ] 9.9776e-01
 1.417e+01 2.1028e-03 2.1028e-03 [ 6.9223e-08 8.6754e-06 6.4789e-04 1.4462e-03 ] 1.4310e-11 [ 2.0861e-26 6.9873e-21 1.3216e-20 2.2472e-22 9.2672e-22 1.2724e-13 1.4183e-11 ] 9.9790e-01
 1.428e+01 1.9686e-03 1.9686e-03 [ 5.7446e-08 7.5892e-06 5.9602e-04 1.3649e-03 ] 1.1505e-11 [ 9.9726e-27 3.9433e-21 7.8180e-21 1.4080e-22 6.6350e-22 1.0186e-13 1.1403e-11 ] 9.9803e-01
 1.439e+01 1.8418e-03 1.8418e-03 [ 4.7607e-08 6.6323e-06 5.4788e-04 1.2873e-03 ] 9.2487e-12 [ 4.7500e-27 2.2193e-21 4.6156e-21 8.8101e-23 4.7856e-22 8.1542e-14 9.1671e-12 ] 9.9816e-01
 1.451e+01 1.7222e-03 1.7222e-03 [ 3.9400e-08 5.7904e-06 5.0324e-04 1.2131e-03 ] 7.4336e-12 [ 2.2542e-27 1.2456e-21 2.7198e-21 5.5054e-23 3.4741e-22 6.5271e-14 7.3683e-12 ] 9.9828e-01
 1.462e+01 1.6094e-03 1.6094e-03 [ 3.2563e-08 5.0504e-06 4.6188e-04 1.1425e-03 ] 5.9739e-12 [ 1.0659e-27 6.9716e-22 1.5996e-21 3.4358e-23 2.5362e-22 5.2244e-14 5.9217e-12 ] 9.9839e-01
 1.473e+01 1.5032e-03 1.5032e-03 [ 2.6876e-08 4.4006e-06 4.2360e-04 1.0751e-03 ] 4.8002e-12 [ 5.0223e-28 3.8916e-22 9.3902e-22 2.1413e-23 1.8604e-22 4.1815e-14 4.7584e-12 ] 9.9850e-01
 1.485e+01 1.4031e-03 1.4031e-03 [ 2.2152e-08 3.8306e-06 3.8820e-04 1.0110e-03 ] 3.8565e-12 [ 2.3579e-28 2.1665e-22 5.5023e-22 1.3328e-23 1.3702e-22 3.3465e-14 3.8231e-12 ] 9.9860e-01
 1.496e+01 1.3089e-03 1.3089e-03 [ 1.8234e-08 3.3313e-06 3.5549e-04 9.5010e-04 ] 3.0980e-12 [ 1.1030e-28 1.2029e-22 3.2183e-22 8.2846e-24 1.0127e-22 2.6781e-14 3.0712e-12 ] 9.9869e-01
 1.507e+01 1.2204e-03 1.2204e-03 [ 1.4988e-08 2.8942e-06 3.2529e-04 8.9219e-04 ] 2.4883e-12 [ 5.1417e-29 6.6618e-23 1.8791e-22 5.1429e-24 7.5059e-23 2.1431e-14 2.4669e-12 ] 9.9878e-01
 1.519e+01 1.1372e-03 1.1372e-03 [ 1.2304e-08 2.5120e-06 2.9744e-04 8.3721e-04 ] 1.9984e-12 [ 2.3884e-29 3.6796e-23 1.0952e-22 3.1885e-24 5.5765e-23 1.7148e-14 1.9812e-12 ] 9.9886e-01
 1.530e+01 1.0590e-03 1.0590e-03 [ 1.0087e-08 2.1782e-06 2.7178e-04 7.8507e-04 ] 1.6047e-12 [ 1.1056e-29 2.0272e-23 6.3725e-23 1.9742e-24 4.1513e-23 1.3721e-14 1.5910e-12 ] 9.9894e-01
 1.541e+01 9.8571e-04 9.8571e-04 [ 8.2582e-09 1.8870e-06 2.4815e-04 7.3567e-04 ] 1.2885e-12 [ 5.0998e-30 1.1140e-23 3.7016e-23 1.2208e-24 3.0953e-23 1.0977e-14 1.2775e-12 ] 9.9901e-01
 1.553e+01 9.1694e-04 9.1694e-04 [ 6.7521e-09 1.6331e-06 2.2642e-04 6.8889e-04 ] 1.0344e-12 [ 2.3443e-30 6.1064e-24 2.1466e-23 7.5396e-25 2.3111e-23 8.7819e-15 1.0256e-12 ] 9.9908e-01
 1.564e+01 8.5249e-04 8.5249e-04 [ 5.5133e-09 1.4120e-06 2.0644e-04 6.4464e-04 ] 8.3033e-13 [ 1.0740e-30 3.3388e-24 1.2428e-23 4.6507e-25 1.7274e-23 7.0250e-15 8.2331e-13 ] 9.9915e-01
 1.575e+01 7.9213e-04 7.9213e-04 [ 4.4959e-09 1.2198e-06 1.8809e-04 6.0282e-04 ] 6.6646e-13 [ 4.9032e-31 1.8210e-24 7.1837e-24 2.8652e-25 1.2923e-23 5.6192e-15 6.6084e-13 ] 9.9921e-01
 1.587e+01 7.3562e-04 7.3562e-04 [ 3.6614e-09 1.0527e-06 1.7125e-04 5.6332e-04 ] 5.3486e-13 [ 2.2310e-31 9.9075e-25 4.1459e-24 1.7631e-25 9.6751e-24 4.4943e-15 5.3037e-13 ] 9.9926e-01
 1.598e+01 6.8277e-04 6.8277e-04 [ 2.9779e-09 9.0759e-07 1.5581e-04 5.2605e-04 ] 4.2921e-13 [ 1.0117e-31 5.3772e-25 2.3890e-24 1.0837e-25 7.2478e-24 3.5944e-15 4.2561e-13 ] 9.9932e-01
 1.609e+01 6.3336e-04 6.3336e-04 [ 2.4188e-09 7.8179e-07 1.4166e-04 4.9092e-04 ] 3.4439e-13 [ 4.5728e-32 2.9114e-25 1.3746e-24 6.6541e-26 5.4321e-24 2.8744e-15 3.4151e-13 ] 9.9937e-01
 1.621e+01 5.8721e-04 5.8721e-04 [ 1.9621e-09 6.7280e-07 1.2871e-04 4.5782e-04 ] 2.7630e-13 [ 2.0600e-32 1.5725e-25 7.8971e-25 4.0813e-26 4.0729e-24 2.2984e-15 2.7400e-13 ] 9.9941e-01
 1.632e+01 5.4411e-04 5.4411e-04 [ 1.5896e-09 5.7846e-07 1.1687e-04 4.2667e-04 ] 2.2165e-13 [ 9.2493e-33 8.4735e-26 4.5303e-25 2.5010e-26 3.0548e-24 1.8377e-15 2.1982e-13 ] 9.9946e-01
 1.643e+01 5.0391e-04 5.0391e-04 [ 1.2862e-09 4.9690e-07 1.0604e-04 3.9737e-04 ] 1.7780e-13 [ 4.1394e-33 4.5551e-26 2.5952e-25 1.5312e-26 2.2918e-24 1.4692e-15 1.7633e-13 ] 9.9950e-01
 1.655e+01 4.6642e-04 4.6642e-04 [ 1.0393e-09 4.2644e-07 9.6150e-05 3.6984e-04 ] 1.4260e-13 [ 1.8466e-33 2.4430e-26 1.4846e-25 9.3680e-27 1.7197e-24 1.1745e-15 1.4143e-13 ] 9.9953e-01
 1.666e+01 4.3148e-04 4.3148e-04 [ 8.3875e-10 3.6563e-07 8.7126e-05 3.4399e-04 ] 1.1437e-13 [ 8.2112e-34 1.3072e-26 8.4807e-26 5.7278e-27 1.2906e-24 9.3878e-16 1.1343e-13 ] 9.9957e-01
 1.677e+01 3.9894e-04 3.9894e-04 [ 6.7603e-10 3.1321e-07 7.8896e-05 3.1973e-04 ] 9.1712e-14 [ 3.6397e-34 6.9780e-27 4.8381e-26 3.5006e-27 9.6876e-25 7.5031e-16 9.0962e-14 ] 9.9960e-01
 1.689e+01 3.6866e-04 3.6866e-04 [ 5.4419e-10 2.6806e-07 7.1397e-05 2.9699e-04 ] 7.3538e-14 [ 1.6082e-34 3.7166e-27 2.7564e-26 2.1389e-27 7.2723e-25 5.9963e-16 7.2939e-14 ] 9.9963e-01
 1.700e+01 3.4049e-04 3.4049e-04 [ 4.3751e-10 2.2921e-07 6.4569e-05 2.7569e-04 ] 5.8961e-14 [ 7.0839e-35 1.9750e-27 1.5683e-26 1.3070e-27 5.4597e-25 4.7915e-16 5.8481e-14 ] 9.9966e-01
 1.711e+01 3.1431e-04 3.1431e-04 [ 3.5130e-10 1.9582e-07 5.8355e-05 2.5575e-04 ] 4.7269e-14 [ 3.1107e-35 1.0471e-27 8.9121e-27 7.9890e-28 4.0991e-25 3.8284e-16 4.6886e-14 ] 9.9969e-01
 1.723e+01 2.8998e-04 2.8998e-04 [ 2.8173e-10 1.6714e-07 5.2706e-05 2.3711e-04 ] 3.7892e-14 [ 1.3618e-35 5.5395e-28 5.0579e-27 4.8868e-28 3.0777e-25 3.0586e-16 3.7586e-14 ] 9.9971e-01
 1.734e+01 2.6739e-04 2.6739e-04 [ 2.2565e-10 1.4253e-07 4.7573e-05 2.1968e-04 ] 3.0373e-14 [ 5.9434e-36 2.9240e-28 2.8670e-27 2.9928e-28 2.3109e-25 2.4433e-16 3.0128e-14 ] 9.9973e-01
 1.745e+01 2.4643e-04 2.4643e-04 [ 1.8051e-10 1.2144e-07 4.2913e-05 2.0340e-04 ] 2.4343e-14 [ 2.5862e-36 1.5400e-28 1.6232e-27 1.8360e-28 1.7352e-25 1.9516e-16 2.4148e-14 ] 9.9975e-01
 1.757e+01 2.2699e-04 2.2699e-04 [ 1.4422e-10 1.0337e-07 3.8685e-05 1.8821e-04 ] 1.9509e-14 [ 1.1220e-36 8.0927e-29 9.1787e-28 1.1290e-28 1.3030e-25 1.5586e-16 1.9354e-14 ] 9.9977e-01
 1.768e+01 2.0898e-04 2.0898e-04 [ 1.1509e-10 8.7917e-08 3.4852e-05 1.7404e-04 ] 1.5634e-14 [ 4.8532e-37 4.2435e-29 5.1843e-28 6.9649e-29 9.7838e-26 1.2446e-16 1.5510e-14 ] 9.9979e-01
 1.779e+01 1.9229e-04 1.9229e-04 [ 9.1728e-11 7.4706e-08 3.1379e-05 1.6084e-04 ] 1.2528e-14 [ 2.0931e-37 2.2203e-29 2.9248e-28 4.3139e-29 7.3465e-26 9.9378e-17 1.2428e-14 ] 9.9981e-01
 1.791e+01 1.7685e-04 1.7685e-04 [ 7.3021e-11 6.3425e-08 2.8234e-05 1.4855e-04 ] 1.0037e-14 [ 9.0014e-38 1.1592e-29 1.6482e-28 2.6855e-29 5.5164e-26 7.9340e-17 9.9581e-15 ] 9.9982e-01
 1.802e+01 1.6255e-04 1.6255e-04 [ 5.8058e-11 5.3800e-08 2.5389e-05 1.3711e-04 ] 8.0417e-15 [ 3.8599e-38 6.0395e-30 9.2779e-29 1.6820e-29 4.1421e-26 6.3334e-17 7.9783e-15 ] 9.9984e-01
 1.813e+01 1.4934e-04 1.4934e-04 [ 4.6106e-11 4.5595e-08 2.2817e-05 1.2647e-04 ] 6.4422e-15 [ 1.6505e-38 3.1398e-30 5.2168e-29 1.0612e-29 3.1102e-26 5.0551e-17 6.3917e-15 ] 9.9985e-01
 1.825e+01 1.3713e-04 1.3713e-04 [ 3.6570e-11 3.8608e-08 2.0493e-05 1.1659e-04 ] 5.1605e-15 [ 7.0376e-39 1.6289e-30 2.9302e-29 6.7529e-30 2.3353e-26 4.0342e-17 5.1201e-15 ] 9.9986e-01
 1.836e+01 1.2585e-04 1.2585e-04 [ 2.8973e-11 3.2664e-08 1.8395e-05 1.0742e-04 ] 4.1334e-15 [ 2.9925e-39 8.4326e-31 1.6441e-29 4.3389e-30 1.7534e-26 3.2191e-17 4.1012e-15 ] 9.9987e-01
 1.847e+01 1.1543e-04 1.1543e-04 [ 2.2926e-11 2.7610e-08 1.6501e-05 9.8905e-05 ] 3.3105e-15 [ 1.2689e-39 4.3564e-31 9.2150e-30 2.8181e-30 1.3165e-26 2.5684e-17 3.2848e-15 ] 9.9988e-01
 1.859e+01 1.0583e-04 1.0583e-04 [ 1.8120e-11 2.3319e-08 1.4794e-05 9.1012e-05 ] 2.6513e-15 [ 5.3662e-40 2.2459e-31 5.1596e-30 1.8518e-30 9.8843e-27 2.0489e-17 2.6308e-15 ] 9.9989e-01
 1.870e+01 9.6973e-05 9.6973e-05 [ 1.4305e-11 1.9677e-08 1.3255e-05 8.3698e-05 ] 2.1231e-15 [ 2.2632e-40 1.1555e-31 2.8860e-30 1.2319e-30 7.4209e-27 1.6342e-17 2.1068e-15 ] 9.9990e-01
 1.881e+01 8.8812e-05 8.8812e-05 [ 1.1280e-11 1.6590e-08 1.1869e-05 7.6926e-05 ] 1.7000e-15 [ 9.5199e-41 5.9323e-32 1.6126e-30 8.2994e-31 5.5713e-27 1.3033e-17 1.6870e-15 ] 9.9991e-01
 1.893e+01 8.1296e-05 8.1296e-05 [ 8.8844e-12 1.3975e-08 1.0622e-05 7.0660e-05 ] 1.3612e-15 [ 3.9938e-41 3.0396e-32 9.0021e-31 5.6622e-31 4.1826e-27 1.0393e-17 1.3508e-15 ] 9.9992e-01
 1.904e+01 7.4378e-05 7.4378e-05 [ 6.9895e-12 1.1762e-08 9.5008e-06 6.4866e-05 ] 1.0898e-15 [ 1.6712e-41 1.5543e-32 5.0202e-31 3.9104e-31 3.1399e-27 8.2857e-18 1.0815e-15 ] 9.9993e-01
 1.915e+01 6.8014e-05 6.8014e-05 [ 5.4924e-12 9.8916e-09 8.4927e-06 5.9512e-05 ] 8.7240e-16 [ 6.9747e-42 7.9315e-33 2.7968e-31 2.7320e-31 2.3571e-27 6.6050e-18 8.6579e-16 ] 9.9993e-01
 1.927e+01 6.2163e-05 6.2163e-05 [ 4.3111e-12 8.3112e-09 7.5872e-06 5.4568e-05 ] 6.9834e-16 [ 2.9036e-42 4.0394e-33 1.5567e-31 1.9292e-31 1.7694e-27 5.2644e-18 6.9307e-16 ] 9.9994e-01
 1.938e+01 5.6787e-05 5.6787e-05 [ 3.3801e-12 6.9775e-09 6.7744e-06 5.0005e-05 ] 5.5896e-16 [ 1.2057e-42 2.0531e-33 8.6558e-32 1.3755e-31 1.3282e-27 4.1952e-18 5.5477e-16 ] 9.9994e-01
 1.949e+01 5.1849e-05 5.1849e-05 [ 2.6471e-12 5.8528e-09 6.0451e-06 4.5798e-05 ] 4.4737e-16 [ 4.9942e-43 1.0415e-33 4.8084e-32 9.8901e-32 9.9694e-28 3.3427e-18 4.4403e-16 ] 9.9995e-01
 1.961e+01 4.7316e-05 4.7316e-05 [ 2.0708e-12 4.9053e-09 5.3913e-06 4.1920e-05 ] 3.5803e-16 [ 2.0636e-43 5.2726e-34 2.6686e-32 7.1639e-32 7.4829e-28 2.6629e-18 3.5536e-16 ] 9.9995e-01
 1.972e+01 4.3158e-05 4.3158e-05 [ 1.6181e-12 4.1077e-09 4.8055e-06 3.8349e-05 ] 2.8650e-16 [ 8.5062e-44 2.6641e-34 1.4796e-32 5.2218e-32 5.6164e-28 2.1211e-18 2.8438e-16 ] 9.9996e-01
 1.983e+01 3.9346e-05 3.9346e-05 [ 1.2630e-12 3.4369e-09 4.2809e-06 3.5061e-05 ] 2.2925e-16 [ 3.4978e-44 1.3435e-34 8.1960e-33 3.8264e-32 4.2153e-28 1.6892e-18 2.2756e-16 ] 9.9996e-01
 1.995e+01 3.5852e-05 3.5852e-05 [ 9.8474e-13 2.8733e-09 3.8114e-06 3.2038e-05 ] 1.8342e-16 [ 1.4349e-44 6.7620e-35 4.5358e-33 2.8162e-32 3.1636e-28 1.3450e-18 1.8208e-16 ] 9.9996e-01
 2.006e+01 3.2652e-05 3.2652e-05 [ 7.6695e-13 2.4001e-09 3.3915e-06 2.9258e-05 ] 1.4674e-16 [ 5.8727e-45 3.3969e-35 2.5078e-33 2.0802e-32 2.3743e-28 1.0707e-18 1.4567e-16 ] 9.9997e-01
 2.017e+01 2.9723e-05 2.9723e-05 [ 5.9668e-13 2.0032e-09 3.0162e-06 2.6705e-05 ] 1.1739e-16 [ 2.3979e-45 1.7032e-35 1.3852e-33 1.5411e-32 1.7818e-28 8.5225e-19 1.1654e-16 ] 9.9997e-01
 2.029e+01 2.7044e-05 2.7044e-05 [ 4.6371e-13 1.6705e-09 2.6810e-06 2.4361e-05 ] 9.3899e-17 [ 9.7689e-46 8.5231e-36 7.6446e-34 1.1445e-32 1.3371e-28 6.7823e-19 9.3221e-17 ] 9.9997e-01
 2.040e+01 2.4593e-05 2.4593e-05 [ 3.5999e-13 1.3919e-09 2.3817e-06 2.2210e-05 ] 7.5103e-17 [ 3.9707e-46 4.2572e-36 4.2148e-34 8.5153e-33 1.0034e-28 5.3963e-19 7.4564e-17 ] 9.9998e-01
 2.051e+01 2.2354e-05 2.2354e-05 [ 2.7917e-13 1.1588e-09 2.1146e-06 2.0238e-05 ] 6.0065e-17 [ 1.6104e-46 2.1224e-36 2.3216e-34 6.3457e-33 7.5295e-29 4.2928e-19 5.9635e-17 ] 9.9998e-01
 2.063e+01 2.0308e-05 2.0308e-05 [ 2.1626e-13 9.6396e-10 1.8765e-06 1.8431e-05 ] 4.8033e-17 [ 6.5165e-47 1.0561e-36 1.2776e-34 4.7347e-33 5.6499e-29 3.4142e-19 4.7692e-17 ] 9.9998e-01
 2.074e+01 1.8441e-05 1.8441e-05 [ 1.6736e-13 8.0122e-10 1.6642e-06 1.6776e-05 ] 3.8408e-17 [ 2.6312e-47 5.2457e-37 7.0243e-35 3.5361e-33 4.2393e-29 2.7149e-19 3.8137e-17 ] 9.9998e-01
 2.085e+01 1.6737e-05 1.6737e-05 [ 1.2937e-13 6.6541e-10 1.4752e-06 1.5261e-05 ] 3.0709e-17 [ 1.0602e-47 2.6007e-37 3.8583e-35 2.6431e-33 3.1809e-29 2.1584e-19 3.0493e-17 ] 9.9998e-01
 2.097e+01 1.5183e-05 1.5183e-05 [ 9.9908e-14 5.5217e-10 1.3069e-06 1.3876e-05 ] 2.4551e-17 [ 4.2624e-48 1.2869e-37 2.1173e-35 1.9768e-33 2.3866e-29 1.7156e-19 2.4380e-17 ] 9.9998e-01
 2.108e+01 1.3767e-05 1.3767e-05 [ 7.7073e-14 4.5782e-10 1.1572e-06 1.2609e-05 ] 1.9626e-17 [ 1.7101e-48 6.3569e-38 1.1608e-35 1.4792e-33 1.7906e-29 1.3633e-19 1.9490e-17 ] 9.9999e-01
 2.119e+01 1.2476e-05 1.2476e-05 [ 5.9396e-14 3.7929e-10 1.0241e-06 1.1452e-05 ] 1.5688e-17 [ 6.8468e-49 3.1343e-38 6.3580e-36 1.1073e-33 1.3434e-29 1.0832e-19 1.5579e-17 ] 9.9999e-01
 2.131e+01 1.1301e-05 1.1301e-05 [ 4.5727e-14 3.1397e-10 9.0584e-07 1.0395e-05 ] 1.2538e-17 [ 2.7357e-49 1.5425e-38 3.4792e-36 8.2916e-34 1.0079e-29 8.6037e-20 1.2452e-17 ] 9.9999e-01
 2.142e+01 1.0232e-05 1.0232e-05 [ 3.5168e-14 2.5969e-10 8.0079e-07 9.4311e-06 ] 1.0020e-17 [ 1.0908e-49 7.5781e-39 1.9020e-36 6.2103e-34 7.5613e-30 6.8325e-20 9.9520e-18 ] 9.9999e-01
 2.153e+01 9.2596e-06 9.2596e-06 [ 2.7020e-14 2.1462e-10 7.0754e-07 8.5518e-06 ] 8.0071e-18 [ 4.3409e-50 3.7162e-39 1.0388e-36 4.6523e-34 5.6724e-30 5.4246e-20 7.9529e-18 ] 9.9999e-01
 2.165e+01 8.3754e-06 8.3754e-06 [ 2.0739e-14 1.7723e-10 6.2483e-07 7.7504e-06 ] 6.3978e-18 [ 1.7240e-50 1.8192e-39 5.6681e-37 3.4858e-34 4.2553e-30 4.3058e-20 6.3547e-18 ] 9.9999e-01
 2.176e+01 7.5721e-06 7.5721e-06 [ 1.5902e-14 1.4624e-10 5.5149e-07 7.0204e-06 ] 5.1113e-18 [ 6.8338e-51 8.8894e-40 3.0897e-37 2.6120e-34 3.1922e-30 3.4169e-20 5.0772e-18 ] 9.9999e-01
 2.187e+01 6.8425e-06 6.8425e-06 [ 1.2181e-14 1.2057e-10 4.8650e-07 6.3558e-06 ] 4.0832e-18 [ 2.7036e-51 4.3361e-40 1.6826e-37 1.9575e-34 2.3946e-30 2.7109e-20 4.0561e-18 ] 9.9999e-01
 2.199e+01 6.1802e-06 6.1802e-06 [ 9.3219e-15 9.9321e-11 4.2894e-07 5.7512e-06 ] 3.2615e-18 [ 1.0676e-51 2.1114e-40 9.1542e-38 1.4671e-34 1.7962e-30 2.1501e-20 3.2400e-18 ] 9.9999e-01
 2.210e+01 5.5794e-06 5.5794e-06 [ 7.1268e-15 8.1754e-11 3.7800e-07 5.2013e-06 ] 2.6048e-18 [ 4.2075e-52 1.0263e-40 4.9755e-38 1.0996e-34 1.3474e-30 1.7049e-20 2.5878e-18 ] 9.9999e-01
 2.221e+01 5.0346e-06 5.0346e-06 [ 5.4432e-15 6.7241e-11 3.3293e-07 4.7016e-06 ] 2.0802e-18 [ 1.6552e-52 4.9802e-41 2.7016e-38 8.2421e-35 1.0106e-30 1.3516e-20 2.0667e-18 ] 9.9999e-01
 2.233e+01 4.5408e-06 4.5408e-06 [ 4.1534e-15 5.5260e-11 2.9308e-07 4.2476e-06 ] 1.6610e-18 [ 6.4994e-53 2.4124e-41 1.4655e-38 6.1781e-35 7.5805e-31 1.0711e-20 1.6503e-18 ] 1.0000e+00
 2.244e+01 4.0935e-06 4.0935e-06 [ 3.1662e-15 4.5377e-11 2.5787e-07 3.8356e-06 ] 1.3262e-18 [ 2.5475e-53 1.1666e-41 7.9414e-39 4.6311e-35 5.6858e-31 8.4865e-21 1.3177e-18 ] 1.0000e+00
 2.255e+01 3.6885e-06 3.6885e-06 [ 2.4113e-15 3.7233e-11 2.2677e-07 3.4617e-06 ] 1.0587e-18 [ 9.9672e-54 5.6316e-42 4.2991e-39 3.4716e-35 4.2646e-31 6.7219e-21 1.0520e-18 ] 1.0000e+00
 2.267e+01 3.3220e-06 3.3220e-06 [ 1.8347e-15 3.0526e-11 1.9932e-07 3.1227e-06 ] 8.4507e-19 [ 3.8928e-54 2.7140e-42 2.3250e-39 2.6025e-35 3.1986e-31 5.3226e-21 8.3974e-19 ] 1.0000e+00
 2.278e+01 2.9906e-06 2.9906e-06 [ 1.3946e-15 2.5007e-11 1.7510e-07 2.8154e-06 ] 6.7447e-19 [ 1.5177e-54 1.3058e-42 1.2561e-39 1.9509e-35 2.3990e-31 4.2134e-21 6.7025e-19 ] 1.0000e+00
 2.289e+01 2.6909e-06 2.6909e-06 [ 1.0591e-15 2.0470e-11 1.5374e-07 2.5371e-06 ] 5.3824e-19 [ 5.9072e-55 6.2717e-43 6.7797e-40 1.4625e-35 1.7992e-31 3.3343e-21 5.3490e-19 ] 1.0000e+00
 2.301e+01 2.4201e-06 2.4201e-06 [ 8.0360e-16 1.6743e-11 1.3492e-07 2.2852e-06 ] 4.2947e-19 [ 2.2952e-55 3.0073e-43 3.6554e-40 1.0964e-35 1.3494e-31 2.6379e-21 4.2684e-19 ] 1.0000e+00
 2.312e+01 2.1756e-06 2.1756e-06 [ 6.0916e-16 1.3684e-11 1.1834e-07 2.0572e-06 ] 3.4264e-19 [ 8.9029e-56 1.4396e-43 1.9688e-40 8.2197e-36 1.0120e-31 2.0862e-21 3.4056e-19 ] 1.0000e+00
 2.323e+01 1.9549e-06 1.9549e-06 [ 4.6134e-16 1.1175e-11 1.0375e-07 1.8511e-06 ] 2.7333e-19 [ 3.4476e-56 6.8800e-44 1.0594e-40 6.1622e-36 7.5897e-32 1.6494e-21 2.7168e-19 ] 1.0000e+00
 2.335e+01 1.7557e-06 1.7557e-06 [ 3.4907e-16 9.1185e-12 9.0908e-08 1.6648e-06 ] 2.1801e-19 [ 1.3329e-56 3.2826e-44 5.6940e-41 4.6197e-36 5.6919e-32 1.3036e-21 2.1671e-19 ] 1.0000e+00
 2.346e+01 1.5761e-06 1.5761e-06 [ 2.6389e-16 7.4349e-12 7.9616e-08 1.4965e-06 ] 1.7387e-19 [ 5.1447e-57 1.5637e-44 3.0573e-41 3.4633e-36 4.2686e-32 1.0300e-21 1.7284e-19 ] 1.0000e+00
 2.357e+01 1.4142e-06 1.4142e-06 [ 1.9931e-16 6.0574e-12 6.9691e-08 1.3445e-06 ] 1.3864e-19 [ 1.9826e-57 7.4363e-45 1.6399e-41 2.5965e-36 3.2011e-32 8.1350e-22 1.3783e-19 ] 1.0000e+00
 2.369e+01 1.2684e-06 1.2684e-06 [ 1.5040e-16 4.9312e-12 6.0972e-08 1.2074e-06 ] 1.1053e-19 [ 7.6280e-58 3.5307e-45 8.7868e-42 1.9466e-36 2.4006e-32 6.4231e-22 1.0989e-19 ] 1.0000e+00
 2.380e+01 1.1370e-06 1.1370e-06 [ 1.1339e-16 4.0114e-12 5.3317e-08 1.0837e-06 ] 8.8115e-20 [ 2.9303e-58 1.6737e-45 4.7031e-42 1.4593e-36 1.8002e-32 5.0696e-22 8.7608e-20 ] 1.0000e+00
 2.391e+01 1.0188e-06 1.0188e-06 [ 8.5417e-17 3.2605e-12 4.6600e-08 9.7224e-07 ] 7.0232e-20 [ 1.1239e-58 7.9210e-46 2.5146e-42 1.0941e-36 1.3500e-32 3.9999e-22 6.9832e-20 ] 1.0000e+00
 2.403e+01 9.1252e-07 9.1252e-07 [ 6.4287e-17 2.6482e-12 4.0708e-08 8.7181e-07 ] 5.5970e-20 [ 4.3044e-59 3.7428e-46 1.3431e-42 8.2022e-37 1.0123e-32 3.1548e-22 5.5655e-20 ] 1.0000e+00
 2.414e+01 8.1691e-07 8.1691e-07 [ 4.8341e-17 2.1492e-12 3.5543e-08 7.8137e-07 ] 4.4598e-20 [ 1.6460e-59 1.7657e-46 7.1659e-43 6.1493e-37 7.5913e-33 2.4873e-22 4.4349e-20 ] 1.0000e+00
 2.425e+01 7.3099e-07 7.3099e-07 [ 3.6319e-17 1.7429e-12 3.1018e-08 6.9997e-07 ] 3.5531e-20 [ 6.2847e-60 8.3168e-47 3.8192e-43 4.6101e-37 5.6925e-33 1.9604e-22 3.5335e-20 ] 1.0000e+00
 2.437e+01 6.5381e-07 6.5381e-07 [ 2.7264e-17 1.4123e-12 2.7055e-08 6.2675e-07 ] 2.8302e-20 [ 2.3961e-60 3.9112e-47 2.0333e-43 3.4562e-37 4.2686e-33 1.5445e-22 2.8148e-20 ] 1.0000e+00
 2.448e+01 5.8451e-07 5.8451e-07 [ 2.0448e-17 1.1435e-12 2.3587e-08 5.6092e-07 ] 2.2541e-20 [ 9.1222e-61 1.8365e-47 1.0813e-43 2.5912e-37 3.2009e-33 1.2163e-22 2.2420e-20 ] 1.0000e+00
 2.459e+01 5.2232e-07 5.2232e-07 [ 1.5324e-17 9.2520e-13 2.0553e-08 5.0177e-07 ] 1.7950e-20 [ 3.4679e-61 8.6095e-48 5.7444e-44 1.9426e-37 2.4002e-33 9.5753e-23 1.7854e-20 ] 1.0000e+00
 2.471e+01 4.6654e-07 4.6654e-07 [ 1.1474e-17 7.4798e-13 1.7900e-08 4.4863e-07 ] 1.4291e-20 [ 1.3165e-61 4.0300e-48 3.0483e-44 1.4564e-37 1.7997e-33 7.5351e-23 1.4216e-20 ] 1.0000e+00
 2.482e+01 4.1652e-07 4.1652e-07 [ 8.5838e-18 6.0425e-13 1.5582e-08 4.0094e-07 ] 1.1376e-20 [ 4.9906e-62 1.8834e-48 1.6158e-44 1.0919e-37 1.3495e-33 5.9272e-23 1.1317e-20 ] 1.0000e+00
 2.493e+01 3.7170e-07 3.7170e-07 [ 6.4164e-18 4.8776e-13 1.3557e-08 3.5814e-07 ] 9.0543e-21 [ 1.8892e-62 8.7889e-49 8.5556e-45 8.1858e-38 1.0119e-33 4.6605e-23 9.0077e-21 ] 1.0000e+00
 2.505e+01 3.3155e-07 3.3155e-07 [ 4.7923e-18 3.9343e-13 1.1790e-08 3.1976e-07 ] 7.2050e-21 [ 7.1421e-63 4.0950e-49 4.5251e-45 6.1370e-38 7.5875e-34 3.6631e-23 7.1684e-21 ] 1.0000e+00
 2.516e+01 2.9561e-07 2.9561e-07 [ 3.5764e-18 3.1711e-13 1.0248e-08 2.8536e-07 ] 5.7324e-21 [ 2.6964e-63 1.9051e-49 2.3907e-45 4.6009e-38 5.6892e-34 2.8779e-23 5.7037e-21 ] 1.0000e+00
 2.527e+01 2.6345e-07 2.6345e-07 [ 2.6668e-18 2.5539e-13 8.9027e-09 2.5455e-07 ] 4.5600e-21 [ 1.0166e-63 8.8495e-50 1.2617e-45 3.4493e-38 4.2658e-34 2.2601e-23 4.5374e-21 ] 1.0000e+00
 2.539e+01 2.3468e-07 2.3468e-07 [ 1.9869e-18 2.0553e-13 7.7304e-09 2.2695e-07 ] 3.6266e-21 [ 3.8278e-64 4.1046e-50 6.6510e-46 2.5860e-38 3.1985e-34 1.7742e-23 3.6089e-21 ] 1.0000e+00
 2.550e+01 2.0896e-07 2.0896e-07 [ 1.4791e-18 1.6528e-13 6.7092e-09 2.0225e-07 ] 2.8838e-21 [ 1.4394e-64 1.9009e-50 3.5022e-46 1.9387e-38 2.3983e-34 1.3922e-23 2.8699e-21 ] 1.0000e+00
 2.561e+01 1.8597e-07 1.8597e-07 [ 1.1002e-18 1.3282e-13 5.8200e-09 1.8015e-07 ] 2.2926e-21 [ 5.4056e-65 8.7905e-51 1.8421e-46 1.4534e-38 1.7982e-34 1.0919e-23 2.2817e-21 ] 1.0000e+00
 2.573e+01 1.6545e-07 1.6545e-07 [ 8.1776e-19 1.0664e-13 5.0461e-09 1.6040e-07 ] 1.8223e-21 [ 2.0275e-65 4.0590e-51 9.6779e-47 1.0896e-38 1.3483e-34 8.5605e-24 1.8138e-21 ] 1.0000e+00
 2.584e+01 1.4712e-07 1.4712e-07 [ 6.0733e-19 8.5567e-14 4.3729e-09 1.4274e-07 ] 1.4482e-21 [ 7.5948e-66 1.8715e-51 5.0790e-47 8.1691e-39 1.0109e-34 6.7085e-24 1.4415e-21 ] 1.0000e+00
 2.595e+01 1.3076e-07 1.3076e-07 [ 4.5068e-19 6.8604e-14 3.7877e-09 1.2697e-07 ] 1.1506e-21 [ 2.8414e-66 8.6160e-52 2.6624e-47 6.1243e-39 7.5796e-35 5.2548e-24 1.1454e-21 ] 1.0000e+00
 2.607e+01 1.1617e-07 1.1617e-07 [ 3.3418e-19 5.4962e-14 3.2792e-09 1.1289e-07 ] 9.1401e-22 [ 1.0618e-66 3.9609e-52 1.3941e-47 4.5914e-39 5.6830e-35 4.1143e-24 9.0989e-22 ] 1.0000e+00
 2.618e+01 1.0317e-07 1.0317e-07 [ 2.4760e-19 4.4000e-14 2.8375e-09 1.0033e-07 ] 7.2590e-22 [ 3.9626e-67 1.8182e-52 7.2915e-48 3.4421e-39 4.2609e-35 3.2199e-24 7.2268e-22 ] 1.0000e+00
 2.629e+01 9.1576e-08 9.1576e-08 [ 1.8331e-19 3.5198e-14 2.4541e-09 8.9122e-08 ] 5.7638e-22 [ 1.4771e-67 8.3344e-53 3.8093e-48 2.5805e-39 3.1947e-35 2.5188e-24 5.7386e-22 ] 1.0000e+00
 2.641e+01 8.1252e-08 8.1252e-08 [ 1.3560e-19 2.8136e-14 2.1215e-09 7.9131e-08 ] 4.5755e-22 [ 5.4997e-68 3.8148e-53 1.9879e-48 1.9346e-39 2.3953e-35 1.9695e-24 4.5558e-22 ] 1.0000e+00
 2.652e+01 7.2061e-08 7.2061e-08 [ 1.0024e-19 2.2474e-14 1.8331e-09 7.0228e-08 ] 3.6314e-22 [ 2.0452e-68 1.7436e-53 1.0362e-48 1.4503e-39 1.7959e-35 1.5393e-24 3.6160e-22 ] 1.0000e+00
 2.663e+01 6.3881e-08 6.3881e-08 [ 7.4039e-20 1.7938e-14 1.5830e-09 6.2298e-08 ] 2.8814e-22 [ 7.5971e-69 7.9581e-54 5.3949e-49 1.0873e-39 1.3465e-35 1.2025e-24 2.8694e-22 ] 1.0000e+00
 2.675e+01 5.6605e-08 5.6605e-08 [ 5.4646e-20 1.4307e-14 1.3664e-09 5.5239e-08 ] 2.2858e-22 [ 2.8187e-69 3.6270e-54 2.8057e-49 8.1510e-40 1.0095e-35 9.3895e-25 2.2764e-22 ] 1.0000e+00
 2.686e+01 5.0136e-08 5.0136e-08 [ 4.0302e-20 1.1403e-14 1.1789e-09 4.8958e-08 ] 1.8129e-22 [ 1.0446e-69 1.6507e-54 1.4575e-49 6.1105e-40 7.5688e-36 7.3283e-25 1.8056e-22 ] 1.0000e+00
 2.697e+01 4.4388e-08 4.4388e-08 [ 2.9701e-20 9.0814e-15 1.0166e-09 4.3371e-08 ] 1.4374e-22 [ 3.8671e-70 7.5022e-55 7.5625e-50 4.5809e-40 5.6746e-36 5.7170e-25 1.4317e-22 ] 1.0000e+00
 2.709e+01 3.9281e-08 3.9281e-08 [ 2.1872e-20 7.2272e-15 8.7621e-10 3.8405e-08 ] 1.1395e-22 [ 1.4300e-70 3.4048e-55 3.9195e-50 3.4341e-40 4.2545e-36 4.4578e-25 1.1350e-22 ] 1.0000e+00
 2.720e+01 3.4747e-08 3.4747e-08 [ 1.6094e-20 5.7473e-15 7.5484e-10 3.3992e-08 ] 9.0305e-23 [ 5.2819e-71 1.5431e-55 2.0291e-50 2.5744e-40 3.1897e-36 3.4744e-25 8.9958e-23 ] 1.0000e+00
 2.731e+01 3.0723e-08 3.0723e-08 [ 1.1834e-20 4.5671e-15 6.4996e-10 3.0073e-08 ] 7.1550e-23 [ 1.9489e-71 6.9837e-56 1.0492e-50 1.9299e-40 2.3914e-36 2.7067e-25 7.1279e-23 ] 1.0000e+00
 2.743e+01 2.7153e-08 2.7153e-08 [ 8.6954e-21 3.6266e-15 5.5938e-10 2.6593e-08 ] 5.6675e-23 [ 7.1832e-72 3.1563e-56 5.4194e-51 1.4467e-40 1.7929e-36 2.1076e-25 5.6464e-23 ] 1.0000e+00
 2.754e+01 2.3988e-08 2.3988e-08 [ 6.3844e-21 2.8777e-15 4.8118e-10 2.3506e-08 ] 4.4880e-23 [ 2.6448e-72 1.4246e-56 2.7960e-51 1.0845e-40 1.3442e-36 1.6403e-25 4.4716e-23 ] 1.0000e+00
 2.765e+01 2.1182e-08 2.1182e-08 [ 4.6841e-21 2.2817e-15 4.1371e-10 2.0768e-08 ] 3.5531e-23 [ 9.7275e-73 6.4208e-57 1.4408e-51 8.1298e-41 1.0077e-36 1.2761e-25 3.5403e-23 ] 1.0000e+00
 2.777e+01 1.8697e-08 1.8697e-08 [ 3.4341e-21 1.8079e-15 3.5553e-10 1.8341e-08 ] 2.8121e-23 [ 3.5741e-73 2.8900e-57 7.4163e-52 6.0942e-41 7.5552e-37 9.9222e-26 2.8022e-23 ] 1.0000e+00
 2.788e+01 1.6496e-08 1.6496e-08 [ 2.5159e-21 1.4314e-15 3.0538e-10 1.6191e-08 ] 2.2250e-23 [ 1.3118e-73 1.2991e-57 3.8130e-52 4.5683e-41 5.6642e-37 7.7115e-26 2.2173e-23 ] 1.0000e+00
 2.799e+01 1.4548e-08 1.4548e-08 [ 1.8418e-21 1.1325e-15 2.6218e-10 1.4286e-08 ] 1.7601e-23 [ 4.8102e-74 5.8313e-58 1.9582e-52 3.4244e-41 4.2464e-37 5.9905e-26 1.7541e-23 ] 1.0000e+00
 2.811e+01 1.2825e-08 1.2825e-08 [ 1.3474e-21 8.9531e-16 2.2497e-10 1.2600e-08 ] 1.3918e-23 [ 1.7620e-74 2.6141e-58 1.0044e-52 2.5669e-41 3.1835e-37 4.6514e-26 1.3872e-23 ] 1.0000e+00
 2.822e+01 1.1301e-08 1.1301e-08 [ 9.8495e-22 7.0731e-16 1.9296e-10 1.1108e-08 ] 1.1003e-23 [ 6.4480e-75 1.1703e-58 5.1464e-53 1.9241e-41 2.3866e-37 3.6099e-26 1.0967e-23 ] 1.0000e+00
 2.833e+01 9.9536e-09 9.9536e-09 [ 7.1950e-22 5.5838e-16 1.6541e-10 9.7882e-09 ] 8.6961e-24 [ 2.3573e-75 5.2324e-59 2.6338e-53 1.4422e-41 1.7892e-37 2.8003e-26 8.6681e-24 ] 1.0000e+00
 2.845e+01 8.7633e-09 8.7633e-09 [ 5.2522e-22 4.4048e-16 1.4173e-10 8.6216e-09 ] 6.8707e-24 [ 8.6096e-76 2.3363e-59 1.3464e-53 1.0810e-41 1.3413e-37 2.1713e-26 6.8490e-24 ] 1.0000e+00
 2.856e+01 7.7121e-09 7.7121e-09 [ 3.8312e-22 3.4723e-16 1.2138e-10 7.5907e-09 ] 5.4268e-24 [ 3.1415e-76 1.0418e-59 6.8745e-54 8.1023e-42 1.0055e-37 1.6827e-26 5.4100e-24 ] 1.0000e+00
 2.867e+01 6.7841e-09 6.7841e-09 [ 2.7927e-22 2.7352e-16 1.0390e-10 6.6802e-09 ] 4.2850e-24 [ 1.1452e-76 4.6394e-60 3.5061e-54 6.0728e-42 7.5381e-38 1.3035e-26 4.2720e-24 ] 1.0000e+00
 2.879e+01 5.9652e-09 5.9652e-09 [ 2.0342e-22 2.1530e-16 8.8898e-11 5.8763e-09 ] 3.3824e-24 [ 4.1708e-77 2.0634e-60 1.7861e-54 4.5515e-42 5.6509e-38 1.0092e-26 3.3723e-24 ] 1.0000e+00
 2.890e+01 5.2430e-09 5.2430e-09 [ 1.4807e-22 1.6935e-16 7.6022e-11 5.1670e-09 ] 2.6691e-24 [ 1.5176e-77 9.1649e-61 9.0881e-55 3.4112e-42 4.2361e-38 7.8105e-27 2.6613e-24 ] 1.0000e+00
 2.901e+01 4.6063e-09 4.6063e-09 [ 1.0770e-22 1.3311e-16 6.4979e-11 4.5413e-09 ] 2.1055e-24 [ 5.5169e-78 4.0656e-61 4.6190e-55 2.5566e-42 3.1755e-38 6.0417e-27 2.0994e-24 ] 1.0000e+00
 2.913e+01 4.0452e-09 4.0452e-09 [ 7.8283e-23 1.0455e-16 5.5513e-11 3.9897e-09 ] 1.6604e-24 [ 2.0037e-78 1.8012e-61 2.3449e-55 1.9160e-42 2.3804e-38 4.6713e-27 1.6557e-24 ] 1.0000e+00
 2.924e+01 3.5510e-09 3.5510e-09 [ 5.6860e-23 8.2053e-17 4.7403e-11 3.5036e-09 ] 1.3089e-24 [ 7.2709e-79 7.9695e-62 1.1891e-55 1.4358e-42 1.7844e-38 3.6100e-27 1.3053e-24 ] 1.0000e+00
 2.935e+01 3.1158e-09 3.1158e-09 [ 4.1271e-23 6.4353e-17 4.0458e-11 3.0753e-09 ] 1.0315e-24 [ 2.6361e-79 3.5217e-62 6.0225e-56 1.0760e-42 1.3375e-38 2.7886e-27 1.0287e-24 ] 1.0000e+00
 2.947e+01 2.7328e-09 2.7328e-09 [ 2.9935e-23 5.0434e-17 3.4514e-11 2.6983e-09 ] 8.1265e-25 [ 9.5488e-80 1.5543e-62 3.0469e-56 8.0627e-43 1.0026e-38 2.1531e-27 8.1049e-25 ] 1.0000e+00
 2.958e+01 2.3959e-09 2.3959e-09 [ 2.1697e-23 3.9496e-17 2.9428e-11 2.3665e-09 ] 6.3999e-25 [ 3.4559e-80 6.8511e-63 1.5397e-56 6.0415e-43 7.5148e-39 1.6616e-27 6.3833e-25 ] 1.0000e+00
 2.969e+01 2.0997e-09 2.0997e-09 [ 1.5715e-23 3.0908e-17 2.5080e-11 2.0746e-09 ] 5.0384e-25 [ 1.2497e-80 3.0161e-63 7.7715e-57 4.5268e-43 5.6326e-39 1.2817e-27 5.0256e-25 ] 1.0000e+00
 2.981e+01 1.8393e-09 1.8393e-09 [ 1.1374e-23 2.4169e-17 2.1363e-11 1.8179e-09 ] 3.9652e-25 [ 4.5152e-81 1.3261e-63 3.9182e-57 3.3916e-43 4.2217e-39 9.8826e-28 3.9553e-25 ] 1.0000e+00
 2.992e+01 1.6105e-09 1.6105e-09 [ 8.2264e-24 1.8886e-17 1.8189e-11 1.5923e-09 ] 3.1195e-25 [ 1.6300e-81 5.8235e-64 1.9732e-57 2.5410e-43 3.1641e-39 7.6163e-28 3.1118e-25 ] 1.0000e+00
 3.003e+01 1.4096e-09 1.4096e-09 [ 5.9457e-24 1.4747e-17 1.5478e-11 1.3941e-09 ] 2.4532e-25 [ 5.8793e-82 2.5541e-64 9.9252e-58 1.9036e-43 2.3714e-39 5.8671e-28 2.4474e-25 ] 1.0000e+00
 3.015e+01 1.2332e-09 1.2332e-09 [ 4.2942e-24 1.1506e-17 1.3165e-11 1.2201e-09 ] 1.9286e-25 [ 2.1189e-82 1.1189e-64 4.9868e-58 1.4260e-43 1.7772e-39 4.5176e-28 1.9241e-25 ] 1.0000e+00
 3.026e+01 1.0785e-09 1.0785e-09 [ 3.0992e-24 8.9710e-18 1.1192e-11 1.0673e-09 ] 1.5156e-25 [ 7.6304e-83 4.8952e-65 2.5027e-58 1.0682e-43 1.3319e-39 3.4769e-28 1.5122e-25 ] 1.0000e+00
 3.037e+01 9.4279e-10 9.4279e-10 [ 2.2352e-24 6.9892e-18 9.5105e-12 9.3328e-10 ] 1.1906e-25 [ 2.7456e-83 2.1391e-65 1.2546e-58 8.0009e-44 9.9807e-40 2.6748e-28 1.1880e-25 ] 1.0000e+00
 3.049e+01 8.2382e-10 8.2382e-10 [ 1.6109e-24 5.4411e-18 8.0774e-12 8.1574e-10 ] 9.3499e-26 [ 9.8712e-84 9.3364e-66 6.2817e-59 5.9923e-44 7.4790e-40 2.0568e-28 9.3294e-26 ] 1.0000e+00
 3.060e+01 7.1955e-10 7.1955e-10 [ 1.1602e-24 4.2328e-18 6.8568e-12 7.1270e-10 ] 7.3396e-26 [ 3.5462e-84 4.0700e-66 3.1417e-59 4.4876e-44 5.6041e-40 1.5809e-28 7.3238e-26 ] 1.0000e+00
 3.071e+01 6.2823e-10 6.2823e-10 [ 8.3492e-25 3.2903e-18 5.8179e-12 6.2241e-10 ] 5.7594e-26 [ 1.2730e-84 1.7721e-66 1.5695e-59 3.3605e-44 4.1989e-40 1.2146e-28 5.7472e-26 ] 1.0000e+00
 3.083e+01 5.4827e-10 5.4827e-10 [ 6.0043e-25 2.5557e-18 4.9339e-12 5.4333e-10 ] 4.5177e-26 [ 4.5660e-85 7.7066e-67 7.8318e-60 2.5162e-44 3.1459e-40 9.3274e-29 4.5083e-26 ] 1.0000e+00
 3.094e+01 4.7829e-10 4.7829e-10 [ 4.3149e-25 1.9836e-18 4.1821e-12 4.7410e-10 ] 3.5423e-26 [ 1.6365e-85 3.3475e-67 3.9036e-60 1.8839e-44 2.3568e-40 7.1599e-29 3.5351e-26 ] 1.0000e+00
 3.105e+01 4.1707e-10 4.1707e-10 [ 3.0985e-25 1.5384e-18 3.5432e-12 4.1352e-10 ] 2.7765e-26 [ 5.8612e-86 1.4523e-67 1.9434e-60 1.4103e-44 1.7656e-40 5.4938e-29 2.7710e-26 ] 1.0000e+00
 3.117e+01 3.6353e-10 3.6353e-10 [ 2.2235e-25 1.1922e-18 3.0003e-12 3.6053e-10 ] 2.1753e-26 [ 2.0976e-86 6.2936e-68 9.6647e-61 1.0556e-44 1.3225e-40 4.2136e-29 2.1711e-26 ] 1.0000e+00
 3.128e+01 3.1674e-10 3.1674e-10 [ 1.5944e-25 9.2317e-19 2.5394e-12 3.1420e-10 ] 1.7037e-26 [ 7.5011e-87 2.7241e-68 4.8007e-61 7.9008e-45 9.9058e-41 3.2304e-29 1.7005e-26 ] 1.0000e+00
 3.139e+01 2.7586e-10 2.7586e-10 [ 1.1424e-25 7.1430e-19 2.1482e-12 2.7371e-10 ] 1.3338e-26 [ 2.6805e-87 1.1777e-68 2.3820e-61 5.9126e-45 7.4189e-41 2.4755e-29 1.3313e-26 ] 1.0000e+00
 3.151e+01 2.4015e-10 2.4015e-10 [ 8.1796e-26 5.5225e-19 1.8164e-12 2.3833e-10 ] 1.0438e-26 [ 9.5716e-88 5.0857e-69 1.1805e-61 4.4241e-45 5.5558e-41 1.8963e-29 1.0419e-26 ] 1.0000e+00
 3.162e+01 2.0898e-10 2.0898e-10 [ 5.8522e-26 4.2663e-19 1.5350e-12 2.0745e-10 ] 8.1652e-27 [ 3.4154e-88 2.1936e-69 5.8440e-62 3.3099e-45 4.1601e-41 1.4520e-29 8.1507e-27 ] 1.0000e+00
 3.173e+01 1.8178e-10 1.8178e-10 [ 4.1839e-26 3.2932e-19 1.2966e-12 1.8049e-10 ] 6.3848e-27 [ 1.2178e-88 9.4510e-70 2.8897e-62 2.4759e-45 3.1148e-41 1.1114e-29 6.3737e-27 ] 1.0000e+00
 3.185e+01 1.5806e-10 1.5806e-10 [ 2.9889e-26 2.5400e-19 1.0946e-12 1.5696e-10 ] 4.9906e-27 [ 4.3394e-89 4.0672e-70 1.4273e-62 1.8518e-45 2.3318e-41 8.5030e-30 4.9821e-27 ] 1.0000e+00
 3.196e+01 1.3738e-10 1.3738e-10 [ 2.1337e-26 1.9575e-19 9.2366e-13 1.3645e-10 ] 3.8993e-27 [ 1.5451e-89 1.7483e-70 7.0419e-63 1.3847e-45 1.7454e-41 6.5030e-30 3.8928e-27 ] 1.0000e+00
 3.207e+01 1.1935e-10 1.1935e-10 [ 1.5219e-26 1.5073e-19 7.7899e-13 1.1857e-10 ] 3.0453e-27 [ 5.4979e-90 7.5065e-71 3.4703e-63 1.0353e-45 1.3063e-41 4.9715e-30 3.0404e-27 ] 1.0000e+00
 3.219e+01 1.0365e-10 1.0365e-10 [ 1.0848e-26 1.1597e-19 6.5664e-13 1.0299e-10 ] 2.3775e-27 [ 1.9549e-90 3.2194e-71 1.7083e-63 7.7391e-46 9.7755e-42 3.7992e-30 2.3737e-27 ] 1.0000e+00
 3.230e+01 8.9973e-11 8.9973e-11 [ 7.7256e-27 8.9152e-20 5.5322e-13 8.9420e-11 ] 1.8553e-27 [ 6.9465e-91 1.3792e-71 8.3996e-64 5.7840e-46 7.3141e-42 2.9022e-30 1.8524e-27 ] 1.0000e+00
 3.241e+01 7.8071e-11 7.8071e-11 [ 5.4978e-27 6.8477e-20 4.6584e-13 7.7606e-11 ] 1.4472e-27 [ 2.4666e-91 5.9019e-72 4.1255e-64 4.3219e-46 5.4716e-42 2.2162e-30 1.4450e-27 ] 1.0000e+00
 3.253e+01 6.7716e-11 6.7716e-11 [ 3.9094e-27 5.2552e-20 3.9205e-13 6.7324e-11 ] 1.1284e-27 [ 8.7530e-92 2.5228e-72 2.0240e-64 3.2287e-46 4.0925e-42 1.6917e-30 1.1268e-27 ] 1.0000e+00
 3.264e+01 5.8711e-11 5.8711e-11 [ 2.7776e-27 4.0296e-20 3.2977e-13 5.8381e-11 ] 8.7952e-28 [ 3.1040e-92 1.0772e-72 9.9184e-65 2.4114e-46 3.0604e-42 1.2908e-30 8.7823e-28 ] 1.0000e+00
 3.275e+01 5.0882e-11 5.0882e-11 [ 1.9719e-27 3.0871e-20 2.7723e-13 5.0605e-11 ] 6.8522e-28 [ 1.1000e-92 4.5942e-73 4.8551e-65 1.8006e-46 2.2881e-42 9.8460e-31 6.8423e-28 ] 1.0000e+00
 3.287e+01 4.4080e-11 4.4080e-11 [ 1.3988e-27 2.3630e-20 2.3294e-13 4.3847e-11 ] 5.3362e-28 [ 3.8957e-93 1.9573e-73 2.3739e-65 1.3442e-46 1.7104e-42 7.5075e-31 5.3287e-28 ] 1.0000e+00
 3.298e+01 3.8171e-11 3.8171e-11 [ 9.9141e-28 1.8071e-20 1.9561e-13 3.7975e-11 ] 4.1539e-28 [ 1.3788e-93 8.3299e-74 1.1595e-65 1.0032e-46 1.2782e-42 5.7224e-31 4.1482e-28 ] 1.0000e+00
 3.309e+01 3.3041e-11 3.3041e-11 [ 7.0209e-28 1.3807e-20 1.6417e-13 3.2877e-11 ] 3.2322e-28 [ 4.8767e-94 3.5412e-74 5.6567e-66 7.4845e-47 9.5502e-43 4.3602e-31 3.2279e-28 ] 1.0000e+00
 3.321e+01 2.8588e-11 2.8588e-11 [ 4.9678e-28 1.0540e-20 1.3770e-13 2.8451e-11 ] 2.5140e-28 [ 1.7238e-94 1.5038e-74 2.7567e-66 5.5824e-47 7.1336e-43 3.3211e-31 2.5107e-28 ] 1.0000e+00
 3.332e+01 2.4726e-11 2.4726e-11 [ 3.5121e-28 8.0379e-21 1.1543e-13 2.4611e-11 ] 1.9545e-28 [ 6.0892e-95 6.3791e-75 1.3419e-66 4.1625e-47 5.3270e-43 2.5287e-31 1.9520e-28 ] 1.0000e+00
 3.343e+01 2.1377e-11 2.1377e-11 [ 2.4808e-28 6.1242e-21 9.6705e-14 2.1280e-11 ] 1.5189e-28 [ 2.1497e-95 2.7031e-75 6.5251e-67 3.1027e-47 3.9768e-43 1.9248e-31 1.5170e-28 ] 1.0000e+00
 3.355e+01 1.8474e-11 1.8474e-11 [ 1.7508e-28 4.6617e-21 8.0967e-14 1.8393e-11 ] 1.1799e-28 [ 7.5842e-96 1.1442e-75 3.1693e-67 2.3119e-47 2.9679e-43 1.4646e-31 1.1785e-28 ] 1.0000e+00
 3.366e+01 1.5958e-11 1.5958e-11 [ 1.2345e-28 3.5450e-21 6.7747e-14 1.5890e-11 ] 9.1621e-29 [ 2.6741e-96 4.8384e-76 1.5377e-67 1.7220e-47 2.2142e-43 1.1140e-31 9.1509e-29 ] 1.0000e+00
 3.377e+01 1.3780e-11 1.3780e-11 [ 8.6969e-29 2.6931e-21 5.6648e-14 1.3723e-11 ] 7.1113e-29 [ 9.4230e-97 2.0438e-76 7.4524e-68 1.2822e-47 1.6514e-43 8.4709e-32 7.1028e-29 ] 1.0000e+00
 3.389e+01 1.1894e-11 1.1894e-11 [ 6.1212e-29 2.0439e-21 4.7337e-14 1.1846e-11 ] 5.5172e-29 [ 3.3184e-97 8.6240e-77 3.6078e-68 9.5431e-48 1.2312e-43 6.4390e-32 5.5108e-29 ] 1.0000e+00
 3.400e+01 1.0262e-11 1.0262e-11 [ 4.3043e-29 1.5496e-21 3.9528e-14 1.0222e-11 ] 4.2787e-29 [ 1.1679e-97 3.6352e-77 1.7447e-68 7.0998e-48 9.1752e-44 4.8929e-32 4.2738e-29 ] 1.0000e+00
 3.411e+01 8.8500e-12 8.8500e-12 [ 3.0238e-29 1.1736e-21 3.2985e-14 8.8170e-12 ] 3.3168e-29 [ 4.1081e-98 1.5307e-77 8.4277e-69 5.2797e-48 6.8350e-44 3.7168e-32 3.3130e-29 ] 1.0000e+00
 3.423e+01 7.6293e-12 7.6293e-12 [ 2.1222e-29 8.8791e-22 2.7504e-14 7.6018e-12 ] 2.5700e-29 [ 1.4441e-98 6.4391e-78 4.0666e-69 3.9244e-48 5.0894e-44 2.8225e-32 2.5672e-29 ] 1.0000e+00
 3.434e+01 6.5744e-12 6.5744e-12 [ 1.4880e-29 6.7104e-22 2.2917e-14 6.5515e-12 ] 1.9906e-29 [ 5.0737e-99 2.7059e-78 1.9601e-69 2.9156e-48 3.7880e-44 2.1426e-32 1.9885e-29 ] 1.0000e+00
 3.445e+01 5.6630e-12 5.6630e-12 [ 1.0423e-29 5.0658e-22 1.9080e-14 5.6439e-12 ] 1.5412e-29 [ 1.7815e-99 1.1359e-78 9.4374e-70 2.1650e-48 2.8179e-44 1.6260e-32 1.5395e-29 ] 1.0000e+00
 3.457e+01 4.8759e-12 4.8759e-12 [ 7.2931e-30 3.8200e-22 1.5872e-14 4.8600e-12 ] 1.1927e-29 [ 6.2517e-100 4.7636e-79 4.5390e-70 1.6068e-48 2.0953e-44 1.2335e-32 1.1915e-29 ] 1.0000e+00
 3.468e+01 4.1965e-12 4.1965e-12 [ 5.0980e-30 2.8773e-22 1.3193e-14 4.1833e-12 ] 9.2263e-30 [ 2.1926e-100 1.9957e-79 2.1807e-70 1.1919e-48 1.5571e-44 9.3539e-33 9.2170e-30 ] 1.0000e+00
 3.479e+01 3.6102e-12 3.6102e-12 [ 3.5598e-30 2.1647e-22 1.0957e-14 3.5993e-12 ] 7.1343e-30 [ 7.6855e-101 8.3524e-80 1.0465e-70 8.8357e-49 1.1565e-44 7.0908e-33 7.1272e-30 ] 1.0000e+00
 3.491e+01 3.1046e-12 3.1046e-12 [ 2.4831e-30 1.6266e-22 9.0909e-15 3.0955e-12 ] 5.5143e-30 [ 2.6924e-101 3.4921e-80 5.0170e-71 6.5462e-49 8.5846e-45 5.3733e-33 5.5089e-30 ] 1.0000e+00
 3.502e+01 2.6686e-12 2.6686e-12 [ 1.7301e-30 1.2208e-22 7.5359e-15 2.6611e-12 ] 4.2604e-30 [ 9.4269e-102 1.4586e-80 2.4025e-71 4.8468e-49 6.3683e-45 4.0702e-33 4.2563e-30 ] 1.0000e+00
 3.513e+01 2.2929e-12 2.2929e-12 [ 1.2041e-30 9.1511e-23 6.2407e-15 2.2867e-12 ] 3.2903e-30 [ 3.2988e-102 6.0864e-81 1.1493e-71 3.5862e-49 4.7210e-45 3.0818e-33 3.2872e-30 ] 1.0000e+00
 3.525e+01 1.9693e-12 1.9693e-12 [ 8.3704e-31 6.8508e-23 5.1628e-15 1.9641e-12 ] 2.5400e-30 [ 1.1537e-102 2.5372e-81 5.4919e-72 2.6516e-49 3.4974e-45 2.3325e-33 2.5377e-30 ] 1.0000e+00
 3.536e+01 1.6906e-12 1.6906e-12 [ 5.8119e-31 5.1220e-23 4.2665e-15 1.6863e-12 ] 1.9600e-30 [ 4.0328e-103 1.0566e-81 2.6215e-72 1.9591e-49 2.5891e-45 1.7645e-33 1.9582e-30 ] 1.0000e+00
 3.547e+01 1.4507e-12 1.4507e-12 [ 4.0305e-31 3.8243e-23 3.5219e-15 1.4472e-12 ] 1.5118e-30 [ 1.4089e-103 4.3960e-82 1.2500e-72 1.4463e-49 1.9152e-45 1.3342e-33 1.5105e-30 ] 1.0000e+00
 3.559e+01 1.2443e-12 1.2443e-12 [ 2.7917e-31 2.8514e-23 2.9038e-15 1.2414e-12 ] 1.1657e-30 [ 4.9195e-104 1.8271e-82 5.9541e-73 1.0669e-49 1.4155e-45 1.0083e-33 1.1646e-30 ] 1.0000e+00
 3.570e+01 1.0668e-12 1.0668e-12 [ 1.9311e-31 2.1231e-23 2.3913e-15 1.0644e-12 ] 8.9838e-31 [ 1.7168e-104 7.5870e-83 2.8331e-73 7.8637e-50 1.0453e-45 7.6156e-34 8.9762e-31 ] 1.0000e+00
 3.581e+01 9.1420e-13 9.1420e-13 [ 1.3340e-31 1.5784e-23 1.9667e-15 9.1224e-13 ] 6.9211e-31 [ 5.9883e-105 3.1474e-83 1.3466e-73 5.7907e-50 7.7123e-46 5.7485e-34 6.9153e-31 ] 1.0000e+00
 3.593e+01 7.8307e-13 7.8307e-13 [ 9.2033e-32 1.1717e-23 1.6153e-15 7.8145e-13 ] 5.3298e-31 [ 2.0876e-105 1.3044e-83 6.3938e-74 4.2601e-50 5.6848e-46 4.3362e-34 5.3255e-31 ] 1.0000e+00
 3.604e+01 6.7042e-13 6.7042e-13 [ 6.3401e-32 8.6848e-24 1.3248e-15 6.6910e-13 ] 4.1028e-31 [ 7.2739e-106 5.4008e-84 3.0326e-74 3.1309e-50 4.1860e-46 3.2684e-34 4.0995e-31 ] 1.0000e+00
 3.615e+01 5.7370e-13 5.7370e-13 [ 4.3613e-32 6.4268e-24 1.0850e-15 5.7262e-13 ] 3.1569e-31 [ 2.5331e-106 2.2341e-84 1.4369e-74 2.2986e-50 3.0791e-46 2.4616e-34 3.1544e-31 ] 1.0000e+00
 3.627e+01 4.9069e-13 4.9069e-13 [ 2.9956e-32 4.7479e-24 8.8715e-16 4.8980e-13 ] 2.4281e-31 [ 8.8172e-107 9.2326e-85 6.8009e-75 1.6857e-50 2.2623e-46 1.8522e-34 2.4263e-31 ] 1.0000e+00
 3.638e+01 4.1946e-13 4.1946e-13 [ 2.0543e-32 3.5015e-24 7.2422e-16 4.1874e-13 ] 1.8668e-31 [ 3.0674e-107 3.8119e-85 3.2156e-75 1.2348e-50 1.6602e-46 1.3924e-34 1.8654e-31 ] 1.0000e+00
 3.649e+01 3.5838e-13 3.5838e-13 [ 1.4064e-32 2.5777e-24 5.9018e-16 3.5779e-13 ] 1.4347e-31 [ 1.0666e-107 1.5724e-85 1.5188e-75 9.0334e-51 1.2168e-46 1.0455e-34 1.4337e-31 ] 1.0000e+00
 3.661e+01 3.0602e-13 3.0602e-13 [ 9.6125e-33 1.8941e-24 4.8008e-16 3.0554e-13 ] 1.1022e-31 [ 3.7068e-108 6.4798e-86 7.1660e-76 6.5999e-51 8.9062e-47 7.8414e-35 1.1014e-31 ] 1.0000e+00
 3.672e+01 2.6115e-13 2.6115e-13 [ 6.5580e-33 1.3891e-24 3.8976e-16 2.6076e-13 ] 8.4634e-32 [ 1.2876e-108 2.6679e-86 3.3776e-76 4.8152e-51 6.5094e-47 5.8732e-35 8.4575e-32 ] 1.0000e+00
 3.683e+01 2.2272e-13 2.2272e-13 [ 4.4658e-33 1.0166e-24 3.1579e-16 2.2240e-13 ] 6.4963e-32 [ 4.4705e-109 1.0974e-86 1.5903e-76 3.5078e-51 4.7503e-47 4.3925e-35 6.4919e-32 ] 1.0000e+00
 3.695e+01 1.8981e-13 1.8981e-13 [ 3.0350e-33 7.4245e-25 2.5530e-16 1.8956e-13 ] 4.9842e-32 [ 1.5514e-109 4.5101e-87 7.4802e-77 2.5513e-51 3.4609e-47 3.2798e-35 4.9809e-32 ] 1.0000e+00
 3.706e+01 1.6165e-13 1.6165e-13 [ 2.0583e-33 5.4099e-25 2.0593e-16 1.6144e-13 ] 3.8224e-32 [ 5.3809e-110 1.8518e-87 3.5147e-77 1.8525e-51 2.5171e-47 2.4446e-35 3.8200e-32 ] 1.0000e+00
 3.717e+01 1.3755e-13 1.3755e-13 [ 1.3929e-33 3.9327e-25 1.6570e-16 1.3738e-13 ] 2.9301e-32 [ 1.8655e-110 7.5966e-88 1.6498e-77 1.3426e-51 1.8272e-47 1.8185e-35 2.9283e-32 ] 1.0000e+00
 3.729e+01 1.1694e-13 1.1694e-13 [ 9.4035e-34 2.8516e-25 1.3298e-16 1.1681e-13 ] 2.2450e-32 [ 6.4640e-111 3.1135e-88 7.7358e-78 9.7109e-52 1.3238e-47 1.3498e-35 2.2437e-32 ] 1.0000e+00
 3.740e+01 9.9321e-14 9.9321e-14 [ 6.3326e-34 2.0622e-25 1.0642e-16 9.9215e-14 ] 1.7193e-32 [ 2.2388e-111 1.2749e-88 3.6236e-78 7.0090e-52 9.5690e-48 9.9946e-36 1.7183e-32 ] 1.0000e+00
 3.751e+01 8.4263e-14 8.4263e-14 [ 4.2532e-34 1.4871e-25 8.4915e-17 8.4178e-14 ] 1.3159e-32 [ 7.7501e-112 5.2158e-89 1.6956e-78 5.0471e-52 6.9008e-48 7.3811e-36 1.3152e-32 ] 1.0000e+00
 3.763e+01 7.1397e-14 7.1397e-14 [ 2.8484e-34 1.0691e-25 6.7535e-17 7.1330e-14 ] 1.0066e-32 [ 2.6816e-112 2.1320e-89 7.9265e-79 3.6251e-52 4.9637e-48 5.4351e-36 1.0061e-32 ] 1.0000e+00
 3.774e+01 6.0409e-14 6.0409e-14 [ 1.9016e-34 7.6610e-26 5.3524e-17 6.0355e-14 ] 7.6947e-33 [ 9.2743e-113 8.7068e-90 3.7016e-79 2.5966e-52 3.5604e-48 3.9892e-36 7.6907e-33 ] 1.0000e+00
 3.785e+01 5.1026e-14 5.1026e-14 [ 1.2653e-34 5.4700e-26 4.2258e-17 5.0984e-14 ] 5.8776e-33 [ 3.2060e-113 3.5526e-90 1.7268e-79 1.8542e-52 2.5458e-48 2.9174e-36 5.8747e-33 ] 1.0000e+00
 3.797e+01 4.3016e-14 4.3016e-14 [ 8.3878e-35 3.8905e-26 3.3224e-17 4.2983e-14 ] 4.4856e-33 [ 1.1077e-113 1.4483e-90 8.0475e-80 1.3197e-52 1.8142e-48 2.1251e-36 4.4835e-33 ] 1.0000e+00
 3.808e+01 3.6178e-14 3.6178e-14 [ 5.5377e-35 2.7553e-26 2.5999e-17 3.6152e-14 ] 3.4197e-33 [ 3.8255e-114 5.8988e-91 3.7465e-80 9.3568e-53 1.2878e-48 1.5411e-36 3.4182e-33 ] 1.0000e+00
 3.819e+01 3.0342e-14 3.0342e-14 [ 3.6396e-35 1.9421e-26 2.0240e-17 3.0322e-14 ] 2.6037e-33 [ 1.3205e-114 2.4004e-91 1.7424e-80 6.6062e-53 9.1031e-49 1.1121e-36 2.6026e-33 ] 1.0000e+00
 3.831e+01 2.5360e-14 2.5360e-14 [ 2.3800e-35 1.3617e-26 1.5664e-17 2.5345e-14 ] 1.9793e-33 [ 4.5557e-115 9.7591e-92 8.0946e-81 4.6419e-53 6.4032e-49 7.9794e-37 1.9785e-33 ] 1.0000e+00
 3.842e+01 2.1107e-14 2.1107e-14 [ 1.5474e-35 9.4906e-27 1.2041e-17 2.1095e-14 ] 1.5015e-33 [ 1.5708e-115 3.9638e-92 3.7563e-81 3.2438e-53 4.4791e-49 5.6890e-37 1.5009e-33 ] 1.0000e+00
 3.853e+01 1.7474e-14 1.7474e-14 [ 9.9944e-36 6.5692e-27 9.1832e-18 1.7465e-14 ] 1.1360e-33 [ 5.4129e-116 1.6083e-92 1.7410e-81 2.2523e-53 3.1129e-49 4.0262e-37 1.1356e-33 ] 1.0000e+00
 3.865e+01 1.4371e-14 1.4371e-14 [ 6.4061e-36 4.5105e-27 6.9383e-18 1.4364e-14 ] 8.5644e-34 [ 1.8637e-116 6.5176e-93 8.0589e-82 1.5520e-53 2.1469e-49 2.8248e-37 8.5615e-34 ] 1.0000e+00
 3.876e+01 1.1717e-14 1.1717e-14 [ 4.0690e-36 3.0674e-27 5.1827e-18 1.1712e-14 ] 6.4258e-34 [ 6.4103e-117 2.6375e-93 3.7242e-82 1.0596e-53 1.4670e-49 1.9617e-37 6.4238e-34 ] 1.0000e+00
 3.887e+01 9.4464e-15 9.4464e-15 [ 2.5561e-36 2.0615e-27 3.8169e-18 9.4426e-15 ] 4.7891e-34 [ 2.2015e-117 1.0652e-93 1.7174e-82 7.1527e-54 9.9099e-50 1.3452e-37 4.7877e-34 ] 1.0000e+00
 3.899e+01 7.5032e-15 7.5032e-15 [ 1.5837e-36 1.3649e-27 2.7605e-18 7.5004e-15 ] 3.5355e-34 [ 7.5425e-118 4.2903e-94 7.8954e-83 4.7579e-54 6.5963e-50 9.0787e-38 3.5345e-34 ] 1.0000e+00
 3.910e+01 5.8402e-15 5.8402e-15 [ 9.6377e-37 8.8603e-28 1.9491e-18 5.8383e-15 ] 2.5740e-34 [ 2.5740e-118 1.7204e-94 3.6121e-83 3.1037e-54 4.3055e-50 6.0009e-38 2.5734e-34 ] 1.0000e+00
 3.921e+01 4.4196e-15 4.4196e-15 [ 5.7221e-37 5.5970e-28 1.3318e-18 4.4183e-15 ] 1.8351e-34 [ 8.7251e-119 6.8478e-95 1.6388e-83 1.9703e-54 2.7346e-50 3.8545e-38 1.8347e-34 ] 1.0000e+00
 3.933e+01 3.2118e-15 3.2118e-15 [ 3.2773e-37 3.3973e-28 8.6816e-19 3.2109e-15 ] 1.2662e-34 [ 2.9216e-119 2.6895e-95 7.3219e-84 1.2018e-54 1.6686e-50 2.3751e-38 1.2660e-34 ] 1.0000e+00
 3.944e+01 2.1959e-15 2.1959e-15 [ 1.7734e-37 1.9372e-28 5.2686e-19 2.1953e-15 ] 8.2806e-35 [ 9.5570e-120 1.0292e-95 3.1731e-84 6.8834e-55 9.5610e-51 1.3722e-38 8.2792e-35 ] 1.0000e+00
 3.955e+01 1.3604e-15 1.3604e-15 [ 8.6883e-38 9.9232e-29 2.8409e-19 1.3601e-15 ] 4.9290e-35 [ 2.9764e-120 3.7239e-96 1.2881e-84 3.5398e-55 4.9182e-51 7.1048e-39 4.9283e-35 ] 1.0000e+00
 3.967e+01 7.0471e-16 7.0471e-16 [ 3.4823e-38 4.1160e-29 1.2244e-19 7.0459e-16 ] 2.4380e-35 [ 8.2008e-121 1.1718e-96 4.4663e-85 1.4727e-55 2.0466e-51 2.9707e-39 2.4377e-35 ] 1.0000e+00
 3.978e+01 2.4147e-16 2.4147e-16 [ 8.1651e-39 9.8627e-30 3.0047e-20 2.4144e-16 ] 7.5884e-36 [ 1.4896e-121 2.3442e-97 9.5506e-86 3.5358e-56 4.9141e-52 7.1538e-40 7.5877e-36 ] 1.0000e+00
 3.989e+01 0.0000e+00 0.0000e+00 [ 0.0000e+00 0.0000e+00 0.0000e+00 0.0000e+00 ] 0.0000e+00 [ 0.0000e+00 0.0000e+00 0.0000e+00 0.0000e+00 0.0000e+00 0.0000e+00 0.0000e+00 ] 1.0000e+00
