 0.000e+00 0.0000e+00 0.0000e+00 [ 0.0000e+00 0.0000e+00 0.0000e+00 0.0000e+00 ] 0.0000e+00 [ 0.0000e+00 0.0000e+00 0.0000e+00 0.0000e+00 0.0000e+00 0.0000e+00 0.0000e+00 ] 1.0000e+00
 1.133e-01 1.3988e-02 1.3467e-02 [ 1.3528e-02 6.5395e-05 4.0787e-05 -1.6706e-04 ] 5.2107e-04 [ 4.9999e-04 2.6689e-06 9.8655e-07 5.7871e-06 1.2580e-06 5.1528e-06 5.2270e-06 ] 9.8601e-01
 2.267e-01 2.8082e-02 2.7201e-02 [ 2.5477e-02 4.5876e-04 5.4027e-04 7.2446e-04 ] 8.8080e-04 [ 7.9356e-04 1.1058e-05 4.1671e-06 2.4961e-05 5.3037e-06 2.1589e-05 2.0159e-05 ] 9.7192e-01
 3.400e-01 4.2492e-02 4.1271e-02 [ 3.6323e-02 1.2828e-03 1.9122e-03 1.7535e-03 ] 1.2211e-03 [ 1.0116e-03 2.6277e-05 1.0211e-05 6.3222e-05 1.2960e-05 5.2234e-05 4.4636e-05 ] 9.5751e-01
 4.533e-01 5.7251e-02 5.5669e-02 [ 4.6122e-02 2.5185e-03 3.7170e-03 3.3115e-03 ] 1.5827e-03 [ 1.1736e-03 5.0157e-05 2.0301e-05 1.3127e-04 2.5676e-05 1.0214e-04 7.9466e-05 ] 9.4275e-01
 5.667e-01 7.2306e-02 7.0282e-02 [ 5.5410e-02 4.0489e-03 5.9825e-03 4.8406e-03 ] 2.0248e-03 [ 1.3054e-03 8.5303e-05 3.6270e-05 2.4696e-04 4.5680e-05 1.7890e-04 1.2629e-04 ] 9.2769e-01
 6.800e-01 8.8832e-02 8.6217e-02 [ 6.4638e-02 5.9330e-03 8.6384e-03 7.0070e-03 ] 2.6158e-03 [ 1.4240e-03 1.3517e-04 6.0815e-05 4.3875e-04 7.6218e-05 2.9327e-04 1.8751e-04 ] 9.1117e-01
 7.933e-01 1.0698e-01 1.0354e-01 [ 7.4138e-02 8.2271e-03 1.1862e-02 9.3093e-03 ] 3.4419e-03 [ 1.5417e-03 2.0412e-04 9.7749e-05 7.5046e-04 1.2182e-04 4.5981e-04 2.6628e-04 ] 8.9302e-01
 9.067e-01 1.2733e-01 1.2272e-01 [ 8.4185e-02 1.0951e-02 1.5587e-02 1.1993e-02 ] 4.6172e-03 [ 1.6676e-03 2.9738e-04 1.5229e-04 1.2475e-03 1.8858e-04 6.9749e-04 3.6636e-04 ] 8.7267e-01
 1.020e+00 1.5019e-01 1.4390e-01 [ 9.5004e-02 1.4122e-02 1.9836e-02 1.4934e-02 ] 6.2912e-03 [ 1.8091e-03 4.2087e-04 2.3127e-04 2.0238e-03 2.8434e-04 1.0299e-03 4.9196e-04 ] 8.4981e-01
 1.133e+00 1.7587e-01 1.6722e-01 [ 1.0676e-01 1.7747e-02 2.4581e-02 1.8128e-02 ] 8.6553e-03 [ 1.9718e-03 5.8079e-04 3.4325e-04 3.2089e-03 4.1868e-04 1.4846e-03 6.4732e-04 ] 8.2413e-01
 1.247e+00 2.0464e-01 1.9270e-01 [ 1.1955e-01 2.1818e-02 2.9786e-02 2.1541e-02 ] 1.1941e-02 [ 2.1594e-03 7.8280e-04 4.9819e-04 4.9708e-03 6.0248e-04 2.0913e-03 8.3613e-04 ] 7.9536e-01
 1.360e+00 2.3661e-01 2.2020e-01 [ 1.3337e-01 2.6310e-02 3.5393e-02 2.5125e-02 ] 1.6407e-02 [ 2.3729e-03 1.0308e-03 7.0659e-04 7.5108e-03 8.4671e-04 2.8781e-03 1.0606e-03 ] 7.6339e-01
 1.473e+00 2.7171e-01 2.4941e-01 [ 1.4810e-01 3.1169e-02 4.1318e-02 2.8822e-02 ] 2.2302e-02 [ 2.6094e-03 1.3254e-03 9.7774e-04 1.1044e-02 1.1605e-03 3.8651e-03 1.3201e-03 ] 7.2829e-01
 1.587e+00 3.0958e-01 2.7977e-01 [ 1.6344e-01 3.6314e-02 4.7451e-02 3.2564e-02 ] 2.9812e-02 [ 2.8603e-03 1.6621e-03 1.3170e-03 1.5758e-02 1.5481e-03 5.0562e-03 1.6103e-03 ] 6.9042e-01
 1.700e+00 3.4951e-01 3.1054e-01 [ 1.7898e-01 4.1634e-02 5.3654e-02 3.6269e-02 ] 3.8968e-02 [ 3.1111e-03 2.0296e-03 1.7223e-03 2.1747e-02 2.0053e-03 6.4301e-03 1.9218e-03 ] 6.5049e-01
 1.813e+00 3.9029e-01 3.4073e-01 [ 1.9412e-01 4.6987e-02 5.9770e-02 3.9852e-02 ] 4.9560e-02 [ 3.3411e-03 2.4096e-03 2.1810e-03 2.8938e-02 2.5165e-03 7.9336e-03 2.2401e-03 ] 6.0971e-01
 1.927e+00 4.3029e-01 3.6922e-01 [ 2.0815e-01 5.2213e-02 6.5630e-02 4.3228e-02 ] 6.1068e-02 [ 3.5260e-03 2.7775e-03 2.6677e-03 3.7017e-02 3.0532e-03 9.4803e-03 2.5469e-03 ] 5.6971e-01
 2.040e+00 4.6750e-01 3.9484e-01 [ 2.2031e-01 5.7145e-02 7.1073e-02 4.6319e-02 ] 7.2660e-02 [ 3.6416e-03 3.1063e-03 3.1460e-03 4.5409e-02 3.5763e-03 1.0959e-02 2.8221e-03 ] 5.3250e-01
 2.153e+00 4.9979e-01 4.1651e-01 [ 2.2986e-01 6.1626e-02 7.5957e-02 4.9065e-02 ] 8.3282e-02 [ 3.6689e-03 3.3702e-03 3.5727e-03 5.3333e-02 4.0408e-03 1.2249e-02 3.0475e-03 ] 5.0021e-01
 2.267e+00 5.2516e-01 4.3333e-01 [ 2.3621e-01 6.5520e-02 8.0171e-02 5.1428e-02 ] 9.1838e-02 [ 3.5986e-03 3.5495e-03 3.9057e-03 5.9928e-02 4.4045e-03 1.3242e-02 3.2095e-03 ] 4.7484e-01
 2.380e+00 5.4208e-01 4.4469e-01 [ 2.3894e-01 6.8723e-02 8.3642e-02 5.3386e-02 ] 9.7389e-02 [ 3.4323e-03 3.6329e-03 4.1117e-03 6.4420e-02 4.6340e-03 1.3858e-02 3.3004e-03 ] 4.5792e-01
 2.493e+00 5.4962e-01 4.5029e-01 [ 2.3786e-01 7.1166e-02 8.6327e-02 5.4933e-02 ] 9.9329e-02 [ 3.1819e-03 3.6179e-03 4.1710e-03 6.6277e-02 4.7103e-03 1.4053e-02 3.3182e-03 ] 4.5038e-01
 2.607e+00 5.4758e-01 4.5010e-01 [ 2.3303e-01 7.2803e-02 8.8205e-02 5.6069e-02 ] 9.7471e-02 [ 2.8662e-03 3.5090e-03 4.0802e-03 6.5301e-02 4.6290e-03 1.3821e-02 3.2650e-03 ] 4.5242e-01
 2.720e+00 5.3644e-01 4.4437e-01 [ 2.2469e-01 7.3619e-02 8.9272e-02 5.6793e-02 ] 9.2066e-02 [ 2.5081e-03 3.3166e-03 3.8513e-03 6.1655e-02 4.4005e-03 1.3188e-02 3.1460e-03 ] 4.6356e-01
 2.833e+00 5.1730e-01 4.3355e-01 [ 2.1329e-01 7.3620e-02 8.9535e-02 5.7105e-02 ] 8.3747e-02 [ 2.1313e-03 3.0550e-03 3.5096e-03 5.5821e-02 4.0480e-03 1.2214e-02 2.9687e-03 ] 4.8270e-01
 2.947e+00 4.9173e-01 4.1831e-01 [ 1.9943e-01 7.2844e-02 8.9023e-02 5.7011e-02 ] 7.3427e-02 [ 1.7586e-03 2.7426e-03 3.0898e-03 4.8508e-02 3.6046e-03 1.0979e-02 2.7437e-03 ] 5.0827e-01
 3.060e+00 4.6162e-01 3.9948e-01 [ 1.8381e-01 7.1356e-02 8.7791e-02 5.6525e-02 ] 6.2133e-02 [ 1.4095e-03 2.4003e-03 2.6309e-03 4.0515e-02 3.1092e-03 9.5845e-03 2.4839e-03 ] 5.3838e-01
 3.173e+00 4.2887e-01 3.7803e-01 [ 1.6718e-01 6.9255e-02 8.5920e-02 5.5677e-02 ] 5.0843e-02 [ 1.0982e-03 2.0492e-03 2.1701e-03 3.2588e-02 2.6008e-03 8.1324e-03 2.2045e-03 ] 5.7113e-01
 3.287e+00 3.9525e-01 3.5492e-01 [ 1.5023e-01 6.6660e-02 8.3515e-02 5.4510e-02 ] 4.0337e-02 [ 8.3308e-04 1.7086e-03 1.7379e-03 2.5307e-02 2.1136e-03 6.7168e-03 1.9206e-03 ] 6.0475e-01
 3.400e+00 3.6219e-01 3.3107e-01 [ 1.3359e-01 6.3701e-02 8.0697e-02 5.3080e-02 ] 3.1123e-02 [ 6.1651e-04 1.3937e-03 1.3548e-03 1.9029e-02 1.6722e-03 5.4105e-03 1.6455e-03 ] 6.3781e-01
 3.513e+00 3.3073e-01 3.0730e-01 [ 1.1775e-01 6.0508e-02 7.7588e-02 5.1447e-02 ] 2.3432e-02 [ 4.4612e-04 1.1144e-03 1.0311e-03 1.3899e-02 1.2912e-03 4.2600e-03 1.3896e-03 ] 6.6927e-01
 3.627e+00 3.0150e-01 2.8423e-01 [ 1.0305e-01 5.7200e-02 7.4304e-02 4.9672e-02 ] 1.7275e-02 [ 3.1645e-04 8.7536e-04 7.6835e-04 9.8932e-03 9.7560e-04 3.2864e-03 1.1594e-03 ] 6.9850e-01
 3.740e+00 2.7485e-01 2.6233e-01 [ 8.9695e-02 5.3878e-02 7.0950e-02 4.7811e-02 ] 1.2514e-02 [ 2.2059e-04 6.7687e-04 5.6229e-04 6.8829e-03 7.2306e-04 2.4900e-03 9.5810e-04 ] 7.2515e-01
 3.853e+00 2.5085e-01 2.4192e-01 [ 7.7773e-02 5.0622e-02 6.7610e-02 4.5913e-02 ] 8.9368e-03 [ 1.5146e-04 5.1629e-04 4.0519e-04 4.6939e-03 5.2693e-04 1.8570e-03 7.8605e-04 ] 7.4915e-01
 3.967e+00 2.2946e-01 2.2315e-01 [ 6.7284e-02 4.7494e-02 6.4351e-02 4.4020e-02 ] 6.3121e-03 [ 1.0266e-04 3.8919e-04 2.8824e-04 3.1459e-03 3.7839e-04 1.3661e-03 6.4162e-04 ] 7.7054e-01
 4.080e+00 2.1051e-01 2.0609e-01 [ 5.8163e-02 4.4535e-02 6.1223e-02 4.2164e-02 ] 4.4225e-03 [ 6.8832e-05 2.9042e-04 2.0286e-04 2.0769e-03 2.6828e-04 9.9315e-04 5.2207e-04 ] 7.8949e-01
 4.193e+00 1.9379e-01 1.9071e-01 [ 5.0306e-02 4.1771e-02 5.8261e-02 4.0370e-02 ] 3.0824e-03 [ 4.5727e-05 2.1485e-04 1.4154e-04 1.3532e-03 1.8812e-04 7.1480e-04 4.2413e-04 ] 8.0621e-01
 4.307e+00 1.7908e-01 1.7694e-01 [ 4.3585e-02 3.9215e-02 5.5486e-02 3.8655e-02 ] 2.1430e-03 [ 3.0147e-05 1.5778e-04 9.8059e-05 8.7181e-04 1.3066e-04 5.1008e-04 3.4449e-04 ] 8.2092e-01
 4.420e+00 1.6617e-01 1.6468e-01 [ 3.7867e-02 3.6870e-02 5.2909e-02 3.7030e-02 ] 1.4900e-03 [ 1.9749e-05 1.1513e-04 6.7566e-05 5.5615e-04 9.0002e-05 3.6138e-04 2.8004e-04 ] 8.3383e-01
 4.533e+00 1.5483e-01 1.5379e-01 [ 3.3020e-02 3.4732e-02 5.0533e-02 3.5503e-02 ] 1.0386e-03 [ 1.2870e-05 8.3556e-05 4.6361e-05 3.5177e-04 6.1555e-05 2.5449e-04 2.2801e-04 ] 8.4517e-01
 4.647e+00 1.4487e-01 1.4414e-01 [ 2.8919e-02 3.2791e-02 4.8357e-02 3.4075e-02 ] 7.2750e-04 [ 8.3509e-06 6.0358e-05 3.1714e-05 2.2085e-04 4.1839e-05 1.7835e-04 1.8604e-04 ] 8.5513e-01
 4.760e+00 1.3612e-01 1.3561e-01 [ 2.5453e-02 3.1035e-02 4.6373e-02 3.2748e-02 ] 5.1319e-04 [ 5.3994e-06 4.3424e-05 2.1648e-05 1.3776e-04 2.8286e-05 1.2450e-04 1.5218e-04 ] 8.6388e-01
 4.873e+00 1.2843e-01 1.2806e-01 [ 2.2520e-02 2.9449e-02 4.4573e-02 3.1519e-02 ] 3.6530e-04 [ 3.4808e-06 3.1131e-05 1.4759e-05 8.5450e-05 1.9033e-05 8.6645e-05 1.2480e-04 ] 8.7157e-01
 4.987e+00 1.2165e-01 1.2139e-01 [ 2.0035e-02 2.8019e-02 4.2946e-02 3.0386e-02 ] 2.6284e-04 [ 2.2385e-06 2.2247e-05 1.0056e-05 5.2742e-05 1.2755e-05 6.0174e-05 1.0262e-04 ] 8.7835e-01
 5.100e+00 1.1567e-01 1.1548e-01 [ 1.7923e-02 2.6729e-02 4.1480e-02 2.9343e-02 ] 1.9141e-04 [ 1.4366e-06 1.5854e-05 6.8523e-06 3.2413e-05 8.5173e-06 4.1736e-05 8.4600e-05 ] 8.8433e-01
 5.213e+00 1.1037e-01 1.1023e-01 [ 1.6120e-02 2.5565e-02 4.0163e-02 2.8386e-02 ] 1.4122e-04 [ 9.2028e-07 1.1269e-05 4.6714e-06 1.9845e-05 5.6695e-06 2.8934e-05 6.9906e-05 ] 8.8963e-01
 5.327e+00 1.0568e-01 1.0558e-01 [ 1.4575e-02 2.4511e-02 3.8983e-02 2.7509e-02 ] 1.0559e-04 [ 5.8859e-07 7.9916e-06 3.1876e-06 1.2109e-05 3.7633e-06 2.0065e-05 5.7888e-05 ] 8.9432e-01
 5.440e+00 1.0151e-01 1.0143e-01 [ 1.3243e-02 2.3554e-02 3.7928e-02 2.6708e-02 ] 8.0025e-05 [ 3.7588e-07 5.6548e-06 2.1778e-06 7.3675e-06 2.4918e-06 1.3931e-05 4.8026e-05 ] 8.9849e-01
 5.553e+00 9.7794e-02 9.7733e-02 [ 1.2087e-02 2.2684e-02 3.6986e-02 2.5976e-02 ] 6.1441e-05 [ 2.3971e-07 3.9930e-06 1.4902e-06 4.4708e-06 1.6462e-06 9.6915e-06 3.9909e-05 ] 9.0221e-01
 5.667e+00 9.4470e-02 9.4422e-02 [ 1.1078e-02 2.1888e-02 3.6147e-02 2.5309e-02 ] 4.7751e-05 [ 1.5265e-07 2.8140e-06 1.0214e-06 2.7069e-06 1.0854e-06 6.7615e-06 3.3209e-05 ] 9.0553e-01
 5.780e+00 9.1488e-02 9.1451e-02 [ 1.0190e-02 2.1157e-02 3.5401e-02 2.4702e-02 ] 3.7527e-05 [ 9.7069e-08 1.9793e-06 7.0133e-07 1.6355e-06 7.1430e-07 4.7351e-06 2.7665e-05 ] 9.0851e-01
 5.893e+00 8.8805e-02 8.8775e-02 [ 9.4043e-03 2.0481e-02 3.4739e-02 2.4150e-02 ] 2.9787e-05 [ 6.1634e-08 1.3896e-06 4.8249e-07 9.8647e-07 4.6930e-07 3.3315e-06 2.3066e-05 ] 9.1119e-01
 6.007e+00 8.6383e-02 8.6359e-02 [ 8.7036e-03 1.9854e-02 3.4152e-02 2.3649e-02 ] 2.3849e-05 [ 3.9073e-08 9.7379e-07 3.3257e-07 5.9404e-07 3.0786e-07 2.3570e-06 1.9245e-05 ] 9.1362e-01
 6.120e+00 8.4187e-02 8.4168e-02 [ 8.0744e-03 1.9268e-02 3.3632e-02 2.3194e-02 ] 1.9237e-05 [ 2.4729e-08 6.8119e-07 2.2968e-07 3.5723e-07 2.0166e-07 1.6783e-06 1.6064e-05 ] 9.1581e-01
 6.233e+00 8.2191e-02 8.2175e-02 [ 7.5058e-03 1.8716e-02 3.3172e-02 2.2781e-02 ] 1.5614e-05 [ 1.5623e-08 4.7565e-07 1.5891e-07 2.1456e-07 1.3192e-07 1.2037e-06 1.3413e-05 ] 9.1781e-01
 6.347e+00 8.0368e-02 8.0356e-02 [ 6.9889e-03 1.8195e-02 3.2764e-02 2.2408e-02 ] 1.2738e-05 [ 9.8515e-09 3.3155e-07 1.1015e-07 1.2873e-07 8.6188e-08 8.7020e-07 1.1202e-05 ] 9.1963e-01
 6.460e+00 7.8698e-02 7.8688e-02 [ 6.5163e-03 1.7699e-02 3.2403e-02 2.2069e-02 ] 1.0436e-05 [ 6.1995e-09 2.3070e-07 7.6472e-08 7.7168e-08 5.6240e-08 6.3449e-07 9.3549e-06 ] 9.2130e-01
 6.573e+00 7.7161e-02 7.7153e-02 [ 6.0819e-03 1.7225e-02 3.2083e-02 2.1763e-02 ] 8.5790e-06 [ 3.8929e-09 1.6024e-07 5.3175e-08 4.6222e-08 3.6655e-08 4.6678e-07 7.8120e-06 ] 9.2284e-01
 6.687e+00 7.5741e-02 7.5734e-02 [ 5.6810e-03 1.6768e-02 3.1798e-02 2.1487e-02 ] 7.0711e-06 [ 2.4390e-09 1.1111e-07 3.7026e-08 2.7668e-08 2.3863e-08 3.4658e-07 6.5224e-06 ] 9.2426e-01
 6.800e+00 7.4423e-02 7.4417e-02 [ 5.3094e-03 1.6327e-02 3.1544e-02 2.1237e-02 ] 5.8403e-06 [ 1.5244e-09 7.6916e-08 2.5812e-08 1.6553e-08 1.5518e-08 2.5971e-07 5.4443e-06 ] 9.2558e-01
 6.913e+00 7.3195e-02 7.3190e-02 [ 4.9638e-03 1.5899e-02 3.1317e-02 2.1011e-02 ] 4.8314e-06 [ 9.5033e-10 5.3153e-08 1.8014e-08 9.8993e-09 1.0081e-08 1.9640e-07 4.5429e-06 ] 9.2680e-01
 7.027e+00 7.2046e-02 7.2042e-02 [ 4.6415e-03 1.5481e-02 3.1112e-02 2.0807e-02 ] 4.0014e-06 [ 5.9089e-10 3.6669e-08 1.2582e-08 5.9185e-09 6.5412e-09 1.4983e-07 3.7893e-06 ] 9.2795e-01
 7.140e+00 7.0965e-02 7.0961e-02 [ 4.3401e-03 1.5072e-02 3.0926e-02 2.0623e-02 ] 3.3168e-06 [ 3.6639e-10 2.5255e-08 8.7937e-09 3.5379e-09 4.2401e-09 1.1525e-07 3.1594e-06 ] 9.2904e-01
 7.253e+00 6.9944e-02 6.9941e-02 [ 4.0577e-03 1.4672e-02 3.0756e-02 2.0456e-02 ] 2.7509e-06 [ 2.2654e-10 1.7366e-08 6.1490e-09 2.1148e-09 2.7456e-09 8.9333e-08 2.6330e-06 ] 9.3006e-01
 7.367e+00 6.8975e-02 6.8973e-02 [ 3.7927e-03 1.4278e-02 3.0597e-02 2.0305e-02 ] 2.2823e-06 [ 1.3965e-10 1.1921e-08 4.3009e-09 1.2642e-09 1.7760e-09 6.9732e-08 2.1932e-06 ] 9.3102e-01
 7.480e+00 6.8052e-02 6.8050e-02 [ 3.5437e-03 1.3889e-02 3.0449e-02 2.0168e-02 ] 1.8938e-06 [ 8.5827e-11 8.1701e-09 3.0086e-09 7.5589e-10 1.1476e-09 5.4776e-08 1.8259e-06 ] 9.3195e-01
 7.593e+00 6.7168e-02 6.7167e-02 [ 3.3095e-03 1.3506e-02 3.0307e-02 2.0044e-02 ] 1.5715e-06 [ 5.2581e-11 5.5905e-09 2.1044e-09 4.5212e-10 7.4078e-10 4.3268e-08 1.5193e-06 ] 9.3283e-01
 7.707e+00 6.6319e-02 6.6317e-02 [ 3.0891e-03 1.3127e-02 3.0171e-02 1.9930e-02 ] 1.3039e-06 [ 3.2110e-11 3.8192e-09 1.4716e-09 2.7056e-10 4.7768e-10 3.4345e-08 1.2635e-06 ] 9.3368e-01
 7.820e+00 6.5498e-02 6.5497e-02 [ 2.8816e-03 1.2753e-02 3.0037e-02 1.9826e-02 ] 1.0817e-06 [ 1.9544e-11 2.6050e-09 1.0287e-09 1.6201e-10 3.0770e-10 2.7377e-08 1.0502e-06 ] 9.3450e-01
 7.933e+00 6.4703e-02 6.4702e-02 [ 2.6862e-03 1.2382e-02 2.9904e-02 1.9730e-02 ] 8.9707e-07 [ 1.1856e-11 1.7740e-09 7.1862e-10 9.7087e-11 1.9800e-10 2.1902e-08 8.7237e-07 ] 9.3530e-01
 8.047e+00 6.3929e-02 6.3929e-02 [ 2.5021e-03 1.2015e-02 2.9769e-02 1.9642e-02 ] 7.4374e-07 [ 7.1675e-12 1.2062e-09 5.0166e-10 5.8237e-11 1.2728e-10 1.7575e-08 7.2427e-07 ] 9.3607e-01
 8.160e+00 6.3174e-02 6.3173e-02 [ 2.3288e-03 1.1652e-02 2.9633e-02 1.9559e-02 ] 6.1640e-07 [ 4.3181e-12 8.1882e-10 3.4991e-10 3.4972e-11 8.1729e-11 1.4139e-08 6.0097e-07 ] 9.3683e-01
 8.273e+00 6.2433e-02 6.2432e-02 [ 2.1657e-03 1.1293e-02 2.9493e-02 1.9481e-02 ] 5.1065e-07 [ 2.5923e-12 5.5498e-10 2.4381e-10 2.1029e-11 5.2426e-11 1.1399e-08 4.9838e-07 ] 9.3757e-01
 8.387e+00 6.1704e-02 6.1704e-02 [ 2.0121e-03 1.0937e-02 2.9348e-02 1.9407e-02 ] 4.2287e-07 [ 1.5508e-12 3.7555e-10 1.6970e-10 1.2664e-11 3.3594e-11 9.2058e-09 4.1307e-07 ] 9.3830e-01
 8.500e+00 6.0986e-02 6.0986e-02 [ 1.8678e-03 1.0585e-02 2.9197e-02 1.9336e-02 ] 3.5002e-07 [ 9.2440e-13 2.5373e-10 1.1797e-10 7.6393e-12 2.1504e-11 7.4455e-09 3.4217e-07 ] 9.3901e-01
 8.613e+00 6.0275e-02 6.0275e-02 [ 1.7321e-03 1.0237e-02 2.9038e-02 1.9267e-02 ] 2.8959e-07 [ 5.4904e-13 1.7115e-10 8.1896e-11 4.6172e-12 1.3751e-11 6.0287e-09 2.8329e-07 ] 9.3972e-01
 8.727e+00 5.9571e-02 5.9571e-02 [ 1.6046e-03 9.8938e-03 2.8873e-02 1.9200e-02 ] 2.3949e-07 [ 3.2492e-13 1.1525e-10 5.6772e-11 2.7966e-12 8.7838e-12 4.8861e-09 2.3442e-07 ] 9.4043e-01
 8.840e+00 5.8871e-02 5.8871e-02 [ 1.4850e-03 9.5545e-03 2.8698e-02 1.9133e-02 ] 1.9796e-07 [ 1.9159e-13 7.7484e-11 3.9296e-11 1.6979e-12 5.6051e-12 3.9629e-09 1.9387e-07 ] 9.4113e-01
 8.953e+00 5.8174e-02 5.8174e-02 [ 1.3729e-03 9.2198e-03 2.8515e-02 1.9066e-02 ] 1.6356e-07 [ 1.1256e-13 5.2005e-11 2.7156e-11 1.0335e-12 3.5729e-12 3.2160e-09 1.6026e-07 ] 9.4183e-01
 9.067e+00 5.7478e-02 5.7478e-02 [ 1.2678e-03 8.8899e-03 2.8322e-02 1.8999e-02 ] 1.3507e-07 [ 6.5893e-14 3.4844e-11 1.8735e-11 6.3087e-13 2.2752e-12 2.6110e-09 1.3240e-07 ] 9.4252e-01
 9.180e+00 5.6784e-02 5.6784e-02 [ 1.1695e-03 8.5650e-03 2.8119e-02 1.8931e-02 ] 1.1149e-07 [ 3.8433e-14 2.3305e-11 1.2902e-11 3.8625e-13 1.4474e-12 2.1205e-09 1.0933e-07 ] 9.4322e-01
 9.293e+00 5.6089e-02 5.6089e-02 [ 1.0776e-03 8.2453e-03 2.7905e-02 1.8861e-02 ] 9.1990e-08 [ 2.2335e-14 1.5560e-11 8.8696e-12 2.3724e-13 9.1979e-13 1.7225e-09 9.0242e-08 ] 9.4391e-01
 9.407e+00 5.5393e-02 5.5393e-02 [ 9.9175e-04 7.9311e-03 2.7681e-02 1.8789e-02 ] 7.5865e-08 [ 1.2933e-14 1.0370e-11 6.0859e-12 1.4622e-13 5.8392e-13 1.3994e-09 7.4448e-08 ] 9.4461e-01
 9.520e+00 5.4695e-02 5.4695e-02 [ 9.1168e-04 7.6226e-03 2.7447e-02 1.8714e-02 ] 6.2539e-08 [ 7.4620e-15 6.8980e-12 4.1679e-12 9.0440e-14 3.7033e-13 1.1370e-09 6.1390e-08 ] 9.4530e-01
 9.633e+00 5.3995e-02 5.3995e-02 [ 8.3706e-04 7.3200e-03 2.7201e-02 1.8637e-02 ] 5.1532e-08 [ 4.2899e-15 4.5800e-12 2.8488e-12 5.6146e-14 2.3464e-13 9.2378e-10 5.0600e-08 ] 9.4600e-01
 9.747e+00 5.3292e-02 5.3292e-02 [ 7.6762e-04 7.0235e-03 2.6945e-02 1.8556e-02 ] 4.2444e-08 [ 2.4575e-15 3.0350e-12 1.9433e-12 3.4989e-14 1.4852e-13 7.5054e-10 4.1688e-08 ] 9.4671e-01
 9.860e+00 5.2586e-02 5.2586e-02 [ 7.0308e-04 6.7333e-03 2.6678e-02 1.8471e-02 ] 3.4944e-08 [ 1.4028e-15 2.0073e-12 1.3229e-12 2.1889e-14 9.3919e-14 6.0975e-10 3.4331e-08 ] 9.4741e-01
 9.973e+00 5.1876e-02 5.1876e-02 [ 6.4315e-04 6.4495e-03 2.6400e-02 1.8383e-02 ] 2.8758e-08 [ 7.9790e-16 1.3249e-12 8.9870e-13 1.3747e-14 5.9335e-14 4.9531e-10 2.8260e-08 ] 9.4812e-01
 1.009e+01 5.1162e-02 5.1162e-02 [ 5.8759e-04 6.1723e-03 2.6112e-02 1.8291e-02 ] 2.3657e-08 [ 4.5226e-16 8.7271e-13 6.0926e-13 8.6673e-15 3.7452e-14 4.0231e-10 2.3254e-08 ] 9.4884e-01
 1.020e+01 5.0445e-02 5.0445e-02 [ 5.3614e-04 5.9019e-03 2.5813e-02 1.8194e-02 ] 1.9454e-08 [ 2.5546e-16 5.7366e-13 4.1217e-13 5.4855e-15 2.3618e-14 3.2671e-10 1.9126e-08 ] 9.4956e-01
 1.031e+01 4.9723e-02 4.9723e-02 [ 4.8855e-04 5.6383e-03 2.5503e-02 1.8093e-02 ] 1.5991e-08 [ 1.4380e-16 3.7629e-13 2.7825e-13 3.4848e-15 1.4881e-14 2.6528e-10 1.5726e-08 ] 9.5028e-01
 1.043e+01 4.8996e-02 4.8996e-02 [ 4.4461e-04 5.3816e-03 2.5184e-02 1.7986e-02 ] 1.3140e-08 [ 8.0663e-17 2.4629e-13 1.8744e-13 2.2218e-15 9.3678e-15 2.1536e-10 1.2925e-08 ] 9.5100e-01
 1.054e+01 4.8266e-02 4.8266e-02 [ 4.0408e-04 5.1320e-03 2.4855e-02 1.7875e-02 ] 1.0794e-08 [ 4.5095e-17 1.6085e-13 1.2599e-13 1.4214e-15 5.8925e-15 1.7480e-10 1.0619e-08 ] 9.5173e-01
 1.065e+01 4.7531e-02 4.7531e-02 [ 3.6676e-04 4.8896e-03 2.4516e-02 1.7759e-02 ] 8.8629e-09 [ 2.5125e-17 1.0482e-13 8.4510e-14 9.1235e-16 3.7035e-15 1.4184e-10 8.7209e-09 ] 9.5247e-01
 1.077e+01 4.6793e-02 4.6793e-02 [ 3.3243e-04 4.6543e-03 2.4168e-02 1.7638e-02 ] 7.2750e-09 [ 1.3951e-17 6.8156e-14 5.6562e-14 5.8738e-16 2.3260e-15 1.1508e-10 7.1598e-09 ] 9.5321e-01
 1.088e+01 4.6050e-02 4.6050e-02 [ 3.0090e-04 4.4263e-03 2.3811e-02 1.7511e-02 ] 5.9696e-09 [ 7.7209e-18 4.4215e-14 3.7775e-14 3.7922e-16 1.4598e-15 9.3343e-11 5.8762e-09 ] 9.5395e-01
 1.099e+01 4.5303e-02 4.5303e-02 [ 2.7198e-04 4.2054e-03 2.3446e-02 1.7379e-02 ] 4.8968e-09 [ 4.2587e-18 2.8618e-14 2.5173e-14 2.4546e-16 9.1561e-16 7.5694e-11 4.8210e-09 ] 9.5470e-01
 1.111e+01 4.4552e-02 4.4552e-02 [ 2.4551e-04 3.9919e-03 2.3073e-02 1.7242e-02 ] 4.0155e-09 [ 2.3413e-18 1.8480e-14 1.6739e-14 1.5924e-16 5.7393e-16 6.1368e-11 3.9541e-09 ] 9.5545e-01
 1.122e+01 4.3798e-02 4.3798e-02 [ 2.2129e-04 3.7856e-03 2.2692e-02 1.7099e-02 ] 3.2917e-09 [ 1.2829e-18 1.1905e-14 1.1106e-14 1.0352e-16 3.5957e-16 4.9741e-11 3.2419e-09 ] 9.5620e-01
 1.133e+01 4.3041e-02 4.3041e-02 [ 1.9919e-04 3.5865e-03 2.2304e-02 1.6951e-02 ] 2.6976e-09 [ 7.0067e-19 7.6515e-15 7.3533e-15 6.7418e-17 2.2518e-16 4.0307e-11 2.6572e-09 ] 9.5696e-01
 1.145e+01 4.2281e-02 4.2281e-02 [ 1.7903e-04 3.3946e-03 2.1910e-02 1.6798e-02 ] 2.2100e-09 [ 3.8143e-19 4.9060e-15 4.8579e-15 4.3974e-17 1.4096e-16 3.2655e-11 2.1773e-09 ] 9.5772e-01
 1.156e+01 4.1518e-02 4.1518e-02 [ 1.6069e-04 3.2099e-03 2.1509e-02 1.6639e-02 ] 1.8100e-09 [ 2.0697e-19 3.1381e-15 3.2025e-15 2.8719e-17 8.8224e-17 2.6448e-11 1.7835e-09 ] 9.5848e-01
 1.167e+01 4.0752e-02 4.0752e-02 [ 1.4401e-04 3.0322e-03 2.1102e-02 1.6474e-02 ] 1.4819e-09 [ 1.1194e-19 2.0024e-15 2.1066e-15 1.8776e-17 5.5211e-17 2.1415e-11 1.4605e-09 ] 9.5925e-01
 1.179e+01 3.9985e-02 3.9985e-02 [ 1.2888e-04 2.8615e-03 2.0690e-02 1.6305e-02 ] 1.2130e-09 [ 6.0351e-20 1.2747e-15 1.3828e-15 1.2286e-17 3.4552e-17 1.7336e-11 1.1957e-09 ] 9.6002e-01
 1.190e+01 3.9215e-02 3.9215e-02 [ 1.1517e-04 2.6977e-03 2.0273e-02 1.6130e-02 ] 9.9257e-10 [ 3.2432e-20 8.0942e-16 9.0570e-16 8.0440e-18 2.1629e-17 1.4030e-11 9.7854e-10 ] 9.6078e-01
 1.201e+01 3.8445e-02 3.8445e-02 [ 1.0276e-04 2.5407e-03 1.9851e-02 1.5950e-02 ] 8.1197e-10 [ 1.7373e-20 5.1273e-16 5.9196e-16 5.2691e-18 1.3545e-17 1.1352e-11 8.0062e-10 ] 9.6156e-01
 1.213e+01 3.7673e-02 3.7673e-02 [ 9.1554e-05 2.3904e-03 1.9426e-02 1.5764e-02 ] 6.6404e-10 [ 9.2765e-21 3.2400e-16 3.8608e-16 3.4523e-18 8.4878e-18 9.1822e-12 6.5486e-10 ] 9.6233e-01
 1.224e+01 3.6900e-02 3.6900e-02 [ 8.1448e-05 2.2467e-03 1.8998e-02 1.5574e-02 ] 5.4291e-10 [ 4.9375e-21 2.0423e-16 2.5127e-16 2.2621e-18 5.3240e-18 7.4253e-12 5.3549e-10 ] 9.6310e-01
 1.235e+01 3.6127e-02 3.6127e-02 [ 7.2349e-05 2.1095e-03 1.8566e-02 1.5379e-02 ] 4.4376e-10 [ 2.6197e-21 1.2842e-16 1.6319e-16 1.4821e-18 3.3439e-18 6.0031e-12 4.3775e-10 ] 9.6387e-01
 1.247e+01 3.5355e-02 3.5355e-02 [ 6.4169e-05 1.9785e-03 1.8133e-02 1.5179e-02 ] 3.6261e-10 [ 1.3855e-21 8.0552e-17 1.0576e-16 9.7090e-19 2.1037e-18 4.8519e-12 3.5776e-10 ] 9.6465e-01
 1.258e+01 3.4583e-02 3.4583e-02 [ 5.6827e-05 1.8538e-03 1.7697e-02 1.4975e-02 ] 2.9622e-10 [ 7.3043e-22 5.0402e-17 6.8400e-17 6.3579e-19 1.3263e-18 3.9205e-12 2.9230e-10 ] 9.6542e-01
 1.269e+01 3.3812e-02 3.3812e-02 [ 5.0248e-05 1.7350e-03 1.7260e-02 1.4766e-02 ] 2.4192e-10 [ 3.8386e-22 3.1458e-17 4.4145e-17 4.1615e-19 8.3831e-19 3.1670e-12 2.3875e-10 ] 9.6619e-01
 1.281e+01 3.3042e-02 3.3042e-02 [ 4.4363e-05 1.6221e-03 1.6823e-02 1.4553e-02 ] 1.9752e-10 [ 2.0109e-22 1.9586e-17 2.8431e-17 2.7224e-19 5.3156e-19 2.5577e-12 1.9496e-10 ] 9.6696e-01
 1.292e+01 3.2274e-02 3.2274e-02 [ 3.9106e-05 1.5149e-03 1.6385e-02 1.4336e-02 ] 1.6123e-10 [ 1.0501e-22 1.2164e-17 1.8273e-17 1.7798e-19 3.3833e-19 2.0651e-12 1.5916e-10 ] 9.6773e-01
 1.303e+01 3.1509e-02 3.1509e-02 [ 3.4419e-05 1.4133e-03 1.5947e-02 1.4115e-02 ] 1.3157e-10 [ 5.4664e-23 7.5361e-18 1.1720e-17 1.1626e-19 2.1630e-19 1.6669e-12 1.2990e-10 ] 9.6849e-01
 1.315e+01 3.0747e-02 3.0747e-02 [ 3.0247e-05 1.3170e-03 1.5510e-02 1.3890e-02 ] 1.0734e-10 [ 2.8365e-23 4.6573e-18 7.5015e-18 7.5887e-20 1.3899e-19 1.3451e-12 1.0599e-10 ] 9.6925e-01
 1.326e+01 2.9987e-02 2.9987e-02 [ 2.6538e-05 1.2260e-03 1.5074e-02 1.3661e-02 ] 8.7544e-11 [ 1.4672e-23 2.8710e-18 4.7916e-18 4.9488e-20 8.9842e-20 1.0852e-12 8.6459e-11 ] 9.7001e-01
 1.337e+01 2.9232e-02 2.9232e-02 [ 2.3248e-05 1.1399e-03 1.4639e-02 1.3429e-02 ] 7.1383e-11 [ 7.5656e-24 1.7655e-18 3.0544e-18 3.2242e-20 5.8455e-20 8.7523e-13 7.0508e-11 ] 9.7077e-01
 1.349e+01 2.8480e-02 2.8480e-02 [ 2.0334e-05 1.0587e-03 1.4207e-02 1.3194e-02 ] 5.8190e-11 [ 3.8888e-24 1.0830e-18 1.9430e-18 2.0984e-20 3.8312e-20 7.0573e-13 5.7484e-11 ] 9.7152e-01
 1.360e+01 2.7733e-02 2.7733e-02 [ 1.7757e-05 9.8214e-04 1.3777e-02 1.2956e-02 ] 4.7423e-11 [ 1.9925e-24 6.6271e-19 1.2335e-18 1.3643e-20 2.5309e-20 5.6890e-13 4.6854e-11 ] 9.7227e-01
 1.371e+01 2.6992e-02 2.6992e-02 [ 1.5482e-05 9.1009e-04 1.3351e-02 1.2716e-02 ] 3.8638e-11 [ 1.0177e-24 4.0452e-19 7.8153e-19 8.8598e-21 1.6861e-20 4.5849e-13 3.8180e-11 ] 9.7301e-01
 1.383e+01 2.6256e-02 2.6256e-02 [ 1.3477e-05 8.4235e-04 1.2927e-02 1.2473e-02 ] 3.1472e-11 [ 5.1818e-25 2.4631e-19 4.9415e-19 5.7470e-21 1.1332e-20 3.6941e-13 3.1103e-11 ] 9.7374e-01
 1.394e+01 2.5526e-02 2.5526e-02 [ 1.1713e-05 7.7874e-04 1.2508e-02 1.2227e-02 ] 2.5629e-11 [ 2.6301e-25 1.4961e-19 3.1181e-19 3.7234e-21 7.6856e-21 2.9756e-13 2.5331e-11 ] 9.7447e-01
 1.405e+01 2.4802e-02 2.4802e-02 [ 1.0164e-05 7.1910e-04 1.2093e-02 1.1980e-02 ] 2.0865e-11 [ 1.3307e-25 9.0651e-20 1.9636e-19 2.4093e-21 5.2603e-21 2.3962e-13 2.0625e-11 ] 9.7520e-01
 1.417e+01 2.4086e-02 2.4086e-02 [ 8.8051e-06 6.6324e-04 1.1683e-02 1.1731e-02 ] 1.6982e-11 [ 6.7116e-26 5.4792e-20 1.2341e-19 1.5571e-21 3.6330e-21 1.9291e-13 1.6789e-11 ] 9.7591e-01
 1.428e+01 2.3377e-02 2.3377e-02 [ 7.6159e-06 6.1099e-04 1.1278e-02 1.1480e-02 ] 1.3818e-11 [ 3.3745e-26 3.3036e-20 7.7402e-20 1.0050e-21 2.5311e-21 1.5527e-13 1.3663e-11 ] 9.7662e-01
 1.439e+01 2.2675e-02 2.2675e-02 [ 6.5768e-06 5.6218e-04 1.0878e-02 1.1229e-02 ] 1.1241e-11 [ 1.6913e-26 1.9870e-20 4.8450e-20 6.4780e-22 1.7781e-21 1.2495e-13 1.1116e-11 ] 9.7732e-01
 1.451e+01 2.1982e-02 2.1982e-02 [ 5.6703e-06 5.1665e-04 1.0484e-02 1.0976e-02 ] 9.1419e-12 [ 8.4507e-27 1.1922e-20 3.0267e-20 4.1701e-22 1.2589e-21 1.0052e-13 9.0414e-12 ] 9.7802e-01
 1.462e+01 2.1298e-02 2.1298e-02 [ 4.8809e-06 4.7424e-04 1.0096e-02 1.0723e-02 ] 7.4329e-12 [ 4.2092e-27 7.1357e-21 1.8870e-20 2.6807e-22 8.9769e-22 8.0843e-14 7.3521e-12 ] 9.7870e-01
 1.473e+01 2.0622e-02 2.0622e-02 [ 4.1946e-06 4.3477e-04 9.7149e-03 1.0469e-02 ] 6.0419e-12 [ 2.0900e-27 4.2605e-21 1.1742e-20 1.7210e-22 6.4429e-22 6.5004e-14 5.9769e-12 ] 9.7938e-01
 1.485e+01 1.9957e-02 1.9957e-02 [ 3.5990e-06 3.9810e-04 9.3404e-03 1.0214e-02 ] 4.9098e-12 [ 1.0345e-27 2.5376e-21 7.2913e-21 1.1033e-22 4.6511e-22 5.2256e-14 4.8576e-12 ] 9.8004e-01
 1.496e+01 1.9300e-02 1.9300e-02 [ 3.0829e-06 3.6407e-04 8.9729e-03 9.9604e-03 ] 3.9889e-12 [ 5.1048e-28 1.5077e-21 4.5188e-21 7.0632e-23 3.3749e-22 4.1997e-14 3.9469e-12 ] 9.8070e-01
 1.507e+01 1.8654e-02 1.8654e-02 [ 2.6366e-06 3.3253e-04 8.6128e-03 9.7066e-03 ] 3.2398e-12 [ 2.5112e-28 8.9365e-22 2.7950e-21 4.5154e-23 2.4599e-22 3.3744e-14 3.2061e-12 ] 9.8135e-01
 1.519e+01 1.8019e-02 1.8019e-02 [ 2.2513e-06 3.0335e-04 8.2602e-03 9.4533e-03 ] 2.6308e-12 [ 1.2315e-28 5.2839e-22 1.7253e-21 2.8826e-23 1.8000e-22 2.7107e-14 2.6036e-12 ] 9.8198e-01
 1.530e+01 1.7394e-02 1.7394e-02 [ 1.9191e-06 2.7638e-04 7.9154e-03 9.2008e-03 ] 2.1356e-12 [ 6.0207e-29 3.1166e-22 1.0629e-21 1.8376e-23 1.3215e-22 2.1769e-14 2.1139e-12 ] 9.8261e-01
 1.541e+01 1.6781e-02 1.6781e-02 [ 1.6333e-06 2.5149e-04 7.5785e-03 8.9494e-03 ] 1.7332e-12 [ 2.9344e-29 1.8338e-22 6.5356e-22 1.1698e-23 9.7304e-23 1.7479e-14 1.7157e-12 ] 9.8322e-01
 1.553e+01 1.6179e-02 1.6179e-02 [ 1.3878e-06 2.2855e-04 7.2498e-03 8.6993e-03 ] 1.4063e-12 [ 1.4259e-29 1.0764e-22 4.0106e-22 7.4358e-24 7.1821e-23 1.4031e-14 1.3922e-12 ] 9.8382e-01
 1.564e+01 1.5589e-02 1.5589e-02 [ 1.1773e-06 2.0744e-04 6.9295e-03 8.4507e-03 ] 1.1407e-12 [ 6.9071e-30 6.3024e-23 2.4563e-22 4.7199e-24 5.3123e-23 1.1260e-14 1.1294e-12 ] 9.8441e-01
 1.575e+01 1.5010e-02 1.5010e-02 [ 9.9714e-07 1.8804e-04 6.6175e-03 8.2038e-03 ] 9.2504e-13 [ 3.3358e-30 3.6812e-23 1.5014e-22 2.9917e-24 3.9362e-23 9.0345e-15 9.1601e-13 ] 9.8499e-01
 1.587e+01 1.4444e-02 1.4444e-02 [ 8.4316e-07 1.7023e-04 6.3142e-03 7.9590e-03 ] 7.4996e-13 [ 1.6061e-30 2.1450e-23 9.1590e-23 1.8936e-24 2.9210e-23 7.2470e-15 7.4271e-13 ] 9.8556e-01
 1.598e+01 1.3890e-02 1.3890e-02 [ 7.1181e-07 1.5391e-04 6.0194e-03 7.7163e-03 ] 6.0785e-13 [ 7.7100e-31 1.2468e-23 5.5765e-23 1.1968e-24 2.1704e-23 5.8119e-15 6.0204e-13 ] 9.8611e-01
 1.609e+01 1.3349e-02 1.3349e-02 [ 5.9994e-07 1.3897e-04 5.7334e-03 7.4761e-03 ] 4.9254e-13 [ 3.6899e-31 7.2295e-24 3.3886e-23 7.5537e-25 1.6144e-23 4.6599e-15 4.8788e-13 ] 9.8665e-01
 1.621e+01 1.2820e-02 1.2820e-02 [ 5.0484e-07 1.2532e-04 5.4562e-03 7.2385e-03 ] 3.9900e-13 [ 1.7607e-31 4.1818e-24 2.0551e-23 4.7607e-25 1.2019e-23 3.7354e-15 3.9527e-13 ] 9.8718e-01
 1.632e+01 1.2305e-02 1.2305e-02 [ 4.2413e-07 1.1286e-04 5.1878e-03 7.0037e-03 ] 3.2314e-13 [ 8.3763e-32 2.4130e-24 1.2439e-23 2.9963e-25 8.9557e-24 2.9936e-15 3.2015e-13 ] 9.8770e-01
 1.643e+01 1.1802e-02 1.1802e-02 [ 3.5575e-07 1.0151e-04 4.9282e-03 6.7719e-03 ] 2.6164e-13 [ 3.9731e-32 1.3889e-24 7.5148e-24 1.8832e-25 6.6775e-24 2.3986e-15 2.5924e-13 ] 9.8820e-01
 1.655e+01 1.1312e-02 1.1312e-02 [ 2.9791e-07 9.1175e-05 4.6773e-03 6.5434e-03 ] 2.1178e-13 [ 1.8790e-32 7.9753e-25 4.5310e-24 1.1819e-25 4.9818e-24 1.9214e-15 2.0986e-13 ] 9.8869e-01
 1.666e+01 1.0836e-02 1.0836e-02 [ 2.4908e-07 8.1787e-05 4.4353e-03 6.3182e-03 ] 1.7138e-13 [ 8.8601e-33 4.5682e-25 2.7267e-24 7.4084e-26 3.7186e-24 1.5388e-15 1.6984e-13 ] 9.8916e-01
 1.677e+01 1.0372e-02 1.0372e-02 [ 2.0791e-07 7.3268e-05 4.2020e-03 6.0966e-03 ] 1.3865e-13 [ 4.1656e-33 2.6103e-25 1.6377e-24 4.6374e-26 2.7770e-24 1.2321e-15 1.3742e-13 ] 9.8963e-01
 1.689e+01 9.9218e-03 9.9218e-03 [ 1.7327e-07 6.5549e-05 3.9774e-03 5.8787e-03 ] 1.1214e-13 [ 1.9528e-33 1.4878e-25 9.8173e-25 2.8992e-26 2.0747e-24 9.8633e-16 1.1116e-13 ] 9.9008e-01
 1.700e+01 9.4846e-03 9.4846e-03 [ 1.4417e-07 5.8565e-05 3.7613e-03 5.6646e-03 ] 9.0677e-14 [ 9.1280e-34 8.4598e-26 5.8738e-25 1.8102e-26 1.5505e-24 7.8940e-16 8.9887e-14 ] 9.9052e-01
 1.711e+01 9.0606e-03 9.0606e-03 [ 1.1977e-07 5.2255e-05 3.5538e-03 5.4545e-03 ] 7.3301e-14 [ 4.2544e-34 4.7984e-26 3.5077e-25 1.1289e-26 1.1592e-24 6.3164e-16 7.2670e-14 ] 9.9094e-01
 1.723e+01 8.6498e-03 8.6498e-03 [ 9.9335e-08 4.6563e-05 3.3547e-03 5.2484e-03 ] 5.9239e-14 [ 1.9772e-34 2.7149e-26 2.0907e-25 7.0322e-27 8.6687e-25 5.0531e-16 5.8734e-14 ] 9.9135e-01
 1.734e+01 8.2519e-03 8.2519e-03 [ 8.2258e-08 4.1435e-05 3.1638e-03 5.0467e-03 ] 4.7863e-14 [ 9.1629e-35 1.5323e-26 1.2437e-25 4.3758e-27 6.4845e-25 4.0415e-16 4.7458e-14 ] 9.9175e-01
 1.745e+01 7.8671e-03 7.8671e-03 [ 6.8008e-08 3.6822e-05 2.9810e-03 4.8492e-03 ] 3.8660e-14 [ 4.2343e-35 8.6273e-27 7.3849e-26 2.7202e-27 4.8519e-25 3.2317e-16 3.8337e-14 ] 9.9213e-01
 1.757e+01 7.4951e-03 7.4951e-03 [ 5.6138e-08 3.2678e-05 2.8062e-03 4.6561e-03 ] 3.1219e-14 [ 1.9512e-35 4.8454e-27 4.3766e-26 1.6894e-27 3.6313e-25 2.5836e-16 3.0961e-14 ] 9.9250e-01
 1.768e+01 7.1358e-03 7.1358e-03 [ 4.6267e-08 2.8962e-05 2.6392e-03 4.4675e-03 ] 2.5204e-14 [ 8.9659e-36 2.7146e-27 2.5889e-26 1.0485e-27 2.7183e-25 2.0650e-16 2.4997e-14 ] 9.9286e-01
 1.779e+01 6.7891e-03 6.7891e-03 [ 3.8071e-08 2.5634e-05 2.4799e-03 4.2835e-03 ] 2.0342e-14 [ 4.1084e-36 1.5171e-27 1.5286e-26 6.5027e-28 2.0353e-25 1.6502e-16 2.0177e-14 ] 9.9321e-01
 1.791e+01 6.4549e-03 6.4549e-03 [ 3.1278e-08 2.2657e-05 2.3280e-03 4.1042e-03 ] 1.6413e-14 [ 1.8774e-36 8.4572e-28 9.0082e-27 4.0313e-28 1.5243e-25 1.3184e-16 1.6281e-14 ] 9.9355e-01
 1.802e+01 6.1329e-03 6.1329e-03 [ 2.5657e-08 1.9999e-05 2.1834e-03 3.9295e-03 ] 1.3240e-14 [ 8.5553e-37 4.7030e-28 5.2989e-27 2.4985e-28 1.1417e-25 1.0530e-16 1.3135e-14 ] 9.9387e-01
 1.813e+01 5.8231e-03 5.8231e-03 [ 2.1013e-08 1.7629e-05 2.0460e-03 3.7595e-03 ] 1.0678e-14 [ 3.8880e-37 2.6088e-28 3.1113e-27 1.5485e-28 8.5538e-26 8.4094e-17 1.0593e-14 ] 9.9418e-01
 1.825e+01 5.5251e-03 5.5251e-03 [ 1.7183e-08 1.5519e-05 1.9153e-03 3.5942e-03 ] 8.6087e-15 [ 1.7621e-37 1.4436e-28 1.8234e-27 9.6004e-29 6.4095e-26 6.7141e-17 8.5415e-15 ] 9.9447e-01
 1.836e+01 5.2388e-03 5.2388e-03 [ 1.4029e-08 1.3643e-05 1.7914e-03 3.4337e-03 ] 6.9388e-15 [ 7.9642e-38 7.9679e-29 1.0667e-27 5.9559e-29 4.8036e-26 5.3594e-17 6.8852e-15 ] 9.9476e-01
 1.847e+01 4.9639e-03 4.9639e-03 [ 1.1437e-08 1.1977e-05 1.6739e-03 3.2780e-03 ] 5.5914e-15 [ 3.5900e-38 4.3870e-29 6.2287e-28 3.6989e-29 3.6006e-26 4.2771e-17 5.5486e-15 ] 9.9504e-01
 1.859e+01 4.7003e-03 4.7003e-03 [ 9.3087e-09 1.0501e-05 1.5627e-03 3.1271e-03 ] 4.5045e-15 [ 1.6139e-38 2.4094e-29 3.6306e-28 2.3008e-29 2.6993e-26 3.4126e-17 4.4703e-15 ] 9.9530e-01
 1.870e+01 4.4477e-03 4.4477e-03 [ 7.5652e-09 9.1938e-06 1.4575e-03 2.9809e-03 ] 3.6278e-15 [ 7.2362e-39 1.3200e-29 2.1124e-28 1.4341e-29 2.0240e-26 2.7222e-17 3.6006e-15 ] 9.9555e-01
 1.881e+01 4.2057e-03 4.2057e-03 [ 6.1388e-09 8.0387e-06 1.3582e-03 2.8395e-03 ] 2.9211e-15 [ 3.2359e-39 7.2137e-30 1.2269e-28 8.9644e-30 1.5178e-26 2.1710e-17 2.8993e-15 ] 9.9579e-01
 1.893e+01 3.9743e-03 3.9743e-03 [ 4.9738e-09 7.0191e-06 1.2644e-03 2.7028e-03 ] 2.3513e-15 [ 1.4432e-39 3.9324e-30 7.1129e-29 5.6230e-30 1.1383e-26 1.7310e-17 2.3340e-15 ] 9.9603e-01
 1.904e+01 3.7530e-03 3.7530e-03 [ 4.0237e-09 6.1207e-06 1.1760e-03 2.5708e-03 ] 1.8923e-15 [ 6.4199e-40 2.1383e-30 4.1165e-29 3.5423e-30 8.5383e-27 1.3799e-17 1.8785e-15 ] 9.9625e-01
 1.915e+01 3.5416e-03 3.5416e-03 [ 3.2502e-09 5.3300e-06 1.0928e-03 2.4435e-03 ] 1.5224e-15 [ 2.8484e-40 1.1598e-30 2.3782e-29 2.2432e-30 6.4052e-27 1.0998e-17 1.5114e-15 ] 9.9646e-01
 1.927e+01 3.3399e-03 3.3399e-03 [ 2.6215e-09 4.6352e-06 1.0146e-03 2.3207e-03 ] 1.2245e-15 [ 1.2605e-40 6.2753e-31 1.3716e-29 1.4292e-30 4.8056e-27 8.7632e-18 1.2157e-15 ] 9.9666e-01
 1.938e+01 3.1476e-03 3.1476e-03 [ 2.1112e-09 4.0256e-06 9.4105e-04 2.2025e-03 ] 9.8465e-16 [ 5.5639e-41 3.3868e-31 7.8967e-30 9.1703e-31 3.6057e-27 6.9810e-18 9.7767e-16 ] 9.9685e-01
 1.949e+01 2.9643e-03 2.9643e-03 [ 1.6977e-09 3.4914e-06 8.7206e-04 2.0888e-03 ] 7.9157e-16 [ 2.4497e-41 1.8233e-31 4.5386e-30 5.9310e-31 2.7057e-27 5.5600e-18 7.8601e-16 ] 9.9704e-01
 1.961e+01 2.7899e-03 2.7899e-03 [ 1.3632e-09 3.0241e-06 8.0738e-04 1.9795e-03 ] 6.3619e-16 [ 1.0758e-41 9.7916e-32 2.6041e-30 3.8699e-31 2.0305e-27 4.4273e-18 6.3176e-16 ] 9.9721e-01
 1.972e+01 2.6239e-03 2.6239e-03 [ 1.0930e-09 2.6158e-06 7.4681e-04 1.8745e-03 ] 5.1117e-16 [ 4.7126e-42 5.2451e-32 1.4916e-30 2.5492e-31 1.5240e-27 3.5245e-18 5.0765e-16 ] 9.9738e-01
 1.983e+01 2.4662e-03 2.4662e-03 [ 8.7501e-10 2.2596e-06 6.9015e-04 1.7738e-03 ] 4.1061e-16 [ 2.0592e-42 2.8027e-32 8.5298e-31 1.6962e-31 1.1438e-27 2.8051e-18 4.0781e-16 ] 9.9753e-01
 1.995e+01 2.3164e-03 2.3164e-03 [ 6.9950e-10 1.9493e-06 6.3721e-04 1.6772e-03 ] 3.2975e-16 [ 8.9755e-43 1.4939e-32 4.8696e-31 1.1404e-31 8.5856e-28 2.2321e-18 3.2752e-16 ] 9.9768e-01
 2.006e+01 2.1742e-03 2.1742e-03 [ 5.5838e-10 1.6794e-06 5.8780e-04 1.5847e-03 ] 2.6475e-16 [ 3.9025e-43 7.9427e-33 2.7755e-31 7.7480e-32 6.4447e-28 1.7757e-18 2.6297e-16 ] 9.9783e-01
 2.017e+01 2.0394e-03 2.0394e-03 [ 4.4509e-10 1.4449e-06 5.4172e-04 1.4963e-03 ] 2.1250e-16 [ 1.6926e-43 4.2125e-33 1.5793e-31 5.3187e-32 4.8379e-28 1.4123e-18 2.1109e-16 ] 9.9796e-01
 2.029e+01 1.9117e-03 1.9117e-03 [ 3.5427e-10 1.2416e-06 4.9880e-04 1.4117e-03 ] 1.7052e-16 [ 7.3235e-44 2.2286e-33 8.9723e-32 3.6875e-32 3.6318e-28 1.1230e-18 1.6940e-16 ] 9.9809e-01
 2.040e+01 1.7909e-03 1.7909e-03 [ 2.8158e-10 1.0654e-06 4.5887e-04 1.3309e-03 ] 1.3680e-16 [ 3.1610e-44 1.1761e-33 5.0891e-32 2.5806e-32 2.7265e-28 8.9273e-19 1.3591e-16 ] 9.9821e-01
 2.051e+01 1.6765e-03 1.6765e-03 [ 2.2348e-10 9.1306e-07 4.2175e-04 1.2538e-03 ] 1.0972e-16 [ 1.3611e-44 6.1913e-34 2.8819e-32 1.8216e-32 2.0468e-28 7.0952e-19 1.0901e-16 ] 9.9832e-01
 2.063e+01 1.5684e-03 1.5684e-03 [ 1.7712e-10 7.8146e-07 3.8729e-04 1.1804e-03 ] 8.7974e-17 [ 5.8465e-45 3.2512e-34 1.6295e-32 1.2960e-32 1.5366e-28 5.6377e-19 8.7411e-17 ] 9.9843e-01
 2.074e+01 1.4664e-03 1.4664e-03 [ 1.4018e-10 6.6796e-07 3.5533e-04 1.1104e-03 ] 7.0523e-17 [ 2.5054e-45 1.7030e-34 9.1986e-33 9.2852e-33 1.1536e-28 4.4785e-19 7.0075e-17 ] 9.9853e-01
 2.085e+01 1.3700e-03 1.3700e-03 [ 1.1079e-10 5.7020e-07 3.2571e-04 1.0438e-03 ] 5.6518e-17 [ 1.0711e-45 8.8987e-35 5.1848e-33 6.6932e-33 8.6604e-29 3.5568e-19 5.6163e-17 ] 9.9863e-01
 2.097e+01 1.2792e-03 1.2792e-03 [ 8.7440e-11 4.8612e-07 2.9829e-04 9.8042e-04 ] 4.5283e-17 [ 4.5684e-46 4.6383e-35 2.9180e-33 4.8504e-33 6.5015e-29 2.8241e-19 4.5001e-17 ] 9.9872e-01
 2.108e+01 1.1936e-03 1.1936e-03 [ 6.8915e-11 4.1390e-07 2.7294e-04 9.2026e-04 ] 3.6273e-17 [ 1.9439e-46 2.4117e-35 1.6397e-33 3.5310e-33 4.8807e-29 2.2418e-19 3.6048e-17 ] 9.9881e-01
 2.119e+01 1.1130e-03 1.1130e-03 [ 5.4240e-11 3.5195e-07 2.4953e-04 8.6315e-04 ] 2.9047e-17 [ 8.2526e-47 1.2509e-35 9.2002e-34 2.5804e-33 3.6639e-29 1.7790e-19 2.8870e-17 ] 9.9889e-01
 2.131e+01 1.0372e-03 1.0372e-03 [ 4.2632e-11 2.9890e-07 2.2792e-04 8.0900e-04 ] 2.3256e-17 [ 3.4954e-47 6.4723e-36 5.1544e-34 1.8918e-33 2.7503e-29 1.4115e-19 2.3115e-17 ] 9.9896e-01
 2.142e+01 9.6595e-04 9.6595e-04 [ 3.3462e-11 2.5351e-07 2.0800e-04 7.5770e-04 ] 1.8614e-17 [ 1.4771e-47 3.3406e-36 2.8835e-34 1.3908e-33 2.0644e-29 1.1196e-19 1.8502e-17 ] 9.9903e-01
 2.153e+01 8.9899e-04 8.9899e-04 [ 2.6230e-11 2.1475e-07 1.8965e-04 7.0913e-04 ] 1.4895e-17 [ 6.2278e-48 1.7200e-36 1.6107e-34 1.0247e-33 1.5495e-29 8.8781e-20 1.4806e-17 ] 9.9910e-01
 2.165e+01 8.3615e-04 8.3615e-04 [ 2.0533e-11 1.8168e-07 1.7277e-04 6.6319e-04 ] 1.1916e-17 [ 2.6199e-48 8.8346e-37 8.9846e-35 7.5641e-34 1.1630e-29 7.0383e-20 1.1846e-17 ] 9.9916e-01
 2.176e+01 7.7720e-04 7.7720e-04 [ 1.6051e-11 1.5351e-07 1.5726e-04 6.1978e-04 ] 9.5306e-18 [ 1.0996e-48 4.5267e-37 5.0044e-35 5.5921e-34 8.7280e-30 5.5784e-20 9.4749e-18 ] 9.9922e-01
 2.187e+01 7.2194e-04 7.2194e-04 [ 1.2532e-11 1.2955e-07 1.4302e-04 5.7879e-04 ] 7.6208e-18 [ 4.6051e-49 2.3138e-37 2.7834e-35 4.1395e-34 6.5499e-30 4.4200e-20 7.5766e-18 ] 9.9928e-01
 2.199e+01 6.7019e-04 6.7019e-04 [ 9.7710e-12 1.0919e-07 1.2995e-04 5.4013e-04 ] 6.0921e-18 [ 1.9243e-49 1.1798e-37 1.5459e-35 3.0674e-34 4.9149e-30 3.5013e-20 6.0571e-18 ] 9.9933e-01
 2.210e+01 6.2175e-04 6.2175e-04 [ 7.6084e-12 9.1912e-08 1.1798e-04 5.0368e-04 ] 4.8689e-18 [ 8.0232e-50 6.0016e-38 8.5743e-36 2.2748e-34 3.6878e-30 2.7728e-20 4.8412e-18 ] 9.9938e-01
 2.221e+01 5.7645e-04 5.7645e-04 [ 5.9168e-12 7.7275e-08 1.0701e-04 4.6936e-04 ] 3.8904e-18 [ 3.3379e-50 3.0456e-38 4.7490e-36 1.6883e-34 2.7668e-30 2.1952e-20 3.8684e-18 ] 9.9942e-01
 2.233e+01 5.3411e-04 5.3411e-04 [ 4.5954e-12 6.4889e-08 9.6989e-05 4.3706e-04 ] 3.1077e-18 [ 1.3856e-50 1.5418e-38 2.6266e-36 1.2537e-34 2.0757e-30 1.7375e-20 3.0903e-18 ] 9.9947e-01
 2.244e+01 4.9458e-04 4.9458e-04 [ 3.5645e-12 5.4422e-08 8.7828e-05 4.0669e-04 ] 2.4819e-18 [ 5.7396e-51 7.7869e-39 1.4508e-36 9.3136e-35 1.5570e-30 1.3748e-20 2.4681e-18 ] 9.9951e-01
 2.255e+01 4.5768e-04 4.5768e-04 [ 2.7614e-12 4.5587e-08 7.9465e-05 3.7817e-04 ] 1.9816e-18 [ 2.3724e-51 3.9234e-39 8.0025e-37 6.9219e-35 1.1678e-30 1.0875e-20 1.9707e-18 ] 9.9954e-01
 2.267e+01 4.2327e-04 4.2327e-04 [ 2.1365e-12 3.8140e-08 7.1838e-05 3.5139e-04 ] 1.5818e-18 [ 9.7851e-52 1.9721e-39 4.4081e-37 5.1460e-35 8.7585e-31 8.6004e-21 1.5732e-18 ] 9.9958e-01
 2.278e+01 3.9120e-04 3.9120e-04 [ 1.6510e-12 3.1872e-08 6.4888e-05 3.2628e-04 ] 1.2624e-18 [ 4.0273e-52 9.8895e-40 2.4249e-37 3.8268e-35 6.5679e-31 6.7993e-21 1.2556e-18 ] 9.9961e-01
 2.289e+01 3.6134e-04 3.6134e-04 [ 1.2742e-12 2.6602e-08 5.8562e-05 3.0275e-04 ] 1.0072e-18 [ 1.6541e-52 4.9476e-40 1.3322e-37 2.8463e-35 4.9247e-31 5.3739e-21 1.0018e-18 ] 9.9964e-01
 2.301e+01 3.3355e-04 3.3355e-04 [ 9.8217e-13 2.2176e-08 5.2809e-05 2.8072e-04 ] 8.0338e-19 [ 6.7794e-53 2.4695e-40 7.3091e-38 2.1175e-35 3.6922e-31 4.2460e-21 7.9913e-19 ] 9.9967e-01
 2.312e+01 3.0771e-04 3.0771e-04 [ 7.5616e-13 1.8465e-08 4.7581e-05 2.6011e-04 ] 6.4067e-19 [ 2.7728e-53 1.2297e-40 4.0049e-38 1.5755e-35 2.7678e-31 3.3538e-21 6.3732e-19 ] 9.9969e-01
 2.323e+01 2.8370e-04 2.8370e-04 [ 5.8144e-13 1.5357e-08 4.2836e-05 2.4084e-04 ] 5.1079e-19 [ 1.1317e-53 6.1093e-41 2.1915e-38 1.1724e-35 2.0746e-31 2.6483e-21 5.0814e-19 ] 9.9972e-01
 2.335e+01 2.6139e-04 2.6139e-04 [ 4.4656e-13 1.2757e-08 3.8532e-05 2.2285e-04 ] 4.0714e-19 [ 4.6098e-54 3.0281e-41 1.1977e-38 8.7249e-36 1.5549e-31 2.0906e-21 4.0505e-19 ] 9.9974e-01
 2.346e+01 2.4070e-04 2.4070e-04 [ 3.4255e-13 1.0585e-08 3.4633e-05 2.0605e-04 ] 3.2445e-19 [ 1.8738e-54 1.4975e-41 6.5368e-39 6.4937e-36 1.1652e-31 1.6498e-21 3.2280e-19 ] 9.9976e-01
 2.357e+01 2.2151e-04 2.2151e-04 [ 2.6246e-13 8.7726e-09 3.1102e-05 1.9039e-04 ] 2.5849e-19 [ 7.6016e-55 7.3885e-42 3.5632e-39 4.8334e-36 8.7304e-32 1.3016e-21 2.5719e-19 ] 9.9978e-01
 2.369e+01 2.0372e-04 2.0372e-04 [ 2.0085e-13 7.2622e-09 2.7909e-05 1.7580e-04 ] 2.0590e-19 [ 3.0775e-55 3.6372e-42 1.9398e-39 3.5978e-36 6.5407e-32 1.0265e-21 2.0487e-19 ] 9.9980e-01
 2.380e+01 1.8725e-04 1.8725e-04 [ 1.5353e-13 6.0049e-09 2.5024e-05 1.6222e-04 ] 1.6396e-19 [ 1.2434e-55 1.7864e-42 1.0547e-39 2.6782e-36 4.8995e-32 8.0930e-22 1.6315e-19 ] 9.9981e-01
 2.391e+01 1.7200e-04 1.7200e-04 [ 1.1722e-13 4.9596e-09 2.2419e-05 1.4958e-04 ] 1.3054e-19 [ 5.0141e-56 8.7543e-43 5.7269e-40 1.9938e-36 3.6697e-32 6.3786e-22 1.2990e-19 ] 9.9983e-01
 2.403e+01 1.5790e-04 1.5790e-04 [ 8.9394e-14 4.0916e-09 2.0069e-05 1.3783e-04 ] 1.0390e-19 [ 2.0179e-56 4.2804e-43 3.1059e-40 1.4843e-36 2.7482e-32 5.0257e-22 1.0340e-19 ] 9.9984e-01
 2.414e+01 1.4487e-04 1.4487e-04 [ 6.8095e-14 3.3718e-09 1.7951e-05 1.2692e-04 ] 8.2681e-20 [ 8.1051e-57 2.0883e-43 1.6823e-40 1.1050e-36 2.0578e-32 3.9585e-22 8.2285e-20 ] 9.9986e-01
 2.425e+01 1.3283e-04 1.3283e-04 [ 5.1813e-14 2.7755e-09 1.6044e-05 1.1679e-04 ] 6.5779e-20 [ 3.2491e-57 1.0165e-43 9.1004e-41 8.2265e-37 1.5407e-32 3.1169e-22 6.5467e-20 ] 9.9987e-01
 2.437e+01 1.2173e-04 1.2173e-04 [ 3.9379e-14 2.2821e-09 1.4328e-05 1.0740e-04 ] 5.2320e-20 [ 1.3000e-57 4.9373e-44 4.9168e-41 6.1246e-37 1.1533e-32 2.4534e-22 5.2075e-20 ] 9.9988e-01
 2.448e+01 1.1148e-04 1.1148e-04 [ 2.9895e-14 1.8743e-09 1.2786e-05 9.8691e-05 ] 4.1605e-20 [ 5.1912e-58 2.3928e-44 2.6532e-41 4.5597e-37 8.6325e-33 1.9305e-22 4.1412e-20 ] 9.9989e-01
 2.459e+01 1.0203e-04 1.0203e-04 [ 2.2671e-14 1.5377e-09 1.1401e-05 9.0631e-05 ] 3.3077e-20 [ 2.0691e-58 1.1571e-44 1.4299e-41 3.3947e-37 6.4605e-33 1.5185e-22 3.2925e-20 ] 9.9990e-01
 2.471e+01 9.3333e-05 9.3333e-05 [ 1.7173e-14 1.2602e-09 1.0157e-05 8.3174e-05 ] 2.6291e-20 [ 8.2312e-59 5.5836e-45 7.6967e-42 2.5274e-37 4.8343e-33 1.1940e-22 2.6171e-20 ] 9.9991e-01
 2.482e+01 8.5323e-05 8.5323e-05 [ 1.2994e-14 1.0317e-09 9.0429e-06 7.6279e-05 ] 2.0892e-20 [ 3.2683e-59 2.6885e-45 4.1378e-42 1.8817e-37 3.6170e-33 9.3856e-23 2.0798e-20 ] 9.9991e-01
 2.493e+01 7.7954e-05 7.7954e-05 [ 9.8219e-15 8.4365e-10 8.0444e-06 6.9909e-05 ] 1.6598e-20 [ 1.2953e-59 1.2917e-45 2.2217e-42 1.4009e-37 2.7058e-33 7.3750e-23 1.6524e-20 ] 9.9992e-01
 2.505e+01 7.1180e-05 7.1180e-05 [ 7.4160e-15 6.8916e-10 7.1507e-06 6.4028e-05 ] 1.3183e-20 [ 5.1242e-60 6.1930e-46 1.1914e-42 1.0429e-37 2.0239e-33 5.7931e-23 1.3125e-20 ] 9.9993e-01
 2.516e+01 6.4955e-05 6.4955e-05 [ 5.5935e-15 5.6237e-10 6.3514e-06 5.8603e-05 ] 1.0468e-20 [ 2.0233e-60 2.9629e-46 6.3815e-43 7.7645e-38 1.5137e-33 4.5489e-23 1.0423e-20 ] 9.9994e-01
 2.527e+01 5.9240e-05 5.9240e-05 [ 4.2144e-15 4.5842e-10 5.6371e-06 5.3603e-05 ] 8.3109e-21 [ 7.9747e-61 1.4145e-46 3.4138e-43 5.7805e-38 1.1319e-33 3.5706e-23 8.2752e-21 ] 9.9994e-01
 2.539e+01 5.3996e-05 5.3996e-05 [ 3.1720e-15 3.7329e-10 4.9994e-06 4.8996e-05 ] 6.5965e-21 [ 3.1374e-61 6.7391e-47 1.8239e-43 4.3033e-38 8.4632e-34 2.8017e-23 6.5684e-21 ] 9.9995e-01
 2.550e+01 4.9187e-05 4.9187e-05 [ 2.3849e-15 3.0365e-10 4.4304e-06 4.4757e-05 ] 5.2345e-21 [ 1.2321e-61 3.2040e-47 9.7330e-44 3.2036e-38 6.3270e-34 2.1976e-23 5.2125e-21 ] 9.9995e-01
 2.561e+01 4.4780e-05 4.4780e-05 [ 1.7913e-15 2.4675e-10 3.9233e-06 4.0857e-05 ] 4.1527e-21 [ 4.8299e-62 1.5201e-47 5.1874e-44 2.3848e-38 4.7294e-34 1.7232e-23 4.1355e-21 ] 9.9996e-01
 2.573e+01 4.0745e-05 4.0745e-05 [ 1.3441e-15 2.0030e-10 3.4716e-06 3.7273e-05 ] 3.2937e-21 [ 1.8900e-62 7.1973e-48 2.7614e-44 1.7753e-38 3.5347e-34 1.3506e-23 3.2802e-21 ] 9.9996e-01
 2.584e+01 3.7051e-05 3.7051e-05 [ 1.0075e-15 1.6243e-10 3.0696e-06 3.3981e-05 ] 2.6118e-21 [ 7.3827e-63 3.4008e-48 1.4681e-44 1.3215e-38 2.6415e-34 1.0582e-23 2.6012e-21 ] 9.9996e-01
 2.595e+01 3.3672e-05 3.3672e-05 [ 7.5442e-16 1.3159e-10 2.7121e-06 3.0960e-05 ] 2.0705e-21 [ 2.8787e-63 1.6036e-48 7.7957e-45 9.8372e-39 1.9738e-34 8.2885e-24 2.0623e-21 ] 9.9997e-01
 2.607e+01 3.0584e-05 3.0584e-05 [ 5.6436e-16 1.0649e-10 2.3945e-06 2.8189e-05 ] 1.6411e-21 [ 1.1206e-63 7.5468e-49 4.1345e-45 7.3223e-39 1.4746e-34 6.4894e-24 1.6346e-21 ] 9.9997e-01
 2.618e+01 2.7763e-05 2.7763e-05 [ 4.2176e-16 8.6096e-11 2.1125e-06 2.5650e-05 ] 1.3004e-21 [ 4.3542e-64 3.5444e-49 2.1900e-45 5.4503e-39 1.1016e-34 5.0789e-24 1.2953e-21 ] 9.9997e-01
 2.629e+01 2.5187e-05 2.5187e-05 [ 3.1488e-16 6.9537e-11 1.8624e-06 2.3324e-05 ] 1.0302e-21 [ 1.6890e-64 1.6614e-49 1.1586e-45 4.0567e-39 8.2279e-35 3.9735e-24 1.0262e-21 ] 9.9997e-01
 2.641e+01 2.2837e-05 2.2837e-05 [ 2.3486e-16 5.6107e-11 1.6407e-06 2.1196e-05 ] 8.1589e-22 [ 6.5408e-65 7.7721e-50 6.1222e-46 3.0194e-39 6.1449e-35 3.1075e-24 8.1279e-22 ] 9.9998e-01
 2.652e+01 2.0694e-05 2.0694e-05 [ 1.7500e-16 4.5226e-11 1.4443e-06 1.9250e-05 ] 6.4604e-22 [ 2.5286e-65 3.6287e-50 3.2309e-46 2.2472e-39 4.5887e-35 2.4293e-24 6.4361e-22 ] 9.9998e-01
 2.663e+01 1.8742e-05 1.8742e-05 [ 1.3028e-16 3.6420e-11 1.2705e-06 1.7471e-05 ] 5.1142e-22 [ 9.7590e-66 1.6909e-50 1.7030e-46 1.6725e-39 3.4262e-35 1.8985e-24 5.0952e-22 ] 9.9998e-01
 2.675e+01 1.6964e-05 1.6964e-05 [ 9.6890e-17 2.9300e-11 1.1168e-06 1.5847e-05 ] 4.0475e-22 [ 3.7601e-66 7.8641e-51 8.9654e-47 1.2447e-39 2.5579e-35 1.4830e-24 4.0327e-22 ] 9.9998e-01
 2.686e+01 1.5346e-05 1.5346e-05 [ 7.1991e-17 2.3549e-11 9.8098e-07 1.4365e-05 ] 3.2025e-22 [ 1.4464e-66 3.6505e-51 4.7139e-47 9.2628e-40 1.9094e-35 1.1580e-24 3.1910e-22 ] 9.9998e-01
 2.697e+01 1.3874e-05 1.3874e-05 [ 5.3440e-17 1.8908e-11 8.6107e-07 1.3013e-05 ] 2.5333e-22 [ 5.5544e-67 1.6913e-51 2.4755e-47 6.8930e-40 1.4252e-35 9.0392e-25 2.5243e-22 ] 9.9999e-01
 2.709e+01 1.2536e-05 1.2536e-05 [ 3.9632e-17 1.5168e-11 7.5528e-07 1.1781e-05 ] 2.0035e-22 [ 2.1296e-67 7.8211e-52 1.2984e-47 5.1293e-40 1.0636e-35 7.0530e-25 1.9964e-22 ] 9.9999e-01
 2.720e+01 1.1321e-05 1.1321e-05 [ 2.9365e-17 1.2156e-11 6.6201e-07 1.0659e-05 ] 1.5840e-22 [ 8.1514e-68 3.6099e-52 6.8015e-48 3.8168e-40 7.9371e-36 5.5011e-25 1.5785e-22 ] 9.9999e-01
 2.731e+01 1.0218e-05 1.0218e-05 [ 2.1738e-17 9.7325e-12 5.7984e-07 9.6378e-06 ] 1.2521e-22 [ 3.1152e-68 1.6631e-52 3.5586e-48 2.8400e-40 5.9223e-36 4.2891e-25 1.2478e-22 ] 9.9999e-01
 2.743e+01 9.2166e-06 9.2166e-06 [ 1.6077e-17 7.7850e-12 5.0752e-07 8.7090e-06 ] 9.8946e-23 [ 1.1886e-68 7.6478e-53 1.8595e-48 2.1131e-40 4.4184e-36 3.3427e-25 9.8611e-23 ] 9.9999e-01
 2.754e+01 8.3089e-06 8.3089e-06 [ 1.1879e-17 6.2214e-12 4.4390e-07 7.8650e-06 ] 7.8171e-23 [ 4.5279e-69 3.5104e-53 9.7049e-49 1.5722e-40 3.2961e-36 2.6042e-25 7.7911e-23 ] 9.9999e-01
 2.765e+01 7.4863e-06 7.4863e-06 [ 8.7700e-18 4.9672e-12 3.8799e-07 7.0983e-06 ] 6.1743e-23 [ 1.7222e-69 1.6084e-53 5.0588e-49 1.1697e-40 2.4586e-36 2.0280e-25 6.1540e-23 ] 9.9999e-01
 2.777e+01 6.7414e-06 6.7414e-06 [ 6.4686e-18 3.9622e-12 3.3888e-07 6.4025e-06 ] 4.8754e-23 [ 6.5400e-70 7.3558e-54 2.6336e-49 8.7018e-41 1.8337e-36 1.5788e-25 4.8596e-23 ] 9.9999e-01
 2.788e+01 6.0671e-06 6.0671e-06 [ 4.7669e-18 3.1576e-12 2.9578e-07 5.7713e-06 ] 3.8488e-23 [ 2.4797e-70 3.3581e-54 1.3694e-49 6.4735e-41 1.3675e-36 1.2285e-25 3.8365e-23 ] 9.9999e-01
 2.799e+01 5.4572e-06 5.4572e-06 [ 3.5098e-18 2.5141e-12 2.5798e-07 5.1992e-06 ] 3.0376e-23 [ 9.3878e-71 1.5303e-54 7.1115e-50 4.8155e-41 1.0197e-36 9.5561e-26 3.0280e-23 ] 9.9999e-01
 2.811e+01 4.9058e-06 4.9058e-06 [ 2.5819e-18 1.9999e-12 2.2486e-07 4.6810e-06 ] 2.3967e-23 [ 3.5486e-71 6.9613e-55 3.6886e-50 3.5820e-41 7.6028e-37 7.4304e-26 2.3893e-23 ] 1.0000e+00
 2.822e+01 4.4077e-06 4.4077e-06 [ 1.8977e-18 1.5895e-12 1.9585e-07 4.2119e-06 ] 1.8905e-23 [ 1.3394e-71 3.1611e-55 1.9108e-50 2.6644e-41 5.6681e-37 5.7753e-26 1.8847e-23 ] 1.0000e+00
 2.833e+01 3.9579e-06 3.9579e-06 [ 1.3936e-18 1.2621e-12 1.7047e-07 3.7874e-06 ] 1.4908e-23 [ 5.0476e-72 1.4330e-55 9.8860e-51 1.9817e-41 4.2253e-37 4.4871e-26 1.4864e-23 ] 1.0000e+00
 2.845e+01 3.5520e-06 3.5520e-06 [ 1.0225e-18 1.0012e-12 1.4828e-07 3.4038e-06 ] 1.1754e-23 [ 1.8994e-72 6.4846e-56 5.1085e-51 1.4739e-41 3.1495e-37 3.4849e-26 1.1719e-23 ] 1.0000e+00
 2.856e+01 3.1860e-06 3.1860e-06 [ 7.4960e-19 7.9361e-13 1.2888e-07 3.0571e-06 ] 9.2637e-24 [ 7.1371e-73 2.9294e-56 2.6365e-51 1.0961e-41 2.3474e-37 2.7055e-26 9.2367e-24 ] 1.0000e+00
 2.867e+01 2.8561e-06 2.8561e-06 [ 5.4906e-19 6.2846e-13 1.1195e-07 2.7441e-06 ] 7.2994e-24 [ 2.6778e-73 1.3211e-56 1.3590e-51 8.1516e-42 1.7493e-37 2.0996e-26 7.2784e-24 ] 1.0000e+00
 2.879e+01 2.5589e-06 2.5589e-06 [ 4.0183e-19 4.9725e-13 9.7177e-08 2.4617e-06 ] 5.7499e-24 [ 1.0032e-73 5.9477e-57 6.9962e-52 6.0617e-42 1.3036e-37 1.6288e-26 5.7336e-24 ] 1.0000e+00
 2.890e+01 2.2913e-06 2.2913e-06 [ 2.9383e-19 3.9308e-13 8.4296e-08 2.2070e-06 ] 4.5281e-24 [ 3.7532e-74 2.6733e-57 3.5972e-52 4.5074e-42 9.7128e-38 1.2630e-26 4.5155e-24 ] 1.0000e+00
 2.901e+01 2.0506e-06 2.0506e-06 [ 2.1468e-19 3.1046e-13 7.3073e-08 1.9776e-06 ] 3.5650e-24 [ 1.4021e-74 1.1995e-57 1.8473e-52 3.3514e-42 7.2363e-38 9.7907e-27 3.5552e-24 ] 1.0000e+00
 2.913e+01 1.8342e-06 1.8342e-06 [ 1.5672e-19 2.4499e-13 6.3301e-08 1.7709e-06 ] 2.8059e-24 [ 5.2305e-75 5.3734e-58 9.4745e-53 2.4918e-42 5.3908e-38 7.5864e-27 2.7983e-24 ] 1.0000e+00
 2.924e+01 1.6397e-06 1.6397e-06 [ 1.1431e-19 1.9315e-13 5.4800e-08 1.5849e-06 ] 2.2078e-24 [ 1.9485e-75 2.4032e-58 4.8533e-53 1.8525e-42 4.0155e-38 5.8762e-27 2.2019e-24 ] 1.0000e+00
 2.935e+01 1.4650e-06 1.4650e-06 [ 8.3307e-20 1.5215e-13 4.7408e-08 1.4176e-06 ] 1.7367e-24 [ 7.2482e-76 1.0730e-58 2.4830e-53 1.3771e-42 2.9909e-38 4.5498e-27 1.7322e-24 ] 1.0000e+00
 2.947e+01 1.3082e-06 1.3082e-06 [ 6.0663e-20 1.1975e-13 4.0987e-08 1.2672e-06 ] 1.3657e-24 [ 2.6926e-76 4.7833e-59 1.2688e-53 1.0237e-42 2.2275e-38 3.5215e-27 1.3622e-24 ] 1.0000e+00
 2.958e+01 1.1675e-06 1.1675e-06 [ 4.4138e-20 9.4170e-14 3.5411e-08 1.1321e-06 ] 1.0737e-24 [ 9.9888e-77 2.1289e-59 6.4749e-54 7.6090e-43 1.6587e-38 2.7246e-27 1.0710e-24 ] 1.0000e+00
 2.969e+01 1.0414e-06 1.0414e-06 [ 3.2088e-20 7.3988e-14 3.0574e-08 1.0108e-06 ] 8.4385e-25 [ 3.7005e-77 9.4598e-60 3.3003e-54 5.6553e-43 1.2351e-38 2.1072e-27 8.4174e-25 ] 1.0000e+00
 2.981e+01 9.2838e-07 9.2838e-07 [ 2.3308e-20 5.8081e-14 2.6380e-08 9.0200e-07 ] 6.6302e-25 [ 1.3691e-77 4.1969e-60 1.6800e-54 4.2030e-43 9.1960e-39 1.6291e-27 6.6139e-25 ] 1.0000e+00
 2.992e+01 8.2719e-07 8.2719e-07 [ 1.6917e-20 4.5554e-14 2.2746e-08 8.0444e-07 ] 5.2078e-25 [ 5.0584e-78 1.8590e-60 8.5418e-55 3.1233e-43 6.8461e-39 1.2591e-27 5.1952e-25 ] 1.0000e+00
 3.003e+01 7.3662e-07 7.3662e-07 [ 1.2268e-20 3.5699e-14 1.9600e-08 7.1702e-07 ] 4.0893e-25 [ 1.8664e-78 8.2219e-61 4.3375e-55 2.3208e-43 5.0963e-39 9.7269e-28 4.0796e-25 ] 1.0000e+00
 3.015e+01 6.5560e-07 6.5560e-07 [ 8.8898e-21 2.7951e-14 1.6878e-08 6.3873e-07 ] 3.2101e-25 [ 6.8778e-79 3.6307e-61 2.1998e-55 1.7244e-43 3.7933e-39 7.5118e-28 3.2026e-25 ] 1.0000e+00
 3.026e+01 5.8318e-07 5.8318e-07 [ 6.4365e-21 2.1866e-14 1.4525e-08 5.6866e-07 ] 2.5192e-25 [ 2.5311e-79 1.6008e-61 1.1143e-55 1.2811e-43 2.8231e-39 5.7990e-28 2.5134e-25 ] 1.0000e+00
 3.037e+01 5.1848e-07 5.1848e-07 [ 4.6564e-21 1.7091e-14 1.2491e-08 5.0599e-07 ] 1.9763e-25 [ 9.3029e-80 7.0472e-62 5.6372e-56 9.5166e-44 2.1009e-39 4.4752e-28 1.9719e-25 ] 1.0000e+00
 3.049e+01 4.6070e-07 4.6070e-07 [ 3.3659e-21 1.3348e-14 1.0736e-08 4.4996e-07 ] 1.5500e-25 [ 3.4148e-80 3.0977e-62 2.8483e-56 7.0688e-44 1.5633e-39 3.4523e-28 1.5466e-25 ] 1.0000e+00
 3.060e+01 4.0914e-07 4.0914e-07 [ 2.4310e-21 1.0415e-14 9.2206e-09 3.9992e-07 ] 1.2153e-25 [ 1.2519e-80 1.3596e-62 1.4374e-56 5.2500e-44 1.1631e-39 2.6623e-28 1.2126e-25 ] 1.0000e+00
 3.071e+01 3.6315e-07 3.6315e-07 [ 1.7544e-21 8.1195e-15 7.9143e-09 3.5524e-07 ] 9.5252e-26 [ 4.5836e-81 5.9586e-63 7.2446e-57 3.8988e-44 8.6527e-40 2.0523e-28 9.5046e-26 ] 1.0000e+00
 3.083e+01 3.2216e-07 3.2216e-07 [ 1.2651e-21 6.3245e-15 6.7886e-09 3.1537e-07 ] 7.4634e-26 [ 1.6761e-81 2.6075e-63 3.6469e-57 2.8950e-44 6.4363e-40 1.5816e-28 7.4476e-26 ] 1.0000e+00
 3.094e+01 2.8563e-07 2.8563e-07 [ 9.1151e-22 4.9221e-15 5.8193e-09 2.7981e-07 ] 5.8461e-26 [ 6.1217e-82 1.1394e-63 1.8335e-57 2.1494e-44 4.7871e-40 1.2184e-28 5.8339e-26 ] 1.0000e+00
 3.105e+01 2.5312e-07 2.5312e-07 [ 6.5621e-22 3.8274e-15 4.9852e-09 2.4813e-07 ] 4.5778e-26 [ 2.2331e-82 4.9715e-64 9.2068e-58 1.5956e-44 3.5600e-40 9.3826e-29 4.5684e-26 ] 1.0000e+00
 3.117e+01 2.2418e-07 2.2418e-07 [ 4.7203e-22 2.9735e-15 4.2679e-09 2.1991e-07 ] 3.5835e-26 [ 8.1361e-83 2.1661e-64 4.6174e-58 1.1844e-44 2.6471e-40 7.2229e-29 3.5763e-26 ] 1.0000e+00
 3.128e+01 1.9844e-07 1.9844e-07 [ 3.3927e-22 2.3081e-15 3.6514e-09 1.9479e-07 ] 2.8043e-26 [ 2.9607e-83 9.4240e-65 2.3128e-58 8.7899e-45 1.9681e-40 5.5585e-29 2.7988e-26 ] 1.0000e+00
 3.139e+01 1.7557e-07 1.7557e-07 [ 2.4365e-22 1.7901e-15 3.1219e-09 1.7245e-07 ] 2.1938e-26 [ 1.0761e-83 4.0943e-65 1.1571e-58 6.5225e-45 1.4630e-40 4.2762e-29 2.1896e-26 ] 1.0000e+00
 3.151e+01 1.5524e-07 1.5524e-07 [ 1.7484e-22 1.3871e-15 2.6675e-09 1.5258e-07 ] 1.7157e-26 [ 3.9067e-84 1.7763e-65 5.7814e-59 4.8393e-45 1.0874e-40 3.2886e-29 1.7124e-26 ] 1.0000e+00
 3.162e+01 1.3720e-07 1.3720e-07 [ 1.2535e-22 1.0739e-15 2.2778e-09 1.3492e-07 ] 1.3413e-26 [ 1.4166e-84 7.6953e-66 2.8852e-59 3.5898e-45 8.0815e-41 2.5283e-29 1.3388e-26 ] 1.0000e+00
 3.173e+01 1.2119e-07 1.2119e-07 [ 8.9801e-23 8.3064e-16 1.9438e-09 1.1925e-07 ] 1.0483e-26 [ 5.1309e-85 3.3292e-66 1.4380e-59 2.6625e-45 6.0050e-41 1.9431e-29 1.0464e-26 ] 1.0000e+00
 3.185e+01 1.0699e-07 1.0699e-07 [ 6.4279e-23 6.4193e-16 1.6576e-09 1.0533e-07 ] 8.1902e-27 [ 1.8562e-85 1.4383e-66 7.1587e-60 1.9744e-45 4.4613e-41 1.4929e-29 8.1753e-27 ] 1.0000e+00
 3.196e+01 9.4402e-08 9.4402e-08 [ 4.5972e-23 4.9565e-16 1.4127e-09 9.2990e-08 ] 6.3968e-27 [ 6.7077e-86 6.2053e-67 3.5593e-60 1.4639e-45 3.3139e-41 1.1466e-29 6.3854e-27 ] 1.0000e+00
 3.207e+01 8.3252e-08 8.3252e-08 [ 3.2851e-23 3.8236e-16 1.2032e-09 8.2049e-08 ] 4.9945e-27 [ 2.4212e-86 2.6735e-67 1.7675e-60 1.0851e-45 2.4611e-41 8.8035e-30 4.9857e-27 ] 1.0000e+00
 3.219e+01 7.3379e-08 7.3379e-08 [ 2.3456e-23 2.9470e-16 1.0240e-09 7.2355e-08 ] 3.8983e-27 [ 8.7296e-87 1.1503e-67 8.7665e-61 8.0422e-46 1.8275e-41 6.7572e-30 3.8915e-27 ] 1.0000e+00
 3.230e+01 6.4643e-08 6.4643e-08 [ 1.6733e-23 2.2692e-16 8.7102e-10 6.3772e-08 ] 3.0417e-27 [ 3.1440e-87 4.9427e-68 4.3427e-61 5.9589e-46 1.3567e-41 5.1850e-30 3.0365e-27 ] 1.0000e+00
 3.241e+01 5.6917e-08 5.6917e-08 [ 1.1927e-23 1.7458e-16 7.4037e-10 5.6176e-08 ] 2.3725e-27 [ 1.1311e-87 2.1210e-68 2.1486e-61 4.4143e-46 1.0070e-41 3.9773e-30 2.3685e-27 ] 1.0000e+00
 3.253e+01 5.0087e-08 5.0087e-08 [ 8.4943e-24 1.3418e-16 6.2890e-10 4.9458e-08 ] 1.8499e-27 [ 4.0648e-88 9.0892e-69 1.0617e-61 3.2693e-46 7.4729e-42 3.0500e-30 1.8469e-27 ] 1.0000e+00
 3.264e+01 4.4054e-08 4.4054e-08 [ 6.0442e-24 1.0304e-16 5.3386e-10 4.3520e-08 ] 1.4420e-27 [ 1.4592e-88 3.8900e-69 5.2403e-62 2.4207e-46 5.5443e-42 2.3382e-30 1.4396e-27 ] 1.0000e+00
 3.275e+01 3.8727e-08 3.8727e-08 [ 4.2971e-24 7.9046e-17 4.5287e-10 3.8274e-08 ] 1.1236e-27 [ 5.2326e-89 1.6627e-69 2.5832e-62 1.7919e-46 4.1124e-42 1.7920e-30 1.1218e-27 ] 1.0000e+00
 3.287e+01 3.4026e-08 3.4026e-08 [ 3.0523e-24 6.0584e-17 3.8391e-10 3.3642e-08 ] 8.7524e-28 [ 1.8744e-89 7.0973e-70 1.2718e-62 1.3261e-46 3.0496e-42 1.3729e-30 8.7387e-28 ] 1.0000e+00
 3.298e+01 2.9880e-08 2.9880e-08 [ 2.1662e-24 4.6389e-17 3.2523e-10 2.9555e-08 ] 6.8154e-28 [ 6.7077e-90 3.0257e-70 6.2543e-63 9.8109e-47 2.2608e-42 1.0516e-30 6.8049e-28 ] 1.0000e+00
 3.309e+01 2.6225e-08 2.6225e-08 [ 1.5360e-24 3.5486e-17 2.7532e-10 2.5950e-08 ] 5.3053e-28 [ 2.3979e-90 1.2882e-70 3.0718e-63 7.2562e-47 1.6756e-42 8.0520e-31 5.2973e-28 ] 1.0000e+00
 3.321e+01 2.3005e-08 2.3005e-08 [ 1.0881e-24 2.7119e-17 2.3291e-10 2.2773e-08 ] 4.1284e-28 [ 8.5631e-91 5.4780e-71 1.5069e-63 5.3650e-47 1.2415e-42 6.1637e-31 4.1223e-28 ] 1.0000e+00
 3.332e+01 2.0170e-08 2.0170e-08 [ 7.7017e-25 2.0704e-17 1.9689e-10 1.9973e-08 ] 3.2115e-28 [ 3.0549e-91 2.3265e-71 7.3834e-64 3.9655e-47 9.1962e-43 4.7169e-31 3.2068e-28 ] 1.0000e+00
 3.343e+01 1.7675e-08 1.7675e-08 [ 5.4461e-25 1.5790e-17 1.6632e-10 1.7509e-08 ] 2.4974e-28 [ 1.0888e-91 9.8680e-72 3.6132e-64 2.9300e-47 6.8096e-43 3.6086e-31 2.4938e-28 ] 1.0000e+00
 3.355e+01 1.5481e-08 1.5481e-08 [ 3.8475e-25 1.2031e-17 1.4040e-10 1.5340e-08 ] 1.9415e-28 [ 3.8764e-92 4.1804e-72 1.7661e-64 2.1641e-47 5.0406e-43 2.7600e-31 1.9387e-28 ] 1.0000e+00
 3.366e+01 1.3552e-08 1.3552e-08 [ 2.7156e-25 9.1571e-18 1.1842e-10 1.3433e-08 ] 1.5087e-28 [ 1.3788e-92 1.7688e-72 8.6219e-65 1.5978e-47 3.7299e-43 2.1103e-31 1.5066e-28 ] 1.0000e+00
 3.377e+01 1.1857e-08 1.1857e-08 [ 1.9149e-25 6.9624e-18 9.9811e-11 1.1757e-08 ] 1.1721e-28 [ 4.8996e-93 7.4747e-73 4.2041e-65 1.1793e-47 2.7589e-43 1.6131e-31 1.1705e-28 ] 1.0000e+00
 3.389e+01 1.0368e-08 1.0368e-08 [ 1.3490e-25 5.2882e-18 8.4059e-11 1.0284e-08 ] 9.1022e-29 [ 1.7394e-93 3.1549e-73 2.0475e-65 8.6999e-48 2.0399e-43 1.2327e-31 9.0899e-29 ] 1.0000e+00
 3.400e+01 9.0618e-09 9.0618e-09 [ 9.4938e-26 4.0122e-18 7.0736e-11 8.9911e-09 ] 7.0663e-29 [ 6.1690e-94 1.3300e-73 9.9598e-66 6.4155e-48 1.5077e-43 9.4174e-32 7.0569e-29 ] 1.0000e+00
 3.411e+01 7.9159e-09 7.9159e-09 [ 6.6749e-26 3.0408e-18 5.9477e-11 7.8564e-09 ] 5.4840e-29 [ 2.1859e-94 5.6002e-74 4.8390e-66 4.7287e-48 1.1138e-43 7.1924e-32 5.4768e-29 ] 1.0000e+00
 3.423e+01 6.9113e-09 6.9113e-09 [ 4.6882e-26 2.3020e-18 4.9967e-11 6.8613e-09 ] 4.2545e-29 [ 7.7381e-95 2.3552e-74 2.3483e-66 3.4838e-48 8.2249e-44 5.4915e-32 4.2490e-29 ] 1.0000e+00
 3.434e+01 6.0310e-09 6.0310e-09 [ 3.2895e-26 1.7408e-18 4.1942e-11 5.9890e-09 ] 3.2996e-29 [ 2.7368e-95 9.8932e-75 1.1382e-66 2.5654e-48 6.0706e-44 4.1916e-32 3.2954e-29 ] 1.0000e+00
 3.445e+01 5.2600e-09 5.2600e-09 [ 2.3057e-26 1.3149e-18 3.5175e-11 5.2249e-09 ] 2.5581e-29 [ 9.6705e-96 4.1509e-75 5.5103e-67 1.8881e-48 4.4783e-44 3.1984e-32 2.5549e-29 ] 1.0000e+00
 3.457e+01 4.5852e-09 4.5852e-09 [ 1.6144e-26 9.9202e-19 2.9472e-11 4.5557e-09 ] 1.9826e-29 [ 3.4140e-96 1.7395e-75 2.6645e-67 1.3889e-48 3.3019e-44 2.4398e-32 1.9801e-29 ] 1.0000e+00
 3.468e+01 3.9949e-09 3.9949e-09 [ 1.1292e-26 7.4754e-19 2.4671e-11 3.9702e-09 ] 1.5360e-29 [ 1.2042e-96 7.2814e-76 1.2869e-67 1.0211e-48 2.4332e-44 1.8606e-32 1.5342e-29 ] 1.0000e+00
 3.479e+01 3.4787e-09 3.4787e-09 [ 7.8892e-27 5.6264e-19 2.0632e-11 3.4580e-09 ] 1.1897e-29 [ 4.2436e-97 3.0444e-76 6.2081e-68 7.5022e-49 1.7920e-44 1.4184e-32 1.1883e-29 ] 1.0000e+00
 3.491e+01 3.0276e-09 3.0276e-09 [ 5.5058e-27 4.2295e-19 1.7237e-11 3.0103e-09 ] 9.2110e-30 [ 1.4942e-97 1.2714e-76 2.9913e-68 5.5087e-49 1.3189e-44 1.0809e-32 9.2002e-30 ] 1.0000e+00
 3.502e+01 2.6336e-09 2.6336e-09 [ 3.8380e-27 3.1754e-19 1.4385e-11 2.6192e-09 ] 7.1292e-30 [ 5.2564e-98 5.3038e-77 1.4396e-68 4.0423e-49 9.7010e-45 8.2339e-33 7.1210e-30 ] 1.0000e+00
 3.513e+01 2.2896e-09 2.2896e-09 [ 2.6724e-27 2.3809e-19 1.1992e-11 2.2776e-09 ] 5.5161e-30 [ 1.8476e-98 2.2100e-77 6.9203e-69 2.9643e-49 7.1306e-45 6.2700e-33 5.5098e-30 ] 1.0000e+00
 3.525e+01 1.9895e-09 1.9895e-09 [ 1.8585e-27 1.7829e-19 9.9864e-12 1.9795e-09 ] 4.2666e-30 [ 6.4885e-99 9.1982e-78 3.3227e-69 2.1722e-49 5.2375e-45 4.7726e-33 4.2618e-30 ] 1.0000e+00
 3.536e+01 1.7277e-09 1.7277e-09 [ 1.2909e-27 1.3333e-19 8.3063e-12 1.7194e-09 ] 3.2990e-30 [ 2.2768e-99 3.8241e-78 1.5935e-69 1.5905e-49 3.8441e-45 3.6312e-33 3.2954e-30 ] 1.0000e+00
 3.547e+01 1.4996e-09 1.4996e-09 [ 8.9555e-28 9.9565e-20 6.9005e-12 1.4927e-09 ] 2.5500e-30 [ 7.9827e-100 1.5881e-78 7.6334e-70 1.1637e-49 2.8192e-45 2.7614e-33 2.5472e-30 ] 1.0000e+00
 3.559e+01 1.3009e-09 1.3009e-09 [ 6.2048e-28 7.4248e-20 5.7253e-12 1.2952e-09 ] 1.9704e-30 [ 2.7965e-100 6.5880e-79 3.6523e-70 8.5077e-50 2.0658e-45 2.0989e-33 1.9683e-30 ] 1.0000e+00
 3.570e+01 1.1279e-09 1.1279e-09 [ 4.2933e-28 5.5288e-20 4.7441e-12 1.1231e-09 ] 1.5221e-30 [ 9.7886e-101 2.7299e-79 1.7455e-70 6.2143e-50 1.5124e-45 1.5944e-33 1.5205e-30 ] 1.0000e+00
 3.581e+01 9.7730e-10 9.7730e-10 [ 2.9666e-28 4.1108e-20 3.9256e-12 9.7337e-10 ] 1.1753e-30 [ 3.4236e-101 1.1300e-79 8.3321e-71 4.5350e-50 1.1063e-45 1.2105e-33 1.1741e-30 ] 1.0000e+00
 3.593e+01 8.4633e-10 8.4633e-10 [ 2.0470e-28 3.0518e-20 3.2437e-12 8.4309e-10 ] 9.0730e-31 [ 1.1965e-101 4.6722e-80 3.9728e-71 3.3063e-50 8.0839e-46 9.1837e-34 9.0638e-31 ] 1.0000e+00
 3.604e+01 7.3248e-10 7.3248e-10 [ 1.4105e-28 2.2620e-20 2.6762e-12 7.2981e-10 ] 7.0016e-31 [ 4.1781e-102 1.9298e-80 1.8921e-71 2.4081e-50 5.9011e-46 6.9623e-34 6.9946e-31 ] 1.0000e+00
 3.615e+01 6.3356e-10 6.3356e-10 [ 9.7040e-29 1.6738e-20 2.2045e-12 6.3135e-10 ] 5.4013e-31 [ 1.4578e-102 7.9622e-81 9.0007e-72 1.7520e-50 4.3031e-46 5.2740e-34 5.3960e-31 ] 1.0000e+00
 3.627e+01 5.4765e-10 5.4765e-10 [ 6.6660e-29 1.2365e-20 1.8130e-12 5.4584e-10 ] 4.1654e-31 [ 5.0829e-103 3.2817e-81 4.2768e-72 1.2733e-50 3.1342e-46 3.9914e-34 4.1615e-31 ] 1.0000e+00
 3.638e+01 4.7309e-10 4.7309e-10 [ 4.5718e-29 9.1185e-21 1.4884e-12 4.7160e-10 ] 3.2113e-31 [ 1.7709e-103 1.3512e-81 2.0299e-72 9.2426e-51 2.2800e-46 3.0177e-34 3.2083e-31 ] 1.0000e+00
 3.649e+01 4.0840e-10 4.0840e-10 [ 3.1302e-29 6.7121e-21 1.2197e-12 4.0718e-10 ] 2.4749e-31 [ 6.1649e-104 5.5572e-82 9.6231e-73 6.7007e-51 1.6565e-46 2.2791e-34 2.4726e-31 ] 1.0000e+00
 3.661e+01 3.5231e-10 3.5231e-10 [ 2.1395e-29 4.9313e-21 9.9762e-13 3.5131e-10 ] 1.9067e-31 [ 2.1446e-104 2.2833e-82 4.5569e-73 4.8513e-51 1.2019e-46 1.7191e-34 1.9050e-31 ] 1.0000e+00
 3.672e+01 3.0369e-10 3.0369e-10 [ 1.4597e-29 3.6159e-21 8.1434e-13 3.0288e-10 ] 1.4685e-31 [ 7.4550e-105 9.3716e-83 2.1554e-73 3.5074e-51 8.7075e-47 1.2950e-34 1.4672e-31 ] 1.0000e+00
 3.683e+01 2.6159e-10 2.6159e-10 [ 9.9396e-30 2.6458e-21 6.6332e-13 2.6092e-10 ] 1.1306e-31 [ 2.5896e-105 3.8426e-83 1.0184e-73 2.5320e-51 6.2988e-47 9.7408e-35 1.1296e-31 ] 1.0000e+00
 3.695e+01 2.2513e-10 2.2513e-10 [ 6.7548e-30 1.9318e-21 5.3909e-13 2.2459e-10 ] 8.7010e-32 [ 8.9888e-106 1.5739e-83 4.8059e-74 1.8249e-51 4.5489e-47 7.3148e-35 8.6936e-32 ] 1.0000e+00
 3.706e+01 1.9358e-10 1.9358e-10 [ 4.5808e-30 1.4073e-21 4.3709e-13 1.9314e-10 ] 6.6939e-32 [ 3.1179e-106 6.4404e-84 2.2655e-74 1.3130e-51 3.2793e-47 5.4830e-35 6.6885e-32 ] 1.0000e+00
 3.717e+01 1.6629e-10 1.6629e-10 [ 3.0995e-30 1.0227e-21 3.5350e-13 1.6594e-10 ] 5.1479e-32 [ 1.0807e-106 2.6327e-84 1.0668e-74 9.4296e-52 2.3596e-47 4.1018e-35 5.1438e-32 ] 1.0000e+00
 3.729e+01 1.4270e-10 1.4270e-10 [ 2.0923e-30 7.4138e-22 2.8513e-13 1.4242e-10 ] 3.9573e-32 [ 3.7434e-107 1.0751e-84 5.0174e-75 6.7586e-52 1.6943e-47 3.0617e-35 3.9542e-32 ] 1.0000e+00
 3.740e+01 1.2232e-10 1.2232e-10 [ 1.4088e-30 5.3598e-22 2.2932e-13 1.2209e-10 ] 3.0407e-32 [ 1.2957e-107 4.3861e-85 2.3572e-75 4.8337e-52 1.2140e-47 2.2798e-35 3.0384e-32 ] 1.0000e+00
 3.751e+01 1.0471e-10 1.0471e-10 [ 9.4605e-31 3.8637e-22 1.8387e-13 1.0452e-10 ] 2.3353e-32 [ 4.4819e-108 1.7876e-85 1.1062e-75 3.4491e-52 8.6774e-48 1.6931e-35 2.3336e-32 ] 1.0000e+00
 3.763e+01 8.9503e-11 8.9503e-11 [ 6.3345e-31 2.7766e-22 1.4694e-13 8.9357e-11 ] 1.7925e-32 [ 1.5492e-108 7.2784e-86 5.1857e-76 2.4548e-52 6.1864e-48 1.2536e-35 1.7913e-32 ] 1.0000e+00
 3.774e+01 7.6381e-11 7.6381e-11 [ 4.2281e-31 1.9888e-22 1.1700e-13 7.6264e-11 ] 1.3751e-32 [ 5.3516e-109 2.9606e-86 2.4282e-76 1.7423e-52 4.3980e-48 9.2516e-36 1.3742e-32 ] 1.0000e+00
 3.785e+01 6.5058e-11 6.5058e-11 [ 2.8126e-31 1.4194e-22 9.2805e-14 6.4965e-11 ] 1.0541e-32 [ 1.8474e-109 1.2031e-86 1.1357e-76 1.2328e-52 3.1169e-48 6.8031e-36 1.0534e-32 ] 1.0000e+00
 3.797e+01 5.5292e-11 5.5292e-11 [ 1.8640e-31 1.0091e-22 7.3297e-14 5.5218e-11 ] 8.0736e-33 [ 6.3731e-110 4.8841e-87 5.3062e-77 8.6940e-53 2.2014e-48 4.9824e-36 8.0686e-33 ] 1.0000e+00
 3.808e+01 4.6868e-11 4.6868e-11 [ 1.2303e-31 7.1433e-23 5.7616e-14 4.6811e-11 ] 6.1774e-33 [ 2.1971e-110 1.9809e-87 2.4763e-77 6.1080e-53 1.5488e-48 3.6327e-36 6.1737e-33 ] 1.0000e+00
 3.819e+01 3.9605e-11 3.9605e-11 [ 8.0832e-32 5.0326e-23 4.5050e-14 3.9560e-11 ] 4.7205e-33 [ 7.5692e-111 8.0262e-88 1.1544e-77 4.2732e-53 1.0851e-48 2.6353e-36 4.7179e-33 ] 1.0000e+00
 3.831e+01 3.3341e-11 3.3341e-11 [ 5.2838e-32 3.5267e-23 3.5015e-14 3.3306e-11 ] 3.6015e-33 [ 2.6059e-111 3.2488e-88 5.3751e-78 2.9752e-53 7.5647e-49 1.9009e-36 3.5996e-33 ] 1.0000e+00
 3.842e+01 2.7939e-11 2.7939e-11 [ 3.4341e-32 2.4566e-23 2.7029e-14 2.7912e-11 ] 2.7421e-33 [ 8.9650e-112 1.3137e-88 2.4999e-78 2.0601e-53 5.2446e-49 1.3623e-36 2.7407e-33 ] 1.0000e+00
 3.853e+01 2.3279e-11 2.3279e-11 [ 2.2172e-32 1.6994e-23 2.0698e-14 2.3258e-11 ] 2.0821e-33 [ 3.0817e-112 5.3062e-89 1.1612e-78 1.4174e-53 3.6126e-49 9.6911e-37 2.0812e-33 ] 1.0000e+00
 3.865e+01 1.9257e-11 1.9257e-11 [ 1.4206e-32 1.1662e-23 1.5700e-14 1.9242e-11 ] 1.5753e-33 [ 1.0584e-112 2.1407e-89 5.3862e-79 9.6787e-54 2.4696e-49 6.8340e-37 1.5746e-33 ] 1.0000e+00
 3.876e+01 1.5785e-11 1.5785e-11 [ 9.0192e-33 7.9258e-24 1.1772e-14 1.5773e-11 ] 1.1861e-33 [ 3.6305e-113 8.6233e-90 2.4944e-79 6.5490e-54 1.6727e-49 4.7693e-37 1.1856e-33 ] 1.0000e+00
 3.887e+01 1.2786e-11 1.2786e-11 [ 5.6633e-33 5.3234e-24 8.7008e-15 1.2777e-11 ] 8.8691e-34 [ 1.2433e-113 3.4672e-90 1.1527e-79 4.3815e-54 1.1202e-49 3.2864e-37 8.8658e-34 ] 1.0000e+00
 3.899e+01 1.0195e-11 1.0195e-11 [ 3.5072e-33 3.5224e-24 6.3140e-15 1.0189e-11 ] 6.5681e-34 [ 4.2476e-114 1.3903e-90 5.3111e-80 2.8892e-54 7.3930e-50 2.2284e-37 6.5658e-34 ] 1.0000e+00
 3.910e+01 7.9599e-12 7.9599e-12 [ 2.1332e-33 2.2851e-24 4.4724e-15 7.9554e-12 ] 4.7956e-34 [ 1.4454e-114 5.5517e-91 2.4356e-80 1.8689e-54 4.7859e-50 1.4795e-37 4.7941e-34 ] 1.0000e+00
 3.921e+01 6.0357e-12 6.0357e-12 [ 1.2659e-33 1.4426e-24 3.0647e-15 6.0327e-12 ] 3.4276e-34 [ 4.8853e-115 2.2012e-91 1.1079e-80 1.1769e-54 3.0161e-50 9.5434e-38 3.4267e-34 ] 1.0000e+00
 3.933e+01 4.3896e-12 4.3896e-12 [ 7.2469e-34 8.7514e-25 2.0029e-15 4.3876e-12 ] 2.3699e-34 [ 1.6313e-115 8.6153e-92 4.9641e-81 7.1254e-55 1.8271e-50 5.9032e-38 2.3693e-34 ] 1.0000e+00
 3.944e+01 2.9988e-12 2.9988e-12 [ 3.9195e-34 4.9875e-25 1.2181e-15 2.9976e-12 ] 1.5520e-34 [ 5.3229e-116 3.2875e-92 2.1581e-81 4.0544e-55 1.0401e-50 3.4220e-38 1.5517e-34 ] 1.0000e+00
 3.955e+01 1.8525e-12 1.8525e-12 [ 1.9195e-34 2.5537e-25 6.5796e-16 1.8519e-12 ] 9.2436e-35 [ 1.6541e-116 1.1870e-92 8.7888e-82 2.0734e-55 5.3216e-51 1.7768e-38 9.2418e-35 ] 1.0000e+00
 3.967e+01 9.5392e-13 9.5392e-13 [ 7.6910e-35 1.0589e-25 2.8394e-16 9.5363e-13 ] 4.5697e-35 [ 4.5494e-117 3.7302e-93 3.0565e-82 8.5902e-56 2.2054e-51 7.4451e-39 4.5689e-35 ] 1.0000e+00
 3.978e+01 3.2272e-13 3.2272e-13 [ 1.8030e-35 2.5367e-26 6.9734e-17 3.2265e-13 ] 1.4187e-35 [ 8.2541e-118 7.4575e-94 6.5499e-83 2.0569e-56 5.2818e-52 1.7952e-39 1.4185e-35 ] 1.0000e+00
 3.989e+01 0.0000e+00 0.0000e+00 [ 0.0000e+00 0.0000e+00 0.0000e+00 0.0000e+00 ] 0.0000e+00 [ 0.0000e+00 0.0000e+00 0.0000e+00 0.0000e+00 0.0000e+00 0.0000e+00 0.0000e+00 ] 1.0000e+00
