 0.000e+00 0.0000e+00 0.0000e+00 [ 0.0000e+00 0.0000e+00 0.0000e+00 0.0000e+00 ] 0.0000e+00 [ 0.0000e+00 0.0000e+00 0.0000e+00 0.0000e+00 0.0000e+00 0.0000e+00 0.0000e+00 ] 1.0000e+00
 1.133e-01 8.4886e-03 1.1474e-03 [ 1.0666e-03 3.1608e-05 2.7561e-05 2.1562e-05 ] 7.3413e-03 [ 5.1570e-03 2.7404e-04 8.4441e-05 6.3669e-04 1.4822e-04 6.5552e-04 3.8534e-04 ] 9.9151e-01
 2.267e-01 2.0243e-02 2.2072e-03 [ 1.8789e-03 1.3098e-04 1.1278e-04 8.4568e-05 ] 1.8036e-02 [ 8.1113e-03 1.1915e-03 3.9747e-04 3.1615e-03 6.7727e-04 2.9228e-03 1.5743e-03 ] 9.7976e-01
 3.400e-01 4.2013e-02 3.5203e-03 [ 2.7581e-03 3.1152e-04 2.6288e-04 1.8776e-04 ] 3.8493e-02 [ 1.0916e-02 3.0533e-03 1.1526e-03 9.9307e-03 1.8753e-03 7.7907e-03 3.7744e-03 ] 9.5799e-01
 4.533e-01 8.5165e-02 5.3776e-03 [ 3.9649e-03 5.9420e-04 4.8831e-04 3.3018e-04 ] 7.9788e-02 [ 1.4883e-02 6.3925e-03 2.8262e-03 2.6820e-02 4.3336e-03 1.7153e-02 7.3788e-03 ] 9.1483e-01
 5.667e-01 1.6958e-01 8.0934e-03 [ 5.7887e-03 1.0004e-03 7.9685e-04 5.0745e-04 ] 1.6149e-01 [ 2.1439e-02 1.1875e-02 6.2936e-03 6.6311e-02 9.0114e-03 3.3752e-02 1.2803e-02 ] 8.3042e-01
 6.800e-01 3.1953e-01 1.1843e-02 [ 8.4359e-03 1.5278e-03 1.1764e-03 7.0322e-04 ] 3.0769e-01 [ 3.1440e-02 1.9659e-02 1.2636e-02 1.4793e-01 1.6808e-02 5.9368e-02 1.9839e-02 ] 6.8047e-01
 7.933e-01 5.3036e-01 1.6225e-02 [ 1.1680e-02 2.1024e-03 1.5646e-03 8.7817e-04 ] 5.1413e-01 [ 4.2703e-02 2.7792e-02 2.1635e-02 2.7985e-01 2.6730e-02 8.9069e-02 2.6359e-02 ] 4.6964e-01
 9.067e-01 7.2106e-01 2.0006e-02 [ 1.4590e-02 2.5748e-03 1.8573e-03 9.8398e-04 ] 7.0105e-01 [ 4.8783e-02 3.2033e-02 2.9700e-02 4.1917e-01 3.4298e-02 1.0831e-01 2.8749e-02 ] 2.7894e-01
 1.020e+00 8.1908e-01 2.2370e-02 [ 1.6435e-02 2.8840e-03 2.0272e-03 1.0238e-03 ] 7.9671e-01 [ 4.7195e-02 3.1392e-02 3.3690e-02 5.0976e-01 3.6773e-02 1.1098e-01 2.6913e-02 ] 1.8092e-01
 1.133e+00 8.5344e-01 2.3724e-02 [ 1.7412e-02 3.1161e-03 2.1489e-03 1.0471e-03 ] 8.2971e-01 [ 4.2257e-02 2.9052e-02 3.4939e-02 5.5655e-01 3.6504e-02 1.0635e-01 2.4059e-02 ] 1.4656e-01
 1.247e+00 8.6424e-01 2.4572e-02 [ 1.7850e-02 3.3498e-03 2.2835e-03 1.0881e-03 ] 8.3967e-01 [ 3.7152e-02 2.7092e-02 3.5263e-02 5.8081e-01 3.5729e-02 1.0165e-01 2.1968e-02 ] 1.3576e-01
 1.360e+00 8.6753e-01 2.5138e-02 [ 1.7899e-02 3.6190e-03 2.4586e-03 1.1615e-03 ] 8.4239e-01 [ 3.2842e-02 2.6093e-02 3.5408e-02 5.9242e-01 3.5270e-02 9.9308e-02 2.1048e-02 ] 1.3247e-01
 1.473e+00 8.6772e-01 2.5510e-02 [ 1.7608e-02 3.9380e-03 2.6882e-03 1.2764e-03 ] 8.4221e-01 [ 2.9480e-02 2.6169e-02 3.5598e-02 5.9437e-01 3.5349e-02 9.9894e-02 2.1354e-02 ] 1.3228e-01
 1.587e+00 8.6521e-01 2.5732e-02 [ 1.6994e-02 4.3135e-03 2.9826e-03 1.4418e-03 ] 8.3948e-01 [ 2.6997e-02 2.7357e-02 3.5857e-02 5.8685e-01 3.5988e-02 1.0349e-01 2.2941e-02 ] 1.3479e-01
 1.700e+00 8.5725e-01 2.5808e-02 [ 1.6050e-02 4.7440e-03 3.3480e-03 1.6666e-03 ] 8.3144e-01 [ 2.5214e-02 2.9662e-02 3.6040e-02 5.6777e-01 3.7050e-02 1.0981e-01 2.5901e-02 ] 1.4275e-01
 1.813e+00 8.3314e-01 2.5634e-02 [ 1.4709e-02 5.2010e-03 3.7717e-03 1.9526e-03 ] 8.0751e-01 [ 2.3719e-02 3.2790e-02 3.5609e-02 5.3008e-01 3.7970e-02 1.1723e-01 3.0112e-02 ] 1.6686e-01
 1.927e+00 7.6245e-01 2.4797e-02 [ 1.2787e-02 5.5697e-03 4.1743e-03 2.2658e-03 ] 7.3765e-01 [ 2.1490e-02 3.5264e-02 3.3069e-02 4.5638e-01 3.7014e-02 1.2013e-01 3.4302e-02 ] 2.3755e-01
 2.040e+00 6.0449e-01 2.2547e-02 [ 1.0099e-02 5.5981e-03 4.3557e-03 2.4940e-03 ] 5.8195e-01 [ 1.7079e-02 3.3653e-02 2.6374e-02 3.3086e-01 3.1334e-02 1.0775e-01 3.4900e-02 ] 3.9551e-01
 2.153e+00 3.9423e-01 1.8899e-02 [ 7.0635e-03 5.1462e-03 4.1671e-03 2.5218e-03 ] 3.7533e-01 [ 1.1118e-02 2.6634e-02 1.6989e-02 1.9025e-01 2.1583e-02 7.9118e-02 2.9634e-02 ] 6.0577e-01
 2.267e+00 2.2314e-01 1.5051e-02 [ 4.5039e-03 4.4336e-03 3.7346e-03 2.3789e-03 ] 2.0808e-01 [ 6.1486e-03 1.8078e-02 9.2418e-03 9.1050e-02 1.2570e-02 4.9283e-02 2.1714e-02 ] 7.7686e-01
 2.380e+00 1.1916e-01 1.1891e-02 [ 2.7422e-03 3.7282e-03 3.2570e-03 2.1638e-03 ] 1.0727e-01 [ 3.0961e-03 1.1248e-02 4.5750e-03 3.9154e-02 6.6371e-03 2.7867e-02 1.4688e-02 ] 8.8084e-01
 2.493e+00 6.3866e-02 9.5862e-03 [ 1.6518e-03 3.1496e-03 2.8407e-03 1.9441e-03 ] 5.4280e-02 [ 1.4906e-03 6.7212e-03 2.1701e-03 1.5936e-02 3.3343e-03 1.4997e-02 9.6307e-03 ] 9.3613e-01
 2.607e+00 3.5777e-02 7.9843e-03 [ 1.0083e-03 2.7131e-03 2.5143e-03 1.7486e-03 ] 2.7793e-02 [ 7.0483e-04 3.9549e-03 1.0142e-03 6.3111e-03 1.6355e-03 7.8789e-03 6.2937e-03 ] 9.6422e-01
 2.720e+00 2.1524e-02 6.8877e-03 [ 6.3445e-04 2.3955e-03 2.2729e-03 1.5848e-03 ] 1.4636e-02 [ 3.3193e-04 2.3193e-03 4.7377e-04 2.4652e-03 7.9337e-04 4.0923e-03 4.1601e-03 ] 9.7848e-01
 2.833e+00 1.4136e-02 6.1376e-03 [ 4.1653e-04 2.1669e-03 2.1023e-03 1.4518e-03 ] 7.9984e-03 [ 1.5684e-04 1.3628e-03 2.2281e-04 9.5609e-04 3.8294e-04 2.1145e-03 2.8025e-03 ] 9.8586e-01
 2.947e+00 1.0182e-02 5.6228e-03 [ 2.8734e-04 2.0017e-03 1.9878e-03 1.3459e-03 ] 4.5595e-03 [ 7.4668e-05 8.0415e-04 1.0591e-04 3.6939e-04 1.8448e-04 1.0904e-03 1.9305e-03 ] 9.8982e-01
 3.060e+00 7.9868e-03 5.2689e-03 [ 2.0850e-04 1.8801e-03 1.9174e-03 1.2630e-03 ] 2.7179e-03 [ 3.5907e-05 4.7679e-04 5.1005e-05 1.4242e-04 8.8827e-05 5.6222e-04 1.3607e-03 ] 9.9201e-01
 3.173e+00 6.7209e-03 5.0266e-03 [ 1.5844e-04 1.7877e-03 1.8813e-03 1.1992e-03 ] 1.6942e-03 [ 1.7468e-05 2.8399e-04 2.4922e-05 5.4845e-05 4.2785e-05 2.9019e-04 9.8004e-04 ] 9.9328e-01
 3.287e+00 5.9654e-03 4.8633e-03 [ 1.2507e-04 1.7145e-03 1.8722e-03 1.1515e-03 ] 1.1021e-03 [ 8.6039e-06 1.6982e-04 1.2366e-05 2.1108e-05 2.0623e-05 1.5009e-04 7.1951e-04 ] 9.9403e-01
 3.400e+00 5.5019e-03 4.7567e-03 [ 1.0164e-04 1.6534e-03 1.8844e-03 1.1173e-03 ] 7.4513e-04 [ 4.2916e-06 1.0187e-04 6.2349e-06 8.1222e-06 9.9503e-06 7.7869e-05 5.3680e-04 ] 9.9450e-01
 3.513e+00 5.2125e-03 4.6917e-03 [ 8.4306e-05 1.5995e-03 1.9135e-03 1.0944e-03 ] 5.2078e-04 [ 2.1673e-06 6.1236e-05 3.1945e-06 3.1255e-06 4.8059e-06 4.0571e-05 4.0568e-04 ] 9.9479e-01
 3.627e+00 5.0316e-03 4.6575e-03 [ 7.0903e-05 1.5495e-03 1.9560e-03 1.0811e-03 ] 3.7405e-04 [ 1.1074e-06 3.6853e-05 1.6631e-06 1.2031e-06 2.3238e-06 2.1258e-05 3.0964e-04 ] 9.9497e-01
 3.740e+00 4.9209e-03 4.6464e-03 [ 6.0160e-05 1.5011e-03 2.0090e-03 1.0761e-03 ] 2.7451e-04 [ 5.7198e-07 2.2181e-05 8.7927e-07 4.6333e-07 1.1249e-06 1.1221e-05 2.3807e-04 ] 9.9508e-01
 3.853e+00 4.8574e-03 4.6527e-03 [ 5.1317e-05 1.4530e-03 2.0701e-03 1.0782e-03 ] 2.0479e-04 [ 2.9826e-07 1.3339e-05 4.7175e-07 1.7856e-07 5.4519e-07 5.9807e-06 1.8398e-04 ] 9.9514e-01
 3.967e+00 4.8265e-03 4.6718e-03 [ 4.3903e-05 1.4043e-03 2.1371e-03 1.0865e-03 ] 1.5464e-04 [ 1.5682e-07 8.0068e-06 2.5659e-07 6.8873e-08 2.6452e-07 3.2272e-06 1.4265e-04 ] 9.9517e-01
 4.080e+00 4.8183e-03 4.7005e-03 [ 3.7614e-05 1.3544e-03 2.2084e-03 1.1001e-03 ] 1.1777e-04 [ 8.3022e-08 4.7932e-06 1.4132e-07 2.6595e-08 1.2848e-07 1.7687e-06 1.1083e-04 ] 9.9518e-01
 4.193e+00 4.8262e-03 4.7360e-03 [ 3.2237e-05 1.3032e-03 2.2824e-03 1.1182e-03 ] 9.0233e-05 [ 4.4197e-08 2.8593e-06 7.8708e-08 1.0282e-08 6.2467e-08 9.8795e-07 8.6190e-05 ] 9.9517e-01
 4.307e+00 4.8453e-03 4.7759e-03 [ 2.7622e-05 1.2505e-03 2.3575e-03 1.1403e-03 ] 6.9400e-05 [ 2.3629e-08 1.6986e-06 4.4272e-08 3.9815e-09 3.0401e-08 5.6444e-07 6.7034e-05 ] 9.9515e-01
 4.420e+00 4.8721e-03 4.8186e-03 [ 2.3651e-05 1.1967e-03 2.4325e-03 1.1658e-03 ] 5.3500e-05 [ 1.2671e-08 1.0042e-06 2.5116e-08 1.5443e-09 1.4808e-08 3.3087e-07 5.2110e-05 ] 9.9513e-01
 4.533e+00 4.9036e-03 4.8623e-03 [ 2.0231e-05 1.1417e-03 2.5062e-03 1.1941e-03 ] 4.1289e-05 [ 6.8082e-09 5.9050e-07 1.4352e-08 6.0016e-10 7.2187e-09 1.9944e-07 4.0471e-05 ] 9.9510e-01
 4.647e+00 4.9376e-03 4.9057e-03 [ 1.7286e-05 1.0860e-03 2.5776e-03 1.2248e-03 ] 3.1875e-05 [ 3.6616e-09 3.4525e-07 8.2512e-09 2.3375e-10 3.5212e-09 1.2371e-07 3.1390e-05 ] 9.9506e-01
 4.760e+00 4.9724e-03 4.9478e-03 [ 1.4752e-05 1.0298e-03 2.6458e-03 1.2574e-03 ] 2.4597e-05 [ 1.9693e-09 2.0063e-07 4.7672e-09 9.1265e-11 1.7185e-09 7.8919e-08 2.4309e-05 ] 9.9503e-01
 4.873e+00 5.0063e-03 4.9874e-03 [ 1.2573e-05 9.7347e-04 2.7098e-03 1.2915e-03 ] 1.8965e-05 [ 1.0583e-09 1.1586e-07 2.7651e-09 3.5730e-11 8.3907e-10 5.1662e-08 1.8793e-05 ] 9.9499e-01
 4.987e+00 5.0384e-03 5.0237e-03 [ 1.0702e-05 9.1731e-04 2.7691e-03 1.3266e-03 ] 1.4604e-05 [ 5.6791e-10 6.6478e-08 1.6086e-09 1.4030e-11 4.0977e-10 3.4596e-08 1.4500e-05 ] 9.9496e-01
 5.100e+00 5.0674e-03 5.0562e-03 [ 9.0964e-06 8.6166e-04 2.8230e-03 1.3624e-03 ] 1.1229e-05 [ 3.0407e-10 3.7896e-08 9.3786e-10 5.5272e-12 2.0014e-10 2.3614e-08 1.1166e-05 ] 9.9493e-01
 5.213e+00 5.0927e-03 5.0841e-03 [ 7.7215e-06 8.0682e-04 2.8710e-03 1.3986e-03 ] 8.6192e-06 [ 1.6236e-10 2.1462e-08 5.4758e-10 2.1853e-12 9.7740e-11 1.6368e-08 8.5805e-06 ] 9.9491e-01
 5.327e+00 5.1136e-03 5.1070e-03 [ 6.5454e-06 7.5309e-04 2.9126e-03 1.4347e-03 ] 6.6035e-06 [ 8.6399e-11 1.2077e-08 3.1996e-10 8.6739e-13 4.7722e-11 1.1484e-08 6.5795e-06 ] 9.9489e-01
 5.440e+00 5.1295e-03 5.1245e-03 [ 5.5409e-06 7.0072e-04 2.9477e-03 1.4706e-03 ] 5.0491e-06 [ 4.5803e-11 6.7531e-09 1.8700e-10 3.4575e-13 2.3291e-11 8.1311e-09 5.0340e-06 ] 9.9487e-01
 5.553e+00 5.1402e-03 5.1363e-03 [ 4.6840e-06 6.4995e-04 2.9759e-03 1.5058e-03 ] 3.8527e-06 [ 2.4178e-11 3.7530e-09 1.0925e-10 1.3846e-13 1.1361e-11 5.7968e-09 3.8430e-06 ] 9.9486e-01
 5.667e+00 5.1452e-03 5.1423e-03 [ 3.9542e-06 6.0097e-04 2.9972e-03 1.5401e-03 ] 2.9335e-06 [ 1.2703e-11 2.0734e-09 6.3776e-11 5.5722e-14 5.5374e-12 4.1535e-09 2.9272e-06 ] 9.9485e-01
 5.780e+00 5.1444e-03 5.1422e-03 [ 3.3334e-06 5.5396e-04 3.0115e-03 1.5734e-03 ] 2.2288e-06 [ 6.6409e-12 1.1390e-09 3.7184e-11 2.2547e-14 2.6967e-12 2.9868e-09 2.2247e-06 ] 9.9486e-01
 5.893e+00 5.1377e-03 5.1361e-03 [ 2.8062e-06 5.0906e-04 3.0189e-03 1.6053e-03 ] 1.6897e-06 [ 3.4531e-12 6.2228e-10 2.1644e-11 9.1769e-15 1.3120e-12 2.1532e-09 1.6869e-06 ] 9.9486e-01
 6.007e+00 5.1251e-03 5.1238e-03 [ 2.3590e-06 4.6636e-04 3.0194e-03 1.6357e-03 ] 1.2782e-06 [ 1.7854e-12 3.3824e-10 1.2574e-11 3.7591e-15 6.3755e-13 1.5551e-09 1.2763e-06 ] 9.9487e-01
 6.120e+00 5.1064e-03 5.1054e-03 [ 1.9803e-06 4.2594e-04 3.0132e-03 1.6643e-03 ] 9.6488e-07 [ 9.1767e-13 1.8297e-10 7.2876e-12 1.5506e-15 3.0943e-13 1.1244e-09 9.6356e-07 ] 9.9489e-01
 6.233e+00 5.0818e-03 5.0810e-03 [ 1.6599e-06 3.8784e-04 3.0004e-03 1.6911e-03 ] 7.2676e-07 [ 4.6878e-13 9.8526e-11 4.2128e-12 6.4455e-16 1.4997e-13 8.1369e-10 7.2585e-07 ] 9.9492e-01
 6.347e+00 5.0513e-03 5.0507e-03 [ 1.3894e-06 3.5209e-04 2.9814e-03 1.7158e-03 ] 5.4625e-07 [ 2.3795e-13 5.2830e-11 2.4283e-12 2.7019e-16 7.2580e-14 5.8911e-10 5.4561e-07 ] 9.9495e-01
 6.460e+00 5.0151e-03 5.0147e-03 [ 1.1612e-06 3.1868e-04 2.9564e-03 1.7384e-03 ] 4.0973e-07 [ 1.2000e-13 2.8216e-11 1.3953e-12 1.1432e-16 3.5071e-14 4.2663e-10 4.0927e-07 ] 9.9498e-01
 6.573e+00 4.9733e-03 4.9729e-03 [ 9.6907e-07 2.8758e-04 2.9256e-03 1.7588e-03 ] 3.0669e-07 [ 6.0110e-14 1.5015e-11 7.9907e-13 4.8868e-17 1.6919e-14 3.0901e-10 3.0637e-07 ] 9.9503e-01
 6.687e+00 4.9260e-03 4.9258e-03 [ 8.0748e-07 2.5874e-04 2.8894e-03 1.7768e-03 ] 2.2912e-07 [ 2.9906e-14 7.9631e-12 4.5597e-13 2.1127e-17 8.1478e-15 2.2382e-10 2.2888e-07 ] 9.9507e-01
 6.800e+00 4.8735e-03 4.8734e-03 [ 6.7178e-07 2.3212e-04 2.8482e-03 1.7924e-03 ] 1.7083e-07 [ 1.4776e-14 4.2099e-12 2.5921e-13 9.2470e-18 3.9169e-15 1.6211e-10 1.7066e-07 ] 9.9513e-01
 6.913e+00 4.8160e-03 4.8159e-03 [ 5.5799e-07 2.0763e-04 2.8022e-03 1.8055e-03 ] 1.2713e-07 [ 7.2493e-15 2.2192e-12 1.4677e-13 4.1018e-18 1.8795e-15 1.1740e-10 1.2701e-07 ] 9.9518e-01
 7.027e+00 4.7536e-03 4.7535e-03 [ 4.6273e-07 1.8518e-04 2.7518e-03 1.8160e-03 ] 9.4445e-08 [ 3.5314e-15 1.1666e-12 8.2761e-14 1.8456e-18 9.0018e-16 8.5015e-11 9.4359e-08 ] 9.9525e-01
 7.140e+00 4.6865e-03 4.6865e-03 [ 3.8310e-07 1.6468e-04 2.6974e-03 1.8240e-03 ] 7.0039e-08 [ 1.7080e-15 6.1175e-13 4.6469e-14 8.4299e-19 4.3030e-16 6.1553e-11 6.9977e-08 ] 9.9531e-01
 7.253e+00 4.6150e-03 4.6150e-03 [ 3.1664e-07 1.4603e-04 2.6393e-03 1.8293e-03 ] 5.1853e-08 [ 8.2016e-16 3.2002e-13 2.5976e-14 3.9102e-19 2.0528e-16 4.4559e-11 5.1808e-08 ] 9.9538e-01
 7.367e+00 4.5393e-03 4.5393e-03 [ 2.6125e-07 1.2912e-04 2.5778e-03 1.8321e-03 ] 3.8328e-08 [ 3.9099e-16 1.6704e-13 1.4455e-14 1.8420e-19 9.7738e-17 3.2252e-11 3.8296e-08 ] 9.9546e-01
 7.480e+00 4.4596e-03 4.4596e-03 [ 2.1517e-07 1.1385e-04 2.5134e-03 1.8322e-03 ] 2.8288e-08 [ 1.8505e-16 8.6999e-14 8.0067e-15 8.8093e-20 4.6439e-17 2.3340e-11 2.8265e-08 ] 9.9554e-01
 7.593e+00 4.3762e-03 4.3762e-03 [ 1.7690e-07 1.0010e-04 2.4463e-03 1.8296e-03 ] 2.0848e-08 [ 8.6951e-17 4.5219e-14 4.4139e-15 4.2744e-20 2.2019e-17 1.6887e-11 2.0831e-08 ] 9.9562e-01
 7.707e+00 4.2892e-03 4.2891e-03 [ 1.4517e-07 8.7760e-05 2.3768e-03 1.8244e-03 ] 1.5344e-08 [ 4.0562e-17 2.3455e-14 2.4216e-15 2.1019e-20 1.0418e-17 1.2217e-11 1.5332e-08 ] 9.9571e-01
 7.820e+00 4.1988e-03 4.1988e-03 [ 1.1891e-07 7.6730e-05 2.3053e-03 1.8166e-03 ] 1.1278e-08 [ 1.8786e-17 1.2142e-14 1.3221e-15 1.0462e-20 4.9190e-18 8.8360e-12 1.1269e-08 ] 9.9580e-01
 7.933e+00 4.1054e-03 4.1054e-03 [ 9.7209e-08 6.6901e-05 2.2321e-03 1.8063e-03 ] 8.2799e-09 [ 8.6388e-18 6.2730e-15 7.1821e-16 5.2636e-21 2.3175e-18 6.3898e-12 8.2735e-09 ] 9.9589e-01
 8.047e+00 4.0091e-03 4.0091e-03 [ 7.9313e-08 5.8171e-05 2.1575e-03 1.7933e-03 ] 6.0717e-09 [ 3.9445e-18 3.2343e-15 3.8823e-16 2.6725e-21 1.0895e-18 4.6199e-12 6.0671e-09 ] 9.9599e-01
 8.160e+00 3.9102e-03 3.9101e-03 [ 6.4582e-08 5.0442e-05 2.0817e-03 1.7779e-03 ] 4.4477e-09 [ 1.7884e-18 1.6641e-15 2.0880e-16 1.3674e-21 5.1109e-19 3.3396e-12 4.4443e-09 ] 9.9609e-01
 8.273e+00 3.8088e-03 3.8088e-03 [ 5.2479e-08 4.3621e-05 2.0052e-03 1.7600e-03 ] 3.2548e-09 [ 8.0523e-19 8.5441e-16 1.1173e-16 7.0404e-22 2.3923e-19 2.4136e-12 3.2524e-09 ] 9.9619e-01
 8.387e+00 3.7054e-03 3.7054e-03 [ 4.2554e-08 3.7622e-05 1.9280e-03 1.7397e-03 ] 2.3796e-09 [ 3.6007e-19 4.3772e-16 5.9490e-17 3.6431e-22 1.1174e-19 1.7441e-12 2.3779e-09 ] 9.9629e-01
 8.500e+00 3.6000e-03 3.6000e-03 [ 3.4433e-08 3.2361e-05 1.8505e-03 1.7171e-03 ] 1.7383e-09 [ 1.5992e-19 2.2373e-16 3.1514e-17 1.8925e-22 5.2074e-20 1.2600e-12 1.7370e-09 ] 9.9640e-01
 8.613e+00 3.4930e-03 3.4930e-03 [ 2.7801e-08 2.7762e-05 1.7730e-03 1.6922e-03 ] 1.2688e-09 [ 7.0553e-20 1.1408e-16 1.6609e-17 9.8587e-23 2.4216e-20 9.1007e-13 1.2678e-09 ] 9.9651e-01
 8.727e+00 3.3845e-03 3.3845e-03 [ 2.2396e-08 2.3754e-05 1.6956e-03 1.6651e-03 ] 9.2537e-10 [ 3.0922e-20 5.8029e-17 8.7099e-18 5.1461e-23 1.1237e-20 6.5718e-13 9.2471e-10 ] 9.9662e-01
 8.840e+00 3.2749e-03 3.2749e-03 [ 1.8001e-08 2.0272e-05 1.6187e-03 1.6360e-03 ] 6.7445e-10 [ 1.3465e-20 2.9439e-17 4.5446e-18 2.6895e-23 5.2032e-21 4.7446e-13 6.7398e-10 ] 9.9673e-01
 8.953e+00 3.1644e-03 3.1644e-03 [ 1.4435e-08 1.7256e-05 1.5423e-03 1.6048e-03 ] 4.9125e-10 [ 5.8259e-21 1.4895e-17 2.3594e-18 1.4066e-23 2.4042e-21 3.4246e-13 4.9091e-10 ] 9.9684e-01
 9.067e+00 3.0533e-03 3.0533e-03 [ 1.1549e-08 1.4651e-05 1.4668e-03 1.5718e-03 ] 3.5761e-10 [ 2.5050e-21 7.5146e-18 1.2188e-18 7.3567e-24 1.1085e-21 2.4713e-13 3.5736e-10 ] 9.9695e-01
 9.180e+00 2.9418e-03 2.9418e-03 [ 9.2169e-09 1.2408e-05 1.3923e-03 1.5371e-03 ] 2.6017e-10 [ 1.0705e-21 3.7800e-18 6.2656e-19 3.8466e-24 5.1008e-22 1.7829e-13 2.5999e-10 ] 9.9706e-01
 9.293e+00 2.8302e-03 2.8302e-03 [ 7.3382e-09 1.0481e-05 1.3190e-03 1.5007e-03 ] 1.8919e-10 [ 4.5474e-22 1.8956e-18 3.2052e-19 2.0099e-24 2.3423e-22 1.2859e-13 1.8906e-10 ] 9.9717e-01
 9.407e+00 2.7187e-03 2.7187e-03 [ 5.8279e-09 8.8321e-06 1.2471e-03 1.4627e-03 ] 1.3751e-10 [ 1.9203e-22 9.4753e-19 1.6318e-19 1.0492e-24 1.0735e-22 9.2722e-14 1.3741e-10 ] 9.9728e-01
 9.520e+00 2.6076e-03 2.6076e-03 [ 4.6168e-09 7.4238e-06 1.1768e-03 1.4234e-03 ] 9.9896e-11 [ 8.0623e-23 4.7207e-19 8.2678e-20 5.4700e-25 4.9102e-23 6.6841e-14 9.9830e-11 ] 9.9739e-01
 9.633e+00 2.4972e-03 2.4972e-03 [ 3.6481e-09 6.2248e-06 1.1082e-03 1.3828e-03 ] 7.2543e-11 [ 3.3657e-23 2.3438e-19 4.1694e-20 2.8477e-25 2.2418e-23 4.8170e-14 7.2495e-11 ] 9.9750e-01
 9.747e+00 2.3877e-03 2.3877e-03 [ 2.8751e-09 5.2067e-06 1.0414e-03 1.3411e-03 ] 5.2659e-11 [ 1.3973e-23 1.1596e-19 2.0929e-20 1.4801e-25 1.0217e-23 3.4705e-14 5.2624e-11 ] 9.9761e-01
 9.860e+00 2.2794e-03 2.2794e-03 [ 2.2600e-09 4.3446e-06 9.7657e-04 1.2985e-03 ] 3.8211e-11 [ 5.7691e-24 5.7161e-20 1.0457e-20 7.6796e-26 4.6485e-24 2.4996e-14 3.8186e-11 ] 9.9772e-01
 9.973e+00 2.1725e-03 2.1725e-03 [ 1.7718e-09 3.6165e-06 9.1382e-04 1.2551e-03 ] 2.7717e-11 [ 2.3692e-24 2.8071e-20 5.2017e-21 3.9769e-26 2.1116e-24 1.7998e-14 2.7699e-11 ] 9.9783e-01
 1.009e+01 2.0672e-03 2.0672e-03 [ 1.3852e-09 3.0032e-06 8.5326e-04 1.2110e-03 ] 2.0098e-11 [ 9.6783e-25 1.3732e-20 2.5759e-21 2.0554e-26 9.5787e-25 1.2955e-14 2.0085e-11 ] 9.9793e-01
 1.020e+01 1.9638e-03 1.9638e-03 [ 1.0801e-09 2.4881e-06 7.9496e-04 1.1663e-03 ] 1.4569e-11 [ 3.9331e-25 6.6910e-21 1.2700e-21 1.0600e-26 4.3396e-25 9.3227e-15 1.4559e-11 ] 9.9804e-01
 1.031e+01 1.8624e-03 1.8624e-03 [ 8.3983e-10 2.0564e-06 7.3900e-04 1.1214e-03 ] 1.0557e-11 [ 1.5902e-25 3.2471e-21 6.2349e-22 5.4550e-27 1.9641e-25 6.7065e-15 1.0551e-11 ] 9.9814e-01
 1.043e+01 1.7633e-03 1.7633e-03 [ 6.5119e-10 1.6956e-06 6.8543e-04 1.0762e-03 ] 7.6481e-12 [ 6.3965e-26 1.5693e-21 3.0479e-22 2.8009e-27 8.8836e-26 4.8230e-15 7.6432e-12 ] 9.9824e-01
 1.054e+01 1.6667e-03 1.6667e-03 [ 5.0349e-10 1.3949e-06 6.3429e-04 1.0310e-03 ] 5.5388e-12 [ 2.5602e-26 7.5523e-22 1.4837e-22 1.4348e-27 4.0169e-26 3.4673e-15 5.5354e-12 ] 9.9833e-01
 1.065e+01 1.5726e-03 1.5726e-03 [ 3.8819e-10 1.1448e-06 5.8561e-04 9.8585e-04 ] 4.0101e-12 [ 1.0196e-26 3.6191e-22 7.1932e-23 7.3330e-28 1.8169e-26 2.4919e-15 4.0076e-12 ] 9.9843e-01
 1.077e+01 1.4813e-03 1.4813e-03 [ 2.9843e-10 9.3743e-07 5.3941e-04 9.4096e-04 ] 2.9025e-12 [ 4.0406e-27 1.7267e-22 3.4732e-23 3.7387e-28 8.2270e-27 1.7903e-15 2.9007e-12 ] 9.9852e-01
 1.088e+01 1.3929e-03 1.3929e-03 [ 2.2876e-10 7.6583e-07 4.9569e-04 8.9645e-04 ] 2.1001e-12 [ 1.5934e-27 8.2020e-23 1.6704e-23 1.9015e-28 3.7329e-27 1.2858e-15 2.0989e-12 ] 9.9861e-01
 1.099e+01 1.3075e-03 1.3075e-03 [ 1.7484e-10 6.2421e-07 4.5442e-04 8.5244e-04 ] 1.5192e-12 [ 6.2526e-28 3.8786e-23 8.0019e-24 9.6471e-29 1.6997e-27 9.2313e-16 1.5183e-12 ] 9.9869e-01
 1.111e+01 1.2252e-03 1.2252e-03 [ 1.3323e-10 5.0762e-07 4.1560e-04 8.0908e-04 ] 1.0986e-12 [ 2.4416e-28 1.8258e-23 3.8184e-24 4.8821e-29 7.7794e-28 6.6255e-16 1.0979e-12 ] 9.9877e-01
 1.122e+01 1.1461e-03 1.1461e-03 [ 1.0123e-10 4.1187e-07 3.7918e-04 7.6647e-04 ] 7.9423e-13 [ 9.4874e-29 8.5558e-24 1.8152e-24 2.4644e-29 3.5877e-28 4.7537e-16 7.9376e-13 ] 9.9885e-01
 1.133e+01 1.0702e-03 1.0702e-03 [ 7.6682e-11 3.3342e-07 3.4511e-04 7.2472e-04 ] 5.7402e-13 [ 3.6685e-29 3.9907e-24 8.5965e-25 1.2409e-29 1.6719e-28 3.4096e-16 5.7368e-13 ] 9.9893e-01
 1.145e+01 9.9754e-04 9.9754e-04 [ 5.7913e-11 2.6930e-07 3.1334e-04 6.8394e-04 ] 4.1474e-13 [ 1.4115e-29 1.8527e-24 4.0561e-25 6.2317e-30 7.9005e-29 2.4447e-16 4.1450e-13 ] 9.9900e-01
 1.156e+01 9.2822e-04 9.2822e-04 [ 4.3605e-11 2.1702e-07 2.8379e-04 6.4421e-04 ] 2.9957e-13 [ 5.4040e-30 8.5613e-25 1.9068e-25 3.1216e-30 3.8003e-29 1.7522e-16 2.9940e-13 ] 9.9907e-01
 1.167e+01 8.6221e-04 8.6221e-04 [ 3.2733e-11 1.7450e-07 2.5641e-04 6.0563e-04 ] 2.1632e-13 [ 2.0587e-30 3.9375e-25 8.9312e-26 1.5596e-30 1.8682e-29 1.2555e-16 2.1619e-13 ] 9.9914e-01
 1.179e+01 7.9950e-04 7.9950e-04 [ 2.4496e-11 1.3999e-07 2.3109e-04 5.6827e-04 ] 1.5616e-13 [ 7.8031e-31 1.8023e-25 4.1683e-26 7.7714e-31 9.4203e-30 8.9929e-17 1.5607e-13 ] 9.9920e-01
 1.190e+01 7.4005e-04 7.4005e-04 [ 1.8276e-11 1.1206e-07 2.0776e-04 5.3218e-04 ] 1.1269e-13 [ 2.9427e-31 8.2108e-26 1.9385e-26 3.8624e-31 4.8849e-30 6.4392e-17 1.1263e-13 ] 9.9926e-01
 1.201e+01 6.8383e-04 6.8383e-04 [ 1.3593e-11 8.9499e-08 1.8633e-04 4.9742e-04 ] 8.1299e-14 [ 1.1041e-31 3.7228e-26 8.9833e-27 1.9145e-31 2.6079e-30 4.6092e-17 8.1253e-14 ] 9.9932e-01
 1.213e+01 6.3079e-04 6.3079e-04 [ 1.0079e-11 7.1322e-08 1.6669e-04 4.6403e-04 ] 5.8634e-14 [ 4.1213e-32 1.6799e-26 4.1485e-27 9.4652e-32 1.4325e-30 3.2982e-17 5.8601e-14 ] 9.9937e-01
 1.224e+01 5.8086e-04 5.8086e-04 [ 7.4507e-12 5.6711e-08 1.4876e-04 4.3205e-04 ] 4.2274e-14 [ 1.5304e-32 7.5442e-27 1.9091e-27 4.6671e-32 8.0785e-31 2.3593e-17 4.2250e-14 ] 9.9942e-01
 1.235e+01 5.3396e-04 5.3396e-04 [ 5.4905e-12 4.4993e-08 1.3242e-04 4.0149e-04 ] 3.0469e-14 [ 5.6531e-33 3.3720e-27 8.7552e-28 2.2952e-32 4.6615e-31 1.6871e-17 3.0452e-14 ] 9.9947e-01
 1.247e+01 4.9001e-04 4.9001e-04 [ 4.0334e-12 3.5618e-08 1.1760e-04 3.7238e-04 ] 2.1953e-14 [ 2.0772e-33 1.5000e-27 4.0014e-28 1.1257e-32 2.7417e-31 1.2061e-17 2.1941e-14 ] 9.9951e-01
 1.258e+01 4.4891e-04 4.4891e-04 [ 2.9538e-12 2.8134e-08 1.0417e-04 3.4471e-04 ] 1.5813e-14 [ 7.5923e-34 6.6409e-28 1.8226e-28 5.5068e-33 1.6374e-31 8.6189e-18 1.5804e-14 ] 9.9955e-01
 1.269e+01 4.1056e-04 4.1056e-04 [ 2.1565e-12 2.2174e-08 9.2055e-05 3.1849e-04 ] 1.1386e-14 [ 2.7601e-34 2.9263e-28 8.2731e-29 2.6867e-33 9.8940e-32 6.1574e-18 1.1380e-14 ] 9.9959e-01
 1.281e+01 3.7486e-04 3.7486e-04 [ 1.5695e-12 1.7438e-08 8.1149e-05 2.9369e-04 ] 8.1957e-15 [ 9.9801e-35 1.2834e-28 3.7427e-29 1.3073e-33 6.0315e-32 4.3975e-18 8.1913e-15 ] 9.9963e-01
 1.292e+01 3.4169e-04 3.4169e-04 [ 1.1387e-12 1.3684e-08 7.1363e-05 2.7031e-04 ] 5.8974e-15 [ 3.5890e-35 5.6025e-29 1.6874e-29 6.3447e-34 3.7008e-32 3.1396e-18 5.8943e-15 ] 9.9966e-01
 1.303e+01 3.1094e-04 3.1094e-04 [ 8.2358e-13 1.0715e-08 6.2605e-05 2.4832e-04 ] 4.2422e-15 [ 1.2836e-35 2.4343e-29 7.5824e-30 3.0711e-34 2.2813e-32 2.2408e-18 4.2400e-15 ] 9.9969e-01
 1.315e+01 2.8249e-04 2.8249e-04 [ 5.9382e-13 8.3720e-09 5.4791e-05 2.2769e-04 ] 3.0506e-15 [ 4.5657e-36 1.0529e-29 3.3957e-30 1.4826e-34 1.4108e-32 1.5989e-18 3.0490e-15 ] 9.9972e-01
 1.326e+01 2.5622e-04 2.5622e-04 [ 4.2682e-13 6.5272e-09 4.7838e-05 2.0837e-04 ] 2.1929e-15 [ 1.6150e-36 4.5329e-30 1.5156e-30 7.1388e-35 8.7447e-33 1.1405e-18 2.1918e-15 ] 9.9974e-01
 1.337e+01 2.3201e-04 2.3201e-04 [ 3.0584e-13 5.0781e-09 4.1668e-05 1.9034e-04 ] 1.5758e-15 [ 5.6808e-37 1.9427e-30 6.7419e-31 3.4283e-35 5.4285e-33 8.1324e-19 1.5750e-15 ] 9.9977e-01
 1.349e+01 2.0975e-04 2.0975e-04 [ 2.1847e-13 3.9422e-09 3.6209e-05 1.7354e-04 ] 1.1320e-15 [ 1.9871e-37 8.2887e-31 2.9890e-31 1.6421e-35 3.3732e-33 5.7973e-19 1.1315e-15 ] 9.9979e-01
 1.360e+01 1.8933e-04 1.8933e-04 [ 1.5558e-13 3.0539e-09 3.1392e-05 1.5793e-04 ] 8.1295e-16 [ 6.9119e-38 3.5207e-31 1.3208e-31 7.8454e-36 2.0973e-33 4.1314e-19 8.1254e-16 ] 9.9981e-01
 1.371e+01 1.7061e-04 1.7061e-04 [ 1.1045e-13 2.3608e-09 2.7153e-05 1.4346e-04 ] 5.8361e-16 [ 2.3907e-38 1.4888e-31 5.8165e-32 3.7384e-36 1.3045e-33 2.9434e-19 5.8331e-16 ] 9.9983e-01
 1.383e+01 1.5351e-04 1.5351e-04 [ 7.8172e-14 1.8212e-09 2.3432e-05 1.3007e-04 ] 4.1882e-16 [ 8.2226e-39 6.2685e-32 2.5530e-32 1.7768e-36 8.1145e-34 2.0964e-19 4.1861e-16 ] 9.9985e-01
 1.394e+01 1.3790e-04 1.3790e-04 [ 5.5157e-14 1.4020e-09 2.0176e-05 1.1772e-04 ] 3.0047e-16 [ 2.8121e-39 2.6279e-32 1.1168e-32 8.4233e-37 5.0477e-34 1.4926e-19 3.0032e-16 ] 9.9986e-01
 1.405e+01 1.2369e-04 1.2369e-04 [ 3.8798e-14 1.0770e-09 1.7332e-05 1.0635e-04 ] 2.1548e-16 [ 9.5629e-40 1.0969e-32 4.8694e-33 3.9830e-37 3.1397e-34 1.0625e-19 2.1538e-16 ] 9.9988e-01
 1.417e+01 1.1076e-04 1.1076e-04 [ 2.7209e-14 8.2564e-10 1.4857e-05 9.5905e-05 ] 1.5449e-16 [ 3.2336e-40 4.5595e-33 2.1160e-33 1.8786e-37 1.9526e-34 7.5606e-20 1.5441e-16 ] 9.9989e-01
 1.428e+01 9.9037e-05 9.9037e-05 [ 1.9023e-14 6.3166e-10 1.2706e-05 8.6330e-05 ] 1.1072e-16 [ 1.0872e-40 1.8873e-33 9.1642e-34 8.8381e-38 1.2141e-34 5.3785e-20 1.1067e-16 ] 9.9990e-01
 1.439e+01 8.8417e-05 8.8417e-05 [ 1.3260e-14 4.8226e-10 1.0844e-05 7.7573e-05 ] 7.9327e-17 [ 3.6350e-41 7.7796e-34 3.9558e-34 4.1475e-38 7.5475e-35 3.8251e-20 7.9289e-17 ] 9.9991e-01
 1.451e+01 7.8815e-05 7.8815e-05 [ 9.2149e-15 3.6745e-10 9.2337e-06 6.9581e-05 ] 5.6816e-17 [ 1.2084e-41 3.1937e-34 1.7019e-34 1.9415e-38 4.6907e-35 2.7196e-20 5.6789e-17 ] 9.9992e-01
 1.462e+01 7.0150e-05 7.0150e-05 [ 6.3847e-15 2.7941e-10 7.8461e-06 6.2303e-05 ] 4.0681e-17 [ 3.9946e-42 1.3058e-34 7.2978e-35 9.0655e-39 2.9144e-35 1.9330e-20 4.0661e-17 ] 9.9993e-01
 1.473e+01 6.2343e-05 6.2343e-05 [ 4.4105e-15 2.1204e-10 6.6528e-06 5.5690e-05 ] 2.9118e-17 [ 1.3130e-42 5.3174e-35 3.1189e-35 4.2226e-39 1.8103e-35 1.3735e-20 2.9104e-17 ] 9.9994e-01
 1.485e+01 5.5321e-05 5.5321e-05 [ 3.0377e-15 1.6059e-10 5.6291e-06 4.9692e-05 ] 2.0836e-17 [ 4.2917e-43 2.1567e-35 1.3286e-35 1.9620e-39 1.1241e-35 9.7569e-21 2.0826e-17 ] 9.9994e-01
 1.496e+01 4.9018e-05 4.9018e-05 [ 2.0860e-15 1.2139e-10 4.7530e-06 4.4265e-05 ] 1.4904e-17 [ 1.3949e-43 8.7134e-36 5.6407e-36 9.0938e-40 6.9783e-36 6.9288e-21 1.4897e-17 ] 9.9995e-01
 1.507e+01 4.3368e-05 4.3368e-05 [ 1.4283e-15 9.1574e-11 4.0050e-06 3.9363e-05 ] 1.0658e-17 [ 4.5084e-44 3.5066e-36 2.3870e-36 4.2048e-40 4.3307e-36 4.9190e-21 1.0653e-17 ] 9.9996e-01
 1.519e+01 3.8313e-05 3.8313e-05 [ 9.7510e-16 6.8948e-11 3.3679e-06 3.4945e-05 ] 7.6196e-18 [ 1.4490e-44 1.4057e-36 1.0068e-36 1.9396e-40 2.6868e-36 3.4911e-21 7.6161e-18 ] 9.9996e-01
 1.530e+01 3.3797e-05 3.3797e-05 [ 6.6376e-16 5.1812e-11 2.8264e-06 3.0970e-05 ] 5.4456e-18 [ 4.6314e-45 5.6139e-37 4.2328e-37 8.9253e-41 1.6664e-36 2.4770e-21 5.4431e-18 ] 9.9997e-01
 1.541e+01 2.9770e-05 2.9770e-05 [ 4.5053e-16 3.8860e-11 2.3673e-06 2.7403e-05 ] 3.8908e-18 [ 1.4721e-45 2.2334e-37 1.7738e-37 4.0975e-41 1.0332e-36 1.7569e-21 3.8890e-18 ] 9.9997e-01
 1.553e+01 2.6185e-05 2.6185e-05 [ 3.0491e-16 2.9090e-11 1.9788e-06 2.4206e-05 ] 2.7791e-18 [ 4.6536e-46 8.8521e-38 7.4089e-38 1.8767e-41 6.4044e-37 1.2458e-21 2.7778e-18 ] 9.9997e-01
 1.564e+01 2.2998e-05 2.2998e-05 [ 2.0578e-16 2.1735e-11 1.6508e-06 2.1347e-05 ] 1.9845e-18 [ 1.4630e-46 3.4954e-38 3.0848e-38 8.5758e-42 3.9685e-37 8.8307e-22 1.9836e-18 ] 9.9998e-01
 1.575e+01 2.0170e-05 2.0170e-05 [ 1.3848e-16 1.6209e-11 1.3746e-06 1.8795e-05 ] 1.4167e-18 [ 4.5744e-47 1.3751e-38 1.2803e-38 3.9100e-42 2.4583e-37 6.2577e-22 1.4160e-18 ] 9.9998e-01
 1.587e+01 1.7664e-05 1.7664e-05 [ 9.2927e-17 1.2066e-11 1.1424e-06 1.6522e-05 ] 1.0110e-18 [ 1.4225e-47 5.3898e-39 5.2965e-39 1.7787e-42 1.5224e-37 4.4330e-22 1.0106e-18 ] 9.9998e-01
 1.598e+01 1.5448e-05 1.5448e-05 [ 6.2184e-17 8.9646e-12 9.4763e-07 1.4500e-05 ] 7.2137e-19 [ 4.4000e-48 2.1049e-39 2.1843e-39 8.0745e-43 9.4247e-38 3.1394e-22 7.2106e-19 ] 9.9998e-01
 1.609e+01 1.3490e-05 1.3490e-05 [ 4.1497e-17 6.6483e-12 7.8460e-07 1.2705e-05 ] 5.1456e-19 [ 1.3537e-48 8.1901e-40 8.9801e-40 3.6579e-43 5.8328e-38 2.2225e-22 5.1434e-19 ] 9.9999e-01
 1.621e+01 1.1764e-05 1.1764e-05 [ 2.7615e-17 4.9215e-12 6.4843e-07 1.1115e-05 ] 3.6694e-19 [ 4.1425e-49 3.1753e-40 3.6804e-40 1.6538e-43 3.6088e-38 1.5729e-22 3.6679e-19 ] 9.9999e-01
 1.632e+01 1.0244e-05 1.0244e-05 [ 1.8326e-17 3.6366e-12 5.3491e-07 9.7091e-06 ] 2.6161e-19 [ 1.2610e-49 1.2266e-40 1.5038e-40 7.4637e-44 2.2321e-38 1.1128e-22 2.6150e-19 ] 9.9999e-01
 1.643e+01 8.9080e-06 8.9080e-06 [ 1.2129e-17 2.6823e-12 4.4047e-07 8.4675e-06 ] 1.8647e-19 [ 3.8186e-50 4.7216e-41 6.1255e-41 3.3629e-44 1.3801e-38 7.8705e-23 1.8639e-19 ] 9.9999e-01
 1.655e+01 7.7354e-06 7.7354e-06 [ 8.0058e-18 1.9749e-12 3.6206e-07 7.3733e-06 ] 1.3288e-19 [ 1.1503e-50 1.8110e-41 2.4877e-41 1.5131e-44 8.5312e-39 5.5645e-23 1.3282e-19 ] 9.9999e-01
 1.666e+01 6.7078e-06 6.7078e-06 [ 5.2700e-18 1.4514e-12 2.9708e-07 6.4107e-06 ] 9.4665e-20 [ 3.4475e-51 6.9216e-42 1.0073e-41 6.8015e-45 5.2719e-39 3.9328e-23 9.4625e-20 ] 9.9999e-01
 1.677e+01 5.8086e-06 5.8086e-06 [ 3.4598e-18 1.0648e-12 2.4334e-07 5.5653e-06 ] 6.7426e-20 [ 1.0279e-51 2.6361e-42 4.0666e-42 3.0556e-45 3.2568e-39 2.7786e-23 6.7399e-20 ] 9.9999e-01
 1.689e+01 5.0230e-06 5.0230e-06 [ 2.2654e-18 7.7986e-13 1.9898e-07 4.8240e-06 ] 4.8014e-20 [ 3.0493e-52 1.0004e-42 1.6370e-42 1.3729e-45 2.0113e-39 1.9624e-23 4.7995e-20 ] 9.9999e-01
 1.700e+01 4.3377e-06 4.3377e-06 [ 1.4794e-18 5.7014e-13 1.6243e-07 4.1752e-06 ] 3.4184e-20 [ 9.0003e-53 3.7833e-43 6.5708e-43 6.1744e-46 1.2418e-39 1.3855e-23 3.4170e-20 ] 1.0000e+00
 1.711e+01 3.7407e-06 3.7407e-06 [ 9.6362e-19 4.1610e-13 1.3237e-07 3.6083e-06 ] 2.4332e-20 [ 2.6433e-53 1.4258e-43 2.6300e-43 2.7828e-46 7.6647e-40 9.7783e-24 2.4322e-20 ] 1.0000e+00
 1.723e+01 3.2214e-06 3.2214e-06 [ 6.2603e-19 3.0316e-13 1.0769e-07 3.1138e-06 ] 1.7315e-20 [ 7.7249e-54 5.3545e-44 1.0498e-43 1.2589e-46 4.7294e-40 6.8986e-24 1.7308e-20 ] 1.0000e+00
 1.734e+01 2.7705e-06 2.7705e-06 [ 4.0566e-19 2.2049e-13 8.7473e-08 2.6830e-06 ] 1.2320e-20 [ 2.2465e-54 2.0039e-44 4.1787e-44 5.7277e-47 2.9174e-40 4.8652e-24 1.2315e-20 ] 1.0000e+00
 1.745e+01 2.3794e-06 2.3794e-06 [ 2.6219e-19 1.6009e-13 7.0934e-08 2.3085e-06 ] 8.7635e-21 [ 6.5016e-55 7.4739e-45 1.6589e-44 2.6276e-47 1.7992e-40 3.4299e-24 8.7601e-21 ] 1.0000e+00
 1.757e+01 2.0408e-06 2.0408e-06 [ 1.6903e-19 1.1605e-13 5.7430e-08 1.9834e-06 ] 6.2326e-21 [ 1.8726e-55 2.7779e-45 6.5683e-45 1.2192e-47 1.1092e-40 2.4171e-24 6.2302e-21 ] 1.0000e+00
 1.768e+01 1.7480e-06 1.7480e-06 [ 1.0870e-19 8.3974e-14 4.6423e-08 1.7015e-06 ] 4.4317e-21 [ 5.3679e-56 1.0289e-45 2.5939e-45 5.7428e-48 6.8366e-41 1.7027e-24 4.4300e-21 ] 1.0000e+00
 1.779e+01 1.4952e-06 1.4952e-06 [ 6.9729e-20 6.0665e-14 3.7466e-08 1.4577e-06 ] 3.1506e-21 [ 1.5315e-56 3.7982e-46 1.0218e-45 2.7564e-48 4.2126e-41 1.1990e-24 3.1494e-21 ] 1.0000e+00
 1.791e+01 1.2772e-06 1.2772e-06 [ 4.4619e-20 4.3753e-14 3.0191e-08 1.2470e-06 ] 2.2394e-21 [ 4.3492e-57 1.3973e-46 4.0148e-46 1.3533e-48 2.5951e-41 8.4399e-25 2.2385e-21 ] 1.0000e+00
 1.802e+01 1.0895e-06 1.0895e-06 [ 2.8481e-20 3.1504e-14 2.4291e-08 1.0653e-06 ] 1.5914e-21 [ 1.2294e-57 5.1230e-47 1.5737e-46 6.8166e-49 1.5982e-41 5.9386e-25 1.5908e-21 ] 1.0000e+00
 1.813e+01 9.2823e-07 9.2823e-07 [ 1.8135e-20 2.2647e-14 1.9514e-08 9.0871e-07 ] 1.1307e-21 [ 3.4594e-58 1.8720e-47 6.1537e-47 3.5295e-49 9.8399e-42 4.1770e-25 1.1303e-21 ] 1.0000e+00
 1.825e+01 7.8974e-07 7.8974e-07 [ 1.1520e-20 1.6253e-14 1.5654e-08 7.7409e-07 ] 8.0323e-22 [ 9.6907e-59 6.8172e-48 2.4007e-47 1.8792e-49 6.0569e-42 2.9368e-25 8.0294e-22 ] 1.0000e+00
 1.836e+01 6.7103e-07 6.7103e-07 [ 7.2998e-21 1.1645e-14 1.2538e-08 6.5849e-07 ] 5.7049e-22 [ 2.7025e-59 2.4743e-48 9.3446e-48 1.0275e-49 3.7273e-42 2.0640e-25 5.7029e-22 ] 1.0000e+00
 1.847e+01 5.6941e-07 5.6941e-07 [ 4.6147e-21 8.3304e-15 1.0028e-08 5.5938e-07 ] 4.0511e-22 [ 7.5036e-60 8.9507e-49 3.6293e-48 5.7541e-50 2.2932e-42 1.4500e-25 4.0497e-22 ] 1.0000e+00
 1.859e+01 4.8254e-07 4.8254e-07 [ 2.9104e-21 5.9495e-15 8.0087e-09 4.7453e-07 ] 2.8763e-22 [ 2.0743e-60 3.2271e-49 1.4065e-48 3.2892e-50 1.4105e-42 1.0183e-25 2.8752e-22 ] 1.0000e+00
 1.870e+01 4.0839e-07 4.0839e-07 [ 1.8312e-21 4.2423e-15 6.3869e-09 4.0200e-07 ] 2.0417e-22 [ 5.7097e-61 1.1597e-49 5.4395e-49 1.9120e-50 8.6738e-43 7.1484e-26 2.0410e-22 ] 1.0000e+00
 1.881e+01 3.4518e-07 3.4518e-07 [ 1.1495e-21 3.0201e-15 5.0864e-09 3.4010e-07 ] 1.4491e-22 [ 1.5650e-61 4.1537e-50 2.0993e-49 1.1264e-50 5.3327e-43 5.0161e-26 1.4486e-22 ] 1.0000e+00
 1.893e+01 2.9138e-07 2.9138e-07 [ 7.1992e-22 2.1466e-15 4.0450e-09 2.8733e-07 ] 1.0283e-22 [ 4.2713e-62 1.4829e-50 8.0863e-50 6.7031e-51 3.2778e-43 3.5184e-26 1.0279e-22 ] 1.0000e+00
 1.904e+01 2.4564e-07 2.4564e-07 [ 4.4984e-22 1.5234e-15 3.2124e-09 2.4243e-07 ] 7.2951e-23 [ 1.1610e-62 5.2766e-51 3.1088e-50 4.0198e-51 2.0143e-43 2.4670e-26 7.2927e-23 ] 1.0000e+00
 1.915e+01 2.0682e-07 2.0682e-07 [ 2.8044e-22 1.0794e-15 2.5477e-09 2.0427e-07 ] 5.1747e-23 [ 3.1426e-63 1.8716e-51 1.1929e-50 2.4242e-51 1.2376e-43 1.7291e-26 5.1730e-23 ] 1.0000e+00
 1.927e+01 1.7390e-07 1.7390e-07 [ 1.7444e-22 7.6356e-16 2.0178e-09 1.7189e-07 ] 3.6699e-23 [ 8.4723e-64 6.6169e-52 4.5694e-51 1.4679e-51 7.6021e-44 1.2114e-26 3.6687e-23 ] 1.0000e+00
 1.938e+01 1.4604e-07 1.4604e-07 [ 1.0826e-22 5.3931e-16 1.5960e-09 1.4444e-07 ] 2.6023e-23 [ 2.2749e-64 2.3319e-52 1.7472e-51 8.9142e-52 4.6688e-44 8.4838e-27 2.6014e-23 ] 1.0000e+00
 1.949e+01 1.2249e-07 1.2249e-07 [ 6.7038e-23 3.8033e-16 1.2607e-09 1.2122e-07 ] 1.8448e-23 [ 6.0845e-65 8.1917e-53 6.6698e-52 5.4247e-52 2.8667e-44 5.9392e-27 1.8443e-23 ] 1.0000e+00
 1.961e+01 1.0260e-07 1.0260e-07 [ 4.1420e-23 2.6780e-16 9.9452e-10 1.0160e-07 ] 1.3076e-23 [ 1.6210e-65 2.8686e-53 2.5420e-52 3.3060e-52 1.7599e-44 4.1562e-27 1.3072e-23 ] 1.0000e+00
 1.972e+01 8.5831e-08 8.5831e-08 [ 2.5536e-23 1.8827e-16 7.8355e-10 8.5048e-08 ] 9.2669e-24 [ 4.3019e-66 1.0014e-53 9.6726e-53 2.0169e-52 1.0802e-44 2.9074e-27 9.2640e-24 ] 1.0000e+00
 1.983e+01 7.1713e-08 7.1713e-08 [ 1.5709e-23 1.3215e-16 6.1655e-10 7.1097e-08 ] 6.5659e-24 [ 1.1373e-66 3.4847e-54 3.6750e-53 1.2313e-52 6.6289e-45 2.0330e-27 6.5639e-24 ] 1.0000e+00
 1.995e+01 5.9842e-08 5.9842e-08 [ 9.6430e-24 9.2620e-17 4.8454e-10 5.9358e-08 ] 4.6513e-24 [ 2.9955e-67 1.2089e-54 1.3943e-53 7.5203e-53 4.0673e-45 1.4210e-27 4.6498e-24 ] 1.0000e+00
 2.006e+01 4.9874e-08 4.9874e-08 [ 5.9066e-24 6.4814e-17 3.8031e-10 4.9493e-08 ] 3.2943e-24 [ 7.8605e-68 4.1807e-55 5.2823e-54 4.5947e-53 2.4951e-45 9.9290e-28 3.2933e-24 ] 1.0000e+00
 2.017e+01 4.1514e-08 4.1514e-08 [ 3.6102e-24 4.5287e-17 2.9814e-10 4.1216e-08 ] 2.3327e-24 [ 2.0551e-68 1.4414e-55 1.9985e-54 2.8079e-53 1.5304e-45 6.9350e-28 2.3320e-24 ] 1.0000e+00
 2.029e+01 3.4512e-08 3.4512e-08 [ 2.2020e-24 3.1594e-17 2.3344e-10 3.4279e-08 ] 1.6515e-24 [ 5.3535e-69 4.9546e-56 7.5514e-55 1.7162e-53 9.3856e-46 4.8420e-28 1.6510e-24 ] 1.0000e+00
 2.040e+01 2.8656e-08 2.8656e-08 [ 1.3403e-24 2.2008e-17 1.8256e-10 2.8473e-08 ] 1.1689e-24 [ 1.3896e-69 1.6979e-56 2.8497e-55 1.0490e-53 5.7549e-46 3.3794e-28 1.1686e-24 ] 1.0000e+00
 2.051e+01 2.3764e-08 2.3764e-08 [ 8.1405e-25 1.5307e-17 1.4260e-10 2.3621e-08 ] 8.2722e-25 [ 3.5943e-70 5.8010e-57 1.0741e-55 6.4124e-54 3.5282e-46 2.3577e-28 8.2698e-25 ] 1.0000e+00
 2.063e+01 1.9683e-08 1.9683e-08 [ 4.9342e-25 1.0631e-17 1.1126e-10 1.9571e-08 ] 5.8527e-25 [ 9.2646e-71 1.9761e-57 4.0438e-56 3.9199e-54 2.1627e-46 1.6443e-28 5.8510e-25 ] 1.0000e+00
 2.074e+01 1.6283e-08 1.6283e-08 [ 2.9846e-25 7.3717e-18 8.6706e-11 1.6196e-08 ] 4.1399e-25 [ 2.3798e-71 6.7114e-58 1.5207e-56 2.3962e-54 1.3256e-46 1.1463e-28 4.1388e-25 ] 1.0000e+00
 2.085e+01 1.3453e-08 1.3453e-08 [ 1.8017e-25 5.1041e-18 6.7492e-11 1.3386e-08 ] 2.9277e-25 [ 6.0922e-72 2.2727e-58 5.7123e-57 1.4648e-54 8.1232e-47 7.9886e-29 2.9269e-25 ] 1.0000e+00
 2.097e+01 1.1102e-08 1.1102e-08 [ 1.0854e-25 3.5287e-18 5.2477e-11 1.1050e-08 ] 2.0700e-25 [ 1.5544e-72 7.6738e-59 2.1435e-57 8.9546e-55 4.9774e-47 5.5652e-29 2.0694e-25 ] 1.0000e+00
 2.108e+01 9.1509e-09 9.1509e-09 [ 6.5257e-26 2.4359e-18 4.0757e-11 9.1101e-09 ] 1.4632e-25 [ 3.9526e-73 2.5836e-59 8.0351e-58 5.4739e-55 3.0495e-47 3.8755e-29 1.4628e-25 ] 1.0000e+00
 2.119e+01 7.5334e-09 7.5334e-09 [ 3.9156e-26 1.6790e-18 3.1619e-11 7.5018e-09 ] 1.0340e-25 [ 1.0018e-73 8.6731e-60 3.0090e-58 3.3461e-55 1.8681e-47 2.6978e-29 1.0338e-25 ] 1.0000e+00
 2.131e+01 6.1944e-09 6.1944e-09 [ 2.3448e-26 1.1556e-18 2.4503e-11 6.1699e-09 ] 7.3058e-26 [ 2.5311e-74 2.9033e-60 1.1257e-58 2.0454e-55 1.1442e-47 1.8773e-29 7.3039e-26 ] 1.0000e+00
 2.142e+01 5.0873e-09 5.0873e-09 [ 1.4014e-26 7.9413e-19 1.8968e-11 5.0684e-09 ] 5.1604e-26 [ 6.3742e-75 9.6912e-61 4.2077e-59 1.2503e-55 7.0077e-48 1.3059e-29 5.1591e-26 ] 1.0000e+00
 2.153e+01 4.1732e-09 4.1732e-09 [ 8.3593e-27 5.4493e-19 1.4668e-11 4.1585e-09 ] 3.6441e-26 [ 1.6002e-75 3.2258e-61 1.5713e-59 7.6422e-56 4.2914e-48 9.0803e-30 3.6432e-26 ] 1.0000e+00
 2.165e+01 3.4192e-09 3.4192e-09 [ 4.9766e-27 3.7338e-19 1.1330e-11 3.4079e-09 ] 2.5727e-26 [ 4.0046e-76 1.0708e-61 5.8621e-60 4.6713e-56 2.6277e-48 6.3116e-30 2.5721e-26 ] 1.0000e+00
 2.176e+01 2.7982e-09 2.7982e-09 [ 2.9571e-27 2.5545e-19 8.7428e-12 2.7894e-09 ] 1.8158e-26 [ 9.9912e-77 3.5444e-62 2.1851e-60 2.8552e-56 1.6088e-48 4.3854e-30 1.8154e-26 ] 1.0000e+00
 2.187e+01 2.2872e-09 2.2872e-09 [ 1.7537e-27 1.7451e-19 6.7393e-12 2.2805e-09 ] 1.2813e-26 [ 2.4851e-77 1.1700e-62 8.1379e-61 1.7452e-56 9.8493e-49 3.0459e-30 1.2810e-26 ] 1.0000e+00
 2.199e+01 1.8674e-09 1.8674e-09 [ 1.0381e-27 1.1904e-19 5.1896e-12 1.8622e-09 ] 9.0384e-27 [ 6.1626e-78 3.8519e-63 3.0281e-61 1.0667e-56 6.0292e-49 2.1147e-30 9.0363e-27 ] 1.0000e+00
 2.210e+01 1.5229e-09 1.5229e-09 [ 6.1332e-28 8.1086e-20 3.9922e-12 1.5189e-09 ] 6.3741e-27 [ 1.5237e-78 1.2646e-63 1.1258e-61 6.5194e-57 3.6904e-49 1.4677e-30 6.3727e-27 ] 1.0000e+00
 2.221e+01 1.2405e-09 1.2405e-09 [ 3.6168e-28 5.5149e-20 3.0680e-12 1.2374e-09 ] 4.4940e-27 [ 3.7561e-79 4.1410e-64 4.1819e-62 3.9846e-57 2.2587e-49 1.0182e-30 4.4929e-27 ] 1.0000e+00
 2.233e+01 1.0093e-09 1.0093e-09 [ 2.1289e-28 3.7454e-20 2.3554e-12 1.0069e-09 ] 3.1675e-27 [ 9.2325e-80 1.3523e-64 1.5521e-62 2.4353e-57 1.3823e-49 7.0607e-31 3.1668e-27 ] 1.0000e+00
 2.244e+01 8.2025e-10 8.2025e-10 [ 1.2508e-28 2.5399e-20 1.8065e-12 8.1844e-10 ] 2.2319e-27 [ 2.2628e-80 4.4046e-65 5.7555e-63 1.4884e-57 8.4587e-50 4.8944e-31 2.2314e-27 ] 1.0000e+00
 2.255e+01 6.6585e-10 6.6585e-10 [ 7.3354e-29 1.7199e-20 1.3841e-12 6.6447e-10 ] 1.5722e-27 [ 5.5303e-81 1.4308e-65 2.1325e-63 9.0964e-58 5.1758e-50 3.3913e-31 1.5718e-27 ] 1.0000e+00
 2.267e+01 5.3990e-10 5.3990e-10 [ 4.2940e-29 1.1629e-20 1.0595e-12 5.3885e-10 ] 1.1071e-27 [ 1.3478e-81 4.6360e-66 7.8942e-64 5.5593e-58 3.1669e-50 2.3488e-31 1.1069e-27 ] 1.0000e+00
 2.278e+01 4.3729e-10 4.3729e-10 [ 2.5091e-29 7.8517e-21 8.1025e-13 4.3648e-10 ] 7.7942e-28 [ 3.2755e-82 1.4982e-66 2.9198e-64 3.3975e-58 1.9375e-50 1.6261e-31 7.7926e-28 ] 1.0000e+00
 2.289e+01 3.5378e-10 3.5378e-10 [ 1.4635e-29 5.2935e-21 6.1903e-13 3.5316e-10 ] 5.4854e-28 [ 7.9386e-83 4.8295e-67 1.0790e-64 2.0764e-58 1.1853e-50 1.1252e-31 5.4843e-28 ] 1.0000e+00
 2.301e+01 2.8589e-10 2.8589e-10 [ 8.5210e-30 3.5636e-21 4.7249e-13 2.8542e-10 ] 3.8594e-28 [ 1.9188e-83 1.5528e-67 3.9839e-65 1.2689e-58 7.2510e-51 7.7832e-32 3.8586e-28 ] 1.0000e+00
 2.312e+01 2.3078e-10 2.3078e-10 [ 4.9524e-30 2.3956e-21 3.6030e-13 2.3042e-10 ] 2.7145e-28 [ 4.6252e-84 4.9801e-68 1.4696e-65 7.7548e-59 4.4354e-51 5.3811e-32 2.7139e-28 ] 1.0000e+00
 2.323e+01 1.8609e-10 1.8609e-10 [ 2.8733e-30 1.6080e-21 2.7450e-13 1.8581e-10 ] 1.9086e-28 [ 1.1119e-84 1.5932e-68 5.4165e-66 4.7391e-59 2.7130e-51 3.7186e-32 1.9082e-28 ] 1.0000e+00
 2.335e+01 1.4988e-10 1.4988e-10 [ 1.6641e-30 1.0778e-21 2.0893e-13 1.4967e-10 ] 1.3416e-28 [ 2.6661e-85 5.0841e-69 1.9945e-66 2.8961e-59 1.6594e-51 2.5685e-32 1.3413e-28 ] 1.0000e+00
 2.346e+01 1.2059e-10 1.2059e-10 [ 9.6212e-31 7.2139e-22 1.5888e-13 1.2043e-10 ] 9.4268e-29 [ 6.3757e-86 1.6184e-69 7.3372e-67 1.7698e-59 1.0149e-51 1.7732e-32 9.4250e-29 ] 1.0000e+00
 2.357e+01 9.6918e-11 9.6918e-11 [ 5.5530e-31 4.8213e-22 1.2071e-13 9.6797e-11 ] 6.6218e-29 [ 1.5208e-86 5.1393e-70 2.6966e-67 1.0816e-59 6.2066e-52 1.2236e-32 6.6206e-29 ] 1.0000e+00
 2.369e+01 7.7808e-11 7.7808e-11 [ 3.1994e-31 3.2176e-22 9.1629e-14 7.7716e-11 ] 4.6500e-29 [ 3.6181e-87 1.6280e-70 9.9013e-68 6.6094e-60 3.7956e-52 8.4390e-33 4.6491e-29 ] 1.0000e+00
 2.380e+01 6.2399e-11 6.2399e-11 [ 1.8403e-31 2.1443e-22 6.9490e-14 6.2330e-11 ] 3.2642e-29 [ 8.5859e-88 5.1447e-71 3.6319e-68 4.0389e-60 2.3211e-52 5.8171e-33 3.2636e-29 ] 1.0000e+00
 2.391e+01 4.9988e-11 4.9988e-11 [ 1.0567e-31 1.4269e-22 5.2653e-14 4.9935e-11 ] 2.2907e-29 [ 2.0324e-88 1.6219e-71 1.3309e-68 2.4681e-60 1.4193e-52 4.0077e-33 2.2903e-29 ] 1.0000e+00
 2.403e+01 4.0003e-11 4.0003e-11 [ 6.0577e-32 9.4817e-23 3.9860e-14 3.9963e-11 ] 1.6070e-29 [ 4.7988e-89 5.1009e-72 4.8723e-69 1.5082e-60 8.6787e-53 2.7596e-33 1.6067e-29 ] 1.0000e+00
 2.414e+01 3.1979e-11 3.1979e-11 [ 3.4668e-32 6.2915e-23 3.0149e-14 3.1948e-11 ] 1.1269e-29 [ 1.1303e-89 1.6004e-72 1.7818e-69 9.2165e-61 5.3065e-53 1.8991e-33 1.1268e-29 ] 1.0000e+00
 2.425e+01 2.5537e-11 2.5537e-11 [ 1.9807e-32 4.1687e-23 2.2784e-14 2.5514e-11 ] 7.9005e-30 [ 2.6558e-90 5.0097e-73 6.5092e-70 5.6320e-61 3.2445e-53 1.3062e-33 7.8992e-30 ] 1.0000e+00
 2.437e+01 2.0372e-11 2.0372e-11 [ 1.1298e-32 2.7582e-23 1.7203e-14 2.0354e-11 ] 5.5368e-30 [ 6.2250e-91 1.5645e-73 2.3754e-70 3.4415e-61 1.9837e-53 8.9783e-34 5.5359e-30 ] 1.0000e+00
 2.448e+01 1.6234e-11 1.6234e-11 [ 6.4339e-33 1.8223e-23 1.2977e-14 1.6221e-11 ] 3.8790e-30 [ 1.4556e-91 4.8745e-74 8.6591e-71 2.1030e-61 1.2128e-53 6.1677e-34 3.8783e-30 ] 1.0000e+00
 2.459e+01 1.2924e-11 1.2924e-11 [ 3.6580e-33 1.2023e-23 9.7815e-15 1.2914e-11 ] 2.7166e-30 [ 3.3955e-92 1.5152e-74 3.1530e-71 1.2851e-61 7.4145e-54 4.2344e-34 2.7162e-30 ] 1.0000e+00
 2.471e+01 1.0278e-11 1.0278e-11 [ 2.0764e-33 7.9210e-24 7.3663e-15 1.0270e-11 ] 1.9019e-30 [ 7.9022e-93 4.6993e-75 1.1468e-71 7.8526e-62 4.5328e-54 2.9053e-34 1.9016e-30 ] 1.0000e+00
 2.482e+01 8.1650e-12 8.1650e-12 [ 1.1767e-33 5.2110e-24 5.5427e-15 8.1595e-12 ] 1.3310e-30 [ 1.8347e-93 1.4541e-75 4.1665e-72 4.7984e-62 2.7710e-54 1.9920e-34 1.3308e-30 ] 1.0000e+00
 2.493e+01 6.4801e-12 6.4801e-12 [ 6.6579e-34 3.4234e-24 4.1670e-15 6.4759e-12 ] 9.3123e-31 [ 4.2501e-94 4.4895e-76 1.5120e-72 2.9321e-62 1.6939e-54 1.3650e-34 9.3109e-31 ] 1.0000e+00
 2.505e+01 5.1377e-12 5.1377e-12 [ 3.7611e-34 2.2458e-24 3.1301e-15 5.1345e-12 ] 6.5128e-31 [ 9.8226e-95 1.3829e-76 5.4803e-73 1.7916e-62 1.0355e-54 9.3468e-35 6.5119e-31 ] 1.0000e+00
 2.516e+01 4.0693e-12 4.0693e-12 [ 2.1214e-34 1.4712e-24 2.3492e-15 4.0669e-12 ] 4.5533e-31 [ 2.2650e-95 4.2506e-77 1.9840e-73 1.0948e-62 6.3297e-55 6.3959e-35 4.5527e-31 ] 1.0000e+00
 2.527e+01 3.2198e-12 3.2198e-12 [ 1.1946e-34 9.6239e-25 1.7616e-15 3.2181e-12 ] 3.1823e-31 [ 5.2111e-96 1.3036e-77 7.1740e-74 6.6896e-63 3.8691e-55 4.3736e-35 3.1819e-31 ] 1.0000e+00
 2.539e+01 2.5452e-12 2.5452e-12 [ 6.7170e-35 6.2867e-25 1.3199e-15 2.5439e-12 ] 2.2233e-31 [ 1.1962e-96 3.9889e-78 2.5908e-74 4.0876e-63 2.3650e-55 2.9886e-35 2.2230e-31 ] 1.0000e+00
 2.550e+01 2.0099e-12 2.0099e-12 [ 3.7709e-35 4.1009e-25 9.8809e-16 2.0089e-12 ] 1.5528e-31 [ 2.7400e-97 1.2179e-78 9.3450e-75 2.4977e-63 1.4456e-55 2.0407e-35 1.5526e-31 ] 1.0000e+00
 2.561e+01 1.5857e-12 1.5857e-12 [ 2.1137e-35 2.6713e-25 7.3909e-16 1.5849e-12 ] 1.0841e-31 [ 6.2623e-98 3.7106e-79 3.3665e-75 1.5262e-63 8.8357e-56 1.3924e-35 1.0840e-31 ] 1.0000e+00
 2.573e+01 1.2497e-12 1.2497e-12 [ 1.1830e-35 1.7377e-25 5.5237e-16 1.2492e-12 ] 7.5661e-32 [ 1.4282e-98 1.1281e-79 1.2112e-75 9.3256e-64 5.4005e-56 9.4939e-36 7.5651e-32 ] 1.0000e+00
 2.584e+01 9.8403e-13 9.8403e-13 [ 6.6112e-36 1.1287e-25 4.1248e-16 9.8362e-13 ] 5.2787e-32 [ 3.2500e-99 3.4220e-80 4.3520e-76 5.6983e-64 3.3008e-56 6.4682e-36 5.2780e-32 ] 1.0000e+00
 2.595e+01 7.7407e-13 7.7407e-13 [ 3.6890e-36 7.3217e-26 3.0776e-16 7.7376e-13 ] 3.6815e-32 [ 7.3801e-100 1.0359e-80 1.5617e-76 3.4818e-64 2.0174e-56 4.4034e-36 3.6810e-32 ] 1.0000e+00
 2.607e+01 6.0833e-13 6.0833e-13 [ 2.0554e-36 4.7427e-26 2.2943e-16 6.0810e-13 ] 2.5666e-32 [ 1.6724e-100 3.1289e-81 5.5967e-77 2.1275e-64 1.2330e-56 2.9954e-36 2.5663e-32 ] 1.0000e+00
 2.618e+01 4.7762e-13 4.7762e-13 [ 1.1435e-36 3.0679e-26 1.7090e-16 4.7745e-13 ] 1.7888e-32 [ 3.7817e-101 9.4314e-82 2.0030e-77 1.3000e-64 7.5358e-57 2.0360e-36 1.7886e-32 ] 1.0000e+00
 2.629e+01 3.7464e-13 3.7464e-13 [ 6.3521e-37 1.9817e-26 1.2720e-16 3.7452e-13 ] 1.2462e-32 [ 8.5339e-102 2.8369e-82 7.1591e-78 7.9432e-65 4.6056e-57 1.3827e-36 1.2461e-32 ] 1.0000e+00
 2.641e+01 2.9359e-13 2.9359e-13 [ 3.5235e-37 1.2783e-26 9.4588e-17 2.9350e-13 ] 8.6790e-33 [ 1.9219e-102 8.5153e-83 2.5553e-78 4.8535e-65 2.8147e-57 9.3833e-37 8.6780e-33 ] 1.0000e+00
 2.652e+01 2.2986e-13 2.2986e-13 [ 1.9516e-37 8.2345e-27 7.0282e-17 2.2979e-13 ] 6.0421e-33 [ 4.3193e-103 2.5507e-83 9.1078e-79 2.9656e-65 1.7202e-57 6.3622e-37 6.0415e-33 ] 1.0000e+00
 2.663e+01 1.7980e-13 1.7980e-13 [ 1.0794e-37 5.2971e-27 5.2178e-17 1.7975e-13 ] 4.2049e-33 [ 9.6878e-104 7.6244e-84 3.2418e-79 1.8121e-65 1.0513e-57 4.3102e-37 4.2044e-33 ] 1.0000e+00
 2.675e+01 1.4051e-13 1.4051e-13 [ 5.9616e-38 3.4028e-27 3.8706e-17 1.4047e-13 ] 2.9252e-33 [ 2.1686e-104 2.2744e-84 1.1523e-79 1.1072e-65 6.4248e-58 2.9176e-37 2.9249e-33 ] 1.0000e+00
 2.686e+01 1.0971e-13 1.0971e-13 [ 3.2878e-38 2.1829e-27 2.8688e-17 1.0968e-13 ] 2.0342e-33 [ 4.8448e-105 6.7709e-85 4.0899e-80 6.7653e-66 3.9264e-58 1.9732e-37 2.0340e-33 ] 1.0000e+00
 2.697e+01 8.5579e-14 8.5579e-14 [ 1.8107e-38 1.3984e-27 2.1246e-17 8.5557e-14 ] 1.4141e-33 [ 1.0803e-105 2.0116e-85 1.4496e-80 4.1337e-66 2.3995e-58 1.3334e-37 1.4140e-33 ] 1.0000e+00
 2.709e+01 6.6697e-14 6.6697e-14 [ 9.9578e-39 8.9461e-28 1.5721e-17 6.6681e-14 ] 9.8265e-34 [ 2.4040e-106 5.9642e-86 5.1305e-81 2.5258e-66 1.4663e-58 9.0022e-38 9.8256e-34 ] 1.0000e+00
 2.720e+01 5.1934e-14 5.1934e-14 [ 5.4685e-39 5.7154e-28 1.1623e-17 5.1922e-14 ] 6.8258e-34 [ 5.3397e-107 1.7648e-86 1.8132e-81 1.5433e-66 8.9610e-59 6.0724e-38 6.8252e-34 ] 1.0000e+00
 2.731e+01 4.0403e-14 4.0403e-14 [ 2.9990e-39 3.6464e-28 8.5867e-18 4.0394e-14 ] 4.7396e-34 [ 1.1838e-107 5.2115e-87 6.3989e-82 9.4298e-67 5.4761e-59 4.0925e-38 4.7392e-34 ] 1.0000e+00
 2.743e+01 3.1404e-14 3.1404e-14 [ 1.6424e-39 2.3232e-28 6.3381e-18 3.1398e-14 ] 3.2898e-34 [ 2.6195e-108 1.5359e-87 2.2549e-82 5.7618e-67 3.3464e-59 2.7556e-38 3.2895e-34 ] 1.0000e+00
 2.754e+01 2.4388e-14 2.4388e-14 [ 8.9822e-40 1.4781e-28 4.6745e-18 2.4384e-14 ] 2.2825e-34 [ 5.7859e-109 4.5177e-88 7.9344e-83 3.5205e-67 2.0450e-59 1.8538e-38 2.2823e-34 ] 1.0000e+00
 2.765e+01 1.8923e-14 1.8923e-14 [ 4.9056e-40 9.3920e-29 3.4447e-18 1.8920e-14 ] 1.5830e-34 [ 1.2756e-109 1.3262e-88 2.7877e-83 2.1511e-67 1.2496e-59 1.2460e-38 1.5829e-34 ] 1.0000e+00
 2.777e+01 1.4670e-14 1.4670e-14 [ 2.6756e-40 5.9595e-29 2.5363e-18 1.4668e-14 ] 1.0975e-34 [ 2.8072e-110 3.8856e-89 9.7801e-84 1.3143e-67 7.6363e-60 8.3668e-39 1.0974e-34 ] 1.0000e+00
 2.788e+01 1.1363e-14 1.1363e-14 [ 1.4573e-40 3.7764e-29 1.8660e-18 1.1361e-14 ] 7.6055e-35 [ 6.1667e-111 1.1362e-89 3.4260e-84 8.0308e-68 4.6664e-60 5.6132e-39 7.6050e-35 ] 1.0000e+00
 2.799e+01 8.7939e-15 8.7939e-15 [ 7.9270e-41 2.3898e-29 1.3716e-18 8.7926e-15 ] 5.2684e-35 [ 1.3523e-111 3.3159e-90 1.1983e-84 4.9069e-68 2.8515e-60 3.7623e-39 5.2680e-35 ] 1.0000e+00
 2.811e+01 6.7999e-15 6.7999e-15 [ 4.3061e-41 1.5102e-29 1.0074e-18 6.7989e-15 ] 3.6480e-35 [ 2.9601e-112 9.6587e-91 4.1852e-85 2.9982e-68 1.7425e-60 2.5193e-39 3.6477e-35 ] 1.0000e+00
 2.822e+01 5.2535e-15 5.2535e-15 [ 2.3360e-41 9.5315e-30 7.3932e-19 5.2528e-15 ] 2.5248e-35 [ 6.4684e-113 2.8080e-91 1.4595e-85 1.8319e-68 1.0648e-60 1.6854e-39 2.5247e-35 ] 1.0000e+00
 2.833e+01 4.0554e-15 4.0554e-15 [ 1.2656e-41 6.0074e-30 5.4211e-19 4.0549e-15 ] 1.7468e-35 [ 1.4111e-113 8.1481e-92 5.0817e-86 1.1193e-68 6.5064e-61 1.1265e-39 1.7467e-35 ] 1.0000e+00
 2.845e+01 3.1279e-15 3.1279e-15 [ 6.8481e-42 3.7813e-30 3.9717e-19 3.1275e-15 ] 1.2079e-35 [ 3.0729e-114 2.3599e-92 1.7667e-86 6.8391e-69 3.9758e-61 7.5220e-40 1.2079e-35 ] 1.0000e+00
 2.856e+01 2.4105e-15 2.4105e-15 [ 3.7006e-42 2.3769e-30 2.9075e-19 2.4102e-15 ] 8.3495e-36 [ 6.6809e-115 6.8218e-93 6.1327e-87 4.1788e-69 2.4294e-61 5.0179e-40 8.3490e-36 ] 1.0000e+00
 2.867e+01 1.8561e-15 1.8561e-15 [ 1.9971e-42 1.4921e-30 2.1266e-19 1.8559e-15 ] 5.7688e-36 [ 1.4501e-115 1.9683e-93 2.1255e-87 2.5533e-69 1.4845e-61 3.3442e-40 5.7684e-36 ] 1.0000e+00
 2.879e+01 1.4281e-15 1.4281e-15 [ 1.0764e-42 9.3544e-31 1.5542e-19 1.4279e-15 ] 3.9839e-36 [ 3.1422e-116 5.6685e-94 7.3555e-88 1.5601e-69 9.0711e-62 2.2267e-40 3.9837e-36 ] 1.0000e+00
 2.890e+01 1.0978e-15 1.0978e-15 [ 5.7944e-43 5.8567e-31 1.1349e-19 1.0977e-15 ] 2.7500e-36 [ 6.7979e-117 1.6295e-94 2.5415e-88 9.5321e-70 5.5429e-62 1.4811e-40 2.7498e-36 ] 1.0000e+00
 2.901e+01 8.4326e-16 8.4326e-16 [ 3.1152e-43 3.6620e-31 8.2800e-20 8.4317e-16 ] 1.8973e-36 [ 1.4683e-117 4.6753e-95 8.7677e-89 5.8242e-70 3.3869e-62 9.8426e-41 1.8972e-36 ] 1.0000e+00
 2.913e+01 6.4720e-16 6.4720e-16 [ 1.6727e-43 2.2867e-31 6.0361e-20 6.4714e-16 ] 1.3084e-36 [ 3.1665e-118 1.3390e-95 3.0200e-89 3.5586e-70 2.0696e-62 6.5344e-41 1.3084e-36 ] 1.0000e+00
 2.924e+01 4.9633e-16 4.9633e-16 [ 8.9702e-44 1.4261e-31 4.3966e-20 4.9628e-16 ] 9.0188e-37 [ 6.8180e-119 3.8279e-96 1.0386e-89 2.1743e-70 1.2646e-62 4.3339e-41 9.0184e-37 ] 1.0000e+00
 2.935e+01 3.8032e-16 3.8032e-16 [ 4.8045e-44 8.8817e-32 3.1997e-20 3.8029e-16 ] 6.2134e-37 [ 1.4657e-119 1.0923e-96 3.5663e-90 1.3285e-70 7.7271e-63 2.8717e-41 6.2131e-37 ] 1.0000e+00
 2.947e+01 2.9119e-16 2.9119e-16 [ 2.5702e-44 5.5244e-32 2.3267e-20 2.9117e-16 ] 4.2785e-37 [ 3.1463e-120 3.1112e-97 1.2227e-90 8.1173e-71 4.7215e-63 1.9009e-41 4.2783e-37 ] 1.0000e+00
 2.958e+01 2.2278e-16 2.2278e-16 [ 1.3732e-44 3.4317e-32 1.6905e-20 2.2276e-16 ] 2.9446e-37 [ 6.7435e-121 8.8459e-98 4.1852e-91 4.9597e-71 2.8850e-63 1.2571e-41 2.9445e-37 ] 1.0000e+00
 2.969e+01 1.7030e-16 1.7030e-16 [ 7.3280e-45 2.1290e-32 1.2272e-20 1.7029e-16 ] 2.0255e-37 [ 1.4432e-121 2.5106e-98 1.4303e-91 3.0304e-71 1.7628e-63 8.3052e-42 2.0254e-37 ] 1.0000e+00
 2.981e+01 1.3009e-16 1.3009e-16 [ 3.9058e-45 1.3191e-32 8.9011e-21 1.3008e-16 ] 1.3926e-37 [ 3.0840e-122 7.1125e-99 4.8806e-92 1.8516e-71 1.0772e-63 5.4816e-42 1.3925e-37 ] 1.0000e+00
 2.992e+01 9.9289e-17 9.9289e-17 [ 2.0793e-45 8.1620e-33 6.4508e-21 9.9283e-17 ] 9.5688e-38 [ 6.5807e-123 2.0114e-99 1.6627e-92 1.1313e-71 6.5817e-64 3.6144e-42 9.5684e-38 ] 1.0000e+00
 3.003e+01 7.5724e-17 7.5724e-17 [ 1.1056e-45 5.0439e-33 4.6711e-21 7.5720e-17 ] 6.5715e-38 [ 1.4022e-123 5.6783e-100 5.6557e-93 6.9125e-72 4.0216e-64 2.3809e-42 6.5712e-38 ] 1.0000e+00
 3.015e+01 5.7708e-17 5.7708e-17 [ 5.8716e-46 3.1130e-33 3.3795e-21 5.7704e-17 ] 4.5105e-38 [ 2.9835e-124 1.6002e-100 1.9207e-93 4.2235e-72 2.4573e-64 1.5669e-42 4.5103e-38 ] 1.0000e+00
 3.026e+01 4.3944e-17 4.3944e-17 [ 3.1147e-46 1.9189e-33 2.4430e-21 4.3941e-17 ] 3.0941e-38 [ 6.3393e-125 4.5015e-101 6.5126e-94 2.5806e-72 1.5015e-64 1.0301e-42 3.0940e-38 ] 1.0000e+00
 3.037e+01 3.3437e-17 3.3437e-17 [ 1.6503e-46 1.1813e-33 1.7645e-21 3.3435e-17 ] 2.1213e-38 [ 1.3451e-125 1.2641e-101 2.2047e-94 1.5767e-72 9.1743e-65 6.7661e-43 2.1212e-38 ] 1.0000e+00
 3.049e+01 2.5423e-17 2.5423e-17 [ 8.7336e-47 7.2627e-34 1.2734e-21 2.5422e-17 ] 1.4535e-38 [ 2.8501e-126 3.5437e-102 7.4519e-95 9.6340e-73 5.6057e-65 4.4397e-43 1.4535e-38 ] 1.0000e+00
 3.060e+01 1.9315e-17 1.9315e-17 [ 4.6166e-47 4.4596e-34 9.1818e-22 1.9314e-17 ] 9.9533e-39 [ 6.0309e-127 9.9171e-103 2.5147e-95 5.8864e-73 3.4252e-65 2.9104e-43 9.9530e-39 ] 1.0000e+00
 3.071e+01 1.4664e-17 1.4664e-17 [ 2.4376e-47 2.7349e-34 6.6149e-22 1.4663e-17 ] 6.8117e-39 [ 1.2745e-127 2.7706e-103 8.4728e-96 3.5966e-73 2.0929e-65 1.9060e-43 6.8115e-39 ] 1.0000e+00
 3.083e+01 1.1124e-17 1.1124e-17 [ 1.2856e-47 1.6751e-34 4.7616e-22 1.1124e-17 ] 4.6589e-39 [ 2.6896e-128 7.7269e-104 2.8502e-96 2.1975e-73 1.2788e-65 1.2470e-43 4.6588e-39 ] 1.0000e+00
 3.094e+01 8.4324e-18 8.4324e-18 [ 6.7723e-48 1.0247e-34 3.4246e-22 8.4321e-18 ] 3.1845e-39 [ 5.6689e-129 2.1513e-104 9.5725e-97 1.3427e-73 7.8136e-66 8.1510e-44 3.1844e-39 ] 1.0000e+00
 3.105e+01 6.3874e-18 6.3874e-18 [ 3.5636e-48 6.2604e-35 2.4609e-22 6.3871e-18 ] 2.1753e-39 [ 1.1933e-129 5.9796e-105 3.2099e-97 8.2038e-74 4.7742e-66 5.3226e-44 2.1752e-39 ] 1.0000e+00
 3.117e+01 4.8347e-18 4.8347e-18 [ 1.8731e-48 3.8200e-35 1.7669e-22 4.8345e-18 ] 1.4850e-39 [ 2.5086e-130 1.6592e-105 1.0746e-97 5.0126e-74 2.9171e-66 3.4724e-44 1.4849e-39 ] 1.0000e+00
 3.128e+01 3.6567e-18 3.6567e-18 [ 9.8341e-49 2.3280e-35 1.2675e-22 3.6566e-18 ] 1.0131e-39 [ 5.2672e-131 4.5963e-106 3.5921e-98 3.0627e-74 1.7824e-66 2.2631e-44 1.0131e-39 ] 1.0000e+00
 3.139e+01 2.7638e-18 2.7638e-18 [ 5.1574e-49 1.4170e-35 9.0853e-23 2.7637e-18 ] 6.9068e-40 [ 1.1045e-131 1.2711e-106 1.1988e-98 1.8713e-74 1.0891e-66 1.4736e-44 6.9067e-40 ] 1.0000e+00
 3.151e+01 2.0873e-18 2.0873e-18 [ 2.7018e-49 8.6141e-36 6.5064e-23 2.0872e-18 ] 4.7057e-40 [ 2.3134e-132 3.5095e-107 3.9943e-99 1.1434e-74 6.6544e-67 9.5861e-45 4.7056e-40 ] 1.0000e+00
 3.162e+01 1.5753e-18 1.5753e-18 [ 1.4138e-49 5.2302e-36 4.6556e-23 1.5752e-18 ] 3.2039e-40 [ 4.8396e-133 9.6737e-108 1.3288e-99 6.9860e-75 4.0659e-67 6.2300e-45 3.2039e-40 ] 1.0000e+00
 3.173e+01 1.1880e-18 1.1880e-18 [ 7.3904e-50 3.1717e-36 3.3284e-23 1.1879e-18 ] 2.1799e-40 [ 1.0112e-133 2.6621e-108 4.4134e-100 4.2684e-75 2.4843e-67 4.0451e-45 2.1799e-40 ] 1.0000e+00
 3.185e+01 8.9524e-19 8.9524e-19 [ 3.8590e-50 1.9210e-36 2.3775e-23 8.9522e-19 ] 1.4822e-40 [ 2.1103e-134 7.3137e-109 1.4636e-100 2.6080e-75 1.5179e-67 2.6240e-45 1.4822e-40 ] 1.0000e+00
 3.196e+01 6.7416e-19 6.7416e-19 [ 2.0128e-50 1.1621e-36 1.6968e-23 6.7414e-19 ] 1.0071e-40 [ 4.3991e-135 2.0061e-109 4.8457e-101 1.5935e-75 9.2747e-68 1.7006e-45 1.0071e-40 ] 1.0000e+00
 3.207e+01 5.0731e-19 5.0731e-19 [ 1.0488e-50 7.0210e-37 1.2100e-23 5.0729e-19 ] 6.8378e-41 [ 9.1595e-136 5.4936e-110 1.6018e-101 9.7362e-76 5.6670e-68 1.1011e-45 6.8377e-41 ] 1.0000e+00
 3.219e+01 3.8147e-19 3.8147e-19 [ 5.4587e-51 4.2369e-37 8.6206e-24 3.8147e-19 ] 4.6394e-41 [ 1.9050e-136 1.5020e-110 5.2867e-102 5.9488e-76 3.4626e-68 7.1228e-46 4.6393e-41 ] 1.0000e+00
 3.230e+01 2.8665e-19 2.8665e-19 [ 2.8382e-51 2.5537e-37 6.1366e-24 2.8664e-19 ] 3.1455e-41 [ 3.9574e-137 4.0999e-111 1.7421e-102 3.6347e-76 2.1157e-68 4.6034e-46 3.1455e-41 ] 1.0000e+00
 3.241e+01 2.1524e-19 2.1524e-19 [ 1.4741e-51 1.5373e-37 4.3646e-24 2.1523e-19 ] 2.1311e-41 [ 8.2121e-138 1.1174e-111 5.7313e-103 2.2208e-76 1.2927e-68 2.9724e-46 2.1311e-41 ] 1.0000e+00
 3.253e+01 1.6150e-19 1.6150e-19 [ 7.6486e-52 9.2433e-38 3.1016e-24 1.6150e-19 ] 1.4428e-41 [ 1.7022e-138 3.0404e-112 1.8826e-103 1.3569e-76 7.8984e-69 1.9176e-46 1.4428e-41 ] 1.0000e+00
 3.264e+01 1.2110e-19 1.2110e-19 [ 3.9644e-52 5.5511e-38 2.2022e-24 1.2109e-19 ] 9.7610e-42 [ 3.5246e-139 8.2597e-113 6.1742e-104 8.2908e-77 4.8260e-69 1.2360e-46 9.7608e-42 ] 1.0000e+00
 3.275e+01 9.0735e-20 9.0735e-20 [ 2.0527e-52 3.3297e-38 1.5622e-24 9.0734e-20 ] 6.5986e-42 [ 7.2902e-140 2.2404e-113 2.0217e-104 5.0657e-77 2.9487e-69 7.9593e-47 6.5985e-42 ] 1.0000e+00
 3.287e+01 6.7938e-20 6.7938e-20 [ 1.0618e-52 1.9949e-38 1.1073e-24 6.7937e-20 ] 4.4574e-42 [ 1.5063e-140 6.0674e-114 6.6095e-105 3.0951e-77 1.8017e-69 5.1210e-47 4.4573e-42 ] 1.0000e+00
 3.298e+01 5.0832e-20 5.0832e-20 [ 5.4865e-53 1.1937e-38 7.8416e-25 5.0831e-20 ] 3.0087e-42 [ 3.1090e-141 1.6406e-114 2.1574e-105 1.8911e-77 1.1008e-69 3.2920e-47 3.0087e-42 ] 1.0000e+00
 3.309e+01 3.8007e-20 3.8007e-20 [ 2.8322e-53 7.1349e-39 5.5484e-25 3.8006e-20 ] 2.0293e-42 [ 6.4103e-142 4.4293e-115 7.0311e-106 1.1555e-77 6.7261e-70 2.1143e-47 2.0293e-42 ] 1.0000e+00
 3.321e+01 2.8397e-20 2.8397e-20 [ 1.4605e-53 4.2594e-39 3.9224e-25 2.8397e-20 ] 1.3677e-42 [ 1.3204e-142 1.1940e-115 2.2878e-106 7.0599e-78 4.1097e-70 1.3568e-47 1.3677e-42 ] 1.0000e+00
 3.332e+01 2.1202e-20 2.1202e-20 [ 7.5242e-54 2.5398e-39 2.7705e-25 2.1202e-20 ] 9.2105e-43 [ 2.7169e-143 3.2135e-116 7.4327e-107 4.3136e-78 2.5110e-70 8.6996e-48 9.2104e-43 ] 1.0000e+00
 3.343e+01 1.5819e-20 1.5819e-20 [ 3.8724e-54 1.5127e-39 1.9552e-25 1.5819e-20 ] 6.1979e-43 [ 5.5849e-144 8.6360e-117 2.4110e-107 2.6356e-78 1.5343e-70 5.5732e-48 6.1978e-43 ] 1.0000e+00
 3.355e+01 1.1795e-20 1.1795e-20 [ 1.9910e-54 8.9989e-40 1.3786e-25 1.1794e-20 ] 4.1674e-43 [ 1.1469e-144 2.3173e-117 7.8082e-108 1.6104e-78 9.3743e-71 3.5674e-48 4.1674e-43 ] 1.0000e+00
 3.366e+01 8.7877e-21 8.7877e-21 [ 1.0227e-54 5.3471e-40 9.7125e-26 8.7876e-21 ] 2.7999e-43 [ 2.3529e-145 6.2085e-118 2.5248e-108 9.8392e-79 5.7277e-71 2.2815e-48 2.7999e-43 ] 1.0000e+00
 3.377e+01 6.5429e-21 6.5429e-21 [ 5.2481e-55 3.1736e-40 6.8365e-26 6.5428e-21 ] 1.8797e-43 [ 4.8225e-146 1.6609e-118 8.1516e-109 6.0118e-79 3.4997e-71 1.4580e-48 1.8796e-43 ] 1.0000e+00
 3.389e+01 4.8680e-21 4.8680e-21 [ 2.6905e-55 1.8814e-40 4.8079e-26 4.8680e-21 ] 1.2609e-43 [ 9.8747e-147 4.4366e-119 2.6277e-109 3.6732e-79 2.1383e-71 9.3093e-49 1.2608e-43 ] 1.0000e+00
 3.400e+01 3.6194e-21 3.6194e-21 [ 1.3780e-55 1.1140e-40 3.3783e-26 3.6194e-21 ] 8.4509e-44 [ 2.0200e-147 1.1833e-119 8.4572e-110 2.2443e-79 1.3065e-71 5.9393e-49 8.4509e-44 ] 1.0000e+00
 3.411e+01 2.6892e-21 2.6892e-21 [ 7.0507e-56 6.5890e-41 2.3717e-26 2.6891e-21 ] 5.6597e-44 [ 4.1284e-148 3.1515e-120 2.7177e-110 1.3713e-79 7.9828e-72 3.7862e-49 5.6597e-44 ] 1.0000e+00
 3.423e+01 1.9966e-21 1.9966e-21 [ 3.6042e-56 3.8927e-41 1.6636e-26 1.9966e-21 ] 3.7873e-44 [ 8.4297e-149 8.3810e-121 8.7199e-111 8.3784e-80 4.8775e-72 2.4118e-49 3.7873e-44 ] 1.0000e+00
 3.434e+01 1.4814e-21 1.4814e-21 [ 1.8407e-56 2.2971e-41 1.1659e-26 1.4814e-21 ] 2.5323e-44 [ 1.7196e-149 2.2255e-121 2.7935e-111 5.1192e-80 2.9802e-72 1.5351e-49 2.5323e-44 ] 1.0000e+00
 3.445e+01 1.0984e-21 1.0984e-21 [ 9.3918e-57 1.3540e-41 8.1639e-27 1.0984e-21 ] 1.6918e-44 [ 3.5048e-150 5.9010e-122 8.9354e-112 3.1278e-80 1.8209e-72 9.7629e-50 1.6918e-44 ] 1.0000e+00
 3.457e+01 8.1380e-22 8.1380e-22 [ 4.7875e-57 7.9720e-42 5.7115e-27 8.1380e-22 ] 1.1293e-44 [ 7.1368e-151 1.5624e-122 2.8537e-112 1.9111e-80 1.1126e-72 6.2044e-50 1.1293e-44 ] 1.0000e+00
 3.468e+01 6.0254e-22 6.0254e-22 [ 2.4382e-57 4.6884e-42 3.9923e-27 6.0254e-22 ] 7.5326e-45 [ 1.4520e-151 4.1307e-123 9.0999e-113 1.1677e-80 6.7978e-73 3.9400e-50 7.5326e-45 ] 1.0000e+00
 3.479e+01 4.4582e-22 4.4582e-22 [ 1.2406e-57 2.7542e-42 2.7881e-27 4.4582e-22 ] 5.0200e-45 [ 2.9514e-152 1.0905e-123 2.8973e-113 7.1345e-81 4.1535e-73 2.5002e-50 5.0200e-45 ] 1.0000e+00
 3.491e+01 3.2963e-22 3.2963e-22 [ 6.3063e-58 1.6161e-42 1.9455e-27 3.2963e-22 ] 3.3428e-45 [ 5.9939e-153 2.8749e-124 9.2107e-114 4.3592e-81 2.5378e-73 1.5854e-50 3.3428e-45 ] 1.0000e+00
 3.502e+01 2.4355e-22 2.4355e-22 [ 3.2029e-58 9.4726e-43 1.3563e-27 2.4355e-22 ] 2.2241e-45 [ 1.2163e-153 7.5682e-125 2.9236e-114 2.6634e-81 1.5506e-73 1.0046e-50 2.2241e-45 ] 1.0000e+00
 3.513e+01 1.7983e-22 1.7983e-22 [ 1.6252e-58 5.5461e-43 9.4475e-28 1.7983e-22 ] 1.4785e-45 [ 2.4658e-154 1.9895e-125 9.2660e-115 1.6274e-81 9.4740e-74 6.3608e-51 1.4785e-45 ] 1.0000e+00
 3.525e+01 1.3269e-22 1.3269e-22 [ 8.2392e-59 3.2435e-43 6.5750e-28 1.3269e-22 ] 9.8210e-46 [ 4.9950e-155 5.2225e-126 2.9322e-115 9.9431e-82 5.7886e-74 4.0247e-51 9.8210e-46 ] 1.0000e+00
 3.536e+01 9.7834e-23 9.7834e-23 [ 4.1733e-59 1.8948e-43 4.5718e-28 9.7834e-23 ] 6.5180e-46 [ 1.0110e-155 1.3690e-126 9.2649e-116 6.0752e-82 3.5369e-74 2.5449e-51 6.5180e-46 ] 1.0000e+00
 3.547e+01 7.2087e-23 7.2087e-23 [ 2.1119e-59 1.1057e-43 3.1762e-28 7.2087e-23 ] 4.3223e-46 [ 2.0445e-156 3.5836e-127 2.9230e-116 3.7120e-82 2.1610e-74 1.6080e-51 4.3222e-46 ] 1.0000e+00
 3.559e+01 5.3079e-23 5.3079e-23 [ 1.0678e-59 6.4454e-44 2.2047e-28 5.3078e-23 ] 2.8638e-46 [ 4.1311e-157 9.3675e-128 9.2077e-117 2.2680e-82 1.3204e-74 1.0154e-51 2.8638e-46 ] 1.0000e+00
 3.570e+01 3.9056e-23 3.9056e-23 [ 5.3943e-60 3.7530e-44 1.5290e-28 3.9055e-23 ] 1.8959e-46 [ 8.3405e-158 2.4453e-128 2.8962e-117 1.3857e-82 8.0676e-75 6.4075e-52 1.8959e-46 ] 1.0000e+00
 3.581e+01 2.8718e-23 2.8718e-23 [ 2.7227e-60 2.1829e-44 1.0594e-28 2.8717e-23 ] 1.2541e-46 [ 1.6825e-158 6.3744e-129 9.0958e-118 8.4669e-83 4.9293e-75 4.0408e-52 1.2541e-46 ] 1.0000e+00
 3.593e+01 2.1101e-23 2.1101e-23 [ 1.3730e-60 1.2683e-44 7.3345e-29 2.1101e-23 ] 8.2882e-47 [ 3.3915e-159 1.6594e-129 2.8524e-118 5.1732e-83 3.0118e-75 2.5466e-52 8.2881e-47 ] 1.0000e+00
 3.604e+01 1.5494e-23 1.5494e-23 [ 6.9180e-61 7.3609e-45 5.0733e-29 1.5494e-23 ] 5.4731e-47 [ 6.8308e-160 4.3139e-130 8.9313e-119 3.1608e-83 1.8402e-75 1.6039e-52 5.4731e-47 ] 1.0000e+00
 3.615e+01 1.1369e-23 1.1369e-23 [ 3.4827e-61 4.2675e-45 3.5061e-29 1.1369e-23 ] 3.6112e-47 [ 1.3747e-160 1.1199e-130 2.7924e-119 1.9313e-83 1.1244e-75 1.0095e-52 3.6111e-47 ] 1.0000e+00
 3.627e+01 8.3367e-24 8.3367e-24 [ 1.7518e-61 2.4715e-45 2.4209e-29 8.3367e-24 ] 2.3806e-47 [ 2.7644e-161 2.9036e-131 8.7174e-120 1.1800e-83 6.8699e-76 6.3505e-53 2.3806e-47 ] 1.0000e+00
 3.638e+01 6.1088e-24 6.1088e-24 [ 8.8038e-62 1.4298e-45 1.6702e-29 6.1088e-24 ] 1.5681e-47 [ 5.5546e-162 7.5177e-132 2.7174e-120 7.2098e-84 4.1975e-76 3.9924e-53 1.5681e-47 ] 1.0000e+00
 3.649e+01 4.4732e-24 4.4732e-24 [ 4.4208e-62 8.2630e-46 1.1512e-29 4.4732e-24 ] 1.0320e-47 [ 1.1153e-162 1.9438e-132 8.4580e-121 4.4052e-84 2.5647e-76 2.5085e-53 1.0320e-47 ] 1.0000e+00
 3.661e+01 3.2732e-24 3.2732e-24 [ 2.2180e-62 4.7702e-46 7.9282e-30 3.2732e-24 ] 6.7865e-48 [ 2.2375e-163 5.0193e-133 2.6287e-121 2.6916e-84 1.5670e-76 1.5752e-53 6.7865e-48 ] 1.0000e+00
 3.672e+01 2.3935e-24 2.3935e-24 [ 1.1119e-62 2.7509e-46 5.4552e-30 2.3935e-24 ] 4.4590e-48 [ 4.4857e-164 1.2944e-133 8.1577e-122 1.6445e-84 9.5744e-77 9.8856e-54 4.4590e-48 ] 1.0000e+00
 3.683e+01 1.7490e-24 1.7490e-24 [ 5.5694e-63 1.5847e-46 3.7503e-30 1.7490e-24 ] 2.9273e-48 [ 8.9859e-165 3.3334e-134 2.5279e-122 1.0048e-84 5.8499e-77 6.2006e-54 2.9273e-48 ] 1.0000e+00
 3.695e+01 1.2772e-24 1.2772e-24 [ 2.7873e-63 9.1198e-47 2.5760e-30 1.2772e-24 ] 1.9201e-48 [ 1.7987e-165 8.5735e-135 7.8218e-123 6.1393e-85 3.5743e-77 3.8872e-54 1.9201e-48 ] 1.0000e+00
 3.706e+01 9.3198e-25 9.3198e-25 [ 1.3939e-63 5.2428e-47 1.7678e-30 9.3198e-25 ] 1.2584e-48 [ 3.5980e-166 2.2022e-135 2.4167e-123 3.7511e-85 2.1839e-77 2.4356e-54 1.2584e-48 ] 1.0000e+00
 3.717e+01 6.7961e-25 6.7961e-25 [ 6.9646e-64 3.0108e-47 1.2122e-30 6.7961e-25 ] 8.2406e-49 [ 7.1916e-167 5.6492e-136 7.4557e-124 2.2919e-85 1.3344e-77 1.5252e-54 8.2406e-49 ] 1.0000e+00
 3.729e+01 4.9524e-25 4.9524e-25 [ 3.4771e-64 1.7273e-47 8.3042e-31 4.9524e-25 ] 5.3918e-49 [ 1.4364e-167 1.4473e-136 2.2968e-124 1.4004e-85 8.1529e-78 9.5466e-55 5.3918e-49 ] 1.0000e+00
 3.740e+01 3.6064e-25 3.6064e-25 [ 1.7346e-64 9.8990e-48 5.6841e-31 3.6064e-25 ] 3.5249e-49 [ 2.8669e-168 3.7030e-137 7.0653e-125 8.5562e-86 4.9814e-78 5.9723e-55 3.5249e-49 ] 1.0000e+00
 3.751e+01 2.6243e-25 2.6243e-25 [ 8.6461e-65 5.6673e-48 3.8872e-31 2.6243e-25 ] 2.3025e-49 [ 5.7179e-169 9.4625e-138 2.1702e-125 5.2278e-86 3.0436e-78 3.7344e-55 2.3025e-49 ] 1.0000e+00
 3.763e+01 1.9084e-25 1.9084e-25 [ 4.3063e-65 3.2412e-48 2.6561e-31 1.9084e-25 ] 1.5028e-49 [ 1.1396e-169 2.4149e-138 6.6564e-126 3.1942e-86 1.8597e-78 2.3339e-55 1.5028e-49 ] 1.0000e+00
 3.774e+01 1.3868e-25 1.3868e-25 [ 2.1431e-65 1.8519e-48 1.8132e-31 1.3868e-25 ] 9.8002e-50 [ 2.2697e-170 6.1551e-139 2.0387e-126 1.9516e-86 1.1363e-78 1.4580e-55 9.8002e-50 ] 1.0000e+00
 3.785e+01 1.0071e-25 1.0071e-25 [ 1.0657e-65 1.0570e-48 1.2368e-31 1.0071e-25 ] 6.3858e-50 [ 4.5171e-171 1.5668e-139 6.2350e-127 1.1925e-86 6.9425e-79 9.1036e-56 6.3858e-50 ] 1.0000e+00
 3.797e+01 7.3082e-26 7.3082e-26 [ 5.2954e-66 6.0267e-49 8.4287e-32 7.3082e-26 ] 4.1576e-50 [ 8.9839e-172 3.9835e-140 1.9041e-127 7.2859e-87 4.2418e-79 5.6816e-56 4.1576e-50 ] 1.0000e+00
 3.808e+01 5.2998e-26 5.2998e-26 [ 2.6291e-66 3.4329e-49 5.7391e-32 5.2997e-26 ] 2.7046e-50 [ 1.7855e-172 1.0115e-140 5.8067e-128 4.4516e-87 2.5918e-79 3.5444e-56 2.7046e-50 ] 1.0000e+00
 3.819e+01 3.8406e-26 3.8406e-26 [ 1.3044e-66 1.9534e-49 3.9043e-32 3.8406e-26 ] 1.7580e-50 [ 3.5462e-173 2.5652e-141 1.7682e-128 2.7199e-87 1.5836e-79 2.2102e-56 1.7580e-50 ] 1.0000e+00
 3.831e+01 2.7812e-26 2.7812e-26 [ 6.4662e-67 1.1105e-49 2.6538e-32 2.7812e-26 ] 1.1418e-50 [ 7.0383e-174 6.4973e-142 5.3769e-129 1.6619e-87 9.6755e-80 1.3776e-56 1.1418e-50 ] 1.0000e+00
 3.842e+01 2.0127e-26 2.0127e-26 [ 3.2031e-67 6.3065e-50 1.8023e-32 2.0127e-26 ] 7.4095e-51 [ 1.3960e-174 1.6436e-142 1.6327e-129 1.0154e-87 5.9117e-80 8.5827e-57 7.4095e-51 ] 1.0000e+00
 3.853e+01 1.4555e-26 1.4555e-26 [ 1.5855e-67 3.5779e-50 1.2229e-32 1.4555e-26 ] 4.8045e-51 [ 2.7669e-175 4.1529e-143 4.9506e-130 6.2041e-88 3.6121e-80 5.3451e-57 4.8045e-51 ] 1.0000e+00
 3.865e+01 1.0518e-26 1.0518e-26 [ 7.8418e-68 2.0279e-50 8.2905e-33 1.0518e-26 ] 3.1129e-51 [ 5.4805e-176 1.0480e-143 1.4990e-130 3.7907e-88 2.2070e-80 3.3275e-57 3.1129e-51 ] 1.0000e+00
 3.876e+01 7.5956e-27 7.5956e-27 [ 3.8757e-68 1.1483e-50 5.6156e-33 7.5956e-27 ] 2.0152e-51 [ 1.0848e-176 2.6414e-144 4.5323e-131 2.3161e-88 1.3485e-80 2.0706e-57 2.0152e-51 ] 1.0000e+00
 3.887e+01 5.4814e-27 5.4814e-27 [ 1.9141e-68 6.4955e-51 3.8004e-33 5.4814e-27 ] 1.3036e-51 [ 2.1459e-177 6.6495e-145 1.3684e-131 1.4151e-88 8.2390e-81 1.2880e-57 1.3036e-51 ] 1.0000e+00
 3.899e+01 3.9529e-27 3.9529e-27 [ 9.4460e-69 3.6707e-51 2.5697e-33 3.9528e-27 ] 8.4259e-52 [ 4.2420e-178 1.6719e-145 4.1260e-132 8.6465e-89 5.0340e-81 8.0091e-58 8.4259e-52 ] 1.0000e+00
 3.910e+01 2.8486e-27 2.8486e-27 [ 4.6582e-69 2.0724e-51 1.7361e-33 2.8486e-27 ] 5.4419e-52 [ 8.3803e-179 4.1987e-146 1.2423e-132 5.2830e-89 3.0758e-81 4.9783e-58 5.4419e-52 ] 1.0000e+00
 3.921e+01 2.0514e-27 2.0514e-27 [ 2.2954e-69 1.1689e-51 1.1718e-33 2.0514e-27 ] 3.5119e-52 [ 1.6545e-179 1.0532e-146 3.7351e-133 3.2279e-89 1.8793e-81 3.0933e-58 3.5119e-52 ] 1.0000e+00
 3.933e+01 1.4762e-27 1.4762e-27 [ 1.1303e-69 6.5866e-52 7.9030e-34 1.4762e-27 ] 2.2646e-52 [ 3.2643e-180 2.6386e-147 1.1214e-133 1.9722e-89 1.1482e-81 1.9213e-58 2.2646e-52 ] 1.0000e+00
 3.944e+01 1.0616e-27 1.0616e-27 [ 5.5617e-70 3.7079e-52 5.3253e-34 1.0616e-27 ] 1.4592e-52 [ 6.4363e-181 6.6027e-148 3.3624e-134 1.2050e-89 7.0158e-82 1.1930e-58 1.4592e-52 ] 1.0000e+00
 3.955e+01 7.6290e-28 7.6290e-28 [ 2.7347e-70 2.0853e-52 3.5852e-34 7.6290e-28 ] 9.3948e-53 [ 1.2683e-181 1.6503e-148 1.0067e-134 7.3627e-90 4.2866e-82 7.4050e-59 9.3948e-53 ] 1.0000e+00
 3.967e+01 5.4786e-28 5.4786e-28 [ 1.3437e-70 1.1717e-52 2.4116e-34 5.4786e-28 ] 6.0442e-53 [ 2.4975e-182 4.1199e-149 3.0102e-135 4.4986e-90 2.6191e-82 4.5948e-59 6.0442e-53 ] 1.0000e+00
 3.978e+01 3.9315e-28 3.9315e-28 [ 6.5975e-71 6.5772e-53 1.6208e-34 3.9315e-28 ] 3.8856e-53 [ 4.9151e-183 1.0273e-149 8.9879e-136 2.7486e-90 1.6003e-82 2.8502e-59 3.8856e-53 ] 1.0000e+00
 3.989e+01 2.8194e-28 2.8194e-28 [ 3.2370e-71 3.6886e-53 1.0884e-34 2.8194e-28 ] 2.4960e-53 [ 9.6669e-184 2.5587e-150 2.6800e-136 1.6794e-90 9.7777e-83 1.7674e-59 2.4960e-53 ] 1.0000e+00
 4.001e+01 2.0204e-28 2.0204e-28 [ 1.5871e-71 2.0666e-53 7.3020e-35 2.0204e-28 ] 1.6022e-53 [ 1.9001e-184 6.3655e-151 7.9801e-137 1.0261e-90 5.9741e-83 1.0956e-59 1.6022e-53 ] 1.0000e+00
 4.012e+01 1.4468e-28 1.4468e-28 [ 7.7763e-72 1.1568e-53 4.8948e-35 1.4468e-28 ] 1.0277e-53 [ 3.7325e-185 1.5818e-151 2.3730e-137 6.2695e-91 3.6502e-83 6.7896e-60 1.0277e-53 ] 1.0000e+00
 4.023e+01 1.0354e-28 1.0354e-28 [ 3.8074e-72 6.4694e-54 3.2783e-35 1.0354e-28 ] 6.5866e-54 [ 7.3275e-186 3.9260e-152 7.0466e-138 3.8307e-91 2.2303e-83 4.2064e-60 6.5866e-54 ] 1.0000e+00
 4.035e+01 7.4041e-29 7.4041e-29 [ 1.8629e-72 3.6146e-54 2.1938e-35 7.4041e-29 ] 4.2185e-54 [ 1.4376e-186 9.7334e-153 2.0897e-138 2.3405e-91 1.3627e-83 2.6052e-60 4.2185e-54 ] 1.0000e+00
 4.046e+01 5.2910e-29 5.2910e-29 [ 9.1083e-73 2.0177e-54 1.4668e-35 5.2910e-29 ] 2.6998e-54 [ 2.8189e-187 2.4104e-153 6.1886e-139 1.4301e-91 8.3260e-84 1.6130e-60 2.6998e-54 ] 1.0000e+00
 4.057e+01 3.7784e-29 3.7784e-29 [ 4.4503e-73 1.1252e-54 9.7984e-36 3.7784e-29 ] 1.7266e-54 [ 5.5239e-188 5.9623e-154 1.8303e-139 8.7377e-92 5.0871e-84 9.9846e-61 1.7266e-54 ] 1.0000e+00
 4.069e+01 2.6963e-29 2.6963e-29 [ 2.1730e-73 6.2695e-55 6.5400e-36 2.6962e-29 ] 1.1035e-54 [ 1.0818e-188 1.4732e-154 5.4057e-140 5.3387e-92 3.1082e-84 6.1786e-61 1.1035e-54 ] 1.0000e+00
 4.080e+01 1.9227e-29 1.9227e-29 [ 1.0603e-73 3.4900e-55 4.3614e-36 1.9227e-29 ] 7.0469e-55 [ 2.1175e-189 3.6359e-155 1.5944e-140 3.2619e-92 1.8991e-84 3.8224e-61 7.0469e-55 ] 1.0000e+00
 4.091e+01 1.3701e-29 1.3701e-29 [ 5.1700e-74 1.9410e-55 2.9060e-36 1.3701e-29 ] 4.4971e-55 [ 4.1420e-190 8.9635e-156 4.6965e-141 1.9930e-92 1.1604e-84 2.3641e-61 4.4971e-55 ] 1.0000e+00
 4.103e+01 9.7566e-30 9.7566e-30 [ 2.5192e-74 1.0785e-55 1.9346e-36 9.7566e-30 ] 2.8679e-55 [ 8.0976e-191 2.2073e-156 1.3815e-141 1.2177e-92 7.0898e-85 1.4617e-61 2.8679e-55 ] 1.0000e+00
 4.114e+01 6.9428e-30 6.9428e-30 [ 1.2268e-74 5.9876e-56 1.2868e-36 6.9428e-30 ] 1.8277e-55 [ 1.5822e-191 5.4296e-157 4.0586e-142 7.4404e-93 4.3319e-85 9.0358e-62 1.8277e-55 ] 1.0000e+00
 4.125e+01 4.9370e-30 4.9370e-30 [ 5.9698e-75 3.3210e-56 8.5521e-37 4.9370e-30 ] 1.1639e-55 [ 3.0895e-192 1.3341e-157 1.1907e-142 4.5460e-93 2.6468e-85 5.5841e-62 1.1639e-55 ] 1.0000e+00
 4.137e+01 3.5082e-30 3.5082e-30 [ 2.9031e-75 1.8404e-56 5.6788e-37 3.5082e-30 ] 7.4074e-56 [ 6.0295e-193 3.2745e-158 3.4888e-143 2.7776e-93 1.6172e-85 3.4501e-62 7.4074e-56 ] 1.0000e+00
 4.148e+01 2.4912e-30 2.4912e-30 [ 1.4109e-75 1.0190e-56 3.7676e-37 2.4912e-30 ] 4.7109e-56 [ 1.1761e-193 8.0283e-159 1.0208e-143 1.6971e-93 9.8808e-86 2.1311e-62 4.7109e-56 ] 1.0000e+00
 4.159e+01 1.7677e-30 1.7677e-30 [ 6.8524e-76 5.6366e-57 2.4975e-37 1.7677e-30 ] 2.9940e-56 [ 2.2926e-194 1.9662e-159 2.9831e-144 1.0369e-93 6.0372e-86 1.3160e-62 2.9940e-56 ] 1.0000e+00
 4.171e+01 1.2535e-30 1.2535e-30 [ 3.3258e-76 3.1153e-57 1.6541e-37 1.2535e-30 ] 1.9016e-56 [ 4.4666e-195 4.8102e-160 8.7059e-145 6.3357e-94 3.6887e-86 8.1251e-63 1.9016e-56 ] 1.0000e+00
 4.182e+01 8.8822e-31 8.8822e-31 [ 1.6132e-76 1.7203e-57 1.0946e-37 8.8822e-31 ] 1.2070e-56 [ 8.6973e-196 1.1755e-160 2.5374e-145 3.8711e-94 2.2538e-86 5.0152e-63 1.2070e-56 ] 1.0000e+00
 4.193e+01 6.2895e-31 6.2895e-31 [ 7.8195e-77 9.4910e-58 7.2376e-38 6.2895e-31 ] 7.6559e-57 [ 1.6926e-196 2.8697e-161 7.3858e-146 2.3652e-94 1.3771e-86 3.0949e-63 7.6559e-57 ] 1.0000e+00
 4.205e+01 4.4504e-31 4.4504e-31 [ 3.7879e-77 5.2317e-58 4.7814e-38 4.4504e-31 ] 4.8531e-57 [ 3.2921e-197 6.9980e-162 2.1470e-146 1.4451e-94 8.4138e-87 1.9094e-63 4.8531e-57 ] 1.0000e+00
 4.216e+01 3.1469e-31 3.1469e-31 [ 1.8338e-77 2.8814e-58 3.1560e-38 3.1469e-31 ] 3.0744e-57 [ 6.3997e-198 1.7047e-162 6.2333e-147 8.8298e-95 5.1408e-87 1.1778e-63 3.0744e-57 ] 1.0000e+00
 4.227e+01 2.2236e-31 2.2236e-31 [ 8.8720e-78 1.5856e-58 2.0814e-38 2.2236e-31 ] 1.9464e-57 [ 1.2434e-198 4.1483e-163 1.8073e-147 5.3950e-95 3.1410e-87 7.2633e-64 1.9464e-57 ] 1.0000e+00
 4.239e+01 1.5701e-31 1.5701e-31 [ 4.2896e-78 8.7175e-59 1.3715e-38 1.5701e-31 ] 1.2315e-57 [ 2.4144e-199 1.0084e-163 5.2335e-148 3.2963e-95 1.9192e-87 4.4783e-64 1.2315e-57 ] 1.0000e+00
 4.250e+01 1.1078e-31 1.1078e-31 [ 2.0727e-78 4.7888e-59 9.0299e-39 1.1078e-31 ] 7.7870e-58 [ 4.6859e-200 2.4488e-164 1.5135e-148 2.0140e-95 1.1726e-87 2.7605e-64 7.7870e-58 ] 1.0000e+00
 4.261e+01 7.8114e-32 7.8114e-32 [ 1.0009e-78 2.6284e-59 5.9401e-39 7.8114e-32 ] 4.9209e-58 [ 9.0893e-201 5.9402e-165 4.3715e-149 1.2306e-95 7.1646e-88 1.7013e-64 4.9209e-58 ] 1.0000e+00
 4.273e+01 5.5040e-32 5.5040e-32 [ 4.8304e-79 1.4414e-59 3.9043e-39 5.5040e-32 ] 3.1078e-58 [ 1.7621e-201 1.4395e-165 1.2610e-149 7.5188e-96 4.3775e-88 1.0483e-64 3.1078e-58 ] 1.0000e+00
 4.284e+01 3.8754e-32 3.8754e-32 [ 2.3297e-79 7.8978e-60 2.5640e-39 3.8754e-32 ] 1.9616e-58 [ 3.4144e-202 3.4847e-166 3.6329e-150 4.5940e-96 2.6747e-88 6.4579e-65 1.9616e-58 ] 1.0000e+00
 4.295e+01 2.7268e-32 2.7268e-32 [ 1.1229e-79 4.3238e-60 1.6824e-39 2.7268e-32 ] 1.2374e-58 [ 6.6124e-203 8.4271e-167 1.0453e-150 2.8069e-96 1.6342e-88 3.9775e-65 1.2374e-58 ] 1.0000e+00
 4.307e+01 1.9172e-32 1.9172e-32 [ 5.4092e-80 2.3651e-60 1.1030e-39 1.9172e-32 ] 7.8013e-59 [ 1.2799e-203 2.0358e-167 3.0038e-151 1.7150e-96 9.9850e-89 2.4494e-65 7.8013e-59 ] 1.0000e+00
 4.318e+01 1.3471e-32 1.3471e-32 [ 2.6041e-80 1.2927e-60 7.2251e-40 1.3471e-32 ] 4.9156e-59 [ 2.4761e-204 4.9132e-168 8.6209e-152 1.0479e-96 6.1008e-89 1.5080e-65 4.9156e-59 ] 1.0000e+00
 4.329e+01 9.4581e-33 9.4581e-33 [ 1.2529e-80 7.0591e-61 4.7288e-40 9.4581e-33 ] 3.0956e-59 [ 4.7876e-205 1.1845e-168 2.4711e-152 6.4025e-97 3.7276e-89 9.2828e-66 3.0956e-59 ] 1.0000e+00
 4.341e+01 6.6360e-33 6.6360e-33 [ 6.0244e-81 3.8517e-61 3.0924e-40 6.6360e-33 ] 1.9483e-59 [ 9.2524e-206 2.8530e-169 7.0743e-153 3.9119e-97 2.2776e-89 5.7131e-66 1.9483e-59 ] 1.0000e+00
 4.352e+01 4.6527e-33 4.6527e-33 [ 2.8950e-81 2.0999e-61 2.0206e-40 4.6527e-33 ] 1.2256e-59 [ 1.7872e-206 6.8644e-170 2.0227e-153 2.3902e-97 1.3916e-89 3.5154e-66 1.2256e-59 ] 1.0000e+00
 4.363e+01 3.2598e-33 3.2598e-33 [ 1.3904e-81 1.1439e-61 1.3191e-40 3.2598e-33 ] 7.7055e-60 [ 3.4503e-207 1.6500e-170 5.7762e-154 1.4604e-97 8.5025e-90 2.1628e-66 7.7055e-60 ] 1.0000e+00
 4.375e+01 2.2823e-33 2.2823e-33 [ 6.6736e-82 6.2261e-62 8.6049e-41 2.2823e-33 ] 4.8420e-60 [ 6.6577e-208 3.9621e-171 1.6474e-154 8.9229e-98 5.1950e-90 1.3303e-66 4.8420e-60 ] 1.0000e+00
 4.386e+01 1.5968e-33 1.5968e-33 [ 3.2013e-82 3.3860e-62 5.6083e-41 1.5968e-33 ] 3.0410e-60 [ 1.2840e-208 9.5045e-172 4.6929e-155 5.4519e-98 3.1742e-90 8.1816e-67 3.0410e-60 ] 1.0000e+00
 4.397e+01 1.1164e-33 1.1164e-33 [ 1.5348e-82 1.8400e-62 3.6522e-41 1.1164e-33 ] 1.9090e-60 [ 2.4751e-209 2.2778e-172 1.3352e-155 3.3311e-98 1.9394e-90 5.0308e-67 1.9090e-60 ] 1.0000e+00
 4.409e+01 7.7998e-34 7.7998e-34 [ 7.3537e-83 9.9903e-63 2.3764e-41 7.7998e-34 ] 1.1977e-60 [ 4.7687e-210 5.4534e-173 3.7939e-156 2.0353e-98 1.1850e-90 3.0929e-67 1.1977e-60 ] 1.0000e+00
 4.420e+01 5.4455e-34 5.4455e-34 [ 3.5214e-83 5.4200e-63 1.5450e-41 5.4455e-34 ] 7.5108e-61 [ 9.1832e-211 1.3044e-173 1.0767e-156 1.2436e-98 7.2401e-91 1.9012e-67 7.5108e-61 ] 1.0000e+00
 4.431e+01 3.7992e-34 3.7992e-34 [ 1.6853e-83 2.9381e-63 1.0036e-41 3.7992e-34 ] 4.7077e-61 [ 1.7675e-211 3.1168e-174 3.0522e-157 7.5981e-99 4.4237e-91 1.1684e-67 4.7077e-61 ] 1.0000e+00
 4.443e+01 2.6487e-34 2.6487e-34 [ 8.0610e-84 1.5914e-63 6.5138e-42 2.6487e-34 ] 2.9493e-61 [ 3.4004e-212 7.4404e-175 8.6412e-158 4.6424e-99 2.7029e-91 7.1798e-68 2.9493e-61 ] 1.0000e+00
 4.454e+01 1.8453e-34 1.8453e-34 [ 3.8535e-84 8.6132e-64 4.2242e-42 1.8453e-34 ] 1.8468e-61 [ 6.5384e-213 1.7744e-175 2.4435e-158 2.8365e-99 1.6515e-91 4.4112e-68 1.8468e-61 ] 1.0000e+00
 4.465e+01 1.2847e-34 1.2847e-34 [ 1.8411e-84 4.6580e-64 2.7372e-42 1.2847e-34 ] 1.1559e-61 [ 1.2566e-213 4.2278e-176 6.9011e-159 1.7331e-99 1.0090e-91 2.7098e-68 1.1559e-61 ] 1.0000e+00
 4.477e+01 8.9373e-35 8.9373e-35 [ 8.7910e-85 2.5170e-64 1.7721e-42 8.9373e-35 ] 7.2315e-62 [ 2.4140e-214 1.0063e-176 1.9467e-159 1.0589e-99 6.1652e-92 1.6643e-68 7.2315e-62 ] 1.0000e+00
 4.488e+01 6.2132e-35 6.2132e-35 [ 4.1954e-85 1.3590e-64 1.1464e-42 6.2132e-35 ] 4.5220e-62 [ 4.6349e-215 2.3932e-177 5.4848e-160 6.4700e-100 3.7669e-92 1.0221e-68 4.5220e-62 ] 1.0000e+00
 4.499e+01 4.3164e-35 4.3164e-35 [ 2.0010e-85 7.3322e-65 7.4098e-43 4.3164e-35 ] 2.8265e-62 [ 8.8950e-216 5.6856e-178 1.5435e-160 3.9531e-100 2.3016e-92 6.2757e-69 2.8265e-62 ] 1.0000e+00
 4.511e+01 2.9965e-35 2.9965e-35 [ 9.5389e-86 3.9527e-65 4.7855e-43 2.9965e-35 ] 1.7659e-62 [ 1.7062e-216 1.3495e-178 4.3383e-161 2.4154e-100 1.4063e-92 3.8528e-69 1.7659e-62 ] 1.0000e+00
 4.522e+01 2.0788e-35 2.0788e-35 [ 4.5446e-86 2.1292e-65 3.0881e-43 2.0788e-35 ] 1.1028e-62 [ 3.2714e-217 3.2002e-179 1.2179e-161 1.4758e-100 8.5922e-93 2.3650e-69 1.1028e-62 ] 1.0000e+00
 4.533e+01 1.4411e-35 1.4411e-35 [ 2.1640e-86 1.1461e-65 1.9911e-43 1.4411e-35 ] 6.8841e-63 [ 6.2692e-218 7.5815e-180 3.4151e-162 9.0170e-101 5.2498e-93 1.4515e-69 6.8841e-63 ] 1.0000e+00
 4.545e+01 9.9833e-36 9.9833e-36 [ 1.0299e-86 6.1641e-66 1.2827e-43 9.9833e-36 ] 4.2955e-63 [ 1.2008e-218 1.7945e-180 9.5648e-163 5.5094e-101 3.2076e-93 8.9075e-70 4.2955e-63 ] 1.0000e+00
 4.556e+01 6.9111e-36 6.9111e-36 [ 4.8987e-87 3.3128e-66 8.2569e-44 6.9111e-36 ] 2.6792e-63 [ 2.2991e-219 4.2434e-181 2.6757e-163 3.3662e-101 1.9599e-93 5.4655e-70 2.6792e-63 ] 1.0000e+00
 4.567e+01 4.7809e-36 4.7809e-36 [ 2.3288e-87 1.7790e-66 5.3107e-44 4.7809e-36 ] 1.6704e-63 [ 4.3998e-220 1.0025e-181 7.4761e-164 2.0567e-101 1.1975e-93 3.3531e-70 1.6704e-63 ] 1.0000e+00
 4.579e+01 3.3050e-36 3.3050e-36 [ 1.1065e-87 9.5464e-67 3.4129e-44 3.3050e-36 ] 1.0410e-63 [ 8.4158e-221 2.3663e-182 2.0865e-164 1.2567e-101 7.3165e-94 2.0569e-70 1.0410e-63 ] 1.0000e+00
 4.590e+01 2.2831e-36 2.2831e-36 [ 5.2546e-88 5.1188e-67 2.1915e-44 2.2831e-36 ] 6.4853e-64 [ 1.6090e-221 5.5802e-183 5.8161e-165 7.6782e-102 4.4704e-94 1.2616e-70 6.4853e-64 ] 1.0000e+00
 4.601e+01 1.5760e-36 1.5760e-36 [ 2.4940e-88 2.7427e-67 1.4061e-44 1.5760e-36 ] 4.0387e-64 [ 3.0749e-222 1.3147e-183 1.6194e-165 4.6914e-102 2.7314e-94 7.7371e-71 4.0387e-64 ] 1.0000e+00
 4.613e+01 1.0872e-36 1.0872e-36 [ 1.1831e-88 1.4684e-67 9.0142e-45 1.0872e-36 ] 2.5141e-64 [ 5.8735e-223 3.0948e-184 4.5037e-166 2.8664e-102 1.6689e-94 4.7444e-71 2.5141e-64 ] 1.0000e+00
 4.624e+01 7.4943e-37 7.4943e-37 [ 5.6094e-89 7.8559e-68 5.7741e-45 7.4943e-37 ] 1.5645e-64 [ 1.1214e-223 7.2783e-185 1.2511e-166 1.7514e-102 1.0197e-94 2.9089e-71 1.5645e-64 ] 1.0000e+00
 4.635e+01 5.1625e-37 5.1625e-37 [ 2.6581e-89 4.1997e-68 3.6957e-45 5.1625e-37 ] 9.7318e-65 [ 2.1401e-224 1.7102e-185 3.4712e-167 1.0701e-102 6.2302e-95 1.7834e-71 9.7318e-65 ] 1.0000e+00
 4.647e+01 3.5537e-37 3.5537e-37 [ 1.2590e-89 2.2435e-68 2.3634e-45 3.5537e-37 ] 6.0515e-65 [ 4.0824e-225 4.0147e-186 9.6203e-168 6.5382e-103 3.8066e-95 1.0932e-71 6.0515e-65 ] 1.0000e+00
 4.658e+01 2.4445e-37 2.4445e-37 [ 5.9597e-90 1.1976e-68 1.5102e-45 2.4445e-37 ] 3.7617e-65 [ 7.7840e-226 9.4165e-187 2.6632e-168 3.9948e-103 2.3258e-95 6.7004e-72 3.7617e-65 ] 1.0000e+00
 4.669e+01 1.6803e-37 1.6803e-37 [ 2.8198e-90 6.3880e-69 9.6427e-46 1.6803e-37 ] 2.3375e-65 [ 1.4835e-226 2.2067e-187 7.3639e-169 2.4408e-103 1.4211e-95 4.1064e-72 2.3375e-65 ] 1.0000e+00
 4.681e+01 1.1543e-37 1.1543e-37 [ 1.3334e-90 3.4049e-69 6.1517e-46 1.1543e-37 ] 1.4520e-65 [ 2.8261e-227 5.1665e-188 2.0339e-169 1.4913e-103 8.6828e-96 2.5164e-72 1.4520e-65 ] 1.0000e+00
 4.692e+01 7.9231e-38 7.9231e-38 [ 6.3025e-91 1.8135e-69 3.9214e-46 7.9231e-38 ] 9.0167e-66 [ 5.3814e-228 1.2086e-188 5.6110e-170 9.1119e-104 5.3052e-96 1.5419e-72 9.0167e-66 ] 1.0000e+00
 4.703e+01 5.4348e-38 5.4348e-38 [ 2.9774e-91 9.6524e-70 2.4977e-46 5.4348e-38 ] 5.5974e-66 [ 1.0243e-228 2.8248e-189 1.5462e-170 5.5673e-104 3.2414e-96 9.4465e-73 5.5974e-66 ] 1.0000e+00
 4.715e+01 3.7254e-38 3.7254e-38 [ 1.4058e-91 5.1337e-70 1.5896e-46 3.7254e-38 ] 3.4736e-66 [ 1.9486e-229 6.5963e-190 4.2561e-171 3.4016e-104 1.9805e-96 5.7870e-73 3.4736e-66 ] 1.0000e+00
 4.726e+01 2.5518e-38 2.5518e-38 [ 6.6344e-92 2.7284e-70 1.0109e-46 2.5518e-38 ] 2.1550e-66 [ 3.7056e-230 1.5390e-190 1.1702e-171 2.0784e-104 1.2101e-96 3.5449e-73 2.1550e-66 ] 1.0000e+00
 4.737e+01 1.7467e-38 1.7467e-38 [ 3.1294e-92 1.4490e-70 6.4231e-47 1.7467e-38 ] 1.3365e-66 [ 7.0438e-231 3.5877e-191 3.2138e-172 1.2699e-104 7.3936e-97 2.1712e-73 1.3365e-66 ] 1.0000e+00
 4.749e+01 1.1948e-38 1.1948e-38 [ 1.4753e-92 7.6901e-71 4.0780e-47 1.1948e-38 ] 8.2863e-67 [ 1.3383e-231 8.3563e-192 8.8163e-173 7.7588e-105 4.5175e-97 1.3298e-73 8.2863e-67 ] 1.0000e+00
 4.760e+01 8.1669e-39 8.1669e-39 [ 6.9521e-93 4.0783e-71 2.5871e-47 8.1669e-39 ] 5.1360e-67 [ 2.5418e-232 1.9446e-192 2.4159e-173 4.7406e-105 2.7602e-97 8.1434e-74 5.1360e-67 ] 1.0000e+00
 4.771e+01 5.5784e-39 5.5784e-39 [ 3.2743e-93 2.1613e-71 1.6399e-47 5.5784e-39 ] 3.1824e-67 [ 4.8253e-233 4.5216e-193 6.6127e-174 2.8965e-105 1.6865e-97 4.9865e-74 3.1824e-67 ] 1.0000e+00
 4.783e+01 3.8077e-39 3.8077e-39 [ 1.5414e-93 1.1446e-71 1.0387e-47 3.8077e-39 ] 1.9714e-67 [ 9.1565e-234 1.0504e-193 1.8080e-174 1.7697e-105 1.0304e-97 3.0532e-74 1.9714e-67 ] 1.0000e+00
 4.794e+01 2.5973e-39 2.5973e-39 [ 7.2525e-94 6.0571e-72 6.5737e-48 2.5973e-39 ] 1.2208e-67 [ 1.7368e-234 2.4383e-194 4.9380e-175 1.0813e-105 6.2958e-98 1.8693e-74 1.2208e-67 ] 1.0000e+00
 4.805e+01 1.7704e-39 1.7704e-39 [ 3.4107e-94 3.2032e-72 4.1570e-48 1.7704e-39 ] 7.5583e-68 [ 3.2929e-235 5.6551e-195 1.3471e-175 6.6065e-106 3.8467e-98 1.1444e-74 7.5583e-68 ] 1.0000e+00
 4.817e+01 1.2059e-39 1.2059e-39 [ 1.6032e-94 1.6928e-72 2.6267e-48 1.2059e-39 ] 4.6781e-68 [ 6.2408e-236 1.3105e-195 3.6711e-176 4.0365e-106 2.3503e-98 7.0053e-75 4.6781e-68 ] 1.0000e+00
 4.828e+01 8.2080e-40 8.2080e-40 [ 7.5324e-95 8.9395e-73 1.6584e-48 8.2080e-40 ] 2.8947e-68 [ 1.1823e-236 3.0342e-196 9.9934e-177 2.4662e-106 1.4360e-98 4.2880e-75 2.8947e-68 ] 1.0000e+00
 4.839e+01 5.5830e-40 5.5830e-40 [ 3.5372e-95 4.7177e-73 1.0463e-48 5.5830e-40 ] 1.7907e-68 [ 2.2387e-237 7.0196e-197 2.7174e-177 1.5068e-106 8.7742e-99 2.6245e-75 1.7907e-68 ] 1.0000e+00
 4.851e+01 3.7949e-40 3.7949e-40 [ 1.6603e-95 2.4879e-73 6.5955e-49 3.7949e-40 ] 1.1074e-68 [ 4.2376e-238 1.6226e-197 7.3811e-178 9.2065e-107 5.3610e-99 1.6062e-75 1.1074e-68 ] 1.0000e+00
 4.862e+01 2.5776e-40 2.5776e-40 [ 7.7890e-96 1.3111e-73 4.1544e-49 2.5776e-40 ] 6.8472e-69 [ 8.0177e-239 3.7476e-198 2.0027e-178 5.6250e-107 3.2755e-99 9.8299e-76 6.8472e-69 ] 1.0000e+00
 4.873e+01 1.7496e-40 1.7496e-40 [ 3.6524e-96 6.9050e-74 2.6147e-49 1.7496e-40 ] 4.2325e-69 [ 1.5164e-239 8.6486e-199 5.4280e-179 3.4367e-107 2.0013e-99 6.0153e-76 4.2325e-69 ] 1.0000e+00
 4.885e+01 1.1867e-40 1.1867e-40 [ 1.7119e-96 3.6340e-74 1.6444e-49 1.1867e-40 ] 2.6156e-69 [ 2.8667e-240 1.9942e-199 1.4696e-179 2.0998e-107 1.2228e-99 3.6808e-76 2.6156e-69 ] 1.0000e+00
 4.896e+01 8.0440e-41 8.0440e-41 [ 8.0196e-97 1.9112e-74 1.0333e-49 8.0440e-41 ] 1.6160e-69 [ 5.4174e-241 4.5947e-200 3.9746e-180 1.2829e-107 7.4712e-100 2.2522e-76 1.6160e-69 ] 1.0000e+00
 4.907e+01 5.4486e-41 5.4486e-41 [ 3.7552e-97 1.0045e-74 6.4884e-50 5.4486e-41 ] 9.9816e-70 [ 1.0233e-241 1.0577e-200 1.0738e-180 7.8380e-108 4.5648e-100 1.3779e-76 9.9816e-70 ] 1.0000e+00
 4.919e+01 3.6880e-41 3.6880e-41 [ 1.7575e-97 5.2756e-75 4.0710e-50 3.6880e-41 ] 6.1640e-70 [ 1.9323e-242 2.4331e-201 2.8979e-181 4.7887e-108 2.7891e-100 8.4302e-77 6.1640e-70 ] 1.0000e+00
 4.930e+01 2.4946e-41 2.4946e-41 [ 8.2217e-98 2.7689e-75 2.5522e-50 2.4946e-41 ] 3.8056e-70 [ 3.6472e-243 5.5922e-202 7.8123e-182 2.9257e-108 1.7041e-100 5.1573e-77 3.8056e-70 ] 1.0000e+00
 4.941e+01 1.6862e-41 1.6862e-41 [ 3.8443e-98 1.4523e-75 1.5988e-50 1.6862e-41 ] 2.3490e-70 [ 6.8812e-244 1.2843e-202 2.1039e-182 1.7875e-108 1.0412e-100 3.1549e-77 2.3490e-70 ] 1.0000e+00
 4.953e+01 1.1389e-41 1.1389e-41 [ 1.7967e-98 7.6124e-76 1.0008e-50 1.1389e-41 ] 1.4496e-70 [ 1.2978e-244 2.9471e-203 5.6599e-183 1.0920e-108 6.3614e-101 1.9299e-77 1.4496e-70 ] 1.0000e+00
 4.964e+01 7.6877e-42 7.6877e-42 [ 8.3931e-99 3.9874e-76 6.2597e-51 7.6877e-42 ] 8.9436e-71 [ 2.4466e-245 6.7575e-204 1.5210e-183 6.6717e-109 3.8867e-101 1.1804e-77 8.9436e-71 ] 1.0000e+00
 4.975e+01 5.1855e-42 5.1855e-42 [ 3.9189e-99 2.0873e-76 3.9122e-51 5.1855e-42 ] 5.5168e-71 [ 4.6107e-246 1.5482e-204 4.0832e-184 4.0759e-109 2.3747e-101 7.2201e-78 5.5168e-71 ] 1.0000e+00
 4.987e+01 3.4953e-42 3.4953e-42 [ 1.8290e-99 1.0919e-76 2.4432e-51 3.4953e-42 ] 3.4022e-71 [ 8.6854e-247 3.5443e-205 1.0950e-184 2.4901e-109 1.4509e-101 4.4160e-78 3.4022e-71 ] 1.0000e+00
 4.998e+01 2.3544e-42 2.3544e-42 [ 8.5319e-100 5.7079e-77 1.5246e-51 2.3544e-42 ] 2.0977e-71 [ 1.6355e-247 8.1077e-206 2.9334e-185 1.5212e-109 8.8644e-102 2.7008e-78 2.0977e-71 ] 1.0000e+00
 5.009e+01 1.5848e-42 1.5848e-42 [ 3.9781e-100 2.9820e-77 9.5068e-52 1.5848e-42 ] 1.2932e-71 [ 3.0785e-248 1.8532e-206 7.8503e-186 9.2931e-110 5.4159e-102 1.6517e-78 1.2932e-71 ] 1.0000e+00
 5.021e+01 1.0660e-42 1.0660e-42 [ 1.8540e-100 1.5568e-77 5.9234e-52 1.0660e-42 ] 7.9701e-72 [ 5.7924e-249 4.2326e-207 2.0987e-186 5.6770e-110 3.3089e-102 1.0101e-78 7.9701e-72 ] 1.0000e+00
 5.032e+01 7.1655e-43 7.1655e-43 [ 8.6363e-101 8.1225e-78 3.6878e-52 7.1655e-43 ] 4.9112e-72 [ 1.0895e-249 9.6595e-208 5.6048e-187 3.4680e-110 2.0216e-102 6.1768e-79 4.9112e-72 ] 1.0000e+00
 5.043e+01 4.8132e-43 4.8132e-43 [ 4.0211e-101 4.2351e-78 2.2942e-52 4.8132e-43 ] 3.0257e-72 [ 2.0484e-250 2.2028e-208 1.4953e-187 2.1184e-110 1.2351e-102 3.7771e-79 3.0257e-72 ] 1.0000e+00
 5.055e+01 3.2309e-43 3.2309e-43 [ 1.8714e-101 2.2067e-78 1.4262e-52 3.2309e-43 ] 1.8637e-72 [ 3.8498e-251 5.0194e-209 3.9851e-188 1.2940e-110 7.5458e-103 2.3096e-79 1.8637e-72 ] 1.0000e+00
 5.066e+01 2.1673e-43 2.1673e-43 [ 8.7049e-102 1.1491e-78 8.8590e-53 2.1673e-43 ] 1.1477e-72 [ 7.2326e-252 1.1429e-209 1.0610e-188 7.9042e-111 4.6100e-103 1.4122e-79 1.1477e-72 ] 1.0000e+00
 5.077e+01 1.4528e-43 1.4528e-43 [ 4.0473e-102 5.9795e-79 5.4987e-53 1.4528e-43 ] 7.0668e-73 [ 1.3583e-252 2.6003e-210 2.8219e-189 4.8279e-111 2.8164e-103 8.6346e-80 7.0668e-73 ] 1.0000e+00
 5.089e+01 9.7316e-44 9.7316e-44 [ 1.8808e-102 3.1096e-79 3.4104e-53 9.7316e-44 ] 4.3504e-73 [ 2.5500e-253 5.9117e-211 7.4979e-190 2.9488e-111 1.7206e-103 5.2793e-80 4.3504e-73 ] 1.0000e+00
 5.100e+01 6.5144e-44 6.5144e-44 [ 8.7365e-103 1.6161e-79 2.1136e-53 6.5144e-44 ] 2.6777e-73 [ 4.7853e-254 1.3430e-211 1.9902e-190 1.8010e-111 1.0511e-103 3.2277e-80 2.6777e-73 ] 1.0000e+00
 5.111e+01 4.3577e-44 4.3577e-44 [ 4.0561e-103 8.3932e-80 1.3089e-53 4.3577e-44 ] 1.6478e-73 [ 8.9768e-255 3.0486e-212 5.2772e-191 1.0999e-111 6.4211e-104 1.9734e-80 1.6478e-73 ] 1.0000e+00
 5.123e+01 2.9131e-44 2.9131e-44 [ 1.8822e-103 4.3563e-80 8.0997e-54 2.9131e-44 ] 1.0139e-73 [ 1.6833e-255 6.9154e-213 1.3979e-191 6.7169e-112 3.9225e-104 1.2064e-80 1.0139e-73 ] 1.0000e+00
 5.134e+01 1.9460e-44 1.9460e-44 [ 8.7302e-104 2.2595e-80 5.0084e-54 1.9460e-44 ] 6.2370e-74 [ 3.1555e-256 1.5675e-213 3.6992e-192 4.1017e-112 2.3961e-104 7.3754e-81 6.2370e-74 ] 1.0000e+00
 5.145e+01 1.2991e-44 1.2991e-44 [ 4.0473e-104 1.1712e-80 3.0946e-54 1.2991e-44 ] 3.8361e-74 [ 5.9129e-257 3.5503e-214 9.7795e-193 2.5046e-112 1.4636e-104 4.5088e-81 3.8361e-74 ] 1.0000e+00
 5.157e+01 8.6660e-45 8.6660e-45 [ 1.8754e-104 6.0671e-81 1.9107e-54 8.6660e-45 ] 2.3591e-74 [ 1.1076e-257 8.0354e-215 2.5828e-193 1.5292e-112 8.9400e-105 2.7563e-81 2.3591e-74 ] 1.0000e+00
 5.168e+01 5.7772e-45 5.7772e-45 [ 8.6853e-105 3.1408e-81 1.1788e-54 5.7772e-45 ] 1.4505e-74 [ 2.0739e-258 1.8173e-215 6.8144e-194 9.3365e-113 5.4605e-105 1.6849e-81 1.4505e-74 ] 1.0000e+00
 5.179e+01 3.8487e-45 3.8487e-45 [ 4.0204e-105 1.6248e-81 7.2672e-55 3.8487e-45 ] 8.9171e-75 [ 3.8820e-259 4.1071e-216 1.7961e-194 5.6998e-113 3.3350e-105 1.0299e-81 8.9171e-75 ] 1.0000e+00
 5.191e+01 2.5622e-45 2.5622e-45 [ 1.8601e-105 8.4000e-82 4.4768e-55 2.5622e-45 ] 5.4810e-75 [ 7.2637e-260 9.2751e-217 4.7296e-195 3.4793e-113 2.0368e-105 6.2958e-82 5.4810e-75 ] 1.0000e+00
 5.202e+01 1.7046e-45 1.7046e-45 [ 8.6012e-106 4.3398e-82 2.7558e-55 1.7046e-45 ] 3.3684e-75 [ 1.3587e-260 2.0931e-217 1.2442e-195 2.1237e-113 1.2439e-105 3.8483e-82 3.3684e-75 ] 1.0000e+00
 5.213e+01 1.1332e-45 1.1332e-45 [ 3.9752e-106 2.2406e-82 1.6951e-55 1.1332e-45 ] 2.0698e-75 [ 2.5404e-261 4.7201e-218 3.2697e-196 1.2961e-113 7.5959e-106 2.3523e-82 2.0698e-75 ] 1.0000e+00
 5.225e+01 7.5287e-46 7.5287e-46 [ 1.8363e-106 1.1561e-82 1.0419e-55 7.5287e-46 ] 1.2716e-75 [ 4.7484e-262 1.0636e-218 8.5844e-197 7.9091e-114 4.6382e-106 1.4378e-82 1.2716e-75 ] 1.0000e+00
 5.236e+01 4.9984e-46 4.9984e-46 [ 8.4775e-107 5.9607e-83 6.3996e-56 4.9984e-46 ] 7.8115e-76 [ 8.8723e-263 2.3951e-219 2.2516e-197 4.8258e-114 2.8319e-106 8.7881e-83 7.8115e-76 ] 1.0000e+00
 5.247e+01 3.3162e-46 3.3162e-46 [ 3.9117e-107 3.0712e-83 3.9277e-56 3.3162e-46 ] 4.7978e-76 [ 1.6572e-263 5.3894e-220 5.9000e-198 2.9441e-114 1.7289e-106 5.3714e-83 4.7978e-76 ] 1.0000e+00
 5.259e+01 2.1987e-46 2.1987e-46 [ 1.8039e-107 1.5814e-83 2.4089e-56 2.1987e-46 ] 2.9463e-76 [ 3.0942e-264 1.2118e-220 1.5445e-198 1.7959e-114 1.0554e-106 3.2830e-83 2.9463e-76 ] 1.0000e+00
 5.270e+01 1.4567e-46 1.4567e-46 [ 8.3143e-108 8.1366e-84 1.4763e-56 1.4567e-46 ] 1.8091e-76 [ 5.7755e-265 2.7230e-221 4.0393e-199 1.0953e-114 6.4423e-107 2.0065e-83 1.8091e-76 ] 1.0000e+00
 5.281e+01 9.6451e-47 9.6451e-47 [ 3.8298e-108 4.1836e-84 9.0404e-57 9.6451e-47 ] 1.1107e-76 [ 1.0776e-265 6.1143e-222 1.0554e-199 6.6789e-115 3.9319e-107 1.2264e-83 1.1107e-76 ] 1.0000e+00
 5.293e+01 6.3817e-47 6.3817e-47 [ 1.7631e-108 2.1495e-84 5.5322e-57 6.3817e-47 ] 6.8179e-77 [ 2.0100e-266 1.3719e-222 2.7548e-200 4.0720e-115 2.3994e-107 7.4952e-84 6.8179e-77 ] 1.0000e+00
 5.304e+01 4.2196e-47 4.2196e-47 [ 8.1114e-109 1.1036e-84 3.3829e-57 4.2196e-47 ] 4.1846e-77 [ 3.7478e-267 3.0762e-223 7.1840e-201 2.4821e-115 1.4640e-107 4.5808e-84 4.1846e-77 ] 1.0000e+00
 5.315e+01 2.7881e-47 2.7881e-47 [ 3.7296e-109 5.6622e-85 2.0671e-57 2.7881e-47 ] 2.5680e-77 [ 6.9858e-268 6.8928e-224 1.8716e-201 1.5126e-115 8.9314e-108 2.7996e-84 2.5680e-77 ] 1.0000e+00
 5.327e+01 1.8410e-47 1.8410e-47 [ 1.7137e-109 2.9028e-85 1.2621e-57 1.8410e-47 ] 1.5758e-77 [ 1.3017e-268 1.5434e-224 4.8716e-202 9.2163e-116 5.4478e-108 1.7110e-84 1.5758e-77 ] 1.0000e+00
 5.338e+01 1.2148e-47 1.2148e-47 [ 7.8694e-110 1.4870e-85 7.7008e-58 1.2148e-47 ] 9.6678e-78 [ 2.4246e-269 3.4534e-225 1.2668e-202 5.6140e-116 3.3223e-108 1.0456e-84 9.6678e-78 ] 1.0000e+00
 5.349e+01 8.0106e-48 8.0106e-48 [ 3.6112e-110 7.6118e-86 4.6952e-58 8.0106e-48 ] 5.9308e-78 [ 4.5147e-270 7.7220e-226 3.2910e-203 3.4188e-116 2.0257e-108 6.3903e-85 5.9308e-78 ] 1.0000e+00
 5.361e+01 5.2787e-48 5.2787e-48 [ 1.6561e-110 3.8932e-86 2.8605e-58 5.2787e-48 ] 3.6378e-78 [ 8.4038e-271 1.7255e-226 8.5417e-204 2.0813e-116 1.2349e-108 3.9053e-85 3.6378e-78 ] 1.0000e+00
 5.372e+01 3.4761e-48 3.4761e-48 [ 7.5890e-111 1.9896e-86 1.7415e-58 3.4761e-48 ] 2.2311e-78 [ 1.5638e-271 3.8529e-227 2.2149e-204 1.2667e-116 7.5258e-109 2.3866e-85 2.2311e-78 ] 1.0000e+00
 5.383e+01 2.2876e-48 2.2876e-48 [ 3.4752e-111 1.0160e-86 1.0594e-58 2.2876e-48 ] 1.3682e-78 [ 2.9089e-272 8.5975e-228 5.7379e-205 7.7071e-117 4.5854e-109 1.4585e-85 1.3682e-78 ] 1.0000e+00
 5.395e+01 1.5044e-48 1.5044e-48 [ 1.5902e-111 5.1835e-87 6.4400e-59 1.5044e-48 ] 8.3895e-79 [ 5.4093e-273 1.9172e-228 1.4851e-205 4.6876e-117 2.7930e-109 8.9129e-86 8.3895e-79 ] 1.0000e+00
 5.406e+01 9.8866e-49 9.8866e-49 [ 7.2713e-112 2.6423e-87 3.9119e-59 9.8866e-49 ] 5.1436e-79 [ 1.0056e-273 4.2723e-229 3.8402e-206 2.8500e-117 1.7008e-109 5.4467e-86 5.1436e-79 ] 1.0000e+00
 5.417e+01 6.4930e-49 6.4930e-49 [ 3.3221e-112 1.3457e-87 2.3744e-59 6.4930e-49 ] 3.1532e-79 [ 1.8686e-274 9.5140e-230 9.9207e-207 1.7321e-117 1.0353e-109 3.3284e-86 3.1532e-79 ] 1.0000e+00
 5.429e+01 4.2614e-49 4.2614e-49 [ 1.5166e-112 6.8476e-88 1.4401e-59 4.2614e-49 ] 1.9328e-79 [ 3.4714e-275 2.1173e-230 2.5606e-207 1.0522e-117 6.3000e-110 2.0340e-86 1.9328e-79 ] 1.0000e+00
 5.440e+01 2.7949e-49 2.7949e-49 [ 6.9178e-113 3.4810e-88 8.7280e-60 2.7949e-49 ] 1.1846e-79 [ 6.4469e-276 4.7086e-231 6.6028e-208 6.3894e-118 3.8322e-110 1.2429e-86 1.1846e-79 ] 1.0000e+00
 5.451e+01 1.8318e-49 1.8318e-49 [ 3.1528e-113 1.7679e-88 5.2855e-60 1.8318e-49 ] 7.2600e-80 [ 1.1969e-276 1.0465e-231 1.7011e-208 3.8780e-118 2.3301e-110 7.5951e-87 7.2600e-80 ] 1.0000e+00
 5.463e+01 1.1998e-49 1.1998e-49 [ 1.4356e-113 8.9696e-89 3.1983e-60 1.1998e-49 ] 4.4488e-80 [ 2.2213e-277 2.3242e-232 4.3785e-209 2.3525e-118 1.4161e-110 4.6411e-87 4.4488e-80 ] 1.0000e+00
 5.474e+01 7.8535e-50 7.8535e-50 [ 6.5309e-114 4.5461e-89 1.9337e-60 7.8535e-50 ] 2.7259e-80 [ 4.1212e-278 5.1585e-233 1.1260e-209 1.4264e-118 8.6026e-111 2.8360e-87 2.7259e-80 ] 1.0000e+00
 5.485e+01 5.1370e-50 5.1370e-50 [ 2.9683e-114 2.3017e-89 1.1682e-60 5.1370e-50 ] 1.6701e-80 [ 7.6436e-279 1.1442e-233 2.8930e-210 8.6432e-119 5.2231e-111 1.7329e-87 1.6701e-80 ] 1.0000e+00
 5.497e+01 3.3579e-50 3.3579e-50 [ 1.3478e-114 1.1641e-89 7.0512e-61 3.3579e-50 ] 1.0231e-80 [ 1.4172e-279 2.5362e-234 7.4261e-211 5.2344e-119 3.1695e-111 1.0588e-87 1.0231e-80 ] 1.0000e+00
 5.508e+01 2.1935e-50 2.1935e-50 [ 6.1133e-115 5.8806e-90 4.2524e-61 2.1935e-50 ] 6.2671e-81 [ 2.6269e-280 5.6181e-235 1.9045e-211 3.1679e-119 1.9222e-111 6.4696e-88 6.2671e-81 ] 1.0000e+00
 5.519e+01 1.4319e-50 1.4319e-50 [ 2.7701e-115 2.9672e-90 2.5623e-61 1.4319e-50 ] 3.8386e-81 [ 4.8675e-281 1.2437e-235 4.8800e-212 1.9160e-119 1.1650e-111 3.9528e-88 3.8386e-81 ] 1.0000e+00
 5.531e+01 9.3415e-51 9.3415e-51 [ 1.2538e-115 1.4954e-90 1.5424e-61 9.3415e-51 ] 2.3509e-81 [ 9.0163e-282 2.7514e-236 1.2493e-212 1.1580e-119 7.0565e-112 2.4150e-88 2.3509e-81 ] 1.0000e+00
 5.542e+01 6.0900e-51 6.0900e-51 [ 5.6687e-116 7.5268e-91 9.2761e-62 6.0900e-51 ] 1.4397e-81 [ 1.6696e-282 6.0828e-237 3.1954e-213 6.9934e-120 4.2709e-112 1.4753e-88 1.4397e-81 ] 1.0000e+00
 5.553e+01 3.9677e-51 3.9677e-51 [ 2.5599e-116 3.7836e-91 5.5729e-62 3.9677e-51 ] 8.8161e-82 [ 3.0908e-283 1.3440e-237 8.1658e-214 4.2201e-120 2.5830e-112 9.0123e-89 8.8161e-82 ] 1.0000e+00
 5.565e+01 2.5832e-51 2.5832e-51 [ 1.1546e-116 1.8993e-91 3.3446e-62 2.5832e-51 ] 5.3981e-82 [ 5.7199e-284 2.9675e-238 2.0849e-214 2.5444e-120 1.5609e-112 5.5047e-89 5.3981e-82 ] 1.0000e+00
 5.576e+01 1.6807e-51 1.6807e-51 [ 5.2013e-117 9.5213e-92 2.0050e-62 1.6807e-51 ] 3.3051e-82 [ 1.0582e-284 6.5480e-239 5.3185e-215 1.5327e-120 9.4239e-113 3.3619e-89 3.3051e-82 ] 1.0000e+00
 5.587e+01 1.0928e-51 1.0928e-51 [ 2.3400e-117 4.7660e-92 1.2006e-62 1.0928e-51 ] 2.0234e-82 [ 1.9571e-285 1.4440e-239 1.3555e-215 9.2239e-121 5.6844e-113 2.0528e-89 2.0234e-82 ] 1.0000e+00
 5.599e+01 7.1009e-52 7.1009e-52 [ 1.0513e-117 2.3820e-92 7.1796e-63 7.1009e-52 ] 1.2387e-82 [ 3.6186e-286 3.1822e-240 3.4518e-216 5.5454e-121 3.4254e-113 1.2533e-89 1.2387e-82 ] 1.0000e+00
 5.610e+01 4.6109e-52 4.6109e-52 [ 4.7163e-118 1.1886e-92 4.2879e-63 4.6109e-52 ] 7.5821e-83 [ 6.6884e-287 7.0086e-241 8.7823e-217 3.3303e-121 2.0620e-113 7.6492e-90 7.5821e-83 ] 1.0000e+00
 5.621e+01 2.9921e-52 2.9921e-52 [ 2.1127e-118 5.9215e-93 2.5572e-63 2.9921e-52 ] 4.6409e-83 [ 1.2359e-287 1.5426e-241 2.2325e-217 1.9978e-121 1.2398e-113 4.6672e-90 4.6409e-83 ] 1.0000e+00
 5.633e+01 1.9404e-52 1.9404e-52 [ 9.4491e-119 2.9448e-93 1.5228e-63 1.9404e-52 ] 2.8404e-83 [ 2.2829e-288 3.3932e-242 5.6701e-218 1.1970e-121 7.4457e-114 2.8467e-90 2.8404e-83 ] 1.0000e+00
 5.644e+01 1.2575e-52 1.2575e-52 [ 4.2193e-119 1.4619e-93 9.0534e-64 1.2575e-52 ] 1.7383e-83 [ 4.2157e-289 7.4593e-243 1.4388e-218 7.1623e-122 4.4657e-114 1.7354e-90 1.7383e-83 ] 1.0000e+00
 5.655e+01 8.1438e-53 8.1438e-53 [ 1.8808e-119 7.2431e-94 5.3731e-64 8.1438e-53 ] 1.0638e-83 [ 7.7827e-290 1.6387e-243 3.6481e-219 4.2799e-122 2.6748e-114 1.0574e-90 1.0638e-83 ] 1.0000e+00
 5.667e+01 5.2708e-53 5.2708e-53 [ 8.3688e-120 3.5816e-94 3.1830e-64 5.2708e-53 ] 6.5097e-84 [ 1.4363e-290 3.5980e-244 9.2414e-220 2.5538e-122 1.5997e-114 6.4383e-91 6.5097e-84 ] 1.0000e+00
 5.678e+01 3.4091e-53 3.4091e-53 [ 3.7167e-120 1.7674e-94 1.8818e-64 3.4091e-53 ] 3.9832e-84 [ 2.6500e-291 7.8947e-245 2.3391e-220 1.5214e-122 9.5522e-115 3.9169e-91 3.9832e-84 ] 1.0000e+00
 5.689e+01 2.2035e-53 2.2035e-53 [ 1.6473e-120 8.7019e-95 1.1101e-64 2.2035e-53 ] 2.4372e-84 [ 4.8878e-292 1.7312e-245 5.9152e-221 9.0490e-123 5.6942e-115 2.3807e-91 2.4372e-84 ] 1.0000e+00
 5.701e+01 1.4233e-53 1.4233e-53 [ 7.2860e-121 4.2746e-95 6.5337e-65 1.4233e-53 ] 1.4911e-84 [ 9.0126e-293 3.7940e-246 1.4946e-221 5.3724e-123 3.3883e-115 1.4453e-91 1.4911e-84 ] 1.0000e+00
 5.712e+01 9.1877e-54 9.1877e-54 [ 3.2152e-121 2.0946e-95 3.8358e-65 9.1877e-54 ] 9.1225e-85 [ 1.6613e-293 8.3096e-247 3.7733e-222 3.1835e-123 2.0122e-115 8.7624e-92 9.1225e-85 ] 1.0000e+00
 5.723e+01 5.9269e-54 5.9269e-54 [ 1.4155e-121 1.0237e-95 2.2458e-65 5.9269e-54 ] 5.5808e-85 [ 3.0615e-294 1.8188e-247 9.5180e-223 1.8826e-123 1.1925e-115 5.3040e-92 5.5808e-85 ] 1.0000e+00
 5.735e+01 3.8209e-54 3.8209e-54 [ 6.2154e-122 4.9892e-96 1.3111e-65 3.8209e-54 ] 3.4139e-85 [ 5.6402e-295 3.9788e-248 2.3988e-223 1.1108e-123 7.0509e-116 3.2047e-92 3.4139e-85 ] 1.0000e+00
 5.746e+01 2.4616e-54 2.4616e-54 [ 2.7218e-122 2.4244e-96 7.6294e-66 2.4616e-54 ] 2.0883e-85 [ 1.0388e-295 8.6985e-249 6.0407e-224 6.5382e-124 4.1588e-116 1.9321e-92 2.0883e-85 ] 1.0000e+00
 5.757e+01 1.5848e-54 1.5848e-54 [ 1.1884e-122 1.1743e-96 4.4244e-66 1.5848e-54 ] 1.2773e-85 [ 1.9126e-296 1.9006e-249 1.5199e-224 3.8384e-124 2.4464e-116 1.1621e-92 1.2773e-85 ] 1.0000e+00
 5.769e+01 1.0196e-54 1.0196e-54 [ 5.1720e-123 5.6685e-97 2.5561e-66 1.0196e-54 ] 7.8124e-86 [ 3.5204e-297 4.1501e-250 3.8210e-225 2.2469e-124 1.4348e-116 6.9694e-93 7.8124e-86 ] 1.0000e+00
 5.780e+01 6.5557e-55 6.5557e-55 [ 2.2432e-123 2.7261e-97 1.4707e-66 6.5557e-55 ] 4.7780e-86 [ 6.4780e-298 9.0567e-251 9.5978e-226 1.3112e-124 8.3885e-117 4.1663e-93 4.7780e-86 ] 1.0000e+00
 5.791e+01 4.2120e-55 4.2120e-55 [ 9.6920e-124 1.3058e-97 8.4243e-67 4.2120e-55 ] 2.9219e-86 [ 1.1917e-298 1.9753e-251 2.4088e-226 7.6246e-125 4.8868e-117 2.4815e-93 2.9219e-86 ] 1.0000e+00
 5.803e+01 2.7043e-55 2.7043e-55 [ 4.1701e-124 6.2267e-98 4.8016e-67 2.7043e-55 ] 1.7867e-86 [ 2.1916e-299 4.3056e-252 6.0406e-227 4.4168e-125 2.8357e-117 1.4718e-93 1.7867e-86 ] 1.0000e+00
 5.814e+01 1.7349e-55 1.7349e-55 [ 1.7860e-124 2.9548e-98 2.7219e-67 1.7349e-55 ] 1.0924e-86 [ 4.0294e-300 9.3795e-253 1.5136e-227 2.5475e-125 1.6382e-117 8.6870e-94 1.0924e-86 ] 1.0000e+00
 5.825e+01 1.1121e-55 1.1121e-55 [ 7.6095e-125 1.3946e-98 1.5337e-67 1.1121e-55 ] 6.6782e-87 [ 7.4062e-301 2.0421e-253 3.7893e-228 1.4622e-125 9.4179e-118 5.0993e-94 6.6782e-87 ] 1.0000e+00
 5.837e+01 7.1220e-56 7.1220e-56 [ 3.2233e-125 6.5416e-99 8.5831e-68 7.1220e-56 ] 4.0814e-87 [ 1.3609e-301 4.4433e-254 9.4790e-229 8.3466e-126 5.3837e-118 2.9744e-94 4.0814e-87 ] 1.0000e+00
 5.848e+01 4.5560e-56 4.5560e-56 [ 1.3562e-125 3.0473e-99 4.7668e-68 4.5560e-56 ] 2.4933e-87 [ 2.4999e-302 9.6625e-255 2.3692e-229 4.7342e-126 3.0578e-118 1.7224e-94 2.4933e-87 ] 1.0000e+00
 5.859e+01 2.9106e-56 2.9106e-56 [ 5.6628e-126 1.4083e-99 2.6242e-68 2.9106e-56 ] 1.5222e-87 [ 4.5910e-303 2.1000e-255 5.9169e-230 2.6654e-126 1.7238e-118 9.8892e-95 1.5222e-87 ] 1.0000e+00
 5.871e+01 1.8560e-56 1.8560e-56 [ 2.3432e-126 6.4477e-100 1.4301e-68 1.8560e-56 ] 9.2841e-88 [ 8.4287e-304 4.5613e-256 1.4765e-230 1.4876e-126 9.6319e-119 5.6218e-95 9.2841e-88 ] 1.0000e+00
 5.882e+01 1.1806e-56 1.1806e-56 [ 9.5914e-127 2.9195e-100 7.7007e-69 1.1806e-56 ] 5.6528e-88 [ 1.5469e-304 9.9010e-257 3.6810e-231 8.2152e-127 5.3249e-119 3.1581e-95 5.6528e-88 ] 1.0000e+00
 5.893e+01 7.4826e-57 7.4826e-57 [ 3.8747e-127 1.3043e-100 4.0872e-69 7.4826e-57 ] 3.4321e-88 [ 2.8378e-305 2.1476e-257 9.1686e-232 4.4781e-127 2.9055e-119 1.7486e-95 3.4321e-88 ] 1.0000e+00
 5.905e+01 4.7154e-57 4.7154e-57 [ 1.5397e-127 5.7296e-101 2.1306e-69 4.7154e-57 ] 2.0739e-88 [ 5.2025e-306 4.6539e-258 2.2809e-232 2.4009e-127 1.5591e-119 9.5075e-96 2.0739e-88 ] 1.0000e+00
 5.916e+01 2.9440e-57 2.9440e-57 [ 5.9884e-128 2.4627e-101 1.0850e-69 2.9440e-57 ] 1.2426e-88 [ 9.5248e-307 1.0069e-258 5.6637e-233 1.2590e-127 8.1818e-120 5.0479e-96 1.2426e-88 ] 1.0000e+00
 5.927e+01 1.8086e-57 1.8086e-57 [ 2.2622e-128 1.0275e-101 5.3498e-70 1.8086e-57 ] 7.3318e-89 [ 1.7383e-307 2.1708e-259 1.4011e-233 6.3976e-128 4.1601e-120 2.5924e-96 7.3318e-89 ] 1.0000e+00
 5.939e+01 1.0782e-57 1.0782e-57 [ 8.1889e-129 4.1023e-102 2.5116e-70 1.0782e-57 ] 4.1998e-89 [ 3.1470e-308 4.6405e-260 3.4347e-234 3.0953e-128 2.0138e-120 1.2654e-96 4.1998e-89 ] 1.0000e+00
 5.950e+01 6.0534e-58 6.0534e-58 [ 2.7619e-129 1.5205e-102 1.0832e-70 6.0534e-58 ] 2.2621e-89 [ 5.5713e-309 9.6892e-261 8.2091e-235 1.3735e-128 8.9395e-121 5.6538e-97 2.2621e-89 ] 1.0000e+00
 5.961e+01 2.9702e-58 2.9702e-58 [ 8.0521e-130 4.8247e-103 3.9143e-71 2.9702e-58 ] 1.0558e-89 [ 9.1979e-310 1.8760e-261 1.8061e-235 5.0851e-129 3.3107e-121 2.1037e-97 1.0558e-89 ] 1.0000e+00
 5.973e+01 1.0024e-58 1.0024e-58 [ 1.5118e-130 9.6430e-104 8.5696e-72 1.0024e-58 ] 3.2462e-90 [ 1.1256e-310 2.6244e-262 2.7991e-236 1.1320e-129 7.3712e-122 4.6970e-98 3.2462e-90 ] 1.0000e+00
 5.984e+01 0.0000e+00 0.0000e+00 [ 0.0000e+00 0.0000e+00 0.0000e+00 0.0000e+00 ] 0.0000e+00 [ 0.0000e+00 0.0000e+00 0.0000e+00 0.0000e+00 0.0000e+00 0.0000e+00 0.0000e+00 ] 1.0000e+00
