 0.000e+00 0.0000e+00 0.0000e+00 [ 0.0000e+00 0.0000e+00 0.0000e+00 0.0000e+00 ] 0.0000e+00 [ 0.0000e+00 ] 1.0000e+00
 1.133e-01 3.2283e-02 3.2283e-02 [ 2.7406e-02 1.4663e-03 1.9379e-03 1.4732e-03 ] 0.0000e+00 [ 0.0000e+00 ] 9.6772e-01
 2.267e-01 6.9440e-02 6.9440e-02 [ 4.8676e-02 6.5760e-03 8.2367e-03 5.9512e-03 ] 0.0000e+00 [ 0.0000e+00 ] 9.3056e-01
 3.400e-01 1.3910e-01 1.3910e-01 [ 8.8068e-02 1.7323e-02 2.0021e-02 1.3690e-02 ] 0.0000e+00 [ 0.0000e+00 ] 8.6090e-01
 4.533e-01 2.7345e-01 2.7345e-01 [ 1.7550e-01 3.5909e-02 3.7710e-02 2.4328e-02 ] 0.0000e+00 [ 0.0000e+00 ] 7.2655e-01
 5.667e-01 4.8007e-01 4.8007e-01 [ 3.2857e-01 5.9794e-02 5.6940e-02 3.4767e-02 ] 0.0000e+00 [ 0.0000e+00 ] 5.1993e-01
 6.800e-01 6.6443e-01 6.6443e-01 [ 4.7972e-01 7.7290e-02 6.7623e-02 3.9806e-02 ] 0.0000e+00 [ 0.0000e+00 ] 3.3556e-01
 7.933e-01 7.3829e-01 7.3829e-01 [ 5.4205e-01 8.4881e-02 7.0157e-02 4.1205e-02 ] 0.0000e+00 [ 0.0000e+00 ] 2.6171e-01
 9.067e-01 7.2096e-01 7.2096e-01 [ 5.1541e-01 8.9279e-02 7.2283e-02 4.3990e-02 ] 0.0000e+00 [ 0.0000e+00 ] 2.7904e-01
 1.020e+00 6.1259e-01 6.1259e-01 [ 4.0419e-01 8.8465e-02 7.2700e-02 4.7238e-02 ] 0.0000e+00 [ 0.0000e+00 ] 3.8741e-01
 1.133e+00 4.2830e-01 4.2830e-01 [ 2.4325e-01 7.5388e-02 6.4362e-02 4.5299e-02 ] 0.0000e+00 [ 0.0000e+00 ] 5.7170e-01
 1.247e+00 2.6308e-01 2.6308e-01 [ 1.1912e-01 5.6195e-02 4.9927e-02 3.7839e-02 ] 0.0000e+00 [ 0.0000e+00 ] 7.3692e-01
 1.360e+00 1.6251e-01 1.6251e-01 [ 5.5481e-02 4.0693e-02 3.6897e-02 2.9437e-02 ] 0.0000e+00 [ 0.0000e+00 ] 8.3749e-01
 1.473e+00 1.1004e-01 1.1004e-01 [ 2.8617e-02 3.1012e-02 2.7813e-02 2.2601e-02 ] 0.0000e+00 [ 0.0000e+00 ] 8.8996e-01
 1.587e+00 8.3433e-02 8.3433e-02 [ 1.7994e-02 2.5631e-02 2.2140e-02 1.7668e-02 ] 0.0000e+00 [ 0.0000e+00 ] 9.1657e-01
 1.700e+00 6.9601e-02 6.9601e-02 [ 1.3704e-02 2.2814e-02 1.8818e-02 1.4266e-02 ] 0.0000e+00 [ 0.0000e+00 ] 9.3040e-01
 1.813e+00 6.2153e-02 6.2153e-02 [ 1.1782e-02 2.1394e-02 1.7017e-02 1.1960e-02 ] 0.0000e+00 [ 0.0000e+00 ] 9.3785e-01
 1.927e+00 5.8061e-02 5.8061e-02 [ 1.0755e-02 2.0693e-02 1.6196e-02 1.0417e-02 ] 0.0000e+00 [ 0.0000e+00 ] 9.4194e-01
 2.040e+00 5.5839e-02 5.5839e-02 [ 1.0083e-02 2.0338e-02 1.6012e-02 9.4070e-03 ] 0.0000e+00 [ 0.0000e+00 ] 9.4416e-01
 2.153e+00 5.4717e-02 5.4717e-02 [ 9.5707e-03 2.0127e-02 1.6244e-02 8.7750e-03 ] 0.0000e+00 [ 0.0000e+00 ] 9.4528e-01
 2.267e+00 5.4262e-02 5.4262e-02 [ 9.1433e-03 1.9955e-02 1.6745e-02 8.4180e-03 ] 0.0000e+00 [ 0.0000e+00 ] 9.4574e-01
 2.380e+00 5.4215e-02 5.4215e-02 [ 8.7697e-03 1.9768e-02 1.7412e-02 8.2655e-03 ] 0.0000e+00 [ 0.0000e+00 ] 9.4578e-01
 2.493e+00 5.4410e-02 5.4410e-02 [ 8.4356e-03 1.9540e-02 1.8168e-02 8.2672e-03 ] 0.0000e+00 [ 0.0000e+00 ] 9.4559e-01
 2.607e+00 5.4735e-02 5.4735e-02 [ 8.1327e-03 1.9262e-02 1.8954e-02 8.3859e-03 ] 0.0000e+00 [ 0.0000e+00 ] 9.4526e-01
 2.720e+00 5.5111e-02 5.5111e-02 [ 7.8557e-03 1.8935e-02 1.9728e-02 8.5926e-03 ] 0.0000e+00 [ 0.0000e+00 ] 9.4489e-01
 2.833e+00 5.5485e-02 5.5485e-02 [ 7.6007e-03 1.8564e-02 2.0456e-02 8.8639e-03 ] 0.0000e+00 [ 0.0000e+00 ] 9.4452e-01
 2.947e+00 5.5817e-02 5.5817e-02 [ 7.3644e-03 1.8154e-02 2.1119e-02 9.1802e-03 ] 0.0000e+00 [ 0.0000e+00 ] 9.4418e-01
 3.060e+00 5.6085e-02 5.6085e-02 [ 7.1444e-03 1.7713e-02 2.1702e-02 9.5255e-03 ] 0.0000e+00 [ 0.0000e+00 ] 9.4392e-01
 3.173e+00 5.6274e-02 5.6274e-02 [ 6.9385e-03 1.7250e-02 2.2199e-02 9.8861e-03 ] 0.0000e+00 [ 0.0000e+00 ] 9.4373e-01
 3.287e+00 5.6377e-02 5.6377e-02 [ 6.7450e-03 1.6772e-02 2.2609e-02 1.0251e-02 ] 0.0000e+00 [ 0.0000e+00 ] 9.4362e-01
 3.400e+00 5.6394e-02 5.6394e-02 [ 6.5624e-03 1.6283e-02 2.2937e-02 1.0611e-02 ] 0.0000e+00 [ 0.0000e+00 ] 9.4361e-01
 3.513e+00 5.6328e-02 5.6328e-02 [ 6.3894e-03 1.5791e-02 2.3189e-02 1.0959e-02 ] 0.0000e+00 [ 0.0000e+00 ] 9.4367e-01
 3.627e+00 5.6184e-02 5.6184e-02 [ 6.2249e-03 1.5297e-02 2.3372e-02 1.1290e-02 ] 0.0000e+00 [ 0.0000e+00 ] 9.4382e-01
 3.740e+00 5.5972e-02 5.5972e-02 [ 6.0681e-03 1.4807e-02 2.3496e-02 1.1601e-02 ] 0.0000e+00 [ 0.0000e+00 ] 9.4403e-01
 3.853e+00 5.5698e-02 5.5698e-02 [ 5.9181e-03 1.4321e-02 2.3570e-02 1.1888e-02 ] 0.0000e+00 [ 0.0000e+00 ] 9.4430e-01
 3.967e+00 5.5370e-02 5.5370e-02 [ 5.7743e-03 1.3843e-02 2.3601e-02 1.2152e-02 ] 0.0000e+00 [ 0.0000e+00 ] 9.4463e-01
 4.080e+00 5.4998e-02 5.4998e-02 [ 5.6361e-03 1.3374e-02 2.3598e-02 1.2390e-02 ] 0.0000e+00 [ 0.0000e+00 ] 9.4500e-01
 4.193e+00 5.4587e-02 5.4587e-02 [ 5.5029e-03 1.2913e-02 2.3566e-02 1.2605e-02 ] 0.0000e+00 [ 0.0000e+00 ] 9.4541e-01
 4.307e+00 5.4145e-02 5.4145e-02 [ 5.3743e-03 1.2463e-02 2.3512e-02 1.2795e-02 ] 0.0000e+00 [ 0.0000e+00 ] 9.4585e-01
 4.420e+00 5.3678e-02 5.3678e-02 [ 5.2498e-03 1.2024e-02 2.3441e-02 1.2963e-02 ] 0.0000e+00 [ 0.0000e+00 ] 9.4632e-01
 4.533e+00 5.3190e-02 5.3190e-02 [ 5.1292e-03 1.1596e-02 2.3355e-02 1.3109e-02 ] 0.0000e+00 [ 0.0000e+00 ] 9.4681e-01
 4.647e+00 5.2685e-02 5.2685e-02 [ 5.0121e-03 1.1180e-02 2.3259e-02 1.3235e-02 ] 0.0000e+00 [ 0.0000e+00 ] 9.4731e-01
 4.760e+00 5.2169e-02 5.2169e-02 [ 4.8981e-03 1.0776e-02 2.3153e-02 1.3342e-02 ] 0.0000e+00 [ 0.0000e+00 ] 9.4783e-01
 4.873e+00 5.1643e-02 5.1643e-02 [ 4.7872e-03 1.0383e-02 2.3040e-02 1.3432e-02 ] 0.0000e+00 [ 0.0000e+00 ] 9.4836e-01
 4.987e+00 5.1110e-02 5.1110e-02 [ 4.6789e-03 1.0004e-02 2.2922e-02 1.3506e-02 ] 0.0000e+00 [ 0.0000e+00 ] 9.4889e-01
 5.100e+00 5.0572e-02 5.0572e-02 [ 4.5731e-03 9.6365e-03 2.2798e-02 1.3565e-02 ] 0.0000e+00 [ 0.0000e+00 ] 9.4943e-01
 5.213e+00 5.0032e-02 5.0032e-02 [ 4.4696e-03 9.2822e-03 2.2669e-02 1.3611e-02 ] 0.0000e+00 [ 0.0000e+00 ] 9.4997e-01
 5.327e+00 4.9491e-02 4.9491e-02 [ 4.3683e-03 8.9409e-03 2.2536e-02 1.3646e-02 ] 0.0000e+00 [ 0.0000e+00 ] 9.5051e-01
 5.440e+00 4.8949e-02 4.8949e-02 [ 4.2689e-03 8.6127e-03 2.2399e-02 1.3669e-02 ] 0.0000e+00 [ 0.0000e+00 ] 9.5105e-01
 5.553e+00 4.8409e-02 4.8409e-02 [ 4.1713e-03 8.2976e-03 2.2257e-02 1.3683e-02 ] 0.0000e+00 [ 0.0000e+00 ] 9.5159e-01
 5.667e+00 4.7870e-02 4.7870e-02 [ 4.0754e-03 7.9959e-03 2.2112e-02 1.3687e-02 ] 0.0000e+00 [ 0.0000e+00 ] 9.5213e-01
 5.780e+00 4.7334e-02 4.7334e-02 [ 3.9811e-03 7.7073e-03 2.1962e-02 1.3684e-02 ] 0.0000e+00 [ 0.0000e+00 ] 9.5267e-01
 5.893e+00 4.6802e-02 4.6802e-02 [ 3.8882e-03 7.4320e-03 2.1807e-02 1.3674e-02 ] 0.0000e+00 [ 0.0000e+00 ] 9.5320e-01
 6.007e+00 4.6272e-02 4.6272e-02 [ 3.7966e-03 7.1698e-03 2.1648e-02 1.3658e-02 ] 0.0000e+00 [ 0.0000e+00 ] 9.5373e-01
 6.120e+00 4.5747e-02 4.5747e-02 [ 3.7063e-03 6.9206e-03 2.1484e-02 1.3636e-02 ] 0.0000e+00 [ 0.0000e+00 ] 9.5425e-01
 6.233e+00 4.5226e-02 4.5226e-02 [ 3.6172e-03 6.6842e-03 2.1316e-02 1.3609e-02 ] 0.0000e+00 [ 0.0000e+00 ] 9.5477e-01
 6.347e+00 4.4710e-02 4.4710e-02 [ 3.5291e-03 6.4604e-03 2.1142e-02 1.3578e-02 ] 0.0000e+00 [ 0.0000e+00 ] 9.5529e-01
 6.460e+00 4.4198e-02 4.4198e-02 [ 3.4421e-03 6.2489e-03 2.0964e-02 1.3543e-02 ] 0.0000e+00 [ 0.0000e+00 ] 9.5580e-01
 6.573e+00 4.3691e-02 4.3691e-02 [ 3.3560e-03 6.0494e-03 2.0781e-02 1.3505e-02 ] 0.0000e+00 [ 0.0000e+00 ] 9.5631e-01
 6.687e+00 4.3189e-02 4.3189e-02 [ 3.2707e-03 5.8616e-03 2.0593e-02 1.3464e-02 ] 0.0000e+00 [ 0.0000e+00 ] 9.5681e-01
 6.800e+00 4.2692e-02 4.2692e-02 [ 3.1862e-03 5.6851e-03 2.0400e-02 1.3421e-02 ] 0.0000e+00 [ 0.0000e+00 ] 9.5731e-01
 6.913e+00 4.2199e-02 4.2199e-02 [ 3.1025e-03 5.5195e-03 2.0202e-02 1.3375e-02 ] 0.0000e+00 [ 0.0000e+00 ] 9.5780e-01
 7.027e+00 4.1711e-02 4.1711e-02 [ 3.0195e-03 5.3643e-03 2.0000e-02 1.3327e-02 ] 0.0000e+00 [ 0.0000e+00 ] 9.5829e-01
 7.140e+00 4.1228e-02 4.1228e-02 [ 2.9372e-03 5.2192e-03 1.9794e-02 1.3278e-02 ] 0.0000e+00 [ 0.0000e+00 ] 9.5877e-01
 7.253e+00 4.0749e-02 4.0749e-02 [ 2.8555e-03 5.0837e-03 1.9583e-02 1.3227e-02 ] 0.0000e+00 [ 0.0000e+00 ] 9.5925e-01
 7.367e+00 4.0274e-02 4.0274e-02 [ 2.7744e-03 4.9573e-03 1.9368e-02 1.3174e-02 ] 0.0000e+00 [ 0.0000e+00 ] 9.5973e-01
 7.480e+00 3.9803e-02 3.9803e-02 [ 2.6938e-03 4.8396e-03 1.9150e-02 1.3120e-02 ] 0.0000e+00 [ 0.0000e+00 ] 9.6020e-01
 7.593e+00 3.9336e-02 3.9336e-02 [ 2.6137e-03 4.7300e-03 1.8928e-02 1.3065e-02 ] 0.0000e+00 [ 0.0000e+00 ] 9.6066e-01
 7.707e+00 3.8873e-02 3.8873e-02 [ 2.5342e-03 4.6283e-03 1.8702e-02 1.3009e-02 ] 0.0000e+00 [ 0.0000e+00 ] 9.6113e-01
 7.820e+00 3.8414e-02 3.8414e-02 [ 2.4551e-03 4.5338e-03 1.8474e-02 1.2951e-02 ] 0.0000e+00 [ 0.0000e+00 ] 9.6159e-01
 7.933e+00 3.7958e-02 3.7958e-02 [ 2.3766e-03 4.4461e-03 1.8243e-02 1.2893e-02 ] 0.0000e+00 [ 0.0000e+00 ] 9.6204e-01
 8.047e+00 3.7505e-02 3.7505e-02 [ 2.2985e-03 4.3648e-03 1.8009e-02 1.2833e-02 ] 0.0000e+00 [ 0.0000e+00 ] 9.6250e-01
 8.160e+00 3.7055e-02 3.7055e-02 [ 2.2209e-03 4.2895e-03 1.7773e-02 1.2771e-02 ] 0.0000e+00 [ 0.0000e+00 ] 9.6295e-01
 8.273e+00 3.6607e-02 3.6607e-02 [ 2.1437e-03 4.2197e-03 1.7535e-02 1.2709e-02 ] 0.0000e+00 [ 0.0000e+00 ] 9.6339e-01
 8.387e+00 3.6162e-02 3.6162e-02 [ 2.0671e-03 4.1550e-03 1.7295e-02 1.2645e-02 ] 0.0000e+00 [ 0.0000e+00 ] 9.6384e-01
 8.500e+00 3.5720e-02 3.5720e-02 [ 1.9910e-03 4.0950e-03 1.7055e-02 1.2579e-02 ] 0.0000e+00 [ 0.0000e+00 ] 9.6428e-01
 8.613e+00 3.5279e-02 3.5279e-02 [ 1.9155e-03 4.0394e-03 1.6813e-02 1.2512e-02 ] 0.0000e+00 [ 0.0000e+00 ] 9.6472e-01
 8.727e+00 3.4841e-02 3.4841e-02 [ 1.8405e-03 3.9878e-03 1.6570e-02 1.2443e-02 ] 0.0000e+00 [ 0.0000e+00 ] 9.6516e-01
 8.840e+00 3.4405e-02 3.4405e-02 [ 1.7662e-03 3.9398e-03 1.6326e-02 1.2372e-02 ] 0.0000e+00 [ 0.0000e+00 ] 9.6560e-01
 8.953e+00 3.3970e-02 3.3970e-02 [ 1.6925e-03 3.8950e-03 1.6082e-02 1.2300e-02 ] 0.0000e+00 [ 0.0000e+00 ] 9.6603e-01
 9.067e+00 3.3537e-02 3.3537e-02 [ 1.6196e-03 3.8532e-03 1.5839e-02 1.2225e-02 ] 0.0000e+00 [ 0.0000e+00 ] 9.6646e-01
 9.180e+00 3.3105e-02 3.3105e-02 [ 1.5474e-03 3.8141e-03 1.5595e-02 1.2149e-02 ] 0.0000e+00 [ 0.0000e+00 ] 9.6689e-01
 9.293e+00 3.2676e-02 3.2676e-02 [ 1.4761e-03 3.7772e-03 1.5352e-02 1.2070e-02 ] 0.0000e+00 [ 0.0000e+00 ] 9.6732e-01
 9.407e+00 3.2247e-02 3.2247e-02 [ 1.4057e-03 3.7424e-03 1.5109e-02 1.1990e-02 ] 0.0000e+00 [ 0.0000e+00 ] 9.6775e-01
 9.520e+00 3.1820e-02 3.1820e-02 [ 1.3364e-03 3.7094e-03 1.4868e-02 1.1907e-02 ] 0.0000e+00 [ 0.0000e+00 ] 9.6818e-01
 9.633e+00 3.1394e-02 3.1394e-02 [ 1.2681e-03 3.6778e-03 1.4627e-02 1.1821e-02 ] 0.0000e+00 [ 0.0000e+00 ] 9.6861e-01
 9.747e+00 3.0970e-02 3.0970e-02 [ 1.2009e-03 3.6474e-03 1.4388e-02 1.1734e-02 ] 0.0000e+00 [ 0.0000e+00 ] 9.6903e-01
 9.860e+00 3.0547e-02 3.0547e-02 [ 1.1351e-03 3.6179e-03 1.4151e-02 1.1643e-02 ] 0.0000e+00 [ 0.0000e+00 ] 9.6945e-01
 9.973e+00 3.0126e-02 3.0126e-02 [ 1.0705e-03 3.5892e-03 1.3915e-02 1.1551e-02 ] 0.0000e+00 [ 0.0000e+00 ] 9.6987e-01
 1.009e+01 2.9706e-02 2.9706e-02 [ 1.0075e-03 3.5609e-03 1.3682e-02 1.1456e-02 ] 0.0000e+00 [ 0.0000e+00 ] 9.7029e-01
 1.020e+01 2.9287e-02 2.9287e-02 [ 9.4594e-04 3.5329e-03 1.3450e-02 1.1358e-02 ] 0.0000e+00 [ 0.0000e+00 ] 9.7071e-01
 1.031e+01 2.8870e-02 2.8870e-02 [ 8.8604e-04 3.5049e-03 1.3221e-02 1.1258e-02 ] 0.0000e+00 [ 0.0000e+00 ] 9.7113e-01
 1.043e+01 2.8455e-02 2.8455e-02 [ 8.2788e-04 3.4767e-03 1.2994e-02 1.1156e-02 ] 0.0000e+00 [ 0.0000e+00 ] 9.7155e-01
 1.054e+01 2.8041e-02 2.8041e-02 [ 7.7154e-04 3.4481e-03 1.2770e-02 1.1051e-02 ] 0.0000e+00 [ 0.0000e+00 ] 9.7196e-01
 1.065e+01 2.7629e-02 2.7629e-02 [ 7.1711e-04 3.4189e-03 1.2549e-02 1.0943e-02 ] 0.0000e+00 [ 0.0000e+00 ] 9.7237e-01
 1.077e+01 2.7219e-02 2.7219e-02 [ 6.6467e-04 3.3891e-03 1.2332e-02 1.0833e-02 ] 0.0000e+00 [ 0.0000e+00 ] 9.7278e-01
 1.088e+01 2.6811e-02 2.6811e-02 [ 6.1429e-04 3.3583e-03 1.2117e-02 1.0721e-02 ] 0.0000e+00 [ 0.0000e+00 ] 9.7319e-01
 1.099e+01 2.6405e-02 2.6405e-02 [ 5.6603e-04 3.3265e-03 1.1905e-02 1.0607e-02 ] 0.0000e+00 [ 0.0000e+00 ] 9.7360e-01
 1.111e+01 2.6001e-02 2.6001e-02 [ 5.1996e-04 3.2935e-03 1.1697e-02 1.0490e-02 ] 0.0000e+00 [ 0.0000e+00 ] 9.7400e-01
 1.122e+01 2.5599e-02 2.5599e-02 [ 4.7613e-04 3.2592e-03 1.1492e-02 1.0372e-02 ] 0.0000e+00 [ 0.0000e+00 ] 9.7440e-01
 1.133e+01 2.5200e-02 2.5200e-02 [ 4.3455e-04 3.2235e-03 1.1292e-02 1.0251e-02 ] 0.0000e+00 [ 0.0000e+00 ] 9.7480e-01
 1.145e+01 2.4804e-02 2.4804e-02 [ 3.9527e-04 3.1863e-03 1.1094e-02 1.0128e-02 ] 0.0000e+00 [ 0.0000e+00 ] 9.7520e-01
 1.156e+01 2.4410e-02 2.4410e-02 [ 3.5829e-04 3.1476e-03 1.0901e-02 1.0003e-02 ] 0.0000e+00 [ 0.0000e+00 ] 9.7559e-01
 1.167e+01 2.4019e-02 2.4019e-02 [ 3.2360e-04 3.1073e-03 1.0712e-02 9.8766e-03 ] 0.0000e+00 [ 0.0000e+00 ] 9.7598e-01
 1.179e+01 2.3631e-02 2.3631e-02 [ 2.9120e-04 3.0654e-03 1.0526e-02 9.7484e-03 ] 0.0000e+00 [ 0.0000e+00 ] 9.7637e-01
 1.190e+01 2.3246e-02 2.3246e-02 [ 2.6105e-04 3.0218e-03 1.0345e-02 9.6187e-03 ] 0.0000e+00 [ 0.0000e+00 ] 9.7675e-01
 1.201e+01 2.2865e-02 2.2865e-02 [ 2.3312e-04 2.9766e-03 1.0167e-02 9.4875e-03 ] 0.0000e+00 [ 0.0000e+00 ] 9.7714e-01
 1.213e+01 2.2486e-02 2.2486e-02 [ 2.0735e-04 2.9297e-03 9.9941e-03 9.3551e-03 ] 0.0000e+00 [ 0.0000e+00 ] 9.7751e-01
 1.224e+01 2.2111e-02 2.2111e-02 [ 1.8368e-04 2.8812e-03 9.8251e-03 9.2215e-03 ] 0.0000e+00 [ 0.0000e+00 ] 9.7789e-01
 1.235e+01 2.1740e-02 2.1740e-02 [ 1.6203e-04 2.8311e-03 9.6602e-03 9.0869e-03 ] 0.0000e+00 [ 0.0000e+00 ] 9.7826e-01
 1.247e+01 2.1373e-02 2.1373e-02 [ 1.4234e-04 2.7795e-03 9.4996e-03 8.9515e-03 ] 0.0000e+00 [ 0.0000e+00 ] 9.7863e-01
 1.258e+01 2.1009e-02 2.1009e-02 [ 1.2449e-04 2.7265e-03 9.3431e-03 8.8154e-03 ] 0.0000e+00 [ 0.0000e+00 ] 9.7899e-01
 1.269e+01 2.0650e-02 2.0650e-02 [ 1.0840e-04 2.6720e-03 9.1909e-03 8.6788e-03 ] 0.0000e+00 [ 0.0000e+00 ] 9.7935e-01
 1.281e+01 2.0295e-02 2.0295e-02 [ 9.3966e-05 2.6163e-03 9.0428e-03 8.5418e-03 ] 0.0000e+00 [ 0.0000e+00 ] 9.7971e-01
 1.292e+01 1.9944e-02 1.9944e-02 [ 8.1079e-05 2.5593e-03 8.8989e-03 8.4046e-03 ] 0.0000e+00 [ 0.0000e+00 ] 9.8006e-01
 1.303e+01 1.9597e-02 1.9597e-02 [ 6.9634e-05 2.5012e-03 8.7590e-03 8.2675e-03 ] 0.0000e+00 [ 0.0000e+00 ] 9.8040e-01
 1.315e+01 1.9255e-02 1.9255e-02 [ 5.9521e-05 2.4422e-03 8.6233e-03 8.1305e-03 ] 0.0000e+00 [ 0.0000e+00 ] 9.8074e-01
 1.326e+01 1.8918e-02 1.8918e-02 [ 5.0631e-05 2.3822e-03 8.4915e-03 7.9939e-03 ] 0.0000e+00 [ 0.0000e+00 ] 9.8108e-01
 1.337e+01 1.8586e-02 1.8586e-02 [ 4.2858e-05 2.3213e-03 8.3637e-03 7.8578e-03 ] 0.0000e+00 [ 0.0000e+00 ] 9.8141e-01
 1.349e+01 1.8258e-02 1.8258e-02 [ 3.6098e-05 2.2598e-03 8.2398e-03 7.7224e-03 ] 0.0000e+00 [ 0.0000e+00 ] 9.8174e-01
 1.360e+01 1.7935e-02 1.7935e-02 [ 3.0251e-05 2.1977e-03 8.1196e-03 7.5879e-03 ] 0.0000e+00 [ 0.0000e+00 ] 9.8206e-01
 1.371e+01 1.7618e-02 1.7618e-02 [ 2.5222e-05 2.1351e-03 8.0031e-03 7.4545e-03 ] 0.0000e+00 [ 0.0000e+00 ] 9.8238e-01
 1.383e+01 1.7305e-02 1.7305e-02 [ 2.0920e-05 2.0721e-03 7.8902e-03 7.3223e-03 ] 0.0000e+00 [ 0.0000e+00 ] 9.8269e-01
 1.394e+01 1.6998e-02 1.6998e-02 [ 1.7260e-05 2.0089e-03 7.7807e-03 7.1915e-03 ] 0.0000e+00 [ 0.0000e+00 ] 9.8300e-01
 1.405e+01 1.6696e-02 1.6696e-02 [ 1.4166e-05 1.9454e-03 7.6746e-03 7.0622e-03 ] 0.0000e+00 [ 0.0000e+00 ] 9.8330e-01
 1.417e+01 1.6400e-02 1.6400e-02 [ 1.1564e-05 1.8819e-03 7.5718e-03 6.9346e-03 ] 0.0000e+00 [ 0.0000e+00 ] 9.8360e-01
 1.428e+01 1.6109e-02 1.6109e-02 [ 9.3883e-06 1.8183e-03 7.4720e-03 6.8089e-03 ] 0.0000e+00 [ 0.0000e+00 ] 9.8389e-01
 1.439e+01 1.5823e-02 1.5823e-02 [ 7.5804e-06 1.7549e-03 7.3752e-03 6.6851e-03 ] 0.0000e+00 [ 0.0000e+00 ] 9.8418e-01
 1.451e+01 1.5542e-02 1.5542e-02 [ 6.0868e-06 1.6916e-03 7.2812e-03 6.5634e-03 ] 0.0000e+00 [ 0.0000e+00 ] 9.8446e-01
 1.462e+01 1.5267e-02 1.5267e-02 [ 4.8601e-06 1.6286e-03 7.1899e-03 6.4439e-03 ] 0.0000e+00 [ 0.0000e+00 ] 9.8473e-01
 1.473e+01 1.4998e-02 1.4998e-02 [ 3.8588e-06 1.5660e-03 7.1012e-03 6.3267e-03 ] 0.0000e+00 [ 0.0000e+00 ] 9.8500e-01
 1.485e+01 1.4733e-02 1.4733e-02 [ 3.0463e-06 1.5038e-03 7.0148e-03 6.2118e-03 ] 0.0000e+00 [ 0.0000e+00 ] 9.8527e-01
 1.496e+01 1.4475e-02 1.4475e-02 [ 2.3911e-06 1.4421e-03 6.9307e-03 6.0995e-03 ] 0.0000e+00 [ 0.0000e+00 ] 9.8553e-01
 1.507e+01 1.4221e-02 1.4221e-02 [ 1.8659e-06 1.3810e-03 6.8486e-03 5.9896e-03 ] 0.0000e+00 [ 0.0000e+00 ] 9.8578e-01
 1.519e+01 1.3973e-02 1.3973e-02 [ 1.4476e-06 1.3205e-03 6.7685e-03 5.8823e-03 ] 0.0000e+00 [ 0.0000e+00 ] 9.8603e-01
 1.530e+01 1.3730e-02 1.3730e-02 [ 1.1165e-06 1.2608e-03 6.6902e-03 5.7776e-03 ] 0.0000e+00 [ 0.0000e+00 ] 9.8627e-01
 1.541e+01 1.3492e-02 1.3492e-02 [ 8.5596e-07 1.2019e-03 6.6134e-03 5.6755e-03 ] 0.0000e+00 [ 0.0000e+00 ] 9.8651e-01
 1.553e+01 1.3259e-02 1.3259e-02 [ 6.5233e-07 1.1439e-03 6.5382e-03 5.5760e-03 ] 0.0000e+00 [ 0.0000e+00 ] 9.8674e-01
 1.564e+01 1.3031e-02 1.3031e-02 [ 4.9415e-07 1.0869e-03 6.4643e-03 5.4793e-03 ] 0.0000e+00 [ 0.0000e+00 ] 9.8697e-01
 1.575e+01 1.2808e-02 1.2808e-02 [ 3.7206e-07 1.0309e-03 6.3916e-03 5.3851e-03 ] 0.0000e+00 [ 0.0000e+00 ] 9.8719e-01
 1.587e+01 1.2590e-02 1.2590e-02 [ 2.7843e-07 9.7604e-04 6.3199e-03 5.2936e-03 ] 0.0000e+00 [ 0.0000e+00 ] 9.8741e-01
 1.598e+01 1.2376e-02 1.2376e-02 [ 2.0708e-07 9.2234e-04 6.2491e-03 5.2048e-03 ] 0.0000e+00 [ 0.0000e+00 ] 9.8762e-01
 1.609e+01 1.2168e-02 1.2168e-02 [ 1.5306e-07 8.6989e-04 6.1791e-03 5.1185e-03 ] 0.0000e+00 [ 0.0000e+00 ] 9.8783e-01
 1.621e+01 1.1963e-02 1.1963e-02 [ 1.1244e-07 8.1876e-04 6.1097e-03 5.0348e-03 ] 0.0000e+00 [ 0.0000e+00 ] 9.8804e-01
 1.632e+01 1.1763e-02 1.1763e-02 [ 8.2076e-08 7.6901e-04 6.0407e-03 4.9536e-03 ] 0.0000e+00 [ 0.0000e+00 ] 9.8824e-01
 1.643e+01 1.1568e-02 1.1568e-02 [ 5.9538e-08 7.2071e-04 5.9722e-03 4.8748e-03 ] 0.0000e+00 [ 0.0000e+00 ] 9.8843e-01
 1.655e+01 1.1376e-02 1.1376e-02 [ 4.2915e-08 6.7392e-04 5.9040e-03 4.7986e-03 ] 0.0000e+00 [ 0.0000e+00 ] 9.8862e-01
 1.666e+01 1.1189e-02 1.1189e-02 [ 3.0737e-08 6.2869e-04 5.8358e-03 4.7247e-03 ] 0.0000e+00 [ 0.0000e+00 ] 9.8881e-01
 1.677e+01 1.1006e-02 1.1006e-02 [ 2.1874e-08 5.8507e-04 5.7678e-03 4.6531e-03 ] 0.0000e+00 [ 0.0000e+00 ] 9.8899e-01
 1.689e+01 1.0827e-02 1.0827e-02 [ 1.5467e-08 5.4311e-04 5.6996e-03 4.5838e-03 ] 0.0000e+00 [ 0.0000e+00 ] 9.8917e-01
 1.700e+01 1.0651e-02 1.0651e-02 [ 1.0866e-08 5.0285e-04 5.6314e-03 4.5167e-03 ] 0.0000e+00 [ 0.0000e+00 ] 9.8935e-01
 1.711e+01 1.0479e-02 1.0479e-02 [ 7.5840e-09 4.6433e-04 5.5629e-03 4.4517e-03 ] 0.0000e+00 [ 0.0000e+00 ] 9.8952e-01
 1.723e+01 1.0311e-02 1.0311e-02 [ 5.2589e-09 4.2758e-04 5.4941e-03 4.3889e-03 ] 0.0000e+00 [ 0.0000e+00 ] 9.8969e-01
 1.734e+01 1.0146e-02 1.0146e-02 [ 3.6226e-09 3.9260e-04 5.4249e-03 4.3281e-03 ] 0.0000e+00 [ 0.0000e+00 ] 9.8985e-01
 1.745e+01 9.9839e-03 9.9839e-03 [ 2.4791e-09 3.5943e-04 5.3552e-03 4.2692e-03 ] 0.0000e+00 [ 0.0000e+00 ] 9.9002e-01
 1.757e+01 9.8255e-03 9.8255e-03 [ 1.6853e-09 3.2806e-04 5.2851e-03 4.2123e-03 ] 0.0000e+00 [ 0.0000e+00 ] 9.9017e-01
 1.768e+01 9.6702e-03 9.6702e-03 [ 1.1380e-09 2.9849e-04 5.2145e-03 4.1572e-03 ] 0.0000e+00 [ 0.0000e+00 ] 9.9033e-01
 1.779e+01 9.5179e-03 9.5179e-03 [ 7.6337e-10 2.7071e-04 5.1433e-03 4.1039e-03 ] 0.0000e+00 [ 0.0000e+00 ] 9.9048e-01
 1.791e+01 9.3685e-03 9.3685e-03 [ 5.0861e-10 2.4471e-04 5.0714e-03 4.0523e-03 ] 0.0000e+00 [ 0.0000e+00 ] 9.9063e-01
 1.802e+01 9.2219e-03 9.2219e-03 [ 3.3659e-10 2.2044e-04 4.9990e-03 4.0025e-03 ] 0.0000e+00 [ 0.0000e+00 ] 9.9078e-01
 1.813e+01 9.0780e-03 9.0780e-03 [ 2.2124e-10 1.9789e-04 4.9259e-03 3.9542e-03 ] 0.0000e+00 [ 0.0000e+00 ] 9.9092e-01
 1.825e+01 8.9366e-03 8.9366e-03 [ 1.4443e-10 1.7701e-04 4.8521e-03 3.9075e-03 ] 0.0000e+00 [ 0.0000e+00 ] 9.9106e-01
 1.836e+01 8.7977e-03 8.7977e-03 [ 9.3643e-11 1.5775e-04 4.7777e-03 3.8622e-03 ] 0.0000e+00 [ 0.0000e+00 ] 9.9120e-01
 1.847e+01 8.6612e-03 8.6612e-03 [ 6.0299e-11 1.4006e-04 4.7026e-03 3.8185e-03 ] 0.0000e+00 [ 0.0000e+00 ] 9.9134e-01
 1.859e+01 8.5268e-03 8.5268e-03 [ 3.8560e-11 1.2386e-04 4.6269e-03 3.7760e-03 ] 0.0000e+00 [ 0.0000e+00 ] 9.9147e-01
 1.870e+01 8.3946e-03 8.3946e-03 [ 2.4488e-11 1.0911e-04 4.5506e-03 3.7349e-03 ] 0.0000e+00 [ 0.0000e+00 ] 9.9161e-01
 1.881e+01 8.2644e-03 8.2644e-03 [ 1.5443e-11 9.5722e-05 4.4736e-03 3.6951e-03 ] 0.0000e+00 [ 0.0000e+00 ] 9.9174e-01
 1.893e+01 8.1361e-03 8.1361e-03 [ 9.6710e-12 8.3628e-05 4.3960e-03 3.6564e-03 ] 0.0000e+00 [ 0.0000e+00 ] 9.9186e-01
 1.904e+01 8.0095e-03 8.0095e-03 [ 6.0139e-12 7.2753e-05 4.3179e-03 3.6188e-03 ] 0.0000e+00 [ 0.0000e+00 ] 9.9199e-01
 1.915e+01 7.8845e-03 7.8845e-03 [ 3.7134e-12 6.3016e-05 4.2391e-03 3.5823e-03 ] 0.0000e+00 [ 0.0000e+00 ] 9.9212e-01
 1.927e+01 7.7610e-03 7.7610e-03 [ 2.2767e-12 5.4341e-05 4.1599e-03 3.5468e-03 ] 0.0000e+00 [ 0.0000e+00 ] 9.9224e-01
 1.938e+01 7.6389e-03 7.6389e-03 [ 1.3860e-12 4.6648e-05 4.0800e-03 3.5122e-03 ] 0.0000e+00 [ 0.0000e+00 ] 9.9236e-01
 1.949e+01 7.5180e-03 7.5180e-03 [ 8.3771e-13 3.9859e-05 3.9997e-03 3.4785e-03 ] 0.0000e+00 [ 0.0000e+00 ] 9.9248e-01
 1.961e+01 7.3983e-03 7.3983e-03 [ 5.0271e-13 3.3898e-05 3.9189e-03 3.4454e-03 ] 0.0000e+00 [ 0.0000e+00 ] 9.9260e-01
 1.972e+01 7.2794e-03 7.2794e-03 [ 2.9951e-13 2.8689e-05 3.8376e-03 3.4131e-03 ] 0.0000e+00 [ 0.0000e+00 ] 9.9272e-01
 1.983e+01 7.1614e-03 7.1614e-03 [ 1.7715e-13 2.4162e-05 3.7559e-03 3.3814e-03 ] 0.0000e+00 [ 0.0000e+00 ] 9.9284e-01
 1.995e+01 7.0441e-03 7.0441e-03 [ 1.0403e-13 2.0248e-05 3.6737e-03 3.3501e-03 ] 0.0000e+00 [ 0.0000e+00 ] 9.9296e-01
 2.006e+01 6.9272e-03 6.9272e-03 [ 6.0641e-14 1.6881e-05 3.5911e-03 3.3193e-03 ] 0.0000e+00 [ 0.0000e+00 ] 9.9307e-01
 2.017e+01 6.8107e-03 6.8107e-03 [ 3.5092e-14 1.4002e-05 3.5080e-03 3.2887e-03 ] 0.0000e+00 [ 0.0000e+00 ] 9.9319e-01
 2.029e+01 6.6944e-03 6.6944e-03 [ 2.0158e-14 1.1552e-05 3.4245e-03 3.2583e-03 ] 0.0000e+00 [ 0.0000e+00 ] 9.9331e-01
 2.040e+01 6.5781e-03 6.5781e-03 [ 1.1495e-14 9.4799e-06 3.3406e-03 3.2280e-03 ] 0.0000e+00 [ 0.0000e+00 ] 9.9342e-01
 2.051e+01 6.4617e-03 6.4617e-03 [ 6.5061e-15 7.7369e-06 3.2563e-03 3.1977e-03 ] 0.0000e+00 [ 0.0000e+00 ] 9.9354e-01
 2.063e+01 6.3450e-03 6.3450e-03 [ 3.6552e-15 6.2794e-06 3.1715e-03 3.1672e-03 ] 0.0000e+00 [ 0.0000e+00 ] 9.9366e-01
 2.074e+01 6.2278e-03 6.2278e-03 [ 2.0383e-15 5.0678e-06 3.0863e-03 3.1364e-03 ] 0.0000e+00 [ 0.0000e+00 ] 9.9377e-01
 2.085e+01 6.1100e-03 6.1100e-03 [ 1.1281e-15 4.0665e-06 3.0007e-03 3.1052e-03 ] 0.0000e+00 [ 0.0000e+00 ] 9.9389e-01
 2.097e+01 5.9913e-03 5.9913e-03 [ 6.1971e-16 3.2440e-06 2.9147e-03 3.0734e-03 ] 0.0000e+00 [ 0.0000e+00 ] 9.9401e-01
 2.108e+01 5.8717e-03 5.8717e-03 [ 3.3787e-16 2.5726e-06 2.8282e-03 3.0409e-03 ] 0.0000e+00 [ 0.0000e+00 ] 9.9413e-01
 2.119e+01 5.7509e-03 5.7509e-03 [ 1.8281e-16 2.0279e-06 2.7414e-03 3.0075e-03 ] 0.0000e+00 [ 0.0000e+00 ] 9.9425e-01
 2.131e+01 5.6288e-03 5.6288e-03 [ 9.8168e-17 1.5888e-06 2.6542e-03 2.9730e-03 ] 0.0000e+00 [ 0.0000e+00 ] 9.9437e-01
 2.142e+01 5.5052e-03 5.5052e-03 [ 5.2315e-17 1.2371e-06 2.5666e-03 2.9374e-03 ] 0.0000e+00 [ 0.0000e+00 ] 9.9449e-01
 2.153e+01 5.3801e-03 5.3801e-03 [ 2.7666e-17 9.5717e-07 2.4787e-03 2.9005e-03 ] 0.0000e+00 [ 0.0000e+00 ] 9.9462e-01
 2.165e+01 5.2532e-03 5.2532e-03 [ 1.4519e-17 7.3589e-07 2.3904e-03 2.8620e-03 ] 0.0000e+00 [ 0.0000e+00 ] 9.9475e-01
 2.176e+01 5.1244e-03 5.1244e-03 [ 7.5614e-18 5.6212e-07 2.3020e-03 2.8219e-03 ] 0.0000e+00 [ 0.0000e+00 ] 9.9488e-01
 2.187e+01 4.9937e-03 4.9937e-03 [ 3.9075e-18 4.2658e-07 2.2133e-03 2.7800e-03 ] 0.0000e+00 [ 0.0000e+00 ] 9.9501e-01
 2.199e+01 4.8609e-03 4.8609e-03 [ 2.0037e-18 3.2157e-07 2.1245e-03 2.7361e-03 ] 0.0000e+00 [ 0.0000e+00 ] 9.9514e-01
 2.210e+01 4.7260e-03 4.7260e-03 [ 1.0195e-18 2.4079e-07 2.0357e-03 2.6901e-03 ] 0.0000e+00 [ 0.0000e+00 ] 9.9527e-01
 2.221e+01 4.5890e-03 4.5890e-03 [ 5.1475e-19 1.7908e-07 1.9469e-03 2.6419e-03 ] 0.0000e+00 [ 0.0000e+00 ] 9.9541e-01
 2.233e+01 4.4499e-03 4.4499e-03 [ 2.5787e-19 1.3227e-07 1.8583e-03 2.5914e-03 ] 0.0000e+00 [ 0.0000e+00 ] 9.9555e-01
 2.244e+01 4.3086e-03 4.3086e-03 [ 1.2817e-19 9.7011e-08 1.7701e-03 2.5384e-03 ] 0.0000e+00 [ 0.0000e+00 ] 9.9569e-01
 2.255e+01 4.1653e-03 4.1653e-03 [ 6.3212e-20 7.0653e-08 1.6822e-03 2.4830e-03 ] 0.0000e+00 [ 0.0000e+00 ] 9.9583e-01
 2.267e+01 4.0200e-03 4.0200e-03 [ 3.0931e-20 5.1090e-08 1.5950e-03 2.4250e-03 ] 0.0000e+00 [ 0.0000e+00 ] 9.9598e-01
 2.278e+01 3.8730e-03 3.8730e-03 [ 1.5017e-20 3.6679e-08 1.5086e-03 2.3644e-03 ] 0.0000e+00 [ 0.0000e+00 ] 9.9613e-01
 2.289e+01 3.7243e-03 3.7243e-03 [ 7.2336e-21 2.6141e-08 1.4231e-03 2.3012e-03 ] 0.0000e+00 [ 0.0000e+00 ] 9.9628e-01
 2.301e+01 3.5743e-03 3.5743e-03 [ 3.4570e-21 1.8494e-08 1.3388e-03 2.2354e-03 ] 0.0000e+00 [ 0.0000e+00 ] 9.9643e-01
 2.312e+01 3.4231e-03 3.4231e-03 [ 1.6392e-21 1.2987e-08 1.2559e-03 2.1672e-03 ] 0.0000e+00 [ 0.0000e+00 ] 9.9658e-01
 2.323e+01 3.2711e-03 3.2711e-03 [ 7.7114e-22 9.0520e-09 1.1745e-03 2.0966e-03 ] 0.0000e+00 [ 0.0000e+00 ] 9.9673e-01
 2.335e+01 3.1187e-03 3.1187e-03 [ 3.5992e-22 6.2617e-09 1.0950e-03 2.0237e-03 ] 0.0000e+00 [ 0.0000e+00 ] 9.9688e-01
 2.346e+01 2.9662e-03 2.9662e-03 [ 1.6667e-22 4.2985e-09 1.0175e-03 1.9488e-03 ] 0.0000e+00 [ 0.0000e+00 ] 9.9703e-01
 2.357e+01 2.8141e-03 2.8141e-03 [ 7.6577e-23 2.9283e-09 9.4220e-04 1.8719e-03 ] 0.0000e+00 [ 0.0000e+00 ] 9.9719e-01
 2.369e+01 2.6628e-03 2.6628e-03 [ 3.4907e-23 1.9795e-09 8.6936e-04 1.7935e-03 ] 0.0000e+00 [ 0.0000e+00 ] 9.9734e-01
 2.380e+01 2.5128e-03 2.5128e-03 [ 1.5787e-23 1.3277e-09 7.9917e-04 1.7136e-03 ] 0.0000e+00 [ 0.0000e+00 ] 9.9749e-01
 2.391e+01 2.3646e-03 2.3646e-03 [ 7.0843e-24 8.8360e-10 7.3181e-04 1.6328e-03 ] 0.0000e+00 [ 0.0000e+00 ] 9.9764e-01
 2.403e+01 2.2186e-03 2.2186e-03 [ 3.1541e-24 5.8342e-10 6.6745e-04 1.5511e-03 ] 0.0000e+00 [ 0.0000e+00 ] 9.9778e-01
 2.414e+01 2.0753e-03 2.0753e-03 [ 1.3934e-24 3.8219e-10 6.0623e-04 1.4691e-03 ] 0.0000e+00 [ 0.0000e+00 ] 9.9792e-01
 2.425e+01 1.9354e-03 1.9354e-03 [ 6.1074e-25 2.4838e-10 5.4828e-04 1.3871e-03 ] 0.0000e+00 [ 0.0000e+00 ] 9.9806e-01
 2.437e+01 1.7991e-03 1.7991e-03 [ 2.6563e-25 1.6014e-10 4.9369e-04 1.3054e-03 ] 0.0000e+00 [ 0.0000e+00 ] 9.9820e-01
 2.448e+01 1.6669e-03 1.6669e-03 [ 1.1464e-25 1.0242e-10 4.4253e-04 1.2244e-03 ] 0.0000e+00 [ 0.0000e+00 ] 9.9833e-01
 2.459e+01 1.5394e-03 1.5394e-03 [ 4.9092e-26 6.4983e-11 3.9484e-04 1.1445e-03 ] 0.0000e+00 [ 0.0000e+00 ] 9.9846e-01
 2.471e+01 1.4167e-03 1.4167e-03 [ 2.0862e-26 4.0900e-11 3.5062e-04 1.0661e-03 ] 0.0000e+00 [ 0.0000e+00 ] 9.9858e-01
 2.482e+01 1.2994e-03 1.2994e-03 [ 8.7979e-27 2.5535e-11 3.0984e-04 9.8953e-04 ] 0.0000e+00 [ 0.0000e+00 ] 9.9870e-01
 2.493e+01 1.1875e-03 1.1875e-03 [ 3.6820e-27 1.5815e-11 2.7244e-04 9.1508e-04 ] 0.0000e+00 [ 0.0000e+00 ] 9.9881e-01
 2.505e+01 1.0814e-03 1.0814e-03 [ 1.5293e-27 9.7159e-12 2.3836e-04 8.4308e-04 ] 0.0000e+00 [ 0.0000e+00 ] 9.9892e-01
 2.516e+01 9.8127e-04 9.8127e-04 [ 6.3040e-28 5.9211e-12 2.0746e-04 7.7381e-04 ] 0.0000e+00 [ 0.0000e+00 ] 9.9902e-01
 2.527e+01 8.8713e-04 8.8713e-04 [ 2.5792e-28 3.5795e-12 1.7963e-04 7.0750e-04 ] 0.0000e+00 [ 0.0000e+00 ] 9.9911e-01
 2.539e+01 7.9906e-04 7.9906e-04 [ 1.0474e-28 2.1466e-12 1.5472e-04 6.4435e-04 ] 0.0000e+00 [ 0.0000e+00 ] 9.9920e-01
 2.550e+01 7.1706e-04 7.1706e-04 [ 4.2218e-29 1.2770e-12 1.3254e-04 5.8452e-04 ] 0.0000e+00 [ 0.0000e+00 ] 9.9928e-01
 2.561e+01 6.4107e-04 6.4107e-04 [ 1.6893e-29 7.5360e-13 1.1293e-04 5.2814e-04 ] 0.0000e+00 [ 0.0000e+00 ] 9.9936e-01
 2.573e+01 5.7097e-04 5.7097e-04 [ 6.7098e-30 4.4120e-13 9.5695e-05 4.7528e-04 ] 0.0000e+00 [ 0.0000e+00 ] 9.9943e-01
 2.584e+01 5.0662e-04 5.0662e-04 [ 2.6459e-30 2.5625e-13 8.0644e-05 4.2598e-04 ] 0.0000e+00 [ 0.0000e+00 ] 9.9949e-01
 2.595e+01 4.4782e-04 4.4782e-04 [ 1.0358e-30 1.4766e-13 6.7583e-05 3.8024e-04 ] 0.0000e+00 [ 0.0000e+00 ] 9.9955e-01
 2.607e+01 3.9434e-04 3.9434e-04 [ 4.0262e-31 8.4413e-14 5.6321e-05 3.3802e-04 ] 0.0000e+00 [ 0.0000e+00 ] 9.9961e-01
 2.618e+01 3.4593e-04 3.4593e-04 [ 1.5539e-31 4.7880e-14 4.6673e-05 2.9926e-04 ] 0.0000e+00 [ 0.0000e+00 ] 9.9965e-01
 2.629e+01 3.0231e-04 3.0231e-04 [ 5.9548e-32 2.6946e-14 3.8460e-05 2.6385e-04 ] 0.0000e+00 [ 0.0000e+00 ] 9.9970e-01
 2.641e+01 2.6318e-04 2.6318e-04 [ 2.2661e-32 1.5048e-14 3.1513e-05 2.3167e-04 ] 0.0000e+00 [ 0.0000e+00 ] 9.9974e-01
 2.652e+01 2.2825e-04 2.2825e-04 [ 8.5640e-33 8.3383e-15 2.5675e-05 2.0258e-04 ] 0.0000e+00 [ 0.0000e+00 ] 9.9977e-01
 2.663e+01 1.9721e-04 1.9721e-04 [ 3.2143e-33 4.5851e-15 2.0800e-05 1.7641e-04 ] 0.0000e+00 [ 0.0000e+00 ] 9.9980e-01
 2.675e+01 1.6974e-04 1.6974e-04 [ 1.1982e-33 2.5021e-15 1.6755e-05 1.5299e-04 ] 0.0000e+00 [ 0.0000e+00 ] 9.9983e-01
 2.686e+01 1.4555e-04 1.4555e-04 [ 4.4366e-34 1.3551e-15 1.3420e-05 1.3213e-04 ] 0.0000e+00 [ 0.0000e+00 ] 9.9985e-01
 2.697e+01 1.2434e-04 1.2434e-04 [ 1.6317e-34 7.2840e-16 1.0689e-05 1.1365e-04 ] 0.0000e+00 [ 0.0000e+00 ] 9.9988e-01
 2.709e+01 1.0582e-04 1.0582e-04 [ 5.9617e-35 3.8862e-16 8.4651e-06 9.7354e-05 ] 0.0000e+00 [ 0.0000e+00 ] 9.9989e-01
 2.720e+01 8.9722e-05 8.9722e-05 [ 2.1639e-35 2.0581e-16 6.6663e-06 8.3056e-05 ] 0.0000e+00 [ 0.0000e+00 ] 9.9991e-01
 2.731e+01 7.5791e-05 7.5791e-05 [ 7.8029e-36 1.0819e-16 5.2203e-06 7.0571e-05 ] 0.0000e+00 [ 0.0000e+00 ] 9.9992e-01
 2.743e+01 6.3786e-05 6.3786e-05 [ 2.7957e-36 5.6464e-17 4.0651e-06 5.9721e-05 ] 0.0000e+00 [ 0.0000e+00 ] 9.9994e-01
 2.754e+01 5.3484e-05 5.3484e-05 [ 9.9526e-37 2.9255e-17 3.1480e-06 5.0336e-05 ] 0.0000e+00 [ 0.0000e+00 ] 9.9995e-01
 2.765e+01 4.4681e-05 4.4681e-05 [ 3.5208e-37 1.5049e-17 2.4242e-06 4.2257e-05 ] 0.0000e+00 [ 0.0000e+00 ] 9.9996e-01
 2.777e+01 3.7191e-05 3.7191e-05 [ 1.2377e-37 7.6869e-18 1.8566e-06 3.5334e-05 ] 0.0000e+00 [ 0.0000e+00 ] 9.9996e-01
 2.788e+01 3.0843e-05 3.0843e-05 [ 4.3242e-38 3.8987e-18 1.4140e-06 2.9429e-05 ] 0.0000e+00 [ 0.0000e+00 ] 9.9997e-01
 2.799e+01 2.5486e-05 2.5486e-05 [ 1.5015e-38 1.9636e-18 1.0711e-06 2.4415e-05 ] 0.0000e+00 [ 0.0000e+00 ] 9.9997e-01
 2.811e+01 2.0983e-05 2.0983e-05 [ 5.1820e-39 9.8220e-19 8.0696e-07 2.0176e-05 ] 0.0000e+00 [ 0.0000e+00 ] 9.9998e-01
 2.822e+01 1.7214e-05 1.7214e-05 [ 1.7777e-39 4.8794e-19 6.0467e-07 1.6609e-05 ] 0.0000e+00 [ 0.0000e+00 ] 9.9998e-01
 2.833e+01 1.4070e-05 1.4070e-05 [ 6.0622e-40 2.4076e-19 4.5066e-07 1.3620e-05 ] 0.0000e+00 [ 0.0000e+00 ] 9.9999e-01
 2.845e+01 1.1460e-05 1.1460e-05 [ 2.0551e-40 1.1800e-19 3.3409e-07 1.1126e-05 ] 0.0000e+00 [ 0.0000e+00 ] 9.9999e-01
 2.856e+01 9.3009e-06 9.3009e-06 [ 6.9266e-41 5.7451e-20 2.4636e-07 9.0545e-06 ] 0.0000e+00 [ 0.0000e+00 ] 9.9999e-01
 2.867e+01 7.5216e-06 7.5216e-06 [ 2.3211e-41 2.7787e-20 1.8071e-07 7.3409e-06 ] 0.0000e+00 [ 0.0000e+00 ] 9.9999e-01
 2.879e+01 6.0612e-06 6.0612e-06 [ 7.7334e-42 1.3353e-20 1.3187e-07 5.9293e-06 ] 0.0000e+00 [ 0.0000e+00 ] 9.9999e-01
 2.890e+01 4.8671e-06 4.8671e-06 [ 2.5621e-42 6.3751e-21 9.5727e-08 4.7714e-06 ] 0.0000e+00 [ 0.0000e+00 ] 1.0000e+00
 2.901e+01 3.8945e-06 3.8945e-06 [ 8.4410e-43 3.0243e-21 6.9134e-08 3.8254e-06 ] 0.0000e+00 [ 0.0000e+00 ] 1.0000e+00
 2.913e+01 3.1054e-06 3.1054e-06 [ 2.7656e-43 1.4257e-21 4.9673e-08 3.0557e-06 ] 0.0000e+00 [ 0.0000e+00 ] 1.0000e+00
 2.924e+01 2.4675e-06 2.4675e-06 [ 9.0115e-44 6.6788e-22 3.5509e-08 2.4320e-06 ] 0.0000e+00 [ 0.0000e+00 ] 1.0000e+00
 2.935e+01 1.9538e-06 1.9538e-06 [ 2.9205e-44 3.1095e-22 2.5256e-08 1.9285e-06 ] 0.0000e+00 [ 0.0000e+00 ] 1.0000e+00
 2.947e+01 1.5417e-06 1.5417e-06 [ 9.4142e-45 1.4388e-22 1.7874e-08 1.5238e-06 ] 0.0000e+00 [ 0.0000e+00 ] 1.0000e+00
 2.958e+01 1.2123e-06 1.2123e-06 [ 3.0186e-45 6.6176e-23 1.2586e-08 1.1997e-06 ] 0.0000e+00 [ 0.0000e+00 ] 1.0000e+00
 2.969e+01 9.4997e-07 9.4997e-07 [ 9.6283e-46 3.0254e-23 8.8195e-09 9.4115e-07 ] 0.0000e+00 [ 0.0000e+00 ] 1.0000e+00
 2.981e+01 7.4186e-07 7.4186e-07 [ 3.0552e-46 1.3750e-23 6.1498e-09 7.3571e-07 ] 0.0000e+00 [ 0.0000e+00 ] 1.0000e+00
 2.992e+01 5.7735e-07 5.7735e-07 [ 9.6448e-47 6.2121e-24 4.2674e-09 5.7308e-07 ] 0.0000e+00 [ 0.0000e+00 ] 1.0000e+00
 3.003e+01 4.4778e-07 4.4778e-07 [ 3.0293e-47 2.7904e-24 2.9469e-09 4.4484e-07 ] 0.0000e+00 [ 0.0000e+00 ] 1.0000e+00
 3.015e+01 3.4611e-07 3.4611e-07 [ 9.4669e-48 1.2462e-24 2.0253e-09 3.4408e-07 ] 0.0000e+00 [ 0.0000e+00 ] 1.0000e+00
 3.026e+01 2.6661e-07 2.6661e-07 [ 2.9438e-48 5.5340e-25 1.3853e-09 2.6522e-07 ] 0.0000e+00 [ 0.0000e+00 ] 1.0000e+00
 3.037e+01 2.0467e-07 2.0467e-07 [ 9.1092e-49 2.4437e-25 9.4306e-10 2.0373e-07 ] 0.0000e+00 [ 0.0000e+00 ] 1.0000e+00
 3.049e+01 1.5660e-07 1.5660e-07 [ 2.8050e-49 1.0731e-25 6.3900e-10 1.5596e-07 ] 0.0000e+00 [ 0.0000e+00 ] 1.0000e+00
 3.060e+01 1.1941e-07 1.1941e-07 [ 8.5961e-50 4.6863e-26 4.3097e-10 1.1898e-07 ] 0.0000e+00 [ 0.0000e+00 ] 1.0000e+00
 3.071e+01 9.0742e-08 9.0742e-08 [ 2.6218e-50 2.0354e-26 2.8932e-10 9.0453e-08 ] 0.0000e+00 [ 0.0000e+00 ] 1.0000e+00
 3.083e+01 6.8728e-08 6.8728e-08 [ 7.9588e-51 8.7928e-27 1.9334e-10 6.8534e-08 ] 0.0000e+00 [ 0.0000e+00 ] 1.0000e+00
 3.094e+01 5.1880e-08 5.1880e-08 [ 2.4048e-51 3.7782e-27 1.2861e-10 5.1751e-08 ] 0.0000e+00 [ 0.0000e+00 ] 1.0000e+00
 3.105e+01 3.9031e-08 3.9031e-08 [ 7.2326e-52 1.6149e-27 8.5171e-11 3.8946e-08 ] 0.0000e+00 [ 0.0000e+00 ] 1.0000e+00
 3.117e+01 2.9267e-08 2.9267e-08 [ 2.1654e-52 6.8667e-28 5.6149e-11 2.9211e-08 ] 0.0000e+00 [ 0.0000e+00 ] 1.0000e+00
 3.128e+01 2.1872e-08 2.1872e-08 [ 6.4540e-53 2.9047e-28 3.6852e-11 2.1836e-08 ] 0.0000e+00 [ 0.0000e+00 ] 1.0000e+00
 3.139e+01 1.6292e-08 1.6292e-08 [ 1.9150e-53 1.2224e-28 2.4080e-11 1.6268e-08 ] 0.0000e+00 [ 0.0000e+00 ] 1.0000e+00
 3.151e+01 1.2095e-08 1.2095e-08 [ 5.6573e-54 5.1186e-29 1.5665e-11 1.2080e-08 ] 0.0000e+00 [ 0.0000e+00 ] 1.0000e+00
 3.162e+01 8.9501e-09 8.9501e-09 [ 1.6640e-54 2.1326e-29 1.0147e-11 8.9399e-09 ] 0.0000e+00 [ 0.0000e+00 ] 1.0000e+00
 3.173e+01 6.6009e-09 6.6009e-09 [ 4.8731e-55 8.8411e-30 6.5441e-12 6.5944e-09 ] 0.0000e+00 [ 0.0000e+00 ] 1.0000e+00
 3.185e+01 4.8525e-09 4.8525e-09 [ 1.4211e-55 3.6473e-30 4.2023e-12 4.8482e-09 ] 0.0000e+00 [ 0.0000e+00 ] 1.0000e+00
 3.196e+01 3.5555e-09 3.5555e-09 [ 4.1266e-56 1.4974e-30 2.6871e-12 3.5528e-09 ] 0.0000e+00 [ 0.0000e+00 ] 1.0000e+00
 3.207e+01 2.5966e-09 2.5966e-09 [ 1.1933e-56 6.1181e-31 1.7109e-12 2.5949e-09 ] 0.0000e+00 [ 0.0000e+00 ] 1.0000e+00
 3.219e+01 1.8902e-09 1.8902e-09 [ 3.4364e-57 2.4879e-31 1.0848e-12 1.8891e-09 ] 0.0000e+00 [ 0.0000e+00 ] 1.0000e+00
 3.230e+01 1.3715e-09 1.3715e-09 [ 9.8559e-58 1.0069e-31 6.8495e-13 1.3709e-09 ] 0.0000e+00 [ 0.0000e+00 ] 1.0000e+00
 3.241e+01 9.9197e-10 9.9197e-10 [ 2.8153e-58 4.0566e-32 4.3068e-13 9.9154e-10 ] 0.0000e+00 [ 0.0000e+00 ] 1.0000e+00
 3.253e+01 7.1513e-10 7.1513e-10 [ 8.0097e-59 1.6267e-32 2.6969e-13 7.1486e-10 ] 0.0000e+00 [ 0.0000e+00 ] 1.0000e+00
 3.264e+01 5.1390e-10 5.1390e-10 [ 2.2698e-59 6.4936e-33 1.6819e-13 5.1373e-10 ] 0.0000e+00 [ 0.0000e+00 ] 1.0000e+00
 3.275e+01 3.6811e-10 3.6811e-10 [ 6.4071e-60 2.5805e-33 1.0446e-13 3.6800e-10 ] 0.0000e+00 [ 0.0000e+00 ] 1.0000e+00
 3.287e+01 2.6283e-10 2.6283e-10 [ 1.8016e-60 1.0209e-33 6.4622e-14 2.6277e-10 ] 0.0000e+00 [ 0.0000e+00 ] 1.0000e+00
 3.298e+01 1.8707e-10 1.8707e-10 [ 5.0463e-61 4.0210e-34 3.9815e-14 1.8703e-10 ] 0.0000e+00 [ 0.0000e+00 ] 1.0000e+00
 3.309e+01 1.3272e-10 1.3272e-10 [ 1.4082e-61 1.5769e-34 2.4434e-14 1.3270e-10 ] 0.0000e+00 [ 0.0000e+00 ] 1.0000e+00
 3.321e+01 9.3867e-11 9.3867e-11 [ 3.9147e-62 6.1571e-35 1.4935e-14 9.3852e-11 ] 0.0000e+00 [ 0.0000e+00 ] 1.0000e+00
 3.332e+01 6.6177e-11 6.6177e-11 [ 1.0843e-62 2.3939e-35 9.0932e-15 6.6167e-11 ] 0.0000e+00 [ 0.0000e+00 ] 1.0000e+00
 3.343e+01 4.6508e-11 4.6508e-11 [ 2.9921e-63 9.2678e-36 5.5148e-15 4.6503e-11 ] 0.0000e+00 [ 0.0000e+00 ] 1.0000e+00
 3.355e+01 3.2583e-11 3.2583e-11 [ 8.2269e-64 3.5730e-36 3.3317e-15 3.2579e-11 ] 0.0000e+00 [ 0.0000e+00 ] 1.0000e+00
 3.366e+01 2.2756e-11 2.2756e-11 [ 2.2539e-64 1.3718e-36 2.0050e-15 2.2754e-11 ] 0.0000e+00 [ 0.0000e+00 ] 1.0000e+00
 3.377e+01 1.5843e-11 1.5843e-11 [ 6.1530e-65 5.2450e-37 1.2020e-15 1.5842e-11 ] 0.0000e+00 [ 0.0000e+00 ] 1.0000e+00
 3.389e+01 1.0996e-11 1.0996e-11 [ 1.6738e-65 1.9973e-37 7.1787e-16 1.0995e-11 ] 0.0000e+00 [ 0.0000e+00 ] 1.0000e+00
 3.400e+01 7.6079e-12 7.6079e-12 [ 4.5375e-66 7.5751e-38 4.2711e-16 7.6075e-12 ] 0.0000e+00 [ 0.0000e+00 ] 1.0000e+00
 3.411e+01 5.2477e-12 5.2477e-12 [ 1.2258e-66 2.8615e-38 2.5317e-16 5.2474e-12 ] 0.0000e+00 [ 0.0000e+00 ] 1.0000e+00
 3.423e+01 3.6085e-12 3.6085e-12 [ 3.3003e-67 1.0767e-38 1.4950e-16 3.6084e-12 ] 0.0000e+00 [ 0.0000e+00 ] 1.0000e+00
 3.434e+01 2.4737e-12 2.4737e-12 [ 8.8555e-68 4.0354e-39 8.7961e-17 2.4736e-12 ] 0.0000e+00 [ 0.0000e+00 ] 1.0000e+00
 3.445e+01 1.6906e-12 1.6906e-12 [ 2.3682e-68 1.5066e-39 5.1561e-17 1.6906e-12 ] 0.0000e+00 [ 0.0000e+00 ] 1.0000e+00
 3.457e+01 1.1519e-12 1.1519e-12 [ 6.3123e-69 5.6032e-40 3.0114e-17 1.1519e-12 ] 0.0000e+00 [ 0.0000e+00 ] 1.0000e+00
 3.468e+01 7.8246e-13 7.8246e-13 [ 1.6770e-69 2.0760e-40 1.7524e-17 7.8244e-13 ] 0.0000e+00 [ 0.0000e+00 ] 1.0000e+00
 3.479e+01 5.2989e-13 5.2989e-13 [ 4.4408e-70 7.6628e-41 1.0161e-17 5.2988e-13 ] 0.0000e+00 [ 0.0000e+00 ] 1.0000e+00
 3.491e+01 3.5777e-13 3.5777e-13 [ 1.1722e-70 2.8179e-41 5.8703e-18 3.5776e-13 ] 0.0000e+00 [ 0.0000e+00 ] 1.0000e+00
 3.502e+01 2.4083e-13 2.4083e-13 [ 3.0843e-71 1.0324e-41 3.3794e-18 2.4082e-13 ] 0.0000e+00 [ 0.0000e+00 ] 1.0000e+00
 3.513e+01 1.6162e-13 1.6162e-13 [ 8.0900e-72 3.7688e-42 1.9386e-18 1.6162e-13 ] 0.0000e+00 [ 0.0000e+00 ] 1.0000e+00
 3.525e+01 1.0814e-13 1.0814e-13 [ 2.1153e-72 1.3708e-42 1.1081e-18 1.0814e-13 ] 0.0000e+00 [ 0.0000e+00 ] 1.0000e+00
 3.536e+01 7.2142e-14 7.2142e-14 [ 5.5141e-73 4.9680e-43 6.3122e-19 7.2142e-14 ] 0.0000e+00 [ 0.0000e+00 ] 1.0000e+00
 3.547e+01 4.7984e-14 4.7984e-14 [ 1.4330e-73 1.7941e-43 3.5830e-19 4.7983e-14 ] 0.0000e+00 [ 0.0000e+00 ] 1.0000e+00
 3.559e+01 3.1821e-14 3.1821e-14 [ 3.7126e-74 6.4564e-44 2.0268e-19 3.1821e-14 ] 0.0000e+00 [ 0.0000e+00 ] 1.0000e+00
 3.570e+01 2.1040e-14 2.1040e-14 [ 9.5902e-75 2.3153e-44 1.1426e-19 2.1040e-14 ] 0.0000e+00 [ 0.0000e+00 ] 1.0000e+00
 3.581e+01 1.3870e-14 1.3870e-14 [ 2.4699e-75 8.2743e-45 6.4193e-20 1.3870e-14 ] 0.0000e+00 [ 0.0000e+00 ] 1.0000e+00
 3.593e+01 9.1172e-15 9.1172e-15 [ 6.3424e-76 2.9469e-45 3.5942e-20 9.1172e-15 ] 0.0000e+00 [ 0.0000e+00 ] 1.0000e+00
 3.604e+01 5.9754e-15 5.9754e-15 [ 1.6239e-76 1.0460e-45 2.0056e-20 5.9753e-15 ] 0.0000e+00 [ 0.0000e+00 ] 1.0000e+00
 3.615e+01 3.9048e-15 3.9048e-15 [ 4.1459e-77 3.7001e-46 1.1154e-20 3.9048e-15 ] 0.0000e+00 [ 0.0000e+00 ] 1.0000e+00
 3.627e+01 2.5443e-15 2.5443e-15 [ 1.0554e-77 1.3045e-46 6.1824e-21 2.5443e-15 ] 0.0000e+00 [ 0.0000e+00 ] 1.0000e+00
 3.638e+01 1.6530e-15 1.6530e-15 [ 2.6792e-78 4.5843e-47 3.4155e-21 1.6530e-15 ] 0.0000e+00 [ 0.0000e+00 ] 1.0000e+00
 3.649e+01 1.0708e-15 1.0708e-15 [ 6.7820e-79 1.6057e-47 1.8806e-21 1.0708e-15 ] 0.0000e+00 [ 0.0000e+00 ] 1.0000e+00
 3.661e+01 6.9172e-16 6.9172e-16 [ 1.7120e-79 5.6058e-48 1.0321e-21 6.9172e-16 ] 0.0000e+00 [ 0.0000e+00 ] 1.0000e+00
 3.672e+01 4.4554e-16 4.4554e-16 [ 4.3098e-80 1.9508e-48 5.6462e-22 4.4554e-16 ] 0.0000e+00 [ 0.0000e+00 ] 1.0000e+00
 3.683e+01 2.8615e-16 2.8615e-16 [ 1.0820e-80 6.7674e-49 3.0786e-22 2.8615e-16 ] 0.0000e+00 [ 0.0000e+00 ] 1.0000e+00
 3.695e+01 1.8326e-16 1.8326e-16 [ 2.7089e-81 2.3402e-49 1.6733e-22 1.8326e-16 ] 0.0000e+00 [ 0.0000e+00 ] 1.0000e+00
 3.706e+01 1.1703e-16 1.1703e-16 [ 6.7641e-82 8.0669e-50 9.0651e-23 1.1703e-16 ] 0.0000e+00 [ 0.0000e+00 ] 1.0000e+00
 3.717e+01 7.4526e-17 7.4526e-17 [ 1.6845e-82 2.7722e-50 4.8955e-23 7.4526e-17 ] 0.0000e+00 [ 0.0000e+00 ] 1.0000e+00
 3.729e+01 4.7325e-17 4.7325e-17 [ 4.1838e-83 9.4973e-51 2.6354e-23 4.7325e-17 ] 0.0000e+00 [ 0.0000e+00 ] 1.0000e+00
 3.740e+01 2.9967e-17 2.9967e-17 [ 1.0364e-83 3.2438e-51 1.4142e-23 2.9967e-17 ] 0.0000e+00 [ 0.0000e+00 ] 1.0000e+00
 3.751e+01 1.8923e-17 1.8923e-17 [ 2.5609e-84 1.1046e-51 7.5655e-24 1.8923e-17 ] 0.0000e+00 [ 0.0000e+00 ] 1.0000e+00
 3.763e+01 1.1915e-17 1.1915e-17 [ 6.3112e-85 3.7499e-52 4.0346e-24 1.1915e-17 ] 0.0000e+00 [ 0.0000e+00 ] 1.0000e+00
 3.774e+01 7.4821e-18 7.4821e-18 [ 1.5514e-85 1.2693e-52 2.1449e-24 7.4821e-18 ] 0.0000e+00 [ 0.0000e+00 ] 1.0000e+00
 3.785e+01 4.6852e-18 4.6852e-18 [ 3.8041e-86 4.2836e-53 1.1368e-24 4.6852e-18 ] 0.0000e+00 [ 0.0000e+00 ] 1.0000e+00
 3.797e+01 2.9257e-18 2.9257e-18 [ 9.3041e-87 1.4414e-53 6.0067e-25 2.9257e-18 ] 0.0000e+00 [ 0.0000e+00 ] 1.0000e+00
 3.808e+01 1.8220e-18 1.8220e-18 [ 2.2699e-87 4.8363e-54 3.1641e-25 1.8220e-18 ] 0.0000e+00 [ 0.0000e+00 ] 1.0000e+00
 3.819e+01 1.1315e-18 1.1315e-18 [ 5.5244e-88 1.6180e-54 1.6617e-25 1.1315e-18 ] 0.0000e+00 [ 0.0000e+00 ] 1.0000e+00
 3.831e+01 7.0077e-19 7.0077e-19 [ 1.3412e-88 5.3978e-55 8.7006e-26 7.0077e-19 ] 0.0000e+00 [ 0.0000e+00 ] 1.0000e+00
 3.842e+01 4.3282e-19 4.3282e-19 [ 3.2481e-89 1.7956e-55 4.5419e-26 4.3282e-19 ] 0.0000e+00 [ 0.0000e+00 ] 1.0000e+00
 3.853e+01 2.6660e-19 2.6660e-19 [ 7.8476e-90 5.9565e-56 2.3639e-26 2.6660e-19 ] 0.0000e+00 [ 0.0000e+00 ] 1.0000e+00
 3.865e+01 1.6377e-19 1.6377e-19 [ 1.8914e-90 1.9704e-56 1.2267e-26 1.6377e-19 ] 0.0000e+00 [ 0.0000e+00 ] 1.0000e+00
 3.876e+01 1.0033e-19 1.0033e-19 [ 4.5480e-91 6.5000e-57 6.3467e-27 1.0033e-19 ] 0.0000e+00 [ 0.0000e+00 ] 1.0000e+00
 3.887e+01 6.1300e-20 6.1300e-20 [ 1.0910e-91 2.1384e-57 3.2741e-27 6.1300e-20 ] 0.0000e+00 [ 0.0000e+00 ] 1.0000e+00
 3.899e+01 3.7353e-20 3.7353e-20 [ 2.6110e-92 7.0156e-58 1.6841e-27 3.7353e-20 ] 0.0000e+00 [ 0.0000e+00 ] 1.0000e+00
 3.910e+01 2.2700e-20 2.2700e-20 [ 6.2343e-93 2.2955e-58 8.6374e-28 2.2700e-20 ] 0.0000e+00 [ 0.0000e+00 ] 1.0000e+00
 3.921e+01 1.3758e-20 1.3758e-20 [ 1.4851e-93 7.4907e-59 4.4171e-28 1.3758e-20 ] 0.0000e+00 [ 0.0000e+00 ] 1.0000e+00
 3.933e+01 8.3167e-21 8.3167e-21 [ 3.5297e-94 2.4379e-59 2.2524e-28 8.3167e-21 ] 0.0000e+00 [ 0.0000e+00 ] 1.0000e+00
 3.944e+01 5.0140e-21 5.0140e-21 [ 8.3702e-95 7.9131e-60 1.1453e-28 5.0140e-21 ] 0.0000e+00 [ 0.0000e+00 ] 1.0000e+00
 3.955e+01 3.0149e-21 3.0149e-21 [ 1.9804e-95 2.5618e-60 5.8069e-29 3.0149e-21 ] 0.0000e+00 [ 0.0000e+00 ] 1.0000e+00
 3.967e+01 1.8081e-21 1.8081e-21 [ 4.6751e-96 8.2720e-61 2.9359e-29 1.8081e-21 ] 0.0000e+00 [ 0.0000e+00 ] 1.0000e+00
 3.978e+01 1.0815e-21 1.0815e-21 [ 1.1012e-96 2.6641e-61 1.4802e-29 1.0815e-21 ] 0.0000e+00 [ 0.0000e+00 ] 1.0000e+00
 3.989e+01 6.4519e-22 6.4519e-22 [ 2.5881e-97 8.5582e-62 7.4417e-30 6.4519e-22 ] 0.0000e+00 [ 0.0000e+00 ] 1.0000e+00
 4.001e+01 3.8391e-22 3.8391e-22 [ 6.0693e-98 2.7422e-62 3.7310e-30 3.8391e-22 ] 0.0000e+00 [ 0.0000e+00 ] 1.0000e+00
 4.012e+01 2.2784e-22 2.2784e-22 [ 1.4202e-98 8.7644e-63 1.8654e-30 2.2784e-22 ] 0.0000e+00 [ 0.0000e+00 ] 1.0000e+00
 4.023e+01 1.3487e-22 1.3487e-22 [ 3.3161e-99 2.7941e-63 9.3004e-31 1.3487e-22 ] 0.0000e+00 [ 0.0000e+00 ] 1.0000e+00
 4.035e+01 7.9631e-23 7.9631e-23 [ 7.7264e-100 8.8857e-64 4.6243e-31 7.9631e-23 ] 0.0000e+00 [ 0.0000e+00 ] 1.0000e+00
 4.046e+01 4.6895e-23 4.6895e-23 [ 1.7964e-100 2.8188e-64 2.2930e-31 4.6895e-23 ] 0.0000e+00 [ 0.0000e+00 ] 1.0000e+00
 4.057e+01 2.7546e-23 2.7546e-23 [ 4.1676e-101 8.9199e-65 1.1339e-31 2.7546e-23 ] 0.0000e+00 [ 0.0000e+00 ] 1.0000e+00
 4.069e+01 1.6139e-23 1.6139e-23 [ 9.6487e-102 2.8158e-65 5.5923e-32 1.6139e-23 ] 0.0000e+00 [ 0.0000e+00 ] 1.0000e+00
 4.080e+01 9.4319e-24 9.4319e-24 [ 2.2291e-102 8.8670e-66 2.7506e-32 9.4319e-24 ] 0.0000e+00 [ 0.0000e+00 ] 1.0000e+00
 4.091e+01 5.4982e-24 5.4982e-24 [ 5.1393e-103 2.7855e-66 1.3492e-32 5.4982e-24 ] 0.0000e+00 [ 0.0000e+00 ] 1.0000e+00
 4.103e+01 3.1969e-24 3.1969e-24 [ 1.1824e-103 8.7297e-67 6.6008e-33 3.1969e-24 ] 0.0000e+00 [ 0.0000e+00 ] 1.0000e+00
 4.114e+01 1.8542e-24 1.8542e-24 [ 2.7149e-104 2.7293e-67 3.2207e-33 1.8542e-24 ] 0.0000e+00 [ 0.0000e+00 ] 1.0000e+00
 4.125e+01 1.0727e-24 1.0727e-24 [ 6.2208e-105 8.5130e-68 1.5673e-33 1.0727e-24 ] 0.0000e+00 [ 0.0000e+00 ] 1.0000e+00
 4.137e+01 6.1906e-25 6.1906e-25 [ 1.4225e-105 2.6491e-68 7.6072e-34 6.1906e-25 ] 0.0000e+00 [ 0.0000e+00 ] 1.0000e+00
 4.148e+01 3.5636e-25 3.5636e-25 [ 3.2463e-106 8.2240e-69 3.6826e-34 3.5636e-25 ] 0.0000e+00 [ 0.0000e+00 ] 1.0000e+00
 4.159e+01 2.0463e-25 2.0463e-25 [ 7.3936e-107 2.5472e-69 1.7781e-34 2.0463e-25 ] 0.0000e+00 [ 0.0000e+00 ] 1.0000e+00
 4.171e+01 1.1721e-25 1.1721e-25 [ 1.6806e-107 7.8714e-70 8.5628e-35 1.1721e-25 ] 0.0000e+00 [ 0.0000e+00 ] 1.0000e+00
 4.182e+01 6.6973e-26 6.6973e-26 [ 3.8124e-108 2.4268e-70 4.1130e-35 6.6973e-26 ] 0.0000e+00 [ 0.0000e+00 ] 1.0000e+00
 4.193e+01 3.8174e-26 3.8174e-26 [ 8.6314e-109 7.4650e-71 1.9706e-35 3.8174e-26 ] 0.0000e+00 [ 0.0000e+00 ] 1.0000e+00
 4.205e+01 2.1705e-26 2.1705e-26 [ 1.9504e-109 2.2911e-71 9.4169e-36 2.1705e-26 ] 0.0000e+00 [ 0.0000e+00 ] 1.0000e+00
 4.216e+01 1.2311e-26 1.2311e-26 [ 4.3985e-110 7.0158e-72 4.4887e-36 1.2311e-26 ] 0.0000e+00 [ 0.0000e+00 ] 1.0000e+00
 4.227e+01 6.9656e-27 6.9656e-27 [ 9.9006e-111 2.1436e-72 2.1342e-36 6.9656e-27 ] 0.0000e+00 [ 0.0000e+00 ] 1.0000e+00
 4.239e+01 3.9317e-27 3.9317e-27 [ 2.2242e-111 6.5348e-73 1.0122e-36 3.9317e-27 ] 0.0000e+00 [ 0.0000e+00 ] 1.0000e+00
 4.250e+01 2.2138e-27 2.2138e-27 [ 4.9873e-112 1.9878e-73 4.7882e-37 2.2138e-27 ] 0.0000e+00 [ 0.0000e+00 ] 1.0000e+00
 4.261e+01 1.2435e-27 1.2435e-27 [ 1.1162e-112 6.0331e-74 2.2595e-37 1.2435e-27 ] 0.0000e+00 [ 0.0000e+00 ] 1.0000e+00
 4.273e+01 6.9683e-28 6.9683e-28 [ 2.4932e-113 1.8271e-74 1.0636e-37 6.9683e-28 ] 0.0000e+00 [ 0.0000e+00 ] 1.0000e+00
 4.284e+01 3.8954e-28 3.8954e-28 [ 5.5589e-114 5.5214e-75 4.9939e-38 3.8954e-28 ] 0.0000e+00 [ 0.0000e+00 ] 1.0000e+00
 4.295e+01 2.1724e-28 2.1724e-28 [ 1.2371e-114 1.6649e-75 2.3391e-38 2.1724e-28 ] 0.0000e+00 [ 0.0000e+00 ] 1.0000e+00
 4.307e+01 1.2086e-28 1.2086e-28 [ 2.7479e-115 5.0095e-76 1.0929e-38 1.2086e-28 ] 0.0000e+00 [ 0.0000e+00 ] 1.0000e+00
 4.318e+01 6.7085e-29 6.7085e-29 [ 6.0926e-116 1.5041e-76 5.0939e-39 6.7085e-29 ] 0.0000e+00 [ 0.0000e+00 ] 1.0000e+00
 4.329e+01 3.7147e-29 3.7147e-29 [ 1.3484e-116 4.5064e-77 2.3685e-39 3.7147e-29 ] 0.0000e+00 [ 0.0000e+00 ] 1.0000e+00
 4.341e+01 2.0521e-29 2.0521e-29 [ 2.9786e-117 1.3473e-77 1.0986e-39 2.0521e-29 ] 0.0000e+00 [ 0.0000e+00 ] 1.0000e+00
 4.352e+01 1.1309e-29 1.1309e-29 [ 6.5679e-118 4.0195e-78 5.0832e-40 1.1309e-29 ] 0.0000e+00 [ 0.0000e+00 ] 1.0000e+00
 4.363e+01 6.2183e-30 6.2183e-30 [ 1.4456e-118 1.1967e-78 2.3464e-40 6.2183e-30 ] 0.0000e+00 [ 0.0000e+00 ] 1.0000e+00
 4.375e+01 3.4110e-30 3.4110e-30 [ 3.1762e-119 3.5554e-79 1.0805e-40 3.4110e-30 ] 0.0000e+00 [ 0.0000e+00 ] 1.0000e+00
 4.386e+01 1.8668e-30 1.8668e-30 [ 6.9659e-120 1.0541e-79 4.9638e-41 1.8668e-30 ] 0.0000e+00 [ 0.0000e+00 ] 1.0000e+00
 4.397e+01 1.0193e-30 1.0193e-30 [ 1.5250e-120 3.1188e-80 2.2749e-41 1.0193e-30 ] 0.0000e+00 [ 0.0000e+00 ] 1.0000e+00
 4.409e+01 5.5524e-31 5.5524e-31 [ 3.3327e-121 9.2088e-81 1.0401e-41 5.5524e-31 ] 0.0000e+00 [ 0.0000e+00 ] 1.0000e+00
 4.420e+01 3.0177e-31 3.0177e-31 [ 7.2703e-122 2.7135e-81 4.7446e-42 3.0177e-31 ] 0.0000e+00 [ 0.0000e+00 ] 1.0000e+00
 4.431e+01 1.6363e-31 1.6363e-31 [ 1.5832e-122 7.9794e-82 2.1591e-42 1.6363e-31 ] 0.0000e+00 [ 0.0000e+00 ] 1.0000e+00
 4.443e+01 8.8523e-32 8.8523e-32 [ 3.4418e-123 2.3417e-82 9.8027e-43 8.8523e-32 ] 0.0000e+00 [ 0.0000e+00 ] 1.0000e+00
 4.454e+01 4.7782e-32 4.7782e-32 [ 7.4691e-124 6.8584e-83 4.4401e-43 4.7782e-32 ] 0.0000e+00 [ 0.0000e+00 ] 1.0000e+00
 4.465e+01 2.5732e-32 2.5732e-32 [ 1.6181e-124 2.0047e-83 2.0065e-43 2.5732e-32 ] 0.0000e+00 [ 0.0000e+00 ] 1.0000e+00
 4.477e+01 1.3826e-32 1.3826e-32 [ 3.4993e-125 5.8479e-84 9.0466e-44 1.3826e-32 ] 0.0000e+00 [ 0.0000e+00 ] 1.0000e+00
 4.488e+01 7.4123e-33 7.4123e-33 [ 7.5547e-126 1.7025e-84 4.0694e-44 7.4123e-33 ] 0.0000e+00 [ 0.0000e+00 ] 1.0000e+00
 4.499e+01 3.9648e-33 3.9648e-33 [ 1.6282e-126 4.9468e-85 1.8263e-44 3.9648e-33 ] 0.0000e+00 [ 0.0000e+00 ] 1.0000e+00
 4.511e+01 2.1160e-33 2.1160e-33 [ 3.5033e-127 1.4345e-85 8.1776e-45 2.1160e-33 ] 0.0000e+00 [ 0.0000e+00 ] 1.0000e+00
 4.522e+01 1.1268e-33 1.1268e-33 [ 7.5249e-128 4.1517e-86 3.6533e-45 1.1268e-33 ] 0.0000e+00 [ 0.0000e+00 ] 1.0000e+00
 4.533e+01 5.9866e-34 5.9866e-34 [ 1.6136e-128 1.1993e-86 1.6284e-45 5.9866e-34 ] 0.0000e+00 [ 0.0000e+00 ] 1.0000e+00
 4.545e+01 3.1737e-34 3.1737e-34 [ 3.4543e-129 3.4574e-87 7.2421e-46 3.1737e-34 ] 0.0000e+00 [ 0.0000e+00 ] 1.0000e+00
 4.556e+01 1.6787e-34 1.6787e-34 [ 7.3826e-130 9.9483e-88 3.2136e-46 1.6787e-34 ] 0.0000e+00 [ 0.0000e+00 ] 1.0000e+00
 4.567e+01 8.8601e-35 8.8601e-35 [ 1.5752e-130 2.8570e-88 1.4228e-46 8.8601e-35 ] 0.0000e+00 [ 0.0000e+00 ] 1.0000e+00
 4.579e+01 4.6659e-35 4.6659e-35 [ 3.3554e-131 8.1893e-89 6.2851e-47 4.6659e-35 ] 0.0000e+00 [ 0.0000e+00 ] 1.0000e+00
 4.590e+01 2.4518e-35 2.4518e-35 [ 7.1357e-132 2.3429e-89 2.7703e-47 2.4518e-35 ] 0.0000e+00 [ 0.0000e+00 ] 1.0000e+00
 4.601e+01 1.2855e-35 1.2855e-35 [ 1.5150e-132 6.6901e-90 1.2183e-47 1.2855e-35 ] 0.0000e+00 [ 0.0000e+00 ] 1.0000e+00
 4.613e+01 6.7254e-36 6.7254e-36 [ 3.2114e-133 1.9067e-90 5.3463e-48 6.7254e-36 ] 0.0000e+00 [ 0.0000e+00 ] 1.0000e+00
 4.624e+01 3.5109e-36 3.5109e-36 [ 6.7963e-134 5.4242e-91 2.3409e-48 3.5109e-36 ] 0.0000e+00 [ 0.0000e+00 ] 1.0000e+00
 4.635e+01 1.8288e-36 1.8288e-36 [ 1.4360e-134 1.5402e-91 1.0227e-48 1.8288e-36 ] 0.0000e+00 [ 0.0000e+00 ] 1.0000e+00
 4.647e+01 9.5059e-37 9.5059e-37 [ 3.0291e-135 4.3650e-92 4.4586e-49 9.5059e-37 ] 0.0000e+00 [ 0.0000e+00 ] 1.0000e+00
 4.658e+01 4.9303e-37 4.9303e-37 [ 6.3797e-136 1.2348e-92 1.9395e-49 4.9303e-37 ] 0.0000e+00 [ 0.0000e+00 ] 1.0000e+00
 4.669e+01 2.5516e-37 2.5516e-37 [ 1.3415e-136 3.4866e-93 8.4183e-50 2.5516e-37 ] 0.0000e+00 [ 0.0000e+00 ] 1.0000e+00
 4.681e+01 1.3178e-37 1.3178e-37 [ 2.8164e-137 9.8266e-94 3.6461e-50 1.3178e-37 ] 0.0000e+00 [ 0.0000e+00 ] 1.0000e+00
 4.692e+01 6.7908e-38 6.7908e-38 [ 5.9034e-138 2.7645e-94 1.5758e-50 6.7908e-38 ] 0.0000e+00 [ 0.0000e+00 ] 1.0000e+00
 4.703e+01 3.4921e-38 3.4921e-38 [ 1.2355e-138 7.7629e-95 6.7956e-51 3.4921e-38 ] 0.0000e+00 [ 0.0000e+00 ] 1.0000e+00
 4.715e+01 1.7919e-38 1.7919e-38 [ 2.5816e-139 2.1759e-95 2.9244e-51 1.7919e-38 ] 0.0000e+00 [ 0.0000e+00 ] 1.0000e+00
 4.726e+01 9.1758e-39 9.1758e-39 [ 5.3859e-140 6.0880e-96 1.2558e-51 9.1758e-39 ] 0.0000e+00 [ 0.0000e+00 ] 1.0000e+00
 4.737e+01 4.6887e-39 4.6887e-39 [ 1.1219e-140 1.7003e-96 5.3811e-52 4.6887e-39 ] 0.0000e+00 [ 0.0000e+00 ] 1.0000e+00
 4.749e+01 2.3908e-39 2.3908e-39 [ 2.3334e-141 4.7401e-97 2.3009e-52 2.3908e-39 ] 0.0000e+00 [ 0.0000e+00 ] 1.0000e+00
 4.760e+01 1.2165e-39 1.2165e-39 [ 4.8456e-142 1.3191e-97 9.8180e-53 1.2165e-39 ] 0.0000e+00 [ 0.0000e+00 ] 1.0000e+00
 4.771e+01 6.1772e-40 6.1772e-40 [ 1.0047e-142 3.6643e-98 4.1805e-53 6.1772e-40 ] 0.0000e+00 [ 0.0000e+00 ] 1.0000e+00
 4.783e+01 3.1301e-40 3.1301e-40 [ 2.0801e-143 1.0161e-98 1.7763e-53 3.1301e-40 ] 0.0000e+00 [ 0.0000e+00 ] 1.0000e+00
 4.794e+01 1.5828e-40 1.5828e-40 [ 4.2998e-144 2.8125e-99 7.5321e-54 1.5828e-40 ] 0.0000e+00 [ 0.0000e+00 ] 1.0000e+00
 4.805e+01 7.9872e-41 7.9872e-41 [ 8.8748e-145 7.7713e-100 3.1871e-54 7.9872e-41 ] 0.0000e+00 [ 0.0000e+00 ] 1.0000e+00
 4.817e+01 4.0222e-41 4.0222e-41 [ 1.8290e-145 2.1435e-100 1.3458e-54 4.0222e-41 ] 0.0000e+00 [ 0.0000e+00 ] 1.0000e+00
 4.828e+01 2.0213e-41 2.0213e-41 [ 3.7638e-146 5.9020e-101 5.6710e-55 2.0213e-41 ] 0.0000e+00 [ 0.0000e+00 ] 1.0000e+00
 4.839e+01 1.0137e-41 1.0137e-41 [ 7.7337e-147 1.6222e-101 2.3848e-55 1.0137e-41 ] 0.0000e+00 [ 0.0000e+00 ] 1.0000e+00
 4.851e+01 5.0735e-42 5.0735e-42 [ 1.5867e-147 4.4512e-102 1.0008e-55 5.0735e-42 ] 0.0000e+00 [ 0.0000e+00 ] 1.0000e+00
 4.862e+01 2.5341e-42 2.5341e-42 [ 3.2506e-148 1.2192e-102 4.1913e-56 2.5341e-42 ] 0.0000e+00 [ 0.0000e+00 ] 1.0000e+00
 4.873e+01 1.2631e-42 1.2631e-42 [ 6.6495e-149 3.3337e-103 1.7517e-56 1.2631e-42 ] 0.0000e+00 [ 0.0000e+00 ] 1.0000e+00
 4.885e+01 6.2833e-43 6.2833e-43 [ 1.3582e-149 9.0999e-104 7.3063e-57 6.2833e-43 ] 0.0000e+00 [ 0.0000e+00 ] 1.0000e+00
 4.896e+01 3.1193e-43 3.1193e-43 [ 2.7703e-150 2.4797e-104 3.0412e-57 3.1193e-43 ] 0.0000e+00 [ 0.0000e+00 ] 1.0000e+00
 4.907e+01 1.5454e-43 1.5454e-43 [ 5.6421e-151 6.7455e-105 1.2633e-57 1.5454e-43 ] 0.0000e+00 [ 0.0000e+00 ] 1.0000e+00
 4.919e+01 7.6412e-44 7.6412e-44 [ 1.1474e-151 1.8319e-105 5.2374e-58 7.6412e-44 ] 0.0000e+00 [ 0.0000e+00 ] 1.0000e+00
 4.930e+01 3.7706e-44 3.7706e-44 [ 2.3301e-152 4.9663e-106 2.1669e-58 3.7706e-44 ] 0.0000e+00 [ 0.0000e+00 ] 1.0000e+00
 4.941e+01 1.8569e-44 1.8569e-44 [ 4.7251e-153 1.3441e-106 8.9474e-59 1.8569e-44 ] 0.0000e+00 [ 0.0000e+00 ] 1.0000e+00
 4.953e+01 9.1265e-45 9.1265e-45 [ 9.5679e-154 3.6317e-107 3.6871e-59 9.1265e-45 ] 0.0000e+00 [ 0.0000e+00 ] 1.0000e+00
 4.964e+01 4.4767e-45 4.4767e-45 [ 1.9346e-154 9.7960e-108 1.5164e-59 4.4767e-45 ] 0.0000e+00 [ 0.0000e+00 ] 1.0000e+00
 4.975e+01 2.1916e-45 2.1916e-45 [ 3.9063e-155 2.6379e-108 6.2239e-60 2.1916e-45 ] 0.0000e+00 [ 0.0000e+00 ] 1.0000e+00
 4.987e+01 1.0707e-45 1.0707e-45 [ 7.8761e-156 7.0917e-109 2.5495e-60 1.0707e-45 ] 0.0000e+00 [ 0.0000e+00 ] 1.0000e+00
 4.998e+01 5.2212e-46 5.2212e-46 [ 1.5858e-156 1.9033e-109 1.0423e-60 5.2212e-46 ] 0.0000e+00 [ 0.0000e+00 ] 1.0000e+00
 5.009e+01 2.5410e-46 2.5410e-46 [ 3.1883e-157 5.0999e-110 4.2529e-61 2.5410e-46 ] 0.0000e+00 [ 0.0000e+00 ] 1.0000e+00
 5.021e+01 1.2342e-46 1.2342e-46 [ 6.4014e-158 1.3642e-110 1.7319e-61 1.2342e-46 ] 0.0000e+00 [ 0.0000e+00 ] 1.0000e+00
 5.032e+01 5.9828e-47 5.9828e-47 [ 1.2834e-158 3.6433e-111 7.0389e-62 5.9828e-47 ] 0.0000e+00 [ 0.0000e+00 ] 1.0000e+00
 5.043e+01 2.8946e-47 2.8946e-47 [ 2.5696e-159 9.7140e-112 2.8552e-62 2.8946e-47 ] 0.0000e+00 [ 0.0000e+00 ] 1.0000e+00
 5.055e+01 1.3978e-47 1.3978e-47 [ 5.1377e-160 2.5858e-112 1.1559e-62 1.3978e-47 ] 0.0000e+00 [ 0.0000e+00 ] 1.0000e+00
 5.066e+01 6.7366e-48 6.7366e-48 [ 1.0258e-160 6.8717e-113 4.6707e-63 6.7366e-48 ] 0.0000e+00 [ 0.0000e+00 ] 1.0000e+00
 5.077e+01 3.2405e-48 3.2405e-48 [ 2.0453e-161 1.8232e-113 1.8836e-63 3.2405e-48 ] 0.0000e+00 [ 0.0000e+00 ] 1.0000e+00
 5.089e+01 1.5558e-48 1.5558e-48 [ 4.0725e-162 4.8296e-114 7.5818e-64 1.5558e-48 ] 0.0000e+00 [ 0.0000e+00 ] 1.0000e+00
 5.100e+01 7.4548e-49 7.4548e-49 [ 8.0978e-163 1.2772e-114 3.0459e-64 7.4548e-49 ] 0.0000e+00 [ 0.0000e+00 ] 1.0000e+00
 5.111e+01 3.5654e-49 3.5654e-49 [ 1.6080e-163 3.3724e-115 1.2213e-64 3.5654e-49 ] 0.0000e+00 [ 0.0000e+00 ] 1.0000e+00
 5.123e+01 1.7020e-49 1.7020e-49 [ 3.1886e-164 8.8903e-116 4.8876e-65 1.7020e-49 ] 0.0000e+00 [ 0.0000e+00 ] 1.0000e+00
 5.134e+01 8.1089e-50 8.1089e-50 [ 6.3146e-165 2.3399e-116 1.9523e-65 8.1089e-50 ] 0.0000e+00 [ 0.0000e+00 ] 1.0000e+00
 5.145e+01 3.8561e-50 3.8561e-50 [ 1.2488e-165 6.1485e-117 7.7835e-66 3.8561e-50 ] 0.0000e+00 [ 0.0000e+00 ] 1.0000e+00
 5.157e+01 1.8303e-50 1.8303e-50 [ 2.4664e-166 1.6131e-117 3.0973e-66 1.8303e-50 ] 0.0000e+00 [ 0.0000e+00 ] 1.0000e+00
 5.168e+01 8.6711e-51 8.6711e-51 [ 4.8647e-167 4.2254e-118 1.2302e-66 8.6711e-51 ] 0.0000e+00 [ 0.0000e+00 ] 1.0000e+00
 5.179e+01 4.1003e-51 4.1003e-51 [ 9.5822e-168 1.1051e-118 4.8767e-67 4.1003e-51 ] 0.0000e+00 [ 0.0000e+00 ] 1.0000e+00
 5.191e+01 1.9352e-51 1.9352e-51 [ 1.8849e-168 2.8855e-119 1.9297e-67 1.9352e-51 ] 0.0000e+00 [ 0.0000e+00 ] 1.0000e+00
 5.202e+01 9.1168e-52 9.1168e-52 [ 3.7030e-169 7.5226e-120 7.6211e-68 9.1168e-52 ] 0.0000e+00 [ 0.0000e+00 ] 1.0000e+00
 5.213e+01 4.2869e-52 4.2869e-52 [ 7.2652e-170 1.9581e-120 3.0043e-68 4.2869e-52 ] 0.0000e+00 [ 0.0000e+00 ] 1.0000e+00
 5.225e+01 2.0120e-52 2.0120e-52 [ 1.4235e-170 5.0890e-121 1.1821e-68 2.0120e-52 ] 0.0000e+00 [ 0.0000e+00 ] 1.0000e+00
 5.236e+01 9.4260e-53 9.4260e-53 [ 2.7855e-171 1.3205e-121 4.6427e-69 9.4260e-53 ] 0.0000e+00 [ 0.0000e+00 ] 1.0000e+00
 5.247e+01 4.4077e-53 4.4077e-53 [ 5.4437e-172 3.4213e-122 1.8200e-69 4.4077e-53 ] 0.0000e+00 [ 0.0000e+00 ] 1.0000e+00
 5.259e+01 2.0573e-53 2.0573e-53 [ 1.0625e-172 8.8505e-123 7.1216e-70 2.0573e-53 ] 0.0000e+00 [ 0.0000e+00 ] 1.0000e+00
 5.270e+01 9.5848e-54 9.5848e-54 [ 2.0709e-173 2.2860e-123 2.7815e-70 9.5848e-54 ] 0.0000e+00 [ 0.0000e+00 ] 1.0000e+00
 5.281e+01 4.4573e-54 4.4573e-54 [ 4.0315e-174 5.8953e-124 1.0844e-70 4.4573e-54 ] 0.0000e+00 [ 0.0000e+00 ] 1.0000e+00
 5.293e+01 2.0690e-54 2.0690e-54 [ 7.8379e-175 1.5180e-124 4.2199e-71 2.0690e-54 ] 0.0000e+00 [ 0.0000e+00 ] 1.0000e+00
 5.304e+01 9.5868e-55 9.5868e-55 [ 1.5219e-175 3.9028e-125 1.6392e-71 9.5868e-55 ] 0.0000e+00 [ 0.0000e+00 ] 1.0000e+00
 5.315e+01 4.4339e-55 4.4339e-55 [ 2.9513e-176 1.0019e-125 6.3555e-72 4.4339e-55 ] 0.0000e+00 [ 0.0000e+00 ] 1.0000e+00
 5.327e+01 2.0470e-55 2.0470e-55 [ 5.7159e-177 2.5681e-126 2.4597e-72 2.0470e-55 ] 0.0000e+00 [ 0.0000e+00 ] 1.0000e+00
 5.338e+01 9.4332e-56 9.4332e-56 [ 1.1056e-177 6.5725e-127 9.5026e-73 9.4332e-56 ] 0.0000e+00 [ 0.0000e+00 ] 1.0000e+00
 5.349e+01 4.3393e-56 4.3393e-56 [ 2.1359e-178 1.6796e-127 3.6645e-73 4.3393e-56 ] 0.0000e+00 [ 0.0000e+00 ] 1.0000e+00
 5.361e+01 1.9925e-56 1.9925e-56 [ 4.1211e-179 4.2857e-128 1.4106e-73 1.9925e-56 ] 0.0000e+00 [ 0.0000e+00 ] 1.0000e+00
 5.372e+01 9.1325e-57 9.1325e-57 [ 7.9415e-180 1.0919e-128 5.4200e-74 9.1325e-57 ] 0.0000e+00 [ 0.0000e+00 ] 1.0000e+00
 5.383e+01 4.1784e-57 4.1784e-57 [ 1.5284e-180 2.7778e-129 2.0789e-74 4.1784e-57 ] 0.0000e+00 [ 0.0000e+00 ] 1.0000e+00
 5.395e+01 1.9083e-57 1.9083e-57 [ 2.9380e-181 7.0561e-130 7.9594e-75 1.9083e-57 ] 0.0000e+00 [ 0.0000e+00 ] 1.0000e+00
 5.406e+01 8.7002e-58 8.7002e-58 [ 5.6404e-182 1.7897e-130 3.0420e-75 8.7002e-58 ] 0.0000e+00 [ 0.0000e+00 ] 1.0000e+00
 5.417e+01 3.9594e-58 3.9594e-58 [ 1.0815e-182 4.5327e-131 1.1605e-75 3.9594e-58 ] 0.0000e+00 [ 0.0000e+00 ] 1.0000e+00
 5.429e+01 1.7987e-58 1.7987e-58 [ 2.0712e-183 1.1463e-131 4.4198e-76 1.7987e-58 ] 0.0000e+00 [ 0.0000e+00 ] 1.0000e+00
 5.440e+01 8.1570e-59 8.1570e-59 [ 3.9618e-184 2.8946e-132 1.6802e-76 8.1570e-59 ] 0.0000e+00 [ 0.0000e+00 ] 1.0000e+00
 5.451e+01 3.6926e-59 3.6926e-59 [ 7.5686e-185 7.2986e-133 6.3763e-77 3.6926e-59 ] 0.0000e+00 [ 0.0000e+00 ] 1.0000e+00
 5.463e+01 1.6687e-59 1.6687e-59 [ 1.4442e-185 1.8376e-133 2.4155e-77 1.6687e-59 ] 0.0000e+00 [ 0.0000e+00 ] 1.0000e+00
 5.474e+01 7.5274e-60 7.5274e-60 [ 2.7522e-186 4.6200e-134 9.1345e-78 7.5274e-60 ] 0.0000e+00 [ 0.0000e+00 ] 1.0000e+00
 5.485e+01 3.3897e-60 3.3897e-60 [ 5.2388e-187 1.1598e-134 3.4483e-78 3.3897e-60 ] 0.0000e+00 [ 0.0000e+00 ] 1.0000e+00
 5.497e+01 1.5238e-60 1.5238e-60 [ 9.9598e-188 2.9074e-135 1.2995e-78 1.5238e-60 ] 0.0000e+00 [ 0.0000e+00 ] 1.0000e+00
 5.508e+01 6.8380e-61 6.8380e-61 [ 1.8912e-188 7.2776e-136 4.8884e-79 6.8380e-61 ] 0.0000e+00 [ 0.0000e+00 ] 1.0000e+00
 5.519e+01 3.0633e-61 3.0633e-61 [ 3.5870e-189 1.8191e-136 1.8358e-79 3.0633e-61 ] 0.0000e+00 [ 0.0000e+00 ] 1.0000e+00
 5.531e+01 1.3699e-61 1.3699e-61 [ 6.7949e-190 4.5403e-137 6.8820e-80 1.3699e-61 ] 0.0000e+00 [ 0.0000e+00 ] 1.0000e+00
 5.542e+01 6.1156e-62 6.1156e-62 [ 1.2857e-190 1.1316e-137 2.5755e-80 6.1156e-62 ] 0.0000e+00 [ 0.0000e+00 ] 1.0000e+00
 5.553e+01 2.7255e-62 2.7255e-62 [ 2.4297e-191 2.8163e-138 9.6220e-81 2.7255e-62 ] 0.0000e+00 [ 0.0000e+00 ] 1.0000e+00
 5.565e+01 1.2126e-62 1.2126e-62 [ 4.5864e-192 6.9990e-139 3.5886e-81 1.2126e-62 ] 0.0000e+00 [ 0.0000e+00 ] 1.0000e+00
 5.576e+01 5.3854e-63 5.3854e-63 [ 8.6471e-193 1.7369e-139 1.3361e-81 5.3854e-63 ] 0.0000e+00 [ 0.0000e+00 ] 1.0000e+00
 5.587e+01 2.3877e-63 2.3877e-63 [ 1.6284e-193 4.3044e-140 4.9660e-82 2.3877e-63 ] 0.0000e+00 [ 0.0000e+00 ] 1.0000e+00
 5.599e+01 1.0569e-63 1.0569e-63 [ 3.0630e-194 1.0652e-140 1.8426e-82 1.0569e-63 ] 0.0000e+00 [ 0.0000e+00 ] 1.0000e+00
 5.610e+01 4.6700e-64 4.6700e-64 [ 5.7548e-195 2.6322e-141 6.8253e-83 4.6700e-64 ] 0.0000e+00 [ 0.0000e+00 ] 1.0000e+00
 5.621e+01 2.0600e-64 2.0600e-64 [ 1.0799e-195 6.4954e-142 2.5239e-83 2.0600e-64 ] 0.0000e+00 [ 0.0000e+00 ] 1.0000e+00
 5.633e+01 9.0719e-65 9.0719e-65 [ 2.0243e-196 1.6006e-142 9.3176e-84 9.0719e-65 ] 0.0000e+00 [ 0.0000e+00 ] 1.0000e+00
 5.644e+01 3.9883e-65 3.9883e-65 [ 3.7900e-197 3.9386e-143 3.4339e-84 3.9883e-65 ] 0.0000e+00 [ 0.0000e+00 ] 1.0000e+00
 5.655e+01 1.7505e-65 1.7505e-65 [ 7.0878e-198 9.6783e-144 1.2634e-84 1.7505e-65 ] 0.0000e+00 [ 0.0000e+00 ] 1.0000e+00
 5.667e+01 7.6698e-66 7.6698e-66 [ 1.3240e-198 2.3749e-144 4.6407e-85 7.6698e-66 ] 0.0000e+00 [ 0.0000e+00 ] 1.0000e+00
 5.678e+01 3.3550e-66 3.3550e-66 [ 2.4703e-199 5.8197e-145 1.7017e-85 3.3550e-66 ] 0.0000e+00 [ 0.0000e+00 ] 1.0000e+00
 5.689e+01 1.4651e-66 1.4651e-66 [ 4.6040e-200 1.4241e-145 6.2297e-86 1.4651e-66 ] 0.0000e+00 [ 0.0000e+00 ] 1.0000e+00
 5.701e+01 6.3873e-67 6.3873e-67 [ 8.5708e-201 3.4801e-146 2.2768e-86 6.3873e-67 ] 0.0000e+00 [ 0.0000e+00 ] 1.0000e+00
 5.712e+01 2.7800e-67 2.7800e-67 [ 1.5937e-201 8.4926e-147 8.3072e-87 2.7800e-67 ] 0.0000e+00 [ 0.0000e+00 ] 1.0000e+00
 5.723e+01 1.2080e-67 1.2080e-67 [ 2.9602e-202 2.0696e-147 3.0260e-87 1.2080e-67 ] 0.0000e+00 [ 0.0000e+00 ] 1.0000e+00
 5.735e+01 5.2403e-68 5.2403e-68 [ 5.4922e-203 5.0366e-148 1.1005e-87 5.2403e-68 ] 0.0000e+00 [ 0.0000e+00 ] 1.0000e+00
 5.746e+01 2.2695e-68 2.2695e-68 [ 1.0178e-203 1.2241e-148 3.9954e-88 2.2695e-68 ] 0.0000e+00 [ 0.0000e+00 ] 1.0000e+00
 5.757e+01 9.8128e-69 9.8128e-69 [ 1.8842e-204 2.9707e-149 1.4482e-88 9.8128e-69 ] 0.0000e+00 [ 0.0000e+00 ] 1.0000e+00
 5.769e+01 4.2359e-69 4.2359e-69 [ 3.4840e-205 7.2001e-150 5.2406e-89 4.2359e-69 ] 0.0000e+00 [ 0.0000e+00 ] 1.0000e+00
 5.780e+01 1.8255e-69 1.8255e-69 [ 6.4353e-206 1.7427e-150 1.8934e-89 1.8255e-69 ] 0.0000e+00 [ 0.0000e+00 ] 1.0000e+00
 5.791e+01 7.8542e-70 7.8542e-70 [ 1.1873e-206 4.2124e-151 6.8292e-90 7.8542e-70 ] 0.0000e+00 [ 0.0000e+00 ] 1.0000e+00
 5.803e+01 3.3738e-70 3.3738e-70 [ 2.1882e-207 1.0168e-151 2.4593e-90 3.3738e-70 ] 0.0000e+00 [ 0.0000e+00 ] 1.0000e+00
 5.814e+01 1.4469e-70 1.4469e-70 [ 4.0284e-208 2.4511e-152 8.8417e-91 1.4469e-70 ] 0.0000e+00 [ 0.0000e+00 ] 1.0000e+00
 5.825e+01 6.1949e-71 6.1949e-71 [ 7.4081e-209 5.9008e-153 3.1737e-91 6.1949e-71 ] 0.0000e+00 [ 0.0000e+00 ] 1.0000e+00
 5.837e+01 2.6481e-71 2.6481e-71 [ 1.3608e-209 1.4186e-153 1.1373e-91 2.6481e-71 ] 0.0000e+00 [ 0.0000e+00 ] 1.0000e+00
 5.848e+01 1.1301e-71 1.1301e-71 [ 2.4971e-210 3.4061e-154 4.0692e-92 1.1301e-71 ] 0.0000e+00 [ 0.0000e+00 ] 1.0000e+00
 5.859e+01 4.8154e-72 4.8154e-72 [ 4.5770e-211 8.1669e-155 1.4536e-92 4.8154e-72 ] 0.0000e+00 [ 0.0000e+00 ] 1.0000e+00
 5.871e+01 2.0485e-72 2.0485e-72 [ 8.3804e-212 1.9556e-155 5.1841e-93 2.0485e-72 ] 0.0000e+00 [ 0.0000e+00 ] 1.0000e+00
 5.882e+01 8.7004e-73 8.7004e-73 [ 1.5328e-212 4.6767e-156 1.8459e-93 8.7004e-73 ] 0.0000e+00 [ 0.0000e+00 ] 1.0000e+00
 5.893e+01 3.6893e-73 3.6893e-73 [ 2.8005e-213 1.1169e-156 6.5624e-94 3.6893e-73 ] 0.0000e+00 [ 0.0000e+00 ] 1.0000e+00
 5.905e+01 1.5619e-73 1.5619e-73 [ 5.1111e-214 2.6639e-157 2.3293e-94 1.5619e-73 ] 0.0000e+00 [ 0.0000e+00 ] 1.0000e+00
 5.916e+01 6.6021e-74 6.6021e-74 [ 9.3184e-215 6.3453e-158 8.2545e-95 6.6021e-74 ] 0.0000e+00 [ 0.0000e+00 ] 1.0000e+00
 5.927e+01 2.7862e-74 2.7862e-74 [ 1.6971e-215 1.5095e-158 2.9206e-95 2.7862e-74 ] 0.0000e+00 [ 0.0000e+00 ] 1.0000e+00
 5.939e+01 1.1740e-74 1.1740e-74 [ 3.0875e-216 3.5861e-159 1.0317e-95 1.1740e-74 ] 0.0000e+00 [ 0.0000e+00 ] 1.0000e+00
 5.950e+01 4.9386e-75 4.9386e-75 [ 5.6110e-217 8.5084e-160 3.6390e-96 4.9386e-75 ] 0.0000e+00 [ 0.0000e+00 ] 1.0000e+00
 5.961e+01 2.0743e-75 2.0743e-75 [ 1.0187e-217 2.0161e-160 1.2815e-96 2.0743e-75 ] 0.0000e+00 [ 0.0000e+00 ] 1.0000e+00
 5.973e+01 8.6987e-76 8.6987e-76 [ 1.8474e-218 4.7711e-161 4.5058e-97 8.6987e-76 ] 0.0000e+00 [ 0.0000e+00 ] 1.0000e+00
 5.984e+01 3.6421e-76 3.6421e-76 [ 3.3468e-219 1.1276e-161 1.5818e-97 3.6421e-76 ] 0.0000e+00 [ 0.0000e+00 ] 1.0000e+00
 5.995e+01 1.5226e-76 1.5226e-76 [ 6.0570e-220 2.6616e-162 5.5442e-98 1.5226e-76 ] 0.0000e+00 [ 0.0000e+00 ] 1.0000e+00
 6.007e+01 6.3550e-77 6.3550e-77 [ 1.0950e-220 6.2743e-163 1.9403e-98 6.3550e-77 ] 0.0000e+00 [ 0.0000e+00 ] 1.0000e+00
 6.018e+01 2.6483e-77 2.6483e-77 [ 1.9776e-221 1.4772e-163 6.7798e-99 2.6483e-77 ] 0.0000e+00 [ 0.0000e+00 ] 1.0000e+00
 6.029e+01 1.1019e-77 1.1019e-77 [ 3.5679e-222 3.4732e-164 2.3653e-99 1.1019e-77 ] 0.0000e+00 [ 0.0000e+00 ] 1.0000e+00
 6.041e+01 4.5779e-78 4.5779e-78 [ 6.4305e-223 8.1562e-165 8.2396e-100 4.5779e-78 ] 0.0000e+00 [ 0.0000e+00 ] 1.0000e+00
 6.052e+01 1.8989e-78 1.8989e-78 [ 1.1578e-223 1.9129e-165 2.8658e-100 1.8989e-78 ] 0.0000e+00 [ 0.0000e+00 ] 1.0000e+00
 6.063e+01 7.8643e-79 7.8643e-79 [ 2.0824e-224 4.4806e-166 9.9523e-101 7.8643e-79 ] 0.0000e+00 [ 0.0000e+00 ] 1.0000e+00
 6.075e+01 3.2520e-79 3.2520e-79 [ 3.7415e-225 1.0482e-166 3.4509e-101 3.2520e-79 ] 0.0000e+00 [ 0.0000e+00 ] 1.0000e+00
 6.086e+01 1.3427e-79 1.3427e-79 [ 6.7158e-226 2.4490e-167 1.1948e-101 1.3427e-79 ] 0.0000e+00 [ 0.0000e+00 ] 1.0000e+00
 6.097e+01 5.5350e-80 5.5350e-80 [ 1.2042e-226 5.7147e-168 4.1302e-102 5.5350e-80 ] 0.0000e+00 [ 0.0000e+00 ] 1.0000e+00
 6.109e+01 2.2783e-80 2.2783e-80 [ 2.1572e-227 1.3318e-168 1.4256e-102 2.2783e-80 ] 0.0000e+00 [ 0.0000e+00 ] 1.0000e+00
 6.120e+01 9.3632e-81 9.3632e-81 [ 3.8603e-228 3.1000e-169 4.9133e-103 9.3632e-81 ] 0.0000e+00 [ 0.0000e+00 ] 1.0000e+00
 6.131e+01 3.8422e-81 3.8422e-81 [ 6.9011e-229 7.2066e-170 1.6908e-103 3.8422e-81 ] 0.0000e+00 [ 0.0000e+00 ] 1.0000e+00
 6.143e+01 1.5743e-81 1.5743e-81 [ 1.2325e-229 1.6732e-170 5.8096e-104 1.5743e-81 ] 0.0000e+00 [ 0.0000e+00 ] 1.0000e+00
 6.154e+01 6.4403e-82 6.4403e-82 [ 2.1989e-230 3.8801e-171 1.9932e-104 6.4403e-82 ] 0.0000e+00 [ 0.0000e+00 ] 1.0000e+00
 6.165e+01 2.6307e-82 2.6307e-82 [ 3.9193e-231 8.9865e-172 6.8283e-105 2.6307e-82 ] 0.0000e+00 [ 0.0000e+00 ] 1.0000e+00
 6.177e+01 1.0730e-82 1.0730e-82 [ 6.9788e-232 2.0788e-172 2.3357e-105 1.0730e-82 ] 0.0000e+00 [ 0.0000e+00 ] 1.0000e+00
 6.188e+01 4.3697e-83 4.3697e-83 [ 1.2414e-232 4.8026e-173 7.9777e-106 4.3697e-83 ] 0.0000e+00 [ 0.0000e+00 ] 1.0000e+00
 6.199e+01 1.7769e-83 1.7769e-83 [ 2.2061e-233 1.1082e-173 2.7208e-106 1.7769e-83 ] 0.0000e+00 [ 0.0000e+00 ] 1.0000e+00
 6.211e+01 7.2144e-84 7.2144e-84 [ 3.9167e-234 2.5540e-174 9.2653e-107 7.2144e-84 ] 0.0000e+00 [ 0.0000e+00 ] 1.0000e+00
 6.222e+01 2.9248e-84 2.9248e-84 [ 6.9467e-235 5.8789e-175 3.1505e-107 2.9248e-84 ] 0.0000e+00 [ 0.0000e+00 ] 1.0000e+00
 6.233e+01 1.1840e-84 1.1840e-84 [ 1.2309e-235 1.3516e-175 1.0697e-107 1.1840e-84 ] 0.0000e+00 [ 0.0000e+00 ] 1.0000e+00
 6.245e+01 4.7856e-85 4.7856e-85 [ 2.1789e-236 3.1035e-176 3.6267e-108 4.7856e-85 ] 0.0000e+00 [ 0.0000e+00 ] 1.0000e+00
 6.256e+01 1.9315e-85 1.9315e-85 [ 3.8532e-237 7.1177e-177 1.2278e-108 1.9315e-85 ] 0.0000e+00 [ 0.0000e+00 ] 1.0000e+00
 6.267e+01 7.7836e-86 7.7836e-86 [ 6.8077e-238 1.6304e-177 4.1504e-109 7.7836e-86 ] 0.0000e+00 [ 0.0000e+00 ] 1.0000e+00
 6.279e+01 3.1321e-86 3.1321e-86 [ 1.2016e-238 3.7302e-178 1.4010e-109 3.1321e-86 ] 0.0000e+00 [ 0.0000e+00 ] 1.0000e+00
 6.290e+01 1.2585e-86 1.2585e-86 [ 2.1188e-239 8.5239e-179 4.7220e-110 1.2585e-86 ] 0.0000e+00 [ 0.0000e+00 ] 1.0000e+00
 6.301e+01 5.0490e-87 5.0490e-87 [ 3.7326e-240 1.9455e-179 1.5893e-110 5.0490e-87 ] 0.0000e+00 [ 0.0000e+00 ] 1.0000e+00
 6.313e+01 2.0227e-87 2.0227e-87 [ 6.5694e-241 4.4350e-180 5.3412e-111 2.0227e-87 ] 0.0000e+00 [ 0.0000e+00 ] 1.0000e+00
 6.324e+01 8.0913e-88 8.0913e-88 [ 1.1551e-241 1.0098e-180 1.7925e-111 8.0913e-88 ] 0.0000e+00 [ 0.0000e+00 ] 1.0000e+00
 6.335e+01 3.2319e-88 3.2319e-88 [ 2.0291e-242 2.2965e-181 6.0067e-112 3.2319e-88 ] 0.0000e+00 [ 0.0000e+00 ] 1.0000e+00
 6.347e+01 1.2890e-88 1.2890e-88 [ 3.5610e-243 5.2164e-182 2.0100e-112 1.2890e-88 ] 0.0000e+00 [ 0.0000e+00 ] 1.0000e+00
 6.358e+01 5.1338e-89 5.1338e-89 [ 6.2436e-244 1.1835e-182 6.7163e-113 5.1338e-89 ] 0.0000e+00 [ 0.0000e+00 ] 1.0000e+00
 6.369e+01 2.0416e-89 2.0416e-89 [ 1.0937e-244 2.6819e-183 2.2410e-113 2.0416e-89 ] 0.0000e+00 [ 0.0000e+00 ] 1.0000e+00
 6.381e+01 8.1072e-90 8.1072e-90 [ 1.9140e-245 6.0702e-184 7.4668e-114 8.1072e-90 ] 0.0000e+00 [ 0.0000e+00 ] 1.0000e+00
 6.392e+01 3.2147e-90 3.2147e-90 [ 3.3464e-246 1.3723e-184 2.4843e-114 3.2147e-90 ] 0.0000e+00 [ 0.0000e+00 ] 1.0000e+00
 6.403e+01 1.2728e-90 1.2728e-90 [ 5.8454e-247 3.0988e-185 8.2540e-115 1.2728e-90 ] 0.0000e+00 [ 0.0000e+00 ] 1.0000e+00
 6.415e+01 5.0324e-91 5.0324e-91 [ 1.0201e-247 6.9893e-186 2.7384e-115 5.0324e-91 ] 0.0000e+00 [ 0.0000e+00 ] 1.0000e+00
 6.426e+01 1.9868e-91 1.9868e-91 [ 1.7786e-248 1.5745e-186 9.0725e-116 1.9868e-91 ] 0.0000e+00 [ 0.0000e+00 ] 1.0000e+00
 6.437e+01 7.8326e-92 7.8326e-92 [ 3.0982e-249 3.5430e-187 3.0015e-116 7.8326e-92 ] 0.0000e+00 [ 0.0000e+00 ] 1.0000e+00
 6.449e+01 3.0834e-92 3.0834e-92 [ 5.3919e-250 7.9631e-188 9.9161e-117 3.0834e-92 ] 0.0000e+00 [ 0.0000e+00 ] 1.0000e+00
 6.460e+01 1.2121e-92 1.2121e-92 [ 9.3750e-251 1.7877e-188 3.2714e-117 1.2121e-92 ] 0.0000e+00 [ 0.0000e+00 ] 1.0000e+00
 6.471e+01 4.7578e-93 4.7578e-93 [ 1.6286e-251 4.0086e-189 1.0777e-117 4.7578e-93 ] 0.0000e+00 [ 0.0000e+00 ] 1.0000e+00
 6.483e+01 1.8649e-93 1.8649e-93 [ 2.8265e-252 8.9782e-190 3.5456e-118 1.8649e-93 ] 0.0000e+00 [ 0.0000e+00 ] 1.0000e+00
 6.494e+01 7.2994e-94 7.2994e-94 [ 4.9011e-253 2.0086e-190 1.1648e-118 7.2994e-94 ] 0.0000e+00 [ 0.0000e+00 ] 1.0000e+00
 6.505e+01 2.8530e-94 2.8530e-94 [ 8.4907e-254 4.4884e-191 3.8214e-119 2.8530e-94 ] 0.0000e+00 [ 0.0000e+00 ] 1.0000e+00
 6.517e+01 1.1135e-94 1.1135e-94 [ 1.4696e-254 1.0018e-191 1.2520e-119 1.1135e-94 ] 0.0000e+00 [ 0.0000e+00 ] 1.0000e+00
 6.528e+01 4.3397e-95 4.3397e-95 [ 2.5414e-255 2.2336e-192 4.0959e-120 4.3397e-95 ] 0.0000e+00 [ 0.0000e+00 ] 1.0000e+00
 6.539e+01 1.6890e-95 1.6890e-95 [ 4.3908e-256 4.9740e-193 1.3382e-120 1.6890e-95 ] 0.0000e+00 [ 0.0000e+00 ] 1.0000e+00
 6.551e+01 6.5639e-96 6.5639e-96 [ 7.5794e-257 1.1064e-193 4.3660e-121 6.5639e-96 ] 0.0000e+00 [ 0.0000e+00 ] 1.0000e+00
 6.562e+01 2.5474e-96 2.5474e-96 [ 1.3072e-257 2.4583e-194 1.4225e-121 2.5474e-96 ] 0.0000e+00 [ 0.0000e+00 ] 1.0000e+00
 6.573e+01 9.8721e-97 9.8721e-97 [ 2.2524e-258 5.4559e-195 4.6283e-122 9.8721e-97 ] 0.0000e+00 [ 0.0000e+00 ] 1.0000e+00
 6.585e+01 3.8205e-97 3.8205e-97 [ 3.8777e-259 1.2095e-195 1.5039e-122 3.8205e-97 ] 0.0000e+00 [ 0.0000e+00 ] 1.0000e+00
 6.596e+01 1.4764e-97 1.4764e-97 [ 6.6700e-260 2.6783e-196 4.8797e-123 1.4764e-97 ] 0.0000e+00 [ 0.0000e+00 ] 1.0000e+00
 6.607e+01 5.6977e-98 5.6977e-98 [ 1.1463e-260 5.9240e-197 1.5812e-123 5.6977e-98 ] 0.0000e+00 [ 0.0000e+00 ] 1.0000e+00
 6.619e+01 2.1957e-98 2.1957e-98 [ 1.9682e-261 1.3088e-197 5.1168e-124 2.1957e-98 ] 0.0000e+00 [ 0.0000e+00 ] 1.0000e+00
 6.630e+01 8.4498e-99 8.4498e-99 [ 3.3765e-262 2.8885e-198 1.6536e-124 8.4498e-99 ] 0.0000e+00 [ 0.0000e+00 ] 1.0000e+00
 6.641e+01 3.2472e-99 3.2472e-99 [ 5.7874e-263 6.3676e-199 5.3365e-125 3.2472e-99 ] 0.0000e+00 [ 0.0000e+00 ] 1.0000e+00
 6.653e+01 1.2462e-99 1.2462e-99 [ 9.9112e-264 1.4021e-199 1.7199e-125 1.2462e-99 ] 0.0000e+00 [ 0.0000e+00 ] 1.0000e+00
 6.664e+01 4.7757e-100 4.7757e-100 [ 1.6959e-264 3.0841e-200 5.5357e-126 4.7757e-100 ] 0.0000e+00 [ 0.0000e+00 ] 1.0000e+00
 6.675e+01 1.8276e-100 1.8276e-100 [ 2.8992e-265 6.7761e-201 1.7793e-126 1.8276e-100 ] 0.0000e+00 [ 0.0000e+00 ] 1.0000e+00
 6.687e+01 6.9847e-101 6.9847e-101 [ 4.9521e-266 1.4872e-201 5.7116e-127 6.9847e-101 ] 0.0000e+00 [ 0.0000e+00 ] 1.0000e+00
 6.698e+01 2.6656e-101 2.6656e-101 [ 8.4514e-267 3.2602e-202 1.8310e-127 2.6656e-101 ] 0.0000e+00 [ 0.0000e+00 ] 1.0000e+00
 6.709e+01 1.0159e-101 1.0159e-101 [ 1.4411e-267 7.1395e-203 5.8618e-128 1.0159e-101 ] 0.0000e+00 [ 0.0000e+00 ] 1.0000e+00
 6.721e+01 3.8665e-102 3.8665e-102 [ 2.4552e-268 1.5617e-203 1.8741e-128 3.8665e-102 ] 0.0000e+00 [ 0.0000e+00 ] 1.0000e+00
 6.732e+01 1.4696e-102 1.4696e-102 [ 4.1794e-269 3.4125e-204 5.9841e-129 1.4696e-102 ] 0.0000e+00 [ 0.0000e+00 ] 1.0000e+00
 6.743e+01 5.5777e-103 5.5777e-103 [ 7.1083e-270 7.4484e-205 1.9082e-129 5.5777e-103 ] 0.0000e+00 [ 0.0000e+00 ] 1.0000e+00
 6.755e+01 2.1141e-103 2.1141e-103 [ 1.2079e-270 1.6240e-205 6.0767e-130 2.1141e-103 ] 0.0000e+00 [ 0.0000e+00 ] 1.0000e+00
 6.766e+01 8.0023e-104 8.0023e-104 [ 2.0510e-271 3.5369e-206 1.9326e-130 8.0023e-104 ] 0.0000e+00 [ 0.0000e+00 ] 1.0000e+00
 6.777e+01 3.0249e-104 3.0249e-104 [ 3.4795e-272 7.6949e-207 6.1384e-131 3.0249e-104 ] 0.0000e+00 [ 0.0000e+00 ] 1.0000e+00
 6.789e+01 1.1419e-104 1.1419e-104 [ 5.8980e-273 1.6723e-207 1.9471e-131 1.1419e-104 ] 0.0000e+00 [ 0.0000e+00 ] 1.0000e+00
 6.800e+01 4.3045e-105 4.3045e-105 [ 9.9890e-274 3.6303e-208 6.1684e-132 4.3045e-105 ] 0.0000e+00 [ 0.0000e+00 ] 1.0000e+00
 6.811e+01 1.6205e-105 1.6205e-105 [ 1.6904e-274 7.8725e-209 1.9515e-132 1.6205e-105 ] 0.0000e+00 [ 0.0000e+00 ] 1.0000e+00
 6.823e+01 6.0924e-106 6.0924e-106 [ 2.8581e-275 1.7054e-209 6.1663e-133 6.0924e-106 ] 0.0000e+00 [ 0.0000e+00 ] 1.0000e+00
 6.834e+01 2.2874e-106 2.2874e-106 [ 4.8257e-276 3.6903e-210 1.9458e-133 2.2874e-106 ] 0.0000e+00 [ 0.0000e+00 ] 1.0000e+00
 6.845e+01 8.5764e-107 8.5764e-107 [ 8.1336e-277 7.9768e-211 6.1323e-134 8.5764e-107 ] 0.0000e+00 [ 0.0000e+00 ] 1.0000e+00
 6.857e+01 3.2114e-107 3.2114e-107 [ 1.3684e-277 1.7224e-211 1.9301e-134 3.2114e-107 ] 0.0000e+00 [ 0.0000e+00 ] 1.0000e+00
 6.868e+01 1.2009e-107 1.2009e-107 [ 2.1332e-278 3.7153e-212 6.0672e-135 1.2009e-107 ] 0.0000e+00 [ 0.0000e+00 ] 1.0000e+00
 6.879e+01 4.4845e-108 4.4845e-108 [ 3.7498e-279 8.0054e-213 1.9047e-135 4.4845e-108 ] 0.0000e+00 [ 0.0000e+00 ] 1.0000e+00
 6.891e+01 1.6724e-108 1.6724e-108 [ 1.6347e-280 1.7231e-213 5.9720e-136 1.6724e-108 ] 0.0000e+00 [ 0.0000e+00 ] 1.0000e+00
 6.902e+01 6.2289e-109 6.2289e-109 [ 0.0000e+00 3.7050e-214 1.8701e-136 6.2289e-109 ] 0.0000e+00 [ 0.0000e+00 ] 1.0000e+00
 6.913e+01 2.3168e-109 2.3168e-109 [ 0.0000e+00 7.9579e-215 5.8484e-137 2.3168e-109 ] 0.0000e+00 [ 0.0000e+00 ] 1.0000e+00
 6.925e+01 8.6060e-110 8.6060e-110 [ 0.0000e+00 1.7075e-215 1.8267e-137 8.6060e-110 ] 0.0000e+00 [ 0.0000e+00 ] 1.0000e+00
 6.936e+01 3.1925e-110 3.1925e-110 [ 0.0000e+00 3.6598e-216 5.6982e-138 3.1925e-110 ] 0.0000e+00 [ 0.0000e+00 ] 1.0000e+00
 6.947e+01 1.1827e-110 1.1827e-110 [ 0.0000e+00 7.8363e-217 1.7753e-138 1.1827e-110 ] 0.0000e+00 [ 0.0000e+00 ] 1.0000e+00
 6.959e+01 4.3760e-111 4.3760e-111 [ 0.0000e+00 1.6761e-217 5.5239e-139 4.3760e-111 ] 0.0000e+00 [ 0.0000e+00 ] 1.0000e+00
 6.970e+01 1.6169e-111 1.6169e-111 [ 0.0000e+00 3.5814e-218 1.7166e-139 1.6169e-111 ] 0.0000e+00 [ 0.0000e+00 ] 1.0000e+00
 6.981e+01 5.9665e-112 5.9665e-112 [ 0.0000e+00 7.6444e-219 5.3280e-140 5.9665e-112 ] 0.0000e+00 [ 0.0000e+00 ] 1.0000e+00
 6.993e+01 2.1988e-112 2.1988e-112 [ 0.0000e+00 1.6300e-219 1.6516e-140 2.1988e-112 ] 0.0000e+00 [ 0.0000e+00 ] 1.0000e+00
 7.004e+01 8.0926e-113 8.0926e-113 [ 0.0000e+00 3.4720e-220 5.1133e-141 8.0926e-113 ] 0.0000e+00 [ 0.0000e+00 ] 1.0000e+00
 7.015e+01 2.9745e-113 2.9745e-113 [ 0.0000e+00 7.3881e-221 1.5811e-141 2.9745e-113 ] 0.0000e+00 [ 0.0000e+00 ] 1.0000e+00
 7.027e+01 1.0919e-113 1.0919e-113 [ 0.0000e+00 1.5705e-221 4.8829e-142 1.0919e-113 ] 0.0000e+00 [ 0.0000e+00 ] 1.0000e+00
 7.038e+01 4.0030e-114 4.0030e-114 [ 0.0000e+00 3.3350e-222 1.5061e-142 4.0030e-114 ] 0.0000e+00 [ 0.0000e+00 ] 1.0000e+00
 7.049e+01 1.4656e-114 1.4656e-114 [ 0.0000e+00 7.0747e-223 4.6397e-143 1.4656e-114 ] 0.0000e+00 [ 0.0000e+00 ] 1.0000e+00
 7.061e+01 5.3590e-115 5.3590e-115 [ 0.0000e+00 1.4993e-223 1.4276e-143 5.3590e-115 ] 0.0000e+00 [ 0.0000e+00 ] 1.0000e+00
 7.072e+01 1.9570e-115 1.9570e-115 [ 0.0000e+00 3.1740e-224 4.3869e-144 1.9570e-115 ] 0.0000e+00 [ 0.0000e+00 ] 1.0000e+00
 7.083e+01 7.1374e-116 7.1374e-116 [ 0.0000e+00 6.7126e-225 1.3464e-144 7.1374e-116 ] 0.0000e+00 [ 0.0000e+00 ] 1.0000e+00
 7.095e+01 2.5997e-116 2.5997e-116 [ 0.0000e+00 1.4182e-225 4.1275e-145 2.5997e-116 ] 0.0000e+00 [ 0.0000e+00 ] 1.0000e+00
 7.106e+01 9.4569e-117 9.4569e-117 [ 0.0000e+00 2.9933e-226 1.2637e-145 9.4569e-117 ] 0.0000e+00 [ 0.0000e+00 ] 1.0000e+00
 7.117e+01 3.4357e-117 3.4357e-117 [ 0.0000e+00 6.3113e-227 3.8644e-146 3.4357e-117 ] 0.0000e+00 [ 0.0000e+00 ] 1.0000e+00
 7.129e+01 1.2466e-117 1.2466e-117 [ 0.0000e+00 1.3294e-227 1.1803e-146 1.2466e-117 ] 0.0000e+00 [ 0.0000e+00 ] 1.0000e+00
 7.140e+01 4.5173e-118 4.5173e-118 [ 0.0000e+00 2.7974e-228 3.6005e-147 4.5173e-118 ] 0.0000e+00 [ 0.0000e+00 ] 1.0000e+00
 7.151e+01 1.6348e-118 1.6348e-118 [ 0.0000e+00 5.8805e-229 1.0970e-147 1.6348e-118 ] 0.0000e+00 [ 0.0000e+00 ] 1.0000e+00
 7.163e+01 5.9090e-119 5.9090e-119 [ 0.0000e+00 1.2349e-229 3.3384e-148 5.9090e-119 ] 0.0000e+00 [ 0.0000e+00 ] 1.0000e+00
 7.174e+01 2.1331e-119 2.1331e-119 [ 0.0000e+00 2.5908e-230 1.0147e-148 2.1331e-119 ] 0.0000e+00 [ 0.0000e+00 ] 1.0000e+00
 7.185e+01 7.6903e-120 7.6903e-120 [ 0.0000e+00 5.4300e-231 3.0804e-149 7.6903e-120 ] 0.0000e+00 [ 0.0000e+00 ] 1.0000e+00
 7.197e+01 2.7690e-120 2.7690e-120 [ 0.0000e+00 1.1369e-231 9.3402e-150 2.7690e-120 ] 0.0000e+00 [ 0.0000e+00 ] 1.0000e+00
 7.208e+01 9.9579e-121 9.9579e-121 [ 0.0000e+00 2.3781e-232 2.8287e-150 9.9579e-121 ] 0.0000e+00 [ 0.0000e+00 ] 1.0000e+00
 7.219e+01 3.5765e-121 3.5765e-121 [ 0.0000e+00 4.9695e-233 8.5564e-151 3.5765e-121 ] 0.0000e+00 [ 0.0000e+00 ] 1.0000e+00
 7.231e+01 1.2829e-121 1.2829e-121 [ 0.0000e+00 1.0374e-233 2.5851e-151 1.2829e-121 ] 0.0000e+00 [ 0.0000e+00 ] 1.0000e+00
 7.242e+01 4.5961e-122 4.5961e-122 [ 0.0000e+00 2.1636e-234 7.8010e-152 4.5961e-122 ] 0.0000e+00 [ 0.0000e+00 ] 1.0000e+00
 7.253e+01 1.6445e-122 1.6445e-122 [ 0.0000e+00 4.5078e-235 2.3513e-152 1.6445e-122 ] 0.0000e+00 [ 0.0000e+00 ] 1.0000e+00
 7.265e+01 5.8767e-123 5.8767e-123 [ 0.0000e+00 9.3827e-236 7.0786e-153 5.8767e-123 ] 0.0000e+00 [ 0.0000e+00 ] 1.0000e+00
 7.276e+01 2.0974e-123 2.0974e-123 [ 0.0000e+00 1.9510e-236 2.1285e-153 2.0974e-123 ] 0.0000e+00 [ 0.0000e+00 ] 1.0000e+00
 7.287e+01 7.4766e-124 7.4766e-124 [ 0.0000e+00 4.0530e-237 6.3926e-154 7.4766e-124 ] 0.0000e+00 [ 0.0000e+00 ] 1.0000e+00
 7.299e+01 2.6618e-124 2.6618e-124 [ 0.0000e+00 8.4114e-238 1.9177e-154 2.6618e-124 ] 0.0000e+00 [ 0.0000e+00 ] 1.0000e+00
 7.310e+01 9.4648e-125 9.4648e-125 [ 0.0000e+00 1.7439e-238 5.7460e-155 9.4648e-125 ] 0.0000e+00 [ 0.0000e+00 ] 1.0000e+00
 7.321e+01 3.3613e-125 3.3613e-125 [ 0.0000e+00 3.6122e-239 1.7196e-155 3.3613e-125 ] 0.0000e+00 [ 0.0000e+00 ] 1.0000e+00
 7.333e+01 1.1922e-125 1.1922e-125 [ 0.0000e+00 7.4745e-240 5.1405e-156 1.1922e-125 ] 0.0000e+00 [ 0.0000e+00 ] 1.0000e+00
 7.344e+01 4.2235e-126 4.2235e-126 [ 0.0000e+00 1.5452e-240 1.5349e-156 4.2235e-126 ] 0.0000e+00 [ 0.0000e+00 ] 1.0000e+00
 7.355e+01 1.4943e-126 1.4943e-126 [ 0.0000e+00 3.1910e-241 4.5774e-157 1.4943e-126 ] 0.0000e+00 [ 0.0000e+00 ] 1.0000e+00
 7.367e+01 5.2807e-127 5.2807e-127 [ 0.0000e+00 6.5837e-242 1.3635e-157 5.2807e-127 ] 0.0000e+00 [ 0.0000e+00 ] 1.0000e+00
 7.378e+01 1.8638e-127 1.8638e-127 [ 0.0000e+00 1.3570e-242 4.0570e-158 1.8638e-127 ] 0.0000e+00 [ 0.0000e+00 ] 1.0000e+00
 7.389e+01 6.5701e-128 6.5701e-128 [ 0.0000e+00 2.7941e-243 1.2057e-158 6.5701e-128 ] 0.0000e+00 [ 0.0000e+00 ] 1.0000e+00
 7.401e+01 2.3132e-128 2.3132e-128 [ 0.0000e+00 5.7476e-244 3.5791e-159 2.3132e-128 ] 0.0000e+00 [ 0.0000e+00 ] 1.0000e+00
 7.412e+01 8.1344e-129 8.1344e-129 [ 0.0000e+00 1.1811e-244 1.0612e-159 8.1344e-129 ] 0.0000e+00 [ 0.0000e+00 ] 1.0000e+00
 7.423e+01 2.8570e-129 2.8570e-129 [ 0.0000e+00 2.4246e-245 3.1430e-160 2.8570e-129 ] 0.0000e+00 [ 0.0000e+00 ] 1.0000e+00
 7.435e+01 1.0022e-129 1.0022e-129 [ 0.0000e+00 4.9723e-246 9.2978e-161 1.0022e-129 ] 0.0000e+00 [ 0.0000e+00 ] 1.0000e+00
 7.446e+01 3.5114e-130 3.5114e-130 [ 0.0000e+00 1.0186e-246 2.7474e-161 3.5114e-130 ] 0.0000e+00 [ 0.0000e+00 ] 1.0000e+00
 7.457e+01 1.2288e-130 1.2288e-130 [ 0.0000e+00 2.0846e-247 8.1087e-162 1.2288e-130 ] 0.0000e+00 [ 0.0000e+00 ] 1.0000e+00
 7.469e+01 4.2947e-131 4.2947e-131 [ 0.0000e+00 4.2616e-248 2.3905e-162 4.2947e-131 ] 0.0000e+00 [ 0.0000e+00 ] 1.0000e+00
 7.480e+01 1.4992e-131 1.4992e-131 [ 0.0000e+00 8.7024e-249 7.0395e-163 1.4992e-131 ] 0.0000e+00 [ 0.0000e+00 ] 1.0000e+00
 7.491e+01 5.2274e-132 5.2274e-132 [ 0.0000e+00 1.7751e-249 2.0706e-163 5.2274e-132 ] 0.0000e+00 [ 0.0000e+00 ] 1.0000e+00
 7.503e+01 1.8205e-132 1.8205e-132 [ 0.0000e+00 3.6166e-250 6.0834e-164 1.8205e-132 ] 0.0000e+00 [ 0.0000e+00 ] 1.0000e+00
 7.514e+01 6.3321e-133 6.3321e-133 [ 0.0000e+00 7.3600e-251 1.7853e-164 6.3321e-133 ] 0.0000e+00 [ 0.0000e+00 ] 1.0000e+00
 7.525e+01 2.1999e-133 2.1999e-133 [ 0.0000e+00 1.4960e-251 5.2333e-165 2.1999e-133 ] 0.0000e+00 [ 0.0000e+00 ] 1.0000e+00
 7.537e+01 7.6334e-134 7.6334e-134 [ 0.0000e+00 3.0369e-252 1.5323e-165 7.6334e-134 ] 0.0000e+00 [ 0.0000e+00 ] 1.0000e+00
 7.548e+01 2.6456e-134 2.6456e-134 [ 0.0000e+00 6.1571e-253 4.4816e-166 2.6456e-134 ] 0.0000e+00 [ 0.0000e+00 ] 1.0000e+00
 7.559e+01 9.1583e-135 9.1583e-135 [ 0.0000e+00 1.2466e-253 1.3093e-166 9.1583e-135 ] 0.0000e+00 [ 0.0000e+00 ] 1.0000e+00
 7.571e+01 3.1665e-135 3.1665e-135 [ 0.0000e+00 2.5205e-254 3.8204e-167 3.1665e-135 ] 0.0000e+00 [ 0.0000e+00 ] 1.0000e+00
 7.582e+01 1.0935e-135 1.0935e-135 [ 0.0000e+00 5.0888e-255 1.1135e-167 1.0935e-135 ] 0.0000e+00 [ 0.0000e+00 ] 1.0000e+00
 7.593e+01 3.7720e-136 3.7720e-136 [ 0.0000e+00 1.0258e-255 3.2418e-168 3.7720e-136 ] 0.0000e+00 [ 0.0000e+00 ] 1.0000e+00
 7.605e+01 1.2995e-136 1.2995e-136 [ 0.0000e+00 2.0646e-256 9.4268e-169 1.2995e-136 ] 0.0000e+00 [ 0.0000e+00 ] 1.0000e+00
 7.616e+01 4.4719e-137 4.4719e-137 [ 0.0000e+00 4.1484e-257 2.7379e-169 4.4719e-137 ] 0.0000e+00 [ 0.0000e+00 ] 1.0000e+00
 7.627e+01 1.5371e-137 1.5371e-137 [ 0.0000e+00 8.3206e-258 7.9422e-170 1.5371e-137 ] 0.0000e+00 [ 0.0000e+00 ] 1.0000e+00
 7.639e+01 5.2768e-138 5.2768e-138 [ 0.0000e+00 1.6658e-258 2.3010e-170 5.2768e-138 ] 0.0000e+00 [ 0.0000e+00 ] 1.0000e+00
 7.650e+01 1.8094e-138 1.8094e-138 [ 0.0000e+00 3.3283e-259 6.6576e-171 1.8094e-138 ] 0.0000e+00 [ 0.0000e+00 ] 1.0000e+00
 7.661e+01 6.1973e-139 6.1973e-139 [ 0.0000e+00 6.6365e-260 1.9237e-171 6.1973e-139 ] 0.0000e+00 [ 0.0000e+00 ] 1.0000e+00
 7.673e+01 2.1201e-139 2.1201e-139 [ 0.0000e+00 1.3204e-260 5.5502e-172 2.1201e-139 ] 0.0000e+00 [ 0.0000e+00 ] 1.0000e+00
 7.684e+01 7.2442e-140 7.2442e-140 [ 0.0000e+00 2.6208e-261 1.5989e-172 7.2442e-140 ] 0.0000e+00 [ 0.0000e+00 ] 1.0000e+00
 7.695e+01 2.4724e-140 2.4724e-140 [ 0.0000e+00 5.1891e-262 4.5984e-173 2.4724e-140 ] 0.0000e+00 [ 0.0000e+00 ] 1.0000e+00
 7.707e+01 8.4286e-141 8.4286e-141 [ 0.0000e+00 1.0247e-262 1.3201e-173 8.4286e-141 ] 0.0000e+00 [ 0.0000e+00 ] 1.0000e+00
 7.718e+01 2.8700e-141 2.8700e-141 [ 0.0000e+00 2.0179e-263 3.7822e-174 2.8700e-141 ] 0.0000e+00 [ 0.0000e+00 ] 1.0000e+00
 7.729e+01 9.7610e-142 9.7610e-142 [ 0.0000e+00 3.9619e-264 1.0813e-174 9.7610e-142 ] 0.0000e+00 [ 0.0000e+00 ] 1.0000e+00
 7.741e+01 3.3160e-142 3.3160e-142 [ 0.0000e+00 7.7536e-265 3.0835e-175 3.3160e-142 ] 0.0000e+00 [ 0.0000e+00 ] 1.0000e+00
 7.752e+01 1.1252e-142 1.1252e-142 [ 0.0000e+00 1.5122e-265 8.7696e-176 1.1252e-142 ] 0.0000e+00 [ 0.0000e+00 ] 1.0000e+00
 7.763e+01 3.8135e-143 3.8135e-143 [ 0.0000e+00 2.9385e-266 2.4864e-176 3.8135e-143 ] 0.0000e+00 [ 0.0000e+00 ] 1.0000e+00
 7.775e+01 1.2910e-143 1.2910e-143 [ 0.0000e+00 5.6871e-267 7.0254e-177 1.2910e-143 ] 0.0000e+00 [ 0.0000e+00 ] 1.0000e+00
 7.786e+01 4.3656e-144 4.3656e-144 [ 0.0000e+00 1.0960e-267 1.9773e-177 4.3656e-144 ] 0.0000e+00 [ 0.0000e+00 ] 1.0000e+00
 7.797e+01 1.4745e-144 1.4745e-144 [ 0.0000e+00 2.1022e-268 5.5404e-178 1.4745e-144 ] 0.0000e+00 [ 0.0000e+00 ] 1.0000e+00
 7.809e+01 4.9747e-145 4.9747e-145 [ 0.0000e+00 4.0118e-269 1.5447e-178 4.9747e-145 ] 0.0000e+00 [ 0.0000e+00 ] 1.0000e+00
 7.820e+01 1.6764e-145 1.6764e-145 [ 0.0000e+00 7.6132e-270 4.2824e-179 1.6764e-145 ] 0.0000e+00 [ 0.0000e+00 ] 1.0000e+00
 7.831e+01 5.6429e-146 5.6429e-146 [ 0.0000e+00 1.4359e-270 1.1796e-179 5.6429e-146 ] 0.0000e+00 [ 0.0000e+00 ] 1.0000e+00
 7.843e+01 1.8972e-146 1.8972e-146 [ 0.0000e+00 2.6894e-271 3.2254e-180 1.8972e-146 ] 0.0000e+00 [ 0.0000e+00 ] 1.0000e+00
 7.854e+01 6.3717e-147 6.3717e-147 [ 0.0000e+00 4.9985e-272 8.7454e-181 6.3717e-147 ] 0.0000e+00 [ 0.0000e+00 ] 1.0000e+00
 7.865e+01 2.1374e-147 2.1374e-147 [ 0.0000e+00 9.2084e-273 2.3484e-181 2.1374e-147 ] 0.0000e+00 [ 0.0000e+00 ] 1.0000e+00
 7.877e+01 7.1618e-148 7.1618e-148 [ 0.0000e+00 1.6792e-273 6.2357e-182 7.1618e-148 ] 0.0000e+00 [ 0.0000e+00 ] 1.0000e+00
 7.888e+01 2.3970e-148 2.3970e-148 [ 0.0000e+00 3.0256e-274 1.6340e-182 2.3970e-148 ] 0.0000e+00 [ 0.0000e+00 ] 1.0000e+00
 7.899e+01 8.0129e-149 8.0129e-149 [ 0.0000e+00 5.3736e-275 4.2146e-183 8.0129e-149 ] 0.0000e+00 [ 0.0000e+00 ] 1.0000e+00
 7.911e+01 2.6752e-149 2.6752e-149 [ 0.0000e+00 9.3758e-276 1.0662e-183 2.6752e-149 ] 0.0000e+00 [ 0.0000e+00 ] 1.0000e+00
 7.922e+01 8.9168e-150 8.9168e-150 [ 0.0000e+00 1.5991e-276 2.6325e-184 8.9168e-150 ] 0.0000e+00 [ 0.0000e+00 ] 1.0000e+00
 7.933e+01 2.9643e-150 2.9643e-150 [ 0.0000e+00 2.6460e-277 6.2941e-185 2.9643e-150 ] 0.0000e+00 [ 0.0000e+00 ] 1.0000e+00
 7.945e+01 9.7983e-151 9.7983e-151 [ 0.0000e+00 4.1887e-278 1.4387e-185 9.7983e-151 ] 0.0000e+00 [ 0.0000e+00 ] 1.0000e+00
 7.956e+01 3.1873e-151 3.1873e-151 [ 0.0000e+00 6.1819e-279 3.0691e-186 3.1873e-151 ] 0.0000e+00 [ 0.0000e+00 ] 1.0000e+00
 7.967e+01 9.8148e-152 9.8148e-152 [ 0.0000e+00 7.7920e-280 5.7642e-187 9.8148e-152 ] 0.0000e+00 [ 0.0000e+00 ] 1.0000e+00
 7.979e+01 2.3422e-152 2.3422e-152 [ 0.0000e+00 6.7851e-281 7.5384e-188 2.3422e-152 ] 0.0000e+00 [ 0.0000e+00 ] 1.0000e+00
 7.990e+01 0.0000e+00 0.0000e+00 [ 0.0000e+00 0.0000e+00 0.0000e+00 0.0000e+00 ] 0.0000e+00 [ 0.0000e+00 ] 1.0000e+00
