 0.000e+00 0.0000e+00 0.0000e+00 [ 0.0000e+00 0.0000e+00 0.0000e+00 0.0000e+00 ] 1.0000e+00
 1.133e-01 5.0691e-02 5.0691e-02 [ 4.8061e-02 7.0650e-04 1.2304e-03 6.9347e-04 ] 9.4931e-01
 2.267e-01 1.0309e-01 1.0309e-01 [ 9.2658e-02 2.8236e-03 4.9001e-03 2.7089e-03 ] 8.9691e-01
 3.400e-01 1.5903e-01 1.5903e-01 [ 1.3586e-01 6.3279e-03 1.0919e-02 5.9211e-03 ] 8.4097e-01
 4.533e-01 2.1907e-01 2.1907e-01 [ 1.7867e-01 1.1150e-02 1.9094e-02 1.0158e-02 ] 7.8093e-01
 5.667e-01 2.8290e-01 2.8290e-01 [ 2.2145e-01 1.7153e-02 2.9103e-02 1.5195e-02 ] 7.1710e-01
 6.800e-01 3.4925e-01 3.4925e-01 [ 2.6387e-01 2.4124e-02 4.0494e-02 2.0759e-02 ] 6.5075e-01
 7.933e-01 4.1612e-01 4.1612e-01 [ 3.0509e-01 3.1776e-02 5.2701e-02 2.6545e-02 ] 5.8388e-01
 9.067e-01 4.8100e-01 4.8100e-01 [ 3.4388e-01 3.9767e-02 6.5103e-02 3.2246e-02 ] 5.1900e-01
 1.020e+00 5.4135e-01 5.4135e-01 [ 3.7891e-01 4.7748e-02 7.7098e-02 3.7587e-02 ] 4.5865e-01
 1.133e+00 5.9501e-01 5.9501e-01 [ 4.0906e-01 5.5405e-02 8.8183e-02 4.2361e-02 ] 4.0499e-01
 1.247e+00 6.4058e-01 6.4058e-01 [ 4.3361e-01 6.2505e-02 9.8018e-02 4.6450e-02 ] 3.5942e-01
 1.360e+00 6.7759e-01 6.7759e-01 [ 4.5239e-01 6.8919e-02 1.0645e-01 4.9827e-02 ] 3.2241e-01
 1.473e+00 7.0639e-01 7.0639e-01 [ 4.6572e-01 7.4618e-02 1.1351e-01 5.2543e-02 ] 2.9361e-01
 1.587e+00 7.2790e-01 7.2790e-01 [ 4.7423e-01 7.9649e-02 1.1932e-01 5.4693e-02 ] 2.7211e-01
 1.700e+00 7.4333e-01 7.4333e-01 [ 4.7873e-01 8.4108e-02 1.2410e-01 5.6397e-02 ] 2.5667e-01
 1.813e+00 7.5392e-01 7.5392e-01 [ 4.7999e-01 8.8104e-02 1.2806e-01 5.7771e-02 ] 2.4608e-01
 1.927e+00 7.6079e-01 7.6079e-01 [ 4.7873e-01 9.1745e-02 1.3140e-01 5.8917e-02 ] 2.3921e-01
 2.040e+00 7.6485e-01 7.6485e-01 [ 4.7551e-01 9.5121e-02 1.3430e-01 5.9917e-02 ] 2.3515e-01
 2.153e+00 7.6681e-01 7.6681e-01 [ 4.7077e-01 9.8308e-02 1.3689e-01 6.0836e-02 ] 2.3319e-01
 2.267e+00 7.6721e-01 7.6721e-01 [ 4.6485e-01 1.0136e-01 1.3928e-01 6.1719e-02 ] 2.3279e-01
 2.380e+00 7.6643e-01 7.6643e-01 [ 4.5797e-01 1.0431e-01 1.4155e-01 6.2602e-02 ] 2.3357e-01
 2.493e+00 7.6477e-01 7.6477e-01 [ 4.5031e-01 1.0720e-01 1.4375e-01 6.3506e-02 ] 2.3523e-01
 2.607e+00 7.6240e-01 7.6240e-01 [ 4.4200e-01 1.1003e-01 1.4592e-01 6.4448e-02 ] 2.3760e-01
 2.720e+00 7.5947e-01 7.5947e-01 [ 4.3313e-01 1.1282e-01 1.4808e-01 6.5439e-02 ] 2.4053e-01
 2.833e+00 7.5608e-01 7.5608e-01 [ 4.2375e-01 1.1557e-01 1.5027e-01 6.6484e-02 ] 2.4392e-01
 2.947e+00 7.5228e-01 7.5228e-01 [ 4.1394e-01 1.1827e-01 1.5249e-01 6.7586e-02 ] 2.4772e-01
 3.060e+00 7.4813e-01 7.4813e-01 [ 4.0372e-01 1.2092e-01 1.5473e-01 6.8746e-02 ] 2.5187e-01
 3.173e+00 7.4364e-01 7.4364e-01 [ 3.9314e-01 1.2352e-01 1.5702e-01 6.9964e-02 ] 2.5636e-01
 3.287e+00 7.3885e-01 7.3885e-01 [ 3.8224e-01 1.2604e-01 1.5933e-01 7.1238e-02 ] 2.6115e-01
 3.400e+00 7.3377e-01 7.3377e-01 [ 3.7104e-01 1.2849e-01 1.6168e-01 7.2563e-02 ] 2.6623e-01
 3.513e+00 7.2839e-01 7.2839e-01 [ 3.5957e-01 1.3084e-01 1.6405e-01 7.3937e-02 ] 2.7161e-01
 3.627e+00 7.2274e-01 7.2274e-01 [ 3.4787e-01 1.3308e-01 1.6643e-01 7.5354e-02 ] 2.7726e-01
 3.740e+00 7.1681e-01 7.1681e-01 [ 3.3598e-01 1.3519e-01 1.6882e-01 7.6809e-02 ] 2.8319e-01
 3.853e+00 7.1060e-01 7.1060e-01 [ 3.2393e-01 1.3717e-01 1.7120e-01 7.8297e-02 ] 2.8940e-01
 3.967e+00 7.0413e-01 7.0413e-01 [ 3.1175e-01 1.3900e-01 1.7357e-01 7.9810e-02 ] 2.9587e-01
 4.080e+00 6.9739e-01 6.9739e-01 [ 2.9948e-01 1.4066e-01 1.7591e-01 8.1342e-02 ] 3.0261e-01
 4.193e+00 6.9038e-01 6.9038e-01 [ 2.8715e-01 1.4213e-01 1.7821e-01 8.2886e-02 ] 3.0961e-01
 4.307e+00 6.8313e-01 6.8313e-01 [ 2.7482e-01 1.4342e-01 1.8045e-01 8.4434e-02 ] 3.1687e-01
 4.420e+00 6.7563e-01 6.7563e-01 [ 2.6252e-01 1.4450e-01 1.8263e-01 8.5980e-02 ] 3.2437e-01
 4.533e+00 6.6789e-01 6.6789e-01 [ 2.5028e-01 1.4536e-01 1.8474e-01 8.7514e-02 ] 3.3211e-01
 4.647e+00 6.5992e-01 6.5992e-01 [ 2.3814e-01 1.4599e-01 1.8675e-01 8.9030e-02 ] 3.4008e-01
 4.760e+00 6.5174e-01 6.5174e-01 [ 2.2616e-01 1.4640e-01 1.8866e-01 9.0521e-02 ] 3.4826e-01
 4.873e+00 6.4335e-01 6.4335e-01 [ 2.1435e-01 1.4657e-01 1.9046e-01 9.1977e-02 ] 3.5665e-01
 4.987e+00 6.3479e-01 6.3479e-01 [ 2.0276e-01 1.4649e-01 1.9214e-01 9.3394e-02 ] 3.6521e-01
 5.100e+00 6.2605e-01 6.2605e-01 [ 1.9141e-01 1.4618e-01 1.9370e-01 9.4763e-02 ] 3.7395e-01
 5.213e+00 6.1717e-01 6.1717e-01 [ 1.8036e-01 1.4562e-01 1.9511e-01 9.6079e-02 ] 3.8283e-01
 5.327e+00 6.0815e-01 6.0815e-01 [ 1.6961e-01 1.4483e-01 1.9638e-01 9.7336e-02 ] 3.9185e-01
 5.440e+00 5.9903e-01 5.9903e-01 [ 1.5919e-01 1.4380e-01 1.9751e-01 9.8528e-02 ] 4.0097e-01
 5.553e+00 5.8981e-01 5.8981e-01 [ 1.4913e-01 1.4255e-01 1.9848e-01 9.9652e-02 ] 4.1019e-01
 5.667e+00 5.8052e-01 5.8052e-01 [ 1.3945e-01 1.4107e-01 1.9930e-01 1.0070e-01 ] 4.1948e-01
 5.780e+00 5.7119e-01 5.7119e-01 [ 1.3015e-01 1.3939e-01 1.9997e-01 1.0168e-01 ] 4.2881e-01
 5.893e+00 5.6183e-01 5.6183e-01 [ 1.2126e-01 1.3751e-01 2.0048e-01 1.0257e-01 ] 4.3817e-01
 6.007e+00 5.5245e-01 5.5245e-01 [ 1.1278e-01 1.3545e-01 2.0084e-01 1.0339e-01 ] 4.4755e-01
 6.120e+00 5.4309e-01 5.4309e-01 [ 1.0471e-01 1.3321e-01 2.0104e-01 1.0413e-01 ] 4.5691e-01
 6.233e+00 5.3375e-01 5.3375e-01 [ 9.7053e-02 1.3081e-01 2.0110e-01 1.0478e-01 ] 4.6625e-01
 6.347e+00 5.2445e-01 5.2445e-01 [ 8.9810e-02 1.2827e-01 2.0102e-01 1.0535e-01 ] 4.7555e-01
 6.460e+00 5.1521e-01 5.1521e-01 [ 8.2975e-02 1.2560e-01 2.0080e-01 1.0584e-01 ] 4.8479e-01
 6.573e+00 5.0604e-01 5.0604e-01 [ 7.6541e-02 1.2281e-01 2.0044e-01 1.0625e-01 ] 4.9396e-01
 6.687e+00 4.9696e-01 4.9696e-01 [ 7.0498e-02 1.1992e-01 1.9995e-01 1.0659e-01 ] 5.0304e-01
 6.800e+00 4.8796e-01 4.8796e-01 [ 6.4837e-02 1.1694e-01 1.9934e-01 1.0684e-01 ] 5.1204e-01
 6.913e+00 4.7906e-01 4.7906e-01 [ 5.9544e-02 1.1388e-01 1.9861e-01 1.0703e-01 ] 5.2094e-01
 7.027e+00 4.7028e-01 4.7028e-01 [ 5.4605e-02 1.1077e-01 1.9777e-01 1.0714e-01 ] 5.2972e-01
 7.140e+00 4.6160e-01 4.6160e-01 [ 5.0006e-02 1.0760e-01 1.9681e-01 1.0718e-01 ] 5.3840e-01
 7.253e+00 4.5304e-01 4.5304e-01 [ 4.5732e-02 1.0440e-01 1.9576e-01 1.0715e-01 ] 5.4696e-01
 7.367e+00 4.4461e-01 4.4461e-01 [ 4.1768e-02 1.0116e-01 1.9461e-01 1.0707e-01 ] 5.5539e-01
 7.480e+00 4.3629e-01 4.3629e-01 [ 3.8096e-02 9.7917e-02 1.9336e-01 1.0692e-01 ] 5.6371e-01
 7.593e+00 4.2810e-01 4.2810e-01 [ 3.4701e-02 9.4663e-02 1.9203e-01 1.0671e-01 ] 5.7190e-01
 7.707e+00 4.2003e-01 4.2003e-01 [ 3.1568e-02 9.1411e-02 1.9061e-01 1.0645e-01 ] 5.7997e-01
 7.820e+00 4.1208e-01 4.1208e-01 [ 2.8680e-02 8.8170e-02 1.8910e-01 1.0613e-01 ] 5.8792e-01
 7.933e+00 4.0426e-01 4.0426e-01 [ 2.6022e-02 8.4948e-02 1.8752e-01 1.0576e-01 ] 5.9574e-01
 8.047e+00 3.9654e-01 3.9654e-01 [ 2.3580e-02 8.1751e-02 1.8586e-01 1.0535e-01 ] 6.0346e-01
 8.160e+00 3.8895e-01 3.8895e-01 [ 2.1340e-02 7.8585e-02 1.8413e-01 1.0489e-01 ] 6.1105e-01
 8.273e+00 3.8146e-01 3.8146e-01 [ 1.9287e-02 7.5458e-02 1.8233e-01 1.0438e-01 ] 6.1854e-01
 8.387e+00 3.7408e-01 3.7408e-01 [ 1.7409e-02 7.2374e-02 1.8046e-01 1.0384e-01 ] 6.2592e-01
 8.500e+00 3.6680e-01 3.6680e-01 [ 1.5692e-02 6.9337e-02 1.7852e-01 1.0325e-01 ] 6.3320e-01
 8.613e+00 3.5962e-01 3.5962e-01 [ 1.4126e-02 6.6353e-02 1.7651e-01 1.0262e-01 ] 6.4038e-01
 8.727e+00 3.5252e-01 3.5252e-01 [ 1.2699e-02 6.3426e-02 1.7444e-01 1.0196e-01 ] 6.4748e-01
 8.840e+00 3.4552e-01 3.4552e-01 [ 1.1401e-02 6.0558e-02 1.7231e-01 1.0125e-01 ] 6.5448e-01
 8.953e+00 3.3860e-01 3.3860e-01 [ 1.0221e-02 5.7754e-02 1.7011e-01 1.0052e-01 ] 6.6140e-01
 9.067e+00 3.3176e-01 3.3176e-01 [ 9.1502e-03 5.5015e-02 1.6785e-01 9.9746e-02 ] 6.6824e-01
 9.180e+00 3.2499e-01 3.2499e-01 [ 8.1799e-03 5.2345e-02 1.6552e-01 9.8940e-02 ] 6.7501e-01
 9.293e+00 3.1828e-01 3.1828e-01 [ 7.3020e-03 4.9746e-02 1.6314e-01 9.8100e-02 ] 6.8172e-01
 9.407e+00 3.1165e-01 3.1165e-01 [ 6.5087e-03 4.7219e-02 1.6069e-01 9.7227e-02 ] 6.8835e-01
 9.520e+00 3.0507e-01 3.0507e-01 [ 5.7930e-03 4.4766e-02 1.5819e-01 9.6323e-02 ] 6.9493e-01
 9.633e+00 2.9854e-01 2.9854e-01 [ 5.1482e-03 4.2389e-02 1.5562e-01 9.5386e-02 ] 7.0146e-01
 9.747e+00 2.9208e-01 2.9208e-01 [ 4.5682e-03 4.0089e-02 1.5300e-01 9.4417e-02 ] 7.0792e-01
 9.860e+00 2.8566e-01 2.8566e-01 [ 4.0473e-03 3.7866e-02 1.5033e-01 9.3417e-02 ] 7.1434e-01
 9.973e+00 2.7928e-01 2.7928e-01 [ 3.5802e-03 3.5721e-02 1.4760e-01 9.2386e-02 ] 7.2072e-01
 1.009e+01 2.7295e-01 2.7295e-01 [ 3.1619e-03 3.3655e-02 1.4481e-01 9.1324e-02 ] 7.2705e-01
 1.020e+01 2.6667e-01 2.6667e-01 [ 2.7881e-03 3.1667e-02 1.4198e-01 9.0232e-02 ] 7.3333e-01
 1.031e+01 2.6042e-01 2.6042e-01 [ 2.4545e-03 2.9758e-02 1.3910e-01 8.9110e-02 ] 7.3958e-01
 1.043e+01 2.5422e-01 2.5422e-01 [ 2.1572e-03 2.7927e-02 1.3617e-01 8.7958e-02 ] 7.4578e-01
 1.054e+01 2.4805e-01 2.4805e-01 [ 1.8929e-03 2.6174e-02 1.3321e-01 8.6777e-02 ] 7.5195e-01
 1.065e+01 2.4192e-01 2.4192e-01 [ 1.6582e-03 2.4498e-02 1.3020e-01 8.5568e-02 ] 7.5808e-01
 1.077e+01 2.3583e-01 2.3583e-01 [ 1.4501e-03 2.2898e-02 1.2715e-01 8.4330e-02 ] 7.6417e-01
 1.088e+01 2.2978e-01 2.2978e-01 [ 1.2661e-03 2.1374e-02 1.2408e-01 8.3066e-02 ] 7.7022e-01
 1.099e+01 2.2377e-01 2.2377e-01 [ 1.1035e-03 1.9923e-02 1.2097e-01 8.1774e-02 ] 7.7623e-01
 1.111e+01 2.1780e-01 2.1780e-01 [ 9.6014e-04 1.8545e-02 1.1784e-01 8.0457e-02 ] 7.8220e-01
 1.122e+01 2.1187e-01 2.1187e-01 [ 8.3400e-04 1.7239e-02 1.1469e-01 7.9116e-02 ] 7.8813e-01
 1.133e+01 2.0599e-01 2.0599e-01 [ 7.2318e-04 1.6002e-02 1.1152e-01 7.7751e-02 ] 7.9401e-01
 1.145e+01 2.0016e-01 2.0016e-01 [ 6.2602e-04 1.4832e-02 1.0834e-01 7.6363e-02 ] 7.9984e-01
 1.156e+01 1.9437e-01 1.9437e-01 [ 5.4097e-04 1.3729e-02 1.0515e-01 7.4954e-02 ] 8.0563e-01
 1.167e+01 1.8864e-01 1.8864e-01 [ 4.6667e-04 1.2690e-02 1.0196e-01 7.3526e-02 ] 8.1136e-01
 1.179e+01 1.8296e-01 1.8296e-01 [ 4.0188e-04 1.1712e-02 9.8768e-02 7.2079e-02 ] 8.1704e-01
 1.190e+01 1.7734e-01 1.7734e-01 [ 3.4549e-04 1.0794e-02 9.5586e-02 7.0615e-02 ] 8.2266e-01
 1.201e+01 1.7178e-01 1.7178e-01 [ 2.9650e-04 9.9339e-03 9.2417e-02 6.9137e-02 ] 8.2822e-01
 1.213e+01 1.6629e-01 1.6629e-01 [ 2.5401e-04 9.1289e-03 8.9264e-02 6.7645e-02 ] 8.3371e-01
 1.224e+01 1.6087e-01 1.6087e-01 [ 2.1724e-04 8.3770e-03 8.6134e-02 6.6141e-02 ] 8.3913e-01
 1.235e+01 1.5552e-01 1.5552e-01 [ 1.8547e-04 7.6758e-03 8.3029e-02 6.4627e-02 ] 8.4448e-01
 1.247e+01 1.5024e-01 1.5024e-01 [ 1.5808e-04 7.0230e-03 7.9956e-02 6.3105e-02 ] 8.4976e-01
 1.258e+01 1.4505e-01 1.4505e-01 [ 1.3450e-04 6.4164e-03 7.6919e-02 6.1577e-02 ] 8.5495e-01
 1.269e+01 1.3993e-01 1.3993e-01 [ 1.1425e-04 5.8536e-03 7.3921e-02 6.0045e-02 ] 8.6007e-01
 1.281e+01 1.3491e-01 1.3491e-01 [ 9.6875e-05 5.3323e-03 7.0968e-02 5.8511e-02 ] 8.6509e-01
 1.292e+01 1.2997e-01 1.2997e-01 [ 8.2007e-05 4.8504e-03 6.8062e-02 5.6976e-02 ] 8.7003e-01
 1.303e+01 1.2513e-01 1.2513e-01 [ 6.9304e-05 4.4056e-03 6.5208e-02 5.5443e-02 ] 8.7487e-01
 1.315e+01 1.2038e-01 1.2038e-01 [ 5.8470e-05 3.9957e-03 6.2410e-02 5.3914e-02 ] 8.7962e-01
 1.326e+01 1.1573e-01 1.1573e-01 [ 4.9247e-05 3.6186e-03 5.9670e-02 5.2390e-02 ] 8.8427e-01
 1.337e+01 1.1118e-01 1.1118e-01 [ 4.1411e-05 3.2724e-03 5.6992e-02 5.0873e-02 ] 8.8882e-01
 1.349e+01 1.0673e-01 1.0673e-01 [ 3.4763e-05 2.9549e-03 5.4377e-02 4.9365e-02 ] 8.9327e-01
 1.360e+01 1.0239e-01 1.0239e-01 [ 2.9135e-05 2.6644e-03 5.1829e-02 4.7868e-02 ] 8.9761e-01
 1.371e+01 9.8156e-02 9.8156e-02 [ 2.4378e-05 2.3990e-03 4.9350e-02 4.6383e-02 ] 9.0184e-01
 1.383e+01 9.4030e-02 9.4030e-02 [ 2.0365e-05 2.1568e-03 4.6940e-02 4.4913e-02 ] 9.0597e-01
 1.394e+01 9.0014e-02 9.0014e-02 [ 1.6984e-05 1.9363e-03 4.4603e-02 4.3458e-02 ] 9.0999e-01
 1.405e+01 8.6109e-02 8.6109e-02 [ 1.4142e-05 1.7358e-03 4.2339e-02 4.2021e-02 ] 9.1389e-01
 1.417e+01 8.2316e-02 8.2316e-02 [ 1.1757e-05 1.5538e-03 4.0148e-02 4.0602e-02 ] 9.1768e-01
 1.428e+01 7.8634e-02 7.8634e-02 [ 9.7581e-06 1.3889e-03 3.8032e-02 3.9204e-02 ] 9.2137e-01
 1.439e+01 7.5065e-02 7.5065e-02 [ 8.0864e-06 1.2397e-03 3.5991e-02 3.7826e-02 ] 9.2493e-01
 1.451e+01 7.1608e-02 7.1608e-02 [ 6.6904e-06 1.1050e-03 3.4025e-02 3.6471e-02 ] 9.2839e-01
 1.462e+01 6.8263e-02 6.8263e-02 [ 5.5267e-06 9.8346e-04 3.2135e-02 3.5140e-02 ] 9.3174e-01
 1.473e+01 6.5030e-02 6.5030e-02 [ 4.5583e-06 8.7406e-04 3.0319e-02 3.3833e-02 ] 9.3497e-01
 1.485e+01 6.1907e-02 6.1907e-02 [ 3.7537e-06 7.7572e-04 2.8577e-02 3.2551e-02 ] 9.3809e-01
 1.496e+01 5.8895e-02 5.8895e-02 [ 3.0863e-06 6.8747e-04 2.6908e-02 3.1296e-02 ] 9.4111e-01
 1.507e+01 5.5991e-02 5.5991e-02 [ 2.5336e-06 6.0839e-04 2.5312e-02 3.0068e-02 ] 9.4401e-01
 1.519e+01 5.3194e-02 5.3194e-02 [ 2.0767e-06 5.3765e-04 2.3787e-02 2.8867e-02 ] 9.4681e-01
 1.530e+01 5.0503e-02 5.0503e-02 [ 1.6996e-06 4.7447e-04 2.2332e-02 2.7695e-02 ] 9.4950e-01
 1.541e+01 4.7916e-02 4.7916e-02 [ 1.3888e-06 4.1812e-04 2.0945e-02 2.6552e-02 ] 9.5208e-01
 1.553e+01 4.5432e-02 4.5432e-02 [ 1.1331e-06 3.6795e-04 1.9626e-02 2.5437e-02 ] 9.5457e-01
 1.564e+01 4.3048e-02 4.3048e-02 [ 9.2310e-07 3.2335e-04 1.8372e-02 2.4352e-02 ] 9.5695e-01
 1.575e+01 4.0763e-02 4.0763e-02 [ 7.5087e-07 2.8375e-04 1.7182e-02 2.3297e-02 ] 9.5924e-01
 1.587e+01 3.8573e-02 3.8573e-02 [ 6.0984e-07 2.4866e-04 1.6053e-02 2.2271e-02 ] 9.6143e-01
 1.598e+01 3.6478e-02 3.6478e-02 [ 4.9456e-07 2.1761e-04 1.4984e-02 2.1276e-02 ] 9.6352e-01
 1.609e+01 3.4474e-02 3.4474e-02 [ 4.0046e-07 1.9017e-04 1.3974e-02 2.0310e-02 ] 9.6553e-01
 1.621e+01 3.2560e-02 3.2560e-02 [ 3.2378e-07 1.6596e-04 1.3019e-02 1.9374e-02 ] 9.6744e-01
 1.632e+01 3.0732e-02 3.0732e-02 [ 2.6139e-07 1.4464e-04 1.2118e-02 1.8469e-02 ] 9.6927e-01
 1.643e+01 2.8988e-02 2.8988e-02 [ 2.1070e-07 1.2588e-04 1.1269e-02 1.7593e-02 ] 9.7101e-01
 1.655e+01 2.7326e-02 2.7326e-02 [ 1.6959e-07 1.0941e-04 1.0470e-02 1.6747e-02 ] 9.7267e-01
 1.666e+01 2.5743e-02 2.5743e-02 [ 1.3630e-07 9.4961e-05 9.7182e-03 1.5930e-02 ] 9.7426e-01
 1.677e+01 2.4236e-02 2.4236e-02 [ 1.0938e-07 8.2311e-05 9.0124e-03 1.5142e-02 ] 9.7576e-01
 1.689e+01 2.2804e-02 2.2804e-02 [ 8.7642e-08 7.1249e-05 8.3502e-03 1.4382e-02 ] 9.7720e-01
 1.700e+01 2.1442e-02 2.1442e-02 [ 7.0122e-08 6.1591e-05 7.7297e-03 1.3651e-02 ] 9.7856e-01
 1.711e+01 2.0150e-02 2.0150e-02 [ 5.6021e-08 5.3171e-05 7.1488e-03 1.2948e-02 ] 9.7985e-01
 1.723e+01 1.8924e-02 1.8924e-02 [ 4.4689e-08 4.5841e-05 6.6057e-03 1.2272e-02 ] 9.8108e-01
 1.734e+01 1.7761e-02 1.7761e-02 [ 3.5597e-08 3.9469e-05 6.0984e-03 1.1623e-02 ] 9.8224e-01
 1.745e+01 1.6660e-02 1.6660e-02 [ 2.8313e-08 3.3938e-05 5.6250e-03 1.1001e-02 ] 9.8334e-01
 1.757e+01 1.5617e-02 1.5617e-02 [ 2.2486e-08 2.9143e-05 5.1838e-03 1.0404e-02 ] 9.8438e-01
 1.768e+01 1.4631e-02 1.4631e-02 [ 1.7832e-08 2.4993e-05 4.7730e-03 9.8328e-03 ] 9.8537e-01
 1.779e+01 1.3699e-02 1.3699e-02 [ 1.4120e-08 2.1406e-05 4.3909e-03 9.2862e-03 ] 9.8630e-01
 1.791e+01 1.2818e-02 1.2818e-02 [ 1.1164e-08 1.8310e-05 4.0359e-03 8.7636e-03 ] 9.8718e-01
 1.802e+01 1.1987e-02 1.1987e-02 [ 8.8146e-09 1.5642e-05 3.7064e-03 8.2645e-03 ] 9.8801e-01
 1.813e+01 1.1202e-02 1.1202e-02 [ 6.9491e-09 1.3345e-05 3.4008e-03 7.7882e-03 ] 9.8880e-01
 1.825e+01 1.0463e-02 1.0463e-02 [ 5.4704e-09 1.1371e-05 3.1178e-03 7.3340e-03 ] 9.8954e-01
 1.836e+01 9.7669e-03 9.7669e-03 [ 4.3000e-09 9.6762e-06 2.8558e-03 6.9014e-03 ] 9.9023e-01
 1.847e+01 9.1115e-03 9.1115e-03 [ 3.3751e-09 8.2238e-06 2.6137e-03 6.4896e-03 ] 9.9089e-01
 1.859e+01 8.4950e-03 8.4950e-03 [ 2.6452e-09 6.9805e-06 2.3900e-03 6.0980e-03 ] 9.9150e-01
 1.870e+01 7.9155e-03 7.9155e-03 [ 2.0702e-09 5.9178e-06 2.1837e-03 5.7259e-03 ] 9.9208e-01
 1.881e+01 7.3712e-03 7.3712e-03 [ 1.6178e-09 5.0106e-06 1.9935e-03 5.3727e-03 ] 9.9263e-01
 1.893e+01 6.8602e-03 6.8602e-03 [ 1.2624e-09 4.2372e-06 1.8183e-03 5.0376e-03 ] 9.9314e-01
 1.904e+01 6.3808e-03 6.3808e-03 [ 9.8365e-10 3.5787e-06 1.6572e-03 4.7201e-03 ] 9.9362e-01
 1.915e+01 5.9314e-03 5.9314e-03 [ 7.6534e-10 3.0188e-06 1.5091e-03 4.4193e-03 ] 9.9407e-01
 1.927e+01 5.5104e-03 5.5104e-03 [ 5.9461e-10 2.5434e-06 1.3730e-03 4.1348e-03 ] 9.9449e-01
 1.938e+01 5.1163e-03 5.1163e-03 [ 4.6130e-10 2.1403e-06 1.2483e-03 3.8659e-03 ] 9.9488e-01
 1.949e+01 4.7475e-03 4.7475e-03 [ 3.5736e-10 1.7989e-06 1.1339e-03 3.6118e-03 ] 9.9525e-01
 1.961e+01 4.4027e-03 4.4027e-03 [ 2.7644e-10 1.5101e-06 1.0292e-03 3.3720e-03 ] 9.9560e-01
 1.972e+01 4.0806e-03 4.0806e-03 [ 2.1354e-10 1.2662e-06 9.3338e-04 3.1460e-03 ] 9.9592e-01
 1.983e+01 3.7798e-03 3.7798e-03 [ 1.6471e-10 1.0604e-06 8.4581e-04 2.9329e-03 ] 9.9622e-01
 1.995e+01 3.4991e-03 3.4991e-03 [ 1.2686e-10 8.8697e-07 7.6584e-04 2.7324e-03 ] 9.9650e-01
 2.006e+01 3.2374e-03 3.2374e-03 [ 9.7573e-11 7.4105e-07 6.9287e-04 2.5438e-03 ] 9.9676e-01
 2.017e+01 2.9935e-03 2.9935e-03 [ 7.4938e-11 6.1841e-07 6.2636e-04 2.3665e-03 ] 9.9701e-01
 2.029e+01 2.7663e-03 2.7663e-03 [ 5.7471e-11 5.1547e-07 5.6579e-04 2.2000e-03 ] 9.9723e-01
 2.040e+01 2.5549e-03 2.5549e-03 [ 4.4013e-11 4.2917e-07 5.1067e-04 2.0438e-03 ] 9.9745e-01
 2.051e+01 2.3583e-03 2.3583e-03 [ 3.3658e-11 3.5690e-07 4.6056e-04 1.8974e-03 ] 9.9764e-01
 2.063e+01 2.1755e-03 2.1755e-03 [ 2.5702e-11 2.9647e-07 4.1504e-04 1.7602e-03 ] 9.9782e-01
 2.074e+01 2.0058e-03 2.0058e-03 [ 1.9600e-11 2.4599e-07 3.7373e-04 1.6318e-03 ] 9.9799e-01
 2.085e+01 1.8482e-03 1.8482e-03 [ 1.4925e-11 2.0387e-07 3.3627e-04 1.5117e-03 ] 9.9815e-01
 2.097e+01 1.7020e-03 1.7020e-03 [ 1.1349e-11 1.6878e-07 3.0233e-04 1.3995e-03 ] 9.9830e-01
 2.108e+01 1.5664e-03 1.5664e-03 [ 8.6172e-12 1.3957e-07 2.7160e-04 1.2947e-03 ] 9.9843e-01
 2.119e+01 1.4408e-03 1.4408e-03 [ 6.5340e-12 1.1528e-07 2.4382e-04 1.1969e-03 ] 9.9856e-01
 2.131e+01 1.3245e-03 1.3245e-03 [ 4.9475e-12 9.5121e-08 2.1870e-04 1.1057e-03 ] 9.9868e-01
 2.142e+01 1.2169e-03 1.2169e-03 [ 3.7409e-12 7.8399e-08 1.9603e-04 1.0208e-03 ] 9.9878e-01
 2.153e+01 1.1174e-03 1.1174e-03 [ 2.8246e-12 6.4546e-08 1.7557e-04 9.4176e-04 ] 9.9888e-01
 2.165e+01 1.0254e-03 1.0254e-03 [ 2.1298e-12 5.3084e-08 1.5713e-04 8.6824e-04 ] 9.9897e-01
 2.176e+01 9.4048e-04 9.4048e-04 [ 1.6036e-12 4.3610e-08 1.4052e-04 7.9992e-04 ] 9.9906e-01
 2.187e+01 8.6208e-04 8.6208e-04 [ 1.2058e-12 3.5788e-08 1.2557e-04 7.3647e-04 ] 9.9914e-01
 2.199e+01 7.8975e-04 7.8975e-04 [ 9.0535e-13 2.9338e-08 1.1213e-04 6.7759e-04 ] 9.9921e-01
 2.210e+01 7.2308e-04 7.2308e-04 [ 6.7885e-13 2.4025e-08 1.0006e-04 6.2300e-04 ] 9.9928e-01
 2.221e+01 6.6165e-04 6.6165e-04 [ 5.0831e-13 1.9654e-08 8.9214e-05 5.7242e-04 ] 9.9934e-01
 2.233e+01 6.0510e-04 6.0510e-04 [ 3.8009e-13 1.6061e-08 7.9488e-05 5.2560e-04 ] 9.9939e-01
 2.244e+01 5.5306e-04 5.5306e-04 [ 2.8382e-13 1.3111e-08 7.0771e-05 4.8228e-04 ] 9.9945e-01
 2.255e+01 5.0521e-04 5.0521e-04 [ 2.1164e-13 1.0692e-08 6.2963e-05 4.4223e-04 ] 9.9949e-01
 2.267e+01 4.6123e-04 4.6123e-04 [ 1.5760e-13 8.7103e-09 5.5976e-05 4.0524e-04 ] 9.9954e-01
 2.278e+01 4.2084e-04 4.2084e-04 [ 1.1720e-13 7.0886e-09 4.9729e-05 3.7110e-04 ] 9.9958e-01
 2.289e+01 3.8377e-04 3.8377e-04 [ 8.7034e-14 5.7630e-09 4.4146e-05 3.3961e-04 ] 9.9962e-01
 2.301e+01 3.4976e-04 3.4976e-04 [ 6.4546e-14 4.6806e-09 3.9162e-05 3.1059e-04 ] 9.9965e-01
 2.312e+01 3.1858e-04 3.1858e-04 [ 4.7803e-14 3.7976e-09 3.4716e-05 2.8386e-04 ] 9.9968e-01
 2.323e+01 2.9002e-04 2.9002e-04 [ 3.5355e-14 3.0781e-09 3.0753e-05 2.5927e-04 ] 9.9971e-01
 2.335e+01 2.6387e-04 2.6387e-04 [ 2.6113e-14 2.4925e-09 2.7222e-05 2.3664e-04 ] 9.9974e-01
 2.346e+01 2.3994e-04 2.3994e-04 [ 1.9261e-14 2.0162e-09 2.4080e-05 2.1586e-04 ] 9.9976e-01
 2.357e+01 2.1805e-04 2.1805e-04 [ 1.4188e-14 1.6294e-09 2.1285e-05 1.9677e-04 ] 9.9978e-01
 2.369e+01 1.9805e-04 1.9805e-04 [ 1.0437e-14 1.3155e-09 1.8802e-05 1.7925e-04 ] 9.9980e-01
 2.380e+01 1.7978e-04 1.7978e-04 [ 7.6669e-15 1.0610e-09 1.6597e-05 1.6319e-04 ] 9.9982e-01
 2.391e+01 1.6311e-04 1.6311e-04 [ 5.6247e-15 8.5494e-10 1.4640e-05 1.4847e-04 ] 9.9984e-01
 2.403e+01 1.4790e-04 1.4790e-04 [ 4.1209e-15 6.8822e-10 1.2904e-05 1.3499e-04 ] 9.9985e-01
 2.414e+01 1.3403e-04 1.3403e-04 [ 3.0152e-15 5.5348e-10 1.1367e-05 1.2266e-04 ] 9.9987e-01
 2.425e+01 1.2139e-04 1.2139e-04 [ 2.2032e-15 4.4469e-10 1.0006e-05 1.1138e-04 ] 9.9988e-01
 2.437e+01 1.0988e-04 1.0988e-04 [ 1.6077e-15 3.5694e-10 8.8012e-06 1.0108e-04 ] 9.9989e-01
 2.448e+01 9.9407e-05 9.9407e-05 [ 1.1716e-15 2.8624e-10 7.7365e-06 9.1670e-05 ] 9.9990e-01
 2.459e+01 8.9881e-05 8.9881e-05 [ 8.5269e-16 2.2932e-10 6.7959e-06 8.3085e-05 ] 9.9991e-01
 2.471e+01 8.1223e-05 8.1223e-05 [ 6.1976e-16 1.8355e-10 5.9656e-06 7.5257e-05 ] 9.9992e-01
 2.482e+01 7.3357e-05 7.3357e-05 [ 4.4986e-16 1.4678e-10 5.2332e-06 6.8124e-05 ] 9.9993e-01
 2.493e+01 6.6216e-05 6.6216e-05 [ 3.2610e-16 1.1726e-10 4.5876e-06 6.1628e-05 ] 9.9993e-01
 2.505e+01 5.9736e-05 5.9736e-05 [ 2.3608e-16 9.3594e-11 4.0188e-06 5.5718e-05 ] 9.9994e-01
 2.516e+01 5.3861e-05 5.3861e-05 [ 1.7069e-16 7.4634e-11 3.5183e-06 5.0343e-05 ] 9.9995e-01
 2.527e+01 4.8536e-05 4.8536e-05 [ 1.2324e-16 5.9460e-11 3.0779e-06 4.5458e-05 ] 9.9995e-01
 2.539e+01 4.3713e-05 4.3713e-05 [ 8.8872e-17 4.7327e-11 2.6909e-06 4.1022e-05 ] 9.9996e-01
 2.550e+01 3.9347e-05 3.9347e-05 [ 6.4002e-17 3.7636e-11 2.3510e-06 3.6996e-05 ] 9.9996e-01
 2.561e+01 3.5398e-05 3.5398e-05 [ 4.6032e-17 2.9902e-11 2.0526e-06 3.3345e-05 ] 9.9996e-01
 2.573e+01 3.1827e-05 3.1827e-05 [ 3.3064e-17 2.3735e-11 1.7909e-06 3.0036e-05 ] 9.9997e-01
 2.584e+01 2.8601e-05 2.8601e-05 [ 2.3718e-17 1.8823e-11 1.5615e-06 2.7039e-05 ] 9.9997e-01
 2.595e+01 2.5687e-05 2.5687e-05 [ 1.6992e-17 1.4914e-11 1.3607e-06 2.4326e-05 ] 9.9997e-01
 2.607e+01 2.3058e-05 2.3058e-05 [ 1.2158e-17 1.1806e-11 1.1848e-06 2.1873e-05 ] 9.9998e-01
 2.618e+01 2.0686e-05 2.0686e-05 [ 8.6872e-18 9.3377e-12 1.0310e-06 1.9655e-05 ] 9.9998e-01
 2.629e+01 1.8547e-05 1.8547e-05 [ 6.1995e-18 7.3786e-12 8.9660e-07 1.7651e-05 ] 9.9998e-01
 2.641e+01 1.6621e-05 1.6621e-05 [ 4.4184e-18 5.8253e-12 7.7920e-07 1.5842e-05 ] 9.9998e-01
 2.652e+01 1.4887e-05 1.4887e-05 [ 3.1450e-18 4.5949e-12 6.7672e-07 1.4210e-05 ] 9.9999e-01
 2.663e+01 1.3326e-05 1.3326e-05 [ 2.2357e-18 3.6212e-12 5.8734e-07 1.2738e-05 ] 9.9999e-01
 2.675e+01 1.1922e-05 1.1922e-05 [ 1.5873e-18 2.8512e-12 5.0943e-07 1.1412e-05 ] 9.9999e-01
 2.686e+01 1.0660e-05 1.0660e-05 [ 1.1254e-18 2.2430e-12 4.4157e-07 1.0219e-05 ] 9.9999e-01
 2.697e+01 9.5267e-06 9.5267e-06 [ 7.9696e-19 1.7630e-12 3.8250e-07 9.1442e-06 ] 9.9999e-01
 2.709e+01 8.5091e-06 8.5091e-06 [ 5.6363e-19 1.3845e-12 3.3112e-07 8.1779e-06 ] 9.9999e-01
 2.720e+01 7.5960e-06 7.5960e-06 [ 3.9811e-19 1.0863e-12 2.8645e-07 7.3095e-06 ] 9.9999e-01
 2.731e+01 6.7772e-06 6.7772e-06 [ 2.8083e-19 8.5153e-13 2.4765e-07 6.5295e-06 ] 9.9999e-01
 2.743e+01 6.0433e-06 6.0433e-06 [ 1.9785e-19 6.6694e-13 2.1397e-07 5.8293e-06 ] 9.9999e-01
 2.754e+01 5.3860e-06 5.3860e-06 [ 1.3921e-19 5.2191e-13 1.8475e-07 5.2012e-06 ] 9.9999e-01
 2.765e+01 4.7975e-06 4.7975e-06 [ 9.7828e-20 4.0806e-13 1.5942e-07 4.6381e-06 ] 1.0000e+00
 2.777e+01 4.2710e-06 4.2710e-06 [ 6.8658e-20 3.1877e-13 1.3748e-07 4.1335e-06 ] 1.0000e+00
 2.788e+01 3.8002e-06 3.8002e-06 [ 4.8125e-20 2.4880e-13 1.1848e-07 3.6818e-06 ] 1.0000e+00
 2.799e+01 3.3795e-06 3.3795e-06 [ 3.3690e-20 1.9402e-13 1.0204e-07 3.2775e-06 ] 1.0000e+00
 2.811e+01 3.0037e-06 3.0037e-06 [ 2.3554e-20 1.5117e-13 8.7825e-08 2.9159e-06 ] 1.0000e+00
 2.822e+01 2.6683e-06 2.6683e-06 [ 1.6447e-20 1.1768e-13 7.5543e-08 2.5928e-06 ] 1.0000e+00
 2.833e+01 2.3690e-06 2.3690e-06 [ 1.1470e-20 9.1532e-14 6.4938e-08 2.3041e-06 ] 1.0000e+00
 2.845e+01 2.1022e-06 2.1022e-06 [ 7.9890e-21 7.1132e-14 5.5787e-08 2.0464e-06 ] 1.0000e+00
 2.856e+01 1.8644e-06 1.8644e-06 [ 5.5574e-21 5.5231e-14 4.7895e-08 1.8165e-06 ] 1.0000e+00
 2.867e+01 1.6526e-06 1.6526e-06 [ 3.8610e-21 4.2847e-14 4.1094e-08 1.6115e-06 ] 1.0000e+00
 2.879e+01 1.4641e-06 1.4641e-06 [ 2.6790e-21 3.3212e-14 3.5237e-08 1.4289e-06 ] 1.0000e+00
 2.890e+01 1.2964e-06 1.2964e-06 [ 1.8566e-21 2.5721e-14 3.0196e-08 1.2662e-06 ] 1.0000e+00
 2.901e+01 1.1473e-06 1.1473e-06 [ 1.2850e-21 1.9903e-14 2.5859e-08 1.1214e-06 ] 1.0000e+00
 2.913e+01 1.0148e-06 1.0148e-06 [ 8.8824e-22 1.5387e-14 2.2132e-08 9.9266e-07 ] 1.0000e+00
 2.924e+01 8.9710e-07 8.9710e-07 [ 6.1323e-22 1.1886e-14 1.8930e-08 8.7817e-07 ] 1.0000e+00
 2.935e+01 7.9264e-07 7.9264e-07 [ 4.2283e-22 9.1738e-15 1.6182e-08 7.7646e-07 ] 1.0000e+00
 2.947e+01 6.9997e-07 6.9997e-07 [ 2.9118e-22 7.0743e-15 1.3824e-08 6.8615e-07 ] 1.0000e+00
 2.958e+01 6.1781e-07 6.1781e-07 [ 2.0027e-22 5.4507e-15 1.1802e-08 6.0601e-07 ] 1.0000e+00
 2.969e+01 5.4500e-07 5.4500e-07 [ 1.3757e-22 4.1961e-15 1.0070e-08 5.3493e-07 ] 1.0000e+00
 2.981e+01 4.8051e-07 4.8051e-07 [ 9.4385e-23 3.2275e-15 8.5865e-09 4.7192e-07 ] 1.0000e+00
 2.992e+01 4.2343e-07 4.2343e-07 [ 6.4674e-23 2.4804e-15 7.3172e-09 4.1611e-07 ] 1.0000e+00
 3.003e+01 3.7293e-07 3.7293e-07 [ 4.4260e-23 1.9046e-15 6.2318e-09 3.6670e-07 ] 1.0000e+00
 3.015e+01 3.2828e-07 3.2828e-07 [ 3.0252e-23 1.4612e-15 5.3041e-09 3.2298e-07 ] 1.0000e+00
 3.026e+01 2.8883e-07 2.8883e-07 [ 2.0651e-23 1.1201e-15 4.5118e-09 2.8431e-07 ] 1.0000e+00
 3.037e+01 2.5398e-07 2.5398e-07 [ 1.4080e-23 8.5790e-16 3.8355e-09 2.5014e-07 ] 1.0000e+00
 3.049e+01 2.2322e-07 2.2322e-07 [ 9.5879e-24 6.5652e-16 3.2586e-09 2.1996e-07 ] 1.0000e+00
 3.060e+01 1.9608e-07 1.9608e-07 [ 6.5207e-24 5.0198e-16 2.7667e-09 1.9331e-07 ] 1.0000e+00
 3.071e+01 1.7215e-07 1.7215e-07 [ 4.4293e-24 3.8349e-16 2.3477e-09 1.6980e-07 ] 1.0000e+00
 3.083e+01 1.5106e-07 1.5106e-07 [ 3.0049e-24 2.9272e-16 1.9910e-09 1.4907e-07 ] 1.0000e+00
 3.094e+01 1.3248e-07 1.3248e-07 [ 2.0360e-24 2.2325e-16 1.6874e-09 1.3079e-07 ] 1.0000e+00
 3.105e+01 1.1613e-07 1.1613e-07 [ 1.3778e-24 1.7012e-16 1.4293e-09 1.1470e-07 ] 1.0000e+00
 3.117e+01 1.0174e-07 1.0174e-07 [ 9.3127e-25 1.2952e-16 1.2099e-09 1.0053e-07 ] 1.0000e+00
 3.128e+01 8.9092e-08 8.9092e-08 [ 6.2866e-25 9.8531e-17 1.0236e-09 8.8068e-08 ] 1.0000e+00
 3.139e+01 7.7973e-08 7.7973e-08 [ 4.2386e-25 7.4892e-17 8.6545e-10 7.7108e-08 ] 1.0000e+00
 3.151e+01 6.8206e-08 6.8206e-08 [ 2.8542e-25 5.6876e-17 7.3130e-10 6.7475e-08 ] 1.0000e+00
 3.162e+01 5.9632e-08 5.9632e-08 [ 1.9196e-25 4.3157e-17 6.1757e-10 5.9014e-08 ] 1.0000e+00
 3.173e+01 5.2108e-08 5.2108e-08 [ 1.2894e-25 3.2720e-17 5.2122e-10 5.1587e-08 ] 1.0000e+00
 3.185e+01 4.5510e-08 4.5510e-08 [ 8.6508e-26 2.4786e-17 4.3964e-10 4.5071e-08 ] 1.0000e+00
 3.196e+01 3.9727e-08 3.9727e-08 [ 5.7966e-26 1.8760e-17 3.7061e-10 3.9357e-08 ] 1.0000e+00
 3.207e+01 3.4661e-08 3.4661e-08 [ 3.8793e-26 1.4187e-17 3.1223e-10 3.4349e-08 ] 1.0000e+00
 3.219e+01 3.0225e-08 3.0225e-08 [ 2.5930e-26 1.0719e-17 2.6289e-10 2.9962e-08 ] 1.0000e+00
 3.230e+01 2.6343e-08 2.6343e-08 [ 1.7311e-26 8.0927e-18 2.2122e-10 2.6122e-08 ] 1.0000e+00
 3.241e+01 2.2948e-08 2.2948e-08 [ 1.1542e-26 6.1045e-18 1.8604e-10 2.2762e-08 ] 1.0000e+00
 3.253e+01 1.9981e-08 1.9981e-08 [ 7.6867e-27 4.6008e-18 1.5637e-10 1.9824e-08 ] 1.0000e+00
 3.264e+01 1.7388e-08 1.7388e-08 [ 5.1127e-27 3.4646e-18 1.3135e-10 1.7256e-08 ] 1.0000e+00
 3.275e+01 1.5123e-08 1.5123e-08 [ 3.3965e-27 2.6068e-18 1.1027e-10 1.5013e-08 ] 1.0000e+00
 3.287e+01 1.3147e-08 1.3147e-08 [ 2.2536e-27 1.9597e-18 9.2515e-11 1.3055e-08 ] 1.0000e+00
 3.298e+01 1.1424e-08 1.1424e-08 [ 1.4935e-27 1.4720e-18 7.7575e-11 1.1346e-08 ] 1.0000e+00
 3.309e+01 9.9207e-09 9.9207e-09 [ 9.8849e-28 1.1048e-18 6.5010e-11 9.8557e-09 ] 1.0000e+00
 3.321e+01 8.6112e-09 8.6112e-09 [ 6.5347e-28 8.2844e-19 5.4448e-11 8.5567e-09 ] 1.0000e+00
 3.332e+01 7.4707e-09 7.4707e-09 [ 4.3146e-28 6.2070e-19 4.5576e-11 7.4251e-09 ] 1.0000e+00
 3.343e+01 6.4779e-09 6.4779e-09 [ 2.8453e-28 4.6466e-19 3.8127e-11 6.4398e-09 ] 1.0000e+00
 3.355e+01 5.6143e-09 5.6143e-09 [ 1.8741e-28 3.4756e-19 3.1877e-11 5.5824e-09 ] 1.0000e+00
 3.366e+01 4.8633e-09 4.8633e-09 [ 1.2329e-28 2.5974e-19 2.6636e-11 4.8366e-09 ] 1.0000e+00
 3.377e+01 4.2106e-09 4.2106e-09 [ 8.1006e-29 1.9395e-19 2.2244e-11 4.1883e-09 ] 1.0000e+00
 3.389e+01 3.6436e-09 3.6436e-09 [ 5.3160e-29 1.4471e-19 1.8565e-11 3.6251e-09 ] 1.0000e+00
 3.400e+01 3.1514e-09 3.1514e-09 [ 3.4844e-29 1.0787e-19 1.5486e-11 3.1360e-09 ] 1.0000e+00
 3.411e+01 2.7244e-09 2.7244e-09 [ 2.2811e-29 8.0345e-20 1.2910e-11 2.7114e-09 ] 1.0000e+00
 3.423e+01 2.3540e-09 2.3540e-09 [ 1.4915e-29 5.9792e-20 1.0756e-11 2.3432e-09 ] 1.0000e+00
 3.434e+01 2.0329e-09 2.0329e-09 [ 9.7404e-30 4.4460e-20 8.9563e-12 2.0239e-09 ] 1.0000e+00
 3.445e+01 1.7547e-09 1.7547e-09 [ 6.3534e-30 3.3031e-20 7.4535e-12 1.7473e-09 ] 1.0000e+00
 3.457e+01 1.5139e-09 1.5139e-09 [ 4.1391e-30 2.4519e-20 6.1993e-12 1.5077e-09 ] 1.0000e+00
 3.468e+01 1.3054e-09 1.3054e-09 [ 2.6933e-30 1.8186e-20 5.1532e-12 1.3003e-09 ] 1.0000e+00
 3.479e+01 1.1251e-09 1.1251e-09 [ 1.7504e-30 1.3477e-20 4.2811e-12 1.1208e-09 ] 1.0000e+00
 3.491e+01 9.6920e-10 9.6920e-10 [ 1.1362e-30 9.9786e-21 3.5546e-12 9.6565e-10 ] 1.0000e+00
 3.502e+01 8.3449e-10 8.3449e-10 [ 7.3664e-31 7.3823e-21 2.9497e-12 8.3154e-10 ] 1.0000e+00
 3.513e+01 7.1814e-10 7.1814e-10 [ 4.7702e-31 5.4569e-21 2.4463e-12 7.1570e-10 ] 1.0000e+00
 3.525e+01 6.1771e-10 6.1771e-10 [ 3.0852e-31 4.0302e-21 2.0277e-12 6.1568e-10 ] 1.0000e+00
 3.536e+01 5.3105e-10 5.3105e-10 [ 1.9930e-31 2.9741e-21 1.6798e-12 5.2937e-10 ] 1.0000e+00
 3.547e+01 4.5633e-10 4.5633e-10 [ 1.2859e-31 2.1928e-21 1.3907e-12 4.5494e-10 ] 1.0000e+00
 3.559e+01 3.9192e-10 3.9192e-10 [ 8.2869e-32 1.6154e-21 1.1508e-12 3.9077e-10 ] 1.0000e+00
 3.570e+01 3.3644e-10 3.3644e-10 [ 5.3340e-32 1.1891e-21 9.5168e-13 3.3549e-10 ] 1.0000e+00
 3.581e+01 2.8867e-10 2.8867e-10 [ 3.4292e-32 8.7451e-22 7.8658e-13 2.8788e-10 ] 1.0000e+00
 3.593e+01 2.4756e-10 2.4756e-10 [ 2.2019e-32 6.4262e-22 6.4975e-13 2.4691e-10 ] 1.0000e+00
 3.604e+01 2.1219e-10 2.1219e-10 [ 1.4122e-32 4.7181e-22 5.3643e-13 2.1166e-10 ] 1.0000e+00
 3.615e+01 1.8179e-10 1.8179e-10 [ 9.0462e-33 3.4612e-22 4.4261e-13 1.8135e-10 ] 1.0000e+00
 3.627e+01 1.5567e-10 1.5567e-10 [ 5.7879e-33 2.5369e-22 3.6500e-13 1.5531e-10 ] 1.0000e+00
 3.638e+01 1.3324e-10 1.3324e-10 [ 3.6987e-33 1.8579e-22 3.0083e-13 1.3294e-10 ] 1.0000e+00
 3.649e+01 1.1398e-10 1.1398e-10 [ 2.3608e-33 1.3595e-22 2.4780e-13 1.1373e-10 ] 1.0000e+00
 3.661e+01 9.7458e-11 9.7458e-11 [ 1.5051e-33 9.9396e-23 2.0400e-13 9.7254e-11 ] 1.0000e+00
 3.672e+01 8.3290e-11 8.3290e-11 [ 9.5836e-34 7.2609e-23 1.6785e-13 8.3122e-11 ] 1.0000e+00
 3.683e+01 7.1147e-11 7.1147e-11 [ 6.0952e-34 5.2996e-23 1.3803e-13 7.1009e-11 ] 1.0000e+00
 3.695e+01 6.0744e-11 6.0744e-11 [ 3.8719e-34 3.8648e-23 1.1344e-13 6.0631e-11 ] 1.0000e+00
 3.706e+01 5.1837e-11 5.1837e-11 [ 2.4567e-34 2.8161e-23 9.3182e-14 5.1744e-11 ] 1.0000e+00
 3.717e+01 4.4214e-11 4.4214e-11 [ 1.5569e-34 2.0502e-23 7.6497e-14 4.4138e-11 ] 1.0000e+00
 3.729e+01 3.7694e-11 3.7694e-11 [ 9.8547e-35 1.4914e-23 6.2765e-14 3.7631e-11 ] 1.0000e+00
 3.740e+01 3.2120e-11 3.2120e-11 [ 6.2304e-35 1.0839e-23 5.1469e-14 3.2068e-11 ] 1.0000e+00
 3.751e+01 2.7356e-11 2.7356e-11 [ 3.9343e-35 7.8715e-24 4.2183e-14 2.7314e-11 ] 1.0000e+00
 3.763e+01 2.3288e-11 2.3288e-11 [ 2.4815e-35 5.7114e-24 3.4552e-14 2.3253e-11 ] 1.0000e+00
 3.774e+01 1.9815e-11 1.9815e-11 [ 1.5633e-35 4.1406e-24 2.8286e-14 1.9787e-11 ] 1.0000e+00
 3.785e+01 1.6852e-11 1.6852e-11 [ 9.8369e-36 2.9992e-24 2.3144e-14 1.6829e-11 ] 1.0000e+00
 3.797e+01 1.4325e-11 1.4325e-11 [ 6.1825e-36 2.1707e-24 1.8926e-14 1.4306e-11 ] 1.0000e+00
 3.808e+01 1.2171e-11 1.2171e-11 [ 3.8811e-36 1.5697e-24 1.5468e-14 1.2155e-11 ] 1.0000e+00
 3.819e+01 1.0336e-11 1.0336e-11 [ 2.4335e-36 1.1341e-24 1.2635e-14 1.0323e-11 ] 1.0000e+00
 3.831e+01 8.7730e-12 8.7730e-12 [ 1.5240e-36 8.1875e-25 1.0315e-14 8.7627e-12 ] 1.0000e+00
 3.842e+01 7.4430e-12 7.4430e-12 [ 9.5333e-37 5.9057e-25 8.4163e-15 7.4345e-12 ] 1.0000e+00
 3.853e+01 6.3115e-12 6.3115e-12 [ 5.9565e-37 4.2562e-25 6.8633e-15 6.3047e-12 ] 1.0000e+00
 3.865e+01 5.3495e-12 5.3495e-12 [ 3.7172e-37 3.0648e-25 5.5938e-15 5.3439e-12 ] 1.0000e+00
 3.876e+01 4.5319e-12 4.5319e-12 [ 2.3171e-37 2.2051e-25 4.5566e-15 4.5274e-12 ] 1.0000e+00
 3.887e+01 3.8375e-12 3.8375e-12 [ 1.4426e-37 1.5852e-25 3.7096e-15 3.8338e-12 ] 1.0000e+00
 3.899e+01 3.2479e-12 3.2479e-12 [ 8.9714e-38 1.1386e-25 3.0185e-15 3.2448e-12 ] 1.0000e+00
 3.910e+01 2.7475e-12 2.7475e-12 [ 5.5726e-38 8.1711e-26 2.4547e-15 2.7451e-12 ] 1.0000e+00
 3.921e+01 2.3231e-12 2.3231e-12 [ 3.4573e-38 5.8591e-26 1.9951e-15 2.3211e-12 ] 1.0000e+00
 3.933e+01 1.9634e-12 1.9634e-12 [ 2.1425e-38 4.1978e-26 1.6207e-15 1.9617e-12 ] 1.0000e+00
 3.944e+01 1.6585e-12 1.6585e-12 [ 1.3262e-38 3.0049e-26 1.3159e-15 1.6572e-12 ] 1.0000e+00
 3.955e+01 1.4003e-12 1.4003e-12 [ 8.1991e-39 2.1493e-26 1.0677e-15 1.3993e-12 ] 1.0000e+00
 3.967e+01 1.1818e-12 1.1818e-12 [ 5.0632e-39 1.5359e-26 8.6594e-16 1.1809e-12 ] 1.0000e+00
 3.978e+01 9.9684e-13 9.9684e-13 [ 3.1231e-39 1.0967e-26 7.0189e-16 9.9614e-13 ] 1.0000e+00
 3.989e+01 8.4045e-13 8.4045e-13 [ 1.9241e-39 7.8243e-27 5.6861e-16 8.3989e-13 ] 1.0000e+00
 4.001e+01 7.0826e-13 7.0826e-13 [ 1.1841e-39 5.5774e-27 4.6039e-16 7.0780e-13 ] 1.0000e+00
 4.012e+01 5.9658e-13 5.9658e-13 [ 7.2783e-40 3.9724e-27 3.7256e-16 5.9621e-13 ] 1.0000e+00
 4.023e+01 5.0227e-13 5.0227e-13 [ 4.4686e-40 2.8269e-27 3.0132e-16 5.0197e-13 ] 1.0000e+00
 4.035e+01 4.2266e-13 4.2266e-13 [ 2.7404e-40 2.0100e-27 2.4357e-16 4.2242e-13 ] 1.0000e+00
 4.046e+01 3.5551e-13 3.5551e-13 [ 1.6786e-40 1.4280e-27 1.9678e-16 3.5531e-13 ] 1.0000e+00
 4.057e+01 2.9888e-13 2.9888e-13 [ 1.0270e-40 1.0136e-27 1.5889e-16 2.9872e-13 ] 1.0000e+00
 4.069e+01 2.5115e-13 2.5115e-13 [ 6.2765e-41 7.1889e-28 1.2823e-16 2.5103e-13 ] 1.0000e+00
 4.080e+01 2.1095e-13 2.1095e-13 [ 3.8314e-41 5.0943e-28 1.0343e-16 2.1085e-13 ] 1.0000e+00
 4.091e+01 1.7710e-13 1.7710e-13 [ 2.3361e-41 3.6070e-28 8.3376e-17 1.7701e-13 ] 1.0000e+00
 4.103e+01 1.4861e-13 1.4861e-13 [ 1.4227e-41 2.5517e-28 6.7176e-17 1.4854e-13 ] 1.0000e+00
 4.114e+01 1.2464e-13 1.2464e-13 [ 8.6549e-42 1.8037e-28 5.4095e-17 1.2459e-13 ] 1.0000e+00
 4.125e+01 1.0449e-13 1.0449e-13 [ 5.2590e-42 1.2739e-28 4.3537e-17 1.0445e-13 ] 1.0000e+00
 4.137e+01 8.7555e-14 8.7555e-14 [ 3.1919e-42 8.9890e-29 3.5021e-17 8.7520e-14 ] 1.0000e+00
 4.148e+01 7.3331e-14 7.3331e-14 [ 1.9350e-42 6.3378e-29 2.8155e-17 7.3303e-14 ] 1.0000e+00
 4.159e+01 6.1389e-14 6.1389e-14 [ 1.1718e-42 4.4648e-29 2.2624e-17 6.1366e-14 ] 1.0000e+00
 4.171e+01 5.1368e-14 5.1368e-14 [ 7.0875e-43 3.1427e-29 1.8169e-17 5.1349e-14 ] 1.0000e+00
 4.182e+01 4.2962e-14 4.2962e-14 [ 4.2820e-43 2.2102e-29 1.4583e-17 4.2947e-14 ] 1.0000e+00
 4.193e+01 3.5915e-14 3.5915e-14 [ 2.5841e-43 1.5531e-29 1.1699e-17 3.5903e-14 ] 1.0000e+00
 4.205e+01 3.0010e-14 3.0010e-14 [ 1.5577e-43 1.0904e-29 9.3801e-18 3.0000e-14 ] 1.0000e+00
 4.216e+01 2.5064e-14 2.5064e-14 [ 9.3791e-44 7.6495e-30 7.5168e-18 2.5056e-14 ] 1.0000e+00
 4.227e+01 2.0923e-14 2.0923e-14 [ 5.6408e-44 5.3617e-30 6.0204e-18 2.0917e-14 ] 1.0000e+00
 4.239e+01 1.7458e-14 1.7458e-14 [ 3.3887e-44 3.7550e-30 4.8192e-18 1.7453e-14 ] 1.0000e+00
 4.250e+01 1.4560e-14 1.4560e-14 [ 2.0335e-44 2.6275e-30 3.8557e-18 1.4557e-14 ] 1.0000e+00
 4.261e+01 1.2138e-14 1.2138e-14 [ 1.2188e-44 1.8370e-30 3.0831e-18 1.2135e-14 ] 1.0000e+00
 4.273e+01 1.0114e-14 1.0114e-14 [ 7.2973e-45 1.2833e-30 2.4640e-18 1.0111e-14 ] 1.0000e+00
 4.284e+01 8.4233e-15 8.4233e-15 [ 4.3640e-45 8.9572e-31 1.9682e-18 8.4213e-15 ] 1.0000e+00
 4.295e+01 7.0121e-15 7.0121e-15 [ 2.6069e-45 6.2467e-31 1.5713e-18 7.0105e-15 ] 1.0000e+00
 4.307e+01 5.8346e-15 5.8346e-15 [ 1.5555e-45 4.3528e-31 1.2538e-18 5.8333e-15 ] 1.0000e+00
 4.318e+01 4.8526e-15 4.8526e-15 [ 9.2713e-46 3.0305e-31 9.9986e-19 4.8516e-15 ] 1.0000e+00
 4.329e+01 4.0339e-15 4.0339e-15 [ 5.5197e-46 2.1081e-31 7.9694e-19 4.0331e-15 ] 1.0000e+00
 4.341e+01 3.3519e-15 3.3519e-15 [ 3.2825e-46 1.4653e-31 6.3487e-19 3.3512e-15 ] 1.0000e+00
 4.352e+01 2.7838e-15 2.7838e-15 [ 1.9499e-46 1.0176e-31 5.0549e-19 2.7833e-15 ] 1.0000e+00
 4.363e+01 2.3110e-15 2.3110e-15 [ 1.1570e-46 7.0610e-32 4.0226e-19 2.3106e-15 ] 1.0000e+00
 4.375e+01 1.9176e-15 1.9176e-15 [ 6.8574e-47 4.8955e-32 3.1994e-19 1.9173e-15 ] 1.0000e+00
 4.386e+01 1.5904e-15 1.5904e-15 [ 4.0598e-47 3.3912e-32 2.5433e-19 1.5901e-15 ] 1.0000e+00
 4.397e+01 1.3184e-15 1.3184e-15 [ 2.4009e-47 2.3472e-32 2.0206e-19 1.3182e-15 ] 1.0000e+00
 4.409e+01 1.0925e-15 1.0925e-15 [ 1.4182e-47 1.6233e-32 1.6045e-19 1.0923e-15 ] 1.0000e+00
 4.420e+01 9.0482e-16 9.0482e-16 [ 8.3685e-48 1.1217e-32 1.2735e-19 9.0469e-16 ] 1.0000e+00
 4.431e+01 7.4906e-16 7.4906e-16 [ 4.9325e-48 7.7441e-33 1.0102e-19 7.4895e-16 ] 1.0000e+00
 4.443e+01 6.1982e-16 6.1982e-16 [ 2.9040e-48 5.3421e-33 8.0086e-20 6.1974e-16 ] 1.0000e+00
 4.454e+01 5.1265e-16 5.1265e-16 [ 1.7079e-48 3.6821e-33 6.3459e-20 5.1258e-16 ] 1.0000e+00
 4.465e+01 4.2381e-16 4.2381e-16 [ 1.0033e-48 2.5358e-33 5.0258e-20 4.2376e-16 ] 1.0000e+00
 4.477e+01 3.5020e-16 3.5020e-16 [ 5.8874e-49 1.7449e-33 3.9781e-20 3.5016e-16 ] 1.0000e+00
 4.488e+01 2.8925e-16 2.8925e-16 [ 3.4510e-49 1.1997e-33 3.1472e-20 2.8922e-16 ] 1.0000e+00
 4.499e+01 2.3880e-16 2.3880e-16 [ 2.0206e-49 8.2410e-34 2.4885e-20 2.3877e-16 ] 1.0000e+00
 4.511e+01 1.9705e-16 1.9705e-16 [ 1.1818e-49 5.6565e-34 1.9666e-20 1.9703e-16 ] 1.0000e+00
 4.522e+01 1.6253e-16 1.6253e-16 [ 6.9044e-50 3.8792e-34 1.5534e-20 1.6252e-16 ] 1.0000e+00
 4.533e+01 1.3400e-16 1.3400e-16 [ 4.0294e-50 2.6582e-34 1.2263e-20 1.3398e-16 ] 1.0000e+00
 4.545e+01 1.1042e-16 1.1042e-16 [ 2.3489e-50 1.8200e-34 9.6758e-21 1.1041e-16 ] 1.0000e+00
 4.556e+01 9.0952e-17 9.0952e-17 [ 1.3678e-50 1.2450e-34 7.6304e-21 9.0945e-17 ] 1.0000e+00
 4.567e+01 7.4882e-17 7.4882e-17 [ 7.9564e-51 8.5099e-35 6.0142e-21 7.4876e-17 ] 1.0000e+00
 4.579e+01 6.1622e-17 6.1622e-17 [ 4.6230e-51 5.8118e-35 4.7378e-21 6.1618e-17 ] 1.0000e+00
 4.590e+01 5.0688e-17 5.0688e-17 [ 2.6833e-51 3.9658e-35 3.7304e-21 5.0684e-17 ] 1.0000e+00
 4.601e+01 4.1675e-17 4.1675e-17 [ 1.5557e-51 2.7039e-35 2.9356e-21 4.1672e-17 ] 1.0000e+00
 4.613e+01 3.4248e-17 3.4248e-17 [ 9.0100e-52 1.8420e-35 2.3089e-21 3.4246e-17 ] 1.0000e+00
 4.624e+01 2.8133e-17 2.8133e-17 [ 5.2125e-52 1.2538e-35 1.8150e-21 2.8131e-17 ] 1.0000e+00
 4.635e+01 2.3099e-17 2.3099e-17 [ 3.0123e-52 8.5274e-36 1.4261e-21 2.3097e-17 ] 1.0000e+00
 4.647e+01 1.8957e-17 1.8957e-17 [ 1.7390e-52 5.7947e-36 1.1198e-21 1.8956e-17 ] 1.0000e+00
 4.658e+01 1.5550e-17 1.5550e-17 [ 1.0028e-52 3.9345e-36 8.7892e-22 1.5550e-17 ] 1.0000e+00
 4.669e+01 1.2750e-17 1.2750e-17 [ 5.7763e-53 2.6692e-36 6.8947e-22 1.2750e-17 ] 1.0000e+00
 4.681e+01 1.0450e-17 1.0450e-17 [ 3.3238e-53 1.8093e-36 5.4057e-22 1.0449e-17 ] 1.0000e+00
 4.692e+01 8.5605e-18 8.5605e-18 [ 1.9105e-53 1.2254e-36 4.2360e-22 8.5601e-18 ] 1.0000e+00
 4.703e+01 7.0096e-18 7.0096e-18 [ 1.0970e-53 8.2926e-37 3.3176e-22 7.0093e-18 ] 1.0000e+00
 4.715e+01 5.7371e-18 5.7371e-18 [ 6.2917e-54 5.6071e-37 2.5970e-22 5.7368e-18 ] 1.0000e+00
 4.726e+01 4.6934e-18 4.6934e-18 [ 3.6048e-54 3.7881e-37 2.0319e-22 4.6932e-18 ] 1.0000e+00
 4.737e+01 3.8379e-18 3.8379e-18 [ 2.0632e-54 2.5571e-37 1.5889e-22 3.8377e-18 ] 1.0000e+00
 4.749e+01 3.1369e-18 3.1369e-18 [ 1.1796e-54 1.7247e-37 1.2418e-22 3.1368e-18 ] 1.0000e+00
 4.760e+01 2.5628e-18 2.5628e-18 [ 6.7368e-55 1.1623e-37 9.7001e-23 2.5627e-18 ] 1.0000e+00
 4.771e+01 2.0928e-18 2.0928e-18 [ 3.8434e-55 7.8265e-38 7.5732e-23 2.0927e-18 ] 1.0000e+00
 4.783e+01 1.7082e-18 1.7082e-18 [ 2.1904e-55 5.2657e-38 5.9095e-23 1.7082e-18 ] 1.0000e+00
 4.794e+01 1.3937e-18 1.3937e-18 [ 1.2470e-55 3.5398e-38 4.6089e-23 1.3936e-18 ] 1.0000e+00
 4.805e+01 1.1366e-18 1.1366e-18 [ 7.0916e-56 2.3776e-38 3.5927e-23 1.1365e-18 ] 1.0000e+00
 4.817e+01 9.2646e-19 9.2646e-19 [ 4.0287e-56 1.5957e-38 2.7990e-23 9.2644e-19 ] 1.0000e+00
 4.828e+01 7.5486e-19 7.5486e-19 [ 2.2863e-56 1.0700e-38 2.1796e-23 7.5484e-19 ] 1.0000e+00
 4.839e+01 6.1476e-19 6.1476e-19 [ 1.2961e-56 7.1695e-39 1.6963e-23 6.1475e-19 ] 1.0000e+00
 4.851e+01 5.0045e-19 5.0045e-19 [ 7.3398e-57 4.7997e-39 1.3195e-23 5.0043e-19 ] 1.0000e+00
 4.862e+01 4.0720e-19 4.0720e-19 [ 4.1521e-57 3.2106e-39 1.0259e-23 4.0719e-19 ] 1.0000e+00
 4.873e+01 3.3118e-19 3.3118e-19 [ 2.3464e-57 2.1458e-39 7.9714e-24 3.3117e-19 ] 1.0000e+00
 4.885e+01 2.6923e-19 2.6923e-19 [ 1.3246e-57 1.4330e-39 6.1909e-24 2.6923e-19 ] 1.0000e+00
 4.896e+01 2.1878e-19 2.1878e-19 [ 7.4699e-58 9.5619e-40 4.8056e-24 2.1877e-19 ] 1.0000e+00
 4.907e+01 1.7769e-19 1.7769e-19 [ 4.2081e-58 6.3750e-40 3.7283e-24 1.7769e-19 ] 1.0000e+00
 4.919e+01 1.4426e-19 1.4426e-19 [ 2.3681e-58 4.2467e-40 2.8910e-24 1.4426e-19 ] 1.0000e+00
 4.930e+01 1.1707e-19 1.1707e-19 [ 1.3313e-58 2.8267e-40 2.2406e-24 1.1707e-19 ] 1.0000e+00
 4.941e+01 9.4958e-20 9.4958e-20 [ 7.4763e-59 1.8799e-40 1.7356e-24 9.4956e-20 ] 1.0000e+00
 4.953e+01 7.6989e-20 7.6989e-20 [ 4.1942e-59 1.2492e-40 1.3437e-24 7.6988e-20 ] 1.0000e+00
 4.964e+01 6.2393e-20 6.2393e-20 [ 2.3505e-59 8.2943e-41 1.0397e-24 6.2392e-20 ] 1.0000e+00
 4.975e+01 5.0541e-20 5.0541e-20 [ 1.3159e-59 5.5026e-41 8.0413e-25 5.0540e-20 ] 1.0000e+00
 4.987e+01 4.0922e-20 4.0922e-20 [ 7.3593e-60 3.6475e-41 6.2158e-25 4.0922e-20 ] 1.0000e+00
 4.998e+01 3.3120e-20 3.3120e-20 [ 4.1115e-60 2.4159e-41 4.8023e-25 3.3119e-20 ] 1.0000e+00
 5.009e+01 2.6793e-20 2.6793e-20 [ 2.2947e-60 1.5988e-41 3.7082e-25 2.6792e-20 ] 1.0000e+00
 5.021e+01 2.1665e-20 2.1665e-20 [ 1.2794e-60 1.0572e-41 2.8619e-25 2.1664e-20 ] 1.0000e+00
 5.032e+01 1.7510e-20 1.7510e-20 [ 7.1256e-61 6.9848e-42 2.2076e-25 1.7510e-20 ] 1.0000e+00
 5.043e+01 1.4146e-20 1.4146e-20 [ 3.9646e-61 4.6110e-42 1.7020e-25 1.4146e-20 ] 1.0000e+00
 5.055e+01 1.1424e-20 1.1424e-20 [ 2.2036e-61 3.0415e-42 1.3115e-25 1.1424e-20 ] 1.0000e+00
 5.066e+01 9.2208e-21 9.2208e-21 [ 1.2236e-61 2.0046e-42 1.0101e-25 9.2207e-21 ] 1.0000e+00
 5.077e+01 7.4395e-21 7.4395e-21 [ 6.7869e-62 1.3201e-42 7.7751e-26 7.4394e-21 ] 1.0000e+00
 5.089e+01 5.9996e-21 5.9996e-21 [ 3.7608e-62 8.6861e-43 5.9818e-26 5.9995e-21 ] 1.0000e+00
 5.100e+01 4.8362e-21 4.8362e-21 [ 2.0818e-62 5.7107e-43 4.5998e-26 4.8362e-21 ] 1.0000e+00
 5.111e+01 3.8968e-21 3.8968e-21 [ 1.1512e-62 3.7515e-43 3.5352e-26 3.8967e-21 ] 1.0000e+00
 5.123e+01 3.1384e-21 3.1384e-21 [ 6.3598e-63 2.4624e-43 2.7155e-26 3.1383e-21 ] 1.0000e+00
 5.134e+01 2.5265e-21 2.5265e-21 [ 3.5099e-63 1.6150e-43 2.0849e-26 2.5265e-21 ] 1.0000e+00
 5.145e+01 2.0330e-21 2.0330e-21 [ 1.9350e-63 1.0583e-43 1.5998e-26 2.0330e-21 ] 1.0000e+00
 5.157e+01 1.6352e-21 1.6352e-21 [ 1.0658e-63 6.9295e-44 1.2270e-26 1.6351e-21 ] 1.0000e+00
 5.168e+01 1.3146e-21 1.3146e-21 [ 5.8639e-64 4.5335e-44 9.4055e-27 1.3146e-21 ] 1.0000e+00
 5.179e+01 1.0564e-21 1.0564e-21 [ 3.2231e-64 2.9636e-44 7.2061e-27 1.0564e-21 ] 1.0000e+00
 5.191e+01 8.4857e-22 8.4857e-22 [ 1.7698e-64 1.9357e-44 5.5181e-27 8.4856e-22 ] 1.0000e+00
 5.202e+01 6.8131e-22 6.8131e-22 [ 9.7084e-65 1.2634e-44 4.2233e-27 6.8131e-22 ] 1.0000e+00
 5.213e+01 5.4678e-22 5.4678e-22 [ 5.3202e-65 8.2385e-45 3.2306e-27 5.4678e-22 ] 1.0000e+00
 5.225e+01 4.3862e-22 4.3862e-22 [ 2.9126e-65 5.3680e-45 2.4700e-27 4.3862e-22 ] 1.0000e+00
 5.236e+01 3.5170e-22 3.5170e-22 [ 1.5929e-65 3.4948e-45 1.8874e-27 3.5170e-22 ] 1.0000e+00
 5.247e+01 2.8188e-22 2.8188e-22 [ 8.7032e-66 2.2735e-45 1.4416e-27 2.8188e-22 ] 1.0000e+00
 5.259e+01 2.2582e-22 2.2582e-22 [ 4.7504e-66 1.4777e-45 1.1004e-27 2.2582e-22 ] 1.0000e+00
 5.270e+01 1.8083e-22 1.8083e-22 [ 2.5903e-66 9.5974e-46 8.3958e-28 1.8083e-22 ] 1.0000e+00
 5.281e+01 1.4474e-22 1.4474e-22 [ 1.4111e-66 6.2281e-46 6.4024e-28 1.4474e-22 ] 1.0000e+00
 5.293e+01 1.1581e-22 1.1581e-22 [ 7.6790e-67 4.0384e-46 4.8797e-28 1.1581e-22 ] 1.0000e+00
 5.304e+01 9.2612e-23 9.2612e-23 [ 4.1748e-67 2.6164e-46 3.7172e-28 9.2612e-23 ] 1.0000e+00
 5.315e+01 7.4031e-23 7.4031e-23 [ 2.2675e-67 1.6938e-46 2.8302e-28 7.4031e-23 ] 1.0000e+00
 5.327e+01 5.9153e-23 5.9153e-23 [ 1.2303e-67 1.0956e-46 2.1537e-28 5.9152e-23 ] 1.0000e+00
 5.338e+01 4.7243e-23 4.7243e-23 [ 6.6691e-68 7.0809e-47 1.6381e-28 4.7243e-23 ] 1.0000e+00
 5.349e+01 3.7715e-23 3.7715e-23 [ 3.6115e-68 4.5728e-47 1.2452e-28 3.7715e-23 ] 1.0000e+00
 5.361e+01 3.0096e-23 3.0096e-23 [ 1.9538e-68 2.9507e-47 9.4612e-29 3.0095e-23 ] 1.0000e+00
 5.372e+01 2.4005e-23 2.4005e-23 [ 1.0560e-68 1.9025e-47 7.1848e-29 2.4005e-23 ] 1.0000e+00
 5.383e+01 1.9138e-23 1.9138e-23 [ 5.7018e-69 1.2256e-47 5.4533e-29 1.9138e-23 ] 1.0000e+00
 5.395e+01 1.5252e-23 1.5252e-23 [ 3.0757e-69 7.8893e-48 4.1369e-29 1.5252e-23 ] 1.0000e+00
 5.406e+01 1.2149e-23 1.2149e-23 [ 1.6575e-69 5.0743e-48 3.1366e-29 1.2149e-23 ] 1.0000e+00
 5.417e+01 9.6734e-24 9.6734e-24 [ 8.9233e-70 3.2611e-48 2.3770e-29 9.6734e-24 ] 1.0000e+00
 5.429e+01 7.6988e-24 7.6988e-24 [ 4.7994e-70 2.0941e-48 1.8004e-29 7.6988e-24 ] 1.0000e+00
 5.440e+01 6.1246e-24 6.1246e-24 [ 2.5789e-70 1.3437e-48 1.3629e-29 6.1246e-24 ] 1.0000e+00
 5.451e+01 4.8702e-24 4.8702e-24 [ 1.3844e-70 8.6145e-49 1.0312e-29 4.8702e-24 ] 1.0000e+00
 5.463e+01 3.8710e-24 3.8710e-24 [ 7.4242e-71 5.5185e-49 7.7987e-30 3.8710e-24 ] 1.0000e+00
 5.474e+01 3.0755e-24 3.0755e-24 [ 3.9777e-71 3.5323e-49 5.8946e-30 3.0754e-24 ] 1.0000e+00
 5.485e+01 2.4423e-24 2.4423e-24 [ 2.1291e-71 2.2592e-49 4.4531e-30 2.4423e-24 ] 1.0000e+00
 5.497e+01 1.9387e-24 1.9387e-24 [ 1.1386e-71 1.4438e-49 3.3624e-30 1.9387e-24 ] 1.0000e+00
 5.508e+01 1.5383e-24 1.5383e-24 [ 6.0826e-72 9.2191e-50 2.5375e-30 1.5383e-24 ] 1.0000e+00
 5.519e+01 1.2200e-24 1.2200e-24 [ 3.2465e-72 5.8821e-50 1.9140e-30 1.2200e-24 ] 1.0000e+00
 5.531e+01 9.6717e-25 9.6717e-25 [ 1.7311e-72 3.7500e-50 1.4429e-30 9.6717e-25 ] 1.0000e+00
 5.542e+01 7.6640e-25 7.6640e-25 [ 9.2217e-73 2.3888e-50 1.0872e-30 7.6639e-25 ] 1.0000e+00
 5.553e+01 6.0704e-25 6.0704e-25 [ 4.9078e-73 1.5205e-50 8.1879e-31 6.0704e-25 ] 1.0000e+00
 5.565e+01 4.8060e-25 4.8060e-25 [ 2.6095e-73 9.6703e-51 6.1632e-31 4.8060e-25 ] 1.0000e+00
 5.576e+01 3.8034e-25 3.8034e-25 [ 1.3862e-73 6.1454e-51 4.6367e-31 3.8034e-25 ] 1.0000e+00
 5.587e+01 3.0086e-25 3.0086e-25 [ 7.3562e-74 3.9022e-51 3.4864e-31 3.0086e-25 ] 1.0000e+00
 5.599e+01 2.3789e-25 2.3789e-25 [ 3.9002e-74 2.4759e-51 2.6202e-31 2.3789e-25 ] 1.0000e+00
 5.610e+01 1.8801e-25 1.8801e-25 [ 2.0659e-74 1.5696e-51 1.9682e-31 1.8801e-25 ] 1.0000e+00
 5.621e+01 1.4853e-25 1.4853e-25 [ 1.0933e-74 9.9430e-52 1.4776e-31 1.4853e-25 ] 1.0000e+00
 5.633e+01 1.1729e-25 1.1729e-25 [ 5.7802e-75 6.2935e-52 1.1088e-31 1.1729e-25 ] 1.0000e+00
 5.644e+01 9.2579e-26 9.2579e-26 [ 3.0531e-75 3.9804e-52 8.3154e-32 9.2579e-26 ] 1.0000e+00
 5.655e+01 7.3043e-26 7.3043e-26 [ 1.6112e-75 2.5154e-52 6.2332e-32 7.3043e-26 ] 1.0000e+00
 5.667e+01 5.7604e-26 5.7604e-26 [ 8.4944e-76 1.5883e-52 4.6699e-32 5.7604e-26 ] 1.0000e+00
 5.678e+01 4.5409e-26 4.5409e-26 [ 4.4742e-76 1.0022e-52 3.4969e-32 4.5409e-26 ] 1.0000e+00
 5.689e+01 3.5780e-26 3.5780e-26 [ 2.3545e-76 6.3181e-53 2.6171e-32 3.5780e-26 ] 1.0000e+00
 5.701e+01 2.8180e-26 2.8180e-26 [ 1.2379e-76 3.9801e-53 1.9577e-32 2.8180e-26 ] 1.0000e+00
 5.712e+01 2.2186e-26 2.2186e-26 [ 6.5021e-77 2.5053e-53 1.4637e-32 2.2186e-26 ] 1.0000e+00
 5.723e+01 1.7458e-26 1.7458e-26 [ 3.4122e-77 1.5757e-53 1.0937e-32 1.7458e-26 ] 1.0000e+00
 5.735e+01 1.3733e-26 1.3733e-26 [ 1.7890e-77 9.9024e-54 8.1689e-33 1.3733e-26 ] 1.0000e+00
 5.746e+01 1.0797e-26 1.0797e-26 [ 9.3707e-78 6.2183e-54 6.0979e-33 1.0797e-26 ] 1.0000e+00
 5.757e+01 8.4855e-27 8.4855e-27 [ 4.9039e-78 3.9017e-54 4.5496e-33 8.4855e-27 ] 1.0000e+00
 5.769e+01 6.6660e-27 6.6660e-27 [ 2.5640e-78 2.4462e-54 3.3927e-33 6.6659e-27 ] 1.0000e+00
 5.780e+01 5.2343e-27 5.2343e-27 [ 1.3394e-78 1.5325e-54 2.5287e-33 5.2343e-27 ] 1.0000e+00
 5.791e+01 4.1083e-27 4.1083e-27 [ 6.9899e-79 9.5929e-55 1.8837e-33 4.1083e-27 ] 1.0000e+00
 5.803e+01 3.2232e-27 3.2232e-27 [ 3.6446e-79 6.0002e-55 1.4025e-33 3.2232e-27 ] 1.0000e+00
 5.814e+01 2.5276e-27 2.5276e-27 [ 1.8986e-79 3.7500e-55 1.0437e-33 2.5276e-27 ] 1.0000e+00
 5.825e+01 1.9813e-27 1.9813e-27 [ 9.8816e-80 2.3419e-55 7.7628e-34 1.9813e-27 ] 1.0000e+00
 5.837e+01 1.5524e-27 1.5524e-27 [ 5.1383e-80 1.4613e-55 5.7708e-34 1.5524e-27 ] 1.0000e+00
 5.848e+01 1.2159e-27 1.2159e-27 [ 2.6695e-80 9.1116e-56 4.2877e-34 1.2159e-27 ] 1.0000e+00
 5.859e+01 9.5185e-28 9.5185e-28 [ 1.3856e-80 5.6768e-56 3.1842e-34 9.5185e-28 ] 1.0000e+00
 5.871e+01 7.4484e-28 7.4484e-28 [ 7.1854e-81 3.5340e-56 2.3634e-34 7.4484e-28 ] 1.0000e+00
 5.882e+01 5.8260e-28 5.8260e-28 [ 3.7228e-81 2.1983e-56 1.7533e-34 5.8260e-28 ] 1.0000e+00
 5.893e+01 4.5550e-28 4.5550e-28 [ 1.9271e-81 1.3664e-56 1.3000e-34 4.5550e-28 ] 1.0000e+00
 5.905e+01 3.5598e-28 3.5598e-28 [ 9.9666e-82 8.4861e-57 9.6341e-35 3.5598e-28 ] 1.0000e+00
 5.916e+01 2.7808e-28 2.7808e-28 [ 5.1499e-82 5.2664e-57 7.1360e-35 2.7808e-28 ] 1.0000e+00
 5.927e+01 2.1713e-28 2.1713e-28 [ 2.6587e-82 3.2657e-57 5.2829e-35 2.1713e-28 ] 1.0000e+00
 5.939e+01 1.6947e-28 1.6947e-28 [ 1.3713e-82 2.0235e-57 3.9090e-35 1.6947e-28 ] 1.0000e+00
 5.950e+01 1.3222e-28 1.3222e-28 [ 7.0670e-83 1.2528e-57 2.8909e-35 1.3222e-28 ] 1.0000e+00
 5.961e+01 1.0311e-28 1.0311e-28 [ 3.6386e-83 7.7504e-58 2.1368e-35 1.0311e-28 ] 1.0000e+00
 5.973e+01 8.0370e-29 8.0370e-29 [ 1.8718e-83 4.7910e-58 1.5787e-35 8.0370e-29 ] 1.0000e+00
 5.984e+01 6.2621e-29 6.2621e-29 [ 9.6203e-84 2.9593e-58 1.1657e-35 6.2621e-29 ] 1.0000e+00
 5.995e+01 4.8770e-29 4.8770e-29 [ 4.9401e-84 1.8265e-58 8.6029e-36 4.8770e-29 ] 1.0000e+00
 6.007e+01 3.7967e-29 3.7967e-29 [ 2.5345e-84 1.1264e-58 6.3458e-36 3.7967e-29 ] 1.0000e+00
 6.018e+01 2.9544e-29 2.9544e-29 [ 1.2992e-84 6.9416e-59 4.6785e-36 2.9544e-29 ] 1.0000e+00
 6.029e+01 2.2980e-29 2.2980e-29 [ 6.6540e-85 4.2744e-59 3.4474e-36 2.2980e-29 ] 1.0000e+00
 6.041e+01 1.7866e-29 1.7866e-29 [ 3.4049e-85 2.6300e-59 2.5390e-36 1.7866e-29 ] 1.0000e+00
 6.052e+01 1.3885e-29 1.3885e-29 [ 1.7407e-85 1.6169e-59 1.8690e-36 1.3885e-29 ] 1.0000e+00
 6.063e+01 1.0786e-29 1.0786e-29 [ 8.8919e-86 9.9334e-60 1.3751e-36 1.0786e-29 ] 1.0000e+00
 6.075e+01 8.3751e-30 8.3751e-30 [ 4.5381e-86 6.0977e-60 1.0111e-36 8.3751e-30 ] 1.0000e+00
 6.086e+01 6.5003e-30 6.5003e-30 [ 2.3140e-86 3.7402e-60 7.4316e-37 6.5003e-30 ] 1.0000e+00
 6.097e+01 5.0430e-30 5.0430e-30 [ 1.1789e-86 2.2924e-60 5.4591e-37 5.0430e-30 ] 1.0000e+00
 6.109e+01 3.9108e-30 3.9108e-30 [ 6.0012e-87 1.4039e-60 4.0081e-37 3.9108e-30 ] 1.0000e+00
 6.120e+01 3.0314e-30 3.0314e-30 [ 3.0521e-87 8.5915e-61 2.9413e-37 3.0314e-30 ] 1.0000e+00
 6.131e+01 2.3488e-30 2.3488e-30 [ 1.5510e-87 5.2536e-61 2.1573e-37 2.3488e-30 ] 1.0000e+00
 6.143e+01 1.8191e-30 1.8191e-30 [ 7.8744e-88 3.2100e-61 1.5814e-37 1.8191e-30 ] 1.0000e+00
 6.154e+01 1.4083e-30 1.4083e-30 [ 3.9945e-88 1.9599e-61 1.1587e-37 1.4083e-30 ] 1.0000e+00
 6.165e+01 1.0897e-30 1.0897e-30 [ 2.0246e-88 1.1957e-61 8.4851e-38 1.0897e-30 ] 1.0000e+00
 6.177e+01 8.4291e-31 8.4291e-31 [ 1.0252e-88 7.2889e-62 6.2105e-38 8.4291e-31 ] 1.0000e+00
 6.188e+01 6.5170e-31 6.5170e-31 [ 5.1874e-89 4.4400e-62 4.5433e-38 6.5170e-31 ] 1.0000e+00
 6.199e+01 5.0365e-31 5.0365e-31 [ 2.6224e-89 2.7025e-62 3.3220e-38 5.0365e-31 ] 1.0000e+00
 6.211e+01 3.8907e-31 3.8907e-31 [ 1.3246e-89 1.6437e-62 2.4277e-38 3.8907e-31 ] 1.0000e+00
 6.222e+01 3.0042e-31 3.0042e-31 [ 6.6851e-90 9.9891e-63 1.7732e-38 3.0042e-31 ] 1.0000e+00
 6.233e+01 2.3188e-31 2.3188e-31 [ 3.3709e-90 6.0661e-63 1.2945e-38 2.3188e-31 ] 1.0000e+00
 6.245e+01 1.7889e-31 1.7889e-31 [ 1.6983e-90 3.6809e-63 9.4456e-39 1.7889e-31 ] 1.0000e+00
 6.256e+01 1.3796e-31 1.3796e-31 [ 8.5494e-91 2.2319e-63 6.8885e-39 1.3796e-31 ] 1.0000e+00
 6.267e+01 1.0634e-31 1.0634e-31 [ 4.3001e-91 1.3523e-63 5.0211e-39 1.0634e-31 ] 1.0000e+00
 6.279e+01 8.1940e-32 8.1940e-32 [ 2.1610e-91 8.1868e-64 3.6580e-39 8.1940e-32 ] 1.0000e+00
 6.290e+01 6.3109e-32 6.3109e-32 [ 1.0851e-91 4.9527e-64 2.6636e-39 6.3109e-32 ] 1.0000e+00
 6.301e+01 4.8585e-32 4.8585e-32 [ 5.4439e-92 2.9938e-64 1.9385e-39 4.8585e-32 ] 1.0000e+00
 6.313e+01 3.7387e-32 3.7387e-32 [ 2.7289e-92 1.8084e-64 1.4101e-39 3.7387e-32 ] 1.0000e+00
 6.324e+01 2.8758e-32 2.8758e-32 [ 1.3668e-92 1.0915e-64 1.0252e-39 2.8758e-32 ] 1.0000e+00
 6.335e+01 2.2111e-32 2.2111e-32 [ 6.8401e-93 6.5829e-65 7.4494e-40 2.2111e-32 ] 1.0000e+00
 6.347e+01 1.6993e-32 1.6993e-32 [ 3.4202e-93 3.9672e-65 5.4103e-40 1.6993e-32 ] 1.0000e+00
 6.358e+01 1.3054e-32 1.3054e-32 [ 1.7088e-93 2.3891e-65 3.9273e-40 1.3054e-32 ] 1.0000e+00
 6.369e+01 1.0024e-32 1.0024e-32 [ 8.5302e-94 1.4376e-65 2.8494e-40 1.0024e-32 ] 1.0000e+00
 6.381e+01 7.6941e-33 7.6941e-33 [ 4.2547e-94 8.6440e-66 2.0662e-40 7.6941e-33 ] 1.0000e+00
 6.392e+01 5.9031e-33 5.9031e-33 [ 2.1204e-94 5.1936e-66 1.4976e-40 5.9031e-33 ] 1.0000e+00
 6.403e+01 4.5271e-33 4.5271e-33 [ 1.0559e-94 3.1181e-66 1.0848e-40 4.5271e-33 ] 1.0000e+00
 6.415e+01 3.4704e-33 3.4704e-33 [ 5.2535e-95 1.8706e-66 7.8545e-41 3.4704e-33 ] 1.0000e+00
 6.426e+01 2.6591e-33 2.6591e-33 [ 2.6118e-95 1.1214e-66 5.6840e-41 2.6591e-33 ] 1.0000e+00
 6.437e+01 2.0367e-33 2.0367e-33 [ 1.2973e-95 6.7172e-67 4.1111e-41 2.0367e-33 ] 1.0000e+00
 6.449e+01 1.5593e-33 1.5593e-33 [ 6.4391e-96 4.0207e-67 2.9720e-41 1.5593e-33 ] 1.0000e+00
 6.460e+01 1.1932e-33 1.1932e-33 [ 3.1933e-96 2.4048e-67 2.1473e-41 1.1932e-33 ] 1.0000e+00
 6.471e+01 9.1276e-34 9.1276e-34 [ 1.5823e-96 1.4373e-67 1.5507e-41 9.1276e-34 ] 1.0000e+00
 6.483e+01 6.9790e-34 6.9790e-34 [ 7.8343e-97 8.5836e-68 1.1193e-41 6.9790e-34 ] 1.0000e+00
 6.494e+01 5.3340e-34 5.3340e-34 [ 3.8757e-97 5.1224e-68 8.0749e-42 5.3340e-34 ] 1.0000e+00
 6.505e+01 4.0749e-34 4.0749e-34 [ 1.9158e-97 3.0545e-68 5.8224e-42 4.0749e-34 ] 1.0000e+00
 6.517e+01 3.1117e-34 3.1117e-34 [ 9.4624e-98 1.8201e-68 4.1960e-42 3.1117e-34 ] 1.0000e+00
 6.528e+01 2.3752e-34 2.3752e-34 [ 4.6698e-98 1.0837e-68 3.0224e-42 2.3752e-34 ] 1.0000e+00
 6.539e+01 1.8122e-34 1.8122e-34 [ 2.3028e-98 6.4479e-69 2.1759e-42 1.8122e-34 ] 1.0000e+00
 6.551e+01 1.3821e-34 1.3821e-34 [ 1.1346e-98 3.8335e-69 1.5657e-42 1.3821e-34 ] 1.0000e+00
 6.562e+01 1.0536e-34 1.0536e-34 [ 5.5860e-99 2.2774e-69 1.1260e-42 1.0536e-34 ] 1.0000e+00
 6.573e+01 8.0288e-35 8.0288e-35 [ 2.7479e-99 1.3520e-69 8.0942e-43 8.0288e-35 ] 1.0000e+00
 6.585e+01 6.1154e-35 6.1154e-35 [ 1.3507e-99 8.0199e-70 5.8153e-43 6.1154e-35 ] 1.0000e+00
 6.596e+01 4.6560e-35 4.6560e-35 [ 6.6339e-100 4.7539e-70 4.1758e-43 4.6560e-35 ] 1.0000e+00
 6.607e+01 3.5434e-35 3.5434e-35 [ 3.2556e-100 2.8158e-70 2.9970e-43 3.5434e-35 ] 1.0000e+00
 6.619e+01 2.6955e-35 2.6955e-35 [ 1.5964e-100 1.6666e-70 2.1499e-43 2.6955e-35 ] 1.0000e+00
 6.630e+01 2.0496e-35 2.0496e-35 [ 7.8221e-101 9.8569e-71 1.5414e-43 2.0496e-35 ] 1.0000e+00
 6.641e+01 1.5578e-35 1.5578e-35 [ 3.8296e-101 5.8254e-71 1.1046e-43 1.5578e-35 ] 1.0000e+00
 6.653e+01 1.1835e-35 1.1835e-35 [ 1.8735e-101 3.4402e-71 7.9113e-44 1.1835e-35 ] 1.0000e+00
 6.664e+01 8.9879e-36 8.9879e-36 [ 9.1578e-102 2.0301e-71 5.6634e-44 8.9879e-36 ] 1.0000e+00
 6.675e+01 6.8226e-36 6.8226e-36 [ 4.4729e-102 1.1971e-71 4.0521e-44 6.8226e-36 ] 1.0000e+00
 6.687e+01 5.1768e-36 5.1768e-36 [ 2.1830e-102 7.0540e-72 2.8978e-44 5.1768e-36 ] 1.0000e+00
 6.698e+01 3.9263e-36 3.9263e-36 [ 1.0646e-102 4.1535e-72 2.0712e-44 3.9263e-36 ] 1.0000e+00
 6.709e+01 2.9766e-36 2.9766e-36 [ 5.1876e-103 2.4438e-72 1.4797e-44 2.9766e-36 ] 1.0000e+00
 6.721e+01 2.2557e-36 2.2557e-36 [ 2.5259e-103 1.4368e-72 1.0565e-44 2.2557e-36 ] 1.0000e+00
 6.732e+01 1.7086e-36 1.7086e-36 [ 1.2289e-103 8.4413e-73 7.5399e-45 1.7086e-36 ] 1.0000e+00
 6.743e+01 1.2937e-36 1.2937e-36 [ 5.9743e-104 4.9557e-73 5.3781e-45 1.2937e-36 ] 1.0000e+00
 6.755e+01 9.7910e-37 9.7910e-37 [ 2.9021e-104 2.9072e-73 3.8342e-45 9.7910e-37 ] 1.0000e+00
 6.766e+01 7.4070e-37 7.4070e-37 [ 1.4087e-104 1.7042e-73 2.7321e-45 7.4070e-37 ] 1.0000e+00
 6.777e+01 5.6011e-37 5.6011e-37 [ 6.8324e-105 9.9830e-74 1.9457e-45 5.6011e-37 ] 1.0000e+00
 6.789e+01 4.2337e-37 4.2337e-37 [ 3.3113e-105 5.8435e-74 1.3850e-45 4.2337e-37 ] 1.0000e+00
 6.800e+01 3.1988e-37 3.1988e-37 [ 1.6036e-105 3.4180e-74 9.8539e-46 3.1988e-37 ] 1.0000e+00
 6.811e+01 2.4158e-37 2.4158e-37 [ 7.7598e-106 1.9978e-74 7.0070e-46 2.4158e-37 ] 1.0000e+00
 6.823e+01 1.8237e-37 1.8237e-37 [ 3.7521e-106 1.1668e-74 4.9801e-46 1.8237e-37 ] 1.0000e+00
 6.834e+01 1.3761e-37 1.3761e-37 [ 1.8129e-106 6.8101e-75 3.5377e-46 1.3761e-37 ] 1.0000e+00
 6.845e+01 1.0380e-37 1.0380e-37 [ 8.7525e-107 3.9717e-75 2.5117e-46 1.0380e-37 ] 1.0000e+00
 6.857e+01 7.8256e-38 7.8256e-38 [ 4.2225e-107 2.3146e-75 1.7824e-46 7.8256e-38 ] 1.0000e+00
 6.868e+01 5.8975e-38 5.8975e-38 [ 2.0355e-107 1.3479e-75 1.2642e-46 5.8975e-38 ] 1.0000e+00
 6.879e+01 4.4426e-38 4.4426e-38 [ 9.8049e-108 7.8442e-76 8.9620e-47 4.4426e-38 ] 1.0000e+00
 6.891e+01 3.3452e-38 3.3452e-38 [ 4.7194e-108 4.5615e-76 6.3499e-47 3.3452e-38 ] 1.0000e+00
 6.902e+01 2.5178e-38 2.5178e-38 [ 2.2699e-108 2.6506e-76 4.4969e-47 2.5178e-38 ] 1.0000e+00
 6.913e+01 1.8942e-38 1.8942e-38 [ 1.0909e-108 1.5391e-76 3.1830e-47 1.8942e-38 ] 1.0000e+00
 6.925e+01 1.4245e-38 1.4245e-38 [ 5.2391e-109 8.9306e-77 2.2518e-47 1.4245e-38 ] 1.0000e+00
 6.936e+01 1.0708e-38 1.0708e-38 [ 2.5142e-109 5.1782e-77 1.5922e-47 1.0708e-38 ] 1.0000e+00
 6.947e+01 8.0459e-39 8.0459e-39 [ 1.2056e-109 3.0003e-77 1.1253e-47 8.0459e-39 ] 1.0000e+00
 6.959e+01 6.0430e-39 6.0430e-39 [ 5.7769e-110 1.7371e-77 7.9484e-48 6.0430e-39 ] 1.0000e+00
 6.970e+01 4.5367e-39 4.5367e-39 [ 2.7660e-110 1.0050e-77 5.6115e-48 4.5367e-39 ] 1.0000e+00
 6.981e+01 3.4045e-39 3.4045e-39 [ 1.3234e-110 5.8105e-78 3.9597e-48 3.4045e-39 ] 1.0000e+00
 6.993e+01 2.5537e-39 2.5537e-39 [ 6.3272e-111 3.3569e-78 2.7927e-48 2.5537e-39 ] 1.0000e+00
 7.004e+01 1.9148e-39 1.9148e-39 [ 3.0228e-111 1.9380e-78 1.9686e-48 1.9148e-39 ] 1.0000e+00
 7.015e+01 1.4351e-39 1.4351e-39 [ 1.4431e-111 1.1180e-78 1.3870e-48 1.4351e-39 ] 1.0000e+00
 7.027e+01 1.0751e-39 1.0751e-39 [ 6.8839e-112 6.4452e-79 9.7672e-49 1.0751e-39 ] 1.0000e+00
 7.038e+01 8.0506e-40 8.0506e-40 [ 3.2815e-112 3.7129e-79 6.8745e-49 8.0506e-40 ] 1.0000e+00
 7.049e+01 6.0260e-40 6.0260e-40 [ 1.5631e-112 2.1373e-79 4.8360e-49 6.0260e-40 ] 1.0000e+00
 7.061e+01 4.5087e-40 4.5087e-40 [ 7.4401e-113 1.2295e-79 3.4003e-49 4.5087e-40 ] 1.0000e+00
 7.072e+01 3.3720e-40 3.3720e-40 [ 3.5388e-113 7.0674e-80 2.3895e-49 3.3720e-40 ] 1.0000e+00
 7.083e+01 2.5208e-40 2.5208e-40 [ 1.6820e-113 4.0596e-80 1.6784e-49 2.5208e-40 ] 1.0000e+00
 7.095e+01 1.8836e-40 1.8836e-40 [ 7.9884e-114 2.3302e-80 1.1783e-49 1.8836e-40 ] 1.0000e+00
 7.106e+01 1.4069e-40 1.4069e-40 [ 3.7913e-114 1.3366e-80 8.2678e-50 1.4069e-40 ] 1.0000e+00
 7.117e+01 1.0504e-40 1.0504e-40 [ 1.7981e-114 7.6613e-81 5.7983e-50 1.0504e-40 ] 1.0000e+00
 7.129e+01 7.8395e-41 7.8395e-41 [ 8.5212e-115 4.3882e-81 4.0644e-50 7.8395e-41 ] 1.0000e+00
 7.140e+01 5.8481e-41 5.8481e-41 [ 4.0354e-115 2.5117e-81 2.8475e-50 5.8481e-41 ] 1.0000e+00
 7.151e+01 4.3607e-41 4.3607e-41 [ 1.9097e-115 1.4366e-81 1.9939e-50 4.3607e-41 ] 1.0000e+00
 7.163e+01 3.2503e-41 3.2503e-41 [ 9.0305e-116 8.2109e-82 1.3955e-50 3.2503e-41 ] 1.0000e+00
 7.174e+01 2.4216e-41 2.4216e-41 [ 4.2674e-116 4.6897e-82 9.7620e-51 2.4216e-41 ] 1.0000e+00
 7.185e+01 1.8034e-41 1.8034e-41 [ 2.0151e-116 2.6766e-82 6.8253e-51 1.8034e-41 ] 1.0000e+00
 7.197e+01 1.3424e-41 1.3424e-41 [ 9.5086e-117 1.5266e-82 4.7696e-51 1.3424e-41 ] 1.0000e+00
 7.208e+01 9.9890e-42 9.9890e-42 [ 4.4836e-117 8.7004e-83 3.3313e-51 9.9890e-42 ] 1.0000e+00
 7.219e+01 7.4295e-42 7.4295e-42 [ 2.1127e-117 4.9552e-83 2.3256e-51 7.4295e-42 ] 1.0000e+00
 7.231e+01 5.5235e-42 5.5235e-42 [ 9.9478e-118 2.8201e-83 1.6227e-51 5.5235e-42 ] 1.0000e+00
 7.242e+01 4.1048e-42 4.1048e-42 [ 4.6808e-118 1.6039e-83 1.1316e-51 4.1048e-42 ] 1.0000e+00
 7.253e+01 3.0491e-42 3.0491e-42 [ 2.2009e-118 9.1154e-84 7.8878e-52 3.0491e-42 ] 1.0000e+00
 7.265e+01 2.2640e-42 2.2640e-42 [ 1.0341e-118 5.1769e-84 5.4952e-52 2.2640e-42 ] 1.0000e+00
 7.276e+01 1.6804e-42 1.6804e-42 [ 4.8555e-119 2.9380e-84 3.8264e-52 1.6804e-42 ] 1.0000e+00
 7.287e+01 1.2466e-42 1.2466e-42 [ 2.2782e-119 1.6662e-84 2.6630e-52 1.2466e-42 ] 1.0000e+00
 7.299e+01 9.2446e-43 9.2446e-43 [ 1.0682e-119 9.4430e-85 1.8524e-52 9.2446e-43 ] 1.0000e+00
 7.310e+01 6.8526e-43 6.8526e-43 [ 5.0050e-120 5.3479e-85 1.2879e-52 6.8526e-43 ] 1.0000e+00
 7.321e+01 5.0774e-43 5.0774e-43 [ 2.3434e-120 3.0265e-85 8.9497e-53 5.0774e-43 ] 1.0000e+00
 7.333e+01 3.7605e-43 3.7605e-43 [ 1.0965e-120 1.7116e-85 6.2160e-53 3.7605e-43 ] 1.0000e+00
 7.344e+01 2.7839e-43 2.7839e-43 [ 5.1266e-121 9.6731e-86 4.3151e-53 2.7839e-43 ] 1.0000e+00
 7.355e+01 2.0601e-43 2.0601e-43 [ 2.3954e-121 5.4629e-86 2.9940e-53 2.0601e-43 ] 1.0000e+00
 7.367e+01 1.5238e-43 1.5238e-43 [ 1.1184e-121 3.0830e-86 2.0763e-53 1.5238e-43 ] 1.0000e+00
 7.378e+01 1.1267e-43 1.1267e-43 [ 5.2185e-122 1.7387e-86 1.4391e-53 1.1267e-43 ] 1.0000e+00
 7.389e+01 8.3270e-44 8.3270e-44 [ 2.4332e-122 9.7986e-87 9.9701e-54 8.3270e-44 ] 1.0000e+00
 7.401e+01 6.1515e-44 6.1515e-44 [ 1.1338e-122 5.5183e-87 6.9036e-54 6.1515e-44 ] 1.0000e+00
 7.412e+01 4.5425e-44 4.5425e-44 [ 5.2792e-123 3.1056e-87 4.7778e-54 4.5425e-44 ] 1.0000e+00
 7.423e+01 3.3530e-44 3.3530e-44 [ 2.4564e-123 1.7466e-87 3.3049e-54 3.3530e-44 ] 1.0000e+00
 7.435e+01 2.4739e-44 2.4739e-44 [ 1.1422e-123 9.8158e-88 2.2849e-54 2.4739e-44 ] 1.0000e+00
 7.446e+01 1.8245e-44 1.8245e-44 [ 5.3076e-124 5.5127e-88 1.5789e-54 1.8245e-44 ] 1.0000e+00
 7.457e+01 1.3450e-44 1.3450e-44 [ 2.4646e-124 3.0939e-88 1.0905e-54 1.3450e-44 ] 1.0000e+00
 7.469e+01 9.9109e-45 9.9109e-45 [ 1.1437e-124 1.7352e-88 7.5280e-55 9.9109e-45 ] 1.0000e+00
 7.480e+01 7.3000e-45 7.3000e-45 [ 5.3035e-125 9.7246e-89 5.1941e-55 7.3000e-45 ] 1.0000e+00
 7.491e+01 5.3747e-45 5.3747e-45 [ 2.4577e-125 5.4464e-89 3.5819e-55 5.3747e-45 ] 1.0000e+00
 7.503e+01 3.9554e-45 3.9554e-45 [ 1.1382e-125 3.0482e-89 2.4689e-55 3.9554e-45 ] 1.0000e+00
 7.514e+01 2.9098e-45 2.9098e-45 [ 5.2672e-126 1.7048e-89 1.7009e-55 2.9098e-45 ] 1.0000e+00
 7.525e+01 2.1396e-45 2.1396e-45 [ 2.4360e-126 9.5284e-90 1.1712e-55 2.1396e-45 ] 1.0000e+00
 7.537e+01 1.5726e-45 1.5726e-45 [ 1.1258e-126 5.3218e-90 8.0601e-56 1.5726e-45 ] 1.0000e+00
 7.548e+01 1.1554e-45 1.1554e-45 [ 5.1996e-127 2.9703e-90 5.5443e-56 1.1554e-45 ] 1.0000e+00
 7.559e+01 8.4852e-46 8.4852e-46 [ 2.3998e-127 1.6567e-90 3.8118e-56 8.4852e-46 ] 1.0000e+00
 7.571e+01 6.2288e-46 6.2288e-46 [ 1.1069e-127 9.2341e-91 2.6194e-56 6.2288e-46 ] 1.0000e+00
 7.582e+01 4.5705e-46 4.5705e-46 [ 5.1019e-128 5.1433e-91 1.7990e-56 4.5705e-46 ] 1.0000e+00
 7.593e+01 3.3523e-46 3.3523e-46 [ 2.3501e-128 2.8628e-91 1.2350e-56 3.3523e-46 ] 1.0000e+00
 7.605e+01 2.4577e-46 2.4577e-46 [ 1.0818e-128 1.5924e-91 8.4736e-57 2.4577e-46 ] 1.0000e+00
 7.616e+01 1.8011e-46 1.8011e-46 [ 4.9763e-129 8.8514e-92 5.8111e-57 1.8011e-46 ] 1.0000e+00
 7.627e+01 1.3194e-46 1.3194e-46 [ 2.2876e-129 4.9167e-92 3.9831e-57 1.3194e-46 ] 1.0000e+00
 7.639e+01 9.6608e-47 9.6608e-47 [ 1.0509e-129 2.7293e-92 2.7287e-57 9.6608e-47 ] 1.0000e+00
 7.650e+01 7.0708e-47 7.0708e-47 [ 4.8249e-130 1.5140e-92 1.8685e-57 7.0708e-47 ] 1.0000e+00
 7.661e+01 5.1730e-47 5.1730e-47 [ 2.2137e-130 8.3926e-93 1.2788e-57 5.1730e-47 ] 1.0000e+00
 7.673e+01 3.7830e-47 3.7830e-47 [ 1.0150e-130 4.6492e-93 8.7474e-58 3.7830e-47 ] 1.0000e+00
 7.684e+01 2.7653e-47 2.7653e-47 [ 4.6505e-131 2.5738e-93 5.9806e-58 2.7653e-47 ] 1.0000e+00
 7.695e+01 2.0206e-47 2.0206e-47 [ 2.1295e-131 1.4238e-93 4.0869e-58 2.0206e-47 ] 1.0000e+00
 7.707e+01 1.4758e-47 1.4758e-47 [ 9.7446e-132 7.8716e-94 2.7914e-58 1.4758e-47 ] 1.0000e+00
 7.718e+01 1.0774e-47 1.0774e-47 [ 4.4562e-132 4.3488e-94 1.9056e-58 1.0774e-47 ] 1.0000e+00
 7.729e+01 7.8623e-48 7.8623e-48 [ 2.0365e-132 2.4010e-94 1.3002e-58 7.8623e-48 ] 1.0000e+00
 7.741e+01 5.7351e-48 5.7351e-48 [ 9.3011e-133 1.3247e-94 8.8670e-59 5.7351e-48 ] 1.0000e+00
 7.752e+01 4.1817e-48 4.1817e-48 [ 4.2452e-133 7.3037e-95 6.0440e-59 4.1817e-48 ] 1.0000e+00
 7.763e+01 3.0477e-48 3.0477e-48 [ 1.9363e-133 4.0242e-95 4.1177e-59 3.0477e-48 ] 1.0000e+00
 7.775e+01 2.2203e-48 2.2203e-48 [ 8.8264e-134 2.2158e-95 2.8039e-59 2.2203e-48 ] 1.0000e+00
 7.786e+01 1.6169e-48 1.6169e-48 [ 4.0207e-134 1.2192e-95 1.9083e-59 1.6169e-48 ] 1.0000e+00
 7.797e+01 1.1769e-48 1.1769e-48 [ 1.8304e-134 6.7042e-96 1.2981e-59 1.1769e-48 ] 1.0000e+00
 7.809e+01 8.5635e-49 8.5635e-49 [ 8.3276e-135 3.6840e-96 8.8262e-60 8.5635e-49 ] 1.0000e+00
 7.820e+01 6.2282e-49 6.2282e-49 [ 3.7863e-135 2.0230e-96 5.9980e-60 6.2282e-49 ] 1.0000e+00
 7.831e+01 4.5278e-49 4.5278e-49 [ 1.7204e-135 1.1102e-96 4.0740e-60 4.5278e-49 ] 1.0000e+00
 7.843e+01 3.2903e-49 3.2903e-49 [ 7.8121e-136 6.0883e-97 2.7658e-60 3.2903e-49 ] 1.0000e+00
 7.854e+01 2.3900e-49 2.3900e-49 [ 3.5451e-136 3.3366e-97 1.8767e-60 2.3900e-49 ] 1.0000e+00
 7.865e+01 1.7353e-49 1.7353e-49 [ 1.6078e-136 1.8274e-97 1.2728e-60 1.7353e-49 ] 1.0000e+00
 7.877e+01 1.2594e-49 1.2594e-49 [ 7.2868e-137 1.0002e-97 8.6276e-61 1.2594e-49 ] 1.0000e+00
 7.888e+01 9.1365e-50 9.1365e-50 [ 3.3005e-137 5.4704e-98 5.8454e-61 9.1365e-50 ] 1.0000e+00
 7.899e+01 6.6253e-50 6.6253e-50 [ 1.4940e-137 2.9900e-98 3.9583e-61 6.6253e-50 ] 1.0000e+00
 7.911e+01 4.8024e-50 4.8024e-50 [ 6.7583e-138 1.6332e-98 2.6791e-61 4.8024e-50 ] 1.0000e+00
 7.922e+01 3.4795e-50 3.4795e-50 [ 3.0554e-138 8.9152e-99 1.8124e-61 3.4795e-50 ] 1.0000e+00
 7.933e+01 2.5200e-50 2.5200e-50 [ 1.3804e-138 4.8632e-99 1.2255e-61 2.5200e-50 ] 1.0000e+00
 7.945e+01 1.8243e-50 1.8243e-50 [ 6.2330e-139 2.6512e-99 8.2820e-62 1.8243e-50 ] 1.0000e+00
 7.956e+01 1.3201e-50 1.3201e-50 [ 2.8126e-139 1.4443e-99 5.5943e-62 1.3201e-50 ] 1.0000e+00
 7.967e+01 9.5487e-51 9.5487e-51 [ 1.2684e-139 7.8631e-100 3.7769e-62 9.5487e-51 ] 1.0000e+00
 7.979e+01 6.9039e-51 6.9039e-51 [ 5.7164e-140 4.2781e-100 2.5486e-62 6.9039e-51 ] 1.0000e+00
 7.990e+01 4.9895e-51 4.9895e-51 [ 2.5747e-140 2.3260e-100 1.7189e-62 4.9895e-51 ] 1.0000e+00
 8.001e+01 3.6045e-51 3.6045e-51 [ 1.1590e-140 1.2638e-100 1.1588e-62 3.6045e-51 ] 1.0000e+00
 8.013e+01 2.6028e-51 2.6028e-51 [ 5.2136e-141 6.8626e-101 7.8076e-63 2.6028e-51 ] 1.0000e+00
 8.024e+01 1.8787e-51 1.8787e-51 [ 2.3439e-141 3.7239e-101 5.2580e-63 1.8787e-51 ] 1.0000e+00
 8.035e+01 1.3555e-51 1.3555e-51 [ 1.0531e-141 2.0194e-101 3.5392e-63 1.3555e-51 ] 1.0000e+00
 8.047e+01 9.7757e-52 9.7757e-52 [ 4.7288e-142 1.0944e-101 2.3810e-63 9.7757e-52 ] 1.0000e+00
 8.058e+01 7.0472e-52 7.0472e-52 [ 2.1220e-142 5.9269e-102 1.6011e-63 7.0472e-52 ] 1.0000e+00
 8.069e+01 5.0782e-52 5.0782e-52 [ 9.5168e-143 3.2078e-102 1.0761e-63 5.0782e-52 ] 1.0000e+00
 8.081e+01 3.6577e-52 3.6577e-52 [ 4.2655e-143 1.7350e-102 7.2286e-64 3.6577e-52 ] 1.0000e+00
 8.092e+01 2.6335e-52 2.6335e-52 [ 1.9107e-143 9.3780e-103 4.8534e-64 2.6335e-52 ] 1.0000e+00
 8.103e+01 1.8953e-52 1.8953e-52 [ 8.5533e-144 5.0657e-103 3.2571e-64 1.8953e-52 ] 1.0000e+00
 8.115e+01 1.3634e-52 1.3634e-52 [ 3.8267e-144 2.7346e-103 2.1847e-64 1.3634e-52 ] 1.0000e+00
 8.126e+01 9.8040e-53 9.8040e-53 [ 1.7110e-144 1.4752e-103 1.4646e-64 9.8040e-53 ] 1.0000e+00
 8.137e+01 7.0469e-53 7.0469e-53 [ 7.6456e-145 7.9531e-104 9.8142e-65 7.0469e-53 ] 1.0000e+00
 8.149e+01 5.0630e-53 5.0630e-53 [ 3.4144e-145 4.2849e-104 6.5730e-65 5.0630e-53 ] 1.0000e+00
 8.160e+01 3.6361e-53 3.6361e-53 [ 1.5239e-145 2.3071e-104 4.4000e-65 3.6361e-53 ] 1.0000e+00
 8.171e+01 2.6102e-53 2.6102e-53 [ 6.7974e-146 1.2414e-104 2.9439e-65 2.6102e-53 ] 1.0000e+00
 8.183e+01 1.8730e-53 1.8730e-53 [ 3.0302e-146 6.6752e-105 1.9687e-65 1.8730e-53 ] 1.0000e+00
 8.194e+01 1.3434e-53 1.3434e-53 [ 1.3500e-146 3.5871e-105 1.3159e-65 1.3434e-53 ] 1.0000e+00
 8.205e+01 9.6320e-54 9.6320e-54 [ 6.0110e-147 1.9264e-105 8.7911e-66 9.6320e-54 ] 1.0000e+00
 8.217e+01 6.9029e-54 6.9029e-54 [ 2.6748e-147 1.0339e-105 5.8701e-66 6.9029e-54 ] 1.0000e+00
 8.228e+01 4.9450e-54 4.9450e-54 [ 1.1896e-147 5.5452e-106 3.9178e-66 4.9450e-54 ] 1.0000e+00
 8.239e+01 3.5409e-54 3.5409e-54 [ 5.2872e-148 2.9723e-106 2.6134e-66 3.5409e-54 ] 1.0000e+00
 8.251e+01 2.5345e-54 2.5345e-54 [ 2.3486e-148 1.5921e-106 1.7425e-66 2.5345e-54 ] 1.0000e+00
 8.262e+01 1.8133e-54 1.8133e-54 [ 1.0426e-148 8.5229e-107 1.1612e-66 1.8133e-54 ] 1.0000e+00
 8.273e+01 1.2968e-54 1.2968e-54 [ 4.6259e-149 4.5596e-107 7.7344e-67 1.2968e-54 ] 1.0000e+00
 8.285e+01 9.2704e-55 9.2704e-55 [ 2.0512e-149 2.4377e-107 5.1491e-67 9.2704e-55 ] 1.0000e+00
 8.296e+01 6.6243e-55 6.6243e-55 [ 9.0903e-150 1.3025e-107 3.4263e-67 6.6243e-55 ] 1.0000e+00
 8.307e+01 4.7314e-55 4.7314e-55 [ 4.0261e-150 6.9545e-108 2.2788e-67 4.7314e-55 ] 1.0000e+00
 8.319e+01 3.3781e-55 3.3781e-55 [ 1.7821e-150 3.7110e-108 1.5148e-67 3.3781e-55 ] 1.0000e+00
 8.330e+01 2.4108e-55 2.4108e-55 [ 7.8839e-151 1.9790e-108 1.0065e-67 2.4108e-55 ] 1.0000e+00
 8.341e+01 1.7198e-55 1.7198e-55 [ 3.4857e-151 1.0547e-108 6.6838e-68 1.7198e-55 ] 1.0000e+00
 8.353e+01 1.2263e-55 1.2263e-55 [ 1.5402e-151 5.6173e-109 4.4364e-68 1.2263e-55 ] 1.0000e+00
 8.364e+01 8.7408e-56 8.7408e-56 [ 6.8020e-152 2.9899e-109 2.9432e-68 8.7408e-56 ] 1.0000e+00
 8.375e+01 6.2275e-56 6.2275e-56 [ 3.0021e-152 1.5904e-109 1.9516e-68 6.2275e-56 ] 1.0000e+00
 8.387e+01 4.4351e-56 4.4351e-56 [ 1.3243e-152 8.4545e-110 1.2935e-68 4.4351e-56 ] 1.0000e+00
 8.398e+01 3.1572e-56 3.1572e-56 [ 5.8381e-153 4.4915e-110 8.5686e-69 3.1572e-56 ] 1.0000e+00
 8.409e+01 2.2466e-56 2.2466e-56 [ 2.5723e-153 2.3846e-110 5.6733e-69 2.2466e-56 ] 1.0000e+00
 8.421e+01 1.5979e-56 1.5979e-56 [ 1.1327e-153 1.2653e-110 3.7545e-69 1.5979e-56 ] 1.0000e+00
 8.432e+01 1.1361e-56 1.1361e-56 [ 4.9850e-154 6.7091e-111 2.4834e-69 1.1361e-56 ] 1.0000e+00
 8.443e+01 8.0739e-57 8.0739e-57 [ 2.1926e-154 3.5553e-111 1.6419e-69 8.0739e-57 ] 1.0000e+00
 8.455e+01 5.7356e-57 5.7356e-57 [ 9.6386e-155 1.8829e-111 1.0849e-69 5.7356e-57 ] 1.0000e+00
 8.466e+01 4.0728e-57 4.0728e-57 [ 4.2347e-155 9.9652e-112 7.1657e-70 4.0728e-57 ] 1.0000e+00
 8.477e+01 2.8908e-57 2.8908e-57 [ 1.8594e-155 5.2709e-112 4.7304e-70 2.8908e-57 ] 1.0000e+00
 8.489e+01 2.0510e-57 2.0510e-57 [ 8.1600e-156 2.7862e-112 3.1212e-70 2.0510e-57 ] 1.0000e+00
 8.500e+01 1.4545e-57 1.4545e-57 [ 3.5789e-156 1.4718e-112 2.0584e-70 1.4545e-57 ] 1.0000e+00
 8.511e+01 1.0311e-57 1.0311e-57 [ 1.5688e-156 7.7704e-113 1.3568e-70 1.0311e-57 ] 1.0000e+00
 8.523e+01 7.3066e-58 7.3066e-58 [ 6.8730e-157 4.0997e-113 8.9391e-71 7.3066e-58 ] 1.0000e+00
 8.534e+01 5.1753e-58 5.1753e-58 [ 3.0093e-157 2.1617e-113 5.8865e-71 5.1753e-58 ] 1.0000e+00
 8.545e+01 3.6641e-58 3.6641e-58 [ 1.3169e-157 1.1391e-113 3.8744e-71 3.6641e-58 ] 1.0000e+00
 8.557e+01 2.5932e-58 2.5932e-58 [ 5.7596e-158 5.9989e-114 2.5488e-71 2.5932e-58 ] 1.0000e+00
 8.568e+01 1.8344e-58 1.8344e-58 [ 2.5176e-158 3.1572e-114 1.6759e-71 1.8344e-58 ] 1.0000e+00
 8.579e+01 1.2972e-58 1.2972e-58 [ 1.0998e-158 1.6606e-114 1.1014e-71 1.2972e-58 ] 1.0000e+00
 8.591e+01 9.1688e-59 9.1688e-59 [ 4.8021e-159 8.7289e-115 7.2352e-72 9.1688e-59 ] 1.0000e+00
 8.602e+01 6.4780e-59 6.4780e-59 [ 2.0955e-159 4.5855e-115 4.7503e-72 6.4780e-59 ] 1.0000e+00
 8.613e+01 4.5750e-59 4.5750e-59 [ 9.1392e-160 2.4074e-115 3.1173e-72 4.5750e-59 ] 1.0000e+00
 8.625e+01 3.2297e-59 3.2297e-59 [ 3.9836e-160 1.2631e-115 2.0447e-72 3.2297e-59 ] 1.0000e+00
 8.636e+01 2.2790e-59 2.2790e-59 [ 1.7354e-160 6.6229e-116 1.3405e-72 2.2790e-59 ] 1.0000e+00
 8.647e+01 1.6075e-59 1.6075e-59 [ 7.5560e-161 3.4705e-116 8.7838e-73 1.6075e-59 ] 1.0000e+00
 8.659e+01 1.1334e-59 1.1334e-59 [ 3.2880e-161 1.8175e-116 5.7529e-73 1.1334e-59 ] 1.0000e+00
 8.670e+01 7.9877e-60 7.9877e-60 [ 1.4300e-161 9.5125e-117 3.7659e-73 7.9877e-60 ] 1.0000e+00
 8.681e+01 5.6271e-60 5.6271e-60 [ 6.2156e-162 4.9755e-117 2.4641e-73 5.6271e-60 ] 1.0000e+00
 8.693e+01 3.9624e-60 3.9624e-60 [ 2.7002e-162 2.6009e-117 1.6114e-73 3.9624e-60 ] 1.0000e+00
 8.704e+01 2.7891e-60 2.7891e-60 [ 1.1724e-162 1.3587e-117 1.0533e-73 2.7891e-60 ] 1.0000e+00
 8.715e+01 1.9624e-60 1.9624e-60 [ 5.0872e-163 7.0936e-118 6.8817e-74 1.9624e-60 ] 1.0000e+00
 8.727e+01 1.3801e-60 1.3801e-60 [ 2.2063e-163 3.7012e-118 4.4938e-74 1.3801e-60 ] 1.0000e+00
 8.738e+01 9.7023e-61 9.7023e-61 [ 9.5630e-164 1.9300e-118 2.9331e-74 9.7023e-61 ] 1.0000e+00
 8.749e+01 6.8179e-61 6.8179e-61 [ 4.1427e-164 1.0057e-118 1.9135e-74 6.8179e-61 ] 1.0000e+00
 8.761e+01 4.7890e-61 4.7890e-61 [ 1.7936e-164 5.2379e-119 1.2477e-74 4.7890e-61 ] 1.0000e+00
 8.772e+01 3.3625e-61 3.3625e-61 [ 7.7612e-165 2.7262e-119 8.1314e-75 3.3625e-61 ] 1.0000e+00
 8.783e+01 2.3599e-61 2.3599e-61 [ 3.3565e-165 1.4181e-119 5.2969e-75 2.3599e-61 ] 1.0000e+00
 8.795e+01 1.6555e-61 1.6555e-61 [ 1.4508e-165 7.3716e-120 3.4488e-75 1.6555e-61 ] 1.0000e+00
 8.806e+01 1.1609e-61 1.1609e-61 [ 6.2670e-166 3.8296e-120 2.2444e-75 1.1609e-61 ] 1.0000e+00
 8.817e+01 8.1377e-62 8.1377e-62 [ 2.7057e-166 1.9883e-120 1.4598e-75 8.1377e-62 ] 1.0000e+00
 8.829e+01 5.7018e-62 5.7018e-62 [ 1.1675e-166 1.0317e-120 9.4909e-76 5.7018e-62 ] 1.0000e+00
 8.840e+01 3.9933e-62 3.9933e-62 [ 5.0346e-167 5.3497e-121 6.1673e-76 3.9933e-62 ] 1.0000e+00
 8.851e+01 2.7957e-62 2.7957e-62 [ 2.1699e-167 2.7724e-121 4.0057e-76 2.7957e-62 ] 1.0000e+00
 8.863e+01 1.9564e-62 1.9564e-62 [ 9.3468e-168 1.4358e-121 2.6004e-76 1.9564e-62 ] 1.0000e+00
 8.874e+01 1.3685e-62 1.3685e-62 [ 4.0238e-168 7.4315e-122 1.6873e-76 1.3685e-62 ] 1.0000e+00
 8.885e+01 9.5684e-63 9.5684e-63 [ 1.7313e-168 3.8440e-122 1.0943e-76 9.5684e-63 ] 1.0000e+00
 8.897e+01 6.6875e-63 6.6875e-63 [ 7.4444e-169 1.9871e-122 7.0934e-77 6.6875e-63 ] 1.0000e+00
 8.908e+01 4.6721e-63 4.6721e-63 [ 3.1993e-169 1.0265e-122 4.5959e-77 4.6721e-63 ] 1.0000e+00
 8.919e+01 3.2627e-63 3.2627e-63 [ 1.3741e-169 5.2997e-123 2.9763e-77 3.2627e-63 ] 1.0000e+00
 8.931e+01 2.2775e-63 2.2775e-63 [ 5.8983e-170 2.7344e-123 1.9265e-77 2.2775e-63 ] 1.0000e+00
 8.942e+01 1.5891e-63 1.5891e-63 [ 2.5303e-170 1.4099e-123 1.2463e-77 1.5891e-63 ] 1.0000e+00
 8.953e+01 1.1084e-63 1.1084e-63 [ 1.0849e-170 7.2653e-124 8.0594e-78 1.1084e-63 ] 1.0000e+00
 8.965e+01 7.7271e-64 7.7271e-64 [ 4.6485e-171 3.7414e-124 5.2090e-78 7.7271e-64 ] 1.0000e+00
 8.976e+01 5.3849e-64 5.3849e-64 [ 1.9906e-171 1.9255e-124 3.3651e-78 5.3849e-64 ] 1.0000e+00
 8.987e+01 3.7511e-64 3.7511e-64 [ 8.5192e-172 9.9027e-125 2.1728e-78 3.7511e-64 ] 1.0000e+00
 8.999e+01 2.6119e-64 2.6119e-64 [ 3.6438e-172 5.0897e-125 1.4023e-78 2.6119e-64 ] 1.0000e+00
 9.010e+01 1.8179e-64 1.8179e-64 [ 1.5575e-172 2.6142e-125 9.0458e-79 1.8179e-64 ] 1.0000e+00
 9.021e+01 1.2648e-64 1.2648e-64 [ 6.6536e-173 1.3419e-125 5.8323e-79 1.2648e-64 ] 1.0000e+00
 9.033e+01 8.7958e-65 8.7958e-65 [ 2.8406e-173 6.8832e-126 3.7585e-79 8.7958e-65 ] 1.0000e+00
 9.044e+01 6.1144e-65 6.1144e-65 [ 1.2120e-173 3.5285e-126 2.4210e-79 6.1144e-65 ] 1.0000e+00
 9.055e+01 4.2487e-65 4.2487e-65 [ 5.1677e-174 1.8075e-126 1.5586e-79 4.2487e-65 ] 1.0000e+00
 9.067e+01 2.9510e-65 2.9510e-65 [ 2.2020e-174 9.2533e-127 1.0030e-79 2.9510e-65 ] 1.0000e+00
 9.078e+01 2.0489e-65 2.0489e-65 [ 9.3774e-175 4.7338e-127 6.4509e-80 2.0489e-65 ] 1.0000e+00
 9.089e+01 1.4219e-65 1.4219e-65 [ 3.9908e-175 2.4201e-127 4.1471e-80 1.4219e-65 ] 1.0000e+00
 9.101e+01 9.8639e-66 9.8639e-66 [ 1.6973e-175 1.2364e-127 2.6647e-80 9.8639e-66 ] 1.0000e+00
 9.112e+01 6.8399e-66 6.8399e-66 [ 7.2137e-176 6.3119e-128 1.7113e-80 6.8399e-66 ] 1.0000e+00
 9.123e+01 4.7410e-66 4.7410e-66 [ 3.0639e-176 3.2201e-128 1.0985e-80 4.7410e-66 ] 1.0000e+00
 9.135e+01 3.2848e-66 3.2848e-66 [ 1.3005e-176 1.6416e-128 7.0483e-81 3.2848e-66 ] 1.0000e+00
 9.146e+01 2.2749e-66 2.2749e-66 [ 5.5163e-177 8.3630e-129 4.5200e-81 2.2749e-66 ] 1.0000e+00
 9.157e+01 1.5749e-66 1.5749e-66 [ 2.3383e-177 4.2573e-129 2.8972e-81 1.5749e-66 ] 1.0000e+00
 9.169e+01 1.0898e-66 1.0898e-66 [ 9.9046e-178 2.1657e-129 1.8561e-81 1.0898e-66 ] 1.0000e+00
 9.180e+01 7.5381e-67 7.5381e-67 [ 4.1925e-178 1.1009e-129 1.1885e-81 7.5381e-67 ] 1.0000e+00
 9.191e+01 5.2119e-67 5.2119e-67 [ 1.7734e-178 5.5918e-130 7.6065e-82 5.2119e-67 ] 1.0000e+00
 9.203e+01 3.6021e-67 3.6021e-67 [ 7.4961e-179 2.8381e-130 4.8658e-82 3.6021e-67 ] 1.0000e+00
 9.214e+01 2.4885e-67 2.4885e-67 [ 3.1663e-179 1.4394e-130 3.1110e-82 2.4885e-67 ] 1.0000e+00
 9.225e+01 1.7185e-67 1.7185e-67 [ 1.3364e-179 7.2946e-131 1.9881e-82 1.7185e-67 ] 1.0000e+00
 9.237e+01 1.1862e-67 1.1862e-67 [ 5.6366e-180 3.6938e-131 1.2698e-82 1.1862e-67 ] 1.0000e+00
 9.248e+01 8.1847e-68 8.1847e-68 [ 2.3755e-180 1.8690e-131 8.1063e-83 8.1847e-68 ] 1.0000e+00
 9.259e+01 5.6450e-68 5.6450e-68 [ 1.0004e-180 9.4489e-132 5.1723e-83 5.6450e-68 ] 1.0000e+00
 9.271e+01 3.8917e-68 3.8917e-68 [ 4.2098e-181 4.7731e-132 3.2984e-83 3.8917e-68 ] 1.0000e+00
 9.282e+01 2.6819e-68 2.6819e-68 [ 1.7701e-181 2.4091e-132 2.1023e-83 2.6819e-68 ] 1.0000e+00
 9.293e+01 1.8474e-68 1.8474e-68 [ 7.4372e-182 1.2149e-132 1.3393e-83 1.8474e-68 ] 1.0000e+00
 9.305e+01 1.2721e-68 1.2721e-68 [ 3.1222e-182 6.1218e-133 8.5268e-84 1.2721e-68 ] 1.0000e+00
 9.316e+01 8.7554e-69 8.7554e-69 [ 1.3097e-182 3.0819e-133 5.4258e-84 8.7554e-69 ] 1.0000e+00
 9.327e+01 6.0237e-69 6.0237e-69 [ 5.4891e-183 1.5502e-133 3.4506e-84 6.0237e-69 ] 1.0000e+00
 9.339e+01 4.1426e-69 4.1426e-69 [ 2.2987e-183 7.7902e-134 2.1932e-84 4.1426e-69 ] 1.0000e+00
 9.350e+01 2.8477e-69 2.8477e-69 [ 9.6179e-184 3.9113e-134 1.3932e-84 2.8477e-69 ] 1.0000e+00
 9.361e+01 1.9568e-69 1.9568e-69 [ 4.0207e-184 1.9619e-134 8.8444e-85 1.9568e-69 ] 1.0000e+00
 9.373e+01 1.3440e-69 1.3440e-69 [ 1.6794e-184 9.8319e-135 5.6113e-85 1.3440e-69 ] 1.0000e+00
 9.384e+01 9.2279e-70 9.2279e-70 [ 7.0080e-185 4.9223e-135 3.5578e-85 9.2279e-70 ] 1.0000e+00
 9.395e+01 6.3330e-70 6.3330e-70 [ 2.9218e-185 2.4619e-135 2.2543e-85 6.3330e-70 ] 1.0000e+00
 9.407e+01 4.3445e-70 4.3445e-70 [ 1.2170e-185 1.2301e-135 1.4274e-85 4.3445e-70 ] 1.0000e+00
 9.418e+01 2.9792e-70 2.9792e-70 [ 5.0644e-186 6.1400e-136 9.0322e-86 2.9792e-70 ] 1.0000e+00
 9.429e+01 2.0421e-70 2.0421e-70 [ 2.1054e-186 3.0615e-136 5.7111e-86 2.0421e-70 ] 1.0000e+00
 9.441e+01 1.3991e-70 1.3991e-70 [ 8.7441e-187 1.5249e-136 3.6084e-86 1.3991e-70 ] 1.0000e+00
 9.452e+01 9.5824e-71 9.5824e-71 [ 3.6279e-187 7.5872e-137 2.2782e-86 9.5824e-71 ] 1.0000e+00
 9.463e+01 6.5601e-71 6.5601e-71 [ 1.5037e-187 3.7707e-137 1.4371e-86 6.5601e-71 ] 1.0000e+00
 9.475e+01 4.4892e-71 4.4892e-71 [ 6.2257e-188 1.8719e-137 9.0584e-87 4.4892e-71 ] 1.0000e+00
 9.486e+01 3.0708e-71 3.0708e-71 [ 2.5748e-188 9.2816e-138 5.7046e-87 3.0708e-71 ] 1.0000e+00
 9.497e+01 2.0997e-71 2.0997e-71 [ 1.0637e-188 4.5967e-138 3.5892e-87 2.0997e-71 ] 1.0000e+00
 9.509e+01 1.4351e-71 1.4351e-71 [ 4.3896e-189 2.2738e-138 2.2561e-87 1.4351e-71 ] 1.0000e+00
 9.520e+01 9.8042e-72 9.8042e-72 [ 1.8093e-189 1.1233e-138 1.4168e-87 9.8042e-72 ] 1.0000e+00
 9.531e+01 6.6954e-72 6.6954e-72 [ 7.4487e-190 5.5421e-139 8.8875e-88 6.6954e-72 ] 1.0000e+00
 9.543e+01 4.5705e-72 4.5705e-72 [ 3.0628e-190 2.7307e-139 5.5691e-88 4.5705e-72 ] 1.0000e+00
 9.554e+01 3.1187e-72 3.1187e-72 [ 1.2578e-190 1.3437e-139 3.4857e-88 3.1187e-72 ] 1.0000e+00
 9.565e+01 2.1271e-72 2.1271e-72 [ 5.1584e-191 6.6024e-140 2.1791e-88 2.1271e-72 ] 1.0000e+00
 9.577e+01 1.4503e-72 1.4503e-72 [ 2.1128e-191 3.2395e-140 1.3606e-88 1.4503e-72 ] 1.0000e+00
 9.588e+01 9.8837e-73 9.8837e-73 [ 8.6414e-192 1.5871e-140 8.4835e-89 9.8837e-73 ] 1.0000e+00
 9.599e+01 6.7330e-73 6.7330e-73 [ 3.5294e-192 7.7633e-141 5.2824e-89 6.7330e-73 ] 1.0000e+00
 9.611e+01 4.5849e-73 4.5849e-73 [ 1.4393e-192 3.7914e-141 3.2843e-89 4.5849e-73 ] 1.0000e+00
 9.622e+01 3.1208e-73 3.1208e-73 [ 5.8608e-193 1.8486e-141 2.0388e-89 3.1208e-73 ] 1.0000e+00
 9.633e+01 2.1233e-73 2.1233e-73 [ 2.3826e-193 8.9976e-142 1.2636e-89 2.1233e-73 ] 1.0000e+00
 9.645e+01 1.4441e-73 1.4441e-73 [ 9.6701e-194 4.3715e-142 7.8178e-90 1.4441e-73 ] 1.0000e+00
 9.656e+01 9.8175e-74 9.8175e-74 [ 3.9178e-194 2.1200e-142 4.8280e-90 9.8175e-74 ] 1.0000e+00
 9.667e+01 6.6715e-74 6.6715e-74 [ 1.5844e-194 1.0261e-142 2.9759e-90 6.6715e-74 ] 1.0000e+00
 9.679e+01 4.5317e-74 4.5317e-74 [ 6.3954e-195 4.9561e-143 1.8305e-90 4.5317e-74 ] 1.0000e+00
 9.690e+01 3.0770e-74 3.0770e-74 [ 2.5762e-195 2.3888e-143 1.1235e-90 3.0770e-74 ] 1.0000e+00
 9.701e+01 2.0884e-74 2.0884e-74 [ 1.0356e-195 1.1488e-143 6.8800e-91 2.0884e-74 ] 1.0000e+00
 9.713e+01 1.4168e-74 1.4168e-74 [ 4.1535e-196 5.5112e-144 4.2027e-91 1.4168e-74 ] 1.0000e+00
 9.724e+01 9.6079e-75 9.6079e-75 [ 1.6619e-196 2.6374e-144 2.5606e-91 9.6079e-75 ] 1.0000e+00
 9.735e+01 6.5127e-75 6.5127e-75 [ 6.6328e-197 1.2587e-144 1.5557e-91 6.5127e-75 ] 1.0000e+00
 9.747e+01 4.4127e-75 4.4127e-75 [ 2.6400e-197 5.9904e-145 9.4232e-92 4.4127e-75 ] 1.0000e+00
 9.758e+01 2.9885e-75 2.9885e-75 [ 1.0477e-197 2.8421e-145 5.6895e-92 2.9885e-75 ] 1.0000e+00
 9.769e+01 2.0231e-75 2.0231e-75 [ 4.1450e-198 1.3440e-145 3.4232e-92 2.0231e-75 ] 1.0000e+00
 9.781e+01 1.3688e-75 1.3688e-75 [ 1.6342e-198 6.3330e-146 2.0518e-92 1.3688e-75 ] 1.0000e+00
 9.792e+01 9.2567e-76 9.2567e-76 [ 6.4190e-199 2.9725e-146 1.2248e-92 9.2567e-76 ] 1.0000e+00
 9.803e+01 6.2562e-76 6.2562e-76 [ 2.5109e-199 1.3892e-146 7.2779e-93 6.2562e-76 ] 1.0000e+00
 9.815e+01 4.2255e-76 4.2255e-76 [ 9.7773e-200 6.4622e-147 4.3031e-93 4.2255e-76 ] 1.0000e+00
 9.826e+01 2.8517e-76 2.8517e-76 [ 3.7877e-200 2.9902e-147 2.5301e-93 2.8517e-76 ] 1.0000e+00
 9.837e+01 1.9226e-76 1.9226e-76 [ 1.4589e-200 1.3754e-147 1.4784e-93 1.9226e-76 ] 1.0000e+00
 9.849e+01 1.2946e-76 1.2946e-76 [ 5.5825e-201 6.2842e-148 8.5776e-94 1.2946e-76 ] 1.0000e+00
 9.860e+01 8.7019e-77 8.7019e-77 [ 2.1199e-201 2.8489e-148 4.9363e-94 8.7019e-77 ] 1.0000e+00
 9.871e+01 5.8352e-77 5.8352e-77 [ 7.9781e-202 1.2798e-148 2.8139e-94 5.8352e-77 ] 1.0000e+00
 9.883e+01 3.8992e-77 3.8992e-77 [ 2.9706e-202 5.6872e-149 1.5860e-94 3.8992e-77 ] 1.0000e+00
 9.894e+01 2.5920e-77 2.5920e-77 [ 1.0917e-202 2.4940e-149 8.8164e-95 2.5920e-77 ] 1.0000e+00
 9.905e+01 1.7090e-77 1.7090e-77 [ 3.9466e-203 1.0757e-149 4.8163e-95 1.7090e-77 ] 1.0000e+00
 9.917e+01 1.1121e-77 1.1121e-77 [ 1.3967e-203 4.5404e-150 2.5711e-95 1.1121e-77 ] 1.0000e+00
 9.928e+01 7.0767e-78 7.0767e-78 [ 4.8020e-204 1.8609e-150 1.3286e-95 7.0767e-78 ] 1.0000e+00
 9.939e+01 4.3267e-78 4.3267e-78 [ 1.5830e-204 7.3019e-151 6.5272e-96 4.3267e-78 ] 1.0000e+00
 9.951e+01 2.4491e-78 2.4491e-78 [ 4.8726e-205 2.6622e-151 2.9355e-96 2.4491e-78 ] 1.0000e+00
 9.962e+01 1.1736e-78 1.1736e-78 [ 1.3058e-205 8.3260e-152 1.0986e-96 1.1736e-78 ] 1.0000e+00
 9.973e+01 3.5708e-79 3.5708e-79 [ 2.2984e-206 1.6467e-152 2.4627e-97 3.5708e-79 ] 1.0000e+00
 9.985e+01 0.0000e+00 0.0000e+00 [ 0.0000e+00 0.0000e+00 0.0000e+00 0.0000e+00 ] 1.0000e+00
