 0.000e+00 0.0000e+00 0.0000e+00 [ 0.0000e+00 0.0000e+00 0.0000e+00 0.0000e+00 0.0000e+00 0.0000e+00 0.0000e+00 ] 0.0000e+00 [ 0.0000e+00 ] 1.0000e+00
 1.133e-01 1.3670e-02 1.3670e-02 [ 9.4061e-03 5.3602e-04 1.0835e-04 9.7682e-04 3.1051e-04 1.5380e-03 7.9402e-04 ] 0.0000e+00 [ 0.0000e+00 ] 9.8633e-01
 2.267e-01 3.4667e-02 3.4667e-02 [ 1.4750e-02 2.3770e-03 5.4350e-04 5.2702e-03 1.4677e-03 6.9852e-03 3.2731e-03 ] 0.0000e+00 [ 0.0000e+00 ] 9.6533e-01
 3.400e-01 7.9208e-02 7.9208e-02 [ 2.1669e-02 6.2262e-03 1.7175e-03 1.8483e-02 4.2374e-03 1.8972e-02 7.9034e-03 ] 0.0000e+00 [ 0.0000e+00 ] 9.2079e-01
 4.533e-01 1.7310e-01 1.7310e-01 [ 3.3397e-02 1.3075e-02 4.5516e-03 5.5191e-02 1.0034e-02 4.1630e-02 1.5217e-02 ] 0.0000e+00 [ 0.0000e+00 ] 8.2690e-01
 5.667e-01 3.4665e-01 3.4665e-01 [ 5.1738e-02 2.2894e-02 1.0307e-02 1.4104e-01 2.0026e-02 7.6292e-02 2.4356e-02 ] 0.0000e+00 [ 0.0000e+00 ] 6.5335e-01
 6.800e-01 5.7203e-01 5.7203e-01 [ 6.9562e-02 3.1550e-02 1.8406e-02 2.8115e-01 3.1367e-02 1.0936e-01 3.0637e-02 ] 0.0000e+00 [ 0.0000e+00 ] 4.2797e-01
 7.933e-01 7.2827e-01 7.2827e-01 [ 7.3414e-02 3.3436e-02 2.4710e-02 4.1125e-01 3.7109e-02 1.1872e-01 2.9631e-02 ] 0.0000e+00 [ 0.0000e+00 ] 2.7173e-01
 9.067e-01 7.9068e-01 7.9068e-01 [ 6.6186e-02 3.0855e-02 2.7982e-02 4.9312e-01 3.7356e-02 1.1022e-01 2.4960e-02 ] 0.0000e+00 [ 0.0000e+00 ] 2.0932e-01
 1.020e+00 8.1209e-01 8.1209e-01 [ 5.6319e-02 2.7675e-02 2.9873e-02 5.4379e-01 3.5810e-02 9.8118e-02 2.0509e-02 ] 0.0000e+00 [ 0.0000e+00 ] 1.8791e-01
 1.133e+00 8.2070e-01 8.2070e-01 [ 4.7149e-02 2.5116e-02 3.1323e-02 5.7776e-01 3.4183e-02 8.7913e-02 1.7252e-02 ] 0.0000e+00 [ 0.0000e+00 ] 1.7930e-01
 1.247e+00 8.2502e-01 8.2502e-01 [ 3.9412e-02 2.3286e-02 3.2584e-02 6.0081e-01 3.2961e-02 8.0821e-02 1.5148e-02 ] 0.0000e+00 [ 0.0000e+00 ] 1.7498e-01
 1.360e+00 8.2733e-01 8.2733e-01 [ 3.3108e-02 2.2079e-02 3.3673e-02 6.1522e-01 3.2269e-02 7.6958e-02 1.4022e-02 ] 0.0000e+00 [ 0.0000e+00 ] 1.7267e-01
 1.473e+00 8.2828e-01 8.2828e-01 [ 2.8062e-02 2.1400e-02 3.4554e-02 6.2209e-01 3.2141e-02 7.6279e-02 1.3758e-02 ] 0.0000e+00 [ 0.0000e+00 ] 1.7172e-01
 1.587e+00 8.2803e-01 8.2803e-01 [ 2.4064e-02 2.1211e-02 3.5198e-02 6.2181e-01 3.2587e-02 7.8818e-02 1.4335e-02 ] 0.0000e+00 [ 0.0000e+00 ] 1.7197e-01
 1.700e+00 8.2651e-01 8.2651e-01 [ 2.0925e-02 2.1539e-02 3.5593e-02 6.1426e-01 3.3616e-02 8.4750e-02 1.5836e-02 ] 0.0000e+00 [ 0.0000e+00 ] 1.7349e-01
 1.813e+00 8.2346e-01 8.2346e-01 [ 1.8484e-02 2.2471e-02 3.5748e-02 5.9870e-01 3.5225e-02 9.4378e-02 1.8457e-02 ] 0.0000e+00 [ 0.0000e+00 ] 1.7654e-01
 1.927e+00 8.1812e-01 8.1812e-01 [ 1.6607e-02 2.4157e-02 3.5664e-02 5.7377e-01 3.7376e-02 1.0802e-01 2.2525e-02 ] 0.0000e+00 [ 0.0000e+00 ] 1.8188e-01
 2.040e+00 8.0824e-01 8.0824e-01 [ 1.5162e-02 2.6773e-02 3.5265e-02 5.3701e-01 3.9912e-02 1.2565e-01 2.8469e-02 ] 0.0000e+00 [ 0.0000e+00 ] 1.9176e-01
 2.153e+00 7.8632e-01 7.8632e-01 [ 1.3936e-02 3.0325e-02 3.4201e-02 4.8327e-01 4.2275e-02 1.4575e-01 3.6573e-02 ] 0.0000e+00 [ 0.0000e+00 ] 2.1368e-01
 2.267e+00 7.2920e-01 7.2920e-01 [ 1.2435e-02 3.3895e-02 3.1375e-02 4.0132e-01 4.2713e-02 1.6164e-01 4.5826e-02 ] 0.0000e+00 [ 0.0000e+00 ] 2.7080e-01
 2.380e+00 5.9339e-01 5.9339e-01 [ 9.8082e-03 3.4170e-02 2.4859e-02 2.7956e-01 3.7542e-02 1.5626e-01 5.1186e-02 ] 0.0000e+00 [ 0.0000e+00 ] 4.0661e-01
 2.493e+00 3.8767e-01 3.8767e-01 [ 6.1363e-03 2.7956e-02 1.5383e-02 1.4757e-01 2.5871e-02 1.1871e-01 4.6035e-02 ] 0.0000e+00 [ 0.0000e+00 ] 6.1233e-01
 2.607e+00 2.1192e-01 2.1192e-01 [ 3.1170e-03 1.8899e-02 7.6926e-03 6.1304e-02 1.4332e-02 7.2519e-02 3.4057e-02 ] 0.0000e+00 [ 0.0000e+00 ] 7.8808e-01
 2.720e+00 1.0734e-01 1.0734e-01 [ 1.4124e-03 1.1538e-02 3.4402e-03 2.2193e-02 7.0041e-03 3.9029e-02 2.2727e-02 ] 0.0000e+00 [ 0.0000e+00 ] 8.9266e-01
 2.833e+00 5.3999e-02 5.3999e-02 [ 6.1160e-04 6.7838e-03 1.4785e-03 7.5071e-03 3.2246e-03 1.9749e-02 1.4645e-02 ] 0.0000e+00 [ 0.0000e+00 ] 9.4600e-01
 2.947e+00 2.7939e-02 2.7939e-02 [ 2.6280e-04 3.9690e-03 6.3481e-04 2.4578e-03 1.4461e-03 9.7144e-03 9.4541e-03 ] 0.0000e+00 [ 0.0000e+00 ] 9.7206e-01
 3.060e+00 1.5118e-02 1.5118e-02 [ 1.1433e-04 2.3443e-03 2.7792e-04 7.9194e-04 6.4170e-04 4.7207e-03 6.2270e-03 ] 0.0000e+00 [ 0.0000e+00 ] 9.8488e-01
 3.173e+00 8.6219e-03 8.6219e-03 [ 5.0914e-05 1.4056e-03 1.2551e-04 2.5310e-04 2.8381e-04 2.2846e-03 4.2184e-03 ] 0.0000e+00 [ 0.0000e+00 ] 9.9138e-01
 3.287e+00 5.1957e-03 5.1957e-03 [ 2.3349e-05 8.5619e-04 5.8881e-05 8.0546e-05 1.2553e-04 1.1062e-03 2.9449e-03 ] 0.0000e+00 [ 0.0000e+00 ] 9.9480e-01
 3.400e+00 3.3028e-03 3.3028e-03 [ 1.1051e-05 5.2920e-04 2.8817e-05 2.5578e-05 5.5619e-05 5.3778e-04 2.1148e-03 ] 0.0000e+00 [ 0.0000e+00 ] 9.9670e-01
 3.513e+00 2.2034e-03 2.2034e-03 [ 5.3956e-06 3.3109e-04 1.4735e-05 8.1153e-06 2.4703e-05 2.6333e-04 1.5560e-03 ] 0.0000e+00 [ 0.0000e+00 ] 9.9780e-01
 3.627e+00 1.5308e-03 1.5308e-03 [ 2.7101e-06 2.0905e-04 7.8647e-06 2.5750e-06 1.1001e-05 1.3037e-04 1.1673e-03 ] 0.0000e+00 [ 0.0000e+00 ] 9.9847e-01
 3.740e+00 1.0983e-03 1.0983e-03 [ 1.3946e-06 1.3280e-04 4.3684e-06 8.1768e-07 4.9134e-06 6.5550e-05 8.8850e-04 ] 0.0000e+00 [ 0.0000e+00 ] 9.9890e-01
 3.853e+00 8.0722e-04 8.0722e-04 [ 7.3189e-07 8.4612e-05 2.5135e-06 2.6006e-07 2.2004e-06 3.3657e-05 6.8324e-04 ] 0.0000e+00 [ 0.0000e+00 ] 9.9919e-01
 3.967e+00 6.0354e-04 6.0354e-04 [ 3.8981e-07 5.3923e-05 1.4901e-06 8.2898e-08 9.8806e-07 1.7755e-05 5.2891e-04 ] 0.0000e+00 [ 0.0000e+00 ] 9.9940e-01
 4.080e+00 4.5657e-04 4.5657e-04 [ 2.0978e-07 3.4287e-05 9.0512e-07 2.6508e-08 4.4474e-07 9.6823e-06 4.1102e-04 ] 0.0000e+00 [ 0.0000e+00 ] 9.9954e-01
 4.193e+00 3.4802e-04 3.4802e-04 [ 1.1362e-07 2.1706e-05 5.6044e-07 8.5113e-09 2.0062e-07 5.4847e-06 3.1995e-04 ] 0.0000e+00 [ 0.0000e+00 ] 9.9965e-01
 4.307e+00 2.6649e-04 2.6649e-04 [ 6.1728e-08 1.3657e-05 3.5211e-07 2.7470e-09 9.0666e-08 3.2357e-06 2.4909e-04 ] 0.0000e+00 [ 0.0000e+00 ] 9.9973e-01
 4.420e+00 2.0454e-04 2.0454e-04 [ 3.3544e-08 8.5282e-06 2.2361e-07 8.9242e-10 4.1039e-08 1.9867e-06 1.9373e-04 ] 0.0000e+00 [ 0.0000e+00 ] 9.9980e-01
 4.533e+00 1.5712e-04 1.5712e-04 [ 1.8192e-08 5.2800e-06 1.4306e-07 2.9230e-10 1.8598e-08 1.2651e-06 1.5039e-04 ] 0.0000e+00 [ 0.0000e+00 ] 9.9984e-01
 4.647e+00 1.2064e-04 1.2064e-04 [ 9.8266e-09 3.2387e-06 9.1965e-08 9.6731e-11 8.4350e-09 8.3066e-07 1.1646e-04 ] 0.0000e+00 [ 0.0000e+00 ] 9.9988e-01
 4.760e+00 9.2519e-05 9.2519e-05 [ 5.2789e-09 1.9672e-06 5.9267e-08 3.2434e-11 3.8273e-09 5.5882e-07 8.9925e-05 ] 0.0000e+00 [ 0.0000e+00 ] 9.9991e-01
 4.873e+00 7.0822e-05 7.0822e-05 [ 2.8167e-09 1.1830e-06 3.8219e-08 1.1060e-11 1.7367e-09 3.8282e-07 6.9214e-05 ] 0.0000e+00 [ 0.0000e+00 ] 9.9993e-01
 4.987e+00 5.4088e-05 5.4088e-05 [ 1.4913e-09 7.0434e-07 2.4623e-08 3.8547e-12 7.8776e-10 2.6565e-07 5.3092e-05 ] 0.0000e+00 [ 0.0000e+00 ] 9.9995e-01
 5.100e+00 4.1198e-05 4.1198e-05 [ 7.8275e-10 4.1521e-07 1.5828e-08 1.3822e-12 3.5706e-10 1.8595e-07 4.0580e-05 ] 0.0000e+00 [ 0.0000e+00 ] 9.9996e-01
 5.213e+00 3.1288e-05 3.1288e-05 [ 4.0705e-10 2.4242e-07 1.0139e-08 5.1393e-13 1.6166e-10 1.3089e-07 3.0904e-05 ] 0.0000e+00 [ 0.0000e+00 ] 9.9997e-01
 5.327e+00 2.3688e-05 2.3688e-05 [ 2.0960e-10 1.4023e-07 6.4655e-09 1.9981e-13 7.3087e-11 9.2444e-08 2.3448e-05 ] 0.0000e+00 [ 0.0000e+00 ] 9.9998e-01
 5.440e+00 1.7875e-05 1.7875e-05 [ 1.0682e-10 8.0401e-08 4.1008e-09 8.1794e-14 3.2984e-11 6.5404e-08 1.7725e-05 ] 0.0000e+00 [ 0.0000e+00 ] 9.9998e-01
 5.553e+00 1.3443e-05 1.3443e-05 [ 5.3869e-11 4.5713e-08 2.5847e-09 3.5377e-14 1.4855e-11 4.6304e-08 1.3349e-05 ] 0.0000e+00 [ 0.0000e+00 ] 9.9999e-01
 5.667e+00 1.0076e-05 1.0076e-05 [ 2.6871e-11 2.5785e-08 1.6178e-09 1.6139e-14 6.6746e-12 3.2778e-08 1.0015e-05 ] 0.0000e+00 [ 0.0000e+00 ] 9.9999e-01
 5.780e+00 7.5257e-06 7.5257e-06 [ 1.3256e-11 1.4435e-08 1.0049e-09 7.7159e-15 2.9914e-12 2.3190e-08 7.4871e-06 ] 0.0000e+00 [ 0.0000e+00 ] 9.9999e-01
 5.893e+00 5.6017e-06 5.6017e-06 [ 6.4667e-12 8.0240e-09 6.1901e-10 3.8293e-15 1.3370e-12 1.6392e-08 5.5767e-06 ] 0.0000e+00 [ 0.0000e+00 ] 9.9999e-01
 6.007e+00 4.1553e-06 4.1553e-06 [ 3.1193e-12 4.4302e-09 3.7796e-10 1.9531e-15 5.9586e-13 1.1574e-08 4.1389e-06 ] 0.0000e+00 [ 0.0000e+00 ] 1.0000e+00
 6.120e+00 3.0720e-06 3.0720e-06 [ 1.4876e-12 2.4301e-09 2.2863e-10 1.0146e-15 2.6474e-13 8.1618e-09 3.0612e-06 ] 0.0000e+00 [ 0.0000e+00 ] 1.0000e+00
 6.233e+00 2.2635e-06 2.2635e-06 [ 7.0148e-13 1.3246e-09 1.3695e-10 5.3294e-16 1.1725e-13 5.7483e-09 2.2563e-06 ] 0.0000e+00 [ 0.0000e+00 ] 1.0000e+00
 6.347e+00 1.6624e-06 1.6624e-06 [ 3.2706e-13 7.1757e-10 8.1205e-11 2.8155e-16 5.1763e-14 4.0432e-09 1.6575e-06 ] 0.0000e+00 [ 0.0000e+00 ] 1.0000e+00
 6.460e+00 1.2170e-06 1.2170e-06 [ 1.5078e-13 3.8633e-10 4.7645e-11 1.4903e-16 2.2775e-14 2.8401e-09 1.2137e-06 ] 0.0000e+00 [ 0.0000e+00 ] 1.0000e+00
 6.573e+00 8.8821e-07 8.8821e-07 [ 6.8743e-14 2.0671e-10 2.7653e-11 7.8826e-17 9.9866e-15 1.9924e-09 8.8598e-07 ] 0.0000e+00 [ 0.0000e+00 ] 1.0000e+00
 6.687e+00 6.4630e-07 6.4630e-07 [ 3.0996e-14 1.0990e-10 1.5872e-11 4.1587e-17 4.3640e-15 1.3960e-09 6.4477e-07 ] 0.0000e+00 [ 0.0000e+00 ] 1.0000e+00
 6.800e+00 4.6891e-07 4.6891e-07 [ 1.3824e-14 5.8056e-11 9.0073e-12 2.1858e-17 1.9003e-15 9.7693e-10 4.6786e-07 ] 0.0000e+00 [ 0.0000e+00 ] 1.0000e+00
 6.913e+00 3.3925e-07 3.3925e-07 [ 6.0993e-15 3.0464e-11 5.0530e-12 1.1436e-17 8.2457e-16 6.8285e-10 3.3854e-07 ] 0.0000e+00 [ 0.0000e+00 ] 1.0000e+00
 7.027e+00 2.4479e-07 2.4479e-07 [ 2.6626e-15 1.5876e-11 2.8017e-12 5.9522e-18 3.5652e-16 4.7675e-10 2.4429e-07 ] 0.0000e+00 [ 0.0000e+00 ] 1.0000e+00
 7.140e+00 1.7617e-07 1.7617e-07 [ 1.1503e-15 8.2139e-12 1.5353e-12 3.0811e-18 1.5360e-16 3.3249e-10 1.7583e-07 ] 0.0000e+00 [ 0.0000e+00 ] 1.0000e+00
 7.253e+00 1.2647e-07 1.2647e-07 [ 4.9183e-16 4.2183e-12 8.3132e-13 1.5858e-18 6.5939e-17 2.3164e-10 1.2623e-07 ] 0.0000e+00 [ 0.0000e+00 ] 1.0000e+00
 7.367e+00 9.0577e-08 9.0577e-08 [ 2.0819e-16 2.1497e-12 4.4480e-13 8.1136e-19 2.8205e-17 1.6122e-10 9.0413e-08 ] 0.0000e+00 [ 0.0000e+00 ] 1.0000e+00
 7.480e+00 6.4722e-08 6.4722e-08 [ 8.7252e-17 1.0868e-12 2.3516e-13 4.1267e-19 1.2021e-17 1.1210e-10 6.4609e-08 ] 0.0000e+00 [ 0.0000e+00 ] 1.0000e+00
 7.593e+00 4.6147e-08 4.6147e-08 [ 3.6214e-17 5.4490e-13 1.2284e-13 2.0863e-19 5.1053e-18 7.7877e-11 4.6068e-08 ] 0.0000e+00 [ 0.0000e+00 ] 1.0000e+00
 7.707e+00 3.2834e-08 3.2834e-08 [ 1.4888e-17 2.7091e-13 6.3409e-14 1.0484e-19 2.1605e-18 5.4054e-11 3.2780e-08 ] 0.0000e+00 [ 0.0000e+00 ] 1.0000e+00
 7.820e+00 2.3316e-08 2.3316e-08 [ 6.0634e-18 1.3352e-13 3.2342e-14 5.2369e-20 9.1103e-19 3.7487e-11 2.3278e-08 ] 0.0000e+00 [ 0.0000e+00 ] 1.0000e+00
 7.933e+00 1.6525e-08 1.6525e-08 [ 2.4469e-18 6.5222e-14 1.6302e-14 2.6003e-20 3.8283e-19 2.5977e-11 1.6499e-08 ] 0.0000e+00 [ 0.0000e+00 ] 1.0000e+00
 8.047e+00 1.1691e-08 1.1691e-08 [ 9.7857e-19 3.1572e-14 8.1203e-15 1.2834e-20 1.6033e-19 1.7988e-11 1.1673e-08 ] 0.0000e+00 [ 0.0000e+00 ] 1.0000e+00
 8.160e+00 8.2573e-09 8.2573e-09 [ 3.8790e-19 1.5143e-14 3.9979e-15 6.2970e-21 6.6920e-20 1.2446e-11 8.2448e-09 ] 0.0000e+00 [ 0.0000e+00 ] 1.0000e+00
 8.273e+00 5.8223e-09 5.8223e-09 [ 1.5243e-19 7.1950e-15 1.9456e-15 3.0715e-21 2.7844e-20 8.6063e-12 5.8137e-09 ] 0.0000e+00 [ 0.0000e+00 ] 1.0000e+00
 8.387e+00 4.0990e-09 4.0990e-09 [ 5.9389e-20 3.3865e-15 9.3602e-16 1.4894e-21 1.1551e-20 5.9471e-12 4.0930e-09 ] 0.0000e+00 [ 0.0000e+00 ] 1.0000e+00
 8.500e+00 2.8815e-09 2.8815e-09 [ 2.2944e-20 1.5787e-15 4.4524e-16 7.1810e-22 4.7787e-21 4.1069e-12 2.8774e-09 ] 0.0000e+00 [ 0.0000e+00 ] 1.0000e+00
 8.613e+00 2.0227e-09 2.0227e-09 [ 8.7905e-21 7.2893e-16 2.0943e-16 3.4424e-22 1.9724e-21 2.8345e-12 2.0199e-09 ] 0.0000e+00 [ 0.0000e+00 ] 1.0000e+00
 8.727e+00 1.4180e-09 1.4180e-09 [ 3.3404e-21 3.3332e-16 9.7425e-17 1.6408e-22 8.1271e-22 1.9552e-12 1.4160e-09 ] 0.0000e+00 [ 0.0000e+00 ] 1.0000e+00
 8.840e+00 9.9278e-10 9.9278e-10 [ 1.2591e-21 1.5095e-16 4.4830e-17 7.7768e-23 3.3454e-22 1.3479e-12 9.9143e-10 ] 0.0000e+00 [ 0.0000e+00 ] 1.0000e+00
 8.953e+00 6.9423e-10 6.9423e-10 [ 4.7076e-22 6.7697e-17 2.0408e-17 3.6654e-23 1.3773e-22 9.2877e-13 6.9330e-10 ] 0.0000e+00 [ 0.0000e+00 ] 1.0000e+00
 9.067e+00 4.8489e-10 4.8489e-10 [ 1.7462e-22 3.0067e-17 9.1927e-18 1.7181e-23 5.6807e-23 6.3965e-13 4.8425e-10 ] 0.0000e+00 [ 0.0000e+00 ] 1.0000e+00
 9.180e+00 3.3830e-10 3.3830e-10 [ 6.4260e-23 1.3225e-17 4.0979e-18 8.0092e-24 2.3522e-23 4.4032e-13 3.3786e-10 ] 0.0000e+00 [ 0.0000e+00 ] 1.0000e+00
 9.293e+00 2.3578e-10 2.3578e-10 [ 2.3462e-23 5.7608e-18 1.8082e-18 3.7134e-24 9.8083e-24 3.0297e-13 2.3548e-10 ] 0.0000e+00 [ 0.0000e+00 ] 1.0000e+00
 9.407e+00 1.6416e-10 1.6416e-10 [ 8.4998e-24 2.4854e-18 7.8987e-19 1.7125e-24 4.1346e-24 2.0838e-13 1.6396e-10 ] 0.0000e+00 [ 0.0000e+00 ] 1.0000e+00
 9.520e+00 1.1419e-10 1.1419e-10 [ 3.0554e-24 1.0620e-18 3.4165e-19 7.8553e-25 1.7705e-24 1.4326e-13 1.1405e-10 ] 0.0000e+00 [ 0.0000e+00 ] 1.0000e+00
 9.633e+00 7.9356e-11 7.9356e-11 [ 1.0898e-24 4.4951e-19 1.4635e-19 3.5844e-25 7.7451e-25 9.8448e-14 7.9258e-11 ] 0.0000e+00 [ 0.0000e+00 ] 1.0000e+00
 9.747e+00 5.5100e-11 5.5100e-11 [ 3.8572e-25 1.8846e-19 6.2099e-20 1.6270e-25 3.4808e-25 6.7629e-14 5.5033e-11 ] 0.0000e+00 [ 0.0000e+00 ] 1.0000e+00
 9.860e+00 3.8227e-11 3.8227e-11 [ 1.3547e-25 7.8276e-20 2.6105e-20 7.3473e-26 1.6151e-25 4.6441e-14 3.8180e-11 ] 0.0000e+00 [ 0.0000e+00 ] 1.0000e+00
 9.973e+00 2.6500e-11 2.6500e-11 [ 4.7214e-26 3.2209e-20 1.0874e-20 3.3009e-26 7.7603e-26 3.1880e-14 2.6468e-11 ] 0.0000e+00 [ 0.0000e+00 ] 1.0000e+00
 1.009e+01 1.8356e-11 1.8356e-11 [ 1.6329e-26 1.3132e-20 4.4894e-21 1.4755e-26 3.8625e-26 2.1877e-14 1.8334e-11 ] 0.0000e+00 [ 0.0000e+00 ] 1.0000e+00
 1.020e+01 1.2706e-11 1.2706e-11 [ 5.6042e-27 5.3050e-21 1.8372e-21 6.5624e-27 1.9868e-26 1.5007e-14 1.2691e-11 ] 0.0000e+00 [ 0.0000e+00 ] 1.0000e+00
 1.031e+01 8.7890e-12 8.7890e-12 [ 1.9087e-27 2.1238e-21 7.4542e-22 2.9042e-27 1.0514e-26 1.0292e-14 8.7787e-12 ] 0.0000e+00 [ 0.0000e+00 ] 1.0000e+00
 1.043e+01 6.0756e-12 6.0756e-12 [ 6.4515e-28 8.4266e-22 2.9991e-22 1.2789e-27 5.6928e-27 7.0557e-15 6.0685e-12 ] 0.0000e+00 [ 0.0000e+00 ] 1.0000e+00
 1.054e+01 4.1973e-12 4.1973e-12 [ 2.1640e-28 3.3139e-22 1.1967e-22 5.6047e-28 3.1366e-27 4.8357e-15 4.1924e-12 ] 0.0000e+00 [ 0.0000e+00 ] 1.0000e+00
 1.065e+01 2.8979e-12 2.8979e-12 [ 7.2035e-29 1.2919e-22 4.7371e-23 2.4443e-28 1.7500e-27 3.3132e-15 2.8946e-12 ] 0.0000e+00 [ 0.0000e+00 ] 1.0000e+00
 1.077e+01 1.9997e-12 1.9997e-12 [ 2.3798e-29 4.9929e-23 1.8604e-23 1.0609e-28 9.8475e-28 2.2694e-15 1.9974e-12 ] 0.0000e+00 [ 0.0000e+00 ] 1.0000e+00
 1.088e+01 1.3791e-12 1.3791e-12 [ 7.8024e-30 1.9132e-23 7.2500e-24 4.5828e-29 5.5722e-28 1.5540e-15 1.3776e-12 ] 0.0000e+00 [ 0.0000e+00 ] 1.0000e+00
 1.099e+01 9.5063e-13 9.5063e-13 [ 2.5388e-30 7.2698e-24 2.8041e-24 1.9704e-29 3.1635e-28 1.0638e-15 9.4957e-13 ] 0.0000e+00 [ 0.0000e+00 ] 1.0000e+00
 1.111e+01 6.5496e-13 6.5496e-13 [ 8.1991e-31 2.7395e-24 1.0766e-24 8.4324e-30 1.7992e-28 7.2806e-16 6.5423e-13 ] 0.0000e+00 [ 0.0000e+00 ] 1.0000e+00
 1.122e+01 4.5104e-13 4.5104e-13 [ 2.6280e-31 1.0239e-24 4.1037e-25 3.5921e-30 1.0240e-28 4.9814e-16 4.5054e-13 ] 0.0000e+00 [ 0.0000e+00 ] 1.0000e+00
 1.133e+01 3.1047e-13 3.1047e-13 [ 8.3606e-32 3.7958e-25 1.5532e-25 1.5232e-30 5.8280e-29 3.4073e-16 3.1013e-13 ] 0.0000e+00 [ 0.0000e+00 ] 1.0000e+00
 1.145e+01 2.1362e-13 2.1362e-13 [ 2.6400e-32 1.3960e-25 5.8383e-26 6.4299e-31 3.3152e-29 2.3300e-16 2.1339e-13 ] 0.0000e+00 [ 0.0000e+00 ] 1.0000e+00
 1.156e+01 1.4692e-13 1.4692e-13 [ 8.2745e-33 5.0942e-26 2.1798e-26 2.7021e-31 1.8843e-29 1.5928e-16 1.4676e-13 ] 0.0000e+00 [ 0.0000e+00 ] 1.0000e+00
 1.167e+01 1.0101e-13 1.0101e-13 [ 2.5743e-33 1.8446e-26 8.0852e-27 1.1305e-31 1.0700e-29 1.0886e-16 1.0090e-13 ] 0.0000e+00 [ 0.0000e+00 ] 1.0000e+00
 1.179e+01 6.9420e-14 6.9420e-14 [ 7.9501e-34 6.6283e-27 2.9796e-27 4.7091e-32 6.0691e-30 7.4380e-17 6.9345e-14 ] 0.0000e+00 [ 0.0000e+00 ] 1.0000e+00
 1.190e+01 4.7692e-14 4.7692e-14 [ 2.4373e-34 2.3640e-27 1.0912e-27 1.9530e-32 3.4387e-30 5.0806e-17 4.7641e-14 ] 0.0000e+00 [ 0.0000e+00 ] 1.0000e+00
 1.201e+01 3.2754e-14 3.2754e-14 [ 7.4175e-35 8.3693e-28 3.9716e-28 8.0649e-33 1.9461e-30 3.4694e-17 3.2719e-14 ] 0.0000e+00 [ 0.0000e+00 ] 1.0000e+00
 1.213e+01 2.2488e-14 2.2488e-14 [ 2.2411e-35 2.9415e-28 1.4369e-28 3.3161e-33 1.1002e-30 2.3684e-17 2.2464e-14 ] 0.0000e+00 [ 0.0000e+00 ] 1.0000e+00
 1.224e+01 1.5434e-14 1.5434e-14 [ 6.7225e-36 1.0265e-28 5.1682e-29 1.3578e-33 6.2128e-31 1.6164e-17 1.5418e-14 ] 0.0000e+00 [ 0.0000e+00 ] 1.0000e+00
 1.235e+01 1.0590e-14 1.0590e-14 [ 2.0021e-36 3.5569e-29 1.8483e-29 5.5361e-34 3.5047e-31 1.1028e-17 1.0579e-14 ] 0.0000e+00 [ 0.0000e+00 ] 1.0000e+00
 1.247e+01 7.2645e-15 7.2645e-15 [ 5.9203e-37 1.2240e-29 6.5728e-30 2.2479e-34 1.9751e-31 7.5216e-18 7.2570e-15 ] 0.0000e+00 [ 0.0000e+00 ] 1.0000e+00
 1.258e+01 4.9818e-15 4.9818e-15 [ 1.7383e-37 4.1837e-30 2.3247e-30 9.0897e-35 1.1120e-31 5.1285e-18 4.9767e-15 ] 0.0000e+00 [ 0.0000e+00 ] 1.0000e+00
 1.269e+01 3.4155e-15 3.4155e-15 [ 5.0680e-38 1.4204e-30 8.1784e-31 3.6607e-35 6.2547e-32 3.4956e-18 3.4120e-15 ] 0.0000e+00 [ 0.0000e+00 ] 1.0000e+00
 1.281e+01 2.3411e-15 2.3411e-15 [ 1.4673e-38 4.7912e-31 2.8622e-31 1.4683e-35 3.5151e-32 2.3819e-18 2.3387e-15 ] 0.0000e+00 [ 0.0000e+00 ] 1.0000e+00
 1.292e+01 1.6042e-15 1.6042e-15 [ 4.2189e-39 1.6057e-31 9.9664e-32 5.8658e-36 1.9738e-32 1.6225e-18 1.6026e-15 ] 0.0000e+00 [ 0.0000e+00 ] 1.0000e+00
 1.303e+01 1.0991e-15 1.0991e-15 [ 1.2047e-39 5.3473e-32 3.4531e-32 2.3341e-36 1.1075e-32 1.1048e-18 1.0980e-15 ] 0.0000e+00 [ 0.0000e+00 ] 1.0000e+00
 1.315e+01 7.5282e-16 7.5282e-16 [ 3.4166e-40 1.7697e-32 1.1907e-32 9.2512e-37 6.2093e-33 7.5199e-19 7.5207e-16 ] 0.0000e+00 [ 0.0000e+00 ] 1.0000e+00
 1.326e+01 5.1554e-16 5.1554e-16 [ 9.6242e-41 5.8214e-33 4.0862e-33 3.6525e-37 3.4789e-33 5.1168e-19 5.1503e-16 ] 0.0000e+00 [ 0.0000e+00 ] 1.0000e+00
 1.337e+01 3.5297e-16 3.5297e-16 [ 2.6929e-41 1.9035e-33 1.3959e-33 1.4365e-37 1.9478e-33 3.4803e-19 3.5262e-16 ] 0.0000e+00 [ 0.0000e+00 ] 1.0000e+00
 1.349e+01 2.4162e-16 2.4162e-16 [ 7.4845e-42 6.1875e-34 4.7470e-34 5.6283e-38 1.0899e-33 2.3663e-19 2.4138e-16 ] 0.0000e+00 [ 0.0000e+00 ] 1.0000e+00
 1.360e+01 1.6536e-16 1.6536e-16 [ 2.0665e-42 1.9998e-34 1.6073e-34 2.1968e-38 6.0944e-34 1.6083e-19 1.6520e-16 ] 0.0000e+00 [ 0.0000e+00 ] 1.0000e+00
 1.371e+01 1.1315e-16 1.1315e-16 [ 5.6685e-43 6.4266e-35 5.4192e-35 8.5428e-39 3.4060e-34 1.0926e-19 1.1304e-16 ] 0.0000e+00 [ 0.0000e+00 ] 1.0000e+00
 1.383e+01 7.7413e-17 7.7413e-17 [ 1.5448e-43 2.0539e-35 1.8195e-35 3.3098e-39 1.9024e-34 7.4199e-20 7.7339e-17 ] 0.0000e+00 [ 0.0000e+00 ] 1.0000e+00
 1.394e+01 5.2952e-17 5.2952e-17 [ 4.1829e-44 6.5284e-36 6.0846e-36 1.2777e-39 1.0621e-34 5.0367e-20 5.2902e-17 ] 0.0000e+00 [ 0.0000e+00 ] 1.0000e+00
 1.405e+01 3.6214e-17 3.6214e-17 [ 1.1254e-44 2.0641e-36 2.0267e-36 4.9143e-40 5.9264e-35 3.4176e-20 3.6179e-17 ] 0.0000e+00 [ 0.0000e+00 ] 1.0000e+00
 1.417e+01 2.4762e-17 2.4762e-17 [ 3.0089e-45 6.4917e-37 6.7252e-37 1.8836e-40 3.3053e-35 2.3179e-20 2.4739e-17 ] 0.0000e+00 [ 0.0000e+00 ] 1.0000e+00
 1.428e+01 1.6929e-17 1.6929e-17 [ 7.9941e-46 2.0313e-37 2.2233e-37 7.1944e-41 1.8427e-35 1.5714e-20 1.6913e-17 ] 0.0000e+00 [ 0.0000e+00 ] 1.0000e+00
 1.439e+01 1.1571e-17 1.1571e-17 [ 2.1108e-46 6.3239e-38 7.3233e-38 2.7387e-41 1.0268e-35 1.0648e-20 1.1561e-17 ] 0.0000e+00 [ 0.0000e+00 ] 1.0000e+00
 1.451e+01 7.9082e-18 7.9082e-18 [ 5.5391e-47 1.9591e-38 2.4038e-38 1.0392e-41 5.7196e-36 7.2123e-21 7.9009e-18 ] 0.0000e+00 [ 0.0000e+00 ] 1.0000e+00
 1.462e+01 5.4037e-18 5.4037e-18 [ 1.4448e-47 6.0400e-39 7.8632e-39 3.9307e-42 3.1847e-36 4.8829e-21 5.3988e-18 ] 0.0000e+00 [ 0.0000e+00 ] 1.0000e+00
 1.473e+01 3.6917e-18 3.6917e-18 [ 3.7458e-48 1.8533e-39 2.5637e-39 1.4826e-42 1.7726e-36 3.3043e-21 3.6884e-18 ] 0.0000e+00 [ 0.0000e+00 ] 1.0000e+00
 1.485e+01 2.5217e-18 2.5217e-18 [ 9.6537e-49 5.6602e-40 8.3317e-40 5.5776e-43 9.8628e-37 2.2350e-21 2.5195e-18 ] 0.0000e+00 [ 0.0000e+00 ] 1.0000e+00
 1.496e+01 1.7222e-18 1.7222e-18 [ 2.4733e-49 1.7208e-40 2.6993e-40 2.0940e-43 5.4859e-37 1.5110e-21 1.7207e-18 ] 0.0000e+00 [ 0.0000e+00 ] 1.0000e+00
 1.507e+01 1.1760e-18 1.1760e-18 [ 6.2999e-50 5.2083e-41 8.7186e-41 7.8500e-44 3.0504e-37 1.0211e-21 1.1749e-18 ] 0.0000e+00 [ 0.0000e+00 ] 1.0000e+00
 1.519e+01 8.0283e-19 8.0283e-19 [ 1.5954e-50 1.5694e-41 2.8079e-41 2.9416e-44 1.6957e-37 6.8970e-22 8.0214e-19 ] 0.0000e+00 [ 0.0000e+00 ] 1.0000e+00
 1.530e+01 5.4800e-19 5.4800e-19 [ 4.0173e-51 4.7089e-42 9.0173e-42 1.1033e-44 9.4232e-38 4.6564e-22 5.4753e-19 ] 0.0000e+00 [ 0.0000e+00 ] 1.0000e+00
 1.541e+01 3.7398e-19 3.7398e-19 [ 1.0059e-51 1.4069e-42 2.8879e-42 4.1512e-45 5.2353e-38 3.1422e-22 3.7367e-19 ] 0.0000e+00 [ 0.0000e+00 ] 1.0000e+00
 1.553e+01 2.5518e-19 2.5518e-19 [ 2.5045e-52 4.1860e-43 9.2244e-43 1.5712e-45 2.9078e-38 2.1194e-22 2.5497e-19 ] 0.0000e+00 [ 0.0000e+00 ] 1.0000e+00
 1.564e+01 1.7408e-19 1.7408e-19 [ 6.2014e-53 1.2404e-43 2.9389e-43 6.0078e-46 1.6147e-38 1.4288e-22 1.7394e-19 ] 0.0000e+00 [ 0.0000e+00 ] 1.0000e+00
 1.575e+01 1.1873e-19 1.1873e-19 [ 1.5272e-53 3.6609e-44 9.3402e-44 2.3332e-46 8.9640e-39 9.6286e-23 1.1864e-19 ] 0.0000e+00 [ 0.0000e+00 ] 1.0000e+00
 1.587e+01 8.0965e-20 8.0965e-20 [ 3.7405e-54 1.0763e-44 2.9613e-44 9.2653e-47 4.9754e-39 6.4854e-23 8.0901e-20 ] 0.0000e+00 [ 0.0000e+00 ] 1.0000e+00
 1.598e+01 5.5200e-20 5.5200e-20 [ 9.1129e-55 3.1518e-45 9.3675e-45 3.7906e-47 2.7609e-39 4.3663e-23 5.5156e-20 ] 0.0000e+00 [ 0.0000e+00 ] 1.0000e+00
 1.609e+01 3.7626e-20 3.7626e-20 [ 2.2085e-55 9.1952e-46 2.9566e-45 1.6092e-47 1.5318e-39 2.9383e-23 3.7596e-20 ] 0.0000e+00 [ 0.0000e+00 ] 1.0000e+00
 1.621e+01 2.5641e-20 2.5641e-20 [ 5.3242e-56 2.6727e-46 9.3121e-46 7.1256e-48 8.4968e-40 1.9764e-23 2.5621e-20 ] 0.0000e+00 [ 0.0000e+00 ] 1.0000e+00
 1.632e+01 1.7469e-20 1.7469e-20 [ 1.2770e-56 7.7400e-47 2.9269e-46 3.2967e-48 4.7123e-40 1.3288e-23 1.7456e-20 ] 0.0000e+00 [ 0.0000e+00 ] 1.0000e+00
 1.643e+01 1.1899e-20 1.1899e-20 [ 3.0471e-57 2.2334e-47 9.1812e-47 1.5901e-48 2.6130e-40 8.9301e-24 1.1890e-20 ] 0.0000e+00 [ 0.0000e+00 ] 1.0000e+00
 1.655e+01 8.1033e-21 8.1033e-21 [ 7.2345e-58 6.4219e-48 2.8746e-47 7.9527e-49 1.4487e-40 5.9988e-24 8.0973e-21 ] 0.0000e+00 [ 0.0000e+00 ] 1.0000e+00
 1.666e+01 5.5168e-21 5.5168e-21 [ 1.7091e-58 1.8401e-48 8.9836e-48 4.0955e-49 8.0304e-41 4.0279e-24 5.5128e-21 ] 0.0000e+00 [ 0.0000e+00 ] 1.0000e+00
 1.677e+01 3.7550e-21 3.7550e-21 [ 4.0179e-59 5.2546e-49 2.8026e-48 2.1563e-49 4.4508e-41 2.7034e-24 3.7522e-21 ] 0.0000e+00 [ 0.0000e+00 ] 1.0000e+00
 1.689e+01 2.5551e-21 2.5551e-21 [ 9.3998e-60 1.4954e-49 8.7288e-49 1.1536e-49 2.4665e-41 1.8137e-24 2.5533e-21 ] 0.0000e+00 [ 0.0000e+00 ] 1.0000e+00
 1.700e+01 1.7381e-21 1.7381e-21 [ 2.1885e-60 4.2418e-50 2.7142e-49 6.2408e-50 1.3667e-41 1.2162e-24 1.7369e-21 ] 0.0000e+00 [ 0.0000e+00 ] 1.0000e+00
 1.711e+01 1.1821e-21 1.1821e-21 [ 5.0716e-61 1.1993e-50 8.4266e-50 3.4017e-50 7.5715e-42 8.1526e-25 1.1812e-21 ] 0.0000e+00 [ 0.0000e+00 ] 1.0000e+00
 1.723e+01 8.0366e-22 8.0366e-22 [ 1.1698e-61 3.3797e-51 2.6122e-50 1.8635e-50 4.1943e-42 5.4625e-25 8.0311e-22 ] 0.0000e+00 [ 0.0000e+00 ] 1.0000e+00
 1.734e+01 5.4623e-22 5.4623e-22 [ 2.6857e-62 9.4942e-52 8.0863e-51 1.0242e-50 2.3232e-42 3.6586e-25 5.4586e-22 ] 0.0000e+00 [ 0.0000e+00 ] 1.0000e+00
 1.745e+01 3.7114e-22 3.7114e-22 [ 6.1381e-63 2.6588e-52 2.4997e-51 5.6412e-51 1.2866e-42 2.4493e-25 3.7090e-22 ] 0.0000e+00 [ 0.0000e+00 ] 1.0000e+00
 1.757e+01 2.5210e-22 2.5210e-22 [ 1.3966e-63 7.4226e-53 7.7170e-52 3.1114e-51 7.1250e-43 1.6391e-25 2.5193e-22 ] 0.0000e+00 [ 0.0000e+00 ] 1.0000e+00
 1.768e+01 1.7118e-22 1.7118e-22 [ 3.1636e-64 2.0659e-53 2.3793e-52 1.7175e-51 3.9452e-43 1.0964e-25 1.7107e-22 ] 0.0000e+00 [ 0.0000e+00 ] 1.0000e+00
 1.779e+01 1.1620e-22 1.1620e-22 [ 7.1349e-65 5.7327e-54 7.3269e-53 9.4864e-52 2.1843e-43 7.3308e-26 1.1613e-22 ] 0.0000e+00 [ 0.0000e+00 ] 1.0000e+00
 1.791e+01 7.8852e-23 7.8852e-23 [ 1.6023e-65 1.5860e-54 2.2536e-53 5.2414e-52 1.2093e-43 4.8994e-26 7.8803e-23 ] 0.0000e+00 [ 0.0000e+00 ] 1.0000e+00
 1.802e+01 5.3489e-23 5.3489e-23 [ 3.5828e-66 4.3752e-55 6.9233e-54 2.8966e-52 6.6941e-44 3.2731e-26 5.3456e-23 ] 0.0000e+00 [ 0.0000e+00 ] 1.0000e+00
 1.813e+01 3.6271e-23 3.6271e-23 [ 7.9782e-67 1.2034e-55 2.1246e-54 1.6010e-52 3.7054e-44 2.1856e-26 3.6249e-23 ] 0.0000e+00 [ 0.0000e+00 ] 1.0000e+00
 1.825e+01 2.4587e-23 2.4587e-23 [ 1.7692e-67 3.3006e-56 6.5126e-55 8.8494e-53 2.0508e-44 1.4588e-26 2.4573e-23 ] 0.0000e+00 [ 0.0000e+00 ] 1.0000e+00
 1.836e+01 1.6661e-23 1.6661e-23 [ 3.9075e-68 9.0270e-57 1.9942e-55 4.8917e-53 1.1350e-44 9.7321e-27 1.6651e-23 ] 0.0000e+00 [ 0.0000e+00 ] 1.0000e+00
 1.847e+01 1.1286e-23 1.1286e-23 [ 8.5955e-69 2.4619e-57 6.1002e-56 2.7041e-53 6.2812e-45 6.4896e-27 1.1279e-23 ] 0.0000e+00 [ 0.0000e+00 ] 1.0000e+00
 1.859e+01 7.6416e-24 7.6416e-24 [ 1.8833e-69 6.6958e-58 1.8641e-56 1.4948e-53 3.4758e-45 4.3253e-27 7.6373e-24 ] 0.0000e+00 [ 0.0000e+00 ] 1.0000e+00
 1.870e+01 5.1723e-24 5.1723e-24 [ 4.1104e-70 1.8161e-58 5.6905e-57 8.2632e-54 1.9233e-45 2.8814e-27 5.1695e-24 ] 0.0000e+00 [ 0.0000e+00 ] 1.0000e+00
 1.881e+01 3.4996e-24 3.4996e-24 [ 8.9366e-71 4.9126e-59 1.7354e-57 4.5678e-54 1.0642e-45 1.9185e-27 3.4977e-24 ] 0.0000e+00 [ 0.0000e+00 ] 1.0000e+00
 1.893e+01 2.3669e-24 2.3669e-24 [ 1.9356e-71 1.3253e-59 5.2872e-58 2.5251e-54 5.8876e-46 1.2767e-27 2.3656e-24 ] 0.0000e+00 [ 0.0000e+00 ] 1.0000e+00
 1.904e+01 1.6002e-24 1.6002e-24 [ 4.1768e-72 3.5658e-60 1.6092e-58 1.3958e-54 3.2572e-46 8.4910e-28 1.5994e-24 ] 0.0000e+00 [ 0.0000e+00 ] 1.0000e+00
 1.915e+01 1.0814e-24 1.0814e-24 [ 8.9800e-73 9.5688e-61 4.8932e-59 7.7159e-55 1.8019e-46 5.6440e-28 1.0809e-24 ] 0.0000e+00 [ 0.0000e+00 ] 1.0000e+00
 1.927e+01 7.3055e-25 7.3055e-25 [ 1.9237e-73 2.5611e-61 1.4864e-59 4.2652e-55 9.9681e-47 3.7494e-28 7.3017e-25 ] 0.0000e+00 [ 0.0000e+00 ] 1.0000e+00
 1.938e+01 4.9331e-25 4.9331e-25 [ 4.1064e-74 6.8373e-62 4.5109e-60 2.3577e-55 5.5139e-47 2.4892e-28 4.9307e-25 ] 0.0000e+00 [ 0.0000e+00 ] 1.0000e+00
 1.949e+01 3.3298e-25 3.3298e-25 [ 8.7347e-75 1.8207e-62 1.3676e-60 1.3033e-55 3.0499e-47 1.6515e-28 3.3282e-25 ] 0.0000e+00 [ 0.0000e+00 ] 1.0000e+00
 1.961e+01 2.2467e-25 2.2467e-25 [ 1.8516e-75 4.8359e-63 4.1422e-61 7.2040e-56 1.6870e-47 1.0950e-28 2.2456e-25 ] 0.0000e+00 [ 0.0000e+00 ] 1.0000e+00
 1.972e+01 1.5153e-25 1.5153e-25 [ 3.9117e-76 1.2813e-63 1.2533e-61 3.9821e-56 9.3304e-48 7.2552e-29 1.5146e-25 ] 0.0000e+00 [ 0.0000e+00 ] 1.0000e+00
 1.983e+01 1.0216e-25 1.0216e-25 [ 8.2363e-77 3.3862e-64 3.7884e-62 2.2011e-56 5.1604e-48 4.8037e-29 1.0211e-25 ] 0.0000e+00 [ 0.0000e+00 ] 1.0000e+00
 1.995e+01 6.8841e-26 6.8841e-26 [ 1.7285e-77 8.9273e-65 1.1439e-62 1.2167e-56 2.8540e-48 3.1781e-29 6.8810e-26 ] 0.0000e+00 [ 0.0000e+00 ] 1.0000e+00
 2.006e+01 4.6373e-26 4.6373e-26 [ 3.6158e-78 2.3478e-65 3.4506e-63 6.7253e-57 1.5783e-48 2.1011e-29 4.6352e-26 ] 0.0000e+00 [ 0.0000e+00 ] 1.0000e+00
 2.017e+01 3.1224e-26 3.1224e-26 [ 7.5398e-79 6.1598e-66 1.0398e-63 3.7174e-57 8.7284e-49 1.3879e-29 3.1210e-26 ] 0.0000e+00 [ 0.0000e+00 ] 1.0000e+00
 2.029e+01 2.1016e-26 2.1016e-26 [ 1.5673e-79 1.6122e-66 3.1297e-64 2.0548e-57 4.8268e-49 9.1607e-30 2.1007e-26 ] 0.0000e+00 [ 0.0000e+00 ] 1.0000e+00
 2.040e+01 1.4139e-26 1.4139e-26 [ 3.2479e-80 4.2095e-67 9.4103e-65 1.1358e-57 2.6691e-49 6.0412e-30 1.4133e-26 ] 0.0000e+00 [ 0.0000e+00 ] 1.0000e+00
 2.051e+01 9.5085e-27 9.5085e-27 [ 6.7104e-81 1.0965e-67 2.8263e-65 6.2778e-58 1.4759e-49 3.9805e-30 9.5045e-27 ] 0.0000e+00 [ 0.0000e+00 ] 1.0000e+00
 2.063e+01 6.3919e-27 6.3919e-27 [ 1.3823e-81 2.8497e-68 8.4790e-66 3.4700e-58 8.1613e-50 2.6204e-30 6.3892e-27 ] 0.0000e+00 [ 0.0000e+00 ] 1.0000e+00
 2.074e+01 4.2950e-27 4.2950e-27 [ 2.8390e-82 7.3886e-69 2.5408e-66 1.9180e-58 4.5127e-50 1.7234e-30 4.2933e-27 ] 0.0000e+00 [ 0.0000e+00 ] 1.0000e+00
 2.085e+01 2.8848e-27 2.8848e-27 [ 5.8143e-83 1.9113e-69 7.6046e-67 1.0601e-58 2.4952e-50 1.1324e-30 2.8837e-27 ] 0.0000e+00 [ 0.0000e+00 ] 1.0000e+00
 2.097e+01 1.9368e-27 1.9368e-27 [ 1.1874e-83 4.9328e-70 2.2734e-67 5.8597e-59 1.3796e-50 7.4334e-31 1.9361e-27 ] 0.0000e+00 [ 0.0000e+00 ] 1.0000e+00
 2.108e+01 1.2998e-27 1.2998e-27 [ 2.4182e-84 1.2702e-70 6.7879e-68 3.2388e-59 7.6280e-51 4.8746e-31 1.2993e-27 ] 0.0000e+00 [ 0.0000e+00 ] 1.0000e+00
 2.119e+01 8.7194e-28 8.7194e-28 [ 4.9113e-85 3.2634e-71 2.0242e-68 1.7902e-59 4.2175e-51 3.1933e-31 8.7162e-28 ] 0.0000e+00 [ 0.0000e+00 ] 1.0000e+00
 2.131e+01 5.8467e-28 5.8467e-28 [ 9.9480e-86 8.3657e-72 6.0290e-69 9.8948e-60 2.3318e-51 2.0897e-31 5.8446e-28 ] 0.0000e+00 [ 0.0000e+00 ] 1.0000e+00
 2.142e+01 3.9188e-28 3.9188e-28 [ 2.0097e-86 2.1398e-72 1.7934e-69 5.4691e-60 1.2892e-51 1.3660e-31 3.9175e-28 ] 0.0000e+00 [ 0.0000e+00 ] 1.0000e+00
 2.153e+01 2.6255e-28 2.6255e-28 [ 4.0495e-87 5.4610e-73 5.3275e-70 3.0229e-60 7.1273e-52 8.9200e-32 2.6246e-28 ] 0.0000e+00 [ 0.0000e+00 ] 1.0000e+00
 2.165e+01 1.7583e-28 1.7583e-28 [ 8.1390e-88 1.3907e-73 1.5805e-70 1.6708e-60 3.9404e-52 5.8181e-32 1.7577e-28 ] 0.0000e+00 [ 0.0000e+00 ] 1.0000e+00
 2.176e+01 1.1770e-28 1.1770e-28 [ 1.6317e-88 3.5338e-74 4.6828e-71 9.2349e-61 2.1784e-52 3.7905e-32 1.1766e-28 ] 0.0000e+00 [ 0.0000e+00 ] 1.0000e+00
 2.187e+01 7.8753e-29 7.8753e-29 [ 3.2634e-89 8.9602e-75 1.3855e-71 5.1043e-61 1.2043e-52 2.4667e-32 7.8728e-29 ] 0.0000e+00 [ 0.0000e+00 ] 1.0000e+00
 2.199e+01 5.2671e-29 5.2671e-29 [ 6.5109e-90 2.2671e-75 4.0937e-72 2.8212e-61 6.6578e-53 1.6033e-32 5.2655e-29 ] 0.0000e+00 [ 0.0000e+00 ] 1.0000e+00
 2.210e+01 3.5211e-29 3.5211e-29 [ 1.2959e-90 5.7238e-76 1.2078e-72 1.5593e-61 3.6806e-53 1.0408e-32 3.5201e-29 ] 0.0000e+00 [ 0.0000e+00 ] 1.0000e+00
 2.221e+01 2.3529e-29 2.3529e-29 [ 2.5735e-91 1.4421e-76 3.5587e-73 8.6185e-62 2.0347e-53 6.7488e-33 2.3522e-29 ] 0.0000e+00 [ 0.0000e+00 ] 1.0000e+00
 2.233e+01 1.5715e-29 1.5715e-29 [ 5.0987e-92 3.6257e-77 1.0470e-73 4.7636e-62 1.1248e-53 4.3705e-33 1.5711e-29 ] 0.0000e+00 [ 0.0000e+00 ] 1.0000e+00
 2.244e+01 1.0491e-29 1.0491e-29 [ 1.0079e-92 9.0966e-78 3.0758e-74 2.6329e-62 6.2179e-54 2.8268e-33 1.0488e-29 ] 0.0000e+00 [ 0.0000e+00 ] 1.0000e+00
 2.255e+01 7.0006e-30 7.0006e-30 [ 1.9882e-93 2.2776e-78 9.0228e-75 1.4552e-62 3.4372e-54 1.8260e-33 6.9988e-30 ] 0.0000e+00 [ 0.0000e+00 ] 1.0000e+00
 2.267e+01 4.6691e-30 4.6691e-30 [ 3.9132e-94 5.6908e-79 2.6428e-75 8.0431e-63 1.9001e-54 1.1780e-33 4.6679e-30 ] 0.0000e+00 [ 0.0000e+00 ] 1.0000e+00
 2.278e+01 3.1126e-30 3.1126e-30 [ 7.6860e-95 1.4190e-79 7.7294e-76 4.4455e-63 1.0503e-54 7.5897e-34 3.1118e-30 ] 0.0000e+00 [ 0.0000e+00 ] 1.0000e+00
 2.289e+01 2.0739e-30 2.0739e-30 [ 1.5065e-95 3.5312e-80 2.2572e-76 2.4570e-63 5.8061e-55 4.8835e-34 2.0734e-30 ] 0.0000e+00 [ 0.0000e+00 ] 1.0000e+00
 2.301e+01 1.3811e-30 1.3811e-30 [ 2.9467e-96 8.7698e-81 6.5813e-77 1.3580e-63 3.2095e-55 3.1381e-34 1.3808e-30 ] 0.0000e+00 [ 0.0000e+00 ] 1.0000e+00
 2.312e+01 9.1927e-31 9.1927e-31 [ 5.7523e-97 2.1736e-81 1.9160e-77 7.5059e-64 1.7741e-55 2.0138e-34 9.1907e-31 ] 0.0000e+00 [ 0.0000e+00 ] 1.0000e+00
 2.323e+01 6.1154e-31 6.1154e-31 [ 1.1207e-97 5.3768e-82 5.5691e-78 4.1485e-64 9.8067e-56 1.2905e-34 6.1141e-31 ] 0.0000e+00 [ 0.0000e+00 ] 1.0000e+00
 2.335e+01 4.0660e-31 4.0660e-31 [ 2.1793e-98 1.3274e-82 1.6162e-78 2.2929e-64 5.4208e-56 8.2590e-35 4.0652e-31 ] 0.0000e+00 [ 0.0000e+00 ] 1.0000e+00
 2.346e+01 2.7019e-31 2.7019e-31 [ 4.2298e-99 3.2706e-83 4.6830e-79 1.2673e-64 2.9964e-56 5.2783e-35 2.7013e-31 ] 0.0000e+00 [ 0.0000e+00 ] 1.0000e+00
 2.357e+01 1.7944e-31 1.7944e-31 [ 8.1942e-100 8.0431e-84 1.3547e-79 7.0043e-65 1.6563e-56 3.3686e-35 1.7940e-31 ] 0.0000e+00 [ 0.0000e+00 ] 1.0000e+00
 2.369e+01 1.1910e-31 1.1910e-31 [ 1.5846e-100 1.9741e-84 3.9128e-80 3.8713e-65 9.1552e-57 2.1469e-35 1.1908e-31 ] 0.0000e+00 [ 0.0000e+00 ] 1.0000e+00
 2.380e+01 7.8999e-32 7.8999e-32 [ 3.0587e-101 4.8360e-85 1.1283e-80 2.1397e-65 5.0605e-57 1.3663e-35 7.8986e-32 ] 0.0000e+00 [ 0.0000e+00 ] 1.0000e+00
 2.391e+01 5.2369e-32 5.2369e-32 [ 5.8938e-102 1.1824e-85 3.2483e-81 1.1826e-65 2.7972e-57 8.6832e-36 5.2361e-32 ] 0.0000e+00 [ 0.0000e+00 ] 1.0000e+00
 2.403e+01 3.4694e-32 3.4694e-32 [ 1.1337e-102 2.8857e-86 9.3361e-82 6.5362e-66 1.5461e-57 5.5105e-36 3.4688e-32 ] 0.0000e+00 [ 0.0000e+00 ] 1.0000e+00
 2.414e+01 2.2969e-32 2.2969e-32 [ 2.1772e-103 7.0290e-87 2.6790e-82 3.6126e-66 8.5461e-58 3.4921e-36 2.2966e-32 ] 0.0000e+00 [ 0.0000e+00 ] 1.0000e+00
 2.425e+01 1.5196e-32 1.5196e-32 [ 4.1741e-104 1.7090e-87 7.6746e-83 1.9967e-66 4.7238e-58 2.2098e-36 1.5194e-32 ] 0.0000e+00 [ 0.0000e+00 ] 1.0000e+00
 2.437e+01 1.0047e-32 1.0047e-32 [ 7.9895e-105 4.1474e-88 2.1949e-83 1.1035e-66 2.6110e-58 1.3964e-36 1.0046e-32 ] 0.0000e+00 [ 0.0000e+00 ] 1.0000e+00
 2.448e+01 6.6379e-33 6.6379e-33 [ 1.5268e-105 1.0046e-88 6.2670e-84 6.0993e-67 1.4432e-58 8.8107e-37 6.6370e-33 ] 0.0000e+00 [ 0.0000e+00 ] 1.0000e+00
 2.459e+01 4.3824e-33 4.3824e-33 [ 2.9132e-106 2.4292e-89 1.7864e-84 3.3711e-67 7.9769e-59 5.5513e-37 4.3818e-33 ] 0.0000e+00 [ 0.0000e+00 ] 1.0000e+00
 2.471e+01 2.8911e-33 2.8911e-33 [ 5.5498e-107 5.8629e-90 5.0836e-85 1.8632e-67 4.4091e-59 3.4926e-37 2.8907e-33 ] 0.0000e+00 [ 0.0000e+00 ] 1.0000e+00
 2.482e+01 1.9058e-33 1.9058e-33 [ 1.0557e-107 1.4125e-90 1.4442e-85 1.0298e-67 2.4370e-59 2.1942e-37 1.9056e-33 ] 0.0000e+00 [ 0.0000e+00 ] 1.0000e+00
 2.493e+01 1.2554e-33 1.2554e-33 [ 2.0052e-108 3.3969e-91 4.0960e-86 5.6915e-68 1.3470e-59 1.3764e-37 1.2552e-33 ] 0.0000e+00 [ 0.0000e+00 ] 1.0000e+00
 2.505e+01 8.2625e-34 8.2625e-34 [ 3.8030e-109 8.1545e-92 1.1597e-86 3.1457e-68 7.4452e-60 8.6219e-38 8.2617e-34 ] 0.0000e+00 [ 0.0000e+00 ] 1.0000e+00
 2.516e+01 5.4338e-34 5.4338e-34 [ 7.2025e-110 1.9541e-92 3.2781e-87 1.7386e-68 4.1151e-60 5.3928e-38 5.4332e-34 ] 0.0000e+00 [ 0.0000e+00 ] 1.0000e+00
 2.527e+01 3.5705e-34 3.5705e-34 [ 1.3622e-110 4.6745e-93 9.2502e-88 9.6091e-69 2.2745e-60 3.3681e-38 3.5702e-34 ] 0.0000e+00 [ 0.0000e+00 ] 1.0000e+00
 2.539e+01 2.3442e-34 2.3442e-34 [ 2.5726e-111 1.1163e-93 2.6058e-88 5.3109e-69 1.2572e-60 2.1005e-38 2.3440e-34 ] 0.0000e+00 [ 0.0000e+00 ] 1.0000e+00
 2.550e+01 1.5377e-34 1.5377e-34 [ 4.8522e-112 2.6610e-94 7.3281e-89 2.9353e-69 6.9486e-61 1.3080e-38 1.5376e-34 ] 0.0000e+00 [ 0.0000e+00 ] 1.0000e+00
 2.561e+01 1.0078e-34 1.0078e-34 [ 9.1394e-113 6.3325e-95 2.0573e-89 1.6223e-69 3.8406e-61 8.1335e-39 1.0077e-34 ] 0.0000e+00 [ 0.0000e+00 ] 1.0000e+00
 2.573e+01 6.5992e-35 6.5992e-35 [ 1.7192e-113 1.5044e-95 5.7660e-90 8.9665e-70 2.1228e-61 5.0500e-39 6.5986e-35 ] 0.0000e+00 [ 0.0000e+00 ] 1.0000e+00
 2.584e+01 4.3172e-35 4.3172e-35 [ 3.2298e-114 3.5679e-96 1.6133e-90 4.9558e-70 1.1733e-61 3.1309e-39 4.3169e-35 ] 0.0000e+00 [ 0.0000e+00 ] 1.0000e+00
 2.595e+01 2.8217e-35 2.8217e-35 [ 6.0601e-115 8.4475e-97 4.5060e-91 2.7390e-70 6.4848e-62 1.9382e-39 2.8215e-35 ] 0.0000e+00 [ 0.0000e+00 ] 1.0000e+00
 2.607e+01 1.8425e-35 1.8425e-35 [ 1.1356e-115 1.9967e-97 1.2564e-91 1.5138e-70 3.5842e-62 1.1981e-39 1.8424e-35 ] 0.0000e+00 [ 0.0000e+00 ] 1.0000e+00
 2.618e+01 1.2020e-35 1.2020e-35 [ 2.1255e-116 4.7117e-98 3.4974e-92 8.3669e-71 1.9810e-62 7.3956e-40 1.2019e-35 ] 0.0000e+00 [ 0.0000e+00 ] 1.0000e+00
 2.629e+01 7.8337e-36 7.8337e-36 [ 3.9734e-117 1.1100e-98 9.7189e-93 4.6243e-71 1.0949e-62 4.5582e-40 7.8332e-36 ] 0.0000e+00 [ 0.0000e+00 ] 1.0000e+00
 2.641e+01 5.1003e-36 5.1003e-36 [ 7.4192e-118 2.6106e-99 2.6961e-93 2.5558e-71 6.0518e-63 2.8053e-40 5.1000e-36 ] 0.0000e+00 [ 0.0000e+00 ] 1.0000e+00
 2.652e+01 3.3174e-36 3.3174e-36 [ 1.3837e-118 6.1301e-100 7.4666e-94 1.4126e-71 3.3449e-63 1.7240e-40 3.3172e-36 ] 0.0000e+00 [ 0.0000e+00 ] 1.0000e+00
 2.663e+01 2.1555e-36 2.1555e-36 [ 2.5777e-119 1.4371e-100 2.0643e-94 7.8072e-72 1.8487e-63 1.0579e-40 2.1554e-36 ] 0.0000e+00 [ 0.0000e+00 ] 1.0000e+00
 2.675e+01 1.3991e-36 1.3991e-36 [ 4.7964e-120 3.3635e-101 5.6973e-95 4.3150e-72 1.0218e-63 6.4823e-41 1.3990e-36 ] 0.0000e+00 [ 0.0000e+00 ] 1.0000e+00
 2.686e+01 9.0721e-37 9.0721e-37 [ 8.9152e-121 7.8599e-102 1.5698e-95 2.3849e-72 5.6475e-64 3.9663e-41 9.0717e-37 ] 0.0000e+00 [ 0.0000e+00 ] 1.0000e+00
 2.697e+01 5.8763e-37 5.8763e-37 [ 1.6553e-121 1.8338e-102 4.3177e-96 1.3181e-72 3.1214e-64 2.4233e-41 5.8760e-37 ] 0.0000e+00 [ 0.0000e+00 ] 1.0000e+00
 2.709e+01 3.8022e-37 3.8022e-37 [ 3.0700e-122 4.2715e-103 1.1856e-96 7.2850e-73 1.7252e-64 1.4784e-41 3.8020e-37 ] 0.0000e+00 [ 0.0000e+00 ] 1.0000e+00
 2.720e+01 2.4575e-37 2.4575e-37 [ 5.6878e-123 9.9344e-104 3.2500e-97 4.0264e-73 9.5353e-65 9.0064e-42 2.4574e-37 ] 0.0000e+00 [ 0.0000e+00 ] 1.0000e+00
 2.731e+01 1.5867e-37 1.5867e-37 [ 1.0527e-123 2.3069e-104 8.8939e-98 2.2253e-73 5.2702e-65 5.4788e-42 1.5866e-37 ] 0.0000e+00 [ 0.0000e+00 ] 1.0000e+00
 2.743e+01 1.0233e-37 1.0233e-37 [ 1.9463e-124 5.3484e-105 2.4298e-98 1.2299e-73 2.9128e-65 3.3281e-42 1.0232e-37 ] 0.0000e+00 [ 0.0000e+00 ] 1.0000e+00
 2.754e+01 6.5920e-38 6.5920e-38 [ 3.5947e-125 1.2381e-105 6.6268e-99 6.7977e-74 1.6099e-65 2.0188e-42 6.5918e-38 ] 0.0000e+00 [ 0.0000e+00 ] 1.0000e+00
 2.765e+01 4.2419e-38 4.2419e-38 [ 6.6327e-126 2.8618e-106 1.8043e-99 3.7570e-74 8.8980e-66 1.2228e-42 4.2418e-38 ] 0.0000e+00 [ 0.0000e+00 ] 1.0000e+00
 2.777e+01 2.7265e-38 2.7265e-38 [ 1.2226e-126 6.6046e-107 4.9044e-100 2.0765e-74 4.9179e-66 7.3963e-43 2.7264e-38 ] 0.0000e+00 [ 0.0000e+00 ] 1.0000e+00
 2.788e+01 1.7505e-38 1.7505e-38 [ 2.2515e-127 1.5220e-107 1.3308e-100 1.1477e-74 2.7181e-66 4.4674e-43 1.7505e-38 ] 0.0000e+00 [ 0.0000e+00 ] 1.0000e+00
 2.799e+01 1.1226e-38 1.1226e-38 [ 4.1422e-128 3.5019e-108 3.6053e-101 6.3430e-75 1.5023e-66 2.6945e-43 1.1226e-38 ] 0.0000e+00 [ 0.0000e+00 ] 1.0000e+00
 2.811e+01 7.1907e-39 7.1907e-39 [ 7.6134e-129 8.0457e-109 9.7503e-102 3.5057e-75 8.3032e-67 1.6229e-43 7.1906e-39 ] 0.0000e+00 [ 0.0000e+00 ] 1.0000e+00
 2.822e+01 4.6007e-39 4.6007e-39 [ 1.3980e-129 1.8458e-109 2.6325e-102 1.9376e-75 4.5892e-67 9.7613e-44 4.6006e-39 ] 0.0000e+00 [ 0.0000e+00 ] 1.0000e+00
 2.833e+01 2.9401e-39 2.9401e-39 [ 2.5649e-130 4.2281e-110 7.0959e-103 1.0709e-75 2.5364e-67 5.8629e-44 2.9400e-39 ] 0.0000e+00 [ 0.0000e+00 ] 1.0000e+00
 2.845e+01 1.8767e-39 1.8767e-39 [ 4.7012e-131 9.6713e-111 1.9095e-103 5.9186e-76 1.4019e-67 3.5166e-44 1.8766e-39 ] 0.0000e+00 [ 0.0000e+00 ] 1.0000e+00
 2.856e+01 1.1965e-39 1.1965e-39 [ 8.6093e-132 2.2090e-111 5.1297e-104 3.2712e-76 7.7481e-68 2.1063e-44 1.1965e-39 ] 0.0000e+00 [ 0.0000e+00 ] 1.0000e+00
 2.867e+01 7.6191e-40 7.6191e-40 [ 1.5752e-132 5.0381e-112 1.3758e-104 1.8079e-76 4.2823e-68 1.2599e-44 7.6189e-40 ] 0.0000e+00 [ 0.0000e+00 ] 1.0000e+00
 2.879e+01 4.8460e-40 4.8460e-40 [ 2.8796e-133 1.1474e-112 3.6839e-105 9.9922e-77 2.3668e-68 7.5259e-45 4.8459e-40 ] 0.0000e+00 [ 0.0000e+00 ] 1.0000e+00
 2.890e+01 3.0785e-40 3.0785e-40 [ 5.2595e-134 2.6095e-113 9.8476e-106 5.5226e-77 1.3081e-68 4.4894e-45 3.0784e-40 ] 0.0000e+00 [ 0.0000e+00 ] 1.0000e+00
 2.901e+01 1.9533e-40 1.9533e-40 [ 9.5981e-135 5.9263e-114 2.6281e-106 3.0523e-77 7.2300e-69 2.6745e-45 1.9533e-40 ] 0.0000e+00 [ 0.0000e+00 ] 1.0000e+00
 2.913e+01 1.2379e-40 1.2379e-40 [ 1.7501e-135 1.3440e-114 7.0023e-107 1.6870e-77 3.9960e-69 1.5911e-45 1.2378e-40 ] 0.0000e+00 [ 0.0000e+00 ] 1.0000e+00
 2.924e+01 7.8352e-41 7.8352e-41 [ 3.1884e-136 3.0436e-115 1.8626e-107 9.3236e-78 2.2085e-69 9.4536e-46 7.8351e-41 ] 0.0000e+00 [ 0.0000e+00 ] 1.0000e+00
 2.935e+01 4.9533e-41 4.9533e-41 [ 5.8040e-137 6.8832e-116 4.9466e-108 5.1530e-78 1.2207e-69 5.6094e-46 4.9533e-41 ] 0.0000e+00 [ 0.0000e+00 ] 1.0000e+00
 2.947e+01 3.1276e-41 3.1276e-41 [ 1.0557e-137 1.5545e-116 1.3115e-108 2.8480e-78 6.7465e-70 3.3240e-46 3.1276e-41 ] 0.0000e+00 [ 0.0000e+00 ] 1.0000e+00
 2.958e+01 1.9724e-41 1.9724e-41 [ 1.9186e-138 3.5058e-117 3.4717e-109 1.5740e-78 3.7287e-70 1.9672e-46 1.9724e-41 ] 0.0000e+00 [ 0.0000e+00 ] 1.0000e+00
 2.969e+01 1.2423e-41 1.2423e-41 [ 3.4840e-139 7.8959e-118 9.1748e-110 8.6995e-79 2.0608e-70 1.1627e-46 1.2423e-41 ] 0.0000e+00 [ 0.0000e+00 ] 1.0000e+00
 2.981e+01 7.8155e-42 7.8155e-42 [ 6.3218e-140 1.7759e-118 2.4208e-110 4.8081e-79 1.1390e-70 6.8631e-47 7.8154e-42 ] 0.0000e+00 [ 0.0000e+00 ] 1.0000e+00
 2.992e+01 4.9106e-42 4.9106e-42 [ 1.1462e-140 3.9890e-119 6.3770e-111 2.6573e-79 6.2952e-71 4.0460e-47 4.9105e-42 ] 0.0000e+00 [ 0.0000e+00 ] 1.0000e+00
 3.003e+01 3.0816e-42 3.0816e-42 [ 2.0766e-141 8.9478e-120 1.6772e-111 1.4686e-79 3.4793e-71 2.3822e-47 3.0815e-42 ] 0.0000e+00 [ 0.0000e+00 ] 1.0000e+00
 3.015e+01 1.9314e-42 1.9314e-42 [ 3.7593e-142 2.0045e-120 4.4040e-112 8.1169e-80 1.9230e-71 1.4009e-47 1.9314e-42 ] 0.0000e+00 [ 0.0000e+00 ] 1.0000e+00
 3.026e+01 1.2090e-42 1.2090e-42 [ 6.8004e-143 4.4844e-121 1.1546e-112 4.4860e-80 1.0628e-71 8.2276e-48 1.2090e-42 ] 0.0000e+00 [ 0.0000e+00 ] 1.0000e+00
 3.037e+01 7.5588e-43 7.5588e-43 [ 1.2292e-143 1.0019e-121 3.0221e-113 2.4793e-80 5.8740e-72 4.8263e-48 7.5587e-43 ] 0.0000e+00 [ 0.0000e+00 ] 1.0000e+00
 3.049e+01 4.7199e-43 4.7199e-43 [ 2.2203e-144 2.2356e-122 7.8977e-114 1.3702e-80 3.2465e-72 2.8276e-48 4.7199e-43 ] 0.0000e+00 [ 0.0000e+00 ] 1.0000e+00
 3.060e+01 2.9435e-43 2.9435e-43 [ 4.0075e-145 4.9821e-123 2.0607e-114 7.5727e-81 1.7943e-72 1.6546e-48 2.9435e-43 ] 0.0000e+00 [ 0.0000e+00 ] 1.0000e+00
 3.071e+01 1.8334e-43 1.8334e-43 [ 7.2281e-146 1.1088e-123 5.3682e-115 4.1851e-81 9.9168e-73 9.6709e-49 1.8334e-43 ] 0.0000e+00 [ 0.0000e+00 ] 1.0000e+00
 3.083e+01 1.1406e-43 1.1406e-43 [ 1.3027e-146 2.4646e-124 1.3963e-115 2.3129e-81 5.4809e-73 5.6456e-49 1.1406e-43 ] 0.0000e+00 [ 0.0000e+00 ] 1.0000e+00
 3.094e+01 7.0866e-44 7.0866e-44 [ 2.3463e-147 5.4712e-125 3.6261e-116 1.2782e-81 3.0292e-73 3.2919e-49 7.0866e-44 ] 0.0000e+00 [ 0.0000e+00 ] 1.0000e+00
 3.105e+01 4.3976e-44 4.3976e-44 [ 4.2228e-148 1.2130e-125 9.4021e-117 7.0641e-82 1.6742e-73 1.9172e-49 4.3976e-44 ] 0.0000e+00 [ 0.0000e+00 ] 1.0000e+00
 3.117e+01 2.7255e-44 2.7255e-44 [ 7.5948e-149 2.6860e-126 2.4341e-117 3.9039e-82 9.2528e-74 1.1153e-49 2.7255e-44 ] 0.0000e+00 [ 0.0000e+00 ] 1.0000e+00
 3.128e+01 1.6871e-44 1.6871e-44 [ 1.3650e-149 5.9403e-127 6.2919e-118 2.1574e-82 5.1138e-74 6.4809e-50 1.6871e-44 ] 0.0000e+00 [ 0.0000e+00 ] 1.0000e+00
 3.139e+01 1.0430e-44 1.0430e-44 [ 2.4516e-150 1.3121e-127 1.6239e-118 1.1922e-82 2.8262e-74 3.7617e-50 1.0430e-44 ] 0.0000e+00 [ 0.0000e+00 ] 1.0000e+00
 3.151e+01 6.4401e-45 6.4401e-45 [ 4.4002e-151 2.8947e-128 4.1846e-119 6.5881e-83 1.5620e-74 2.1809e-50 6.4401e-45 ] 0.0000e+00 [ 0.0000e+00 ] 1.0000e+00
 3.162e+01 3.9716e-45 3.9716e-45 [ 7.8922e-152 6.3781e-129 1.0767e-119 3.6405e-83 8.6324e-75 1.2630e-50 3.9716e-45 ] 0.0000e+00 [ 0.0000e+00 ] 1.0000e+00
 3.173e+01 2.4462e-45 2.4462e-45 [ 1.4146e-152 1.4036e-129 2.7661e-120 2.0117e-83 4.7707e-75 7.3067e-51 2.4462e-45 ] 0.0000e+00 [ 0.0000e+00 ] 1.0000e+00
 3.185e+01 1.5048e-45 1.5048e-45 [ 2.5339e-153 3.0853e-130 7.0954e-121 1.1116e-83 2.6365e-75 4.2224e-51 1.5048e-45 ] 0.0000e+00 [ 0.0000e+00 ] 1.0000e+00
 3.196e+01 9.2455e-46 9.2455e-46 [ 4.5359e-154 6.7735e-131 1.8173e-121 6.1417e-84 1.4571e-75 2.4375e-51 9.2454e-46 ] 0.0000e+00 [ 0.0000e+00 ] 1.0000e+00
 3.207e+01 5.6734e-46 5.6734e-46 [ 8.1142e-155 1.4853e-131 4.6477e-122 3.3934e-84 8.0522e-76 1.4056e-51 5.6734e-46 ] 0.0000e+00 [ 0.0000e+00 ] 1.0000e+00
 3.219e+01 3.4771e-46 3.4771e-46 [ 1.4506e-155 3.2530e-132 1.1868e-122 1.8748e-84 4.4498e-76 8.0971e-52 3.4771e-46 ] 0.0000e+00 [ 0.0000e+00 ] 1.0000e+00
 3.230e+01 2.1284e-46 2.1284e-46 [ 2.5917e-156 7.1164e-133 3.0261e-123 1.0358e-84 2.4590e-76 4.6597e-52 2.1284e-46 ] 0.0000e+00 [ 0.0000e+00 ] 1.0000e+00
 3.241e+01 1.3012e-46 1.3012e-46 [ 4.6274e-157 1.5549e-133 7.7043e-124 5.7218e-85 1.3588e-76 2.6788e-52 1.3012e-46 ] 0.0000e+00 [ 0.0000e+00 ] 1.0000e+00
 3.253e+01 7.9456e-47 7.9456e-47 [ 8.2569e-158 3.3937e-134 1.9586e-124 3.1607e-85 7.5086e-77 1.5385e-52 7.9456e-47 ] 0.0000e+00 [ 0.0000e+00 ] 1.0000e+00
 3.264e+01 4.8458e-47 4.8458e-47 [ 1.4724e-158 7.3980e-135 4.9716e-125 1.7458e-85 4.1489e-77 8.8273e-53 4.8458e-47 ] 0.0000e+00 [ 0.0000e+00 ] 1.0000e+00
 3.275e+01 2.9517e-47 2.9517e-47 [ 2.6240e-159 1.6109e-135 1.2601e-125 9.6423e-86 2.2924e-77 5.0598e-53 2.9517e-47 ] 0.0000e+00 [ 0.0000e+00 ] 1.0000e+00
 3.287e+01 1.7957e-47 1.7957e-47 [ 4.6736e-160 3.5036e-136 3.1893e-126 5.3250e-86 1.2666e-77 2.8976e-53 1.7957e-47 ] 0.0000e+00 [ 0.0000e+00 ] 1.0000e+00
 3.298e+01 1.0912e-47 1.0912e-47 [ 8.3188e-161 7.6115e-137 8.0602e-127 2.9405e-86 6.9976e-78 1.6578e-53 1.0912e-47 ] 0.0000e+00 [ 0.0000e+00 ] 1.0000e+00
 3.309e+01 6.6222e-48 6.6222e-48 [ 1.4798e-161 1.6517e-137 2.0340e-127 1.6236e-86 3.8658e-78 9.4756e-54 6.6222e-48 ] 0.0000e+00 [ 0.0000e+00 ] 1.0000e+00
 3.321e+01 4.0142e-48 4.0142e-48 [ 2.6309e-162 3.5802e-138 5.1256e-128 8.9632e-87 2.1355e-78 5.4113e-54 4.0142e-48 ] 0.0000e+00 [ 0.0000e+00 ] 1.0000e+00
 3.332e+01 2.4303e-48 2.4303e-48 [ 4.6745e-163 7.7518e-139 1.2897e-128 4.9476e-87 1.1796e-78 3.0875e-54 2.4303e-48 ] 0.0000e+00 [ 0.0000e+00 ] 1.0000e+00
 3.343e+01 1.4696e-48 1.4696e-48 [ 8.3006e-164 1.6765e-139 3.2406e-129 2.7306e-87 6.5148e-79 1.7600e-54 1.4696e-48 ] 0.0000e+00 [ 0.0000e+00 ] 1.0000e+00
 3.355e+01 8.8761e-49 8.8761e-49 [ 1.4731e-164 3.6219e-140 8.1307e-130 1.5068e-87 3.5978e-79 1.0025e-54 8.8761e-49 ] 0.0000e+00 [ 0.0000e+00 ] 1.0000e+00
 3.366e+01 5.3545e-49 5.3545e-49 [ 2.6128e-165 7.8161e-141 2.0371e-130 8.3132e-88 1.9867e-79 5.7049e-55 5.3545e-49 ] 0.0000e+00 [ 0.0000e+00 ] 1.0000e+00
 3.377e+01 3.2263e-49 3.2263e-49 [ 4.6315e-166 1.6849e-141 5.0966e-131 4.5856e-88 1.0969e-79 3.2438e-55 3.2263e-49 ] 0.0000e+00 [ 0.0000e+00 ] 1.0000e+00
 3.389e+01 1.9416e-49 1.9416e-49 [ 8.2054e-167 3.6280e-142 1.2733e-131 2.5288e-88 6.0551e-80 1.8430e-55 1.9416e-49 ] 0.0000e+00 [ 0.0000e+00 ] 1.0000e+00
 3.400e+01 1.1671e-49 1.1671e-49 [ 1.4529e-167 7.8039e-143 3.1766e-132 1.3943e-88 3.3421e-80 1.0462e-55 1.1671e-49 ] 0.0000e+00 [ 0.0000e+00 ] 1.0000e+00
 3.411e+01 7.0074e-50 7.0074e-50 [ 2.5710e-168 1.6768e-143 7.9140e-133 7.6851e-89 1.8443e-80 5.9346e-56 7.0074e-50 ] 0.0000e+00 [ 0.0000e+00 ] 1.0000e+00
 3.423e+01 4.2023e-50 4.2023e-50 [ 4.5473e-169 3.5991e-144 1.9689e-133 4.2347e-89 1.0175e-80 3.3637e-56 4.2023e-50 ] 0.0000e+00 [ 0.0000e+00 ] 1.0000e+00
 3.434e+01 2.5171e-50 2.5171e-50 [ 8.0380e-170 7.7169e-145 4.8913e-134 2.3327e-89 5.6127e-81 1.9051e-56 2.5171e-50 ] 0.0000e+00 [ 0.0000e+00 ] 1.0000e+00
 3.445e+01 1.5060e-50 1.5060e-50 [ 1.4201e-170 1.6529e-145 1.2135e-134 1.2846e-89 3.0951e-81 1.0782e-56 1.5060e-50 ] 0.0000e+00 [ 0.0000e+00 ] 1.0000e+00
 3.457e+01 8.9997e-51 8.9997e-51 [ 2.5074e-171 3.5365e-146 3.0064e-135 7.0711e-90 1.7063e-81 6.0976e-57 8.9997e-51 ] 0.0000e+00 [ 0.0000e+00 ] 1.0000e+00
 3.468e+01 5.3720e-51 5.3720e-51 [ 4.4251e-172 7.5590e-147 7.4380e-136 3.8908e-90 9.4039e-82 3.4459e-57 5.3720e-51 ] 0.0000e+00 [ 0.0000e+00 ] 1.0000e+00
 3.479e+01 3.2029e-51 3.2029e-51 [ 7.8050e-173 1.6140e-147 1.8377e-136 2.1399e-90 5.1809e-82 1.9460e-57 3.2029e-51 ] 0.0000e+00 [ 0.0000e+00 ] 1.0000e+00
 3.491e+01 1.9075e-51 1.9075e-51 [ 1.3759e-173 3.4426e-148 4.5341e-137 1.1764e-90 2.8532e-82 1.0983e-57 1.9075e-51 ] 0.0000e+00 [ 0.0000e+00 ] 1.0000e+00
 3.502e+01 1.1347e-51 1.1347e-51 [ 2.4243e-174 7.3356e-149 1.1172e-137 6.4637e-91 1.5706e-82 6.1938e-58 1.1347e-51 ] 0.0000e+00 [ 0.0000e+00 ] 1.0000e+00
 3.513e+01 6.7421e-52 6.7421e-52 [ 4.2692e-175 1.5615e-149 2.7489e-138 3.5495e-91 8.6422e-83 3.4909e-58 6.7421e-52 ] 0.0000e+00 [ 0.0000e+00 ] 1.0000e+00
 3.525e+01 4.0015e-52 4.0015e-52 [ 7.5141e-176 3.3205e-150 6.7549e-139 1.9480e-91 4.7528e-83 1.9662e-58 4.0015e-52 ] 0.0000e+00 [ 0.0000e+00 ] 1.0000e+00
 3.536e+01 2.3723e-52 2.3723e-52 [ 1.3219e-176 7.0541e-151 1.6577e-139 1.0684e-91 2.6123e-83 1.1067e-58 2.3723e-52 ] 0.0000e+00 [ 0.0000e+00 ] 1.0000e+00
 3.547e+01 1.4049e-52 1.4049e-52 [ 2.3242e-177 1.4971e-151 4.0624e-140 5.8560e-92 1.4350e-83 6.2258e-59 1.4049e-52 ] 0.0000e+00 [ 0.0000e+00 ] 1.0000e+00
 3.559e+01 8.3103e-53 8.3103e-53 [ 4.0844e-178 3.1740e-152 9.9426e-141 3.2072e-92 7.8774e-84 3.5001e-59 8.3103e-53 ] 0.0000e+00 [ 0.0000e+00 ] 1.0000e+00
 3.570e+01 4.9104e-53 4.9104e-53 [ 7.1741e-179 6.7226e-153 2.4302e-141 1.7552e-92 4.3212e-84 1.9666e-59 4.9104e-53 ] 0.0000e+00 [ 0.0000e+00 ] 1.0000e+00
 3.581e+01 2.8983e-53 2.8983e-53 [ 1.2595e-179 1.4225e-153 5.9320e-142 9.5969e-93 2.3686e-84 1.1043e-59 2.8983e-53 ] 0.0000e+00 [ 0.0000e+00 ] 1.0000e+00
 3.593e+01 1.7088e-53 1.7088e-53 [ 2.2100e-180 3.0070e-154 1.4461e-142 5.2426e-93 1.2972e-84 6.1971e-60 1.7088e-53 ] 0.0000e+00 [ 0.0000e+00 ] 1.0000e+00
 3.604e+01 1.0064e-53 1.0064e-53 [ 3.8759e-181 6.3505e-155 3.5206e-143 2.8612e-93 7.0978e-85 3.4757e-60 1.0064e-53 ] 0.0000e+00 [ 0.0000e+00 ] 1.0000e+00
 3.615e+01 5.9210e-54 5.9210e-54 [ 6.7943e-182 1.3398e-155 8.5600e-144 1.5599e-93 3.8798e-85 1.9482e-60 5.9210e-54 ] 0.0000e+00 [ 0.0000e+00 ] 1.0000e+00
 3.627e+01 3.4797e-54 3.4797e-54 [ 1.1904e-182 2.8241e-156 2.0786e-144 8.4945e-94 2.1185e-85 1.0914e-60 3.4797e-54 ] 0.0000e+00 [ 0.0000e+00 ] 1.0000e+00
 3.638e+01 2.0428e-54 2.0428e-54 [ 2.0847e-183 5.9471e-157 5.0408e-145 4.6203e-94 1.1555e-85 6.1099e-61 2.0428e-54 ] 0.0000e+00 [ 0.0000e+00 ] 1.0000e+00
 3.649e+01 1.1980e-54 1.1980e-54 [ 3.6490e-184 1.2512e-157 1.2209e-145 2.5098e-94 6.2942e-86 3.4183e-61 1.1980e-54 ] 0.0000e+00 [ 0.0000e+00 ] 1.0000e+00
 3.661e+01 7.0185e-55 7.0185e-55 [ 6.3841e-185 2.6297e-158 2.9532e-146 1.3615e-94 3.4240e-86 1.9110e-61 7.0185e-55 ] 0.0000e+00 [ 0.0000e+00 ] 1.0000e+00
 3.672e+01 4.1074e-55 4.1074e-55 [ 1.1164e-185 5.5220e-159 7.1343e-147 7.3750e-95 1.8599e-86 1.0676e-61 4.1074e-55 ] 0.0000e+00 [ 0.0000e+00 ] 1.0000e+00
 3.683e+01 2.4013e-55 2.4013e-55 [ 1.9513e-186 1.1585e-159 1.7213e-147 3.9885e-95 1.0087e-86 5.9588e-62 2.4013e-55 ] 0.0000e+00 [ 0.0000e+00 ] 1.0000e+00
 3.695e+01 1.4024e-55 1.4024e-55 [ 3.4089e-187 2.4281e-160 4.1479e-148 2.1534e-95 5.4616e-87 3.3228e-62 1.4024e-55 ] 0.0000e+00 [ 0.0000e+00 ] 1.0000e+00
 3.706e+01 8.1822e-56 8.1822e-56 [ 5.9527e-188 5.0845e-161 9.9825e-149 1.1605e-95 2.9517e-87 1.8509e-62 8.1822e-56 ] 0.0000e+00 [ 0.0000e+00 ] 1.0000e+00
 3.717e+01 4.7690e-56 4.7690e-56 [ 1.0390e-188 1.0637e-161 2.3994e-149 6.2418e-96 1.5920e-87 1.0297e-62 4.7690e-56 ] 0.0000e+00 [ 0.0000e+00 ] 1.0000e+00
 3.729e+01 2.7768e-56 2.7768e-56 [ 1.8126e-189 2.2234e-162 5.7601e-150 3.3501e-96 8.5684e-88 5.7206e-63 2.7768e-56 ] 0.0000e+00 [ 0.0000e+00 ] 1.0000e+00
 3.740e+01 1.6152e-56 1.6152e-56 [ 3.1608e-190 4.6432e-163 1.3811e-150 1.7939e-96 4.6009e-88 3.1728e-63 1.6152e-56 ] 0.0000e+00 [ 0.0000e+00 ] 1.0000e+00
 3.751e+01 9.3863e-57 9.3863e-57 [ 5.5091e-191 9.6879e-164 3.3073e-151 9.5821e-97 2.4642e-88 1.7563e-63 9.3863e-57 ] 0.0000e+00 [ 0.0000e+00 ] 1.0000e+00
 3.763e+01 5.4492e-57 5.4492e-57 [ 9.5979e-192 2.0195e-164 7.9101e-152 5.1044e-97 1.3162e-88 9.6996e-64 5.4492e-57 ] 0.0000e+00 [ 0.0000e+00 ] 1.0000e+00
 3.774e+01 3.1604e-57 3.1604e-57 [ 1.6714e-192 4.2061e-165 1.8896e-152 2.7111e-97 7.0086e-89 5.3428e-64 3.1604e-57 ] 0.0000e+00 [ 0.0000e+00 ] 1.0000e+00
 3.785e+01 1.8312e-57 1.8312e-57 [ 2.9092e-193 8.7523e-166 4.5083e-153 1.4352e-97 3.7197e-89 2.9339e-64 1.8312e-57 ] 0.0000e+00 [ 0.0000e+00 ] 1.0000e+00
 3.797e+01 1.0600e-57 1.0600e-57 [ 5.0615e-194 1.8196e-166 1.0743e-153 7.5709e-98 1.9669e-89 1.6053e-64 1.0600e-57 ] 0.0000e+00 [ 0.0000e+00 ] 1.0000e+00
 3.808e+01 6.1304e-58 6.1304e-58 [ 8.8023e-195 3.7798e-167 2.5570e-154 3.9779e-98 1.0359e-89 8.7472e-65 6.1304e-58 ] 0.0000e+00 [ 0.0000e+00 ] 1.0000e+00
 3.819e+01 3.5419e-58 3.5419e-58 [ 1.5301e-195 7.8447e-168 6.0786e-155 2.0807e-98 5.4307e-90 4.7432e-65 3.5419e-58 ] 0.0000e+00 [ 0.0000e+00 ] 1.0000e+00
 3.831e+01 2.0443e-58 2.0443e-58 [ 2.6586e-196 1.6267e-168 1.4433e-155 1.0830e-98 2.8326e-90 2.5576e-65 2.0443e-58 ] 0.0000e+00 [ 0.0000e+00 ] 1.0000e+00
 3.842e+01 1.1788e-58 1.1788e-58 [ 4.6173e-197 3.3702e-169 3.4228e-156 5.6048e-99 1.4690e-90 1.3701e-65 1.1788e-58 ] 0.0000e+00 [ 0.0000e+00 ] 1.0000e+00
 3.853e+01 6.7893e-59 6.7893e-59 [ 8.0157e-198 6.9766e-170 8.1076e-157 2.8819e-99 7.5675e-91 7.2843e-66 6.7893e-59 ] 0.0000e+00 [ 0.0000e+00 ] 1.0000e+00
 3.865e+01 3.9057e-59 3.9057e-59 [ 1.3909e-198 1.4430e-170 1.9182e-157 1.4707e-99 3.8687e-91 3.8385e-66 3.9057e-59 ] 0.0000e+00 [ 0.0000e+00 ] 1.0000e+00
 3.876e+01 2.2436e-59 2.2436e-59 [ 2.4126e-199 2.9820e-171 4.5329e-158 7.4385e-100 1.9600e-91 2.0017e-66 2.2436e-59 ] 0.0000e+00 [ 0.0000e+00 ] 1.0000e+00
 3.887e+01 1.2864e-59 1.2864e-59 [ 4.1829e-200 6.1571e-172 1.0699e-158 3.7224e-100 9.8232e-92 1.0309e-66 1.2864e-59 ] 0.0000e+00 [ 0.0000e+00 ] 1.0000e+00
 3.899e+01 7.3559e-60 7.3559e-60 [ 7.2487e-201 1.2702e-172 2.5223e-159 1.8386e-100 4.8586e-92 5.2299e-67 7.3559e-60 ] 0.0000e+00 [ 0.0000e+00 ] 1.0000e+00
 3.910e+01 4.1893e-60 4.1893e-60 [ 1.2555e-201 2.6179e-173 5.9385e-160 8.9330e-101 2.3635e-92 2.6041e-67 4.1893e-60 ] 0.0000e+00 [ 0.0000e+00 ] 1.0000e+00
 3.921e+01 2.3696e-60 2.3696e-60 [ 2.1728e-202 5.3889e-174 1.3960e-160 4.2473e-101 1.1249e-92 1.2658e-67 2.3696e-60 ] 0.0000e+00 [ 0.0000e+00 ] 1.0000e+00
 3.933e+01 1.3241e-60 1.3241e-60 [ 3.7538e-203 1.1069e-174 3.2732e-161 1.9595e-101 5.1946e-93 5.9550e-68 1.3241e-60 ] 0.0000e+00 [ 0.0000e+00 ] 1.0000e+00
 3.944e+01 7.2235e-61 7.2235e-61 [ 6.4548e-204 2.2617e-175 7.6283e-162 8.6367e-102 2.2913e-93 2.6690e-68 7.2235e-61 ] 0.0000e+00 [ 0.0000e+00 ] 1.0000e+00
 3.955e+01 3.7437e-61 3.7437e-61 [ 1.0931e-204 4.5438e-176 1.7442e-162 3.5165e-102 9.3347e-94 1.1017e-68 3.7437e-61 ] 0.0000e+00 [ 0.0000e+00 ] 1.0000e+00
 3.967e+01 1.7120e-61 1.7120e-61 [ 1.7485e-205 8.5638e-177 3.7110e-163 1.2112e-102 3.2166e-94 3.8338e-69 1.7120e-61 ] 0.0000e+00 [ 0.0000e+00 ] 1.0000e+00
 3.978e+01 5.3438e-62 5.3438e-62 [ 2.1086e-206 1.1831e-177 5.6415e-164 2.5665e-103 6.8173e-95 8.1762e-70 5.3438e-62 ] 0.0000e+00 [ 0.0000e+00 ] 1.0000e+00
 3.989e+01 0.0000e+00 0.0000e+00 [ 0.0000e+00 0.0000e+00 0.0000e+00 0.0000e+00 0.0000e+00 0.0000e+00 0.0000e+00 ] 0.0000e+00 [ 0.0000e+00 ] 1.0000e+00
