 0.000e+00 0.0000e+00 0.0000e+00 [ 0.0000e+00 0.0000e+00 0.0000e+00 0.0000e+00 0.0000e+00 0.0000e+00 0.0000e+00 ] 0.0000e+00 [ 0.0000e+00 ] 1.0000e+00
 1.133e-01 1.8916e-02 1.8916e-02 [ 1.2701e-02 3.2780e-04 5.3665e-04 3.7034e-03 3.5182e-04 1.0494e-03 2.4518e-04 ] 0.0000e+00 [ 0.0000e+00 ] 9.8108e-01
 2.267e-01 4.5156e-02 4.5156e-02 [ 1.9258e-02 1.3831e-03 2.1932e-03 1.5671e-02 1.4298e-03 4.2572e-03 9.6387e-04 ] 0.0000e+00 [ 0.0000e+00 ] 9.5484e-01
 3.400e-01 8.6411e-02 8.6411e-02 [ 2.4672e-02 3.3550e-03 5.0594e-03 3.8185e-02 3.2693e-03 9.7057e-03 2.1646e-03 ] 0.0000e+00 [ 0.0000e+00 ] 9.1359e-01
 4.533e-01 1.4726e-01 1.4726e-01 [ 3.0639e-02 6.4714e-03 9.1424e-03 7.4056e-02 5.8387e-03 1.7263e-02 3.8469e-03 ] 0.0000e+00 [ 0.0000e+00 ] 8.5274e-01
 5.667e-01 2.2876e-01 2.2876e-01 [ 3.8158e-02 1.0820e-02 1.4167e-02 1.2454e-01 8.9213e-03 2.6239e-02 5.9123e-03 ] 0.0000e+00 [ 0.0000e+00 ] 7.7124e-01
 6.800e-01 3.2416e-01 3.2416e-01 [ 4.7120e-02 1.6086e-02 1.9408e-02 1.8626e-01 1.2033e-02 3.5160e-02 8.0834e-03 ] 0.0000e+00 [ 0.0000e+00 ] 6.7584e-01
 7.933e-01 4.1829e-01 4.1829e-01 [ 5.6165e-02 2.1465e-02 2.3847e-02 2.5013e-01 1.4551e-02 4.2178e-02 9.9495e-03 ] 0.0000e+00 [ 0.0000e+00 ] 5.8171e-01
 9.067e-01 4.9523e-01 4.9523e-01 [ 6.3386e-02 2.6043e-02 2.6745e-02 3.0566e-01 1.6068e-02 4.6131e-02 1.1194e-02 ] 0.0000e+00 [ 0.0000e+00 ] 5.0477e-01
 1.020e+00 5.4807e-01 5.4807e-01 [ 6.7585e-02 2.9360e-02 2.8072e-02 3.4745e-01 1.6628e-02 4.7196e-02 1.1782e-02 ] 0.0000e+00 [ 0.0000e+00 ] 4.5193e-01
 1.133e+00 5.7969e-01 5.7969e-01 [ 6.8708e-02 3.1508e-02 2.8302e-02 3.7633e-01 1.6560e-02 4.6378e-02 1.1899e-02 ] 0.0000e+00 [ 0.0000e+00 ] 4.2031e-01
 1.247e+00 5.9668e-01 5.9668e-01 [ 6.7354e-02 3.2816e-02 2.7967e-02 3.9590e-01 1.6200e-02 4.4689e-02 1.1761e-02 ] 0.0000e+00 [ 0.0000e+00 ] 4.0332e-01
 1.360e+00 6.0487e-01 6.0487e-01 [ 6.4244e-02 3.3594e-02 2.7435e-02 4.0950e-01 1.5775e-02 4.2793e-02 1.1529e-02 ] 0.0000e+00 [ 0.0000e+00 ] 3.9513e-01
 1.473e+00 6.0810e-01 6.0810e-01 [ 5.9995e-02 3.4050e-02 2.6904e-02 4.1942e-01 1.5402e-02 4.1038e-02 1.1294e-02 ] 0.0000e+00 [ 0.0000e+00 ] 3.9190e-01
 1.587e+00 6.0862e-01 6.0862e-01 [ 5.5090e-02 3.4305e-02 2.6459e-02 4.2696e-01 1.5132e-02 3.9577e-02 1.1101e-02 ] 0.0000e+00 [ 0.0000e+00 ] 3.9138e-01
 1.700e+00 6.0769e-01 6.0769e-01 [ 4.9890e-02 3.4423e-02 2.6128e-02 4.3283e-01 1.4985e-02 3.8463e-02 1.0973e-02 ] 0.0000e+00 [ 0.0000e+00 ] 3.9231e-01
 1.813e+00 6.0600e-01 6.0600e-01 [ 4.4663e-02 3.4434e-02 2.5910e-02 4.3740e-01 1.4961e-02 3.7708e-02 1.0917e-02 ] 0.0000e+00 [ 0.0000e+00 ] 3.9400e-01
 1.927e+00 6.0392e-01 6.0392e-01 [ 3.9593e-02 3.4353e-02 2.5790e-02 4.4088e-01 1.5060e-02 3.7306e-02 1.0939e-02 ] 0.0000e+00 [ 0.0000e+00 ] 3.9608e-01
 2.040e+00 6.0165e-01 6.0165e-01 [ 3.4801e-02 3.4181e-02 2.5750e-02 4.4336e-01 1.5276e-02 3.7246e-02 1.1038e-02 ] 0.0000e+00 [ 0.0000e+00 ] 3.9835e-01
 2.153e+00 5.9930e-01 5.9930e-01 [ 3.0361e-02 3.3919e-02 2.5770e-02 4.4491e-01 1.5604e-02 3.7524e-02 1.1215e-02 ] 0.0000e+00 [ 0.0000e+00 ] 4.0070e-01
 2.267e+00 5.9693e-01 5.9693e-01 [ 2.6305e-02 3.3561e-02 2.5833e-02 4.4558e-01 1.6042e-02 3.8134e-02 1.1472e-02 ] 0.0000e+00 [ 0.0000e+00 ] 4.0307e-01
 2.380e+00 5.9454e-01 5.9454e-01 [ 2.2644e-02 3.3105e-02 2.5922e-02 4.4539e-01 1.6587e-02 3.9080e-02 1.1808e-02 ] 0.0000e+00 [ 0.0000e+00 ] 4.0546e-01
 2.493e+00 5.9214e-01 5.9214e-01 [ 1.9368e-02 3.2547e-02 2.6021e-02 4.4437e-01 1.7237e-02 4.0370e-02 1.2227e-02 ] 0.0000e+00 [ 0.0000e+00 ] 4.0786e-01
 2.607e+00 5.8973e-01 5.8973e-01 [ 1.6459e-02 3.1883e-02 2.6118e-02 4.4253e-01 1.7992e-02 4.2017e-02 1.2730e-02 ] 0.0000e+00 [ 0.0000e+00 ] 4.1027e-01
 2.720e+00 5.8727e-01 5.8727e-01 [ 1.3894e-02 3.1111e-02 2.6202e-02 4.3985e-01 1.8849e-02 4.4038e-02 1.3320e-02 ] 0.0000e+00 [ 0.0000e+00 ] 4.1273e-01
 2.833e+00 5.8475e-01 5.8475e-01 [ 1.1647e-02 3.0232e-02 2.6262e-02 4.3634e-01 1.9810e-02 4.6456e-02 1.4002e-02 ] 0.0000e+00 [ 0.0000e+00 ] 4.1525e-01
 2.947e+00 5.8214e-01 5.8214e-01 [ 9.6910e-03 2.9247e-02 2.6289e-02 4.3196e-01 2.0873e-02 4.9298e-02 1.4777e-02 ] 0.0000e+00 [ 0.0000e+00 ] 4.1786e-01
 3.060e+00 5.7941e-01 5.7941e-01 [ 7.9996e-03 2.8161e-02 2.6276e-02 4.2669e-01 2.2038e-02 5.2591e-02 1.5650e-02 ] 0.0000e+00 [ 0.0000e+00 ] 4.2059e-01
 3.173e+00 5.7652e-01 5.7652e-01 [ 6.5477e-03 2.6980e-02 2.6218e-02 4.2048e-01 2.3301e-02 5.6370e-02 1.6624e-02 ] 0.0000e+00 [ 0.0000e+00 ] 4.2348e-01
 3.287e+00 5.7345e-01 5.7345e-01 [ 5.3111e-03 2.5714e-02 2.6110e-02 4.1328e-01 2.4660e-02 6.0668e-02 1.7703e-02 ] 0.0000e+00 [ 0.0000e+00 ] 4.2655e-01
 3.400e+00 5.7014e-01 5.7014e-01 [ 4.2669e-03 2.4373e-02 2.5950e-02 4.0504e-01 2.6110e-02 6.5517e-02 1.8888e-02 ] 0.0000e+00 [ 0.0000e+00 ] 4.2985e-01
 3.513e+00 5.6656e-01 5.6656e-01 [ 3.3932e-03 2.2971e-02 2.5736e-02 3.9568e-01 2.7646e-02 7.0947e-02 2.0182e-02 ] 0.0000e+00 [ 0.0000e+00 ] 4.3344e-01
 3.627e+00 5.6263e-01 5.6263e-01 [ 2.6692e-03 2.1525e-02 2.5469e-02 3.8514e-01 2.9259e-02 7.6983e-02 2.1583e-02 ] 0.0000e+00 [ 0.0000e+00 ] 4.3737e-01
 3.740e+00 5.5828e-01 5.5828e-01 [ 2.0757e-03 2.0049e-02 2.5151e-02 3.7334e-01 3.0937e-02 8.3638e-02 2.3090e-02 ] 0.0000e+00 [ 0.0000e+00 ] 4.4172e-01
 3.853e+00 5.5340e-01 5.5340e-01 [ 1.5945e-03 1.8563e-02 2.4785e-02 3.6019e-01 3.2666e-02 9.0906e-02 2.4695e-02 ] 0.0000e+00 [ 0.0000e+00 ] 4.4660e-01
 3.967e+00 5.4784e-01 5.4784e-01 [ 1.2090e-03 1.7080e-02 2.4374e-02 3.4562e-01 3.4424e-02 9.8754e-02 2.6386e-02 ] 0.0000e+00 [ 0.0000e+00 ] 4.5216e-01
 4.080e+00 5.4139e-01 5.4139e-01 [ 9.0400e-04 1.5618e-02 2.3917e-02 3.2953e-01 3.6181e-02 1.0711e-01 2.8141e-02 ] 0.0000e+00 [ 0.0000e+00 ] 4.5861e-01
 4.193e+00 5.3372e-01 5.3372e-01 [ 6.6577e-04 1.4187e-02 2.3413e-02 3.1181e-01 3.7895e-02 1.1582e-01 2.9925e-02 ] 0.0000e+00 [ 0.0000e+00 ] 4.6628e-01
 4.307e+00 5.2435e-01 5.2435e-01 [ 4.8226e-04 1.2796e-02 2.2852e-02 2.9236e-01 3.9503e-02 1.2467e-01 3.1682e-02 ] 0.0000e+00 [ 0.0000e+00 ] 4.7565e-01
 4.420e+00 5.1258e-01 5.1258e-01 [ 3.4293e-04 1.1448e-02 2.2212e-02 2.7104e-01 4.0914e-02 1.3329e-01 3.3330e-02 ] 0.0000e+00 [ 0.0000e+00 ] 4.8742e-01
 4.533e+00 4.9746e-01 4.9746e-01 [ 2.3880e-04 1.0143e-02 2.1459e-02 2.4775e-01 4.1998e-02 1.4112e-01 3.4748e-02 ] 0.0000e+00 [ 0.0000e+00 ] 5.0254e-01
 4.647e+00 4.7778e-01 4.7778e-01 [ 1.6230e-04 8.8750e-03 2.0544e-02 2.2244e-01 4.2580e-02 1.4741e-01 3.5772e-02 ] 0.0000e+00 [ 0.0000e+00 ] 5.2222e-01
 4.760e+00 4.5219e-01 4.5219e-01 [ 1.0723e-04 7.6412e-03 1.9407e-02 1.9522e-01 4.2445e-02 1.5117e-01 3.6200e-02 ] 0.0000e+00 [ 0.0000e+00 ] 5.4781e-01
 4.873e+00 4.1959e-01 4.1959e-01 [ 6.8541e-05 6.4427e-03 1.7991e-02 1.6654e-01 4.1369e-02 1.5135e-01 3.5825e-02 ] 0.0000e+00 [ 0.0000e+00 ] 5.8041e-01
 4.987e+00 3.7963e-01 3.7963e-01 [ 4.2194e-05 5.2922e-03 1.6272e-02 1.3729e-01 3.9188e-02 1.4706e-01 3.4489e-02 ] 0.0000e+00 [ 0.0000e+00 ] 6.2037e-01
 5.100e+00 3.3335e-01 3.3335e-01 [ 2.4928e-05 4.2167e-03 1.4280e-02 1.0884e-01 3.5889e-02 1.3794e-01 3.2166e-02 ] 0.0000e+00 [ 0.0000e+00 ] 6.6665e-01
 5.213e+00 2.8330e-01 2.8330e-01 [ 1.4120e-05 3.2512e-03 1.2117e-02 8.2731e-02 3.1666e-02 1.2451e-01 2.9009e-02 ] 0.0000e+00 [ 0.0000e+00 ] 7.1670e-01
 5.327e+00 2.3302e-01 2.3302e-01 [ 7.6845e-06 2.4269e-03 9.9326e-03 6.0313e-02 2.6900e-02 1.0811e-01 2.5330e-02 ] 0.0000e+00 [ 0.0000e+00 ] 7.6698e-01
 5.440e+00 1.8603e-01 1.8603e-01 [ 4.0387e-06 1.7599e-03 7.8814e-03 4.2301e-02 2.2047e-02 9.0532e-02 2.1505e-02 ] 0.0000e+00 [ 0.0000e+00 ] 8.1397e-01
 5.553e+00 1.4482e-01 1.4482e-01 [ 2.0642e-06 1.2461e-03 6.0775e-03 2.8690e-02 1.7504e-02 7.3441e-02 1.7863e-02 ] 0.0000e+00 [ 0.0000e+00 ] 8.5518e-01
 5.667e+00 1.1056e-01 1.1056e-01 [ 1.0337e-06 8.6675e-04 4.5764e-03 1.8933e-02 1.3530e-02 5.8034e-02 1.4618e-02 ] 0.0000e+00 [ 0.0000e+00 ] 8.8944e-01
 5.780e+00 8.3229e-02 8.3229e-02 [ 5.1078e-07 5.9551e-04 3.3812e-03 1.2230e-02 1.0235e-02 4.4923e-02 1.1864e-02 ] 0.0000e+00 [ 0.0000e+00 ] 9.1677e-01
 5.893e+00 6.2091e-02 6.2091e-02 [ 2.5049e-07 4.0600e-04 2.4613e-03 7.7759e-03 7.6102e-03 3.4235e-02 9.6017e-03 ] 0.0000e+00 [ 0.0000e+00 ] 9.3791e-01
 6.007e+00 4.6097e-02 4.6097e-02 [ 1.2246e-07 2.7561e-04 1.7710e-03 4.8882e-03 5.5827e-03 2.5797e-02 7.7821e-03 ] 0.0000e+00 [ 0.0000e+00 ] 9.5390e-01
 6.120e+00 3.4173e-02 3.4173e-02 [ 5.9864e-08 1.8671e-04 1.2626e-03 3.0492e-03 4.0522e-03 1.9287e-02 6.3350e-03 ] 0.0000e+00 [ 0.0000e+00 ] 9.6583e-01
 6.233e+00 2.5366e-02 2.5366e-02 [ 2.9324e-08 1.2638e-04 8.9337e-04 1.8929e-03 2.9165e-03 1.4348e-02 5.1887e-03 ] 0.0000e+00 [ 0.0000e+00 ] 9.7463e-01
 6.347e+00 1.8895e-02 1.8895e-02 [ 1.4408e-08 8.5523e-05 6.2804e-04 1.1720e-03 2.0847e-03 1.0645e-02 4.2794e-03 ] 0.0000e+00 [ 0.0000e+00 ] 9.8110e-01
 6.460e+00 1.4150e-02 1.4150e-02 [ 7.1039e-09 5.7854e-05 4.3894e-04 7.2489e-04 1.4816e-03 7.8917e-03 3.5546e-03 ] 0.0000e+00 [ 0.0000e+00 ] 9.8585e-01
 6.573e+00 1.0668e-02 1.0668e-02 [ 3.5145e-09 3.9108e-05 3.0510e-04 4.4849e-04 1.0477e-03 5.8549e-03 2.9726e-03 ] 0.0000e+00 [ 0.0000e+00 ] 9.8933e-01
 6.687e+00 8.1073e-03 8.1073e-03 [ 1.7439e-09 2.6400e-05 2.1093e-04 2.7782e-04 7.3774e-04 4.3532e-03 2.5012e-03 ] 0.0000e+00 [ 0.0000e+00 ] 9.9189e-01
 6.800e+00 6.2163e-03 6.2163e-03 [ 8.6732e-10 1.7784e-05 1.4505e-04 1.7244e-04 5.1742e-04 3.2477e-03 2.1159e-03 ] 0.0000e+00 [ 0.0000e+00 ] 9.9378e-01
 6.913e+00 4.8120e-03 4.8120e-03 [ 4.3199e-10 1.1945e-05 9.9201e-05 1.0729e-04 3.6158e-04 2.4339e-03 1.7980e-03 ] 0.0000e+00 [ 0.0000e+00 ] 9.9519e-01
 7.027e+00 3.7620e-03 3.7620e-03 [ 2.1529e-10 7.9944e-06 6.7473e-05 6.6941e-05 2.5183e-04 1.8341e-03 1.5336e-03 ] 0.0000e+00 [ 0.0000e+00 ] 9.9624e-01
 7.140e+00 2.9707e-03 2.9707e-03 [ 1.0726e-10 5.3269e-06 4.5634e-05 4.1893e-05 1.7483e-04 1.3910e-03 1.3120e-03 ] 0.0000e+00 [ 0.0000e+00 ] 9.9703e-01
 7.253e+00 2.3690e-03 2.3690e-03 [ 5.3367e-11 3.5315e-06 3.0686e-05 2.6300e-05 1.2100e-04 1.0625e-03 1.1250e-03 ] 0.0000e+00 [ 0.0000e+00 ] 9.9763e-01
 7.367e+00 1.9070e-03 1.9070e-03 [ 2.6497e-11 2.3280e-06 2.0514e-05 1.6562e-05 8.3511e-05 8.1792e-04 9.6622e-04 ] 0.0000e+00 [ 0.0000e+00 ] 9.9809e-01
 7.480e+00 1.5487e-03 1.5487e-03 [ 1.3116e-11 1.5252e-06 1.3632e-05 1.0462e-05 5.7479e-05 6.3479e-04 8.3086e-04 ] 0.0000e+00 [ 0.0000e+00 ] 9.9845e-01
 7.593e+00 1.2679e-03 1.2679e-03 [ 6.4685e-12 9.9257e-07 9.0047e-06 6.6284e-06 3.9461e-05 4.9682e-04 7.1500e-04 ] 0.0000e+00 [ 0.0000e+00 ] 9.9873e-01
 7.707e+00 1.0455e-03 1.0455e-03 [ 3.1759e-12 6.4139e-07 5.9120e-06 4.2113e-06 2.7027e-05 3.9213e-04 6.1556e-04 ] 0.0000e+00 [ 0.0000e+00 ] 9.9895e-01
 7.820e+00 8.6751e-04 8.6751e-04 [ 1.5515e-12 4.1139e-07 3.8578e-06 2.6826e-06 1.8471e-05 3.1207e-04 5.3002e-04 ] 0.0000e+00 [ 0.0000e+00 ] 9.9913e-01
 7.933e+00 7.2372e-04 7.2372e-04 [ 7.5370e-13 2.6183e-07 2.5020e-06 1.7129e-06 1.2598e-05 2.5033e-04 4.5632e-04 ] 0.0000e+00 [ 0.0000e+00 ] 9.9928e-01
 8.047e+00 6.0651e-04 6.0651e-04 [ 3.6393e-13 1.6532e-07 1.6128e-06 1.0961e-06 8.5783e-06 2.0230e-04 3.9276e-04 ] 0.0000e+00 [ 0.0000e+00 ] 9.9939e-01
 8.160e+00 5.1020e-04 5.1020e-04 [ 1.7460e-13 1.0353e-07 1.0333e-06 7.0279e-07 5.8325e-06 1.6462e-04 3.3791e-04 ] 0.0000e+00 [ 0.0000e+00 ] 9.9949e-01
 8.273e+00 4.3049e-04 4.3049e-04 [ 8.3195e-14 6.4298e-08 6.5799e-07 4.5139e-07 3.9611e-06 1.3478e-04 2.9057e-04 ] 0.0000e+00 [ 0.0000e+00 ] 9.9957e-01
 8.387e+00 3.6411e-04 3.6411e-04 [ 3.9362e-14 3.9595e-08 4.1648e-07 2.9037e-07 2.6879e-06 1.1096e-04 2.4971e-04 ] 0.0000e+00 [ 0.0000e+00 ] 9.9964e-01
 8.500e+00 3.0854e-04 3.0854e-04 [ 1.8487e-14 2.4174e-08 2.6204e-07 1.8705e-07 1.8231e-06 9.1783e-05 2.1446e-04 ] 0.0000e+00 [ 0.0000e+00 ] 9.9969e-01
 8.613e+00 2.6183e-04 2.6183e-04 [ 8.6180e-15 1.4631e-08 1.6390e-07 1.2064e-07 1.2365e-06 7.6233e-05 1.8406e-04 ] 0.0000e+00 [ 0.0000e+00 ] 9.9974e-01
 8.727e+00 2.2242e-04 2.2242e-04 [ 3.9866e-15 8.7791e-09 1.0192e-07 7.7901e-08 8.3897e-07 6.3537e-05 1.5785e-04 ] 0.0000e+00 [ 0.0000e+00 ] 9.9978e-01
 8.840e+00 1.8907e-04 1.8907e-04 [ 1.8298e-15 5.2218e-09 6.3013e-08 5.0354e-08 5.6975e-07 5.3106e-05 1.3528e-04 ] 0.0000e+00 [ 0.0000e+00 ] 9.9981e-01
 8.953e+00 1.6080e-04 1.6080e-04 [ 8.3328e-16 3.0789e-09 3.8739e-08 3.2581e-08 3.8746e-07 4.4491e-05 1.1585e-04 ] 0.0000e+00 [ 0.0000e+00 ] 9.9984e-01
 9.067e+00 1.3679e-04 1.3679e-04 [ 3.7646e-16 1.7996e-09 2.3684e-08 2.1102e-08 2.6401e-07 3.7344e-05 9.9135e-05 ] 0.0000e+00 [ 0.0000e+00 ] 9.9986e-01
 9.180e+00 1.1637e-04 1.1637e-04 [ 1.6872e-16 1.0427e-09 1.4401e-08 1.3682e-08 1.8035e-07 3.1390e-05 8.4773e-05 ] 0.0000e+00 [ 0.0000e+00 ] 9.9988e-01
 9.293e+00 9.8996e-05 9.8996e-05 [ 7.5010e-17 5.9896e-10 8.7101e-09 8.8812e-09 1.2358e-07 2.6414e-05 7.2440e-05 ] 0.0000e+00 [ 0.0000e+00 ] 9.9990e-01
 9.407e+00 8.4201e-05 8.4201e-05 [ 3.3082e-17 3.4111e-10 5.2407e-09 5.7722e-09 8.4997e-08 2.2245e-05 6.1859e-05 ] 0.0000e+00 [ 0.0000e+00 ] 9.9992e-01
 9.520e+00 7.1598e-05 7.1598e-05 [ 1.4473e-17 1.9261e-10 3.1372e-09 3.7569e-09 5.8709e-08 1.8745e-05 5.2788e-05 ] 0.0000e+00 [ 0.0000e+00 ] 9.9993e-01
 9.633e+00 6.0862e-05 6.0862e-05 [ 6.2815e-18 1.0784e-10 1.8688e-09 2.4493e-09 4.0746e-08 1.5800e-05 4.5017e-05 ] 0.0000e+00 [ 0.0000e+00 ] 9.9994e-01
 9.747e+00 5.1718e-05 5.1718e-05 [ 2.7045e-18 5.9877e-11 1.1078e-09 1.5999e-09 2.8429e-08 1.3320e-05 3.8366e-05 ] 0.0000e+00 [ 0.0000e+00 ] 9.9995e-01
 9.860e+00 4.3929e-05 4.3929e-05 [ 1.1552e-18 3.2971e-11 6.5368e-10 1.0475e-09 1.9948e-08 1.1230e-05 3.2678e-05 ] 0.0000e+00 [ 0.0000e+00 ] 9.9996e-01
 9.973e+00 3.7298e-05 3.7298e-05 [ 4.8958e-19 1.8008e-11 3.8395e-10 6.8760e-10 1.4082e-08 9.4660e-06 2.7816e-05 ] 0.0000e+00 [ 0.0000e+00 ] 9.9996e-01
 1.009e+01 3.1653e-05 3.1653e-05 [ 2.0586e-19 9.7562e-12 2.2453e-10 4.5275e-10 1.0002e-08 7.9777e-06 2.3664e-05 ] 0.0000e+00 [ 0.0000e+00 ] 9.9997e-01
 1.020e+01 2.6850e-05 2.6850e-05 [ 8.5886e-20 5.2438e-12 1.3074e-10 2.9917e-10 7.1492e-09 6.7214e-06 2.0121e-05 ] 0.0000e+00 [ 0.0000e+00 ] 9.9997e-01
 1.031e+01 2.2765e-05 2.2765e-05 [ 3.5558e-20 2.7965e-12 7.5814e-11 1.9848e-10 5.1421e-09 5.6608e-06 1.7099e-05 ] 0.0000e+00 [ 0.0000e+00 ] 9.9998e-01
 1.043e+01 1.9292e-05 1.9292e-05 [ 1.4609e-20 1.4799e-12 4.3786e-11 1.3228e-10 3.7213e-09 4.7655e-06 1.4523e-05 ] 0.0000e+00 [ 0.0000e+00 ] 9.9998e-01
 1.054e+01 1.6342e-05 1.6342e-05 [ 5.9568e-21 7.7725e-13 2.5191e-11 8.8611e-11 2.7089e-09 4.0100e-06 1.2329e-05 ] 0.0000e+00 [ 0.0000e+00 ] 9.9998e-01
 1.065e+01 1.3836e-05 1.3836e-05 [ 2.4107e-21 4.0519e-13 1.4438e-11 5.9691e-11 1.9830e-09 3.3724e-06 1.0461e-05 ] 0.0000e+00 [ 0.0000e+00 ] 9.9999e-01
 1.077e+01 1.1708e-05 1.1708e-05 [ 9.6841e-22 2.0969e-13 8.2447e-12 4.0457e-11 1.4592e-09 2.8347e-06 8.8718e-06 ] 0.0000e+00 [ 0.0000e+00 ] 9.9999e-01
 1.088e+01 9.9029e-06 9.9029e-06 [ 3.8617e-22 1.0775e-13 4.6914e-12 2.7601e-11 1.0789e-09 2.3813e-06 7.5204e-06 ] 0.0000e+00 [ 0.0000e+00 ] 9.9999e-01
 1.099e+01 8.3720e-06 8.3720e-06 [ 1.5288e-22 5.4975e-14 2.6604e-12 1.8962e-11 8.0117e-10 1.9993e-06 6.3719e-06 ] 0.0000e+00 [ 0.0000e+00 ] 9.9999e-01
 1.111e+01 7.0744e-06 7.0744e-06 [ 6.0090e-23 2.7857e-14 1.5036e-12 1.3121e-11 5.9726e-10 1.6775e-06 5.3963e-06 ] 0.0000e+00 [ 0.0000e+00 ] 9.9999e-01
 1.122e+01 5.9750e-06 5.9750e-06 [ 2.3452e-23 1.4021e-14 8.4700e-13 9.1471e-12 4.4679e-10 1.4065e-06 4.5680e-06 ] 0.0000e+00 [ 0.0000e+00 ] 9.9999e-01
 1.133e+01 5.0440e-06 5.0440e-06 [ 9.0889e-24 7.0105e-15 4.7563e-13 6.4248e-12 3.3523e-10 1.1786e-06 3.8651e-06 ] 0.0000e+00 [ 0.0000e+00 ] 9.9999e-01
 1.145e+01 4.2560e-06 4.2560e-06 [ 3.4982e-24 3.4827e-15 2.6626e-13 4.5464e-12 2.5219e-10 9.8692e-07 3.2688e-06 ] 0.0000e+00 [ 0.0000e+00 ] 1.0000e+00
 1.156e+01 3.5894e-06 3.5894e-06 [ 1.3372e-24 1.7192e-15 1.4860e-13 3.2406e-12 1.9015e-10 8.2584e-07 2.7634e-06 ] 0.0000e+00 [ 0.0000e+00 ] 1.0000e+00
 1.167e+01 3.0257e-06 3.0257e-06 [ 5.0774e-25 8.4347e-16 8.2692e-14 2.3262e-12 1.4364e-10 6.9057e-07 2.3350e-06 ] 0.0000e+00 [ 0.0000e+00 ] 1.0000e+00
 1.179e+01 2.5493e-06 2.5493e-06 [ 1.9151e-25 4.1131e-16 4.5882e-14 1.6809e-12 1.0869e-10 5.7703e-07 1.9722e-06 ] 0.0000e+00 [ 0.0000e+00 ] 1.0000e+00
 1.190e+01 2.1468e-06 2.1468e-06 [ 7.1764e-26 1.9939e-16 2.5385e-14 1.2222e-12 8.2355e-11 4.8181e-07 1.6649e-06 ] 0.0000e+00 [ 0.0000e+00 ] 1.0000e+00
 1.201e+01 1.8070e-06 1.8070e-06 [ 2.6718e-26 9.6101e-17 1.4005e-14 8.9380e-13 6.2471e-11 4.0200e-07 1.4050e-06 ] 0.0000e+00 [ 0.0000e+00 ] 1.0000e+00
 1.213e+01 1.5202e-06 1.5202e-06 [ 9.8841e-27 4.6057e-17 7.7053e-15 6.5707e-13 4.7433e-11 3.3516e-07 1.1850e-06 ] 0.0000e+00 [ 0.0000e+00 ] 1.0000e+00
 1.224e+01 1.2783e-06 1.2783e-06 [ 3.6337e-27 2.1951e-17 4.2277e-15 4.8532e-13 3.6042e-11 2.7921e-07 9.9905e-07 ] 0.0000e+00 [ 0.0000e+00 ] 1.0000e+00
 1.235e+01 1.0743e-06 1.0743e-06 [ 1.3276e-27 1.0406e-17 2.3134e-15 3.5998e-13 2.7404e-11 2.3242e-07 8.4188e-07 ] 0.0000e+00 [ 0.0000e+00 ] 1.0000e+00
 1.247e+01 9.0244e-07 9.0244e-07 [ 4.8209e-28 4.9067e-18 1.2625e-15 2.6801e-13 2.0847e-11 1.9332e-07 7.0909e-07 ] 0.0000e+00 [ 0.0000e+00 ] 1.0000e+00
 1.258e+01 7.5765e-07 7.5765e-07 [ 1.7402e-28 2.3018e-18 6.8714e-16 2.0019e-13 1.5865e-11 1.6067e-07 5.9696e-07 ] 0.0000e+00 [ 0.0000e+00 ] 1.0000e+00
 1.269e+01 6.3575e-07 6.3575e-07 [ 6.2444e-29 1.0744e-18 3.7301e-16 1.4996e-13 1.2077e-11 1.3342e-07 5.0232e-07 ] 0.0000e+00 [ 0.0000e+00 ] 1.0000e+00
 1.281e+01 5.3318e-07 5.3318e-07 [ 2.2277e-29 4.9898e-19 2.0195e-16 1.1261e-13 9.1957e-12 1.1070e-07 4.2247e-07 ] 0.0000e+00 [ 0.0000e+00 ] 1.0000e+00
 1.292e+01 4.4691e-07 4.4691e-07 [ 7.9020e-30 2.3063e-19 1.0905e-16 8.4746e-14 7.0032e-12 9.1770e-08 3.5513e-07 ] 0.0000e+00 [ 0.0000e+00 ] 1.0000e+00
 1.303e+01 3.7439e-07 3.7439e-07 [ 2.7872e-30 1.0609e-19 5.8735e-17 6.3891e-14 5.3341e-12 7.6013e-08 2.9837e-07 ] 0.0000e+00 [ 0.0000e+00 ] 1.0000e+00
 1.315e+01 3.1346e-07 3.1346e-07 [ 9.7769e-31 4.8580e-20 3.1552e-17 4.8244e-14 4.0632e-12 6.2906e-08 2.5055e-07 ] 0.0000e+00 [ 0.0000e+00 ] 1.0000e+00
 1.326e+01 2.6230e-07 2.6230e-07 [ 3.4108e-31 2.2144e-20 1.6905e-17 3.6476e-14 3.0952e-12 5.2014e-08 2.1028e-07 ] 0.0000e+00 [ 0.0000e+00 ] 1.0000e+00
 1.337e+01 2.1936e-07 2.1936e-07 [ 1.1836e-31 1.0049e-20 9.0342e-18 2.7610e-14 2.3580e-12 4.2969e-08 1.7638e-07 ] 0.0000e+00 [ 0.0000e+00 ] 1.0000e+00
 1.349e+01 1.8334e-07 1.8334e-07 [ 4.0854e-32 4.5405e-21 4.8153e-18 2.0919e-14 1.7963e-12 3.5464e-08 1.4787e-07 ] 0.0000e+00 [ 0.0000e+00 ] 1.0000e+00
 1.360e+01 1.5314e-07 1.5314e-07 [ 1.4029e-32 2.0428e-21 2.5600e-18 1.5861e-14 1.3684e-12 2.9244e-08 1.2389e-07 ] 0.0000e+00 [ 0.0000e+00 ] 1.0000e+00
 1.371e+01 1.2783e-07 1.2783e-07 [ 4.7932e-33 9.1525e-22 1.3574e-18 1.2035e-14 1.0425e-12 2.4092e-08 1.0374e-07 ] 0.0000e+00 [ 0.0000e+00 ] 1.0000e+00
 1.383e+01 1.0665e-07 1.0665e-07 [ 1.6295e-33 4.0839e-22 7.1791e-19 9.1364e-15 7.9412e-13 1.9829e-08 8.6816e-08 ] 0.0000e+00 [ 0.0000e+00 ] 1.0000e+00
 1.394e+01 8.8912e-08 8.8912e-08 [ 5.5124e-34 1.8149e-22 3.7870e-19 6.9393e-15 6.0491e-13 1.6305e-08 7.2607e-08 ] 0.0000e+00 [ 0.0000e+00 ] 1.0000e+00
 1.405e+01 7.4080e-08 7.4080e-08 [ 1.8559e-34 8.0338e-23 1.9924e-19 5.2725e-15 4.6077e-13 1.3394e-08 6.0685e-08 ] 0.0000e+00 [ 0.0000e+00 ] 1.0000e+00
 1.417e+01 6.1681e-08 6.1681e-08 [ 6.2186e-35 3.5425e-23 1.0455e-19 4.0074e-15 3.5096e-13 1.0993e-08 5.0688e-08 ] 0.0000e+00 [ 0.0000e+00 ] 1.0000e+00
 1.428e+01 5.1323e-08 5.1323e-08 [ 2.0741e-35 1.5561e-23 5.4722e-20 3.0467e-15 2.6730e-13 9.0128e-09 4.2310e-08 ] 0.0000e+00 [ 0.0000e+00 ] 1.0000e+00
 1.439e+01 4.2676e-08 4.2676e-08 [ 6.8865e-36 6.8099e-24 2.8566e-20 2.3167e-15 2.0358e-13 7.3822e-09 3.5293e-08 ] 0.0000e+00 [ 0.0000e+00 ] 1.0000e+00
 1.451e+01 3.5461e-08 3.5461e-08 [ 2.2763e-36 2.9692e-24 1.4873e-20 1.7620e-15 1.5504e-13 6.0405e-09 2.9420e-08 ] 0.0000e+00 [ 0.0000e+00 ] 1.0000e+00
 1.462e+01 2.9445e-08 2.9445e-08 [ 7.4913e-37 1.2900e-24 7.7233e-21 1.3403e-15 1.1807e-13 4.9378e-09 2.4507e-08 ] 0.0000e+00 [ 0.0000e+00 ] 1.0000e+00
 1.473e+01 2.4432e-08 2.4432e-08 [ 2.4548e-37 5.5842e-25 4.0001e-21 1.0196e-15 8.9909e-14 4.0322e-09 2.0400e-08 ] 0.0000e+00 [ 0.0000e+00 ] 1.0000e+00
 1.485e+01 2.0258e-08 2.0258e-08 [ 8.0107e-38 2.4089e-25 2.0663e-21 7.7576e-16 6.8462e-14 3.2894e-09 1.6969e-08 ] 0.0000e+00 [ 0.0000e+00 ] 1.0000e+00
 1.496e+01 1.6785e-08 1.6785e-08 [ 2.6033e-38 1.0356e-25 1.0646e-21 5.9027e-16 5.2129e-14 2.6807e-09 1.4104e-08 ] 0.0000e+00 [ 0.0000e+00 ] 1.0000e+00
 1.507e+01 1.3897e-08 1.3897e-08 [ 8.4264e-39 4.4368e-26 5.4704e-22 4.4915e-16 3.9691e-14 2.1823e-09 1.1715e-08 ] 0.0000e+00 [ 0.0000e+00 ] 1.0000e+00
 1.519e+01 1.1497e-08 1.1497e-08 [ 2.7167e-39 1.8945e-26 2.8036e-22 3.4179e-16 3.0220e-14 1.7748e-09 9.7223e-09 ] 0.0000e+00 [ 0.0000e+00 ] 1.0000e+00
 1.530e+01 9.5044e-09 9.5044e-09 [ 8.7249e-40 8.0629e-27 1.4330e-22 2.6010e-16 2.3008e-14 1.4418e-09 8.0626e-09 ] 0.0000e+00 [ 0.0000e+00 ] 1.0000e+00
 1.541e+01 7.8511e-09 7.8511e-09 [ 2.7915e-40 3.4203e-27 7.3057e-23 1.9794e-16 1.7516e-14 1.1701e-09 6.6809e-09 ] 0.0000e+00 [ 0.0000e+00 ] 1.0000e+00
 1.553e+01 6.4802e-09 6.4802e-09 [ 8.8983e-41 1.4463e-27 3.7147e-23 1.5064e-16 1.3335e-14 9.4862e-10 5.5316e-09 ] 0.0000e+00 [ 0.0000e+00 ] 1.0000e+00
 1.564e+01 5.3445e-09 5.3445e-09 [ 2.8262e-41 6.0960e-28 1.8838e-23 1.1465e-16 1.0151e-14 7.6823e-10 4.5763e-09 ] 0.0000e+00 [ 0.0000e+00 ] 1.0000e+00
 1.575e+01 4.4043e-09 4.4043e-09 [ 8.9445e-42 2.5614e-28 9.5278e-24 8.7252e-17 7.7276e-15 6.2148e-10 3.7828e-09 ] 0.0000e+00 [ 0.0000e+00 ] 1.0000e+00
 1.587e+01 3.6265e-09 3.6265e-09 [ 2.8210e-42 1.0729e-28 4.8063e-24 6.6405e-17 5.8824e-15 5.0223e-10 3.1243e-09 ] 0.0000e+00 [ 0.0000e+00 ] 1.0000e+00
 1.598e+01 2.9837e-09 2.9837e-09 [ 8.8670e-43 4.4806e-29 2.4181e-24 5.0539e-17 4.4777e-15 4.0543e-10 2.5782e-09 ] 0.0000e+00 [ 0.0000e+00 ] 1.0000e+00
 1.609e+01 2.4527e-09 2.4527e-09 [ 2.7778e-43 1.8654e-29 1.2134e-24 3.8463e-17 3.4084e-15 3.2693e-10 2.1258e-09 ] 0.0000e+00 [ 0.0000e+00 ] 1.0000e+00
 1.621e+01 2.0146e-09 2.0146e-09 [ 8.6742e-44 7.7433e-30 6.0729e-25 2.9273e-17 2.5943e-15 2.6335e-10 1.7512e-09 ] 0.0000e+00 [ 0.0000e+00 ] 1.0000e+00
 1.632e+01 1.6533e-09 1.6533e-09 [ 2.7000e-44 3.2047e-30 3.0313e-25 2.2279e-17 1.9747e-15 2.1191e-10 1.4414e-09 ] 0.0000e+00 [ 0.0000e+00 ] 1.0000e+00
 1.643e+01 1.3557e-09 1.3557e-09 [ 8.3783e-45 1.3225e-30 1.5091e-25 1.6956e-17 1.5030e-15 1.7033e-10 1.1853e-09 ] 0.0000e+00 [ 0.0000e+00 ] 1.0000e+00
 1.655e+01 1.1106e-09 1.1106e-09 [ 2.5919e-45 5.4414e-31 7.4936e-26 1.2905e-17 1.1440e-15 1.3677e-10 9.7388e-10 ] 0.0000e+00 [ 0.0000e+00 ] 1.0000e+00
 1.666e+01 9.0913e-10 9.0913e-10 [ 7.9947e-46 2.2325e-31 3.7111e-26 9.8212e-18 8.7069e-16 1.0970e-10 7.9942e-10 ] 0.0000e+00 [ 0.0000e+00 ] 1.0000e+00
 1.677e+01 7.4352e-10 7.4352e-10 [ 2.4587e-46 9.1338e-32 1.8331e-26 7.4746e-18 6.6268e-16 8.7895e-11 6.5562e-10 ] 0.0000e+00 [ 0.0000e+00 ] 1.0000e+00
 1.689e+01 6.0754e-10 6.0754e-10 [ 7.5403e-47 3.7263e-32 9.0309e-27 5.6886e-18 5.0436e-16 7.0348e-11 5.3719e-10 ] 0.0000e+00 [ 0.0000e+00 ] 1.0000e+00
 1.700e+01 4.9599e-10 4.9599e-10 [ 2.3060e-47 1.5160e-32 4.4375e-27 4.3294e-18 3.8386e-16 5.6245e-11 4.3975e-10 ] 0.0000e+00 [ 0.0000e+00 ] 1.0000e+00
 1.711e+01 4.0456e-10 4.0456e-10 [ 7.0329e-48 6.1507e-33 2.1748e-27 3.2949e-18 2.9214e-16 4.4921e-11 3.5964e-10 ] 0.0000e+00 [ 0.0000e+00 ] 1.0000e+00
 1.723e+01 3.2969e-10 3.2969e-10 [ 2.1392e-48 2.4886e-33 1.0631e-27 2.5076e-18 2.2234e-16 3.5839e-11 2.9385e-10 ] 0.0000e+00 [ 0.0000e+00 ] 1.0000e+00
 1.734e+01 2.6843e-10 2.6843e-10 [ 6.4899e-49 1.0042e-33 5.1832e-28 1.9084e-18 1.6921e-16 2.8563e-11 2.3987e-10 ] 0.0000e+00 [ 0.0000e+00 ] 1.0000e+00
 1.745e+01 2.1836e-10 2.1836e-10 [ 1.9639e-49 4.0411e-34 2.5206e-28 1.4524e-18 1.2878e-16 2.2740e-11 1.9562e-10 ] 0.0000e+00 [ 0.0000e+00 ] 1.0000e+00
 1.757e+01 1.7746e-10 1.7746e-10 [ 5.9279e-50 1.6219e-34 1.2226e-28 1.1053e-18 9.8007e-17 1.8086e-11 1.5938e-10 ] 0.0000e+00 [ 0.0000e+00 ] 1.0000e+00
 1.768e+01 1.4409e-10 1.4409e-10 [ 1.7850e-50 6.4926e-35 5.9147e-29 8.4119e-19 7.4587e-17 1.4369e-11 1.2973e-10 ] 0.0000e+00 [ 0.0000e+00 ] 1.0000e+00
 1.779e+01 1.1689e-10 1.1689e-10 [ 5.3617e-51 2.5921e-35 2.8542e-29 6.4018e-19 5.6763e-17 1.1404e-11 1.0549e-10 ] 0.0000e+00 [ 0.0000e+00 ] 1.0000e+00
 1.791e+01 9.4738e-11 9.4738e-11 [ 1.6068e-51 1.0322e-35 1.3738e-29 4.8720e-19 4.3198e-17 9.0416e-12 8.5696e-11 ] 0.0000e+00 [ 0.0000e+00 ] 1.0000e+00
 1.802e+01 7.6711e-11 7.6711e-11 [ 4.8042e-52 4.0998e-36 6.5953e-30 3.7078e-19 3.2875e-17 7.1613e-12 6.9550e-11 ] 0.0000e+00 [ 0.0000e+00 ] 1.0000e+00
 1.813e+01 6.2057e-11 6.2057e-11 [ 1.4331e-52 1.6242e-36 3.1583e-30 2.8217e-19 2.5018e-17 5.6662e-12 5.6390e-11 ] 0.0000e+00 [ 0.0000e+00 ] 1.0000e+00
 1.825e+01 5.0155e-11 5.0155e-11 [ 4.2658e-53 6.4182e-37 1.5086e-30 2.1474e-19 1.9039e-17 4.4788e-12 4.5676e-11 ] 0.0000e+00 [ 0.0000e+00 ] 1.0000e+00
 1.836e+01 4.0498e-11 4.0498e-11 [ 1.2670e-53 2.5298e-37 7.1877e-31 1.6343e-19 1.4489e-17 3.5367e-12 3.6961e-11 ] 0.0000e+00 [ 0.0000e+00 ] 1.0000e+00
 1.847e+01 3.2670e-11 3.2670e-11 [ 3.7549e-54 9.9468e-38 3.4159e-31 1.2437e-19 1.1026e-17 2.7900e-12 2.9880e-11 ] 0.0000e+00 [ 0.0000e+00 ] 1.0000e+00
 1.859e+01 2.6330e-11 2.6330e-11 [ 1.1105e-54 3.9011e-38 1.6194e-31 9.4652e-20 8.3911e-18 2.1987e-12 2.4131e-11 ] 0.0000e+00 [ 0.0000e+00 ] 1.0000e+00
 1.870e+01 2.1200e-11 2.1200e-11 [ 3.2777e-55 1.5263e-38 7.6575e-32 7.2033e-20 6.3856e-18 1.7311e-12 1.9469e-11 ] 0.0000e+00 [ 0.0000e+00 ] 1.0000e+00
 1.881e+01 1.7054e-11 1.7054e-11 [ 9.6543e-56 5.9566e-39 3.6120e-32 5.4819e-20 4.8595e-18 1.3616e-12 1.5693e-11 ] 0.0000e+00 [ 0.0000e+00 ] 1.0000e+00
 1.893e+01 1.3706e-11 1.3706e-11 [ 2.8380e-56 2.3191e-39 1.6996e-32 4.1719e-20 3.6981e-18 1.0700e-12 1.2636e-11 ] 0.0000e+00 [ 0.0000e+00 ] 1.0000e+00
 1.904e+01 1.1005e-11 1.1005e-11 [ 8.3266e-57 9.0069e-40 7.9771e-33 3.1749e-20 2.8142e-18 8.4005e-13 1.0165e-11 ] 0.0000e+00 [ 0.0000e+00 ] 1.0000e+00
 1.915e+01 8.8276e-12 8.8276e-12 [ 2.4383e-57 3.4898e-40 3.7350e-33 2.4162e-20 2.1416e-18 6.5889e-13 8.1687e-12 ] 0.0000e+00 [ 0.0000e+00 ] 1.0000e+00
 1.927e+01 7.0746e-12 7.0746e-12 [ 7.1266e-58 1.3489e-40 1.7445e-33 1.8388e-20 1.6298e-18 5.1633e-13 6.5582e-12 ] 0.0000e+00 [ 0.0000e+00 ] 1.0000e+00
 1.938e+01 5.6643e-12 5.6643e-12 [ 2.0791e-58 5.2015e-41 8.1278e-34 1.3994e-20 1.2402e-18 4.0425e-13 5.2600e-12 ] 0.0000e+00 [ 0.0000e+00 ] 1.0000e+00
 1.949e+01 4.5309e-12 4.5309e-12 [ 6.0546e-59 2.0011e-41 3.7777e-34 1.0650e-20 9.4382e-19 3.1621e-13 4.2147e-12 ] 0.0000e+00 [ 0.0000e+00 ] 1.0000e+00
 1.961e+01 3.6209e-12 3.6209e-12 [ 1.7600e-59 7.6803e-42 1.7516e-34 8.1048e-21 7.1824e-19 2.4713e-13 3.3738e-12 ] 0.0000e+00 [ 0.0000e+00 ] 1.0000e+00
 1.972e+01 2.8910e-12 2.8910e-12 [ 5.1070e-60 2.9409e-42 8.1019e-35 6.1680e-21 5.4658e-19 1.9298e-13 2.6980e-12 ] 0.0000e+00 [ 0.0000e+00 ] 1.0000e+00
 1.983e+01 2.3061e-12 2.3061e-12 [ 1.4794e-60 1.1235e-42 3.7385e-35 4.6940e-21 4.1594e-19 1.5056e-13 2.1555e-12 ] 0.0000e+00 [ 0.0000e+00 ] 1.0000e+00
 1.995e+01 1.8378e-12 1.8378e-12 [ 4.2779e-61 4.2825e-43 1.7210e-35 3.5723e-21 3.1653e-19 1.1737e-13 1.7204e-12 ] 0.0000e+00 [ 0.0000e+00 ] 1.0000e+00
 2.006e+01 1.4632e-12 1.4632e-12 [ 1.2350e-61 1.6286e-43 7.9034e-36 2.7187e-21 2.4088e-19 9.1417e-14 1.3718e-12 ] 0.0000e+00 [ 0.0000e+00 ] 1.0000e+00
 2.017e+01 1.1639e-12 1.1639e-12 [ 3.5593e-62 6.1794e-44 3.6210e-36 2.0690e-21 1.8330e-19 7.1147e-14 1.0928e-12 ] 0.0000e+00 [ 0.0000e+00 ] 1.0000e+00
 2.029e+01 9.2501e-13 9.2501e-13 [ 1.0241e-62 2.3394e-44 1.6551e-36 1.5746e-21 1.3949e-19 5.5327e-14 8.6969e-13 ] 0.0000e+00 [ 0.0000e+00 ] 1.0000e+00
 2.040e+01 7.3447e-13 7.3447e-13 [ 2.9421e-63 8.8365e-45 7.5471e-37 1.1983e-21 1.0615e-19 4.2991e-14 6.9147e-13 ] 0.0000e+00 [ 0.0000e+00 ] 1.0000e+00
 2.051e+01 5.8264e-13 5.8264e-13 [ 8.4383e-64 3.3304e-45 3.4335e-37 9.1196e-22 8.0782e-20 3.3380e-14 5.4926e-13 ] 0.0000e+00 [ 0.0000e+00 ] 1.0000e+00
 2.063e+01 4.6178e-13 4.6178e-13 [ 2.4164e-64 1.2525e-45 1.5584e-37 6.9404e-22 6.1475e-20 2.5898e-14 4.3588e-13 ] 0.0000e+00 [ 0.0000e+00 ] 1.0000e+00
 2.074e+01 3.6566e-13 3.6566e-13 [ 6.9091e-65 4.6997e-46 7.0569e-38 5.2819e-22 4.6782e-20 2.0079e-14 3.4558e-13 ] 0.0000e+00 [ 0.0000e+00 ] 1.0000e+00
 2.085e+01 2.8929e-13 2.8929e-13 [ 1.9724e-65 1.7597e-46 3.1883e-38 4.0197e-22 3.5601e-20 1.5556e-14 2.7373e-13 ] 0.0000e+00 [ 0.0000e+00 ] 1.0000e+00
 2.097e+01 2.2867e-13 2.2867e-13 [ 5.6225e-66 6.5743e-47 1.4372e-38 3.0592e-22 2.7092e-20 1.2043e-14 2.1662e-13 ] 0.0000e+00 [ 0.0000e+00 ] 1.0000e+00
 2.108e+01 1.8059e-13 1.8059e-13 [ 1.6003e-66 2.4509e-47 6.4634e-39 2.3282e-22 2.0617e-20 9.3173e-15 1.7127e-13 ] 0.0000e+00 [ 0.0000e+00 ] 1.0000e+00
 2.119e+01 1.4249e-13 1.4249e-13 [ 4.5483e-67 9.1177e-48 2.9002e-39 1.7719e-22 1.5689e-20 7.2036e-15 1.3529e-13 ] 0.0000e+00 [ 0.0000e+00 ] 1.0000e+00
 2.131e+01 1.1234e-13 1.1234e-13 [ 1.2908e-67 3.3847e-48 1.2984e-39 1.3485e-22 1.1940e-20 5.5658e-15 1.0677e-13 ] 0.0000e+00 [ 0.0000e+00 ] 1.0000e+00
 2.142e+01 8.8486e-14 8.8486e-14 [ 3.6580e-68 1.2538e-48 5.8002e-40 1.0263e-22 9.0860e-21 4.2976e-15 8.4188e-14 ] 0.0000e+00 [ 0.0000e+00 ] 1.0000e+00
 2.153e+01 6.9639e-14 6.9639e-14 [ 1.0352e-68 4.6348e-49 2.5852e-40 7.8103e-23 6.9144e-21 3.3163e-15 6.6323e-14 ] 0.0000e+00 [ 0.0000e+00 ] 1.0000e+00
 2.165e+01 5.4760e-14 5.4760e-14 [ 2.9253e-69 1.7097e-49 1.1497e-40 5.9441e-23 5.2619e-21 2.5575e-15 5.2203e-14 ] 0.0000e+00 [ 0.0000e+00 ] 1.0000e+00
 2.176e+01 4.3024e-14 4.3024e-14 [ 8.2552e-70 6.2938e-50 5.1015e-41 4.5238e-23 4.0043e-21 1.9712e-15 4.1053e-14 ] 0.0000e+00 [ 0.0000e+00 ] 1.0000e+00
 2.187e+01 3.3775e-14 3.3775e-14 [ 2.3264e-70 2.3121e-50 2.2588e-41 3.4429e-23 3.0473e-21 1.5184e-15 3.2257e-14 ] 0.0000e+00 [ 0.0000e+00 ] 1.0000e+00
 2.199e+01 2.6493e-14 2.6493e-14 [ 6.5474e-71 8.4765e-51 9.9792e-42 2.6202e-23 2.3190e-21 1.1690e-15 2.5324e-14 ] 0.0000e+00 [ 0.0000e+00 ] 1.0000e+00
 2.210e+01 2.0764e-14 2.0764e-14 [ 1.8402e-71 3.1013e-51 4.3992e-42 1.9942e-23 1.7648e-21 8.9953e-16 1.9864e-14 ] 0.0000e+00 [ 0.0000e+00 ] 1.0000e+00
 2.221e+01 1.6260e-14 1.6260e-14 [ 5.1652e-72 1.1323e-51 1.9351e-42 1.5177e-23 1.3430e-21 6.9181e-16 1.5568e-14 ] 0.0000e+00 [ 0.0000e+00 ] 1.0000e+00
 2.233e+01 1.2723e-14 1.2723e-14 [ 1.4479e-72 4.1262e-52 8.4941e-43 1.1551e-23 1.0220e-21 5.3178e-16 1.2192e-14 ] 0.0000e+00 [ 0.0000e+00 ] 1.0000e+00
 2.244e+01 9.9480e-15 9.9480e-15 [ 4.0535e-73 1.5005e-52 3.7205e-43 8.7908e-24 7.7777e-22 4.0858e-16 9.5395e-15 ] 0.0000e+00 [ 0.0000e+00 ] 1.0000e+00
 2.255e+01 7.7721e-15 7.7721e-15 [ 1.1333e-73 5.4461e-53 1.6261e-43 6.6904e-24 5.9189e-22 3.1377e-16 7.4583e-15 ] 0.0000e+00 [ 0.0000e+00 ] 1.0000e+00
 2.267e+01 6.0674e-15 6.0674e-15 [ 3.1648e-74 1.9727e-53 7.0922e-44 5.0919e-24 4.5044e-22 2.4085e-16 5.8265e-15 ] 0.0000e+00 [ 0.0000e+00 ] 1.0000e+00
 2.278e+01 4.7330e-15 4.7330e-15 [ 8.8264e-75 7.1317e-54 3.0867e-44 3.8753e-24 3.4279e-22 1.8480e-16 4.5482e-15 ] 0.0000e+00 [ 0.0000e+00 ] 1.0000e+00
 2.289e+01 3.6893e-15 3.6893e-15 [ 2.4586e-75 2.5732e-54 1.3406e-44 2.9494e-24 2.6087e-22 1.4173e-16 3.5476e-15 ] 0.0000e+00 [ 0.0000e+00 ] 1.0000e+00
 2.301e+01 2.8737e-15 2.8737e-15 [ 6.8399e-76 9.2665e-55 5.8106e-45 2.2447e-24 1.9852e-22 1.0865e-16 2.7650e-15 ] 0.0000e+00 [ 0.0000e+00 ] 1.0000e+00
 2.312e+01 2.2367e-15 2.2367e-15 [ 1.9006e-76 3.3306e-55 2.5132e-45 1.7084e-24 1.5108e-22 8.3266e-17 2.1535e-15 ] 0.0000e+00 [ 0.0000e+00 ] 1.0000e+00
 2.323e+01 1.7397e-15 1.7397e-15 [ 5.2748e-77 1.1948e-55 1.0848e-45 1.3003e-24 1.1497e-22 6.3786e-17 1.6759e-15 ] 0.0000e+00 [ 0.0000e+00 ] 1.0000e+00
 2.335e+01 1.3522e-15 1.3522e-15 [ 1.4622e-77 4.2779e-56 4.6726e-46 9.8962e-25 8.7497e-23 4.8846e-17 1.3034e-15 ] 0.0000e+00 [ 0.0000e+00 ] 1.0000e+00
 2.346e+01 1.0503e-15 1.0503e-15 [ 4.0486e-78 1.5288e-56 2.0086e-46 7.5319e-25 6.6587e-23 3.7392e-17 1.0129e-15 ] 0.0000e+00 [ 0.0000e+00 ] 1.0000e+00
 2.357e+01 8.1522e-16 8.1522e-16 [ 1.1197e-78 5.4533e-57 8.6170e-47 5.7325e-25 5.0675e-23 2.8615e-17 7.8660e-16 ] 0.0000e+00 [ 0.0000e+00 ] 1.0000e+00
 2.369e+01 6.3234e-16 6.3234e-16 [ 3.0929e-79 1.9416e-57 3.6892e-47 4.3630e-25 3.8565e-23 2.1891e-17 6.1045e-16 ] 0.0000e+00 [ 0.0000e+00 ] 1.0000e+00
 2.380e+01 4.9017e-16 4.9017e-16 [ 8.5340e-80 6.9000e-58 1.5763e-47 3.3206e-25 2.9349e-23 1.6742e-17 4.7342e-16 ] 0.0000e+00 [ 0.0000e+00 ] 1.0000e+00
 2.391e+01 3.7972e-16 3.7972e-16 [ 2.3520e-80 2.4476e-58 6.7219e-48 2.5273e-25 2.2335e-23 1.2800e-17 3.6691e-16 ] 0.0000e+00 [ 0.0000e+00 ] 1.0000e+00
 2.403e+01 2.9397e-16 2.9397e-16 [ 6.4752e-81 8.6662e-59 2.8607e-48 1.9236e-25 1.6998e-23 9.7841e-18 2.8418e-16 ] 0.0000e+00 [ 0.0000e+00 ] 1.0000e+00
 2.414e+01 2.2744e-16 2.2744e-16 [ 1.7806e-81 3.0629e-59 1.2151e-48 1.4640e-25 1.2936e-23 7.4766e-18 2.1997e-16 ] 0.0000e+00 [ 0.0000e+00 ] 1.0000e+00
 2.425e+01 1.7587e-16 1.7587e-16 [ 4.8913e-82 1.0806e-59 5.1509e-49 1.1143e-25 9.8445e-24 5.7119e-18 1.7015e-16 ] 0.0000e+00 [ 0.0000e+00 ] 1.0000e+00
 2.437e+01 1.3590e-16 1.3590e-16 [ 1.3421e-82 3.8052e-60 2.1793e-49 8.4811e-26 7.4920e-24 4.3627e-18 1.3154e-16 ] 0.0000e+00 [ 0.0000e+00 ] 1.0000e+00
 2.448e+01 1.0496e-16 1.0496e-16 [ 3.6787e-83 1.3376e-60 9.2022e-50 6.4551e-26 5.7017e-24 3.3314e-18 1.0163e-16 ] 0.0000e+00 [ 0.0000e+00 ] 1.0000e+00
 2.459e+01 8.1020e-17 8.1020e-17 [ 1.0073e-83 4.6938e-61 3.8783e-50 4.9131e-26 4.3392e-24 2.5434e-18 7.8477e-17 ] 0.0000e+00 [ 0.0000e+00 ] 1.0000e+00
 2.471e+01 6.2504e-17 6.2504e-17 [ 2.7550e-84 1.6442e-61 1.6314e-50 3.7395e-26 3.3023e-24 1.9413e-18 6.0563e-17 ] 0.0000e+00 [ 0.0000e+00 ] 1.0000e+00
 2.482e+01 4.8194e-17 4.8194e-17 [ 7.5274e-85 5.7492e-62 6.8491e-51 2.8462e-26 2.5132e-24 1.4815e-18 4.6712e-17 ] 0.0000e+00 [ 0.0000e+00 ] 1.0000e+00
 2.493e+01 3.7140e-17 3.7140e-17 [ 2.0546e-85 2.0068e-62 2.8701e-51 2.1664e-26 1.9127e-24 1.1304e-18 3.6010e-17 ] 0.0000e+00 [ 0.0000e+00 ] 1.0000e+00
 2.505e+01 2.8607e-17 2.8607e-17 [ 5.6020e-86 6.9928e-63 1.2004e-51 1.6489e-26 1.4556e-24 8.6238e-19 2.7745e-17 ] 0.0000e+00 [ 0.0000e+00 ] 1.0000e+00
 2.516e+01 2.2024e-17 2.2024e-17 [ 1.5259e-86 2.4325e-63 5.0112e-52 1.2550e-26 1.1078e-24 6.5778e-19 2.1366e-17 ] 0.0000e+00 [ 0.0000e+00 ] 1.0000e+00
 2.527e+01 1.6947e-17 1.6947e-17 [ 4.1521e-87 8.4472e-64 2.0881e-52 9.5525e-27 8.4310e-25 5.0165e-19 1.6445e-17 ] 0.0000e+00 [ 0.0000e+00 ] 1.0000e+00
 2.539e+01 1.3034e-17 1.3034e-17 [ 1.1287e-87 2.9284e-64 8.6846e-53 7.2709e-27 6.4164e-25 3.8252e-19 1.2652e-17 ] 0.0000e+00 [ 0.0000e+00 ] 1.0000e+00
 2.550e+01 1.0021e-17 1.0021e-17 [ 3.0652e-88 1.0135e-64 3.6053e-53 5.5342e-27 4.8832e-25 2.9164e-19 9.7289e-18 ] 0.0000e+00 [ 0.0000e+00 ] 1.0000e+00
 2.561e+01 7.7001e-18 7.7001e-18 [ 8.3159e-89 3.5016e-65 1.4940e-53 4.2124e-27 3.7164e-25 2.2233e-19 7.4778e-18 ] 0.0000e+00 [ 0.0000e+00 ] 1.0000e+00
 2.573e+01 5.9144e-18 5.9144e-18 [ 2.2539e-89 1.2078e-65 6.1793e-54 3.2063e-27 2.8284e-25 1.6946e-19 5.7450e-18 ] 0.0000e+00 [ 0.0000e+00 ] 1.0000e+00
 2.584e+01 4.5410e-18 4.5410e-18 [ 6.1029e-90 4.1592e-66 2.5512e-54 2.4405e-27 2.1526e-25 1.2916e-19 4.4118e-18 ] 0.0000e+00 [ 0.0000e+00 ] 1.0000e+00
 2.595e+01 3.4850e-18 3.4850e-18 [ 1.6509e-90 1.4299e-66 1.0514e-54 1.8576e-27 1.6383e-25 9.8426e-20 3.3866e-18 ] 0.0000e+00 [ 0.0000e+00 ] 1.0000e+00
 2.607e+01 2.6736e-18 2.6736e-18 [ 4.4618e-91 4.9079e-67 4.3252e-55 1.4139e-27 1.2468e-25 7.4999e-20 2.5986e-18 ] 0.0000e+00 [ 0.0000e+00 ] 1.0000e+00
 2.618e+01 2.0503e-18 2.0503e-18 [ 1.2047e-91 1.6818e-67 1.7761e-55 1.0763e-27 9.4893e-26 5.7143e-20 1.9932e-18 ] 0.0000e+00 [ 0.0000e+00 ] 1.0000e+00
 2.629e+01 1.5717e-18 1.5717e-18 [ 3.2497e-92 5.7537e-68 7.2802e-56 8.1921e-28 7.2220e-26 4.3535e-20 1.5282e-18 ] 0.0000e+00 [ 0.0000e+00 ] 1.0000e+00
 2.641e+01 1.2045e-18 1.2045e-18 [ 8.7579e-93 1.9653e-68 2.9789e-56 6.2357e-28 5.4965e-26 3.3164e-20 1.1713e-18 ] 0.0000e+00 [ 0.0000e+00 ] 1.0000e+00
 2.652e+01 9.2268e-19 9.2268e-19 [ 2.3581e-93 6.7021e-69 1.2167e-56 4.7465e-28 4.1832e-26 2.5262e-20 8.9742e-19 ] 0.0000e+00 [ 0.0000e+00 ] 1.0000e+00
 2.663e+01 7.0659e-19 7.0659e-19 [ 6.3436e-94 2.2820e-69 4.9610e-57 3.6130e-28 3.1838e-26 1.9241e-20 6.8735e-19 ] 0.0000e+00 [ 0.0000e+00 ] 1.0000e+00
 2.675e+01 5.4094e-19 5.4094e-19 [ 1.7049e-94 7.7575e-70 2.0193e-57 2.7502e-28 2.4231e-26 1.4655e-20 5.2628e-19 ] 0.0000e+00 [ 0.0000e+00 ] 1.0000e+00
 2.686e+01 4.1399e-19 4.1399e-19 [ 4.5782e-95 2.6330e-70 8.2045e-58 2.0934e-28 1.8442e-26 1.1161e-20 4.0283e-19 ] 0.0000e+00 [ 0.0000e+00 ] 1.0000e+00
 2.697e+01 3.1675e-19 3.1675e-19 [ 1.2283e-95 8.9229e-71 3.3279e-58 1.5935e-28 1.4036e-26 8.4992e-21 3.0825e-19 ] 0.0000e+00 [ 0.0000e+00 ] 1.0000e+00
 2.709e+01 2.4227e-19 2.4227e-19 [ 3.2925e-96 3.0192e-71 1.3475e-58 1.2130e-28 1.0683e-26 6.4720e-21 2.3580e-19 ] 0.0000e+00 [ 0.0000e+00 ] 1.0000e+00
 2.720e+01 1.8526e-19 1.8526e-19 [ 8.8180e-97 1.0200e-71 5.4469e-59 9.2334e-29 8.1304e-27 4.9281e-21 1.8033e-19 ] 0.0000e+00 [ 0.0000e+00 ] 1.0000e+00
 2.731e+01 1.4163e-19 1.4163e-19 [ 2.3596e-97 3.4408e-72 2.1980e-59 7.0286e-29 6.1880e-27 3.7523e-21 1.3788e-19 ] 0.0000e+00 [ 0.0000e+00 ] 1.0000e+00
 2.743e+01 1.0824e-19 1.0824e-19 [ 6.3086e-98 1.1589e-72 8.8547e-60 5.3503e-29 4.7097e-27 2.8570e-21 1.0539e-19 ] 0.0000e+00 [ 0.0000e+00 ] 1.0000e+00
 2.754e+01 8.2710e-20 8.2710e-20 [ 1.6852e-98 3.8975e-73 3.5611e-60 4.0727e-29 3.5846e-27 2.1752e-21 8.0535e-20 ] 0.0000e+00 [ 0.0000e+00 ] 1.0000e+00
 2.765e+01 6.3185e-20 6.3185e-20 [ 4.4981e-99 1.3088e-73 1.4298e-60 3.1003e-29 2.7282e-27 1.6560e-21 6.1529e-20 ] 0.0000e+00 [ 0.0000e+00 ] 1.0000e+00
 2.777e+01 4.8258e-20 4.8258e-20 [ 1.1996e-99 4.3885e-74 5.7311e-61 2.3600e-29 2.0765e-27 1.2607e-21 4.6998e-20 ] 0.0000e+00 [ 0.0000e+00 ] 1.0000e+00
 2.788e+01 3.6850e-20 3.6850e-20 [ 3.1964e-100 1.4693e-74 2.2935e-61 1.7965e-29 1.5804e-27 9.5973e-22 3.5890e-20 ] 0.0000e+00 [ 0.0000e+00 ] 1.0000e+00
 2.799e+01 2.8133e-20 2.8133e-20 [ 8.5104e-101 4.9122e-75 9.1629e-62 1.3676e-29 1.2029e-27 7.3059e-22 2.7403e-20 ] 0.0000e+00 [ 0.0000e+00 ] 1.0000e+00
 2.811e+01 2.1474e-20 2.1474e-20 [ 2.2640e-101 1.6399e-75 3.6548e-62 1.0411e-29 9.1553e-28 5.5615e-22 2.0918e-20 ] 0.0000e+00 [ 0.0000e+00 ] 1.0000e+00
 2.822e+01 1.6389e-20 1.6389e-20 [ 6.0180e-102 5.4664e-76 1.4555e-62 7.9253e-30 6.9683e-28 4.2334e-22 1.5965e-20 ] 0.0000e+00 [ 0.0000e+00 ] 1.0000e+00
 2.833e+01 1.2505e-20 1.2505e-20 [ 1.5984e-102 1.8196e-76 5.7872e-63 6.0332e-30 5.3037e-28 3.2224e-22 1.2183e-20 ] 0.0000e+00 [ 0.0000e+00 ] 1.0000e+00
 2.845e+01 9.5404e-21 9.5404e-21 [ 4.2420e-103 6.0481e-77 2.2974e-63 4.5928e-30 4.0368e-28 2.4528e-22 9.2951e-21 ] 0.0000e+00 [ 0.0000e+00 ] 1.0000e+00
 2.856e+01 7.2773e-21 7.2773e-21 [ 1.1249e-103 2.0075e-77 9.1067e-64 3.4964e-30 3.0725e-28 1.8670e-22 7.0906e-21 ] 0.0000e+00 [ 0.0000e+00 ] 1.0000e+00
 2.867e+01 5.5503e-21 5.5503e-21 [ 2.9807e-104 6.6537e-78 3.6044e-64 2.6617e-30 2.3386e-28 1.4210e-22 5.4082e-21 ] 0.0000e+00 [ 0.0000e+00 ] 1.0000e+00
 2.879e+01 4.2325e-21 4.2325e-21 [ 7.8919e-105 2.2022e-78 1.4245e-64 2.0263e-30 1.7800e-28 1.0816e-22 4.1244e-21 ] 0.0000e+00 [ 0.0000e+00 ] 1.0000e+00
 2.890e+01 3.2272e-21 3.2272e-21 [ 2.0879e-105 7.2789e-79 5.6224e-65 1.5426e-30 1.3548e-28 8.2322e-23 3.1449e-21 ] 0.0000e+00 [ 0.0000e+00 ] 1.0000e+00
 2.901e+01 2.4604e-21 2.4604e-21 [ 5.5197e-106 2.4025e-79 2.2161e-65 1.1743e-30 1.0312e-28 6.2656e-23 2.3977e-21 ] 0.0000e+00 [ 0.0000e+00 ] 1.0000e+00
 2.913e+01 1.8755e-21 1.8755e-21 [ 1.4581e-106 7.9189e-80 8.7243e-66 8.9400e-31 7.8490e-29 4.7687e-23 1.8278e-21 ] 0.0000e+00 [ 0.0000e+00 ] 1.0000e+00
 2.924e+01 1.4295e-21 1.4295e-21 [ 3.8488e-107 2.6066e-80 3.4307e-66 6.8060e-31 5.9742e-29 3.6294e-23 1.3932e-21 ] 0.0000e+00 [ 0.0000e+00 ] 1.0000e+00
 2.935e+01 1.0895e-21 1.0895e-21 [ 1.0152e-107 8.5682e-81 1.3478e-66 5.1814e-31 4.5473e-29 2.7623e-23 1.0619e-21 ] 0.0000e+00 [ 0.0000e+00 ] 1.0000e+00
 2.947e+01 8.3024e-22 8.3024e-22 [ 2.6758e-108 2.8127e-81 5.2911e-67 3.9446e-31 3.4612e-29 2.1023e-23 8.0922e-22 ] 0.0000e+00 [ 0.0000e+00 ] 1.0000e+00
 2.958e+01 6.3263e-22 6.3263e-22 [ 7.0474e-109 9.2212e-82 2.0761e-67 3.0030e-31 2.6345e-29 1.6000e-23 6.1663e-22 ] 0.0000e+00 [ 0.0000e+00 ] 1.0000e+00
 2.969e+01 4.8201e-22 4.8201e-22 [ 1.8548e-109 3.0191e-82 8.1441e-68 2.2862e-31 2.0053e-29 1.2177e-23 4.6983e-22 ] 0.0000e+00 [ 0.0000e+00 ] 1.0000e+00
 2.981e+01 3.6721e-22 3.6721e-22 [ 4.8781e-110 9.8717e-83 3.1955e-68 1.7405e-31 1.5264e-29 9.2671e-24 3.5795e-22 ] 0.0000e+00 [ 0.0000e+00 ] 1.0000e+00
 2.992e+01 2.7974e-22 2.7974e-22 [ 1.2820e-110 3.2237e-83 1.2547e-68 1.3251e-31 1.1618e-29 7.0527e-24 2.7269e-22 ] 0.0000e+00 [ 0.0000e+00 ] 1.0000e+00
 3.003e+01 2.1309e-22 2.1309e-22 [ 3.3668e-111 1.0514e-83 4.9332e-69 1.0088e-31 8.8433e-30 5.3674e-24 2.0772e-22 ] 0.0000e+00 [ 0.0000e+00 ] 1.0000e+00
 3.015e+01 1.6230e-22 1.6230e-22 [ 8.8358e-112 3.4247e-84 1.9438e-69 7.6801e-32 6.7313e-30 4.0848e-24 1.5822e-22 ] 0.0000e+00 [ 0.0000e+00 ] 1.0000e+00
 3.026e+01 1.2362e-22 1.2362e-22 [ 2.3172e-112 1.1142e-84 7.6832e-70 5.8470e-32 5.1237e-30 3.1086e-24 1.2051e-22 ] 0.0000e+00 [ 0.0000e+00 ] 1.0000e+00
 3.037e+01 9.4144e-23 9.4144e-23 [ 6.0729e-113 3.6206e-85 3.0500e-70 4.4514e-32 3.9000e-30 2.3658e-24 9.1779e-23 ] 0.0000e+00 [ 0.0000e+00 ] 1.0000e+00
 3.049e+01 7.1695e-23 7.1695e-23 [ 1.5904e-113 1.1752e-85 1.2177e-70 3.3889e-32 2.9686e-30 1.8004e-24 6.9894e-23 ] 0.0000e+00 [ 0.0000e+00 ] 1.0000e+00
 3.060e+01 5.4596e-23 5.4596e-23 [ 4.1624e-114 3.8101e-86 4.8972e-71 2.5800e-32 2.2596e-30 1.3701e-24 5.3226e-23 ] 0.0000e+00 [ 0.0000e+00 ] 1.0000e+00
 3.071e+01 4.1573e-23 4.1573e-23 [ 1.0886e-114 1.2340e-86 1.9874e-71 1.9642e-32 1.7200e-30 1.0427e-24 4.0530e-23 ] 0.0000e+00 [ 0.0000e+00 ] 1.0000e+00
 3.083e+01 3.1655e-23 3.1655e-23 [ 2.8453e-115 3.9927e-87 8.1537e-72 1.4953e-32 1.3092e-30 7.9352e-25 3.0861e-23 ] 0.0000e+00 [ 0.0000e+00 ] 1.0000e+00
 3.094e+01 2.4102e-23 2.4102e-23 [ 7.4315e-116 1.2907e-87 3.3878e-72 1.1384e-32 9.9654e-31 6.0388e-25 2.3498e-23 ] 0.0000e+00 [ 0.0000e+00 ] 1.0000e+00
 3.105e+01 1.8350e-23 1.8350e-23 [ 1.9398e-116 4.1693e-88 1.4278e-72 8.6663e-33 7.5854e-31 4.5956e-25 1.7891e-23 ] 0.0000e+00 [ 0.0000e+00 ] 1.0000e+00
 3.117e+01 1.3971e-23 1.3971e-23 [ 5.0598e-117 1.3459e-88 6.1115e-73 6.5974e-33 5.7738e-31 3.4973e-25 1.3621e-23 ] 0.0000e+00 [ 0.0000e+00 ] 1.0000e+00
 3.128e+01 1.0636e-23 1.0636e-23 [ 1.3190e-117 4.3431e-89 2.6586e-73 5.0223e-33 4.3948e-31 2.6615e-25 1.0370e-23 ] 0.0000e+00 [ 0.0000e+00 ] 1.0000e+00
 3.139e+01 8.0971e-24 8.0971e-24 [ 3.4362e-118 1.4011e-89 1.1755e-73 3.8232e-33 3.3451e-31 2.0254e-25 7.8945e-24 ] 0.0000e+00 [ 0.0000e+00 ] 1.0000e+00
 3.151e+01 6.1640e-24 6.1640e-24 [ 8.9462e-119 4.5208e-90 5.2797e-74 2.9103e-33 2.5462e-31 1.5414e-25 6.0099e-24 ] 0.0000e+00 [ 0.0000e+00 ] 1.0000e+00
 3.162e+01 4.6923e-24 4.6923e-24 [ 2.3277e-119 1.4594e-90 2.4064e-74 2.2153e-33 1.9380e-31 1.1730e-25 4.5750e-24 ] 0.0000e+00 [ 0.0000e+00 ] 1.0000e+00
 3.173e+01 3.5719e-24 3.5719e-24 [ 6.0530e-120 4.7159e-91 1.1114e-74 1.6863e-33 1.4751e-31 8.9266e-26 3.4826e-24 ] 0.0000e+00 [ 0.0000e+00 ] 1.0000e+00
 3.185e+01 2.7189e-24 2.7189e-24 [ 1.5731e-120 1.5263e-91 5.1914e-75 1.2835e-33 1.1227e-31 6.7932e-26 2.6510e-24 ] 0.0000e+00 [ 0.0000e+00 ] 1.0000e+00
 3.196e+01 2.0696e-24 2.0696e-24 [ 4.0858e-121 4.9517e-92 2.4483e-75 9.7689e-34 8.5451e-32 5.1697e-26 2.0179e-24 ] 0.0000e+00 [ 0.0000e+00 ] 1.0000e+00
 3.207e+01 1.5753e-24 1.5753e-24 [ 1.0606e-121 1.6118e-92 1.1636e-75 7.4349e-34 6.5035e-32 3.9342e-26 1.5360e-24 ] 0.0000e+00 [ 0.0000e+00 ] 1.0000e+00
 3.219e+01 1.1991e-24 1.1991e-24 [ 2.7519e-122 5.2695e-93 5.5645e-76 5.6582e-34 4.9496e-32 2.9939e-26 1.1691e-24 ] 0.0000e+00 [ 0.0000e+00 ] 1.0000e+00
 3.230e+01 9.1267e-25 9.1267e-25 [ 7.1365e-123 1.7327e-93 2.6733e-76 4.3058e-34 3.7668e-32 2.2784e-26 8.8988e-25 ] 0.0000e+00 [ 0.0000e+00 ] 1.0000e+00
 3.241e+01 6.9466e-25 6.9466e-25 [ 1.8498e-123 5.7390e-94 1.2887e-76 3.2765e-34 2.8666e-32 1.7339e-26 6.7732e-25 ] 0.0000e+00 [ 0.0000e+00 ] 1.0000e+00
 3.253e+01 5.2872e-25 5.2872e-25 [ 4.7931e-124 1.9178e-94 6.2268e-77 2.4930e-34 2.1814e-32 1.3195e-26 5.1552e-25 ] 0.0000e+00 [ 0.0000e+00 ] 1.0000e+00
 3.264e+01 4.0241e-25 4.0241e-25 [ 1.2415e-124 6.4771e-95 3.0132e-77 1.8967e-34 1.6599e-32 1.0042e-26 3.9237e-25 ] 0.0000e+00 [ 0.0000e+00 ] 1.0000e+00
 3.275e+01 3.0627e-25 3.0627e-25 [ 3.2148e-125 2.2147e-95 1.4592e-77 1.4429e-34 1.2630e-32 7.6417e-27 2.9863e-25 ] 0.0000e+00 [ 0.0000e+00 ] 1.0000e+00
 3.287e+01 2.3310e-25 2.3310e-25 [ 8.3235e-126 7.6780e-96 7.0686e-78 1.0975e-34 9.6095e-33 5.8154e-27 2.2729e-25 ] 0.0000e+00 [ 0.0000e+00 ] 1.0000e+00
 3.298e+01 1.7741e-25 1.7741e-25 [ 2.1550e-126 2.7023e-96 3.4234e-78 8.3473e-35 7.3108e-33 4.4256e-27 1.7298e-25 ] 0.0000e+00 [ 0.0000e+00 ] 1.0000e+00
 3.309e+01 1.3502e-25 1.3502e-25 [ 5.5801e-127 9.6617e-97 1.6571e-78 6.3478e-35 5.5614e-33 3.3679e-27 1.3165e-25 ] 0.0000e+00 [ 0.0000e+00 ] 1.0000e+00
 3.321e+01 1.0276e-25 1.0276e-25 [ 1.4454e-127 3.5100e-97 8.0143e-79 4.8265e-35 4.2302e-33 2.5630e-27 1.0020e-25 ] 0.0000e+00 [ 0.0000e+00 ] 1.0000e+00
 3.332e+01 7.8207e-26 7.8207e-26 [ 3.7464e-128 1.2951e-97 3.8721e-79 3.6693e-35 3.2173e-33 1.9505e-27 7.6257e-26 ] 0.0000e+00 [ 0.0000e+00 ] 1.0000e+00
 3.343e+01 5.9520e-26 5.9520e-26 [ 9.7196e-129 4.8487e-98 1.8686e-79 2.7890e-35 2.4467e-33 1.4844e-27 5.8036e-26 ] 0.0000e+00 [ 0.0000e+00 ] 1.0000e+00
 3.355e+01 4.5298e-26 4.5298e-26 [ 2.5252e-129 1.8395e-98 9.0052e-80 2.1195e-35 1.8603e-33 1.1296e-27 4.4168e-26 ] 0.0000e+00 [ 0.0000e+00 ] 1.0000e+00
 3.366e+01 3.4474e-26 3.4474e-26 [ 6.5731e-130 7.0596e-99 4.3337e-80 1.6104e-35 1.4143e-33 8.5965e-28 3.3614e-26 ] 0.0000e+00 [ 0.0000e+00 ] 1.0000e+00
 3.377e+01 2.6236e-26 2.6236e-26 [ 1.7154e-130 2.7361e-99 2.0824e-80 1.2233e-35 1.0750e-33 6.5421e-28 2.5582e-26 ] 0.0000e+00 [ 0.0000e+00 ] 1.0000e+00
 3.389e+01 1.9966e-26 1.9966e-26 [ 4.4920e-131 1.0691e-99 9.9907e-81 9.2899e-36 8.1699e-34 4.9786e-28 1.9469e-26 ] 0.0000e+00 [ 0.0000e+00 ] 1.0000e+00
 3.400e+01 1.5195e-26 1.5195e-26 [ 1.1814e-131 4.2043e-100 4.7853e-81 7.0532e-36 6.2076e-34 3.7888e-28 1.4816e-26 ] 0.0000e+00 [ 0.0000e+00 ] 1.0000e+00
 3.411e+01 1.1564e-26 1.1564e-26 [ 3.1245e-132 1.6617e-100 2.2883e-81 5.3535e-36 4.7155e-34 2.8833e-28 1.1276e-26 ] 0.0000e+00 [ 0.0000e+00 ] 1.0000e+00
 3.423e+01 8.8005e-27 8.8005e-27 [ 8.3196e-133 6.5922e-101 1.0923e-81 4.0621e-36 3.5811e-34 2.1943e-28 8.5811e-27 ] 0.0000e+00 [ 0.0000e+00 ] 1.0000e+00
 3.434e+01 6.6974e-27 6.6974e-27 [ 2.2337e-133 2.6223e-101 5.2053e-82 3.0811e-36 2.7189e-34 1.6699e-28 6.5304e-27 ] 0.0000e+00 [ 0.0000e+00 ] 1.0000e+00
 3.445e+01 5.0969e-27 5.0969e-27 [ 6.0565e-134 1.0450e-101 2.4761e-82 2.3363e-36 2.0636e-34 1.2708e-28 4.9698e-27 ] 0.0000e+00 [ 0.0000e+00 ] 1.0000e+00
 3.457e+01 3.8788e-27 3.8788e-27 [ 1.6610e-134 4.1688e-102 1.1758e-82 1.7708e-36 1.5657e-34 9.6707e-29 3.7821e-27 ] 0.0000e+00 [ 0.0000e+00 ] 1.0000e+00
 3.468e+01 2.9519e-27 2.9519e-27 [ 4.6142e-135 1.6639e-102 5.5728e-83 1.3416e-36 1.1876e-34 7.3595e-29 2.8783e-27 ] 0.0000e+00 [ 0.0000e+00 ] 1.0000e+00
 3.479e+01 2.2464e-27 2.2464e-27 [ 1.3000e-135 6.6411e-103 2.6365e-83 1.0159e-36 9.0035e-35 5.6005e-29 2.1904e-27 ] 0.0000e+00 [ 0.0000e+00 ] 1.0000e+00
 3.491e+01 1.7096e-27 1.7096e-27 [ 3.7180e-136 2.6497e-103 1.2450e-83 7.6899e-37 6.8231e-35 4.2620e-29 1.6670e-27 ] 0.0000e+00 [ 0.0000e+00 ] 1.0000e+00
 3.502e+01 1.3010e-27 1.3010e-27 [ 1.0798e-136 1.0565e-103 5.8680e-84 5.8176e-37 5.1683e-35 3.2433e-29 1.2686e-27 ] 0.0000e+00 [ 0.0000e+00 ] 1.0000e+00
 3.513e+01 9.9009e-28 9.9009e-28 [ 3.1841e-137 4.2090e-104 2.7604e-84 4.3987e-37 3.9128e-35 2.4680e-29 9.6541e-28 ] 0.0000e+00 [ 0.0000e+00 ] 1.0000e+00
 3.525e+01 7.5347e-28 7.5347e-28 [ 9.5278e-138 1.6749e-104 1.2961e-84 3.3239e-37 2.9606e-35 1.8780e-29 7.3469e-28 ] 0.0000e+00 [ 0.0000e+00 ] 1.0000e+00
 3.536e+01 5.7340e-28 5.7340e-28 [ 2.8899e-138 6.6569e-105 6.0731e-85 2.5102e-37 2.2388e-35 1.4290e-29 5.5911e-28 ] 0.0000e+00 [ 0.0000e+00 ] 1.0000e+00
 3.547e+01 4.3636e-28 4.3636e-28 [ 8.8724e-139 2.6421e-105 2.8401e-85 1.8943e-37 1.6919e-35 1.0873e-29 4.2549e-28 ] 0.0000e+00 [ 0.0000e+00 ] 1.0000e+00
 3.559e+01 3.3208e-28 3.3208e-28 [ 2.7529e-139 1.0471e-105 1.3255e-85 1.4286e-37 1.2777e-35 8.2727e-30 3.2380e-28 ] 0.0000e+00 [ 0.0000e+00 ] 1.0000e+00
 3.570e+01 2.5271e-28 2.5271e-28 [ 8.6185e-140 4.1432e-106 6.1735e-86 1.0765e-37 9.6414e-36 6.2937e-30 2.4642e-28 ] 0.0000e+00 [ 0.0000e+00 ] 1.0000e+00
 3.581e+01 1.9231e-28 1.9231e-28 [ 2.7180e-140 1.6367e-106 2.8693e-86 8.1052e-38 7.2695e-36 4.7877e-30 1.8753e-28 ] 0.0000e+00 [ 0.0000e+00 ] 1.0000e+00
 3.593e+01 1.4635e-28 1.4635e-28 [ 8.6221e-141 6.4542e-107 1.3307e-86 6.0973e-38 5.4763e-36 3.6416e-30 1.4271e-28 ] 0.0000e+00 [ 0.0000e+00 ] 1.0000e+00
 3.604e+01 1.1137e-28 1.1137e-28 [ 2.7475e-141 2.5406e-107 6.1583e-87 4.5826e-38 4.1215e-36 2.7694e-30 1.0860e-28 ] 0.0000e+00 [ 0.0000e+00 ] 1.0000e+00
 3.615e+01 8.4755e-29 8.4755e-29 [ 8.7843e-142 9.9817e-108 2.8436e-87 3.4407e-38 3.0988e-36 2.1058e-30 8.2649e-29 ] 0.0000e+00 [ 0.0000e+00 ] 1.0000e+00
 3.627e+01 6.4497e-29 6.4497e-29 [ 2.8152e-142 3.9141e-108 1.3101e-87 2.5807e-38 2.3273e-36 1.6007e-30 6.2896e-29 ] 0.0000e+00 [ 0.0000e+00 ] 1.0000e+00
 3.638e+01 4.9081e-29 4.9081e-29 [ 9.0360e-143 1.5318e-108 6.0215e-88 1.9334e-38 1.7458e-36 1.2165e-30 4.7864e-29 ] 0.0000e+00 [ 0.0000e+00 ] 1.0000e+00
 3.649e+01 3.7349e-29 3.7349e-29 [ 2.9027e-143 5.9821e-109 2.7611e-88 1.4468e-38 1.3080e-36 9.2410e-31 3.6425e-29 ] 0.0000e+00 [ 0.0000e+00 ] 1.0000e+00
 3.661e+01 2.8421e-29 2.8421e-29 [ 9.3266e-144 2.3312e-109 1.2630e-88 1.0812e-38 9.7866e-37 7.0169e-31 2.7719e-29 ] 0.0000e+00 [ 0.0000e+00 ] 1.0000e+00
 3.672e+01 2.1626e-29 2.1626e-29 [ 2.9960e-144 9.0643e-110 5.7623e-89 8.0692e-39 7.3118e-37 5.3250e-31 2.1094e-29 ] 0.0000e+00 [ 0.0000e+00 ] 1.0000e+00
 3.683e+01 1.6456e-29 1.6456e-29 [ 9.6177e-145 3.5162e-110 2.6223e-89 6.0133e-39 5.4542e-37 4.0384e-31 1.6052e-29 ] 0.0000e+00 [ 0.0000e+00 ] 1.0000e+00
 3.695e+01 1.2521e-29 1.2521e-29 [ 3.0843e-145 1.3607e-110 1.1901e-89 4.4742e-39 4.0618e-37 3.0601e-31 1.2215e-29 ] 0.0000e+00 [ 0.0000e+00 ] 1.0000e+00
 3.706e+01 9.5261e-30 9.5261e-30 [ 9.8780e-146 5.2525e-111 5.3860e-90 3.3234e-39 3.0194e-37 2.3165e-31 9.2944e-30 ] 0.0000e+00 [ 0.0000e+00 ] 1.0000e+00
 3.717e+01 7.2472e-30 7.2472e-30 [ 3.1585e-146 2.0222e-111 2.4304e-90 2.4641e-39 2.2401e-37 1.7516e-31 7.0720e-30 ] 0.0000e+00 [ 0.0000e+00 ] 1.0000e+00
 3.729e+01 5.5129e-30 5.5129e-30 [ 1.0080e-146 7.7635e-112 1.0934e-90 1.8234e-39 1.6585e-37 1.3225e-31 5.3806e-30 ] 0.0000e+00 [ 0.0000e+00 ] 1.0000e+00
 3.740e+01 4.1930e-30 4.1930e-30 [ 3.2104e-147 2.9719e-112 4.9029e-91 1.3465e-39 1.2250e-37 9.9695e-32 4.0933e-30 ] 0.0000e+00 [ 0.0000e+00 ] 1.0000e+00
 3.751e+01 3.1886e-30 3.1886e-30 [ 1.0200e-147 1.1341e-112 2.1912e-91 9.9198e-40 9.0263e-38 7.5006e-32 3.1136e-30 ] 0.0000e+00 [ 0.0000e+00 ] 1.0000e+00
 3.763e+01 2.4242e-30 2.4242e-30 [ 3.2322e-148 4.3136e-113 9.7576e-92 7.2899e-40 6.6329e-38 5.6304e-32 2.3679e-30 ] 0.0000e+00 [ 0.0000e+00 ] 1.0000e+00
 3.774e+01 1.8425e-30 1.8425e-30 [ 1.0213e-148 1.6349e-113 4.3287e-92 5.3425e-40 4.8597e-38 4.2153e-32 1.8003e-30 ] 0.0000e+00 [ 0.0000e+00 ] 1.0000e+00
 3.785e+01 1.3998e-30 1.3998e-30 [ 3.2164e-149 6.1729e-114 1.9125e-92 3.9036e-40 3.5489e-38 3.1462e-32 1.3683e-30 ] 0.0000e+00 [ 0.0000e+00 ] 1.0000e+00
 3.797e+01 1.0628e-30 1.0628e-30 [ 1.0094e-149 2.3212e-114 8.4127e-93 2.8427e-40 2.5824e-38 2.3399e-32 1.0394e-30 ] 0.0000e+00 [ 0.0000e+00 ] 1.0000e+00
 3.808e+01 8.0642e-31 8.0642e-31 [ 3.1551e-150 8.6891e-115 3.6830e-93 2.0623e-40 1.8716e-38 1.7331e-32 7.8909e-31 ] 0.0000e+00 [ 0.0000e+00 ] 1.0000e+00
 3.819e+01 6.1127e-31 6.1127e-31 [ 9.8188e-151 3.2367e-115 1.6040e-93 1.4900e-40 1.3504e-38 1.2776e-32 5.9849e-31 ] 0.0000e+00 [ 0.0000e+00 ] 1.0000e+00
 3.831e+01 4.6273e-31 4.6273e-31 [ 3.0404e-151 1.1991e-115 6.9459e-94 1.0713e-40 9.6941e-39 9.3657e-33 4.5336e-31 ] 0.0000e+00 [ 0.0000e+00 ] 1.0000e+00
 3.842e+01 3.4966e-31 3.4966e-31 [ 9.3618e-152 4.4152e-116 2.9886e-94 7.6602e-41 6.9187e-39 6.8219e-33 3.4284e-31 ] 0.0000e+00 [ 0.0000e+00 ] 1.0000e+00
 3.853e+01 2.6358e-31 2.6358e-31 [ 2.8640e-152 1.6145e-116 1.2766e-94 5.4422e-41 4.9046e-39 4.9317e-33 2.5865e-31 ] 0.0000e+00 [ 0.0000e+00 ] 1.0000e+00
 3.865e+01 1.9803e-31 1.9803e-31 [ 8.6960e-153 5.8566e-117 5.4087e-95 3.8368e-41 3.4491e-39 3.5335e-33 1.9450e-31 ] 0.0000e+00 [ 0.0000e+00 ] 1.0000e+00
 3.876e+01 1.4808e-31 1.4808e-31 [ 2.6171e-153 2.1049e-117 2.2697e-95 2.6797e-41 2.4023e-39 2.5046e-33 1.4558e-31 ] 0.0000e+00 [ 0.0000e+00 ] 1.0000e+00
 3.887e+01 1.1000e-31 1.1000e-31 [ 7.7933e-154 7.4819e-118 9.4170e-96 1.8498e-41 1.6532e-39 1.7519e-33 1.0825e-31 ] 0.0000e+00 [ 0.0000e+00 ] 1.0000e+00
 3.899e+01 8.0936e-32 8.0936e-32 [ 2.2908e-154 2.6241e-118 3.8541e-96 1.2577e-41 1.1204e-39 1.2050e-33 7.9731e-32 ] 0.0000e+00 [ 0.0000e+00 ] 1.0000e+00
 3.910e+01 5.8713e-32 5.8713e-32 [ 6.6247e-155 9.0505e-119 1.5507e-96 8.3798e-42 7.4394e-40 8.1091e-34 5.7902e-32 ] 0.0000e+00 [ 0.0000e+00 ] 1.0000e+00
 3.921e+01 4.1687e-32 4.1687e-32 [ 1.8757e-155 3.0548e-119 6.1043e-97 5.4275e-42 4.8018e-40 5.2957e-34 4.1158e-32 ] 0.0000e+00 [ 0.0000e+00 ] 1.0000e+00
 3.933e+01 2.8617e-32 2.8617e-32 [ 5.1602e-156 1.0014e-119 2.3326e-97 3.3722e-42 2.9734e-40 3.3122e-34 2.8286e-32 ] 0.0000e+00 [ 0.0000e+00 ] 1.0000e+00
 3.944e+01 1.8583e-32 1.8583e-32 [ 1.3619e-156 3.1471e-120 8.5366e-98 1.9634e-42 1.7259e-40 1.9384e-34 1.8389e-32 ] 0.0000e+00 [ 0.0000e+00 ] 1.0000e+00
 3.955e+01 1.0940e-32 1.0940e-32 [ 3.3647e-157 9.2394e-121 2.9087e-98 1.0236e-42 8.9735e-41 1.0144e-34 1.0839e-32 ] 0.0000e+00 [ 0.0000e+00 ] 1.0000e+00
 3.967e+01 5.3011e-33 5.3011e-33 [ 7.3156e-158 2.3680e-121 8.5565e-99 4.3029e-43 3.7643e-41 4.2749e-35 5.2583e-33 ] 0.0000e+00 [ 0.0000e+00 ] 1.0000e+00
 3.978e+01 1.5631e-33 1.5631e-33 [ 1.0872e-158 4.0238e-122 1.6171e-99 1.0397e-43 9.0840e-42 1.0345e-35 1.5528e-33 ] 0.0000e+00 [ 0.0000e+00 ] 1.0000e+00
 3.989e+01 0.0000e+00 0.0000e+00 [ 0.0000e+00 0.0000e+00 0.0000e+00 0.0000e+00 0.0000e+00 0.0000e+00 0.0000e+00 ] 0.0000e+00 [ 0.0000e+00 ] 1.0000e+00
