 0.000e+00 0.0000e+00 0.0000e+00 [ 0.0000e+00 0.0000e+00 0.0000e+00 0.0000e+00 ] 1.0000e+00
 1.133e-01 2.1021e-02 2.1021e-02 [ 1.9199e-02 4.9626e-04 7.9132e-04 5.3368e-04 ] 9.7898e-01
 2.267e-01 4.3261e-02 4.3261e-02 [ 3.6015e-02 1.9940e-03 3.1667e-03 2.0851e-03 ] 9.5674e-01
 3.400e-01 6.7747e-02 6.7747e-02 [ 5.1533e-02 4.5134e-03 7.1206e-03 4.5806e-03 ] 9.3225e-01
 4.533e-01 9.5212e-02 9.5212e-02 [ 6.6571e-02 8.0746e-03 1.2626e-02 7.9404e-03 ] 9.0479e-01
 5.667e-01 1.2613e-01 1.2613e-01 [ 8.1755e-02 1.2686e-02 1.9620e-02 1.2073e-02 ] 8.7387e-01
 6.800e-01 1.6072e-01 1.6072e-01 [ 9.7531e-02 1.8333e-02 2.7992e-02 1.6868e-02 ] 8.3928e-01
 7.933e-01 1.9890e-01 1.9890e-01 [ 1.1417e-01 2.4962e-02 3.7571e-02 2.2194e-02 ] 8.0110e-01
 9.067e-01 2.4024e-01 2.4024e-01 [ 1.3175e-01 3.2471e-02 4.8122e-02 2.7897e-02 ] 7.5976e-01
 1.020e+00 2.8398e-01 2.8398e-01 [ 1.5013e-01 4.0703e-02 5.9346e-02 3.3803e-02 ] 7.1601e-01
 1.133e+00 3.2906e-01 3.2906e-01 [ 1.6899e-01 4.9444e-02 7.0893e-02 3.9727e-02 ] 6.7094e-01
 1.247e+00 3.7411e-01 3.7411e-01 [ 1.8780e-01 5.8437e-02 8.2390e-02 4.5484e-02 ] 6.2588e-01
 1.360e+00 4.1767e-01 4.1767e-01 [ 2.0590e-01 6.7399e-02 9.3468e-02 5.0909e-02 ] 5.8233e-01
 1.473e+00 4.5828e-01 4.5828e-01 [ 2.2254e-01 7.6052e-02 1.0381e-01 5.5873e-02 ] 5.4172e-01
 1.587e+00 4.9467e-01 4.9467e-01 [ 2.3705e-01 8.4150e-02 1.1317e-01 6.0293e-02 ] 5.0533e-01
 1.700e+00 5.2591e-01 5.2591e-01 [ 2.4884e-01 9.1504e-02 1.2142e-01 6.4140e-02 ] 4.7409e-01
 1.813e+00 5.5144e-01 5.5144e-01 [ 2.5750e-01 9.7993e-02 1.2852e-01 6.7432e-02 ] 4.4856e-01
 1.927e+00 5.7108e-01 5.7108e-01 [ 2.6280e-01 1.0356e-01 1.3450e-01 7.0226e-02 ] 4.2892e-01
 2.040e+00 5.8496e-01 5.8496e-01 [ 2.6471e-01 1.0819e-01 1.3947e-01 7.2596e-02 ] 4.1504e-01
 2.153e+00 5.9339e-01 5.9339e-01 [ 2.6332e-01 1.1191e-01 1.4354e-01 7.4622e-02 ] 4.0661e-01
 2.267e+00 5.9682e-01 5.9682e-01 [ 2.5883e-01 1.1476e-01 1.4685e-01 7.6377e-02 ] 4.0318e-01
 2.380e+00 5.9570e-01 5.9570e-01 [ 2.5154e-01 1.1676e-01 1.4949e-01 7.7915e-02 ] 4.0430e-01
 2.493e+00 5.9051e-01 5.9051e-01 [ 2.4176e-01 1.1795e-01 1.5152e-01 7.9273e-02 ] 4.0949e-01
 2.607e+00 5.8168e-01 5.8168e-01 [ 2.2986e-01 1.1835e-01 1.5300e-01 8.0466e-02 ] 4.1832e-01
 2.720e+00 5.6962e-01 5.6962e-01 [ 2.1622e-01 1.1797e-01 1.5394e-01 8.1494e-02 ] 4.3038e-01
 2.833e+00 5.5476e-01 5.5476e-01 [ 2.0126e-01 1.1683e-01 1.5433e-01 8.2342e-02 ] 4.4524e-01
 2.947e+00 5.3748e-01 5.3748e-01 [ 1.8538e-01 1.1495e-01 1.5416e-01 8.2990e-02 ] 4.6252e-01
 3.060e+00 5.1820e-01 5.1820e-01 [ 1.6901e-01 1.1237e-01 1.5341e-01 8.3414e-02 ] 4.8180e-01
 3.173e+00 4.9735e-01 4.9735e-01 [ 1.5254e-01 1.0913e-01 1.5209e-01 8.3592e-02 ] 5.0265e-01
 3.287e+00 4.7534e-01 4.7534e-01 [ 1.3633e-01 1.0530e-01 1.5020e-01 8.3509e-02 ] 5.2466e-01
 3.400e+00 4.5258e-01 4.5258e-01 [ 1.2069e-01 1.0096e-01 1.4776e-01 8.3155e-02 ] 5.4742e-01
 3.513e+00 4.2945e-01 4.2945e-01 [ 1.0590e-01 9.6211e-02 1.4481e-01 8.2530e-02 ] 5.7055e-01
 3.627e+00 4.0632e-01 4.0632e-01 [ 9.2135e-02 9.1144e-02 1.4140e-01 8.1643e-02 ] 5.9368e-01
 3.740e+00 3.8349e-01 3.8349e-01 [ 7.9533e-02 8.5863e-02 1.3758e-01 8.0510e-02 ] 6.1651e-01
 3.853e+00 3.6121e-01 3.6121e-01 [ 6.8161e-02 8.0466e-02 1.3342e-01 7.9153e-02 ] 6.3880e-01
 3.967e+00 3.3967e-01 3.3967e-01 [ 5.8033e-02 7.5043e-02 1.2900e-01 7.7598e-02 ] 6.6033e-01
 4.080e+00 3.1904e-01 3.1904e-01 [ 4.9120e-02 6.9674e-02 1.2437e-01 7.5874e-02 ] 6.8096e-01
 4.193e+00 2.9941e-01 2.9941e-01 [ 4.1361e-02 6.4426e-02 1.1961e-01 7.4009e-02 ] 7.0059e-01
 4.307e+00 2.8082e-01 2.8082e-01 [ 3.4668e-02 5.9354e-02 1.1477e-01 7.2033e-02 ] 7.1918e-01
 4.420e+00 2.6331e-01 2.6331e-01 [ 2.8945e-02 5.4500e-02 1.0989e-01 6.9973e-02 ] 7.3669e-01
 4.533e+00 2.4687e-01 2.4687e-01 [ 2.4087e-02 4.9895e-02 1.0503e-01 6.7853e-02 ] 7.5313e-01
 4.647e+00 2.3146e-01 2.3146e-01 [ 1.9988e-02 4.5557e-02 1.0022e-01 6.5695e-02 ] 7.6854e-01
 4.760e+00 2.1706e-01 2.1706e-01 [ 1.6550e-02 4.1497e-02 9.5493e-02 6.3519e-02 ] 7.8294e-01
 4.873e+00 2.0360e-01 2.0360e-01 [ 1.3678e-02 3.7719e-02 9.0867e-02 6.1340e-02 ] 7.9640e-01
 4.987e+00 1.9105e-01 1.9105e-01 [ 1.1289e-02 3.4220e-02 8.6363e-02 5.9173e-02 ] 8.0896e-01
 5.100e+00 1.7932e-01 1.7932e-01 [ 9.3084e-03 3.0994e-02 8.1993e-02 5.7028e-02 ] 8.2068e-01
 5.213e+00 1.6838e-01 1.6838e-01 [ 7.6700e-03 2.8028e-02 7.7766e-02 5.4914e-02 ] 8.3162e-01
 5.327e+00 1.5816e-01 1.5816e-01 [ 6.3176e-03 2.5312e-02 7.3690e-02 5.2839e-02 ] 8.4184e-01
 5.440e+00 1.4861e-01 1.4861e-01 [ 5.2030e-03 2.2830e-02 6.9766e-02 5.0808e-02 ] 8.5139e-01
 5.553e+00 1.3968e-01 1.3968e-01 [ 4.2853e-03 2.0568e-02 6.5997e-02 4.8826e-02 ] 8.6032e-01
 5.667e+00 1.3132e-01 1.3132e-01 [ 3.5303e-03 1.8510e-02 6.2383e-02 4.6894e-02 ] 8.6868e-01
 5.780e+00 1.2349e-01 1.2349e-01 [ 2.9094e-03 1.6642e-02 5.8922e-02 4.5016e-02 ] 8.7651e-01
 5.893e+00 1.1615e-01 1.1615e-01 [ 2.3989e-03 1.4948e-02 5.5611e-02 4.3191e-02 ] 8.8385e-01
 6.007e+00 1.0926e-01 1.0926e-01 [ 1.9789e-03 1.3415e-02 5.2448e-02 4.1422e-02 ] 8.9074e-01
 6.120e+00 1.0280e-01 1.0280e-01 [ 1.6335e-03 1.2028e-02 4.9429e-02 3.9708e-02 ] 8.9720e-01
 6.233e+00 9.6724e-02 9.6724e-02 [ 1.3492e-03 1.0776e-02 4.6550e-02 3.8049e-02 ] 9.0328e-01
 6.347e+00 9.1012e-02 9.1012e-02 [ 1.1150e-03 9.6461e-03 4.3808e-02 3.6444e-02 ] 9.0899e-01
 6.460e+00 8.5639e-02 8.5639e-02 [ 9.2209e-04 8.6278e-03 4.1197e-02 3.4892e-02 ] 9.1436e-01
 6.573e+00 8.0581e-02 8.0581e-02 [ 7.6298e-04 7.7107e-03 3.8714e-02 3.3393e-02 ] 9.1942e-01
 6.687e+00 7.5817e-02 7.5817e-02 [ 6.3167e-04 6.8855e-03 3.6355e-02 3.1946e-02 ] 9.2418e-01
 6.800e+00 7.1329e-02 7.1329e-02 [ 5.2322e-04 6.1436e-03 3.4114e-02 3.0548e-02 ] 9.2867e-01
 6.913e+00 6.7100e-02 6.7100e-02 [ 4.3358e-04 5.4772e-03 3.1989e-02 2.9200e-02 ] 9.3290e-01
 7.027e+00 6.3112e-02 6.3112e-02 [ 3.5945e-04 4.8791e-03 2.9973e-02 2.7900e-02 ] 9.3689e-01
 7.140e+00 5.9351e-02 5.9351e-02 [ 2.9809e-04 4.3426e-03 2.8064e-02 2.6646e-02 ] 9.4065e-01
 7.253e+00 5.5805e-02 5.5805e-02 [ 2.4727e-04 3.8619e-03 2.6257e-02 2.5438e-02 ] 9.4420e-01
 7.367e+00 5.2460e-02 5.2460e-02 [ 2.0516e-04 3.4315e-03 2.4549e-02 2.4274e-02 ] 9.4754e-01
 7.480e+00 4.9304e-02 4.9304e-02 [ 1.7024e-04 3.0464e-03 2.2934e-02 2.3153e-02 ] 9.5070e-01
 7.593e+00 4.6326e-02 4.6326e-02 [ 1.4128e-04 2.7021e-03 2.1409e-02 2.2074e-02 ] 9.5367e-01
 7.707e+00 4.3518e-02 4.3518e-02 [ 1.1725e-04 2.3947e-03 1.9971e-02 2.1035e-02 ] 9.5648e-01
 7.820e+00 4.0868e-02 4.0868e-02 [ 9.7296e-05 2.1203e-03 1.8615e-02 2.0035e-02 ] 9.5913e-01
 7.933e+00 3.8369e-02 3.8369e-02 [ 8.0732e-05 1.8757e-03 1.7339e-02 1.9074e-02 ] 9.6163e-01
 8.047e+00 3.6012e-02 3.6012e-02 [ 6.6976e-05 1.6578e-03 1.6137e-02 1.8150e-02 ] 9.6399e-01
 8.160e+00 3.3789e-02 3.3789e-02 [ 5.5550e-05 1.4638e-03 1.5008e-02 1.7262e-02 ] 9.6621e-01
 8.273e+00 3.1693e-02 3.1693e-02 [ 4.6061e-05 1.2914e-03 1.3947e-02 1.6409e-02 ] 9.6831e-01
 8.387e+00 2.9717e-02 2.9717e-02 [ 3.8179e-05 1.1382e-03 1.2951e-02 1.5590e-02 ] 9.7028e-01
 8.500e+00 2.7855e-02 2.7855e-02 [ 3.1634e-05 1.0023e-03 1.2017e-02 1.4804e-02 ] 9.7215e-01
 8.613e+00 2.6100e-02 2.6100e-02 [ 2.6199e-05 8.8175e-04 1.1142e-02 1.4050e-02 ] 9.7390e-01
 8.727e+00 2.4447e-02 2.4447e-02 [ 2.1687e-05 7.7499e-04 1.0323e-02 1.3327e-02 ] 9.7555e-01
 8.840e+00 2.2890e-02 2.2890e-02 [ 1.7942e-05 6.8051e-04 9.5570e-03 1.2634e-02 ] 9.7711e-01
 8.953e+00 2.1424e-02 2.1424e-02 [ 1.4835e-05 5.9699e-04 8.8411e-03 1.1971e-02 ] 9.7858e-01
 9.067e+00 2.0044e-02 2.0044e-02 [ 1.2259e-05 5.2323e-04 8.1726e-03 1.1336e-02 ] 9.7996e-01
 9.180e+00 1.8745e-02 1.8745e-02 [ 1.0123e-05 4.5814e-04 7.5490e-03 1.0728e-02 ] 9.8125e-01
 9.293e+00 1.7524e-02 1.7524e-02 [ 8.3532e-06 4.0078e-04 6.9678e-03 1.0147e-02 ] 9.8248e-01
 9.407e+00 1.6375e-02 1.6375e-02 [ 6.8878e-06 3.5027e-04 6.4264e-03 9.5916e-03 ] 9.8362e-01
 9.520e+00 1.5296e-02 1.5296e-02 [ 5.6750e-06 3.0584e-04 5.9227e-03 9.0613e-03 ] 9.8470e-01
 9.633e+00 1.4281e-02 1.4281e-02 [ 4.6720e-06 2.6679e-04 5.4544e-03 8.5551e-03 ] 9.8572e-01
 9.747e+00 1.3328e-02 1.3328e-02 [ 3.8430e-06 2.3252e-04 5.0194e-03 8.0723e-03 ] 9.8667e-01
 9.860e+00 1.2433e-02 1.2433e-02 [ 3.1583e-06 2.0245e-04 4.6156e-03 7.6120e-03 ] 9.8757e-01
 9.973e+00 1.1593e-02 1.1593e-02 [ 2.5933e-06 1.7611e-04 4.2411e-03 7.1735e-03 ] 9.8841e-01
 1.009e+01 1.0805e-02 1.0805e-02 [ 2.1274e-06 1.5306e-04 3.8942e-03 6.7560e-03 ] 9.8919e-01
 1.020e+01 1.0066e-02 1.0066e-02 [ 1.7435e-06 1.3290e-04 3.5730e-03 6.3588e-03 ] 9.8993e-01
 1.031e+01 9.3737e-03 9.3737e-03 [ 1.4274e-06 1.1529e-04 3.2758e-03 5.9811e-03 ] 9.9063e-01
 1.043e+01 8.7246e-03 8.7246e-03 [ 1.1675e-06 9.9926e-05 3.0012e-03 5.6223e-03 ] 9.9128e-01
 1.054e+01 8.1167e-03 8.1167e-03 [ 9.5396e-07 8.6528e-05 2.7475e-03 5.2817e-03 ] 9.9188e-01
 1.065e+01 7.5475e-03 7.5475e-03 [ 7.7864e-07 7.4859e-05 2.5135e-03 4.9584e-03 ] 9.9245e-01
 1.077e+01 7.0149e-03 7.0149e-03 [ 6.3486e-07 6.4706e-05 2.2977e-03 4.6519e-03 ] 9.9299e-01
 1.088e+01 6.5168e-03 6.5168e-03 [ 5.1707e-07 5.5879e-05 2.0989e-03 4.3616e-03 ] 9.9348e-01
 1.099e+01 6.0511e-03 6.0511e-03 [ 4.2066e-07 4.8214e-05 1.9159e-03 4.0866e-03 ] 9.9395e-01
 1.111e+01 5.6160e-03 5.6160e-03 [ 3.4185e-07 4.1563e-05 1.7476e-03 3.8265e-03 ] 9.9438e-01
 1.122e+01 5.2096e-03 5.2096e-03 [ 2.7748e-07 3.5798e-05 1.5929e-03 3.5806e-03 ] 9.9479e-01
 1.133e+01 4.8302e-03 4.8302e-03 [ 2.2497e-07 3.0805e-05 1.4508e-03 3.3483e-03 ] 9.9517e-01
 1.145e+01 4.4762e-03 4.4762e-03 [ 1.8219e-07 2.6486e-05 1.3205e-03 3.1290e-03 ] 9.9552e-01
 1.156e+01 4.1460e-03 4.1460e-03 [ 1.4736e-07 2.2752e-05 1.2010e-03 2.9221e-03 ] 9.9585e-01
 1.167e+01 3.8383e-03 3.8383e-03 [ 1.1905e-07 1.9528e-05 1.0916e-03 2.7271e-03 ] 9.9616e-01
 1.179e+01 3.5516e-03 3.5516e-03 [ 9.6065e-08 1.6746e-05 9.9137e-04 2.5434e-03 ] 9.9645e-01
 1.190e+01 3.2846e-03 3.2846e-03 [ 7.7420e-08 1.4348e-05 8.9973e-04 2.3705e-03 ] 9.9672e-01
 1.201e+01 3.0361e-03 3.0361e-03 [ 6.2316e-08 1.2283e-05 8.1598e-04 2.2078e-03 ] 9.9696e-01
 1.213e+01 2.8050e-03 2.8050e-03 [ 5.0096e-08 1.0506e-05 7.3949e-04 2.0550e-03 ] 9.9719e-01
 1.224e+01 2.5902e-03 2.5902e-03 [ 4.0221e-08 8.9786e-06 6.6970e-04 1.9114e-03 ] 9.9741e-01
 1.235e+01 2.3905e-03 2.3905e-03 [ 3.2252e-08 7.6667e-06 6.0607e-04 1.7767e-03 ] 9.9761e-01
 1.247e+01 2.2051e-03 2.2051e-03 [ 2.5828e-08 6.5410e-06 5.4810e-04 1.6504e-03 ] 9.9779e-01
 1.258e+01 2.0330e-03 2.0330e-03 [ 2.0657e-08 5.5758e-06 4.9532e-04 1.5321e-03 ] 9.9797e-01
 1.269e+01 1.8733e-03 1.8733e-03 [ 1.6500e-08 4.7491e-06 4.4731e-04 1.4213e-03 ] 9.9813e-01
 1.281e+01 1.7253e-03 1.7253e-03 [ 1.3162e-08 4.0415e-06 4.0366e-04 1.3176e-03 ] 9.9827e-01
 1.292e+01 1.5881e-03 1.5881e-03 [ 1.0486e-08 3.4365e-06 3.6403e-04 1.2206e-03 ] 9.9841e-01
 1.303e+01 1.4611e-03 1.4611e-03 [ 8.3422e-09 2.9196e-06 3.2805e-04 1.1301e-03 ] 9.9854e-01
 1.315e+01 1.3435e-03 1.3435e-03 [ 6.6280e-09 2.4784e-06 2.9542e-04 1.0455e-03 ] 9.9866e-01
 1.326e+01 1.2347e-03 1.2347e-03 [ 5.2590e-09 2.1021e-06 2.6586e-04 9.6669e-04 ] 9.9877e-01
 1.337e+01 1.1341e-03 1.1341e-03 [ 4.1671e-09 1.7815e-06 2.3908e-04 8.9319e-04 ] 9.9887e-01
 1.349e+01 1.0411e-03 1.0411e-03 [ 3.2974e-09 1.5085e-06 2.1486e-04 8.2472e-04 ] 9.9896e-01
 1.360e+01 9.5524e-04 9.5524e-04 [ 2.6056e-09 1.2763e-06 1.9295e-04 7.6100e-04 ] 9.9904e-01
 1.371e+01 8.7599e-04 8.7599e-04 [ 2.0561e-09 1.0789e-06 1.7316e-04 7.0174e-04 ] 9.9912e-01
 1.383e+01 8.0288e-04 8.0288e-04 [ 1.6203e-09 9.1129e-07 1.5530e-04 6.4667e-04 ] 9.9920e-01
 1.394e+01 7.3547e-04 7.3547e-04 [ 1.2751e-09 7.6909e-07 1.3918e-04 5.9552e-04 ] 9.9926e-01
 1.405e+01 6.7335e-04 6.7335e-04 [ 1.0020e-09 6.4854e-07 1.2464e-04 5.4806e-04 ] 9.9933e-01
 1.417e+01 6.1615e-04 6.1615e-04 [ 7.8630e-10 5.4643e-07 1.1155e-04 5.0405e-04 ] 9.9938e-01
 1.428e+01 5.6350e-04 5.6350e-04 [ 6.1617e-10 4.6001e-07 9.9770e-05 4.6327e-04 ] 9.9944e-01
 1.439e+01 5.1507e-04 5.1507e-04 [ 4.8216e-10 3.8694e-07 8.9170e-05 4.2551e-04 ] 9.9948e-01
 1.451e+01 4.7054e-04 4.7054e-04 [ 3.7677e-10 3.2521e-07 7.9642e-05 3.9057e-04 ] 9.9953e-01
 1.462e+01 4.2963e-04 4.2963e-04 [ 2.9399e-10 2.7310e-07 7.1085e-05 3.5827e-04 ] 9.9957e-01
 1.473e+01 3.9206e-04 3.9206e-04 [ 2.2907e-10 2.2915e-07 6.3404e-05 3.2843e-04 ] 9.9961e-01
 1.485e+01 3.5758e-04 3.5758e-04 [ 1.7823e-10 1.9211e-07 5.6514e-05 3.0087e-04 ] 9.9964e-01
 1.496e+01 3.2595e-04 3.2595e-04 [ 1.3848e-10 1.6092e-07 5.0340e-05 2.7545e-04 ] 9.9967e-01
 1.507e+01 2.9696e-04 2.9696e-04 [ 1.0743e-10 1.3469e-07 4.4810e-05 2.5202e-04 ] 9.9970e-01
 1.519e+01 2.7040e-04 2.7040e-04 [ 8.3228e-11 1.1264e-07 3.9861e-05 2.3043e-04 ] 9.9973e-01
 1.530e+01 2.4608e-04 2.4608e-04 [ 6.4383e-11 9.4115e-08 3.5435e-05 2.1055e-04 ] 9.9975e-01
 1.541e+01 2.2382e-04 2.2382e-04 [ 4.9733e-11 7.8574e-08 3.1479e-05 1.9226e-04 ] 9.9978e-01
 1.553e+01 2.0347e-04 2.0347e-04 [ 3.8360e-11 6.5544e-08 2.7946e-05 1.7546e-04 ] 9.9980e-01
 1.564e+01 1.8486e-04 1.8486e-04 [ 2.9544e-11 5.4629e-08 2.4794e-05 1.6001e-04 ] 9.9982e-01
 1.575e+01 1.6787e-04 1.6787e-04 [ 2.2721e-11 4.5493e-08 2.1982e-05 1.4584e-04 ] 9.9983e-01
 1.587e+01 1.5235e-04 1.5235e-04 [ 1.7448e-11 3.7853e-08 1.9477e-05 1.3283e-04 ] 9.9985e-01
 1.598e+01 1.3819e-04 1.3819e-04 [ 1.3379e-11 3.1470e-08 1.7245e-05 1.2091e-04 ] 9.9986e-01
 1.609e+01 1.2528e-04 1.2528e-04 [ 1.0244e-11 2.6141e-08 1.5260e-05 1.0999e-04 ] 9.9987e-01
 1.621e+01 1.1351e-04 1.1351e-04 [ 7.8319e-12 2.1696e-08 1.3494e-05 9.9997e-05 ] 9.9989e-01
 1.632e+01 1.0279e-04 1.0279e-04 [ 5.9788e-12 1.7991e-08 1.1924e-05 9.0851e-05 ] 9.9990e-01
 1.643e+01 9.3036e-05 9.3036e-05 [ 4.5574e-12 1.4906e-08 1.0531e-05 8.2491e-05 ] 9.9991e-01
 1.655e+01 8.4159e-05 8.4159e-05 [ 3.4687e-12 1.2340e-08 9.2938e-06 7.4853e-05 ] 9.9992e-01
 1.666e+01 7.6087e-05 7.6087e-05 [ 2.6361e-12 1.0207e-08 8.1969e-06 6.7880e-05 ] 9.9992e-01
 1.677e+01 6.8752e-05 6.8752e-05 [ 2.0004e-12 8.4349e-09 7.2247e-06 6.1518e-05 ] 9.9993e-01
 1.689e+01 6.2089e-05 6.2089e-05 [ 1.5157e-12 6.9647e-09 6.3638e-06 5.5719e-05 ] 9.9994e-01
 1.700e+01 5.6042e-05 5.6042e-05 [ 1.1468e-12 5.7458e-09 5.6018e-06 5.0435e-05 ] 9.9994e-01
 1.711e+01 5.0556e-05 5.0556e-05 [ 8.6630e-13 4.7361e-09 4.9279e-06 4.5624e-05 ] 9.9995e-01
 1.723e+01 4.5582e-05 4.5582e-05 [ 6.5344e-13 3.9005e-09 4.3323e-06 4.1246e-05 ] 9.9995e-01
 1.734e+01 4.1076e-05 4.1076e-05 [ 4.9214e-13 3.2095e-09 3.8062e-06 3.7266e-05 ] 9.9996e-01
 1.745e+01 3.6994e-05 3.6994e-05 [ 3.7010e-13 2.6387e-09 3.3419e-06 3.3649e-05 ] 9.9996e-01
 1.757e+01 3.3300e-05 3.3300e-05 [ 2.7790e-13 2.1674e-09 2.9324e-06 3.0365e-05 ] 9.9997e-01
 1.768e+01 2.9958e-05 2.9958e-05 [ 2.0835e-13 1.7788e-09 2.5714e-06 2.7385e-05 ] 9.9997e-01
 1.779e+01 2.6938e-05 2.6938e-05 [ 1.5597e-13 1.4586e-09 2.2534e-06 2.4683e-05 ] 9.9997e-01
 1.791e+01 2.4208e-05 2.4208e-05 [ 1.1658e-13 1.1950e-09 1.9735e-06 2.2233e-05 ] 9.9998e-01
 1.802e+01 2.1743e-05 2.1743e-05 [ 8.7010e-14 9.7811e-10 1.7273e-06 2.0015e-05 ] 9.9998e-01
 1.813e+01 1.9519e-05 1.9519e-05 [ 6.4839e-14 7.9991e-10 1.5108e-06 1.8007e-05 ] 9.9998e-01
 1.825e+01 1.7513e-05 1.7513e-05 [ 4.8243e-14 6.5360e-10 1.3206e-06 1.6192e-05 ] 9.9998e-01
 1.836e+01 1.5704e-05 1.5704e-05 [ 3.5841e-14 5.3357e-10 1.1537e-06 1.4550e-05 ] 9.9998e-01
 1.847e+01 1.4075e-05 1.4075e-05 [ 2.6586e-14 4.3520e-10 1.0072e-06 1.3067e-05 ] 9.9999e-01
 1.859e+01 1.2608e-05 1.2608e-05 [ 1.9691e-14 3.5465e-10 8.7879e-07 1.1728e-05 ] 9.9999e-01
 1.870e+01 1.1287e-05 1.1287e-05 [ 1.4562e-14 2.8875e-10 7.6626e-07 1.0521e-05 ] 9.9999e-01
 1.881e+01 1.0100e-05 1.0100e-05 [ 1.0752e-14 2.3488e-10 6.6772e-07 9.4318e-06 ] 9.9999e-01
 1.893e+01 9.0323e-06 9.0323e-06 [ 7.9270e-15 1.9089e-10 5.8150e-07 8.4506e-06 ] 9.9999e-01
 1.904e+01 8.0733e-06 8.0733e-06 [ 5.8352e-15 1.5500e-10 5.0609e-07 7.5671e-06 ] 9.9999e-01
 1.915e+01 7.2123e-06 7.2123e-06 [ 4.2888e-15 1.2575e-10 4.4019e-07 6.7720e-06 ] 9.9999e-01
 1.927e+01 6.4396e-06 6.4396e-06 [ 3.1474e-15 1.0192e-10 3.8264e-07 6.0569e-06 ] 9.9999e-01
 1.938e+01 5.7466e-06 5.7466e-06 [ 2.3062e-15 8.2534e-11 3.3241e-07 5.4141e-06 ] 9.9999e-01
 1.949e+01 5.1255e-06 5.1255e-06 [ 1.6872e-15 6.6775e-11 2.8859e-07 4.8368e-06 ] 9.9999e-01
 1.961e+01 4.5690e-06 4.5690e-06 [ 1.2324e-15 5.3975e-11 2.5040e-07 4.3186e-06 ] 1.0000e+00
 1.972e+01 4.0708e-06 4.0708e-06 [ 8.9887e-16 4.3589e-11 2.1713e-07 3.8536e-06 ] 1.0000e+00
 1.983e+01 3.6250e-06 3.6250e-06 [ 6.5458e-16 3.5169e-11 1.8816e-07 3.4368e-06 ] 1.0000e+00
 1.995e+01 3.2262e-06 3.2262e-06 [ 4.7594e-16 2.8350e-11 1.6296e-07 3.0632e-06 ] 1.0000e+00
 2.006e+01 2.8698e-06 2.8698e-06 [ 3.4552e-16 2.2832e-11 1.4105e-07 2.7288e-06 ] 1.0000e+00
 2.017e+01 2.5514e-06 2.5514e-06 [ 2.5045e-16 1.8371e-11 1.2201e-07 2.4294e-06 ] 1.0000e+00
 2.029e+01 2.2672e-06 2.2672e-06 [ 1.8126e-16 1.4768e-11 1.0548e-07 2.1617e-06 ] 1.0000e+00
 2.040e+01 2.0135e-06 2.0135e-06 [ 1.3098e-16 1.1861e-11 9.1130e-08 1.9224e-06 ] 1.0000e+00
 2.051e+01 1.7873e-06 1.7873e-06 [ 9.4503e-17 9.5170e-12 7.8686e-08 1.7086e-06 ] 1.0000e+00
 2.063e+01 1.5856e-06 1.5856e-06 [ 6.8078e-17 7.6293e-12 6.7901e-08 1.5177e-06 ] 1.0000e+00
 2.074e+01 1.4060e-06 1.4060e-06 [ 4.8966e-17 6.1103e-12 5.8559e-08 1.3474e-06 ] 1.0000e+00
 2.085e+01 1.2460e-06 1.2460e-06 [ 3.5165e-17 4.8892e-12 5.0472e-08 1.1956e-06 ] 1.0000e+00
 2.097e+01 1.1037e-06 1.1037e-06 [ 2.5215e-17 3.9085e-12 4.3476e-08 1.0602e-06 ] 1.0000e+00
 2.108e+01 9.7710e-07 9.7710e-07 [ 1.8052e-17 3.1216e-12 3.7427e-08 9.3967e-07 ] 1.0000e+00
 2.119e+01 8.6458e-07 8.6458e-07 [ 1.2904e-17 2.4907e-12 3.2201e-08 8.3237e-07 ] 1.0000e+00
 2.131e+01 7.6461e-07 7.6461e-07 [ 9.2096e-18 1.9855e-12 2.7687e-08 7.3692e-07 ] 1.0000e+00
 2.142e+01 6.7584e-07 6.7584e-07 [ 6.5628e-18 1.5813e-12 2.3793e-08 6.5205e-07 ] 1.0000e+00
 2.153e+01 5.9707e-07 5.9707e-07 [ 4.6695e-18 1.2582e-12 2.0434e-08 5.7663e-07 ] 1.0000e+00
 2.165e+01 5.2720e-07 5.2720e-07 [ 3.3172e-18 1.0002e-12 1.7539e-08 5.0966e-07 ] 1.0000e+00
 2.176e+01 4.6527e-07 4.6527e-07 [ 2.3529e-18 7.9431e-13 1.5045e-08 4.5022e-07 ] 1.0000e+00
 2.187e+01 4.1039e-07 4.1039e-07 [ 1.6663e-18 6.3022e-13 1.2898e-08 3.9749e-07 ] 1.0000e+00
 2.199e+01 3.6180e-07 3.6180e-07 [ 1.1782e-18 4.9955e-13 1.1051e-08 3.5075e-07 ] 1.0000e+00
 2.210e+01 3.1880e-07 3.1880e-07 [ 8.3182e-19 3.9560e-13 9.4628e-09 3.0934e-07 ] 1.0000e+00
 2.221e+01 2.8076e-07 2.8076e-07 [ 5.8635e-19 3.1299e-13 8.0982e-09 2.7266e-07 ] 1.0000e+00
 2.233e+01 2.4713e-07 2.4713e-07 [ 4.1268e-19 2.4739e-13 6.9263e-09 2.4021e-07 ] 1.0000e+00
 2.244e+01 2.1742e-07 2.1742e-07 [ 2.9000e-19 1.9535e-13 5.9205e-09 2.1150e-07 ] 1.0000e+00
 2.255e+01 1.9118e-07 1.9118e-07 [ 2.0347e-19 1.5411e-13 5.0578e-09 1.8612e-07 ] 1.0000e+00
 2.267e+01 1.6802e-07 1.6802e-07 [ 1.4254e-19 1.2146e-13 4.3183e-09 1.6370e-07 ] 1.0000e+00
 2.278e+01 1.4759e-07 1.4759e-07 [ 9.9701e-20 9.5639e-14 3.6847e-09 1.4391e-07 ] 1.0000e+00
 2.289e+01 1.2958e-07 1.2958e-07 [ 6.9628e-20 7.5233e-14 3.1423e-09 1.2644e-07 ] 1.0000e+00
 2.301e+01 1.1370e-07 1.1370e-07 [ 4.8551e-20 5.9124e-14 2.6782e-09 1.1103e-07 ] 1.0000e+00
 2.312e+01 9.9725e-08 9.9725e-08 [ 3.3801e-20 4.6420e-14 2.2813e-09 9.7444e-08 ] 1.0000e+00
 2.323e+01 8.7419e-08 8.7419e-08 [ 2.3496e-20 3.6411e-14 1.9420e-09 8.5477e-08 ] 1.0000e+00
 2.335e+01 7.6592e-08 7.6592e-08 [ 1.6307e-20 2.8532e-14 1.6523e-09 7.4940e-08 ] 1.0000e+00
 2.346e+01 6.7072e-08 6.7072e-08 [ 1.1301e-20 2.2337e-14 1.4050e-09 6.5667e-08 ] 1.0000e+00
 2.357e+01 5.8705e-08 5.8705e-08 [ 7.8189e-21 1.7469e-14 1.1940e-09 5.7511e-08 ] 1.0000e+00
 2.369e+01 5.1356e-08 5.1356e-08 [ 5.4015e-21 1.3650e-14 1.0141e-09 5.0341e-08 ] 1.0000e+00
 2.380e+01 4.4903e-08 4.4903e-08 [ 3.7257e-21 1.0655e-14 8.6080e-10 4.4043e-08 ] 1.0000e+00
 2.391e+01 3.9242e-08 3.9242e-08 [ 2.5659e-21 8.3090e-15 7.3026e-10 3.8511e-08 ] 1.0000e+00
 2.403e+01 3.4277e-08 3.4277e-08 [ 1.7644e-21 6.4733e-15 6.1916e-10 3.3657e-08 ] 1.0000e+00
 2.414e+01 2.9924e-08 2.9924e-08 [ 1.2113e-21 5.0383e-15 5.2465e-10 2.9400e-08 ] 1.0000e+00
 2.425e+01 2.6112e-08 2.6112e-08 [ 8.3036e-22 3.9176e-15 4.4432e-10 2.5667e-08 ] 1.0000e+00
 2.437e+01 2.2773e-08 2.2773e-08 [ 5.6833e-22 3.0432e-15 3.7607e-10 2.2397e-08 ] 1.0000e+00
 2.448e+01 1.9851e-08 1.9851e-08 [ 3.8839e-22 2.3617e-15 3.1812e-10 1.9533e-08 ] 1.0000e+00
 2.459e+01 1.7296e-08 1.7296e-08 [ 2.6500e-22 1.8310e-15 2.6894e-10 1.7027e-08 ] 1.0000e+00
 2.471e+01 1.5061e-08 1.5061e-08 [ 1.8054e-22 1.4182e-15 2.2724e-10 1.4834e-08 ] 1.0000e+00
 2.482e+01 1.3109e-08 1.3109e-08 [ 1.2281e-22 1.0973e-15 1.9189e-10 1.2917e-08 ] 1.0000e+00
 2.493e+01 1.1404e-08 1.1404e-08 [ 8.3405e-23 8.4826e-16 1.6195e-10 1.1242e-08 ] 1.0000e+00
 2.505e+01 9.9161e-09 9.9161e-09 [ 5.6558e-23 6.5508e-16 1.3660e-10 9.7795e-09 ] 1.0000e+00
 2.516e+01 8.6178e-09 8.6178e-09 [ 3.8294e-23 5.0540e-16 1.1515e-10 8.5027e-09 ] 1.0000e+00
 2.527e+01 7.4857e-09 7.4857e-09 [ 2.5888e-23 3.8953e-16 9.7018e-11 7.3887e-09 ] 1.0000e+00
 2.539e+01 6.4991e-09 6.4991e-09 [ 1.7474e-23 2.9994e-16 8.1691e-11 6.4174e-09 ] 1.0000e+00
 2.550e+01 5.6397e-09 5.6397e-09 [ 1.1776e-23 2.3072e-16 6.8747e-11 5.5710e-09 ] 1.0000e+00
 2.561e+01 4.8915e-09 4.8915e-09 [ 7.9245e-24 1.7730e-16 5.7820e-11 4.8337e-09 ] 1.0000e+00
 2.573e+01 4.2405e-09 4.2405e-09 [ 5.3242e-24 1.3612e-16 4.8602e-11 4.1919e-09 ] 1.0000e+00
 2.584e+01 3.6742e-09 3.6742e-09 [ 3.5717e-24 1.0440e-16 4.0831e-11 3.6334e-09 ] 1.0000e+00
 2.595e+01 3.1820e-09 3.1820e-09 [ 2.3923e-24 7.9990e-17 3.4282e-11 3.1477e-09 ] 1.0000e+00
 2.607e+01 2.7544e-09 2.7544e-09 [ 1.5999e-24 6.1229e-17 2.8767e-11 2.7256e-09 ] 1.0000e+00
 2.618e+01 2.3830e-09 2.3830e-09 [ 1.0684e-24 4.6821e-17 2.4126e-11 2.3589e-09 ] 1.0000e+00
 2.629e+01 2.0607e-09 2.0607e-09 [ 7.1231e-25 3.5768e-17 2.0221e-11 2.0405e-09 ] 1.0000e+00
 2.641e+01 1.7811e-09 1.7811e-09 [ 4.7418e-25 2.7298e-17 1.6939e-11 1.7642e-09 ] 1.0000e+00
 2.652e+01 1.5387e-09 1.5387e-09 [ 3.1518e-25 2.0813e-17 1.4182e-11 1.5245e-09 ] 1.0000e+00
 2.663e+01 1.3286e-09 1.3286e-09 [ 2.0917e-25 1.5852e-17 1.1866e-11 1.3168e-09 ] 1.0000e+00
 2.675e+01 1.1467e-09 1.1467e-09 [ 1.3861e-25 1.2062e-17 9.9231e-12 1.1367e-09 ] 1.0000e+00
 2.686e+01 9.8912e-10 9.8912e-10 [ 9.1708e-26 9.1693e-18 8.2935e-12 9.8083e-10 ] 1.0000e+00
 2.697e+01 8.5281e-10 8.5281e-10 [ 6.0584e-26 6.9633e-18 6.9275e-12 8.4589e-10 ] 1.0000e+00
 2.709e+01 7.3493e-10 7.3493e-10 [ 3.9962e-26 5.2827e-18 5.7831e-12 7.2914e-10 ] 1.0000e+00
 2.720e+01 6.3303e-10 6.3303e-10 [ 2.6319e-26 4.0038e-18 4.8251e-12 6.2820e-10 ] 1.0000e+00
 2.731e+01 5.4499e-10 5.4499e-10 [ 1.7307e-26 3.0314e-18 4.0234e-12 5.4096e-10 ] 1.0000e+00
 2.743e+01 4.6896e-10 4.6896e-10 [ 1.1364e-26 2.2930e-18 3.3530e-12 4.6561e-10 ] 1.0000e+00
 2.754e+01 4.0334e-10 4.0334e-10 [ 7.4500e-27 1.7327e-18 2.7927e-12 4.0055e-10 ] 1.0000e+00
 2.765e+01 3.4674e-10 3.4674e-10 [ 4.8767e-27 1.3080e-18 2.3247e-12 3.4441e-10 ] 1.0000e+00
 2.777e+01 2.9793e-10 2.9793e-10 [ 3.1874e-27 9.8639e-19 1.9340e-12 2.9600e-10 ] 1.0000e+00
 2.788e+01 2.5587e-10 2.5587e-10 [ 2.0801e-27 7.4313e-19 1.6081e-12 2.5426e-10 ] 1.0000e+00
 2.799e+01 2.1964e-10 2.1964e-10 [ 1.3554e-27 5.5930e-19 1.3363e-12 2.1830e-10 ] 1.0000e+00
 2.811e+01 1.8844e-10 1.8844e-10 [ 8.8186e-28 4.2053e-19 1.1098e-12 1.8733e-10 ] 1.0000e+00
 2.822e+01 1.6160e-10 1.6160e-10 [ 5.7289e-28 3.1588e-19 9.2116e-13 1.6068e-10 ] 1.0000e+00
 2.833e+01 1.3852e-10 1.3852e-10 [ 3.7160e-28 2.3703e-19 7.6414e-13 1.3775e-10 ] 1.0000e+00
 2.845e+01 1.1867e-10 1.1867e-10 [ 2.4067e-28 1.7768e-19 6.3353e-13 1.1804e-10 ] 1.0000e+00
 2.856e+01 1.0162e-10 1.0162e-10 [ 1.5564e-28 1.3307e-19 5.2494e-13 1.0110e-10 ] 1.0000e+00
 2.867e+01 8.6977e-11 8.6977e-11 [ 1.0050e-28 9.9551e-20 4.3471e-13 8.6543e-11 ] 1.0000e+00
 2.879e+01 7.4408e-11 7.4408e-11 [ 6.4793e-29 7.4403e-20 3.5978e-13 7.4048e-11 ] 1.0000e+00
 2.890e+01 6.3624e-11 6.3624e-11 [ 4.1711e-29 5.5552e-20 2.9760e-13 6.3327e-11 ] 1.0000e+00
 2.901e+01 5.4377e-11 5.4377e-11 [ 2.6811e-29 4.1436e-20 2.4602e-13 5.4131e-11 ] 1.0000e+00
 2.913e+01 4.6451e-11 4.6451e-11 [ 1.7208e-29 3.0876e-20 2.0326e-13 4.6248e-11 ] 1.0000e+00
 2.924e+01 3.9662e-11 3.9662e-11 [ 1.1027e-29 2.2984e-20 1.6784e-13 3.9494e-11 ] 1.0000e+00
 2.935e+01 3.3848e-11 3.3848e-11 [ 7.0562e-30 1.7092e-20 1.3851e-13 3.3710e-11 ] 1.0000e+00
 2.947e+01 2.8873e-11 2.8873e-11 [ 4.5083e-30 1.2698e-20 1.1424e-13 2.8759e-11 ] 1.0000e+00
 2.958e+01 2.4617e-11 2.4617e-11 [ 2.8761e-30 9.4240e-21 9.4167e-14 2.4523e-11 ] 1.0000e+00
 2.969e+01 2.0978e-11 2.0978e-11 [ 1.8321e-30 6.9872e-21 7.7576e-14 2.0901e-11 ] 1.0000e+00
 2.981e+01 1.7869e-11 1.7869e-11 [ 1.1653e-30 5.1752e-21 6.3871e-14 1.7805e-11 ] 1.0000e+00
 2.992e+01 1.5213e-11 1.5213e-11 [ 7.4005e-31 3.8293e-21 5.2557e-14 1.5161e-11 ] 1.0000e+00
 3.003e+01 1.2946e-11 1.2946e-11 [ 4.6929e-31 2.8306e-21 4.3222e-14 1.2903e-11 ] 1.0000e+00
 3.015e+01 1.1011e-11 1.1011e-11 [ 2.9715e-31 2.0903e-21 3.5524e-14 1.0976e-11 ] 1.0000e+00
 3.026e+01 9.3610e-12 9.3610e-12 [ 1.8787e-31 1.5420e-21 2.9180e-14 9.3318e-12 ] 1.0000e+00
 3.037e+01 7.9544e-12 7.9544e-12 [ 1.1860e-31 1.1364e-21 2.3956e-14 7.9304e-12 ] 1.0000e+00
 3.049e+01 6.7559e-12 6.7559e-12 [ 7.4762e-32 8.3666e-22 1.9655e-14 6.7363e-12 ] 1.0000e+00
 3.060e+01 5.7353e-12 5.7353e-12 [ 4.7056e-32 6.1536e-22 1.6117e-14 5.7191e-12 ] 1.0000e+00
 3.071e+01 4.8665e-12 4.8665e-12 [ 2.9574e-32 4.5213e-22 1.3208e-14 4.8533e-12 ] 1.0000e+00
 3.083e+01 4.1273e-12 4.1273e-12 [ 1.8559e-32 3.3187e-22 1.0818e-14 4.1165e-12 ] 1.0000e+00
 3.094e+01 3.4988e-12 3.4988e-12 [ 1.1629e-32 2.4335e-22 8.8548e-15 3.4899e-12 ] 1.0000e+00
 3.105e+01 2.9645e-12 2.9645e-12 [ 7.2761e-33 1.7827e-22 7.2439e-15 2.9573e-12 ] 1.0000e+00
 3.117e+01 2.5106e-12 2.5106e-12 [ 4.5458e-33 1.3046e-22 5.9225e-15 2.5047e-12 ] 1.0000e+00
 3.128e+01 2.1252e-12 2.1252e-12 [ 2.8358e-33 9.5372e-23 4.8394e-15 2.1204e-12 ] 1.0000e+00
 3.139e+01 1.7982e-12 1.7982e-12 [ 1.7664e-33 6.9653e-23 3.9520e-15 1.7942e-12 ] 1.0000e+00
 3.151e+01 1.5207e-12 1.5207e-12 [ 1.0987e-33 5.0819e-23 3.2255e-15 1.5174e-12 ] 1.0000e+00
 3.162e+01 1.2854e-12 1.2854e-12 [ 6.8234e-34 3.7040e-23 2.6310e-15 1.2828e-12 ] 1.0000e+00
 3.173e+01 1.0860e-12 1.0860e-12 [ 4.2315e-34 2.6970e-23 2.1448e-15 1.0839e-12 ] 1.0000e+00
 3.185e+01 9.1712e-13 9.1712e-13 [ 2.6203e-34 1.9618e-23 1.7474e-15 9.1537e-13 ] 1.0000e+00
 3.196e+01 7.7412e-13 7.7412e-13 [ 1.6202e-34 1.4256e-23 1.4228e-15 7.7269e-13 ] 1.0000e+00
 3.207e+01 6.5310e-13 6.5310e-13 [ 1.0003e-34 1.0349e-23 1.1578e-15 6.5195e-13 ] 1.0000e+00
 3.219e+01 5.5075e-13 5.5075e-13 [ 6.1669e-35 7.5049e-24 9.4162e-16 5.4980e-13 ] 1.0000e+00
 3.230e+01 4.6421e-13 4.6421e-13 [ 3.7963e-35 5.4371e-24 7.6535e-16 4.6344e-13 ] 1.0000e+00
 3.241e+01 3.9108e-13 3.9108e-13 [ 2.3336e-35 3.9351e-24 6.2171e-16 3.9046e-13 ] 1.0000e+00
 3.253e+01 3.2932e-13 3.2932e-13 [ 1.4323e-35 2.8452e-24 5.0473e-16 3.2882e-13 ] 1.0000e+00
 3.264e+01 2.7718e-13 2.7718e-13 [ 8.7788e-36 2.0550e-24 4.0952e-16 2.7677e-13 ] 1.0000e+00
 3.275e+01 2.3318e-13 2.3318e-13 [ 5.3726e-36 1.4828e-24 3.3207e-16 2.3285e-13 ] 1.0000e+00
 3.287e+01 1.9608e-13 1.9608e-13 [ 3.2833e-36 1.0689e-24 2.6911e-16 1.9581e-13 ] 1.0000e+00
 3.298e+01 1.6480e-13 1.6480e-13 [ 2.0035e-36 7.6972e-25 2.1796e-16 1.6458e-13 ] 1.0000e+00
 3.309e+01 1.3844e-13 1.3844e-13 [ 1.2208e-36 5.5373e-25 1.7642e-16 1.3827e-13 ] 1.0000e+00
 3.321e+01 1.1625e-13 1.1625e-13 [ 7.4278e-37 3.9795e-25 1.4272e-16 1.1610e-13 ] 1.0000e+00
 3.332e+01 9.7564e-14 9.7564e-14 [ 4.5128e-37 2.8570e-25 1.1538e-16 9.7448e-14 ] 1.0000e+00
 3.343e+01 8.1844e-14 8.1844e-14 [ 2.7378e-37 2.0491e-25 9.3230e-17 8.1751e-14 ] 1.0000e+00
 3.355e+01 6.8625e-14 6.8625e-14 [ 1.6586e-37 1.4682e-25 7.5285e-17 6.8550e-14 ] 1.0000e+00
 3.366e+01 5.7513e-14 5.7513e-14 [ 1.0033e-37 1.0509e-25 6.0757e-17 5.7453e-14 ] 1.0000e+00
 3.377e+01 4.8178e-14 4.8178e-14 [ 6.0604e-38 7.5146e-26 4.9004e-17 4.8129e-14 ] 1.0000e+00
 3.389e+01 4.0339e-14 4.0339e-14 [ 3.6555e-38 5.3680e-26 3.9501e-17 4.0299e-14 ] 1.0000e+00
 3.400e+01 3.3759e-14 3.3759e-14 [ 2.2017e-38 3.8307e-26 3.1822e-17 3.3727e-14 ] 1.0000e+00
 3.411e+01 2.8239e-14 2.8239e-14 [ 1.3242e-38 2.7309e-26 2.5620e-17 2.8214e-14 ] 1.0000e+00
 3.423e+01 2.3611e-14 2.3611e-14 [ 7.9527e-39 1.9449e-26 2.0614e-17 2.3590e-14 ] 1.0000e+00
 3.434e+01 1.9732e-14 1.9732e-14 [ 4.7693e-39 1.3838e-26 1.6577e-17 1.9715e-14 ] 1.0000e+00
 3.445e+01 1.6482e-14 1.6482e-14 [ 2.8561e-39 9.8352e-27 1.3322e-17 1.6469e-14 ] 1.0000e+00
 3.457e+01 1.3761e-14 1.3761e-14 [ 1.7079e-39 6.9834e-27 1.0700e-17 1.3750e-14 ] 1.0000e+00
 3.468e+01 1.1484e-14 1.1484e-14 [ 1.0198e-39 4.9536e-27 8.5892e-18 1.1475e-14 ] 1.0000e+00
 3.479e+01 9.5786e-15 9.5786e-15 [ 6.0811e-40 3.5102e-27 6.8904e-18 9.5717e-15 ] 1.0000e+00
 3.491e+01 7.9859e-15 7.9859e-15 [ 3.6209e-40 2.4849e-27 5.5243e-18 7.9804e-15 ] 1.0000e+00
 3.502e+01 6.6548e-15 6.6548e-15 [ 2.1529e-40 1.7573e-27 4.4264e-18 6.6504e-15 ] 1.0000e+00
 3.513e+01 5.5430e-15 5.5430e-15 [ 1.2782e-40 1.2415e-27 3.5446e-18 5.5394e-15 ] 1.0000e+00
 3.525e+01 4.6147e-15 4.6147e-15 [ 7.5786e-41 8.7621e-28 2.8367e-18 4.6119e-15 ] 1.0000e+00
 3.536e+01 3.8401e-15 3.8401e-15 [ 4.4869e-41 6.1778e-28 2.2688e-18 3.8378e-15 ] 1.0000e+00
 3.547e+01 3.1939e-15 3.1939e-15 [ 2.6527e-41 4.3514e-28 1.8135e-18 3.1921e-15 ] 1.0000e+00
 3.559e+01 2.6553e-15 2.6553e-15 [ 1.5660e-41 3.0619e-28 1.4487e-18 2.6538e-15 ] 1.0000e+00
 3.570e+01 2.2064e-15 2.2064e-15 [ 9.2324e-42 2.1523e-28 1.1566e-18 2.2052e-15 ] 1.0000e+00
 3.581e+01 1.8325e-15 1.8325e-15 [ 5.4351e-42 1.5114e-28 9.2285e-19 1.8316e-15 ] 1.0000e+00
 3.593e+01 1.5213e-15 1.5213e-15 [ 3.1951e-42 1.0603e-28 7.3588e-19 1.5206e-15 ] 1.0000e+00
 3.604e+01 1.2623e-15 1.2623e-15 [ 1.8757e-42 7.4311e-29 5.8644e-19 1.2617e-15 ] 1.0000e+00
 3.615e+01 1.0469e-15 1.0469e-15 [ 1.0996e-42 5.2027e-29 4.6706e-19 1.0465e-15 ] 1.0000e+00
 3.627e+01 8.6789e-16 8.6789e-16 [ 6.4367e-43 3.6389e-29 3.7176e-19 8.6752e-16 ] 1.0000e+00
 3.638e+01 7.1912e-16 7.1912e-16 [ 3.7627e-43 2.5426e-29 2.9573e-19 7.1883e-16 ] 1.0000e+00
 3.649e+01 5.9557e-16 5.9557e-16 [ 2.1965e-43 1.7748e-29 2.3510e-19 5.9533e-16 ] 1.0000e+00
 3.661e+01 4.9301e-16 4.9301e-16 [ 1.2804e-43 1.2376e-29 1.8679e-19 4.9282e-16 ] 1.0000e+00
 3.672e+01 4.0792e-16 4.0792e-16 [ 7.4536e-44 8.6216e-30 1.4831e-19 4.0777e-16 ] 1.0000e+00
 3.683e+01 3.3735e-16 3.3735e-16 [ 4.3328e-44 6.0000e-30 1.1769e-19 3.3723e-16 ] 1.0000e+00
 3.695e+01 2.7886e-16 2.7886e-16 [ 2.5152e-44 4.1714e-30 9.3339e-20 2.7876e-16 ] 1.0000e+00
 3.706e+01 2.3040e-16 2.3040e-16 [ 1.4581e-44 2.8972e-30 7.3979e-20 2.3032e-16 ] 1.0000e+00
 3.717e+01 1.9027e-16 1.9027e-16 [ 8.4405e-45 2.0102e-30 5.8598e-20 1.9021e-16 ] 1.0000e+00
 3.729e+01 1.5705e-16 1.5705e-16 [ 4.8793e-45 1.3934e-30 4.6387e-20 1.5701e-16 ] 1.0000e+00
 3.740e+01 1.2957e-16 1.2957e-16 [ 2.8167e-45 9.6484e-31 3.6699e-20 1.2954e-16 ] 1.0000e+00
 3.751e+01 1.0685e-16 1.0685e-16 [ 1.6238e-45 6.6744e-31 2.9016e-20 1.0682e-16 ] 1.0000e+00
 3.763e+01 8.8073e-17 8.8073e-17 [ 9.3481e-46 4.6125e-31 2.2927e-20 8.8050e-17 ] 1.0000e+00
 3.774e+01 7.2560e-17 7.2560e-17 [ 5.3742e-46 3.1844e-31 1.8106e-20 7.2541e-17 ] 1.0000e+00
 3.785e+01 5.9750e-17 5.9750e-17 [ 3.0853e-46 2.1962e-31 1.4289e-20 5.9736e-17 ] 1.0000e+00
 3.797e+01 4.9178e-17 4.9178e-17 [ 1.7689e-46 1.5132e-31 1.1270e-20 4.9167e-17 ] 1.0000e+00
 3.808e+01 4.0458e-17 4.0458e-17 [ 1.0127e-46 1.0416e-31 8.8835e-21 4.0449e-17 ] 1.0000e+00
 3.819e+01 3.3268e-17 3.3268e-17 [ 5.7902e-47 7.1620e-32 6.9981e-21 3.3261e-17 ] 1.0000e+00
 3.831e+01 2.7342e-17 2.7342e-17 [ 3.3060e-47 4.9199e-32 5.5094e-21 2.7337e-17 ] 1.0000e+00
 3.842e+01 2.2462e-17 2.2462e-17 [ 1.8850e-47 3.3763e-32 4.3348e-21 2.2457e-17 ] 1.0000e+00
 3.853e+01 1.8443e-17 1.8443e-17 [ 1.0733e-47 2.3147e-32 3.4085e-21 1.8440e-17 ] 1.0000e+00
 3.865e+01 1.5136e-17 1.5136e-17 [ 6.1032e-48 1.5853e-32 2.6785e-21 1.5134e-17 ] 1.0000e+00
 3.876e+01 1.2417e-17 1.2417e-17 [ 3.4657e-48 1.0847e-32 2.1036e-21 1.2415e-17 ] 1.0000e+00
 3.887e+01 1.0181e-17 1.0181e-17 [ 1.9654e-48 7.4141e-33 1.6510e-21 1.0179e-17 ] 1.0000e+00
 3.899e+01 8.3433e-18 8.3433e-18 [ 1.1130e-48 5.0627e-33 1.2951e-21 8.3420e-18 ] 1.0000e+00
 3.910e+01 6.8343e-18 6.8343e-18 [ 6.2946e-49 3.4536e-33 1.0152e-21 6.8333e-18 ] 1.0000e+00
 3.921e+01 5.5955e-18 5.5955e-18 [ 3.5551e-49 2.3536e-33 7.9533e-22 5.5947e-18 ] 1.0000e+00
 3.933e+01 4.5791e-18 4.5791e-18 [ 2.0051e-49 1.6023e-33 6.2270e-22 4.5785e-18 ] 1.0000e+00
 3.944e+01 3.7455e-18 3.7455e-18 [ 1.1294e-49 1.0898e-33 4.8724e-22 3.7450e-18 ] 1.0000e+00
 3.955e+01 3.0622e-18 3.0622e-18 [ 6.3530e-50 7.4046e-34 3.8101e-22 3.0618e-18 ] 1.0000e+00
 3.967e+01 2.5023e-18 2.5023e-18 [ 3.5688e-50 5.0261e-34 2.9776e-22 2.5020e-18 ] 1.0000e+00
 3.978e+01 2.0438e-18 2.0438e-18 [ 2.0021e-50 3.4082e-34 2.3256e-22 2.0436e-18 ] 1.0000e+00
 3.989e+01 1.6685e-18 1.6685e-18 [ 1.1216e-50 2.3088e-34 1.8152e-22 1.6683e-18 ] 1.0000e+00
 4.001e+01 1.3615e-18 1.3615e-18 [ 6.2755e-51 1.5625e-34 1.4160e-22 1.3614e-18 ] 1.0000e+00
 4.012e+01 1.1104e-18 1.1104e-18 [ 3.5064e-51 1.0564e-34 1.1039e-22 1.1103e-18 ] 1.0000e+00
 4.023e+01 9.0522e-19 9.0522e-19 [ 1.9566e-51 7.1351e-35 8.6001e-23 9.0514e-19 ] 1.0000e+00
 4.035e+01 7.3758e-19 7.3758e-19 [ 1.0903e-51 4.8144e-35 6.6962e-23 7.3752e-19 ] 1.0000e+00
 4.046e+01 6.0070e-19 6.0070e-19 [ 6.0680e-52 3.2453e-35 5.2105e-23 6.0065e-19 ] 1.0000e+00
 4.057e+01 4.8898e-19 4.8898e-19 [ 3.3725e-52 2.1854e-35 4.0520e-23 4.8894e-19 ] 1.0000e+00
 4.069e+01 3.9785e-19 3.9785e-19 [ 1.8719e-52 1.4702e-35 3.1491e-23 3.9782e-19 ] 1.0000e+00
 4.080e+01 3.2354e-19 3.2354e-19 [ 1.0376e-52 9.8812e-36 2.4459e-23 3.2352e-19 ] 1.0000e+00
 4.091e+01 2.6299e-19 2.6299e-19 [ 5.7440e-53 6.6344e-36 1.8985e-23 2.6297e-19 ] 1.0000e+00
 4.103e+01 2.1367e-19 2.1367e-19 [ 3.1756e-53 4.4500e-36 1.4728e-23 2.1365e-19 ] 1.0000e+00
 4.114e+01 1.7351e-19 1.7351e-19 [ 1.7533e-53 2.9819e-36 1.1418e-23 1.7350e-19 ] 1.0000e+00
 4.125e+01 1.4083e-19 1.4083e-19 [ 9.6680e-54 1.9962e-36 8.8462e-24 1.4082e-19 ] 1.0000e+00
 4.137e+01 1.1425e-19 1.1425e-19 [ 5.3240e-54 1.3350e-36 6.8496e-24 1.1424e-19 ] 1.0000e+00
 4.148e+01 9.2644e-20 9.2644e-20 [ 2.9280e-54 8.9190e-37 5.3003e-24 9.2638e-20 ] 1.0000e+00
 4.159e+01 7.5086e-20 7.5086e-20 [ 1.6082e-54 5.9529e-37 4.0990e-24 7.5082e-20 ] 1.0000e+00
 4.171e+01 6.0827e-20 6.0827e-20 [ 8.8212e-55 3.9693e-37 3.1679e-24 6.0823e-20 ] 1.0000e+00
 4.182e+01 4.9251e-20 4.9251e-20 [ 4.8324e-55 2.6441e-37 2.4468e-24 4.9249e-20 ] 1.0000e+00
 4.193e+01 3.9859e-20 3.9859e-20 [ 2.6438e-55 1.7596e-37 1.8887e-24 3.9857e-20 ] 1.0000e+00
 4.205e+01 3.2242e-20 3.2242e-20 [ 1.4445e-55 1.1698e-37 1.4570e-24 3.2241e-20 ] 1.0000e+00
 4.216e+01 2.6068e-20 2.6068e-20 [ 7.8827e-56 7.7694e-38 1.1233e-24 2.6067e-20 ] 1.0000e+00
 4.227e+01 2.1067e-20 2.1067e-20 [ 4.2959e-56 5.1551e-38 8.6545e-25 2.1066e-20 ] 1.0000e+00
 4.239e+01 1.7016e-20 1.7016e-20 [ 2.3381e-56 3.4171e-38 6.6639e-25 1.7015e-20 ] 1.0000e+00
 4.250e+01 1.3738e-20 1.3738e-20 [ 1.2710e-56 2.2628e-38 5.1279e-25 1.3737e-20 ] 1.0000e+00
 4.261e+01 1.1086e-20 1.1086e-20 [ 6.8997e-57 1.4970e-38 3.9435e-25 1.1085e-20 ] 1.0000e+00
 4.273e+01 8.9411e-21 8.9411e-21 [ 3.7409e-57 9.8936e-39 3.0308e-25 8.9408e-21 ] 1.0000e+00
 4.284e+01 7.2079e-21 7.2079e-21 [ 2.0256e-57 6.5324e-39 2.3279e-25 7.2077e-21 ] 1.0000e+00
 4.295e+01 5.8079e-21 5.8079e-21 [ 1.0954e-57 4.3088e-39 1.7869e-25 5.8077e-21 ] 1.0000e+00
 4.307e+01 4.6775e-21 4.6775e-21 [ 5.9165e-58 2.8394e-39 1.3708e-25 4.6774e-21 ] 1.0000e+00
 4.318e+01 3.7653e-21 3.7653e-21 [ 3.1915e-58 1.8692e-39 1.0509e-25 3.7652e-21 ] 1.0000e+00
 4.329e+01 3.0295e-21 3.0295e-21 [ 1.7193e-58 1.2293e-39 8.0518e-26 3.0294e-21 ] 1.0000e+00
 4.341e+01 2.4363e-21 2.4363e-21 [ 9.2508e-59 8.0770e-40 6.1652e-26 2.4363e-21 ] 1.0000e+00
 4.352e+01 1.9583e-21 1.9583e-21 [ 4.9710e-59 5.3016e-40 4.7177e-26 1.9583e-21 ] 1.0000e+00
 4.363e+01 1.5733e-21 1.5733e-21 [ 2.6679e-59 3.4765e-40 3.6079e-26 1.5733e-21 ] 1.0000e+00
 4.375e+01 1.2634e-21 1.2634e-21 [ 1.4300e-59 2.2775e-40 2.7574e-26 1.2634e-21 ] 1.0000e+00
 4.386e+01 1.0140e-21 1.0140e-21 [ 7.6551e-60 1.4905e-40 2.1061e-26 1.0140e-21 ] 1.0000e+00
 4.397e+01 8.1348e-22 8.1348e-22 [ 4.0929e-60 9.7454e-41 1.6076e-26 8.1347e-22 ] 1.0000e+00
 4.409e+01 6.5228e-22 6.5228e-22 [ 2.1855e-60 6.3656e-41 1.2263e-26 6.5227e-22 ] 1.0000e+00
 4.420e+01 5.2277e-22 5.2277e-22 [ 1.1656e-60 4.1539e-41 9.3491e-27 5.2276e-22 ] 1.0000e+00
 4.431e+01 4.1876e-22 4.1876e-22 [ 6.2084e-61 2.7080e-41 7.1230e-27 4.1875e-22 ] 1.0000e+00
 4.443e+01 3.3528e-22 3.3528e-22 [ 3.3028e-61 1.7636e-41 5.4235e-27 3.3528e-22 ] 1.0000e+00
 4.454e+01 2.6832e-22 2.6832e-22 [ 1.7548e-61 1.1475e-41 4.1270e-27 2.6831e-22 ] 1.0000e+00
 4.465e+01 2.1462e-22 2.1462e-22 [ 9.3122e-62 7.4589e-42 3.1384e-27 2.1461e-22 ] 1.0000e+00
 4.477e+01 1.7158e-22 1.7158e-22 [ 4.9354e-62 4.8436e-42 2.3852e-27 1.7158e-22 ] 1.0000e+00
 4.488e+01 1.3711e-22 1.3711e-22 [ 2.6125e-62 3.1423e-42 1.8116e-27 1.3711e-22 ] 1.0000e+00
 4.499e+01 1.0951e-22 1.0951e-22 [ 1.3812e-62 2.0366e-42 1.3751e-27 1.0951e-22 ] 1.0000e+00
 4.511e+01 8.7420e-23 8.7420e-23 [ 7.2933e-63 1.3187e-42 1.0431e-27 8.7419e-23 ] 1.0000e+00
 4.522e+01 6.9753e-23 6.9753e-23 [ 3.8464e-63 8.5299e-43 7.9077e-28 6.9753e-23 ] 1.0000e+00
 4.533e+01 5.5629e-23 5.5629e-23 [ 2.0260e-63 5.5123e-43 5.9911e-28 5.5629e-23 ] 1.0000e+00
 4.545e+01 4.4343e-23 4.4343e-23 [ 1.0659e-63 3.5588e-43 4.5361e-28 4.4343e-23 ] 1.0000e+00
 4.556e+01 3.5330e-23 3.5330e-23 [ 5.6006e-64 2.2953e-43 3.4324e-28 3.5329e-23 ] 1.0000e+00
 4.567e+01 2.8134e-23 2.8134e-23 [ 2.9392e-64 1.4790e-43 2.5956e-28 2.8134e-23 ] 1.0000e+00
 4.579e+01 2.2393e-23 2.2393e-23 [ 1.5406e-64 9.5210e-44 1.9616e-28 2.2393e-23 ] 1.0000e+00
 4.590e+01 1.7815e-23 1.7815e-23 [ 8.0654e-65 6.1230e-44 1.4815e-28 1.7815e-23 ] 1.0000e+00
 4.601e+01 1.4166e-23 1.4166e-23 [ 4.2173e-65 3.9340e-44 1.1182e-28 1.4166e-23 ] 1.0000e+00
 4.613e+01 1.1259e-23 1.1259e-23 [ 2.2025e-65 2.5251e-44 8.4351e-29 1.1259e-23 ] 1.0000e+00
 4.624e+01 8.9436e-24 8.9436e-24 [ 1.1489e-65 1.6192e-44 6.3588e-29 8.9435e-24 ] 1.0000e+00
 4.635e+01 7.1010e-24 7.1010e-24 [ 5.9854e-66 1.0373e-44 4.7906e-29 7.1010e-24 ] 1.0000e+00
 4.647e+01 5.6353e-24 5.6353e-24 [ 3.1146e-66 6.6390e-45 3.6069e-29 5.6353e-24 ] 1.0000e+00
 4.658e+01 4.4699e-24 4.4699e-24 [ 1.6187e-66 4.2450e-45 2.7139e-29 4.4699e-24 ] 1.0000e+00
 4.669e+01 3.5438e-24 3.5438e-24 [ 8.4030e-67 2.7116e-45 2.0408e-29 3.5438e-24 ] 1.0000e+00
 4.681e+01 2.8082e-24 2.8082e-24 [ 4.3568e-67 1.7305e-45 1.5336e-29 2.8081e-24 ] 1.0000e+00
 4.692e+01 2.2241e-24 2.2241e-24 [ 2.2562e-67 1.1033e-45 1.1518e-29 2.2241e-24 ] 1.0000e+00
 4.703e+01 1.7607e-24 1.7607e-24 [ 1.1670e-67 7.0271e-46 8.6450e-30 1.7607e-24 ] 1.0000e+00
 4.715e+01 1.3931e-24 1.3931e-24 [ 6.0292e-68 4.4715e-46 6.4845e-30 1.3931e-24 ] 1.0000e+00
 4.726e+01 1.1017e-24 1.1017e-24 [ 3.1112e-68 2.8426e-46 4.8609e-30 1.1017e-24 ] 1.0000e+00
 4.737e+01 8.7088e-25 8.7088e-25 [ 1.6035e-68 1.8054e-46 3.6415e-30 8.7088e-25 ] 1.0000e+00
 4.749e+01 6.8805e-25 6.8805e-25 [ 8.2546e-69 1.1455e-46 2.7264e-30 6.8805e-25 ] 1.0000e+00
 4.760e+01 5.4334e-25 5.4334e-25 [ 4.2443e-69 7.2614e-47 2.0399e-30 5.4333e-25 ] 1.0000e+00
 4.771e+01 4.2885e-25 4.2885e-25 [ 2.1798e-69 4.5985e-47 1.5253e-30 4.2884e-25 ] 1.0000e+00
 4.783e+01 3.3831e-25 3.3831e-25 [ 1.1182e-69 2.9094e-47 1.1398e-30 3.3831e-25 ] 1.0000e+00
 4.794e+01 2.6676e-25 2.6676e-25 [ 5.7290e-70 1.8390e-47 8.5125e-31 2.6676e-25 ] 1.0000e+00
 4.805e+01 2.1023e-25 2.1023e-25 [ 2.9319e-70 1.1612e-47 6.3532e-31 2.1023e-25 ] 1.0000e+00
 4.817e+01 1.6560e-25 1.6560e-25 [ 1.4987e-70 7.3259e-48 4.7387e-31 1.6560e-25 ] 1.0000e+00
 4.828e+01 1.3038e-25 1.3038e-25 [ 7.6518e-71 4.6173e-48 3.5323e-31 1.3038e-25 ] 1.0000e+00
 4.839e+01 1.0260e-25 1.0260e-25 [ 3.9022e-71 2.9074e-48 2.6314e-31 1.0260e-25 ] 1.0000e+00
 4.851e+01 8.0702e-26 8.0702e-26 [ 1.9877e-71 1.8289e-48 1.9590e-31 8.0702e-26 ] 1.0000e+00
 4.862e+01 6.3444e-26 6.3444e-26 [ 1.0113e-71 1.1494e-48 1.4575e-31 6.3444e-26 ] 1.0000e+00
 4.873e+01 4.9852e-26 4.9852e-26 [ 5.1394e-72 7.2168e-49 1.0837e-31 4.9852e-26 ] 1.0000e+00
 4.885e+01 3.9152e-26 3.9152e-26 [ 2.6088e-72 4.5269e-49 8.0530e-32 3.9152e-26 ] 1.0000e+00
 4.896e+01 3.0734e-26 3.0734e-26 [ 1.3227e-72 2.8369e-49 5.9803e-32 3.0733e-26 ] 1.0000e+00
 4.907e+01 2.4113e-26 2.4113e-26 [ 6.6986e-73 1.7761e-49 4.4383e-32 2.4113e-26 ] 1.0000e+00
 4.919e+01 1.8909e-26 1.8909e-26 [ 3.3885e-73 1.1110e-49 3.2918e-32 1.8909e-26 ] 1.0000e+00
 4.930e+01 1.4821e-26 1.4821e-26 [ 1.7121e-73 6.9423e-50 2.4400e-32 1.4821e-26 ] 1.0000e+00
 4.941e+01 1.1611e-26 1.1611e-26 [ 8.6410e-74 4.3341e-50 1.8074e-32 1.1611e-26 ] 1.0000e+00
 4.953e+01 9.0919e-27 9.0919e-27 [ 4.3561e-74 2.7032e-50 1.3380e-32 9.0919e-27 ] 1.0000e+00
 4.964e+01 7.1157e-27 7.1157e-27 [ 2.1935e-74 1.6844e-50 9.8991e-33 7.1157e-27 ] 1.0000e+00
 4.975e+01 5.5662e-27 5.5662e-27 [ 1.1032e-74 1.0486e-50 7.3191e-33 5.5662e-27 ] 1.0000e+00
 4.987e+01 4.3520e-27 4.3520e-27 [ 5.5427e-75 6.5218e-51 5.4081e-33 4.3520e-27 ] 1.0000e+00
 4.998e+01 3.4009e-27 3.4009e-27 [ 2.7815e-75 4.0524e-51 3.9936e-33 3.4009e-27 ] 1.0000e+00
 5.009e+01 2.6564e-27 2.6564e-27 [ 1.3942e-75 2.5156e-51 2.9472e-33 2.6564e-27 ] 1.0000e+00
 5.021e+01 2.0738e-27 2.0738e-27 [ 6.9809e-76 1.5601e-51 2.1736e-33 2.0738e-27 ] 1.0000e+00
 5.032e+01 1.6182e-27 1.6182e-27 [ 3.4913e-76 9.6667e-52 1.6021e-33 1.6182e-27 ] 1.0000e+00
 5.043e+01 1.2620e-27 1.2620e-27 [ 1.7442e-76 5.9839e-52 1.1801e-33 1.2620e-27 ] 1.0000e+00
 5.055e+01 9.8377e-28 9.8377e-28 [ 8.7035e-77 3.7006e-52 8.6871e-34 9.8377e-28 ] 1.0000e+00
 5.066e+01 7.6648e-28 7.6648e-28 [ 4.3382e-77 2.2865e-52 6.3909e-34 7.6648e-28 ] 1.0000e+00
 5.077e+01 5.9689e-28 5.9689e-28 [ 2.1600e-77 1.4114e-52 4.6987e-34 5.9689e-28 ] 1.0000e+00
 5.089e+01 4.6459e-28 4.6459e-28 [ 1.0742e-77 8.7039e-53 3.4524e-34 4.6459e-28 ] 1.0000e+00
 5.100e+01 3.6143e-28 3.6143e-28 [ 5.3366e-78 5.3626e-53 2.5351e-34 3.6143e-28 ] 1.0000e+00
 5.111e+01 2.8104e-28 2.8104e-28 [ 2.6482e-78 3.3009e-53 1.8603e-34 2.8104e-28 ] 1.0000e+00
 5.123e+01 2.1842e-28 2.1842e-28 [ 1.3127e-78 2.0300e-53 1.3643e-34 2.1842e-28 ] 1.0000e+00
 5.134e+01 1.6967e-28 1.6967e-28 [ 6.4994e-79 1.2472e-53 9.9993e-35 1.6967e-28 ] 1.0000e+00
 5.145e+01 1.3173e-28 1.3173e-28 [ 3.2145e-79 7.6554e-54 7.3241e-35 1.3173e-28 ] 1.0000e+00
 5.157e+01 1.0222e-28 1.0222e-28 [ 1.5881e-79 4.6946e-54 5.3612e-35 1.0222e-28 ] 1.0000e+00
 5.168e+01 7.9288e-29 7.9288e-29 [ 7.8374e-80 2.8762e-54 3.9220e-35 7.9288e-29 ] 1.0000e+00
 5.179e+01 6.1467e-29 6.1467e-29 [ 3.8635e-80 1.7605e-54 2.8673e-35 6.1467e-29 ] 1.0000e+00
 5.191e+01 4.7628e-29 4.7628e-29 [ 1.9025e-80 1.0766e-54 2.0949e-35 4.7628e-29 ] 1.0000e+00
 5.202e+01 3.6886e-29 3.6886e-29 [ 9.3580e-81 6.5777e-55 1.5297e-35 3.6886e-29 ] 1.0000e+00
 5.213e+01 2.8553e-29 2.8553e-29 [ 4.5980e-81 4.0150e-55 1.1162e-35 2.8553e-29 ] 1.0000e+00
 5.225e+01 2.2091e-29 2.2091e-29 [ 2.2568e-81 2.4484e-55 8.1401e-36 2.2091e-29 ] 1.0000e+00
 5.236e+01 1.7083e-29 1.7083e-29 [ 1.1065e-81 1.4917e-55 5.9325e-36 1.7083e-29 ] 1.0000e+00
 5.247e+01 1.3204e-29 1.3204e-29 [ 5.4189e-82 9.0800e-56 4.3209e-36 1.3204e-29 ] 1.0000e+00
 5.259e+01 1.0200e-29 1.0200e-29 [ 2.6510e-82 5.5218e-56 3.1451e-36 1.0200e-29 ] 1.0000e+00
 5.270e+01 7.8759e-30 7.8759e-30 [ 1.2955e-82 3.3548e-56 2.2879e-36 7.8759e-30 ] 1.0000e+00
 5.281e+01 6.0783e-30 6.0783e-30 [ 6.3245e-83 2.0364e-56 1.6633e-36 6.0783e-30 ] 1.0000e+00
 5.293e+01 4.6886e-30 4.6886e-30 [ 3.0841e-83 1.2349e-56 1.2084e-36 4.6885e-30 ] 1.0000e+00
 5.304e+01 3.6148e-30 3.6148e-30 [ 1.5023e-83 7.4822e-57 8.7738e-37 3.6148e-30 ] 1.0000e+00
 5.315e+01 2.7855e-30 2.7855e-30 [ 7.3105e-84 4.5291e-57 6.3664e-37 2.7855e-30 ] 1.0000e+00
 5.327e+01 2.1454e-30 2.1454e-30 [ 3.5535e-84 2.7390e-57 4.6167e-37 2.1454e-30 ] 1.0000e+00
 5.338e+01 1.6516e-30 1.6516e-30 [ 1.7255e-84 1.6549e-57 3.3458e-37 1.6516e-30 ] 1.0000e+00
 5.349e+01 1.2708e-30 1.2708e-30 [ 8.3695e-85 9.9899e-58 2.4232e-37 1.2708e-30 ] 1.0000e+00
 5.361e+01 9.7728e-31 9.7728e-31 [ 4.0553e-85 6.0248e-58 1.7539e-37 9.7728e-31 ] 1.0000e+00
 5.372e+01 7.5119e-31 7.5119e-31 [ 1.9629e-85 3.6302e-58 1.2687e-37 7.5119e-31 ] 1.0000e+00
 5.383e+01 5.7712e-31 5.7712e-31 [ 9.4910e-86 2.1853e-58 9.1716e-38 5.7712e-31 ] 1.0000e+00
 5.395e+01 4.4316e-31 4.4316e-31 [ 4.5842e-86 1.3143e-58 6.6260e-38 4.4316e-31 ] 1.0000e+00
 5.406e+01 3.4013e-31 3.4013e-31 [ 2.2119e-86 7.8973e-59 4.7840e-38 3.4013e-31 ] 1.0000e+00
 5.417e+01 2.6092e-31 2.6092e-31 [ 1.0661e-86 4.7410e-59 3.4519e-38 2.6092e-31 ] 1.0000e+00
 5.429e+01 2.0005e-31 2.0005e-31 [ 5.1333e-87 2.8435e-59 2.4891e-38 2.0005e-31 ] 1.0000e+00
 5.440e+01 1.5331e-31 1.5331e-31 [ 2.4691e-87 1.7039e-59 1.7938e-38 1.5331e-31 ] 1.0000e+00
 5.451e+01 1.1743e-31 1.1743e-31 [ 1.1864e-87 1.0201e-59 1.2919e-38 1.1743e-31 ] 1.0000e+00
 5.463e+01 8.9901e-32 8.9901e-32 [ 5.6945e-88 6.1015e-60 9.2983e-39 8.9901e-32 ] 1.0000e+00
 5.474e+01 6.8791e-32 6.8791e-32 [ 2.7305e-88 3.6462e-60 6.6882e-39 6.8791e-32 ] 1.0000e+00
 5.485e+01 5.2612e-32 5.2612e-32 [ 1.3079e-88 2.1769e-60 4.8078e-39 5.2612e-32 ] 1.0000e+00
 5.497e+01 4.0218e-32 4.0218e-32 [ 6.2584e-89 1.2985e-60 3.4539e-39 4.0218e-32 ] 1.0000e+00
 5.508e+01 3.0728e-32 3.0728e-32 [ 2.9916e-89 7.7386e-61 2.4798e-39 3.0728e-32 ] 1.0000e+00
 5.519e+01 2.3465e-32 2.3465e-32 [ 1.4285e-89 4.6077e-61 1.7792e-39 2.3465e-32 ] 1.0000e+00
 5.531e+01 1.7910e-32 1.7910e-32 [ 6.8146e-90 2.7410e-61 1.2758e-39 1.7910e-32 ] 1.0000e+00
 5.542e+01 1.3663e-32 1.3663e-32 [ 3.2475e-90 1.6290e-61 9.1426e-40 1.3663e-32 ] 1.0000e+00
 5.553e+01 1.0418e-32 1.0418e-32 [ 1.5460e-90 9.6731e-62 6.5476e-40 1.0418e-32 ] 1.0000e+00
 5.565e+01 7.9400e-33 7.9400e-33 [ 7.3524e-91 5.7386e-62 4.6862e-40 7.9400e-33 ] 1.0000e+00
 5.576e+01 6.0482e-33 6.0482e-33 [ 3.4931e-91 3.4014e-62 3.3519e-40 6.0482e-33 ] 1.0000e+00
 5.587e+01 4.6048e-33 4.6048e-33 [ 1.6578e-91 2.0142e-62 2.3960e-40 4.6048e-33 ] 1.0000e+00
 5.599e+01 3.5041e-33 3.5041e-33 [ 7.8604e-92 1.1917e-62 1.7117e-40 3.5041e-33 ] 1.0000e+00
 5.610e+01 2.6651e-33 2.6651e-33 [ 3.7231e-92 7.0443e-63 1.2220e-40 2.6651e-33 ] 1.0000e+00
 5.621e+01 2.0260e-33 2.0260e-33 [ 1.7617e-92 4.1602e-63 8.7189e-41 2.0260e-33 ] 1.0000e+00
 5.633e+01 1.5394e-33 1.5394e-33 [ 8.3275e-93 2.4547e-63 6.2170e-41 1.5394e-33 ] 1.0000e+00
 5.644e+01 1.1691e-33 1.1691e-33 [ 3.9325e-93 1.4471e-63 4.4302e-41 1.1691e-33 ] 1.0000e+00
 5.655e+01 8.8740e-34 8.8740e-34 [ 1.8552e-93 8.5230e-64 3.1550e-41 8.8740e-34 ] 1.0000e+00
 5.667e+01 6.7325e-34 6.7325e-34 [ 8.7432e-94 5.0154e-64 2.2454e-41 6.7325e-34 ] 1.0000e+00
 5.678e+01 5.1051e-34 5.1051e-34 [ 4.1165e-94 2.9486e-64 1.5971e-41 5.1051e-34 ] 1.0000e+00
 5.689e+01 3.8692e-34 3.8692e-34 [ 1.9362e-94 1.7320e-64 1.1353e-41 3.8692e-34 ] 1.0000e+00
 5.701e+01 2.9310e-34 2.9310e-34 [ 9.0978e-95 1.0165e-64 8.0648e-42 2.9310e-34 ] 1.0000e+00
 5.712e+01 2.2192e-34 2.2192e-34 [ 4.2707e-95 5.9600e-65 5.7255e-42 2.2192e-34 ] 1.0000e+00
 5.723e+01 1.6794e-34 1.6794e-34 [ 2.0028e-95 3.4915e-65 4.0622e-42 1.6794e-34 ] 1.0000e+00
 5.735e+01 1.2703e-34 1.2703e-34 [ 9.3829e-96 2.0435e-65 2.8804e-42 1.2703e-34 ] 1.0000e+00
 5.746e+01 9.6033e-35 9.6033e-35 [ 4.3915e-96 1.1950e-65 2.0411e-42 9.6033e-35 ] 1.0000e+00
 5.757e+01 7.2564e-35 7.2564e-35 [ 2.0534e-96 6.9818e-66 1.4454e-42 7.2564e-35 ] 1.0000e+00
 5.769e+01 5.4804e-35 5.4804e-35 [ 9.5918e-97 4.0755e-66 1.0230e-42 5.4803e-35 ] 1.0000e+00
 5.780e+01 4.1369e-35 4.1369e-35 [ 4.4762e-97 2.3769e-66 7.2355e-43 4.1369e-35 ] 1.0000e+00
 5.791e+01 3.1212e-35 3.1212e-35 [ 2.0868e-97 1.3850e-66 5.1145e-43 3.1212e-35 ] 1.0000e+00
 5.803e+01 2.3537e-35 2.3537e-35 [ 9.7197e-98 8.0629e-67 3.6130e-43 2.3537e-35 ] 1.0000e+00
 5.814e+01 1.7740e-35 1.7740e-35 [ 4.5227e-98 4.6898e-67 2.5507e-43 1.7740e-35 ] 1.0000e+00
 5.825e+01 1.3364e-35 1.3364e-35 [ 2.1024e-98 2.7254e-67 1.7996e-43 1.3364e-35 ] 1.0000e+00
 5.837e+01 1.0063e-35 1.0063e-35 [ 9.7638e-99 1.5825e-67 1.2689e-43 1.0063e-35 ] 1.0000e+00
 5.848e+01 7.5730e-36 7.5730e-36 [ 4.5301e-99 9.1799e-68 8.9414e-44 7.5730e-36 ] 1.0000e+00
 5.859e+01 5.6964e-36 5.6964e-36 [ 2.0998e-99 5.3207e-68 6.2967e-44 5.6964e-36 ] 1.0000e+00
 5.871e+01 4.2827e-36 4.2827e-36 [ 9.7236e-100 3.0811e-68 4.4316e-44 4.2827e-36 ] 1.0000e+00
 5.882e+01 3.2182e-36 3.2182e-36 [ 4.4984e-100 1.7826e-68 3.1169e-44 3.2182e-36 ] 1.0000e+00
 5.893e+01 2.4171e-36 2.4171e-36 [ 2.0792e-100 1.0305e-68 2.1909e-44 2.4171e-36 ] 1.0000e+00
 5.905e+01 1.8144e-36 1.8144e-36 [ 9.6006e-101 5.9515e-69 1.5391e-44 1.8144e-36 ] 1.0000e+00
 5.916e+01 1.3614e-36 1.3614e-36 [ 4.4289e-101 3.4343e-69 1.0805e-44 1.3614e-36 ] 1.0000e+00
 5.927e+01 1.0209e-36 1.0209e-36 [ 2.0412e-101 1.9800e-69 7.5809e-45 1.0209e-36 ] 1.0000e+00
 5.939e+01 7.6524e-37 7.6524e-37 [ 9.3985e-102 1.1405e-69 5.3155e-45 7.6524e-37 ] 1.0000e+00
 5.950e+01 5.7330e-37 5.7330e-37 [ 4.3234e-102 6.5639e-70 3.7248e-45 5.7330e-37 ] 1.0000e+00
 5.961e+01 4.2928e-37 4.2928e-37 [ 1.9870e-102 3.7744e-70 2.6085e-45 4.2928e-37 ] 1.0000e+00
 5.973e+01 3.2128e-37 3.2128e-37 [ 9.1231e-103 2.1684e-70 1.8256e-45 3.2128e-37 ] 1.0000e+00
 5.984e+01 2.4033e-37 2.4033e-37 [ 4.1849e-103 1.2447e-70 1.2769e-45 2.4033e-37 ] 1.0000e+00
 5.995e+01 1.7969e-37 1.7969e-37 [ 1.9179e-103 7.1384e-71 8.9253e-46 1.7969e-37 ] 1.0000e+00
 6.007e+01 1.3428e-37 1.3428e-37 [ 8.7814e-104 4.0904e-71 6.2349e-46 1.3428e-37 ] 1.0000e+00
 6.018e+01 1.0029e-37 1.0029e-37 [ 4.0170e-104 2.3418e-71 4.3528e-46 1.0029e-37 ] 1.0000e+00
 6.029e+01 7.4872e-38 7.4872e-38 [ 1.8358e-104 1.3395e-71 3.0370e-46 7.4872e-38 ] 1.0000e+00
 6.041e+01 5.5866e-38 5.5866e-38 [ 8.3822e-105 7.6554e-72 2.1176e-46 5.5866e-38 ] 1.0000e+00
 6.052e+01 4.1664e-38 4.1664e-38 [ 3.8237e-105 4.3713e-72 1.4756e-46 4.1664e-38 ] 1.0000e+00
 6.063e+01 3.1056e-38 3.1056e-38 [ 1.7427e-105 2.4939e-72 1.0276e-46 3.1056e-38 ] 1.0000e+00
 6.075e+01 2.3138e-38 2.3138e-38 [ 7.9349e-106 1.4216e-72 7.1521e-47 2.3138e-38 ] 1.0000e+00
 6.086e+01 1.7230e-38 1.7230e-38 [ 3.6097e-106 8.0962e-73 4.9746e-47 1.7230e-38 ] 1.0000e+00
 6.097e+01 1.2824e-38 1.2824e-38 [ 1.6406e-106 4.6070e-73 3.4579e-47 1.2824e-38 ] 1.0000e+00
 6.109e+01 9.5395e-39 9.5395e-39 [ 7.4497e-107 2.6193e-73 2.4022e-47 9.5395e-39 ] 1.0000e+00
 6.120e+01 7.0928e-39 7.0928e-39 [ 3.3797e-107 1.4879e-73 1.6677e-47 7.0928e-39 ] 1.0000e+00
 6.131e+01 5.2711e-39 5.2711e-39 [ 1.5319e-107 8.4445e-74 1.1571e-47 5.2711e-39 ] 1.0000e+00
 6.143e+01 3.9152e-39 3.9152e-39 [ 6.9372e-108 4.7886e-74 8.0235e-48 3.9152e-39 ] 1.0000e+00
 6.154e+01 2.9067e-39 2.9067e-39 [ 3.1387e-108 2.7131e-74 5.5601e-48 2.9067e-39 ] 1.0000e+00
 6.165e+01 2.1568e-39 2.1568e-39 [ 1.4188e-108 1.5358e-74 3.8506e-48 2.1568e-39 ] 1.0000e+00
 6.177e+01 1.5996e-39 1.5996e-39 [ 6.4076e-109 8.6868e-75 2.6650e-48 1.5996e-39 ] 1.0000e+00
 6.188e+01 1.1858e-39 1.1858e-39 [ 2.8913e-109 4.9090e-75 1.8434e-48 1.1858e-39 ] 1.0000e+00
 6.199e+01 8.7854e-40 8.7854e-40 [ 1.3034e-109 2.7718e-75 1.2743e-48 8.7854e-40 ] 1.0000e+00
 6.211e+01 6.5059e-40 6.5059e-40 [ 5.8709e-110 1.5637e-75 8.8031e-49 6.5059e-40 ] 1.0000e+00
 6.222e+01 4.8154e-40 4.8154e-40 [ 2.6420e-110 8.8139e-76 6.0777e-49 4.8154e-40 ] 1.0000e+00
 6.233e+01 3.5624e-40 3.5624e-40 [ 1.1879e-110 4.9638e-76 4.1935e-49 3.5624e-40 ] 1.0000e+00
 6.245e+01 2.6341e-40 2.6341e-40 [ 5.3361e-111 2.7931e-76 2.8917e-49 2.6341e-40 ] 1.0000e+00
 6.256e+01 1.9467e-40 1.9467e-40 [ 2.3949e-111 1.5703e-76 1.9928e-49 1.9467e-40 ] 1.0000e+00
 6.267e+01 1.4380e-40 1.4380e-40 [ 1.0739e-111 8.8212e-77 1.3724e-49 1.4380e-40 ] 1.0000e+00
 6.279e+01 1.0616e-40 1.0616e-40 [ 4.8116e-112 4.9510e-77 9.4462e-50 1.0616e-40 ] 1.0000e+00
 6.290e+01 7.8341e-41 7.8341e-41 [ 2.1538e-112 2.7764e-77 6.4977e-50 7.8341e-41 ] 1.0000e+00
 6.301e+01 5.7781e-41 5.7781e-41 [ 9.6328e-113 1.5556e-77 4.4667e-50 5.7781e-41 ] 1.0000e+00
 6.313e+01 4.2595e-41 4.2595e-41 [ 4.3044e-113 8.7088e-78 3.0687e-50 4.2595e-41 ] 1.0000e+00
 6.324e+01 3.1384e-41 3.1384e-41 [ 1.9217e-113 4.8713e-78 2.1070e-50 3.1384e-41 ] 1.0000e+00
 6.335e+01 2.3113e-41 2.3113e-41 [ 8.5724e-114 2.7224e-78 1.4457e-50 2.3113e-41 ] 1.0000e+00
 6.347e+01 1.7013e-41 1.7013e-41 [ 3.8206e-114 1.5202e-78 9.9140e-51 1.7013e-41 ] 1.0000e+00
 6.358e+01 1.2516e-41 1.2516e-41 [ 1.7013e-114 8.4818e-79 6.7943e-51 1.2516e-41 ] 1.0000e+00
 6.369e+01 9.2034e-42 9.2034e-42 [ 7.5693e-115 4.7282e-79 4.6535e-51 9.2034e-42 ] 1.0000e+00
 6.381e+01 6.7641e-42 6.7641e-42 [ 3.3648e-115 2.6336e-79 3.1852e-51 6.7641e-42 ] 1.0000e+00
 6.392e+01 4.9688e-42 4.9688e-42 [ 1.4945e-115 1.4656e-79 2.1789e-51 4.9688e-42 ] 1.0000e+00
 6.403e+01 3.6482e-42 3.6482e-42 [ 6.6320e-116 8.1497e-80 1.4896e-51 3.6482e-42 ] 1.0000e+00
 6.415e+01 2.6772e-42 2.6772e-42 [ 2.9405e-116 4.5278e-80 1.0177e-51 2.6772e-42 ] 1.0000e+00
 6.426e+01 1.9637e-42 1.9637e-42 [ 1.3027e-116 2.5134e-80 6.9490e-52 1.9637e-42 ] 1.0000e+00
 6.437e+01 1.4396e-42 1.4396e-42 [ 5.7661e-117 1.3941e-80 4.7419e-52 1.4396e-42 ] 1.0000e+00
 6.449e+01 1.0548e-42 1.0548e-42 [ 2.5501e-117 7.7258e-81 3.2338e-52 1.0548e-42 ] 1.0000e+00
 6.460e+01 7.7253e-43 7.7253e-43 [ 1.1268e-117 4.2779e-81 2.2040e-52 7.7253e-43 ] 1.0000e+00
 6.471e+01 5.6549e-43 5.6549e-43 [ 4.9750e-118 2.3668e-81 1.5012e-52 5.6549e-43 ] 1.0000e+00
 6.483e+01 4.1373e-43 4.1373e-43 [ 2.1947e-118 1.3083e-81 1.0219e-52 4.1373e-43 ] 1.0000e+00
 6.494e+01 3.0255e-43 3.0255e-43 [ 9.6732e-119 7.2263e-82 6.9518e-53 3.0255e-43 ] 1.0000e+00
 6.505e+01 2.2113e-43 2.2113e-43 [ 4.2600e-119 3.9880e-82 4.7264e-53 2.2113e-43 ] 1.0000e+00
 6.517e+01 1.6154e-43 1.6154e-43 [ 1.8745e-119 2.1990e-82 3.2114e-53 1.6154e-43 ] 1.0000e+00
 6.528e+01 1.1795e-43 1.1795e-43 [ 8.2413e-120 1.2115e-82 2.1807e-53 1.1795e-43 ] 1.0000e+00
 6.539e+01 8.6080e-44 8.6080e-44 [ 3.6203e-120 6.6695e-83 1.4799e-53 8.6080e-44 ] 1.0000e+00
 6.551e+01 6.2789e-44 6.2789e-44 [ 1.5890e-120 3.6684e-83 1.0037e-53 6.2789e-44 ] 1.0000e+00
 6.562e+01 4.5777e-44 4.5777e-44 [ 6.9688e-121 2.0161e-83 6.8028e-54 4.5777e-44 ] 1.0000e+00
 6.573e+01 3.3357e-44 3.3357e-44 [ 3.0537e-121 1.1071e-83 4.6081e-54 3.3357e-44 ] 1.0000e+00
 6.585e+01 2.4295e-44 2.4295e-44 [ 1.3370e-121 6.0742e-84 3.1196e-54 2.4295e-44 ] 1.0000e+00
 6.596e+01 1.7686e-44 1.7686e-44 [ 5.8491e-122 3.3300e-84 2.1106e-54 1.7686e-44 ] 1.0000e+00
 6.607e+01 1.2868e-44 1.2868e-44 [ 2.5567e-122 1.8240e-84 1.4270e-54 1.2868e-44 ] 1.0000e+00
 6.619e+01 9.3580e-45 9.3580e-45 [ 1.1166e-122 9.9832e-85 9.6429e-55 9.3580e-45 ] 1.0000e+00
 6.630e+01 6.8020e-45 6.8020e-45 [ 4.8730e-123 5.4594e-85 6.5120e-55 6.8020e-45 ] 1.0000e+00
 6.641e+01 4.9416e-45 4.9416e-45 [ 2.1248e-123 2.9831e-85 4.3950e-55 4.9416e-45 ] 1.0000e+00
 6.653e+01 3.5882e-45 3.5882e-45 [ 9.2575e-124 1.6286e-85 2.9644e-55 3.5882e-45 ] 1.0000e+00
 6.664e+01 2.6042e-45 2.6042e-45 [ 4.0301e-124 8.8843e-86 1.9982e-55 2.6042e-45 ] 1.0000e+00
 6.675e+01 1.8891e-45 1.8891e-45 [ 1.7530e-124 4.8425e-86 1.3461e-55 1.8891e-45 ] 1.0000e+00
 6.687e+01 1.3697e-45 1.3697e-45 [ 7.6190e-125 2.6373e-86 9.0630e-56 1.3697e-45 ] 1.0000e+00
 6.698e+01 9.9256e-46 9.9256e-46 [ 3.3087e-125 1.4352e-86 6.0980e-56 9.9256e-46 ] 1.0000e+00
 6.709e+01 7.1892e-46 7.1892e-46 [ 1.4357e-125 7.8033e-87 4.1006e-56 7.1892e-46 ] 1.0000e+00
 6.721e+01 5.2046e-46 5.2046e-46 [ 6.2250e-126 4.2394e-87 2.7557e-56 5.2046e-46 ] 1.0000e+00
 6.732e+01 3.7659e-46 3.7659e-46 [ 2.6969e-126 2.3013e-87 1.8508e-56 3.7659e-46 ] 1.0000e+00
 6.743e+01 2.7236e-46 2.7236e-46 [ 1.1674e-126 1.2482e-87 1.2423e-56 2.7236e-46 ] 1.0000e+00
 6.755e+01 1.9687e-46 1.9687e-46 [ 5.0496e-127 6.7648e-88 8.3331e-57 1.9687e-46 ] 1.0000e+00
 6.766e+01 1.4224e-46 1.4224e-46 [ 2.1824e-127 3.6632e-88 5.5864e-57 1.4224e-46 ] 1.0000e+00
 6.777e+01 1.0272e-46 1.0272e-46 [ 9.4246e-128 1.9821e-88 3.7428e-57 1.0272e-46 ] 1.0000e+00
 6.789e+01 7.4136e-47 7.4136e-47 [ 4.0668e-128 1.0716e-88 2.5061e-57 7.4136e-47 ] 1.0000e+00
 6.800e+01 5.3482e-47 5.3482e-47 [ 1.7535e-128 5.7887e-89 1.6770e-57 5.3482e-47 ] 1.0000e+00
 6.811e+01 3.8563e-47 3.8563e-47 [ 7.5545e-129 3.1245e-89 1.1215e-57 3.8563e-47 ] 1.0000e+00
 6.823e+01 2.7791e-47 2.7791e-47 [ 3.2521e-129 1.6851e-89 7.4958e-58 2.7791e-47 ] 1.0000e+00
 6.834e+01 2.0018e-47 2.0018e-47 [ 1.3989e-129 9.0809e-90 5.0069e-58 2.0018e-47 ] 1.0000e+00
 6.845e+01 1.4412e-47 1.4412e-47 [ 6.0127e-130 4.8897e-90 3.3423e-58 1.4412e-47 ] 1.0000e+00
 6.857e+01 1.0371e-47 1.0371e-47 [ 2.5823e-130 2.6307e-90 2.2298e-58 1.0371e-47 ] 1.0000e+00
 6.868e+01 7.4592e-48 7.4592e-48 [ 1.1082e-130 1.4143e-90 1.4867e-58 7.4592e-48 ] 1.0000e+00
 6.879e+01 5.3622e-48 5.3622e-48 [ 4.7520e-131 7.5968e-91 9.9062e-59 5.3622e-48 ] 1.0000e+00
 6.891e+01 3.8528e-48 3.8528e-48 [ 2.0361e-131 4.0774e-91 6.5968e-59 3.8528e-48 ] 1.0000e+00
 6.902e+01 2.7669e-48 2.7669e-48 [ 8.7177e-132 2.1867e-91 4.3904e-59 2.7669e-48 ] 1.0000e+00
 6.913e+01 1.9860e-48 1.9860e-48 [ 3.7296e-132 1.1718e-91 2.9201e-59 1.9860e-48 ] 1.0000e+00
 6.925e+01 1.4248e-48 1.4248e-48 [ 1.5943e-132 6.2740e-92 1.9411e-59 1.4248e-48 ] 1.0000e+00
 6.936e+01 1.0217e-48 1.0217e-48 [ 6.8104e-133 3.3567e-92 1.2895e-59 1.0217e-48 ] 1.0000e+00
 6.947e+01 7.3228e-49 7.3228e-49 [ 2.9069e-133 1.7944e-92 8.5610e-60 7.3228e-49 ] 1.0000e+00
 6.959e+01 5.2457e-49 5.2457e-49 [ 1.2398e-133 9.5850e-93 5.6803e-60 5.2457e-49 ] 1.0000e+00
 6.970e+01 3.7559e-49 3.7559e-49 [ 5.2838e-134 5.1158e-93 3.7667e-60 3.7559e-49 ] 1.0000e+00
 6.981e+01 2.6878e-49 2.6878e-49 [ 2.2501e-134 2.7283e-93 2.4962e-60 2.6878e-49 ] 1.0000e+00
 6.993e+01 1.9225e-49 1.9225e-49 [ 9.5751e-135 1.4539e-93 1.6533e-60 1.9225e-49 ] 1.0000e+00
 7.004e+01 1.3745e-49 1.3745e-49 [ 4.0714e-135 7.7412e-94 1.0943e-60 1.3745e-49 ] 1.0000e+00
 7.015e+01 9.8213e-50 9.8213e-50 [ 1.7299e-135 4.1186e-94 7.2389e-61 9.8213e-50 ] 1.0000e+00
 7.027e+01 7.0144e-50 7.0144e-50 [ 7.3446e-136 2.1895e-94 4.7857e-61 7.0144e-50 ] 1.0000e+00
 7.038e+01 5.0072e-50 5.0072e-50 [ 3.1160e-136 1.1631e-94 3.1620e-61 5.0072e-50 ] 1.0000e+00
 7.049e+01 3.5725e-50 3.5725e-50 [ 1.3210e-136 6.1734e-95 2.0879e-61 3.5725e-50 ] 1.0000e+00
 7.061e+01 2.5477e-50 2.5477e-50 [ 5.5958e-137 3.2741e-95 1.3778e-61 2.5477e-50 ] 1.0000e+00
 7.072e+01 1.8159e-50 1.8159e-50 [ 2.3687e-137 1.7351e-95 9.0869e-62 1.8159e-50 ] 1.0000e+00
 7.083e+01 1.2937e-50 1.2937e-50 [ 1.0019e-137 9.1877e-96 5.9893e-62 1.2937e-50 ] 1.0000e+00
 7.095e+01 9.2118e-51 9.2118e-51 [ 4.2348e-138 4.8613e-96 3.9453e-62 9.2118e-51 ] 1.0000e+00
 7.106e+01 6.5561e-51 6.5561e-51 [ 1.7886e-138 2.5702e-96 2.5973e-62 6.5561e-51 ] 1.0000e+00
 7.117e+01 4.6636e-51 4.6636e-51 [ 7.5486e-139 1.3578e-96 1.7088e-62 4.6636e-51 ] 1.0000e+00
 7.129e+01 3.3158e-51 3.3158e-51 [ 3.1835e-139 7.1672e-97 1.1236e-62 3.3158e-51 ] 1.0000e+00
 7.140e+01 2.3563e-51 2.3563e-51 [ 1.3416e-139 3.7804e-97 7.3835e-63 2.3563e-51 ] 1.0000e+00
 7.151e+01 1.6736e-51 1.6736e-51 [ 5.6496e-140 1.9924e-97 4.8491e-63 1.6736e-51 ] 1.0000e+00
 7.163e+01 1.1882e-51 1.1882e-51 [ 2.3774e-140 1.0493e-97 3.1827e-63 1.1882e-51 ] 1.0000e+00
 7.174e+01 8.4308e-52 8.4308e-52 [ 9.9968e-141 5.5215e-98 2.0877e-63 8.4308e-52 ] 1.0000e+00
 7.185e+01 5.9793e-52 5.9793e-52 [ 4.2006e-141 2.9033e-98 1.3686e-63 5.9793e-52 ] 1.0000e+00
 7.197e+01 4.2385e-52 4.2385e-52 [ 1.7637e-141 1.5254e-98 8.9664e-64 4.2385e-52 ] 1.0000e+00
 7.208e+01 3.0030e-52 3.0030e-52 [ 7.4003e-142 8.0082e-99 5.8709e-64 3.0030e-52 ] 1.0000e+00
 7.219e+01 2.1266e-52 2.1266e-52 [ 3.1028e-142 4.2010e-99 3.8418e-64 2.1266e-52 ] 1.0000e+00
 7.231e+01 1.5052e-52 1.5052e-52 [ 1.3000e-142 2.2021e-99 2.5125e-64 1.5052e-52 ] 1.0000e+00
 7.242e+01 1.0648e-52 1.0648e-52 [ 5.4426e-143 1.1534e-99 1.6421e-64 1.0648e-52 ] 1.0000e+00
 7.253e+01 7.5293e-53 7.5293e-53 [ 2.2770e-143 6.0367e-100 1.0726e-64 7.5293e-53 ] 1.0000e+00
 7.265e+01 5.3213e-53 5.3213e-53 [ 9.5196e-144 3.1570e-100 7.0022e-65 5.3213e-53 ] 1.0000e+00
 7.276e+01 3.7589e-53 3.7589e-53 [ 3.9770e-144 1.6497e-100 4.5683e-65 3.7589e-53 ] 1.0000e+00
 7.287e+01 2.6539e-53 2.6539e-53 [ 1.6603e-144 8.6144e-101 2.9787e-65 2.6539e-53 ] 1.0000e+00
 7.299e+01 1.8728e-53 1.8728e-53 [ 6.9264e-145 4.4947e-101 1.9410e-65 1.8728e-53 ] 1.0000e+00
 7.310e+01 1.3209e-53 1.3209e-53 [ 2.8875e-145 2.3434e-101 1.2641e-65 1.3209e-53 ] 1.0000e+00
 7.321e+01 9.3123e-54 9.3123e-54 [ 1.2029e-145 1.2208e-101 8.2273e-66 9.3123e-54 ] 1.0000e+00
 7.333e+01 6.5617e-54 6.5617e-54 [ 5.0074e-146 6.3552e-102 5.3516e-66 6.5617e-54 ] 1.0000e+00
 7.344e+01 4.6212e-54 4.6212e-54 [ 2.0831e-146 3.3057e-102 3.4789e-66 4.6212e-54 ] 1.0000e+00
 7.355e+01 3.2530e-54 3.2530e-54 [ 8.6594e-147 1.7182e-102 2.2602e-66 3.2530e-54 ] 1.0000e+00
 7.367e+01 2.2887e-54 2.2887e-54 [ 3.5972e-147 8.9241e-103 1.4676e-66 2.2887e-54 ] 1.0000e+00
 7.378e+01 1.6095e-54 1.6095e-54 [ 1.4933e-147 4.6314e-103 9.5232e-67 1.6095e-54 ] 1.0000e+00
 7.389e+01 1.1313e-54 1.1313e-54 [ 6.1945e-148 2.4018e-103 6.1761e-67 1.1313e-54 ] 1.0000e+00
 7.401e+01 7.9473e-55 7.9473e-55 [ 2.5679e-148 1.2446e-103 4.0029e-67 7.9473e-55 ] 1.0000e+00
 7.412e+01 5.5803e-55 5.5803e-55 [ 1.0638e-148 6.4444e-104 2.5929e-67 5.5803e-55 ] 1.0000e+00
 7.423e+01 3.9164e-55 3.9164e-55 [ 4.4036e-149 3.3344e-104 1.6786e-67 3.9164e-55 ] 1.0000e+00
 7.435e+01 2.7472e-55 2.7472e-55 [ 1.8217e-149 1.7239e-104 1.0860e-67 2.7472e-55 ] 1.0000e+00
 7.446e+01 1.9262e-55 1.9262e-55 [ 7.5306e-150 8.9061e-105 7.0220e-68 1.9262e-55 ] 1.0000e+00
 7.457e+01 1.3498e-55 1.3498e-55 [ 3.1110e-150 4.5976e-105 4.5377e-68 1.3498e-55 ] 1.0000e+00
 7.469e+01 9.4543e-56 9.4543e-56 [ 1.2843e-150 2.3717e-105 2.9306e-68 9.4543e-56 ] 1.0000e+00
 7.480e+01 6.6187e-56 6.6187e-56 [ 5.2982e-151 1.2225e-105 1.8915e-68 6.6187e-56 ] 1.0000e+00
 7.491e+01 4.6313e-56 4.6313e-56 [ 2.1842e-151 6.2967e-106 1.2201e-68 4.6313e-56 ] 1.0000e+00
 7.503e+01 3.2390e-56 3.2390e-56 [ 8.9985e-152 3.2408e-106 7.8658e-69 3.2390e-56 ] 1.0000e+00
 7.514e+01 2.2642e-56 2.2642e-56 [ 3.7046e-152 1.6667e-106 5.0679e-69 2.2642e-56 ] 1.0000e+00
 7.525e+01 1.5820e-56 1.5820e-56 [ 1.5242e-152 8.5654e-107 3.2632e-69 1.5820e-56 ] 1.0000e+00
 7.537e+01 1.1047e-56 1.1047e-56 [ 6.2664e-153 4.3986e-107 2.1000e-69 1.1047e-56 ] 1.0000e+00
 7.548e+01 7.7109e-57 7.7109e-57 [ 2.5746e-153 2.2571e-107 1.3506e-69 7.7109e-57 ] 1.0000e+00
 7.559e+01 5.3795e-57 5.3795e-57 [ 1.0571e-153 1.1573e-107 8.6811e-70 5.3795e-57 ] 1.0000e+00
 7.571e+01 3.7511e-57 3.7511e-57 [ 4.3373e-154 5.9300e-108 5.5766e-70 3.7511e-57 ] 1.0000e+00
 7.582e+01 2.6143e-57 2.6143e-57 [ 1.7784e-154 3.0361e-108 3.5801e-70 2.6143e-57 ] 1.0000e+00
 7.593e+01 1.8211e-57 1.8211e-57 [ 7.2873e-155 1.5533e-108 2.2971e-70 1.8211e-57 ] 1.0000e+00
 7.605e+01 1.2680e-57 1.2680e-57 [ 2.9840e-155 7.9412e-109 1.4730e-70 1.2680e-57 ] 1.0000e+00
 7.616e+01 8.8240e-58 8.8240e-58 [ 1.2211e-155 4.0568e-109 9.4398e-71 8.8240e-58 ] 1.0000e+00
 7.627e+01 6.1377e-58 6.1377e-58 [ 4.9935e-156 2.0709e-109 6.0460e-71 6.1377e-58 ] 1.0000e+00
 7.639e+01 4.2671e-58 4.2671e-58 [ 2.0407e-156 1.0564e-109 3.8700e-71 4.2671e-58 ] 1.0000e+00
 7.650e+01 2.9651e-58 2.9651e-58 [ 8.3340e-157 5.3846e-110 2.4758e-71 2.9651e-58 ] 1.0000e+00
 7.661e+01 2.0593e-58 2.0593e-58 [ 3.4013e-157 2.7427e-110 1.5829e-71 2.0593e-58 ] 1.0000e+00
 7.673e+01 1.4296e-58 1.4296e-58 [ 1.3873e-157 1.3959e-110 1.0114e-71 1.4296e-58 ] 1.0000e+00
 7.684e+01 9.9189e-59 9.9189e-59 [ 5.6543e-158 7.0997e-111 6.4587e-72 9.9189e-59 ] 1.0000e+00
 7.695e+01 6.8788e-59 6.8788e-59 [ 2.3031e-158 3.6083e-111 4.1220e-72 6.8788e-59 ] 1.0000e+00
 7.707e+01 4.7681e-59 4.7681e-59 [ 9.3749e-159 1.8325e-111 2.6292e-72 4.7681e-59 ] 1.0000e+00
 7.718e+01 3.3034e-59 3.3034e-59 [ 3.8136e-159 9.2995e-112 1.6760e-72 3.3034e-59 ] 1.0000e+00
 7.729e+01 2.2875e-59 2.2875e-59 [ 1.5503e-159 4.7159e-112 1.0677e-72 2.2875e-59 ] 1.0000e+00
 7.741e+01 1.5832e-59 1.5832e-59 [ 6.2984e-160 2.3897e-112 6.7984e-73 1.5832e-59 ] 1.0000e+00
 7.752e+01 1.0952e-59 1.0952e-59 [ 2.5571e-160 1.2101e-112 4.3261e-73 1.0952e-59 ] 1.0000e+00
 7.763e+01 7.5729e-60 7.5729e-60 [ 1.0375e-160 6.1230e-113 2.7512e-73 7.5729e-60 ] 1.0000e+00
 7.775e+01 5.2336e-60 5.2336e-60 [ 4.2068e-161 3.0960e-113 1.7486e-73 5.2336e-60 ] 1.0000e+00
 7.786e+01 3.6152e-60 3.6152e-60 [ 1.7047e-161 1.5643e-113 1.1107e-73 3.6152e-60 ] 1.0000e+00
 7.797e+01 2.4960e-60 2.4960e-60 [ 6.9030e-162 7.8981e-114 7.0514e-74 2.4960e-60 ] 1.0000e+00
 7.809e+01 1.7224e-60 1.7224e-60 [ 2.7936e-162 3.9849e-114 4.4739e-74 1.7224e-60 ] 1.0000e+00
 7.820e+01 1.1880e-60 1.1880e-60 [ 1.1298e-162 2.0090e-114 2.8368e-74 1.1880e-60 ] 1.0000e+00
 7.831e+01 8.1898e-61 8.1898e-61 [ 4.5664e-163 1.0122e-114 1.7978e-74 8.1898e-61 ] 1.0000e+00
 7.843e+01 5.6432e-61 5.6432e-61 [ 1.8445e-163 5.0956e-115 1.1386e-74 5.6432e-61 ] 1.0000e+00
 7.854e+01 3.8865e-61 3.8865e-61 [ 7.4454e-164 2.5635e-115 7.2070e-75 3.8865e-61 ] 1.0000e+00
 7.865e+01 2.6753e-61 2.6753e-61 [ 3.0035e-164 1.2887e-115 4.5592e-75 2.6753e-61 ] 1.0000e+00
 7.877e+01 1.8407e-61 1.8407e-61 [ 1.2109e-164 6.4738e-116 2.8825e-75 1.8407e-61 ] 1.0000e+00
 7.888e+01 1.2658e-61 1.2658e-61 [ 4.8785e-165 3.2498e-116 1.8213e-75 1.2658e-61 ] 1.0000e+00
 7.899e+01 8.7007e-62 8.7007e-62 [ 1.9643e-165 1.6302e-116 1.1502e-75 8.7007e-62 ] 1.0000e+00
 7.911e+01 5.9774e-62 5.9774e-62 [ 7.9042e-166 8.1717e-117 7.2589e-76 5.9774e-62 ] 1.0000e+00
 7.922e+01 4.1045e-62 4.1045e-62 [ 3.1786e-166 4.0933e-117 4.5786e-76 4.1045e-62 ] 1.0000e+00
 7.933e+01 2.8171e-62 2.8171e-62 [ 1.2774e-166 2.0489e-117 2.8862e-76 2.8171e-62 ] 1.0000e+00
 7.945e+01 1.9325e-62 1.9325e-62 [ 5.1306e-167 1.0249e-117 1.8184e-76 1.9325e-62 ] 1.0000e+00
 7.956e+01 1.3250e-62 1.3250e-62 [ 2.0594e-167 5.1228e-118 1.1449e-76 1.3250e-62 ] 1.0000e+00
 7.967e+01 9.0805e-63 9.0805e-63 [ 8.2609e-168 2.5588e-118 7.2048e-77 9.0805e-63 ] 1.0000e+00
 7.979e+01 6.2199e-63 6.2199e-63 [ 3.3117e-168 1.2772e-118 4.5312e-77 6.2199e-63 ] 1.0000e+00
 7.990e+01 4.2584e-63 4.2584e-63 [ 1.3268e-168 6.3702e-119 2.8481e-77 4.2584e-63 ] 1.0000e+00
 8.001e+01 2.9140e-63 2.9140e-63 [ 5.3125e-169 3.1751e-119 1.7891e-77 2.9140e-63 ] 1.0000e+00
 8.013e+01 1.9931e-63 1.9931e-63 [ 2.1258e-169 1.5814e-119 1.1232e-77 1.9931e-63 ] 1.0000e+00
 8.024e+01 1.3625e-63 1.3625e-63 [ 8.5011e-170 7.8710e-120 7.0475e-78 1.3625e-63 ] 1.0000e+00
 8.035e+01 9.3101e-64 9.3101e-64 [ 3.3975e-170 3.9148e-120 4.4194e-78 9.3101e-64 ] 1.0000e+00
 8.047e+01 6.3584e-64 6.3584e-64 [ 1.3570e-170 1.9457e-120 2.7697e-78 6.3584e-64 ] 1.0000e+00
 8.058e+01 4.3403e-64 4.3403e-64 [ 5.4169e-171 9.6638e-121 1.7348e-78 4.3403e-64 ] 1.0000e+00
 8.069e+01 2.9613e-64 2.9613e-64 [ 2.1610e-171 4.7963e-121 1.0860e-78 2.9613e-64 ] 1.0000e+00
 8.081e+01 2.0195e-64 2.0195e-64 [ 8.6155e-172 2.3788e-121 6.7940e-79 2.0195e-64 ] 1.0000e+00
 8.092e+01 1.3765e-64 1.3765e-64 [ 3.4328e-172 1.1790e-121 4.2480e-79 1.3765e-64 ] 1.0000e+00
 8.103e+01 9.3777e-65 9.3777e-65 [ 1.3670e-172 5.8394e-122 2.6545e-79 9.3777e-65 ] 1.0000e+00
 8.115e+01 6.3856e-65 6.3856e-65 [ 5.4400e-173 2.8901e-122 1.6578e-79 6.3856e-65 ] 1.0000e+00
 8.126e+01 4.3461e-65 4.3461e-65 [ 2.1637e-173 1.4294e-122 1.0348e-79 4.3461e-65 ] 1.0000e+00
 8.137e+01 2.9565e-65 2.9565e-65 [ 8.6003e-174 7.0646e-123 6.4550e-80 2.9565e-65 ] 1.0000e+00
 8.149e+01 2.0103e-65 2.0103e-65 [ 3.4165e-174 3.4892e-123 4.0243e-80 2.0103e-65 ] 1.0000e+00
 8.160e+01 1.3662e-65 1.3662e-65 [ 1.3564e-174 1.7221e-123 2.5075e-80 1.3662e-65 ] 1.0000e+00
 8.171e+01 9.2800e-66 9.2800e-66 [ 5.3818e-175 8.4936e-124 1.5615e-80 9.2800e-66 ] 1.0000e+00
 8.183e+01 6.3005e-66 6.3005e-66 [ 2.1341e-175 4.1862e-124 9.7180e-81 6.3005e-66 ] 1.0000e+00
 8.194e+01 4.2756e-66 4.2756e-66 [ 8.4577e-176 2.0618e-124 6.0446e-81 4.2756e-66 ] 1.0000e+00
 8.205e+01 2.9000e-66 2.9000e-66 [ 3.3499e-176 1.0148e-124 3.7576e-81 2.9000e-66 ] 1.0000e+00
 8.217e+01 1.9660e-66 1.9660e-66 [ 1.3260e-176 4.9913e-125 2.3345e-81 1.9660e-66 ] 1.0000e+00
 8.228e+01 1.3322e-66 1.3322e-66 [ 5.2458e-177 2.4532e-125 1.4496e-81 1.3322e-66 ] 1.0000e+00
 8.239e+01 9.0224e-67 9.0224e-67 [ 2.0740e-177 1.2050e-125 8.9955e-82 9.0224e-67 ] 1.0000e+00
 8.251e+01 6.1076e-67 6.1076e-67 [ 8.1954e-178 5.9143e-126 5.5790e-82 6.1076e-67 ] 1.0000e+00
 8.262e+01 4.1325e-67 4.1325e-67 [ 3.2365e-178 2.9009e-126 3.4582e-82 4.1325e-67 ] 1.0000e+00
 8.273e+01 2.7947e-67 2.7947e-67 [ 1.2774e-178 1.4219e-126 2.1423e-82 2.7947e-67 ] 1.0000e+00
 8.285e+01 1.8890e-67 1.8890e-67 [ 5.0386e-179 6.9649e-127 1.3264e-82 1.8890e-67 ] 1.0000e+00
 8.296e+01 1.2763e-67 1.2763e-67 [ 1.9863e-179 3.4092e-127 8.2072e-83 1.2763e-67 ] 1.0000e+00
 8.307e+01 8.6184e-68 8.6184e-68 [ 7.8261e-180 1.6676e-127 5.0755e-83 8.6184e-68 ] 1.0000e+00
 8.319e+01 5.8170e-68 5.8170e-68 [ 3.0816e-180 8.1518e-128 3.1370e-83 5.8170e-68 ] 1.0000e+00
 8.330e+01 3.9243e-68 3.9243e-68 [ 1.2127e-180 3.9820e-128 1.9377e-83 3.9243e-68 ] 1.0000e+00
 8.341e+01 2.6461e-68 2.6461e-68 [ 4.7699e-181 1.9439e-128 1.1963e-83 2.6461e-68 ] 1.0000e+00
 8.353e+01 1.7834e-68 1.7834e-68 [ 1.8750e-181 9.4826e-129 7.3810e-84 1.7834e-68 ] 1.0000e+00
 8.364e+01 1.2013e-68 1.2013e-68 [ 7.3661e-182 4.6227e-129 4.5514e-84 1.2013e-68 ] 1.0000e+00
 8.375e+01 8.0887e-69 8.0887e-69 [ 2.8922e-182 2.2520e-129 2.8050e-84 8.0887e-69 ] 1.0000e+00
 8.387e+01 5.4435e-69 5.4435e-69 [ 1.1349e-182 1.0963e-129 1.7277e-84 5.4435e-69 ] 1.0000e+00
 8.398e+01 3.6615e-69 3.6615e-69 [ 4.4511e-183 5.3338e-130 1.0635e-84 3.6615e-69 ] 1.0000e+00
 8.409e+01 2.4617e-69 2.4617e-69 [ 1.7447e-183 2.5932e-130 6.5432e-85 2.4617e-69 ] 1.0000e+00
 8.421e+01 1.6542e-69 1.6542e-69 [ 6.8346e-184 1.2599e-130 4.0232e-85 1.6542e-69 ] 1.0000e+00
 8.432e+01 1.1111e-69 1.1111e-69 [ 2.6759e-184 6.1170e-131 2.4724e-85 1.1111e-69 ] 1.0000e+00
 8.443e+01 7.4590e-70 7.4590e-70 [ 1.0471e-184 2.9679e-131 1.5185e-85 7.4590e-70 ] 1.0000e+00
 8.455e+01 5.0050e-70 5.0050e-70 [ 4.0950e-185 1.4391e-131 9.3206e-86 5.0050e-70 ] 1.0000e+00
 8.466e+01 3.3568e-70 3.3568e-70 [ 1.6006e-185 6.9730e-132 5.7179e-86 3.3568e-70 ] 1.0000e+00
 8.477e+01 2.2502e-70 2.2502e-70 [ 6.2524e-186 3.3765e-132 3.5058e-86 2.2502e-70 ] 1.0000e+00
 8.489e+01 1.5077e-70 1.5077e-70 [ 2.4411e-186 1.6339e-132 2.1482e-86 1.5077e-70 ] 1.0000e+00
 8.500e+01 1.0097e-70 1.0097e-70 [ 9.5252e-187 7.9010e-133 1.3156e-86 1.0097e-70 ] 1.0000e+00
 8.511e+01 6.7586e-71 6.7586e-71 [ 3.7147e-187 3.8182e-133 8.0524e-87 6.7586e-71 ] 1.0000e+00
 8.523e+01 4.5218e-71 4.5218e-71 [ 1.4479e-187 1.8439e-133 4.9258e-87 4.5218e-71 ] 1.0000e+00
 8.534e+01 3.0238e-71 3.0238e-71 [ 5.6402e-188 8.8989e-134 3.0115e-87 3.0238e-71 ] 1.0000e+00
 8.545e+01 2.0211e-71 2.0211e-71 [ 2.1959e-188 4.2919e-134 1.8401e-87 2.0211e-71 ] 1.0000e+00
 8.557e+01 1.3502e-71 1.3502e-71 [ 8.5448e-189 2.0686e-134 1.1237e-87 1.3502e-71 ] 1.0000e+00
 8.568e+01 9.0159e-72 9.0159e-72 [ 3.3231e-189 9.9632e-135 6.8581e-88 9.0159e-72 ] 1.0000e+00
 8.579e+01 6.0174e-72 6.0174e-72 [ 1.2917e-189 4.7956e-135 4.1833e-88 6.0174e-72 ] 1.0000e+00
 8.591e+01 4.0141e-72 4.0141e-72 [ 5.0177e-190 2.3068e-135 2.5503e-88 4.0141e-72 ] 1.0000e+00
 8.602e+01 2.6765e-72 2.6765e-72 [ 1.9482e-190 1.1089e-135 1.5538e-88 2.6765e-72 ] 1.0000e+00
 8.613e+01 1.7837e-72 1.7837e-72 [ 7.5599e-191 5.3268e-136 9.4619e-89 1.7837e-72 ] 1.0000e+00
 8.625e+01 1.1882e-72 1.1882e-72 [ 2.9320e-191 2.5572e-136 5.7584e-89 1.1882e-72 ] 1.0000e+00
 8.636e+01 7.9108e-73 7.9108e-73 [ 1.1365e-191 1.2268e-136 3.5025e-89 7.9108e-73 ] 1.0000e+00
 8.647e+01 5.2644e-73 5.2644e-73 [ 4.4028e-192 5.8818e-137 2.1292e-89 5.2644e-73 ] 1.0000e+00
 8.659e+01 3.5016e-73 3.5016e-73 [ 1.7048e-192 2.8181e-137 1.2936e-89 3.5016e-73 ] 1.0000e+00
 8.670e+01 2.3280e-73 2.3280e-73 [ 6.5971e-193 1.3493e-137 7.8549e-90 2.3280e-73 ] 1.0000e+00
 8.681e+01 1.5469e-73 1.5469e-73 [ 2.5516e-193 6.4565e-138 4.7669e-90 1.5469e-73 ] 1.0000e+00
 8.693e+01 1.0274e-73 1.0274e-73 [ 9.8634e-194 3.0874e-138 2.8912e-90 1.0274e-73 ] 1.0000e+00
 8.704e+01 6.8208e-74 6.8208e-74 [ 3.8107e-194 1.4754e-138 1.7526e-90 6.8208e-74 ] 1.0000e+00
 8.715e+01 4.5258e-74 4.5258e-74 [ 1.4715e-194 7.0457e-139 1.0618e-90 4.5258e-74 ] 1.0000e+00
 8.727e+01 3.0016e-74 3.0016e-74 [ 5.6787e-195 3.3625e-139 6.4291e-91 3.0016e-74 ] 1.0000e+00
 8.738e+01 1.9897e-74 1.9897e-74 [ 2.1904e-195 1.6037e-139 3.8906e-91 1.9897e-74 ] 1.0000e+00
 8.749e+01 1.3183e-74 1.3183e-74 [ 8.4440e-196 7.6437e-140 2.3531e-91 1.3183e-74 ] 1.0000e+00
 8.761e+01 8.7308e-75 8.7308e-75 [ 3.2534e-196 3.6408e-140 1.4224e-91 8.7308e-75 ] 1.0000e+00
 8.772e+01 5.7792e-75 5.7792e-75 [ 1.2528e-196 1.7330e-140 8.5929e-92 5.7792e-75 ] 1.0000e+00
 8.783e+01 3.8236e-75 3.8236e-75 [ 4.8218e-197 8.2440e-141 5.1883e-92 3.8236e-75 ] 1.0000e+00
 8.795e+01 2.5285e-75 2.5285e-75 [ 1.8548e-197 3.9191e-141 3.1308e-92 2.5285e-75 ] 1.0000e+00
 8.806e+01 1.6712e-75 1.6712e-75 [ 7.1307e-198 1.8619e-141 1.8882e-92 1.6712e-75 ] 1.0000e+00
 8.817e+01 1.1041e-75 1.1041e-75 [ 2.7399e-198 8.8395e-142 1.1382e-92 1.1041e-75 ] 1.0000e+00
 8.829e+01 7.2908e-76 7.2908e-76 [ 1.0522e-198 4.1940e-142 6.8566e-93 7.2908e-76 ] 1.0000e+00
 8.840e+01 4.8120e-76 4.8120e-76 [ 4.0385e-199 1.9886e-142 4.1283e-93 4.8120e-76 ] 1.0000e+00
 8.851e+01 3.1744e-76 3.1744e-76 [ 1.5492e-199 9.4228e-143 2.4842e-93 3.1744e-76 ] 1.0000e+00
 8.863e+01 2.0931e-76 2.0931e-76 [ 5.9396e-200 4.4620e-143 1.4940e-93 2.0931e-76 ] 1.0000e+00
 8.874e+01 1.3795e-76 1.3795e-76 [ 2.2759e-200 2.1116e-143 8.9803e-94 1.3795e-76 ] 1.0000e+00
 8.885e+01 9.0872e-77 9.0872e-77 [ 8.7162e-201 9.9860e-144 5.3948e-94 9.0872e-77 ] 1.0000e+00
 8.897e+01 5.9832e-77 5.9832e-77 [ 3.3362e-201 4.7195e-144 3.2390e-94 5.9832e-77 ] 1.0000e+00
 8.908e+01 3.9375e-77 3.9375e-77 [ 1.2762e-201 2.2290e-144 1.9436e-94 3.9375e-77 ] 1.0000e+00
 8.919e+01 2.5900e-77 2.5900e-77 [ 4.8794e-202 1.0521e-144 1.1656e-94 2.5900e-77 ] 1.0000e+00
 8.931e+01 1.7029e-77 1.7029e-77 [ 1.8645e-202 4.9625e-145 6.9868e-95 1.7029e-77 ] 1.0000e+00
 8.942e+01 1.1190e-77 1.1190e-77 [ 7.1204e-203 2.3392e-145 4.1855e-95 1.1190e-77 ] 1.0000e+00
 8.953e+01 7.3502e-78 7.3502e-78 [ 2.7177e-203 1.1019e-145 2.5059e-95 7.3502e-78 ] 1.0000e+00
 8.965e+01 4.8255e-78 4.8255e-78 [ 1.0367e-203 5.1873e-146 1.4995e-95 4.8255e-78 ] 1.0000e+00
 8.976e+01 3.1665e-78 3.1665e-78 [ 3.9524e-204 2.4403e-146 8.9679e-96 3.1665e-78 ] 1.0000e+00
 8.987e+01 2.0769e-78 2.0769e-78 [ 1.5060e-204 1.1473e-146 5.3603e-96 2.0769e-78 ] 1.0000e+00
 8.999e+01 1.3615e-78 1.3615e-78 [ 5.7347e-205 5.3901e-147 3.2021e-96 1.3615e-78 ] 1.0000e+00
 9.010e+01 8.9214e-79 8.9214e-79 [ 2.1825e-205 2.5307e-147 1.9118e-96 8.9214e-79 ] 1.0000e+00
 9.021e+01 5.8429e-79 5.8429e-79 [ 8.3014e-206 1.1874e-147 1.1408e-96 5.8429e-79 ] 1.0000e+00
 9.033e+01 3.8249e-79 3.8249e-79 [ 3.1557e-206 5.5672e-148 6.8037e-97 3.8249e-79 ] 1.0000e+00
 9.044e+01 2.5027e-79 2.5027e-79 [ 1.1989e-206 2.6085e-148 4.0553e-97 2.5027e-79 ] 1.0000e+00
 9.055e+01 1.6367e-79 1.6367e-79 [ 4.5518e-207 1.2214e-148 2.4158e-97 1.6367e-79 ] 1.0000e+00
 9.067e+01 1.0699e-79 1.0699e-79 [ 1.7272e-207 5.7152e-149 1.4384e-97 1.0699e-79 ] 1.0000e+00
 9.078e+01 6.9903e-80 6.9903e-80 [ 6.5498e-208 2.6724e-149 8.5590e-98 6.9903e-80 ] 1.0000e+00
 9.089e+01 4.5650e-80 4.5650e-80 [ 2.4823e-208 1.2487e-149 5.0903e-98 4.5650e-80 ] 1.0000e+00
 9.101e+01 2.9798e-80 2.9798e-80 [ 9.4017e-209 5.8309e-150 3.0256e-98 2.9798e-80 ] 1.0000e+00
 9.112e+01 1.9441e-80 1.9441e-80 [ 3.5587e-209 2.7208e-150 1.7974e-98 1.9441e-80 ] 1.0000e+00
 9.123e+01 1.2677e-80 1.2677e-80 [ 1.3462e-209 1.2687e-150 1.0672e-98 1.2677e-80 ] 1.0000e+00
 9.135e+01 8.2631e-81 8.2631e-81 [ 5.0889e-210 5.9113e-151 6.3325e-99 8.2631e-81 ] 1.0000e+00
 9.146e+01 5.3833e-81 5.3833e-81 [ 1.9225e-210 2.7524e-151 3.7556e-99 5.3833e-81 ] 1.0000e+00
 9.157e+01 3.5055e-81 3.5055e-81 [ 7.2585e-211 1.2806e-151 2.2261e-99 3.5055e-81 ] 1.0000e+00
 9.169e+01 2.2816e-81 2.2816e-81 [ 2.7386e-211 5.9541e-152 1.3187e-99 2.2816e-81 ] 1.0000e+00
 9.180e+01 1.4843e-81 1.4843e-81 [ 1.0326e-211 2.7662e-152 7.8078e-100 1.4843e-81 ] 1.0000e+00
 9.191e+01 9.6513e-82 9.6513e-82 [ 3.8905e-212 1.2842e-152 4.6202e-100 9.6513e-82 ] 1.0000e+00
 9.203e+01 6.2726e-82 6.2726e-82 [ 1.4649e-212 5.9572e-153 2.7324e-100 6.2726e-82 ] 1.0000e+00
 9.214e+01 4.0748e-82 4.0748e-82 [ 5.5120e-213 2.7614e-153 1.6150e-100 4.0748e-82 ] 1.0000e+00
 9.225e+01 2.6458e-82 2.6458e-82 [ 2.0725e-213 1.2790e-153 9.5406e-101 2.6458e-82 ] 1.0000e+00
 9.237e+01 1.7171e-82 1.7171e-82 [ 7.7872e-214 5.9192e-154 5.6328e-101 1.7171e-82 ] 1.0000e+00
 9.248e+01 1.1139e-82 1.1139e-82 [ 2.9238e-214 2.7373e-154 3.3237e-101 1.1139e-82 ] 1.0000e+00
 9.259e+01 7.2219e-83 7.2219e-83 [ 1.0970e-214 1.2648e-154 1.9600e-101 7.2219e-83 ] 1.0000e+00
 9.271e+01 4.6803e-83 4.6803e-83 [ 4.1127e-215 5.8394e-155 1.1552e-101 4.6803e-83 ] 1.0000e+00
 9.282e+01 3.0317e-83 3.0317e-83 [ 1.5408e-215 2.6937e-155 6.8046e-102 3.0317e-83 ] 1.0000e+00
 9.293e+01 1.9628e-83 1.9628e-83 [ 5.7677e-216 1.2416e-155 4.0058e-102 1.9628e-83 ] 1.0000e+00
 9.305e+01 1.2702e-83 1.2702e-83 [ 2.1574e-216 5.7175e-156 2.3567e-102 1.2702e-83 ] 1.0000e+00
 9.316e+01 8.2161e-84 8.2161e-84 [ 8.0633e-217 2.6307e-156 1.3857e-102 8.2161e-84 ] 1.0000e+00
 9.327e+01 5.3119e-84 5.3119e-84 [ 3.0113e-217 1.2093e-156 8.1429e-103 5.3119e-84 ] 1.0000e+00
 9.339e+01 3.4326e-84 3.4326e-84 [ 1.1236e-217 5.5543e-157 4.7820e-103 3.4326e-84 ] 1.0000e+00
 9.350e+01 2.2171e-84 2.2171e-84 [ 4.1893e-218 2.5487e-157 2.8065e-103 2.2171e-84 ] 1.0000e+00
 9.361e+01 1.4314e-84 1.4314e-84 [ 1.5606e-218 1.1684e-157 1.6461e-103 1.4314e-84 ] 1.0000e+00
 9.373e+01 9.2364e-85 9.2364e-85 [ 5.8085e-219 5.3512e-158 9.6481e-104 9.2364e-85 ] 1.0000e+00
 9.384e+01 5.9573e-85 5.9573e-85 [ 2.1600e-219 2.4485e-158 5.6513e-104 5.9573e-85 ] 1.0000e+00
 9.395e+01 3.8405e-85 3.8405e-85 [ 8.0252e-220 1.1192e-158 3.3079e-104 3.8405e-85 ] 1.0000e+00
 9.407e+01 2.4747e-85 2.4747e-85 [ 2.9789e-220 5.1105e-159 1.9349e-104 2.4747e-85 ] 1.0000e+00
 9.418e+01 1.5938e-85 1.5938e-85 [ 1.1047e-220 2.3312e-159 1.1310e-104 1.5938e-85 ] 1.0000e+00
 9.429e+01 1.0260e-85 1.0260e-85 [ 4.0929e-221 1.0623e-159 6.6058e-105 1.0260e-85 ] 1.0000e+00
 9.441e+01 6.6020e-86 6.6020e-86 [ 1.5149e-221 4.8353e-160 3.8554e-105 6.6020e-86 ] 1.0000e+00
 9.452e+01 4.2460e-86 4.2460e-86 [ 5.6015e-222 2.1985e-160 2.2483e-105 4.2460e-86 ] 1.0000e+00
 9.463e+01 2.7295e-86 2.7295e-86 [ 2.0691e-222 9.9848e-161 1.3101e-105 2.7295e-86 ] 1.0000e+00
 9.475e+01 1.7538e-86 1.7538e-86 [ 7.6348e-223 4.5295e-161 7.6272e-106 1.7538e-86 ] 1.0000e+00
 9.486e+01 1.1263e-86 1.1263e-86 [ 2.8142e-223 2.0523e-161 4.4366e-106 1.1263e-86 ] 1.0000e+00
 9.497e+01 7.2300e-87 7.2300e-87 [ 1.0362e-223 9.2876e-162 2.5783e-106 7.2300e-87 ] 1.0000e+00
 9.509e+01 4.6389e-87 4.6389e-87 [ 3.8108e-224 4.1978e-162 1.4969e-106 4.6389e-87 ] 1.0000e+00
 9.520e+01 2.9750e-87 2.9750e-87 [ 1.3999e-224 1.8949e-162 8.6820e-107 2.9750e-87 ] 1.0000e+00
 9.531e+01 1.9070e-87 1.9070e-87 [ 5.1366e-225 8.5423e-163 5.0302e-107 1.9070e-87 ] 1.0000e+00
 9.543e+01 1.2218e-87 1.2218e-87 [ 1.8824e-225 3.8457e-163 2.9112e-107 1.2218e-87 ] 1.0000e+00
 9.554e+01 7.8244e-88 7.8244e-88 [ 6.8897e-226 1.7289e-163 1.6829e-107 7.8244e-88 ] 1.0000e+00
 9.565e+01 5.0084e-88 5.0084e-88 [ 2.5184e-226 7.7612e-164 9.7168e-108 5.0084e-88 ] 1.0000e+00
 9.577e+01 3.2043e-88 3.2043e-88 [ 9.1931e-227 3.4790e-164 5.6030e-108 3.2043e-88 ] 1.0000e+00
 9.588e+01 2.0491e-88 2.0491e-88 [ 3.3512e-227 1.5571e-164 3.2266e-108 2.0491e-88 ] 1.0000e+00
 9.599e+01 1.3098e-88 1.3098e-88 [ 1.2199e-227 6.9577e-165 1.8554e-108 1.3098e-88 ] 1.0000e+00
 9.611e+01 8.3679e-89 8.3679e-89 [ 4.4338e-228 3.1040e-165 1.0654e-108 8.3679e-89 ] 1.0000e+00
 9.622e+01 5.3436e-89 5.3436e-89 [ 1.6091e-228 1.3824e-165 6.1075e-109 5.3436e-89 ] 1.0000e+00
 9.633e+01 3.4107e-89 3.4107e-89 [ 5.8299e-229 6.1457e-166 3.4955e-109 3.4107e-89 ] 1.0000e+00
 9.645e+01 2.1760e-89 2.1760e-89 [ 2.1088e-229 2.7272e-166 1.9970e-109 2.1760e-89 ] 1.0000e+00
 9.656e+01 1.3876e-89 1.3876e-89 [ 7.6144e-230 1.2079e-166 1.1388e-109 1.3876e-89 ] 1.0000e+00
 9.667e+01 8.8440e-90 8.8440e-90 [ 2.7444e-230 5.3391e-167 6.4813e-110 8.8440e-90 ] 1.0000e+00
 9.679e+01 5.6343e-90 5.6343e-90 [ 9.8724e-231 2.3551e-167 3.6810e-110 5.6343e-90 ] 1.0000e+00
 9.690e+01 3.5878e-90 3.5878e-90 [ 3.5442e-231 1.0365e-167 2.0859e-110 3.5878e-90 ] 1.0000e+00
 9.701e+01 2.2835e-90 2.2835e-90 [ 1.2697e-231 4.5515e-168 1.1792e-110 2.2835e-90 ] 1.0000e+00
 9.713e+01 1.4527e-90 1.4527e-90 [ 4.5382e-232 1.9937e-168 6.6499e-111 1.4527e-90 ] 1.0000e+00
 9.724e+01 9.2373e-91 9.2373e-91 [ 1.6182e-232 8.7108e-169 3.7399e-111 9.2373e-91 ] 1.0000e+00
 9.735e+01 5.8709e-91 5.8709e-91 [ 5.7554e-233 3.7954e-169 2.0972e-111 5.8709e-91 ] 1.0000e+00
 9.747e+01 3.7296e-91 3.7296e-91 [ 2.0414e-233 1.6489e-169 1.1725e-111 3.7296e-91 ] 1.0000e+00
 9.758e+01 2.3681e-91 2.3681e-91 [ 7.2196e-234 7.1411e-170 6.5330e-112 2.3681e-91 ] 1.0000e+00
 9.769e+01 1.5029e-91 1.5029e-91 [ 2.5452e-234 3.0823e-170 3.6271e-112 1.5029e-91 ] 1.0000e+00
 9.781e+01 9.5333e-92 9.5333e-92 [ 8.9418e-235 1.3256e-170 2.0060e-112 9.5333e-92 ] 1.0000e+00
 9.792e+01 6.0441e-92 6.0441e-92 [ 3.1297e-235 5.6782e-171 1.1047e-112 6.0441e-92 ] 1.0000e+00
 9.803e+01 3.8298e-92 3.8298e-92 [ 1.0909e-235 2.4218e-171 6.0557e-113 3.8298e-92 ] 1.0000e+00
 9.815e+01 2.4253e-92 2.4253e-92 [ 3.7849e-236 1.0279e-171 3.3026e-113 2.4253e-92 ] 1.0000e+00
 9.826e+01 1.5349e-92 1.5349e-92 [ 1.3065e-236 4.3400e-172 1.7909e-113 1.5349e-92 ] 1.0000e+00
 9.837e+01 9.7060e-93 9.7060e-93 [ 4.4837e-237 1.8214e-172 9.6501e-114 9.7060e-93 ] 1.0000e+00
 9.849e+01 6.1318e-93 6.1318e-93 [ 1.5286e-237 7.5918e-173 5.1625e-114 6.1318e-93 ] 1.0000e+00
 9.860e+01 3.8689e-93 3.8689e-93 [ 5.1718e-238 3.1396e-173 2.7390e-114 3.8689e-93 ] 1.0000e+00
 9.871e+01 2.4370e-93 2.4370e-93 [ 1.7341e-238 1.2865e-173 1.4393e-114 2.4370e-93 ] 1.0000e+00
 9.883e+01 1.5311e-93 1.5311e-93 [ 5.7525e-239 5.2143e-174 7.4773e-115 1.5311e-93 ] 1.0000e+00
 9.894e+01 9.5833e-94 9.5833e-94 [ 1.8834e-239 2.0854e-174 3.8312e-115 9.5833e-94 ] 1.0000e+00
 9.905e+01 5.9618e-94 5.9618e-94 [ 6.0659e-240 8.2025e-175 1.9294e-115 5.9618e-94 ] 1.0000e+00
 9.917e+01 3.6714e-94 3.6714e-94 [ 1.9124e-240 3.1575e-175 9.4997e-116 3.6714e-94 ] 1.0000e+00
 9.928e+01 2.2210e-94 2.2210e-94 [ 5.8578e-241 1.1804e-175 4.5336e-116 2.2210e-94 ] 1.0000e+00
 9.939e+01 1.2996e-94 1.2996e-94 [ 1.7209e-241 4.2279e-176 2.0636e-116 1.2996e-94 ] 1.0000e+00
 9.951e+01 7.1107e-95 7.1107e-95 [ 4.7277e-242 1.4112e-176 8.6532e-117 7.1107e-95 ] 1.0000e+00
 9.962e+01 3.3397e-95 3.3397e-95 [ 1.1381e-242 4.0751e-177 3.0549e-117 3.3397e-95 ] 1.0000e+00
 9.973e+01 1.0142e-95 1.0142e-95 [ 1.8393e-243 7.5955e-178 6.5833e-118 1.0142e-95 ] 1.0000e+00
 9.985e+01 0.0000e+00 0.0000e+00 [ 0.0000e+00 0.0000e+00 0.0000e+00 0.0000e+00 ] 1.0000e+00
