 0.000e+00 0.0000e+00 0.0000e+00 [ 0.0000e+00 0.0000e+00 0.0000e+00 0.0000e+00 0.0000e+00 0.0000e+00 0.0000e+00 ] 0.0000e+00 [ 0.0000e+00 ] 1.0000e+00
 1.133e-01 8.9637e-03 8.9637e-03 [ 6.6982e-03 2.7530e-04 7.5567e-05 6.2878e-04 1.5678e-04 7.2422e-04 4.0485e-04 ] 0.0000e+00 [ 0.0000e+00 ] 9.9104e-01
 2.267e-01 2.0432e-02 2.0432e-02 [ 1.0406e-02 1.1765e-03 3.4659e-04 3.0211e-03 6.9830e-04 3.1543e-03 1.6292e-03 ] 0.0000e+00 [ 0.0000e+00 ] 9.7957e-01
 3.400e-01 4.0571e-02 4.0571e-02 [ 1.3849e-02 2.9352e-03 9.6642e-04 9.0377e-03 1.8594e-03 8.1091e-03 3.8148e-03 ] 0.0000e+00 [ 0.0000e+00 ] 9.5943e-01
 4.533e-01 7.7842e-02 7.7842e-02 [ 1.8186e-02 5.9452e-03 2.2605e-03 2.3043e-02 4.0966e-03 1.7073e-02 7.2382e-03 ] 0.0000e+00 [ 0.0000e+00 ] 9.2216e-01
 5.667e-01 1.4644e-01 1.4644e-01 [ 2.4722e-02 1.0687e-02 4.8051e-03 5.3837e-02 8.1167e-03 3.2089e-02 1.2184e-02 ] 0.0000e+00 [ 0.0000e+00 ] 8.5356e-01
 6.800e-01 2.6417e-01 2.6417e-01 [ 3.4301e-02 1.7342e-02 9.3533e-03 1.1540e-01 1.4626e-02 5.4606e-02 1.8536e-02 ] 0.0000e+00 [ 0.0000e+00 ] 7.3583e-01
 7.933e-01 4.3559e-01 4.3559e-01 [ 4.5718e-02 2.4860e-02 1.6147e-02 2.1854e-01 2.3307e-02 8.2048e-02 2.4967e-02 ] 0.0000e+00 [ 0.0000e+00 ] 5.6441e-01
 9.067e-01 6.1956e-01 6.1956e-01 [ 5.4181e-02 3.0360e-02 2.3569e-02 3.4664e-01 3.1461e-02 1.0460e-01 2.8752e-02 ] 0.0000e+00 [ 0.0000e+00 ] 3.8044e-01
 1.020e+00 7.4750e-01 7.4750e-01 [ 5.5307e-02 3.1649e-02 2.8845e-02 4.5444e-01 3.5828e-02 1.1302e-01 2.8404e-02 ] 0.0000e+00 [ 0.0000e+00 ] 2.5250e-01
 1.133e+00 8.0744e-01 8.0744e-01 [ 5.0902e-02 3.0074e-02 3.1452e-02 5.2218e-01 3.6655e-02 1.1044e-01 2.5739e-02 ] 0.0000e+00 [ 0.0000e+00 ] 1.9256e-01
 1.247e+00 8.3060e-01 8.3060e-01 [ 4.4800e-02 2.7865e-02 3.2628e-02 5.6188e-01 3.6015e-02 1.0448e-01 2.2930e-02 ] 0.0000e+00 [ 0.0000e+00 ] 1.6940e-01
 1.360e+00 8.3949e-01 8.3949e-01 [ 3.8937e-02 2.6067e-02 3.3294e-02 5.8595e-01 3.5170e-02 9.9216e-02 2.0856e-02 ] 0.0000e+00 [ 0.0000e+00 ] 1.6051e-01
 1.473e+00 8.4308e-01 8.4308e-01 [ 3.3887e-02 2.4964e-02 3.3827e-02 6.0011e-01 3.4593e-02 9.6012e-02 1.9691e-02 ] 0.0000e+00 [ 0.0000e+00 ] 1.5691e-01
 1.587e+00 8.4431e-01 8.4431e-01 [ 2.9729e-02 2.4603e-02 3.4352e-02 6.0651e-01 3.4434e-02 9.5244e-02 1.9436e-02 ] 0.0000e+00 [ 0.0000e+00 ] 1.5569e-01
 1.700e+00 8.4394e-01 8.4394e-01 [ 2.6398e-02 2.5004e-02 3.4906e-02 6.0577e-01 3.4737e-02 9.7026e-02 2.0100e-02 ] 0.0000e+00 [ 0.0000e+00 ] 1.5606e-01
 1.813e+00 8.4186e-01 8.4186e-01 [ 2.3796e-02 2.6210e-02 3.5479e-02 5.9772e-01 3.5500e-02 1.0140e-01 2.1752e-02 ] 0.0000e+00 [ 0.0000e+00 ] 1.5814e-01
 1.927e+00 8.3689e-01 8.3689e-01 [ 2.1806e-02 2.8284e-02 3.6006e-02 5.8129e-01 3.6667e-02 1.0832e-01 2.4514e-02 ] 0.0000e+00 [ 0.0000e+00 ] 1.6311e-01
 2.040e+00 8.2521e-01 8.2521e-01 [ 2.0254e-02 3.1232e-02 3.6284e-02 5.5365e-01 3.8030e-02 1.1727e-01 2.8490e-02 ] 0.0000e+00 [ 0.0000e+00 ] 1.7479e-01
 2.153e+00 7.9585e-01 7.9585e-01 [ 1.8804e-02 3.4706e-02 3.5740e-02 5.0789e-01 3.8951e-02 1.2630e-01 3.3466e-02 ] 0.0000e+00 [ 0.0000e+00 ] 2.0414e-01
 2.267e+00 7.2427e-01 7.2427e-01 [ 1.6780e-02 3.7306e-02 3.3109e-02 4.3125e-01 3.7867e-02 1.2985e-01 3.8104e-02 ] 0.0000e+00 [ 0.0000e+00 ] 2.7573e-01
 2.380e+00 5.8515e-01 5.8515e-01 [ 1.3440e-02 3.6302e-02 2.7029e-02 3.1720e-01 3.2698e-02 1.1914e-01 3.9336e-02 ] 0.0000e+00 [ 0.0000e+00 ] 4.1485e-01
 2.493e+00 4.0413e-01 4.0413e-01 [ 9.2004e-03 3.0503e-02 1.8630e-02 1.9365e-01 2.3947e-02 9.3072e-02 3.5128e-02 ] 0.0000e+00 [ 0.0000e+00 ] 5.9587e-01
 2.607e+00 2.4587e-01 2.4587e-01 [ 5.4860e-03 2.2537e-02 1.1126e-02 1.0081e-01 1.5183e-02 6.3077e-02 2.7643e-02 ] 0.0000e+00 [ 0.0000e+00 ] 7.5414e-01
 2.720e+00 1.3967e-01 1.3967e-01 [ 2.9973e-03 1.5374e-02 6.0867e-03 4.7341e-02 8.7665e-03 3.8959e-02 2.0143e-02 ] 0.0000e+00 [ 0.0000e+00 ] 8.6033e-01
 2.833e+00 7.7620e-02 7.7620e-02 [ 1.5654e-03 1.0081e-02 3.1914e-03 2.0968e-02 4.8045e-03 2.2838e-02 1.4172e-02 ] 0.0000e+00 [ 0.0000e+00 ] 9.2238e-01
 2.947e+00 4.3433e-02 4.3433e-02 [ 8.0271e-04 6.5118e-03 1.6492e-03 8.9980e-03 2.5627e-03 1.3023e-02 9.8857e-03 ] 0.0000e+00 [ 0.0000e+00 ] 9.5657e-01
 3.060e+00 2.4869e-02 2.4869e-02 [ 4.1040e-04 4.1970e-03 8.5337e-04 3.7961e-03 1.3486e-03 7.3235e-03 6.9399e-03 ] 0.0000e+00 [ 0.0000e+00 ] 9.7513e-01
 3.173e+00 1.4699e-02 1.4699e-02 [ 2.1109e-04 2.7162e-03 4.4618e-04 1.5866e-03 7.0521e-04 4.0910e-03 4.9424e-03 ] 0.0000e+00 [ 0.0000e+00 ] 9.8530e-01
 3.287e+00 9.0074e-03 9.0074e-03 [ 1.0980e-04 1.7696e-03 2.3697e-04 6.5965e-04 3.6777e-04 2.2794e-03 3.5842e-03 ] 0.0000e+00 [ 0.0000e+00 ] 9.9099e-01
 3.400e+00 5.7321e-03 5.7321e-03 [ 5.7936e-05 1.1614e-03 1.2826e-04 2.7342e-04 1.9166e-04 1.2699e-03 2.6494e-03 ] 0.0000e+00 [ 0.0000e+00 ] 9.9427e-01
 3.513e+00 3.7861e-03 3.7861e-03 [ 3.1060e-05 7.6762e-04 7.0898e-05 1.1313e-04 9.9904e-05 7.0879e-04 1.9947e-03 ] 0.0000e+00 [ 0.0000e+00 ] 9.9621e-01
 3.627e+00 2.5900e-03 2.5900e-03 [ 1.6926e-05 5.1040e-04 4.0064e-05 4.6766e-05 5.2119e-05 3.9692e-04 1.5268e-03 ] 0.0000e+00 [ 0.0000e+00 ] 9.9741e-01
 3.740e+00 1.8286e-03 1.8286e-03 [ 9.3711e-06 3.4099e-04 2.3153e-05 1.9323e-05 2.7219e-05 2.2337e-04 1.1851e-03 ] 0.0000e+00 [ 0.0000e+00 ] 9.9817e-01
 3.853e+00 1.3268e-03 1.3268e-03 [ 5.2654e-06 2.2858e-04 1.3678e-05 7.9835e-06 1.4233e-05 1.2656e-04 9.3047e-04 ] 0.0000e+00 [ 0.0000e+00 ] 9.9867e-01
 3.967e+00 9.8489e-04 9.8489e-04 [ 2.9975e-06 1.5352e-04 8.2521e-06 3.2995e-06 7.4512e-06 7.2344e-05 7.3702e-04 ] 0.0000e+00 [ 0.0000e+00 ] 9.9902e-01
 4.080e+00 7.4469e-04 7.4469e-04 [ 1.7256e-06 1.0317e-04 5.0760e-06 1.3644e-06 3.9057e-06 4.1824e-05 5.8762e-04 ] 0.0000e+00 [ 0.0000e+00 ] 9.9926e-01
 4.193e+00 5.7126e-04 5.7126e-04 [ 1.0025e-06 6.9287e-05 3.1774e-06 5.6475e-07 2.0496e-06 2.4522e-05 4.7066e-04 ] 0.0000e+00 [ 0.0000e+00 ] 9.9943e-01
 4.307e+00 4.4308e-04 4.4308e-04 [ 5.8650e-07 4.6442e-05 2.0195e-06 2.3404e-07 1.0767e-06 1.4625e-05 3.7810e-04 ] 0.0000e+00 [ 0.0000e+00 ] 9.9956e-01
 4.420e+00 3.4649e-04 3.4649e-04 [ 3.4488e-07 3.1038e-05 1.3004e-06 9.7143e-08 5.6617e-07 8.8975e-06 3.0424e-04 ] 0.0000e+00 [ 0.0000e+00 ] 9.9965e-01
 4.533e+00 2.7256e-04 2.7256e-04 [ 2.0348e-07 2.0664e-05 8.4648e-07 4.0399e-08 2.9795e-07 5.5358e-06 2.4497e-04 ] 0.0000e+00 [ 0.0000e+00 ] 9.9973e-01
 4.647e+00 2.1529e-04 2.1529e-04 [ 1.2025e-07 1.3693e-05 5.5580e-07 1.6841e-08 1.5689e-07 3.5284e-06 1.9722e-04 ] 0.0000e+00 [ 0.0000e+00 ] 9.9978e-01
 4.760e+00 1.7051e-04 1.7051e-04 [ 7.1088e-08 9.0268e-06 3.6741e-07 7.0405e-09 8.2656e-08 2.3055e-06 1.5865e-04 ] 0.0000e+00 [ 0.0000e+00 ] 9.9983e-01
 4.873e+00 1.3526e-04 1.3526e-04 [ 4.1981e-08 5.9165e-06 2.4409e-07 2.9535e-09 4.3558e-08 1.5434e-06 1.2746e-04 ] 0.0000e+00 [ 0.0000e+00 ] 9.9986e-01
 4.987e+00 1.0737e-04 1.0737e-04 [ 2.4740e-08 3.8542e-06 1.6273e-07 1.2441e-09 2.2956e-08 1.0568e-06 1.0225e-04 ] 0.0000e+00 [ 0.0000e+00 ] 9.9989e-01
 5.100e+00 8.5241e-05 8.5241e-05 [ 1.4536e-08 2.4947e-06 1.0871e-07 5.2668e-10 1.2097e-08 7.3835e-07 8.1873e-05 ] 0.0000e+00 [ 0.0000e+00 ] 9.9991e-01
 5.213e+00 6.7640e-05 6.7640e-05 [ 8.5070e-09 1.6042e-06 7.2689e-08 2.2428e-10 6.3729e-09 5.2476e-07 6.5423e-05 ] 0.0000e+00 [ 0.0000e+00 ] 9.9993e-01
 5.327e+00 5.3625e-05 5.3625e-05 [ 4.9559e-09 1.0247e-06 4.8595e-08 9.6195e-11 3.3555e-09 3.7824e-07 5.2165e-05 ] 0.0000e+00 [ 0.0000e+00 ] 9.9995e-01
 5.440e+00 4.2463e-05 4.2463e-05 [ 2.8722e-09 6.5020e-07 3.2452e-08 4.1615e-11 1.7655e-09 2.7569e-07 4.1500e-05 ] 0.0000e+00 [ 0.0000e+00 ] 9.9996e-01
 5.553e+00 3.3575e-05 3.3575e-05 [ 1.6550e-09 4.0985e-07 2.1631e-08 1.8191e-11 9.2807e-10 2.0268e-07 3.2938e-05 ] 0.0000e+00 [ 0.0000e+00 ] 9.9997e-01
 5.667e+00 2.6502e-05 2.6502e-05 [ 9.4776e-10 2.5666e-07 1.4380e-08 8.0513e-12 4.8732e-10 1.4997e-07 2.6080e-05 ] 0.0000e+00 [ 0.0000e+00 ] 9.9997e-01
 5.780e+00 2.0882e-05 2.0882e-05 [ 5.3918e-10 1.5971e-07 9.5291e-09 3.6169e-12 2.5557e-10 1.1149e-07 2.0600e-05 ] 0.0000e+00 [ 0.0000e+00 ] 9.9998e-01
 5.893e+00 1.6421e-05 1.6421e-05 [ 3.0462e-10 9.8766e-08 6.2904e-09 1.6533e-12 1.3383e-10 8.3160e-08 1.6233e-05 ] 0.0000e+00 [ 0.0000e+00 ] 9.9998e-01
 6.007e+00 1.2887e-05 1.2887e-05 [ 1.7086e-10 6.0710e-08 4.1345e-09 7.7106e-13 6.9975e-11 6.2171e-08 1.2760e-05 ] 0.0000e+00 [ 0.0000e+00 ] 9.9999e-01
 6.120e+00 1.0093e-05 1.0093e-05 [ 9.5121e-11 3.7099e-08 2.7045e-09 3.6772e-13 3.6524e-11 4.6547e-08 1.0006e-05 ] 0.0000e+00 [ 0.0000e+00 ] 9.9999e-01
 6.233e+00 7.8874e-06 7.8874e-06 [ 5.2552e-11 2.2543e-08 1.7599e-09 1.7964e-13 1.9030e-11 3.4879e-08 7.8281e-06 ] 0.0000e+00 [ 0.0000e+00 ] 9.9999e-01
 6.347e+00 6.1507e-06 6.1507e-06 [ 2.8807e-11 1.3623e-08 1.1389e-09 8.9978e-14 9.8956e-12 2.6147e-08 6.1097e-06 ] 0.0000e+00 [ 0.0000e+00 ] 9.9999e-01
 6.460e+00 4.7861e-06 4.7861e-06 [ 1.5665e-11 8.1889e-09 7.3274e-10 4.6194e-14 5.1355e-12 1.9603e-08 4.7575e-06 ] 0.0000e+00 [ 0.0000e+00 ] 1.0000e+00
 6.573e+00 3.7163e-06 3.7163e-06 [ 8.4505e-12 4.8970e-09 4.6851e-10 2.4275e-14 2.6596e-12 1.4695e-08 3.6962e-06 ] 0.0000e+00 [ 0.0000e+00 ] 1.0000e+00
 6.687e+00 2.8795e-06 2.8795e-06 [ 4.5214e-12 2.9136e-09 2.9764e-10 1.3028e-14 1.3744e-12 1.1012e-08 2.8653e-06 ] 0.0000e+00 [ 0.0000e+00 ] 1.0000e+00
 6.800e+00 2.2265e-06 2.2265e-06 [ 2.3994e-12 1.7250e-09 1.8784e-10 7.1204e-15 7.0867e-13 8.2483e-09 2.2163e-06 ] 0.0000e+00 [ 0.0000e+00 ] 1.0000e+00
 6.913e+00 1.7180e-06 1.7180e-06 [ 1.2628e-12 1.0163e-09 1.1773e-10 3.9503e-15 3.6459e-13 6.1753e-09 1.7107e-06 ] 0.0000e+00 [ 0.0000e+00 ] 1.0000e+00
 7.027e+00 1.3230e-06 1.3230e-06 [ 6.5914e-13 5.9585e-10 7.3271e-11 2.2178e-15 1.8714e-13 4.6207e-09 1.3177e-06 ] 0.0000e+00 [ 0.0000e+00 ] 1.0000e+00
 7.140e+00 1.0168e-06 1.0168e-06 [ 3.4121e-13 3.4766e-10 4.5275e-11 1.2564e-15 9.5836e-14 3.4555e-09 1.0130e-06 ] 0.0000e+00 [ 0.0000e+00 ] 1.0000e+00
 7.253e+00 7.8003e-07 7.8003e-07 [ 1.7518e-13 2.0187e-10 2.7772e-11 7.1638e-16 4.8963e-14 2.5826e-09 7.7722e-07 ] 0.0000e+00 [ 0.0000e+00 ] 1.0000e+00
 7.367e+00 5.9728e-07 5.9728e-07 [ 8.9200e-14 1.1665e-10 1.6909e-11 4.1027e-16 2.4957e-14 1.9290e-09 5.9522e-07 ] 0.0000e+00 [ 0.0000e+00 ] 1.0000e+00
 7.480e+00 4.5653e-07 4.5653e-07 [ 4.5049e-14 6.7073e-11 1.0218e-11 2.3558e-16 1.2690e-14 1.4400e-09 4.5501e-07 ] 0.0000e+00 [ 0.0000e+00 ] 1.0000e+00
 7.593e+00 3.4835e-07 3.4835e-07 [ 2.2567e-14 3.8375e-11 6.1278e-12 1.3545e-16 6.4377e-15 1.0743e-09 3.4723e-07 ] 0.0000e+00 [ 0.0000e+00 ] 1.0000e+00
 7.707e+00 2.6537e-07 2.6537e-07 [ 1.1213e-14 2.1845e-11 3.6470e-12 7.7887e-17 3.2580e-15 8.0102e-10 2.6454e-07 ] 0.0000e+00 [ 0.0000e+00 ] 1.0000e+00
 7.820e+00 2.0183e-07 2.0183e-07 [ 5.5276e-15 1.2371e-11 2.1538e-12 4.4758e-17 1.6449e-15 5.9693e-10 2.0122e-07 ] 0.0000e+00 [ 0.0000e+00 ] 1.0000e+00
 7.933e+00 1.5327e-07 1.5327e-07 [ 2.7032e-15 6.9691e-12 1.2623e-12 2.5685e-17 8.2855e-16 4.4460e-10 1.5282e-07 ] 0.0000e+00 [ 0.0000e+00 ] 1.0000e+00
 8.047e+00 1.1623e-07 1.1623e-07 [ 1.3117e-15 3.9050e-12 7.3406e-13 1.4713e-17 4.1636e-16 3.3098e-10 1.1589e-07 ] 0.0000e+00 [ 0.0000e+00 ] 1.0000e+00
 8.160e+00 8.8010e-08 8.8010e-08 [ 6.3154e-16 2.1762e-12 4.2360e-13 8.4086e-18 2.0874e-16 2.4627e-10 8.7762e-08 ] 0.0000e+00 [ 0.0000e+00 ] 1.0000e+00
 8.273e+00 6.6556e-08 6.6556e-08 [ 3.0175e-16 1.2061e-12 2.4257e-13 4.7933e-18 1.0441e-16 1.8315e-10 6.6372e-08 ] 0.0000e+00 [ 0.0000e+00 ] 1.0000e+00
 8.387e+00 5.0268e-08 5.0268e-08 [ 1.4309e-16 6.6462e-13 1.3785e-13 2.7248e-18 5.2104e-17 1.3615e-10 5.0131e-08 ] 0.0000e+00 [ 0.0000e+00 ] 1.0000e+00
 8.500e+00 3.7919e-08 3.7919e-08 [ 6.7351e-17 3.6415e-13 7.7736e-14 1.5443e-18 2.5944e-17 1.0117e-10 3.7818e-08 ] 0.0000e+00 [ 0.0000e+00 ] 1.0000e+00
 8.613e+00 2.8571e-08 2.8571e-08 [ 3.1469e-17 1.9836e-13 4.3507e-14 8.7257e-19 1.2890e-17 7.5144e-11 2.8496e-08 ] 0.0000e+00 [ 0.0000e+00 ] 1.0000e+00
 8.727e+00 2.1504e-08 2.1504e-08 [ 1.4597e-17 1.0741e-13 2.4167e-14 4.9143e-19 6.3908e-18 5.5791e-11 2.1448e-08 ] 0.0000e+00 [ 0.0000e+00 ] 1.0000e+00
 8.840e+00 1.6168e-08 1.6168e-08 [ 6.7231e-18 5.7817e-14 1.3324e-14 2.7587e-19 3.1619e-18 4.1407e-11 1.6127e-08 ] 0.0000e+00 [ 0.0000e+00 ] 1.0000e+00
 8.953e+00 1.2144e-08 1.2144e-08 [ 3.0747e-18 3.0933e-14 7.2919e-15 1.5434e-19 1.5613e-18 3.0720e-11 1.2113e-08 ] 0.0000e+00 [ 0.0000e+00 ] 1.0000e+00
 9.067e+00 9.1129e-09 9.1129e-09 [ 1.3965e-18 1.6449e-14 3.9616e-15 8.6060e-20 7.6955e-19 2.2784e-11 9.0901e-09 ] 0.0000e+00 [ 0.0000e+00 ] 1.0000e+00
 9.180e+00 6.8321e-09 6.8321e-09 [ 6.2993e-19 8.6929e-15 2.1367e-15 4.7823e-20 3.7865e-19 1.6892e-11 6.8152e-09 ] 0.0000e+00 [ 0.0000e+00 ] 1.0000e+00
 9.293e+00 5.1178e-09 5.1178e-09 [ 2.8224e-19 4.5656e-15 1.1442e-15 2.6484e-20 1.8603e-19 1.2520e-11 5.1053e-09 ] 0.0000e+00 [ 0.0000e+00 ] 1.0000e+00
 9.407e+00 3.8306e-09 3.8306e-09 [ 1.2563e-19 2.3830e-15 6.0846e-16 1.4617e-20 9.1275e-20 9.2769e-12 3.8213e-09 ] 0.0000e+00 [ 0.0000e+00 ] 1.0000e+00
 9.520e+00 2.8649e-09 2.8649e-09 [ 5.5550e-20 1.2360e-15 3.2131e-16 8.0392e-21 4.4741e-20 6.8719e-12 2.8580e-09 ] 0.0000e+00 [ 0.0000e+00 ] 1.0000e+00
 9.633e+00 2.1411e-09 2.1411e-09 [ 2.4405e-20 6.3709e-16 1.6851e-16 4.4064e-21 2.1919e-20 5.0890e-12 2.1360e-09 ] 0.0000e+00 [ 0.0000e+00 ] 1.0000e+00
 9.747e+00 1.5990e-09 1.5990e-09 [ 1.0654e-20 3.2632e-16 8.7782e-17 2.4070e-21 1.0737e-20 3.7676e-12 1.5952e-09 ] 0.0000e+00 [ 0.0000e+00 ] 1.0000e+00
 9.860e+00 1.1934e-09 1.1934e-09 [ 4.6217e-21 1.6609e-16 4.5425e-17 1.3103e-21 5.2633e-21 2.7887e-12 1.1906e-09 ] 0.0000e+00 [ 0.0000e+00 ] 1.0000e+00
 9.973e+00 8.9011e-10 8.9011e-10 [ 1.9924e-21 8.4007e-17 2.3353e-17 7.1086e-22 2.5839e-21 2.0636e-12 8.8804e-10 ] 0.0000e+00 [ 0.0000e+00 ] 1.0000e+00
 1.009e+01 6.6350e-10 6.6350e-10 [ 8.5367e-22 4.2223e-17 1.1929e-17 3.8435e-22 1.2718e-21 1.5267e-12 6.6198e-10 ] 0.0000e+00 [ 0.0000e+00 ] 1.0000e+00
 1.020e+01 4.9431e-10 4.9431e-10 [ 3.6353e-22 2.1090e-17 6.0554e-18 2.0711e-22 6.2860e-22 1.1293e-12 4.9318e-10 ] 0.0000e+00 [ 0.0000e+00 ] 1.0000e+00
 1.031e+01 3.6806e-10 3.6806e-10 [ 1.5387e-22 1.0468e-17 3.0547e-18 1.1123e-22 3.1251e-22 8.3510e-13 3.6722e-10 ] 0.0000e+00 [ 0.0000e+00 ] 1.0000e+00
 1.043e+01 2.7391e-10 2.7391e-10 [ 6.4742e-23 5.1637e-18 1.5317e-18 5.9537e-23 1.5662e-22 6.1744e-13 2.7330e-10 ] 0.0000e+00 [ 0.0000e+00 ] 1.0000e+00
 1.054e+01 2.0375e-10 2.0375e-10 [ 2.7078e-23 2.5314e-18 7.6343e-19 3.1762e-23 7.9333e-23 4.5642e-13 2.0329e-10 ] 0.0000e+00 [ 0.0000e+00 ] 1.0000e+00
 1.065e+01 1.5149e-10 1.5149e-10 [ 1.1259e-23 1.2333e-18 3.7830e-19 1.6888e-23 4.0726e-23 3.3733e-13 1.5115e-10 ] 0.0000e+00 [ 0.0000e+00 ] 1.0000e+00
 1.077e+01 1.1258e-10 1.1258e-10 [ 4.6538e-24 5.9723e-19 1.8638e-19 8.9504e-24 2.1250e-23 2.4927e-13 1.1233e-10 ] 0.0000e+00 [ 0.0000e+00 ] 1.0000e+00
 1.088e+01 8.3635e-11 8.3635e-11 [ 1.9125e-24 2.8745e-19 9.1313e-20 4.7280e-24 1.1301e-23 1.8417e-13 8.3451e-11 ] 0.0000e+00 [ 0.0000e+00 ] 1.0000e+00
 1.099e+01 6.2105e-11 6.2105e-11 [ 7.8140e-25 1.3752e-19 4.4491e-20 2.4895e-24 6.1388e-24 1.3604e-13 6.1969e-11 ] 0.0000e+00 [ 0.0000e+00 ] 1.0000e+00
 1.111e+01 4.6099e-11 4.6099e-11 [ 3.1743e-25 6.5394e-20 2.1561e-20 1.3066e-24 3.4106e-24 1.0048e-13 4.5999e-11 ] 0.0000e+00 [ 0.0000e+00 ] 1.0000e+00
 1.122e+01 3.4207e-11 3.4207e-11 [ 1.2821e-25 3.0913e-20 1.0394e-20 6.8355e-25 1.9385e-24 7.4197e-14 3.4132e-11 ] 0.0000e+00 [ 0.0000e+00 ] 1.0000e+00
 1.133e+01 2.5373e-11 2.5373e-11 [ 5.1489e-26 1.4527e-20 4.9845e-21 3.5647e-25 1.1261e-24 5.4783e-14 2.5318e-11 ] 0.0000e+00 [ 0.0000e+00 ] 1.0000e+00
 1.145e+01 1.8815e-11 1.8815e-11 [ 2.0561e-26 6.7873e-21 2.3784e-21 1.8532e-25 6.6746e-25 4.0442e-14 1.8774e-11 ] 0.0000e+00 [ 0.0000e+00 ] 1.0000e+00
 1.156e+01 1.3947e-11 1.3947e-11 [ 8.1641e-27 3.1528e-21 1.1292e-21 9.6035e-26 4.0262e-25 2.9851e-14 1.3917e-11 ] 0.0000e+00 [ 0.0000e+00 ] 1.0000e+00
 1.167e+01 1.0336e-11 1.0336e-11 [ 3.2235e-27 1.4562e-21 5.3356e-22 4.9613e-26 2.4648e-25 2.2030e-14 1.0314e-11 ] 0.0000e+00 [ 0.0000e+00 ] 1.0000e+00
 1.179e+01 7.6575e-12 7.6575e-12 [ 1.2656e-27 6.6876e-22 2.5091e-22 2.5552e-26 1.5272e-25 1.6256e-14 7.6412e-12 ] 0.0000e+00 [ 0.0000e+00 ] 1.0000e+00
 1.190e+01 5.6716e-12 5.6716e-12 [ 4.9414e-28 3.0542e-22 1.1745e-22 1.3119e-26 9.5528e-26 1.1993e-14 5.6596e-12 ] 0.0000e+00 [ 0.0000e+00 ] 1.0000e+00
 1.201e+01 4.1997e-12 4.1997e-12 [ 1.9186e-28 1.3871e-22 5.4727e-23 6.7155e-27 6.0189e-26 8.8471e-15 4.1908e-12 ] 0.0000e+00 [ 0.0000e+00 ] 1.0000e+00
 1.213e+01 3.1090e-12 3.1090e-12 [ 7.4077e-29 6.2657e-23 2.5388e-23 3.4271e-27 3.8131e-26 6.5253e-15 3.1024e-12 ] 0.0000e+00 [ 0.0000e+00 ] 1.0000e+00
 1.224e+01 2.3010e-12 2.3010e-12 [ 2.8444e-29 2.8150e-23 1.1727e-23 1.7437e-27 2.4253e-26 4.8122e-15 2.2962e-12 ] 0.0000e+00 [ 0.0000e+00 ] 1.0000e+00
 1.235e+01 1.7026e-12 1.7026e-12 [ 1.0862e-29 1.2580e-23 5.3935e-24 8.8454e-28 1.5470e-26 3.5483e-15 1.6991e-12 ] 0.0000e+00 [ 0.0000e+00 ] 1.0000e+00
 1.247e+01 1.2596e-12 1.2596e-12 [ 4.1251e-30 5.5922e-24 2.4704e-24 4.4738e-28 9.8874e-27 2.6159e-15 1.2570e-12 ] 0.0000e+00 [ 0.0000e+00 ] 1.0000e+00
 1.258e+01 9.3168e-13 9.3168e-13 [ 1.5581e-30 2.4731e-24 1.1269e-24 2.2561e-28 6.3277e-27 1.9283e-15 9.2975e-13 ] 0.0000e+00 [ 0.0000e+00 ] 1.0000e+00
 1.269e+01 6.8899e-13 6.8899e-13 [ 5.8529e-31 1.0881e-24 5.1204e-25 1.1344e-28 4.0529e-27 1.4212e-15 6.8756e-13 ] 0.0000e+00 [ 0.0000e+00 ] 1.0000e+00
 1.281e+01 5.0942e-13 5.0942e-13 [ 2.1868e-31 4.7636e-25 2.3175e-25 5.6877e-29 2.5972e-27 1.0473e-15 5.0837e-13 ] 0.0000e+00 [ 0.0000e+00 ] 1.0000e+00
 1.292e+01 3.7659e-13 3.7659e-13 [ 8.1263e-32 2.0750e-25 1.0450e-25 2.8435e-29 1.6647e-27 7.7164e-16 3.7581e-13 ] 0.0000e+00 [ 0.0000e+00 ] 1.0000e+00
 1.303e+01 2.7834e-13 2.7834e-13 [ 3.0036e-32 8.9948e-26 4.6942e-26 1.4175e-29 1.0670e-27 5.6845e-16 2.7777e-13 ] 0.0000e+00 [ 0.0000e+00 ] 1.0000e+00
 1.315e+01 2.0570e-13 2.0570e-13 [ 1.1043e-32 3.8803e-26 2.1011e-26 7.0462e-30 6.8390e-28 4.1869e-16 2.0528e-13 ] 0.0000e+00 [ 0.0000e+00 ] 1.0000e+00
 1.326e+01 1.5199e-13 1.5199e-13 [ 4.0382e-33 1.6660e-26 9.3713e-27 3.4928e-30 4.3825e-28 3.0834e-16 1.5168e-13 ] 0.0000e+00 [ 0.0000e+00 ] 1.0000e+00
 1.337e+01 1.1229e-13 1.1229e-13 [ 1.4689e-33 7.1198e-27 4.1653e-27 1.7266e-30 2.8077e-28 2.2703e-16 1.1206e-13 ] 0.0000e+00 [ 0.0000e+00 ] 1.0000e+00
 1.349e+01 8.2944e-14 8.2944e-14 [ 5.3153e-34 3.0288e-27 1.8451e-27 8.5112e-31 1.7983e-28 1.6713e-16 8.2777e-14 ] 0.0000e+00 [ 0.0000e+00 ] 1.0000e+00
 1.360e+01 6.1261e-14 6.1261e-14 [ 1.9133e-34 1.2826e-27 8.1464e-28 4.1842e-31 1.1514e-28 1.2302e-16 6.1138e-14 ] 0.0000e+00 [ 0.0000e+00 ] 1.0000e+00
 1.371e+01 4.5241e-14 4.5241e-14 [ 6.8513e-35 5.4075e-28 3.5851e-28 2.0514e-31 7.3701e-29 9.0528e-17 4.5150e-14 ] 0.0000e+00 [ 0.0000e+00 ] 1.0000e+00
 1.383e+01 3.3406e-14 3.3406e-14 [ 2.4407e-35 2.2699e-28 1.5728e-28 1.0030e-31 4.7161e-29 6.6607e-17 3.3339e-14 ] 0.0000e+00 [ 0.0000e+00 ] 1.0000e+00
 1.394e+01 2.4664e-14 2.4664e-14 [ 8.6500e-36 9.4872e-29 6.8784e-29 4.8910e-32 3.0168e-29 4.8997e-17 2.4615e-14 ] 0.0000e+00 [ 0.0000e+00 ] 1.0000e+00
 1.405e+01 1.8208e-14 1.8208e-14 [ 3.0500e-36 3.9486e-29 2.9992e-29 2.3787e-32 1.9292e-29 3.6036e-17 1.8171e-14 ] 0.0000e+00 [ 0.0000e+00 ] 1.0000e+00
 1.417e+01 1.3440e-14 1.3440e-14 [ 1.0700e-36 1.6366e-29 1.3039e-29 1.1539e-32 1.2333e-29 2.6498e-17 1.3413e-14 ] 0.0000e+00 [ 0.0000e+00 ] 1.0000e+00
 1.428e+01 9.9195e-15 9.9195e-15 [ 3.7347e-37 6.7560e-30 5.6524e-30 5.5825e-33 7.8825e-30 1.9480e-17 9.9000e-15 ] 0.0000e+00 [ 0.0000e+00 ] 1.0000e+00
 1.439e+01 7.3205e-15 7.3205e-15 [ 1.2971e-37 2.7777e-30 2.4435e-30 2.6940e-33 5.0364e-30 1.4317e-17 7.3062e-15 ] 0.0000e+00 [ 0.0000e+00 ] 1.0000e+00
 1.451e+01 5.4019e-15 5.4019e-15 [ 4.4823e-38 1.1376e-30 1.0534e-30 1.2967e-33 3.2171e-30 1.0521e-17 5.3914e-15 ] 0.0000e+00 [ 0.0000e+00 ] 1.0000e+00
 1.462e+01 3.9858e-15 3.9858e-15 [ 1.5413e-38 4.6407e-31 4.5291e-31 6.2261e-34 2.0544e-30 7.7292e-18 3.9780e-15 ] 0.0000e+00 [ 0.0000e+00 ] 1.0000e+00
 1.473e+01 2.9406e-15 2.9406e-15 [ 5.2742e-39 1.8860e-31 1.9422e-31 2.9821e-34 1.3116e-30 5.6770e-18 2.9349e-15 ] 0.0000e+00 [ 0.0000e+00 ] 1.0000e+00
 1.485e+01 2.1693e-15 2.1693e-15 [ 1.7960e-39 7.6366e-32 8.3079e-32 1.4248e-34 8.3720e-31 4.1686e-18 2.1651e-15 ] 0.0000e+00 [ 0.0000e+00 ] 1.0000e+00
 1.496e+01 1.6002e-15 1.6002e-15 [ 6.0861e-40 3.0808e-32 3.5449e-32 6.7919e-35 5.3425e-31 3.0602e-18 1.5971e-15 ] 0.0000e+00 [ 0.0000e+00 ] 1.0000e+00
 1.507e+01 1.1802e-15 1.1802e-15 [ 2.0526e-40 1.2384e-32 1.5089e-32 3.2302e-35 3.4086e-31 2.2460e-18 1.1780e-15 ] 0.0000e+00 [ 0.0000e+00 ] 1.0000e+00
 1.519e+01 8.7043e-16 8.7043e-16 [ 6.8896e-41 4.9604e-33 6.4075e-33 1.5329e-35 2.1743e-31 1.6480e-18 8.6878e-16 ] 0.0000e+00 [ 0.0000e+00 ] 1.0000e+00
 1.530e+01 6.4189e-16 6.4189e-16 [ 2.3016e-41 1.9801e-33 2.7147e-33 7.2594e-36 1.3867e-31 1.2089e-18 6.4068e-16 ] 0.0000e+00 [ 0.0000e+00 ] 1.0000e+00
 1.541e+01 4.7331e-16 4.7331e-16 [ 7.6532e-42 7.8770e-34 1.1476e-33 3.4312e-36 8.8420e-32 8.8650e-19 4.7243e-16 ] 0.0000e+00 [ 0.0000e+00 ] 1.0000e+00
 1.553e+01 3.4898e-16 3.4898e-16 [ 2.5330e-42 3.1231e-34 4.8407e-34 1.6190e-36 5.6371e-32 6.4993e-19 3.4833e-16 ] 0.0000e+00 [ 0.0000e+00 ] 1.0000e+00
 1.564e+01 2.5728e-16 2.5728e-16 [ 8.3449e-43 1.2342e-34 2.0376e-34 7.6285e-37 3.5932e-32 4.7635e-19 2.5681e-16 ] 0.0000e+00 [ 0.0000e+00 ] 1.0000e+00
 1.575e+01 1.8967e-16 1.8967e-16 [ 2.7367e-43 4.8615e-35 8.5587e-35 3.5905e-37 2.2900e-32 3.4903e-19 1.8932e-16 ] 0.0000e+00 [ 0.0000e+00 ] 1.0000e+00
 1.587e+01 1.3981e-16 1.3981e-16 [ 8.9346e-44 1.9089e-35 3.5879e-35 1.6890e-37 1.4593e-32 2.5567e-19 1.3955e-16 ] 0.0000e+00 [ 0.0000e+00 ] 1.0000e+00
 1.598e+01 1.0304e-16 1.0304e-16 [ 2.9039e-44 7.4720e-36 1.5011e-35 7.9453e-38 9.2976e-33 1.8722e-19 1.0286e-16 ] 0.0000e+00 [ 0.0000e+00 ] 1.0000e+00
 1.609e+01 7.5941e-17 7.5941e-17 [ 9.3961e-45 2.9158e-36 6.2686e-36 3.7413e-38 5.9230e-33 1.3706e-19 7.5804e-17 ] 0.0000e+00 [ 0.0000e+00 ] 1.0000e+00
 1.621e+01 5.5962e-17 5.5962e-17 [ 3.0270e-45 1.1344e-36 2.6129e-36 1.7655e-38 3.7728e-33 1.0031e-19 5.5862e-17 ] 0.0000e+00 [ 0.0000e+00 ] 1.0000e+00
 1.632e+01 4.1236e-17 4.1236e-17 [ 9.7090e-46 4.4002e-37 1.0872e-36 8.3616e-39 2.4028e-33 7.3385e-20 4.1162e-17 ] 0.0000e+00 [ 0.0000e+00 ] 1.0000e+00
 1.643e+01 3.0381e-17 3.0381e-17 [ 3.1008e-46 1.7018e-37 4.5156e-37 3.9826e-39 1.5302e-33 5.3673e-20 3.0328e-17 ] 0.0000e+00 [ 0.0000e+00 ] 1.0000e+00
 1.655e+01 2.2382e-17 2.2382e-17 [ 9.8607e-47 6.5628e-38 1.8724e-37 1.9124e-39 9.7432e-34 3.9244e-20 2.2343e-17 ] 0.0000e+00 [ 0.0000e+00 ] 1.0000e+00
 1.666e+01 1.6487e-17 1.6487e-17 [ 3.1225e-47 2.5237e-38 7.7512e-38 9.2859e-40 6.2033e-34 2.8684e-20 1.6459e-17 ] 0.0000e+00 [ 0.0000e+00 ] 1.0000e+00
 1.677e+01 1.2144e-17 1.2144e-17 [ 9.8467e-48 9.6775e-39 3.2036e-38 4.5750e-40 3.9491e-34 2.0959e-20 1.2123e-17 ] 0.0000e+00 [ 0.0000e+00 ] 1.0000e+00
 1.689e+01 8.9435e-18 8.9435e-18 [ 3.0922e-48 3.7008e-39 1.3220e-38 2.2954e-40 2.5138e-34 1.5310e-20 8.9282e-18 ] 0.0000e+00 [ 0.0000e+00 ] 1.0000e+00
 1.700e+01 6.5860e-18 6.5860e-18 [ 9.6710e-49 1.4113e-39 5.4475e-39 1.1770e-40 1.6000e-34 1.1180e-20 6.5748e-18 ] 0.0000e+00 [ 0.0000e+00 ] 1.0000e+00
 1.711e+01 4.8493e-18 4.8493e-18 [ 3.0124e-49 5.3680e-40 2.2414e-39 6.1858e-41 1.0183e-34 8.1609e-21 4.8412e-18 ] 0.0000e+00 [ 0.0000e+00 ] 1.0000e+00
 1.723e+01 3.5702e-18 3.5702e-18 [ 9.3456e-50 2.0362e-40 9.2090e-40 3.3380e-41 6.4805e-35 5.9554e-21 3.5642e-18 ] 0.0000e+00 [ 0.0000e+00 ] 1.0000e+00
 1.734e+01 2.6281e-18 2.6281e-18 [ 2.8879e-50 7.7039e-41 3.7785e-40 1.8501e-41 4.1238e-35 4.3444e-21 2.6238e-18 ] 0.0000e+00 [ 0.0000e+00 ] 1.0000e+00
 1.745e+01 1.9344e-18 1.9344e-18 [ 8.8889e-51 2.9072e-41 1.5483e-40 1.0520e-41 2.6239e-35 3.1682e-21 1.9313e-18 ] 0.0000e+00 [ 0.0000e+00 ] 1.0000e+00
 1.757e+01 1.4236e-18 1.4236e-18 [ 2.7254e-51 1.0942e-41 6.3358e-41 6.1226e-42 1.6695e-35 2.3097e-21 1.4213e-18 ] 0.0000e+00 [ 0.0000e+00 ] 1.0000e+00
 1.768e+01 1.0476e-18 1.0476e-18 [ 8.3241e-52 4.1083e-42 2.5895e-41 3.6351e-42 1.0621e-35 1.6832e-21 1.0459e-18 ] 0.0000e+00 [ 0.0000e+00 ] 1.0000e+00
 1.779e+01 7.7077e-19 7.7077e-19 [ 2.5328e-52 1.5386e-42 1.0571e-41 2.1942e-42 6.7569e-36 1.2262e-21 7.6954e-19 ] 0.0000e+00 [ 0.0000e+00 ] 1.0000e+00
 1.791e+01 5.6701e-19 5.6701e-19 [ 7.6778e-53 5.7478e-43 4.3099e-42 1.3420e-42 4.2983e-36 8.9304e-22 5.6612e-19 ] 0.0000e+00 [ 0.0000e+00 ] 1.0000e+00
 1.802e+01 4.1706e-19 4.1706e-19 [ 2.3188e-53 2.1420e-43 1.7552e-42 8.2921e-43 2.7341e-36 6.5016e-22 4.1641e-19 ] 0.0000e+00 [ 0.0000e+00 ] 1.0000e+00
 1.813e+01 3.0672e-19 3.0672e-19 [ 6.9775e-54 7.9633e-44 7.1399e-43 5.1632e-43 1.7390e-36 4.7317e-22 3.0624e-19 ] 0.0000e+00 [ 0.0000e+00 ] 1.0000e+00
 1.825e+01 2.2553e-19 2.2553e-19 [ 2.0920e-54 2.9533e-44 2.9012e-43 3.2334e-43 1.1061e-36 3.4424e-22 2.2519e-19 ] 0.0000e+00 [ 0.0000e+00 ] 1.0000e+00
 1.836e+01 1.6581e-19 1.6581e-19 [ 6.2499e-55 1.0927e-44 1.1776e-43 2.0334e-43 7.0346e-37 2.5036e-22 1.6556e-19 ] 0.0000e+00 [ 0.0000e+00 ] 1.0000e+00
 1.847e+01 1.2188e-19 1.2188e-19 [ 1.8606e-55 4.0334e-45 4.7750e-44 1.2827e-43 4.4737e-37 1.8201e-22 1.2170e-19 ] 0.0000e+00 [ 0.0000e+00 ] 1.0000e+00
 1.859e+01 8.9578e-20 8.9578e-20 [ 5.5197e-56 1.4853e-45 1.9341e-44 8.1087e-44 2.8450e-37 1.3228e-22 8.9446e-20 ] 0.0000e+00 [ 0.0000e+00 ] 1.0000e+00
 1.870e+01 6.5823e-20 6.5823e-20 [ 1.6319e-56 5.4572e-46 7.8265e-45 5.1341e-44 1.8092e-37 9.6100e-23 6.5727e-20 ] 0.0000e+00 [ 0.0000e+00 ] 1.0000e+00
 1.881e+01 4.8359e-20 4.8359e-20 [ 4.8082e-57 2.0004e-46 3.1639e-45 3.2543e-44 1.1504e-37 6.9792e-23 4.8289e-20 ] 0.0000e+00 [ 0.0000e+00 ] 1.0000e+00
 1.893e+01 3.5522e-20 3.5522e-20 [ 1.4120e-57 7.3159e-47 1.2777e-45 2.0643e-44 7.3151e-38 5.0667e-23 3.5471e-20 ] 0.0000e+00 [ 0.0000e+00 ] 1.0000e+00
 1.904e+01 2.6088e-20 2.6088e-20 [ 4.1326e-58 2.6696e-47 5.1552e-46 1.3102e-44 4.6512e-38 3.6770e-23 2.6051e-20 ] 0.0000e+00 [ 0.0000e+00 ] 1.0000e+00
 1.915e+01 1.9155e-20 1.9155e-20 [ 1.2056e-58 9.7195e-48 2.0780e-46 8.3191e-45 2.9573e-38 2.6674e-23 1.9128e-20 ] 0.0000e+00 [ 0.0000e+00 ] 1.0000e+00
 1.927e+01 1.4062e-20 1.4062e-20 [ 3.5059e-59 3.5308e-48 8.3681e-47 5.2835e-45 1.8802e-38 1.9343e-23 1.4043e-20 ] 0.0000e+00 [ 0.0000e+00 ] 1.0000e+00
 1.938e+01 1.0321e-20 1.0321e-20 [ 1.0163e-59 1.2798e-48 3.3667e-47 3.3562e-45 1.1954e-38 1.4021e-23 1.0307e-20 ] 0.0000e+00 [ 0.0000e+00 ] 1.0000e+00
 1.949e+01 7.5734e-21 7.5734e-21 [ 2.9366e-60 4.6288e-49 1.3533e-47 2.1322e-45 7.6000e-39 1.0160e-23 7.5632e-21 ] 0.0000e+00 [ 0.0000e+00 ] 1.0000e+00
 1.961e+01 5.5561e-21 5.5561e-21 [ 8.4597e-61 1.6704e-49 5.4346e-48 1.3547e-45 4.8316e-39 7.3591e-24 5.5488e-21 ] 0.0000e+00 [ 0.0000e+00 ] 1.0000e+00
 1.972e+01 4.0753e-21 4.0753e-21 [ 2.4296e-61 6.0153e-50 2.1805e-48 8.6078e-46 3.0716e-39 5.3282e-24 4.0700e-21 ] 0.0000e+00 [ 0.0000e+00 ] 1.0000e+00
 1.983e+01 2.9884e-21 2.9884e-21 [ 6.9568e-62 2.1615e-50 8.7404e-49 5.4695e-46 1.9526e-39 3.8562e-24 2.9846e-21 ] 0.0000e+00 [ 0.0000e+00 ] 1.0000e+00
 1.995e+01 2.1909e-21 2.1909e-21 [ 1.9861e-62 7.7502e-51 3.5004e-49 3.4755e-46 1.2413e-39 2.7896e-24 2.1882e-21 ] 0.0000e+00 [ 0.0000e+00 ] 1.0000e+00
 2.006e+01 1.6059e-21 1.6059e-21 [ 5.6536e-63 2.7730e-51 1.4006e-49 2.2085e-46 7.8905e-40 2.0172e-24 1.6039e-21 ] 0.0000e+00 [ 0.0000e+00 ] 1.0000e+00
 2.017e+01 1.1768e-21 1.1768e-21 [ 1.6047e-63 9.9008e-52 5.5989e-50 1.4034e-46 5.0157e-40 1.4581e-24 1.1753e-21 ] 0.0000e+00 [ 0.0000e+00 ] 1.0000e+00
 2.029e+01 8.6210e-22 8.6210e-22 [ 4.5420e-64 3.5276e-52 2.2361e-50 8.9180e-47 3.1882e-40 1.0534e-24 8.6104e-22 ] 0.0000e+00 [ 0.0000e+00 ] 1.0000e+00
 2.040e+01 6.3142e-22 6.3142e-22 [ 1.2820e-64 1.2542e-52 8.9223e-51 5.6670e-47 2.0266e-40 7.6074e-25 6.3066e-22 ] 0.0000e+00 [ 0.0000e+00 ] 1.0000e+00
 2.051e+01 4.6234e-22 4.6234e-22 [ 3.6085e-65 4.4501e-53 3.5568e-51 3.6012e-47 1.2882e-40 5.4911e-25 4.6179e-22 ] 0.0000e+00 [ 0.0000e+00 ] 1.0000e+00
 2.063e+01 3.3845e-22 3.3845e-22 [ 1.0130e-65 1.5757e-53 1.4165e-51 2.2884e-47 8.1877e-41 3.9617e-25 3.3806e-22 ] 0.0000e+00 [ 0.0000e+00 ] 1.0000e+00
 2.074e+01 2.4769e-22 2.4769e-22 [ 2.8360e-66 5.5676e-54 5.6362e-52 1.4542e-47 5.2042e-41 2.8568e-25 2.4741e-22 ] 0.0000e+00 [ 0.0000e+00 ] 1.0000e+00
 2.085e+01 1.8123e-22 1.8123e-22 [ 7.9190e-67 1.9633e-54 2.2404e-52 9.2406e-48 3.3078e-41 2.0591e-25 1.8102e-22 ] 0.0000e+00 [ 0.0000e+00 ] 1.0000e+00
 2.097e+01 1.3256e-22 1.3256e-22 [ 2.2056e-67 6.9091e-55 8.8972e-53 5.8720e-48 2.1024e-41 1.4833e-25 1.3241e-22 ] 0.0000e+00 [ 0.0000e+00 ] 1.0000e+00
 2.108e+01 9.6932e-23 9.6932e-23 [ 6.1272e-68 2.4265e-55 3.5298e-53 3.7313e-48 1.3362e-41 1.0680e-25 9.6825e-23 ] 0.0000e+00 [ 0.0000e+00 ] 1.0000e+00
 2.119e+01 7.0861e-23 7.0861e-23 [ 1.6979e-68 8.5048e-56 1.3990e-53 2.3711e-48 8.4927e-42 7.6857e-26 7.0784e-23 ] 0.0000e+00 [ 0.0000e+00 ] 1.0000e+00
 2.131e+01 5.1788e-23 5.1788e-23 [ 4.6936e-69 2.9749e-56 5.5392e-54 1.5067e-48 5.3977e-42 5.5277e-26 5.1732e-23 ] 0.0000e+00 [ 0.0000e+00 ] 1.0000e+00
 2.142e+01 3.7837e-23 3.7837e-23 [ 1.2943e-69 1.0385e-56 2.1910e-54 9.5743e-49 3.4305e-42 3.9734e-26 3.7798e-23 ] 0.0000e+00 [ 0.0000e+00 ] 1.0000e+00
 2.153e+01 2.7637e-23 2.7637e-23 [ 3.5608e-70 3.6184e-57 8.6572e-55 6.0839e-49 2.1803e-42 2.8545e-26 2.7608e-23 ] 0.0000e+00 [ 0.0000e+00 ] 1.0000e+00
 2.165e+01 2.0180e-23 2.0180e-23 [ 9.7732e-71 1.2582e-57 3.4172e-55 3.8660e-49 1.3856e-42 2.0495e-26 2.0160e-23 ] 0.0000e+00 [ 0.0000e+00 ] 1.0000e+00
 2.176e+01 1.4731e-23 1.4731e-23 [ 2.6762e-71 4.3665e-58 1.3474e-55 2.4566e-49 8.8063e-43 1.4706e-26 1.4716e-23 ] 0.0000e+00 [ 0.0000e+00 ] 1.0000e+00
 2.187e+01 1.0750e-23 1.0750e-23 [ 7.3117e-72 1.5124e-58 5.3073e-56 1.5610e-49 5.5966e-43 1.0545e-26 1.0740e-23 ] 0.0000e+00 [ 0.0000e+00 ] 1.0000e+00
 2.199e+01 7.8426e-24 7.8426e-24 [ 1.9932e-72 5.2283e-59 2.0882e-56 9.9195e-50 3.5568e-43 7.5571e-27 7.8351e-24 ] 0.0000e+00 [ 0.0000e+00 ] 1.0000e+00
 2.210e+01 5.7197e-24 5.7197e-24 [ 5.4216e-73 1.8039e-59 8.2073e-57 6.3032e-50 2.2604e-43 5.4122e-27 5.7143e-24 ] 0.0000e+00 [ 0.0000e+00 ] 1.0000e+00
 2.221e+01 4.1702e-24 4.1702e-24 [ 1.4715e-73 6.2121e-60 3.2221e-57 4.0053e-50 1.4365e-43 3.8735e-27 4.1663e-24 ] 0.0000e+00 [ 0.0000e+00 ] 1.0000e+00
 2.233e+01 3.0395e-24 3.0395e-24 [ 3.9856e-74 2.1352e-60 1.2636e-57 2.5451e-50 9.1292e-44 2.7703e-27 3.0367e-24 ] 0.0000e+00 [ 0.0000e+00 ] 1.0000e+00
 2.244e+01 2.2146e-24 2.2146e-24 [ 1.0772e-74 7.3248e-61 4.9496e-58 1.6173e-50 5.8016e-44 1.9800e-27 2.2126e-24 ] 0.0000e+00 [ 0.0000e+00 ] 1.0000e+00
 2.255e+01 1.6131e-24 1.6131e-24 [ 2.9056e-75 2.5081e-61 1.9366e-58 1.0277e-50 3.6869e-44 1.4141e-27 1.6117e-24 ] 0.0000e+00 [ 0.0000e+00 ] 1.0000e+00
 2.267e+01 1.1746e-24 1.1746e-24 [ 7.8215e-76 8.5717e-62 7.5685e-59 6.5301e-51 2.3430e-44 1.0093e-27 1.1736e-24 ] 0.0000e+00 [ 0.0000e+00 ] 1.0000e+00
 2.278e+01 8.5501e-25 8.5501e-25 [ 2.1013e-76 2.9240e-62 2.9544e-59 4.1494e-51 1.4890e-44 7.1977e-28 8.5429e-25 ] 0.0000e+00 [ 0.0000e+00 ] 1.0000e+00
 2.289e+01 6.2217e-25 6.2217e-25 [ 5.6342e-77 9.9559e-63 1.1519e-59 2.6367e-51 9.4622e-45 5.1293e-28 6.2166e-25 ] 0.0000e+00 [ 0.0000e+00 ] 1.0000e+00
 2.301e+01 4.5259e-25 4.5259e-25 [ 1.5078e-77 3.3836e-63 4.4858e-60 1.6754e-51 6.0130e-45 3.6526e-28 4.5222e-25 ] 0.0000e+00 [ 0.0000e+00 ] 1.0000e+00
 2.312e+01 3.2912e-25 3.2912e-25 [ 4.0277e-78 1.1478e-63 1.7448e-60 1.0646e-51 3.8212e-45 2.5989e-28 3.2886e-25 ] 0.0000e+00 [ 0.0000e+00 ] 1.0000e+00
 2.323e+01 2.3925e-25 2.3925e-25 [ 1.0739e-78 3.8867e-64 6.7781e-61 6.7649e-52 2.4283e-45 1.8478e-28 2.3906e-25 ] 0.0000e+00 [ 0.0000e+00 ] 1.0000e+00
 2.335e+01 1.7386e-25 1.7386e-25 [ 2.8580e-79 1.3137e-64 2.6299e-61 4.2986e-52 1.5431e-45 1.3127e-28 1.7373e-25 ] 0.0000e+00 [ 0.0000e+00 ] 1.0000e+00
 2.346e+01 1.2630e-25 1.2630e-25 [ 7.5929e-80 4.4321e-65 1.0192e-61 2.7314e-52 9.8059e-46 9.3178e-29 1.2620e-25 ] 0.0000e+00 [ 0.0000e+00 ] 1.0000e+00
 2.357e+01 9.1713e-26 9.1713e-26 [ 2.0137e-80 1.4926e-65 3.9446e-62 1.7356e-52 6.2313e-46 6.6086e-29 9.1647e-26 ] 0.0000e+00 [ 0.0000e+00 ] 1.0000e+00
 2.369e+01 6.6576e-26 6.6576e-26 [ 5.3311e-81 5.0176e-66 1.5248e-62 1.1029e-52 3.9598e-46 4.6832e-29 6.6529e-26 ] 0.0000e+00 [ 0.0000e+00 ] 1.0000e+00
 2.380e+01 4.8311e-26 4.8311e-26 [ 1.4090e-81 1.6837e-66 5.8865e-63 7.0079e-53 2.5163e-46 3.3159e-29 4.8278e-26 ] 0.0000e+00 [ 0.0000e+00 ] 1.0000e+00
 2.391e+01 3.5044e-26 3.5044e-26 [ 3.7178e-82 5.6399e-67 2.2696e-63 4.4530e-53 1.5990e-46 2.3458e-29 3.5021e-26 ] 0.0000e+00 [ 0.0000e+00 ] 1.0000e+00
 2.403e+01 2.5411e-26 2.5411e-26 [ 9.7937e-83 1.8858e-67 8.7395e-64 2.8295e-53 1.0161e-46 1.6581e-29 2.5394e-26 ] 0.0000e+00 [ 0.0000e+00 ] 1.0000e+00
 2.414e+01 1.8419e-26 1.8419e-26 [ 2.5758e-83 6.2947e-68 3.3609e-64 1.7980e-53 6.4568e-47 1.1709e-29 1.8407e-26 ] 0.0000e+00 [ 0.0000e+00 ] 1.0000e+00
 2.425e+01 1.3346e-26 1.3346e-26 [ 6.7639e-84 2.0974e-68 1.2908e-64 1.1425e-53 4.1030e-47 8.2617e-30 1.3337e-26 ] 0.0000e+00 [ 0.0000e+00 ] 1.0000e+00
 2.437e+01 9.6660e-27 9.6660e-27 [ 1.7734e-84 6.9763e-69 4.9510e-65 7.2595e-54 2.6073e-47 5.8240e-30 9.6601e-27 ] 0.0000e+00 [ 0.0000e+00 ] 1.0000e+00
 2.448e+01 6.9981e-27 6.9981e-27 [ 4.6425e-85 2.3165e-69 1.8965e-65 4.6129e-54 1.6568e-47 4.1018e-30 6.9940e-27 ] 0.0000e+00 [ 0.0000e+00 ] 1.0000e+00
 2.459e+01 5.0645e-27 5.0645e-27 [ 1.2135e-85 7.6784e-70 7.2548e-66 2.9311e-54 1.0528e-47 2.8862e-30 5.0616e-27 ] 0.0000e+00 [ 0.0000e+00 ] 1.0000e+00
 2.471e+01 3.6637e-27 3.6637e-27 [ 3.1674e-86 2.5408e-70 2.7715e-66 1.8625e-54 6.6900e-48 2.0289e-30 3.6617e-27 ] 0.0000e+00 [ 0.0000e+00 ] 1.0000e+00
 2.482e+01 2.6493e-27 2.6493e-27 [ 8.2551e-87 8.3932e-71 1.0574e-66 1.1835e-54 4.2511e-48 1.4250e-30 2.6478e-27 ] 0.0000e+00 [ 0.0000e+00 ] 1.0000e+00
 2.493e+01 1.9149e-27 1.9149e-27 [ 2.1485e-87 2.7679e-71 4.0285e-67 7.5200e-55 2.7013e-48 9.9987e-31 1.9139e-27 ] 0.0000e+00 [ 0.0000e+00 ] 1.0000e+00
 2.505e+01 1.3835e-27 1.3835e-27 [ 5.5838e-88 9.1124e-72 1.5328e-67 4.7784e-55 1.7165e-48 7.0090e-31 1.3828e-27 ] 0.0000e+00 [ 0.0000e+00 ] 1.0000e+00
 2.516e+01 9.9912e-28 9.9912e-28 [ 1.4492e-88 2.9950e-72 5.8240e-68 3.0363e-55 1.0908e-48 4.9086e-31 9.9863e-28 ] 0.0000e+00 [ 0.0000e+00 ] 1.0000e+00
 2.527e+01 7.2122e-28 7.2122e-28 [ 3.7562e-89 9.8270e-73 2.2098e-68 1.9293e-55 6.9311e-49 3.4343e-31 7.2087e-28 ] 0.0000e+00 [ 0.0000e+00 ] 1.0000e+00
 2.539e+01 5.2038e-28 5.2038e-28 [ 9.7225e-90 3.2190e-73 8.3735e-69 1.2259e-55 4.4043e-49 2.4004e-31 5.2014e-28 ] 0.0000e+00 [ 0.0000e+00 ] 1.0000e+00
 2.550e+01 3.7529e-28 3.7529e-28 [ 2.5133e-90 1.0527e-73 3.1685e-69 7.7898e-56 2.7986e-49 1.6762e-31 3.7513e-28 ] 0.0000e+00 [ 0.0000e+00 ] 1.0000e+00
 2.561e+01 2.7053e-28 2.7053e-28 [ 6.4886e-91 3.4371e-74 1.1973e-69 4.9498e-56 1.7784e-49 1.1693e-31 2.7042e-28 ] 0.0000e+00 [ 0.0000e+00 ] 1.0000e+00
 2.573e+01 1.9492e-28 1.9492e-28 [ 1.6731e-91 1.1203e-74 4.5179e-70 3.1452e-56 1.1300e-49 8.1488e-32 1.9484e-28 ] 0.0000e+00 [ 0.0000e+00 ] 1.0000e+00
 2.584e+01 1.4038e-28 1.4038e-28 [ 4.3085e-92 3.6459e-75 1.7024e-70 1.9985e-56 7.1806e-50 5.6733e-32 1.4032e-28 ] 0.0000e+00 [ 0.0000e+00 ] 1.0000e+00
 2.595e+01 1.0104e-28 1.0104e-28 [ 1.1082e-92 1.1845e-75 6.4062e-71 1.2699e-56 4.5628e-50 3.9458e-32 1.0100e-28 ] 0.0000e+00 [ 0.0000e+00 ] 1.0000e+00
 2.607e+01 7.2696e-29 7.2696e-29 [ 2.8468e-93 3.8424e-76 2.4072e-71 8.0691e-57 2.8993e-50 2.7416e-32 7.2669e-29 ] 0.0000e+00 [ 0.0000e+00 ] 1.0000e+00
 2.618e+01 5.2274e-29 5.2274e-29 [ 7.3047e-94 1.2444e-76 9.0328e-72 5.1273e-57 1.8423e-50 1.9030e-32 5.2255e-29 ] 0.0000e+00 [ 0.0000e+00 ] 1.0000e+00
 2.629e+01 3.7570e-29 3.7570e-29 [ 1.8721e-94 4.0236e-77 3.3847e-72 3.2580e-57 1.1707e-50 1.3196e-32 3.7556e-29 ] 0.0000e+00 [ 0.0000e+00 ] 1.0000e+00
 2.641e+01 2.6987e-29 2.6987e-29 [ 4.7925e-95 1.2989e-77 1.2665e-72 2.0702e-57 7.4387e-51 9.1406e-33 2.6978e-29 ] 0.0000e+00 [ 0.0000e+00 ] 1.0000e+00
 2.652e+01 1.9375e-29 1.9375e-29 [ 1.2255e-95 4.1868e-78 4.7323e-73 1.3154e-57 4.7268e-51 6.3253e-33 1.9369e-29 ] 0.0000e+00 [ 0.0000e+00 ] 1.0000e+00
 2.663e+01 1.3902e-29 1.3902e-29 [ 3.1301e-96 1.3474e-78 1.7658e-73 8.3584e-58 3.0035e-51 4.3727e-33 1.3898e-29 ] 0.0000e+00 [ 0.0000e+00 ] 1.0000e+00
 2.675e+01 9.9698e-30 9.9698e-30 [ 7.9860e-97 4.3292e-79 6.5791e-74 5.3111e-58 1.9085e-51 3.0197e-33 9.9668e-30 ] 0.0000e+00 [ 0.0000e+00 ] 1.0000e+00
 2.686e+01 7.1457e-30 7.1457e-30 [ 2.0353e-97 1.3889e-79 2.4479e-74 3.3747e-58 1.2127e-51 2.0832e-33 7.1436e-30 ] 0.0000e+00 [ 0.0000e+00 ] 1.0000e+00
 2.697e+01 5.1186e-30 5.1186e-30 [ 5.1816e-98 4.4489e-80 9.0949e-75 2.1444e-58 7.7060e-52 1.4357e-33 5.1171e-30 ] 0.0000e+00 [ 0.0000e+00 ] 1.0000e+00
 2.709e+01 3.6644e-30 3.6644e-30 [ 1.3178e-98 1.4229e-80 3.3743e-75 1.3626e-58 4.8966e-52 9.8842e-34 3.6634e-30 ] 0.0000e+00 [ 0.0000e+00 ] 1.0000e+00
 2.720e+01 2.6217e-30 2.6217e-30 [ 3.3479e-99 4.5438e-81 1.2501e-75 8.6579e-59 3.1114e-52 6.7979e-34 2.6211e-30 ] 0.0000e+00 [ 0.0000e+00 ] 1.0000e+00
 2.731e+01 1.8746e-30 1.8746e-30 [ 8.4968e-100 1.4488e-81 4.6249e-76 5.5013e-59 1.9771e-52 4.6704e-34 1.8742e-30 ] 0.0000e+00 [ 0.0000e+00 ] 1.0000e+00
 2.743e+01 1.3396e-30 1.3396e-30 [ 2.1543e-100 4.6127e-82 1.7086e-76 3.4956e-59 1.2563e-52 3.2055e-34 1.3393e-30 ] 0.0000e+00 [ 0.0000e+00 ] 1.0000e+00
 2.754e+01 9.5667e-31 9.5667e-31 [ 5.4565e-101 1.4664e-82 6.3029e-77 2.2212e-59 7.9826e-53 2.1977e-34 9.5645e-31 ] 0.0000e+00 [ 0.0000e+00 ] 1.0000e+00
 2.765e+01 6.8277e-31 6.8277e-31 [ 1.3807e-101 4.6546e-83 2.3218e-77 1.4114e-59 5.0723e-53 1.5053e-34 6.8262e-31 ] 0.0000e+00 [ 0.0000e+00 ] 1.0000e+00
 2.777e+01 4.8698e-31 4.8698e-31 [ 3.4903e-102 1.4753e-83 8.5408e-78 8.9679e-60 3.2231e-53 1.0299e-34 4.8687e-31 ] 0.0000e+00 [ 0.0000e+00 ] 1.0000e+00
 2.788e+01 3.4710e-31 3.4710e-31 [ 8.8146e-103 4.6691e-84 3.1372e-78 5.6983e-60 2.0480e-53 7.0396e-35 3.4703e-31 ] 0.0000e+00 [ 0.0000e+00 ] 1.0000e+00
 2.799e+01 2.4724e-31 2.4724e-31 [ 2.2240e-103 1.4755e-84 1.1507e-78 3.6207e-60 1.3013e-53 4.8067e-35 2.4719e-31 ] 0.0000e+00 [ 0.0000e+00 ] 1.0000e+00
 2.811e+01 1.7599e-31 1.7599e-31 [ 5.6062e-104 4.6561e-85 4.2149e-79 2.3006e-60 8.2690e-54 3.2786e-35 1.7596e-31 ] 0.0000e+00 [ 0.0000e+00 ] 1.0000e+00
 2.822e+01 1.2519e-31 1.2519e-31 [ 1.4119e-104 1.4671e-85 1.5416e-79 1.4618e-60 5.2543e-54 2.2341e-35 1.2516e-31 ] 0.0000e+00 [ 0.0000e+00 ] 1.0000e+00
 2.833e+01 8.8988e-32 8.8988e-32 [ 3.5525e-105 4.6163e-86 5.6304e-80 9.2886e-61 3.3387e-54 1.5207e-35 8.8973e-32 ] 0.0000e+00 [ 0.0000e+00 ] 1.0000e+00
 2.845e+01 6.3212e-32 6.3212e-32 [ 8.9307e-106 1.4504e-86 2.0535e-80 5.9020e-61 2.1215e-54 1.0341e-35 6.3202e-32 ] 0.0000e+00 [ 0.0000e+00 ] 1.0000e+00
 2.856e+01 4.4871e-32 4.4871e-32 [ 2.2431e-106 4.5506e-87 7.4785e-81 3.7501e-61 1.3480e-54 7.0247e-36 4.4864e-32 ] 0.0000e+00 [ 0.0000e+00 ] 1.0000e+00
 2.867e+01 3.1829e-32 3.1829e-32 [ 5.6290e-107 1.4257e-87 2.7197e-81 2.3828e-61 8.5655e-55 4.7671e-36 3.1824e-32 ] 0.0000e+00 [ 0.0000e+00 ] 1.0000e+00
 2.879e+01 2.2561e-32 2.2561e-32 [ 1.4113e-107 4.4604e-88 9.8768e-82 1.5140e-61 5.4426e-55 3.2317e-36 2.2558e-32 ] 0.0000e+00 [ 0.0000e+00 ] 1.0000e+00
 2.890e+01 1.5980e-32 1.5980e-32 [ 3.5356e-108 1.3935e-88 3.5817e-82 9.6200e-62 3.4583e-55 2.1886e-36 1.5978e-32 ] 0.0000e+00 [ 0.0000e+00 ] 1.0000e+00
 2.901e+01 1.1311e-32 1.1311e-32 [ 8.8498e-109 4.3475e-89 1.2970e-82 6.1124e-62 2.1975e-55 1.4807e-36 1.1309e-32 ] 0.0000e+00 [ 0.0000e+00 ] 1.0000e+00
 2.913e+01 7.9996e-33 7.9996e-33 [ 2.2133e-109 1.3545e-89 4.6900e-83 3.8837e-62 1.3963e-55 1.0008e-36 7.9986e-33 ] 0.0000e+00 [ 0.0000e+00 ] 1.0000e+00
 2.924e+01 5.6535e-33 5.6535e-33 [ 5.5307e-110 4.2139e-90 1.6935e-83 2.4677e-62 8.8722e-56 6.7571e-37 5.6528e-33 ] 0.0000e+00 [ 0.0000e+00 ] 1.0000e+00
 2.935e+01 3.9925e-33 3.9925e-33 [ 1.3809e-110 1.3092e-90 6.1066e-84 1.5679e-62 5.6375e-56 4.5578e-37 3.9920e-33 ] 0.0000e+00 [ 0.0000e+00 ] 1.0000e+00
 2.947e+01 2.8173e-33 2.8173e-33 [ 3.4452e-111 4.0621e-91 2.1988e-84 9.9618e-63 3.5821e-56 3.0712e-37 2.8170e-33 ] 0.0000e+00 [ 0.0000e+00 ] 1.0000e+00
 2.958e+01 1.9865e-33 1.9865e-33 [ 8.5882e-112 1.2586e-91 7.9061e-85 6.3293e-63 2.2761e-56 2.0674e-37 1.9863e-33 ] 0.0000e+00 [ 0.0000e+00 ] 1.0000e+00
 2.969e+01 1.3996e-33 1.3996e-33 [ 2.1392e-112 3.8945e-92 2.8387e-85 4.0214e-63 1.4462e-56 1.3904e-37 1.3994e-33 ] 0.0000e+00 [ 0.0000e+00 ] 1.0000e+00
 2.981e+01 9.8530e-34 9.8530e-34 [ 5.3243e-113 1.2035e-92 1.0178e-85 2.5550e-63 9.1892e-57 9.3411e-38 9.8520e-34 ] 0.0000e+00 [ 0.0000e+00 ] 1.0000e+00
 2.992e+01 6.9310e-34 6.9310e-34 [ 1.3241e-113 3.7139e-93 3.6442e-86 1.6233e-63 5.8388e-57 6.2696e-38 6.9304e-34 ] 0.0000e+00 [ 0.0000e+00 ] 1.0000e+00
 3.003e+01 4.8717e-34 4.8717e-34 [ 3.2906e-114 1.1446e-93 1.3030e-86 1.0313e-63 3.7099e-57 4.2040e-38 4.8712e-34 ] 0.0000e+00 [ 0.0000e+00 ] 1.0000e+00
 3.015e+01 3.4214e-34 3.4214e-34 [ 8.1712e-115 3.5228e-94 4.6520e-87 6.5519e-64 2.3572e-57 2.8162e-38 3.4212e-34 ] 0.0000e+00 [ 0.0000e+00 ] 1.0000e+00
 3.026e+01 2.4010e-34 2.4010e-34 [ 2.0275e-115 1.0828e-94 1.6586e-87 4.1624e-64 1.4977e-57 1.8847e-38 2.4008e-34 ] 0.0000e+00 [ 0.0000e+00 ] 1.0000e+00
 3.037e+01 1.6835e-34 1.6835e-34 [ 5.0273e-116 3.3241e-95 5.9053e-88 2.6443e-64 9.5163e-58 1.2601e-38 1.6834e-34 ] 0.0000e+00 [ 0.0000e+00 ] 1.0000e+00
 3.049e+01 1.1795e-34 1.1795e-34 [ 1.2456e-116 1.0191e-95 2.0996e-88 1.6799e-64 6.0463e-58 8.4169e-39 1.1794e-34 ] 0.0000e+00 [ 0.0000e+00 ] 1.0000e+00
 3.060e+01 8.2565e-35 8.2565e-35 [ 3.0839e-117 3.1203e-96 7.4544e-89 1.0671e-64 3.8416e-58 5.6168e-39 8.2560e-35 ] 0.0000e+00 [ 0.0000e+00 ] 1.0000e+00
 3.071e+01 5.7750e-35 5.7750e-35 [ 7.6299e-118 9.5415e-97 2.6430e-89 6.7788e-65 2.4408e-58 3.7447e-39 5.7746e-35 ] 0.0000e+00 [ 0.0000e+00 ] 1.0000e+00
 3.083e+01 4.0359e-35 4.0359e-35 [ 1.8863e-118 2.9140e-97 9.3576e-90 4.3060e-65 1.5507e-58 2.4942e-39 4.0356e-35 ] 0.0000e+00 [ 0.0000e+00 ] 1.0000e+00
 3.094e+01 2.8182e-35 2.8182e-35 [ 4.6603e-119 8.8880e-98 3.3085e-90 2.7351e-65 9.8522e-59 1.6598e-39 2.8180e-35 ] 0.0000e+00 [ 0.0000e+00 ] 1.0000e+00
 3.105e+01 1.9662e-35 1.9662e-35 [ 1.1506e-119 2.7075e-98 1.1682e-90 1.7372e-65 6.2593e-59 1.1035e-39 1.9661e-35 ] 0.0000e+00 [ 0.0000e+00 ] 1.0000e+00
 3.117e+01 1.3706e-35 1.3706e-35 [ 2.8386e-120 8.2375e-99 4.1188e-91 1.1033e-65 3.9765e-59 7.3300e-40 1.3706e-35 ] 0.0000e+00 [ 0.0000e+00 ] 1.0000e+00
 3.128e+01 9.5465e-36 9.5465e-36 [ 6.9983e-121 2.5031e-99 1.4503e-91 7.0073e-66 2.5262e-59 4.8644e-40 9.5460e-36 ] 0.0000e+00 [ 0.0000e+00 ] 1.0000e+00
 3.139e+01 6.6435e-36 6.6435e-36 [ 1.7242e-121 7.5966e-100 5.0994e-92 4.4501e-66 1.6048e-59 3.2253e-40 6.6432e-36 ] 0.0000e+00 [ 0.0000e+00 ] 1.0000e+00
 3.151e+01 4.6193e-36 4.6193e-36 [ 4.2451e-122 2.3026e-100 1.7906e-92 2.8259e-66 1.0195e-59 2.1366e-40 4.6191e-36 ] 0.0000e+00 [ 0.0000e+00 ] 1.0000e+00
 3.162e+01 3.2091e-36 3.2091e-36 [ 1.0445e-122 6.9711e-101 6.2787e-93 1.7944e-66 6.4759e-60 1.4141e-40 3.2090e-36 ] 0.0000e+00 [ 0.0000e+00 ] 1.0000e+00
 3.173e+01 2.2275e-36 2.2275e-36 [ 2.5682e-123 2.1079e-101 2.1987e-93 1.1393e-66 4.1135e-60 9.3515e-41 2.2274e-36 ] 0.0000e+00 [ 0.0000e+00 ] 1.0000e+00
 3.185e+01 1.5448e-36 1.5448e-36 [ 6.3105e-124 6.3658e-102 7.6887e-94 7.2331e-67 2.6128e-60 6.1786e-41 1.5448e-36 ] 0.0000e+00 [ 0.0000e+00 ] 1.0000e+00
 3.196e+01 1.0705e-36 1.0705e-36 [ 1.5496e-124 1.9202e-102 2.6851e-94 4.5917e-67 1.6595e-60 4.0788e-41 1.0704e-36 ] 0.0000e+00 [ 0.0000e+00 ] 1.0000e+00
 3.207e+01 7.4110e-37 7.4110e-37 [ 3.8027e-125 5.7852e-103 9.3641e-95 2.9146e-67 1.0539e-60 2.6903e-41 7.4107e-37 ] 0.0000e+00 [ 0.0000e+00 ] 1.0000e+00
 3.219e+01 5.1263e-37 5.1263e-37 [ 9.3258e-126 1.7409e-103 3.2613e-95 1.8499e-67 6.6931e-61 1.7729e-41 5.1261e-37 ] 0.0000e+00 [ 0.0000e+00 ] 1.0000e+00
 3.230e+01 3.5429e-37 3.5429e-37 [ 2.2856e-126 5.2324e-104 1.1343e-95 1.1740e-67 4.2502e-61 1.1674e-41 3.5428e-37 ] 0.0000e+00 [ 0.0000e+00 ] 1.0000e+00
 3.241e+01 2.4464e-37 2.4464e-37 [ 5.5982e-127 1.5708e-104 3.9399e-96 7.4494e-68 2.6987e-61 7.6810e-42 2.4463e-37 ] 0.0000e+00 [ 0.0000e+00 ] 1.0000e+00
 3.253e+01 1.6878e-37 1.6878e-37 [ 1.3703e-127 4.7102e-105 1.3666e-96 4.7263e-68 1.7134e-61 5.0494e-42 1.6877e-37 ] 0.0000e+00 [ 0.0000e+00 ] 1.0000e+00
 3.264e+01 1.1634e-37 1.1634e-37 [ 3.3522e-128 1.4107e-105 4.7341e-97 2.9982e-68 1.0878e-61 3.3168e-42 1.1634e-37 ] 0.0000e+00 [ 0.0000e+00 ] 1.0000e+00
 3.275e+01 8.0123e-38 8.0123e-38 [ 8.1952e-129 4.2204e-106 1.6377e-97 1.9016e-68 6.9050e-62 2.1769e-42 8.0121e-38 ] 0.0000e+00 [ 0.0000e+00 ] 1.0000e+00
 3.287e+01 5.5132e-38 5.5132e-38 [ 2.0023e-129 1.2611e-106 5.6581e-98 1.2059e-68 4.3826e-62 1.4277e-42 5.5131e-38 ] 0.0000e+00 [ 0.0000e+00 ] 1.0000e+00
 3.298e+01 3.7903e-38 3.7903e-38 [ 4.8892e-130 3.7640e-107 1.9522e-98 7.6460e-69 2.7813e-62 9.3559e-43 3.7902e-38 ] 0.0000e+00 [ 0.0000e+00 ] 1.0000e+00
 3.309e+01 2.6035e-38 2.6035e-38 [ 1.1931e-130 1.1222e-107 6.7265e-99 4.8469e-69 1.7648e-62 6.1264e-43 2.6034e-38 ] 0.0000e+00 [ 0.0000e+00 ] 1.0000e+00
 3.321e+01 1.7867e-38 1.7867e-38 [ 2.9099e-131 3.3418e-108 2.3147e-99 3.0718e-69 1.1197e-62 4.0086e-43 1.7867e-38 ] 0.0000e+00 [ 0.0000e+00 ] 1.0000e+00
 3.332e+01 1.2251e-38 1.2251e-38 [ 7.0926e-132 9.9403e-109 7.9545e-100 1.9464e-69 7.1024e-63 2.6209e-43 1.2251e-38 ] 0.0000e+00 [ 0.0000e+00 ] 1.0000e+00
 3.343e+01 8.3929e-39 8.3929e-39 [ 1.7278e-132 2.9535e-109 2.7300e-100 1.2330e-69 4.5044e-63 1.7124e-43 8.3927e-39 ] 0.0000e+00 [ 0.0000e+00 ] 1.0000e+00
 3.355e+01 5.7447e-39 5.7447e-39 [ 4.2064e-133 8.7657e-110 9.3573e-101 7.8086e-70 2.8562e-63 1.1179e-43 5.7446e-39 ] 0.0000e+00 [ 0.0000e+00 ] 1.0000e+00
 3.366e+01 3.9286e-39 3.9286e-39 [ 1.0235e-133 2.5987e-110 3.2031e-101 4.9438e-70 1.8107e-63 7.2934e-44 3.9286e-39 ] 0.0000e+00 [ 0.0000e+00 ] 1.0000e+00
 3.377e+01 2.6843e-39 2.6843e-39 [ 2.4889e-134 7.6957e-111 1.0950e-101 3.1291e-70 1.1476e-63 4.7549e-44 2.6843e-39 ] 0.0000e+00 [ 0.0000e+00 ] 1.0000e+00
 3.389e+01 1.8325e-39 1.8325e-39 [ 6.0490e-135 2.2765e-111 3.7385e-102 1.9799e-70 7.2713e-64 3.0977e-44 1.8325e-39 ] 0.0000e+00 [ 0.0000e+00 ] 1.0000e+00
 3.400e+01 1.2499e-39 1.2499e-39 [ 1.4693e-135 6.7267e-112 1.2747e-102 1.2523e-70 4.6060e-64 2.0167e-44 1.2499e-39 ] 0.0000e+00 [ 0.0000e+00 ] 1.0000e+00
 3.411e+01 8.5175e-40 8.5175e-40 [ 3.5670e-136 1.9855e-112 4.3409e-103 7.9180e-71 2.9168e-64 1.3121e-44 8.5174e-40 ] 0.0000e+00 [ 0.0000e+00 ] 1.0000e+00
 3.423e+01 5.7994e-40 5.7994e-40 [ 8.6546e-137 5.8543e-113 1.4763e-103 5.0044e-71 1.8464e-64 8.5307e-45 5.7993e-40 ] 0.0000e+00 [ 0.0000e+00 ] 1.0000e+00
 3.434e+01 3.9452e-40 3.9452e-40 [ 2.0987e-137 1.7243e-113 5.0144e-104 3.1616e-71 1.1685e-64 5.5428e-45 3.9451e-40 ] 0.0000e+00 [ 0.0000e+00 ] 1.0000e+00
 3.445e+01 2.6815e-40 2.6815e-40 [ 5.0865e-138 5.0731e-114 1.7010e-104 1.9965e-71 7.3914e-65 3.5990e-45 2.6814e-40 ] 0.0000e+00 [ 0.0000e+00 ] 1.0000e+00
 3.457e+01 1.8210e-40 1.8210e-40 [ 1.2321e-138 1.4910e-114 5.7628e-105 1.2602e-71 4.6737e-65 2.3354e-45 1.8209e-40 ] 0.0000e+00 [ 0.0000e+00 ] 1.0000e+00
 3.468e+01 1.2355e-40 1.2355e-40 [ 2.9829e-139 4.3776e-115 1.9499e-105 7.9501e-72 2.9539e-65 1.5145e-45 1.2355e-40 ] 0.0000e+00 [ 0.0000e+00 ] 1.0000e+00
 3.479e+01 8.3757e-41 8.3757e-41 [ 7.2178e-140 1.2839e-115 6.5892e-106 5.0128e-72 1.8661e-65 9.8156e-46 8.3756e-41 ] 0.0000e+00 [ 0.0000e+00 ] 1.0000e+00
 3.491e+01 5.6730e-41 5.6730e-41 [ 1.7456e-140 3.7616e-116 2.2239e-106 3.1590e-72 1.1783e-65 6.3576e-46 5.6729e-41 ] 0.0000e+00 [ 0.0000e+00 ] 1.0000e+00
 3.502e+01 3.8391e-41 3.8391e-41 [ 4.2193e-141 1.1009e-116 7.4961e-107 1.9895e-72 7.4356e-66 4.1153e-46 3.8391e-41 ] 0.0000e+00 [ 0.0000e+00 ] 1.0000e+00
 3.513e+01 2.5958e-41 2.5958e-41 [ 1.0193e-141 3.2189e-117 2.5236e-107 1.2522e-72 4.6895e-66 2.6623e-46 2.5958e-41 ] 0.0000e+00 [ 0.0000e+00 ] 1.0000e+00
 3.525e+01 1.7537e-41 1.7537e-41 [ 2.4613e-142 9.4017e-118 8.4850e-108 7.8760e-73 2.9558e-66 1.7213e-46 1.7536e-41 ] 0.0000e+00 [ 0.0000e+00 ] 1.0000e+00
 3.536e+01 1.1837e-41 1.1837e-41 [ 5.9399e-143 2.7432e-118 2.8494e-108 4.9503e-73 1.8618e-66 1.1122e-46 1.1837e-41 ] 0.0000e+00 [ 0.0000e+00 ] 1.0000e+00
 3.547e+01 7.9831e-42 7.9831e-42 [ 1.4328e-143 7.9960e-119 9.5566e-109 3.1090e-73 1.1718e-66 7.1821e-47 7.9830e-42 ] 0.0000e+00 [ 0.0000e+00 ] 1.0000e+00
 3.559e+01 5.3793e-42 5.3793e-42 [ 3.4542e-144 2.3283e-119 3.2012e-109 1.9511e-73 7.3699e-67 4.6351e-47 5.3792e-42 ] 0.0000e+00 [ 0.0000e+00 ] 1.0000e+00
 3.570e+01 3.6217e-42 3.6217e-42 [ 8.3235e-145 6.7730e-120 1.0710e-109 1.2233e-73 4.6314e-67 2.9895e-47 3.6216e-42 ] 0.0000e+00 [ 0.0000e+00 ] 1.0000e+00
 3.581e+01 2.4363e-42 2.4363e-42 [ 2.0047e-145 1.9683e-120 3.5788e-110 7.6636e-74 2.9079e-67 1.9269e-47 2.4363e-42 ] 0.0000e+00 [ 0.0000e+00 ] 1.0000e+00
 3.593e+01 1.6375e-42 1.6375e-42 [ 4.8257e-146 5.7142e-121 1.1944e-110 4.7962e-74 1.8241e-67 1.2412e-47 1.6375e-42 ] 0.0000e+00 [ 0.0000e+00 ] 1.0000e+00
 3.604e+01 1.0997e-42 1.0997e-42 [ 1.1611e-146 1.6573e-121 3.9812e-111 2.9987e-74 1.1431e-67 7.9892e-48 1.0997e-42 ] 0.0000e+00 [ 0.0000e+00 ] 1.0000e+00
 3.615e+01 7.3788e-43 7.3788e-43 [ 2.7922e-147 4.8019e-122 1.3254e-111 1.8728e-74 7.1555e-68 5.1388e-48 7.3787e-43 ] 0.0000e+00 [ 0.0000e+00 ] 1.0000e+00
 3.627e+01 4.9470e-43 4.9470e-43 [ 6.7115e-148 1.3900e-122 4.4073e-112 1.1683e-74 4.4742e-68 3.3028e-48 4.9470e-43 ] 0.0000e+00 [ 0.0000e+00 ] 1.0000e+00
 3.638e+01 3.3139e-43 3.3139e-43 [ 1.6124e-148 4.0195e-123 1.4637e-112 7.2797e-75 2.7943e-68 2.1210e-48 3.3139e-43 ] 0.0000e+00 [ 0.0000e+00 ] 1.0000e+00
 3.649e+01 2.2181e-43 2.2181e-43 [ 3.8720e-149 1.1613e-123 4.8554e-113 4.5301e-75 1.7429e-68 1.3608e-48 2.2181e-43 ] 0.0000e+00 [ 0.0000e+00 ] 1.0000e+00
 3.661e+01 1.4834e-43 1.4834e-43 [ 9.2935e-150 3.3516e-124 1.6087e-113 2.8151e-75 1.0856e-68 8.7220e-49 1.4834e-43 ] 0.0000e+00 [ 0.0000e+00 ] 1.0000e+00
 3.672e+01 9.9125e-44 9.9125e-44 [ 2.2295e-150 9.6644e-125 5.3233e-114 1.7469e-75 6.7517e-69 5.5841e-49 9.9125e-44 ] 0.0000e+00 [ 0.0000e+00 ] 1.0000e+00
 3.683e+01 6.6184e-44 6.6184e-44 [ 5.3461e-151 2.7841e-125 1.7595e-114 1.0823e-75 4.1926e-69 3.5707e-49 6.6184e-44 ] 0.0000e+00 [ 0.0000e+00 ] 1.0000e+00
 3.695e+01 4.4154e-44 4.4154e-44 [ 1.2813e-151 8.0126e-126 5.8085e-115 6.6942e-76 2.5991e-69 2.2801e-49 4.4154e-44 ] 0.0000e+00 [ 0.0000e+00 ] 1.0000e+00
 3.706e+01 2.9433e-44 2.9433e-44 [ 3.0696e-152 2.3039e-126 1.9153e-115 4.1332e-76 1.6083e-69 1.4538e-49 2.9433e-44 ] 0.0000e+00 [ 0.0000e+00 ] 1.0000e+00
 3.717e+01 1.9604e-44 1.9604e-44 [ 7.3502e-153 6.6181e-127 6.3079e-116 2.5471e-76 9.9326e-70 9.2528e-50 1.9604e-44 ] 0.0000e+00 [ 0.0000e+00 ] 1.0000e+00
 3.729e+01 1.3047e-44 1.3047e-44 [ 1.7592e-153 1.8994e-127 2.0750e-116 1.5664e-76 6.1213e-70 5.8776e-50 1.3047e-44 ] 0.0000e+00 [ 0.0000e+00 ] 1.0000e+00
 3.740e+01 8.6761e-45 8.6761e-45 [ 4.2085e-154 5.4460e-128 6.8179e-117 9.6114e-77 3.7639e-70 3.7254e-50 8.6761e-45 ] 0.0000e+00 [ 0.0000e+00 ] 1.0000e+00
 3.751e+01 5.7649e-45 5.7649e-45 [ 1.0063e-154 1.5601e-128 2.2375e-117 5.8834e-77 2.3087e-70 2.3554e-50 5.7649e-45 ] 0.0000e+00 [ 0.0000e+00 ] 1.0000e+00
 3.763e+01 3.8274e-45 3.8274e-45 [ 2.4053e-155 4.4651e-129 7.3346e-118 3.5919e-77 1.4123e-70 1.4850e-50 3.8274e-45 ] 0.0000e+00 [ 0.0000e+00 ] 1.0000e+00
 3.774e+01 2.5391e-45 2.5391e-45 [ 5.7464e-156 1.2767e-129 2.4015e-118 2.1867e-77 8.6141e-71 9.3336e-51 2.5390e-45 ] 0.0000e+00 [ 0.0000e+00 ] 1.0000e+00
 3.785e+01 1.6830e-45 1.6830e-45 [ 1.3722e-156 3.6475e-130 7.8539e-119 1.3270e-77 5.2372e-71 5.8454e-51 1.6830e-45 ] 0.0000e+00 [ 0.0000e+00 ] 1.0000e+00
 3.797e+01 1.1146e-45 1.1146e-45 [ 3.2753e-157 1.0411e-130 2.5656e-119 8.0250e-78 3.1728e-71 3.6463e-51 1.1146e-45 ] 0.0000e+00 [ 0.0000e+00 ] 1.0000e+00
 3.808e+01 7.3750e-46 7.3750e-46 [ 7.8145e-158 2.9688e-131 8.3712e-120 4.8344e-78 1.9146e-71 2.2642e-51 7.3749e-46 ] 0.0000e+00 [ 0.0000e+00 ] 1.0000e+00
 3.819e+01 4.8753e-46 4.8753e-46 [ 1.8636e-158 8.4587e-132 2.7283e-120 2.8998e-78 1.1503e-71 1.3989e-51 4.8753e-46 ] 0.0000e+00 [ 0.0000e+00 ] 1.0000e+00
 3.831e+01 3.2195e-46 3.2195e-46 [ 4.4423e-159 2.4079e-132 8.8817e-121 1.7309e-78 6.8770e-72 8.5927e-52 3.2195e-46 ] 0.0000e+00 [ 0.0000e+00 ] 1.0000e+00
 3.842e+01 2.1236e-46 2.1236e-46 [ 1.0585e-159 6.8483e-133 2.8881e-121 1.0275e-78 4.0882e-72 5.2435e-52 2.1236e-46 ] 0.0000e+00 [ 0.0000e+00 ] 1.0000e+00
 3.853e+01 1.3988e-46 1.3988e-46 [ 2.5209e-160 1.9460e-133 9.3804e-122 6.0610e-79 2.4147e-72 3.1756e-52 1.3988e-46 ] 0.0000e+00 [ 0.0000e+00 ] 1.0000e+00
 3.865e+01 9.1971e-47 9.1971e-47 [ 6.0013e-161 5.5249e-134 3.0432e-122 3.5487e-79 1.4156e-72 1.9066e-52 9.1971e-47 ] 0.0000e+00 [ 0.0000e+00 ] 1.0000e+00
 3.876e+01 6.0333e-47 6.0333e-47 [ 1.4280e-161 1.5671e-134 9.8615e-123 2.0596e-79 8.2256e-73 1.1330e-52 6.0333e-47 ] 0.0000e+00 [ 0.0000e+00 ] 1.0000e+00
 3.887e+01 3.9451e-47 3.9451e-47 [ 3.3961e-162 4.4409e-135 3.1917e-123 1.1828e-79 4.7287e-73 6.6521e-53 3.9451e-47 ] 0.0000e+00 [ 0.0000e+00 ] 1.0000e+00
 3.899e+01 2.5676e-47 2.5676e-47 [ 8.0714e-163 1.2570e-135 1.0316e-123 6.7038e-80 2.6827e-73 3.8482e-53 2.5676e-47 ] 0.0000e+00 [ 0.0000e+00 ] 1.0000e+00
 3.910e+01 1.6591e-47 1.6591e-47 [ 1.9163e-163 3.5529e-136 3.3281e-124 3.7362e-80 1.4964e-73 2.1851e-53 1.6591e-47 ] 0.0000e+00 [ 0.0000e+00 ] 1.0000e+00
 3.921e+01 1.0597e-47 1.0597e-47 [ 4.5406e-164 1.0018e-136 1.0708e-124 2.0357e-80 8.1596e-74 1.2107e-53 1.0597e-47 ] 0.0000e+00 [ 0.0000e+00 ] 1.0000e+00
 3.933e+01 6.6355e-48 6.6355e-48 [ 1.0713e-164 2.8107e-137 3.4258e-125 1.0738e-80 4.3065e-74 6.4807e-54 6.6355e-48 ] 0.0000e+00 [ 0.0000e+00 ] 1.0000e+00
 3.944e+01 4.0090e-48 4.0090e-48 [ 2.5013e-165 7.7962e-138 1.0818e-125 5.3820e-81 2.1597e-74 3.2894e-54 4.0090e-48 ] 0.0000e+00 [ 0.0000e+00 ] 1.0000e+00
 3.955e+01 2.2581e-48 2.2581e-48 [ 5.6824e-166 2.0970e-138 3.2973e-126 2.4655e-81 9.8974e-75 1.5223e-54 2.2581e-48 ] 0.0000e+00 [ 0.0000e+00 ] 1.0000e+00
 3.967e+01 1.0906e-48 1.0906e-48 [ 1.1873e-166 5.1292e-139 9.0244e-127 9.3683e-82 3.7619e-75 5.8283e-55 1.0906e-48 ] 0.0000e+00 [ 0.0000e+00 ] 1.0000e+00
 3.978e+01 3.4533e-49 3.4533e-49 [ 1.7605e-167 8.6021e-140 1.6447e-127 2.1218e-82 8.5216e-76 1.3262e-55 3.4533e-49 ] 0.0000e+00 [ 0.0000e+00 ] 1.0000e+00
 3.989e+01 0.0000e+00 0.0000e+00 [ 0.0000e+00 0.0000e+00 0.0000e+00 0.0000e+00 0.0000e+00 0.0000e+00 0.0000e+00 ] 0.0000e+00 [ 0.0000e+00 ] 1.0000e+00
