 0.000e+00 0.0000e+00 0.0000e+00 [ 0.0000e+00 0.0000e+00 0.0000e+00 0.0000e+00 0.0000e+00 0.0000e+00 0.0000e+00 ] 0.0000e+00 [ 0.0000e+00 ] 1.0000e+00
 1.133e-01 9.3452e-03 9.3452e-03 [ 6.9603e-03 2.4494e-04 6.9980e-05 7.0502e-04 1.6560e-04 7.8936e-04 4.1005e-04 ] 0.0000e+00 [ 0.0000e+00 ] 9.9065e-01
 2.267e-01 2.1454e-02 2.1454e-02 [ 1.0869e-02 1.0502e-03 3.2206e-04 3.3861e-03 7.3781e-04 3.4361e-03 1.6533e-03 ] 0.0000e+00 [ 0.0000e+00 ] 9.7855e-01
 3.400e-01 4.2895e-02 4.2895e-02 [ 1.4577e-02 2.6324e-03 9.0234e-04 1.0119e-02 1.9647e-03 8.8224e-03 3.8765e-03 ] 0.0000e+00 [ 0.0000e+00 ] 9.5711e-01
 4.533e-01 8.2756e-02 8.2756e-02 [ 1.9323e-02 5.3593e-03 2.1208e-03 2.5742e-02 4.3244e-03 1.8528e-02 7.3585e-03 ] 0.0000e+00 [ 0.0000e+00 ] 9.1724e-01
 5.667e-01 1.5609e-01 1.5609e-01 [ 2.6478e-02 9.6696e-03 4.5216e-03 5.9857e-02 8.5411e-03 3.4654e-02 1.2365e-02 ] 0.0000e+00 [ 0.0000e+00 ] 8.4391e-01
 6.800e-01 2.8077e-01 2.8077e-01 [ 3.6810e-02 1.5689e-02 8.7880e-03 1.2709e-01 1.5274e-02 5.8424e-02 1.8699e-02 ] 0.0000e+00 [ 0.0000e+00 ] 7.1923e-01
 7.933e-01 4.5794e-01 4.5794e-01 [ 4.8670e-02 2.2343e-02 1.5038e-02 2.3664e-01 2.3991e-02 8.6387e-02 2.4871e-02 ] 0.0000e+00 [ 0.0000e+00 ] 5.4206e-01
 9.067e-01 6.3964e-01 6.3964e-01 [ 5.6706e-02 2.6964e-02 2.1624e-02 3.6670e-01 3.1736e-02 1.0778e-01 2.8131e-02 ] 0.0000e+00 [ 0.0000e+00 ] 3.6036e-01
 1.020e+00 7.5902e-01 7.5902e-01 [ 5.6939e-02 2.7866e-02 2.6144e-02 4.7085e-01 3.5522e-02 1.1432e-01 2.7380e-02 ] 0.0000e+00 [ 0.0000e+00 ] 2.4098e-01
 1.133e+00 8.1269e-01 8.1269e-01 [ 5.1922e-02 2.6469e-02 2.8406e-02 5.3465e-01 3.6027e-02 1.1057e-01 2.4641e-02 ] 0.0000e+00 [ 0.0000e+00 ] 1.8731e-01
 1.247e+00 8.3313e-01 8.3313e-01 [ 4.5512e-02 2.4635e-02 2.9535e-02 5.7213e-01 3.5287e-02 1.0412e-01 2.1909e-02 ] 0.0000e+00 [ 0.0000e+00 ] 1.6687e-01
 1.360e+00 8.4103e-01 8.4103e-01 [ 3.9477e-02 2.3167e-02 3.0265e-02 5.9516e-01 3.4424e-02 9.8624e-02 1.9913e-02 ] 0.0000e+00 [ 0.0000e+00 ] 1.5897e-01
 1.473e+00 8.4430e-01 8.4430e-01 [ 3.4302e-02 2.2270e-02 3.0881e-02 6.0898e-01 3.3842e-02 9.5257e-02 1.8777e-02 ] 0.0000e+00 [ 0.0000e+00 ] 1.5570e-01
 1.587e+00 8.4549e-01 8.4549e-01 [ 3.0033e-02 2.1972e-02 3.1474e-02 6.1554e-01 3.3665e-02 9.4322e-02 1.8487e-02 ] 0.0000e+00 [ 0.0000e+00 ] 1.5451e-01
 1.700e+00 8.4529e-01 8.4529e-01 [ 2.6594e-02 2.2288e-02 3.2065e-02 6.1545e-01 3.3931e-02 9.5911e-02 1.9045e-02 ] 0.0000e+00 [ 0.0000e+00 ] 1.5471e-01
 1.813e+00 8.4366e-01 8.4366e-01 [ 2.3884e-02 2.3252e-02 3.2649e-02 6.0864e-01 3.4644e-02 1.0008e-01 2.0510e-02 ] 0.0000e+00 [ 0.0000e+00 ] 1.5634e-01
 1.927e+00 8.3985e-01 8.3985e-01 [ 2.1793e-02 2.4929e-02 3.3188e-02 5.9432e-01 3.5771e-02 1.0685e-01 2.3001e-02 ] 0.0000e+00 [ 0.0000e+00 ] 1.6015e-01
 2.040e+00 8.3134e-01 8.3134e-01 [ 2.0186e-02 2.7363e-02 3.3558e-02 5.7043e-01 3.7181e-02 1.1596e-01 2.6659e-02 ] 0.0000e+00 [ 0.0000e+00 ] 1.6866e-01
 2.153e+00 8.1059e-01 8.1059e-01 [ 1.8818e-02 3.0415e-02 3.3399e-02 5.3188e-01 3.8454e-02 1.2617e-01 3.1459e-02 ] 0.0000e+00 [ 0.0000e+00 ] 1.8941e-01
 2.267e+00 7.5844e-01 7.5844e-01 [ 1.7170e-02 3.3262e-02 3.1812e-02 4.6775e-01 3.8429e-02 1.3340e-01 3.6612e-02 ] 0.0000e+00 [ 0.0000e+00 ] 2.4156e-01
 2.380e+00 6.4516e-01 6.4516e-01 [ 1.4445e-02 3.3771e-02 2.7381e-02 3.6579e-01 3.5000e-02 1.2916e-01 3.9606e-02 ] 0.0000e+00 [ 0.0000e+00 ] 3.5484e-01
 2.493e+00 4.7197e-01 4.7197e-01 [ 1.0497e-02 2.9897e-02 2.0052e-02 2.3933e-01 2.7290e-02 1.0749e-01 3.7414e-02 ] 0.0000e+00 [ 0.0000e+00 ] 5.2803e-01
 2.607e+00 2.9864e-01 2.9864e-01 [ 6.5493e-03 2.2944e-02 1.2509e-02 1.3129e-01 1.8150e-02 7.6501e-02 3.0700e-02 ] 0.0000e+00 [ 0.0000e+00 ] 7.0136e-01
 2.720e+00 1.7261e-01 1.7261e-01 [ 3.6725e-03 1.5952e-02 6.9985e-03 6.3622e-02 1.0784e-02 4.8697e-02 2.2882e-02 ] 0.0000e+00 [ 0.0000e+00 ] 8.2739e-01
 2.833e+00 9.6103e-02 9.6103e-02 [ 1.9414e-03 1.0520e-02 3.6971e-03 2.8668e-02 6.0009e-03 2.9034e-02 1.6242e-02 ] 0.0000e+00 [ 0.0000e+00 ] 9.0390e-01
 2.947e+00 5.3383e-02 5.3383e-02 [ 9.9936e-04 6.7843e-03 1.9082e-03 1.2415e-02 3.2253e-03 1.6714e-02 1.1338e-02 ] 0.0000e+00 [ 0.0000e+00 ] 9.4662e-01
 3.060e+00 3.0190e-02 3.0190e-02 [ 5.1053e-04 4.3511e-03 9.8155e-04 5.2629e-03 1.7035e-03 9.4503e-03 7.9304e-03 ] 0.0000e+00 [ 0.0000e+00 ] 9.6981e-01
 3.173e+00 1.7581e-02 1.7581e-02 [ 2.6170e-04 2.7995e-03 5.0896e-04 2.2054e-03 8.9229e-04 5.2967e-03 5.6164e-03 ] 0.0000e+00 [ 0.0000e+00 ] 9.8242e-01
 3.287e+00 1.0608e-02 1.0608e-02 [ 1.3549e-04 1.8144e-03 2.6784e-04 9.1817e-04 4.6570e-04 2.9578e-03 4.0482e-03 ] 0.0000e+00 [ 0.0000e+00 ] 9.8939e-01
 3.400e+00 6.6510e-03 6.6510e-03 [ 7.1141e-05 1.1865e-03 1.4368e-04 3.8085e-04 2.4278e-04 1.6505e-03 2.9756e-03 ] 0.0000e+00 [ 0.0000e+00 ] 9.9335e-01
 3.513e+00 4.3365e-03 4.3365e-03 [ 3.7970e-05 7.8312e-04 7.8791e-05 1.5762e-04 1.2660e-04 9.2234e-04 2.2301e-03 ] 0.0000e+00 [ 0.0000e+00 ] 9.9566e-01
 3.627e+00 2.9362e-03 2.9362e-03 [ 2.0626e-05 5.2142e-04 4.4261e-05 6.5153e-05 6.6074e-05 5.1704e-04 1.7016e-03 ] 0.0000e+00 [ 0.0000e+00 ] 9.9706e-01
 3.740e+00 2.0584e-03 2.0584e-03 [ 1.1406e-05 3.4992e-04 2.5500e-05 2.6912e-05 3.4530e-05 2.9126e-04 1.3189e-03 ] 0.0000e+00 [ 0.0000e+00 ] 9.9794e-01
 3.853e+00 1.4879e-03 1.4879e-03 [ 6.4177e-06 2.3640e-04 1.5073e-05 1.1113e-05 1.8072e-05 1.6521e-04 1.0357e-03 ] 0.0000e+00 [ 0.0000e+00 ] 9.9851e-01
 3.967e+00 1.1038e-03 1.1038e-03 [ 3.6696e-06 1.6058e-04 9.1375e-06 4.5894e-06 9.4735e-06 9.4572e-05 8.2174e-04 ] 0.0000e+00 [ 0.0000e+00 ] 9.9890e-01
 4.080e+00 8.3620e-04 8.3620e-04 [ 2.1289e-06 1.0953e-04 5.6752e-06 1.8961e-06 4.9738e-06 5.4786e-05 6.5722e-04 ] 0.0000e+00 [ 0.0000e+00 ] 9.9916e-01
 4.193e+00 6.4411e-04 6.4411e-04 [ 1.2506e-06 7.4913e-05 3.6052e-06 7.8391e-07 2.6154e-06 3.2220e-05 5.2872e-04 ] 0.0000e+00 [ 0.0000e+00 ] 9.9936e-01
 4.307e+00 5.0248e-04 5.0248e-04 [ 7.4246e-07 5.1320e-05 2.3376e-06 3.2444e-07 1.3773e-06 1.9301e-05 4.2708e-04 ] 0.0000e+00 [ 0.0000e+00 ] 9.9950e-01
 4.420e+00 3.9573e-04 3.9573e-04 [ 4.4451e-07 3.5174e-05 1.5434e-06 1.3447e-07 7.2629e-07 1.1816e-05 3.4590e-04 ] 0.0000e+00 [ 0.0000e+00 ] 9.9960e-01
 4.533e+00 3.1381e-04 3.1381e-04 [ 2.6786e-07 2.4095e-05 1.0352e-06 5.5838e-08 3.8346e-07 7.4145e-06 2.8056e-04 ] 0.0000e+00 [ 0.0000e+00 ] 9.9969e-01
 4.647e+00 2.5006e-04 2.5006e-04 [ 1.6217e-07 1.6482e-05 7.0363e-07 2.3243e-08 2.0267e-07 4.7777e-06 2.2771e-04 ] 0.0000e+00 [ 0.0000e+00 ] 9.9975e-01
 4.760e+00 1.9991e-04 1.9991e-04 [ 9.8482e-08 1.1251e-05 4.8361e-07 9.7047e-09 1.0722e-07 3.1636e-06 1.8479e-04 ] 0.0000e+00 [ 0.0000e+00 ] 9.9980e-01
 4.873e+00 1.6014e-04 1.6014e-04 [ 5.9897e-08 7.6591e-06 3.3541e-07 4.0681e-09 5.6758e-08 2.1508e-06 1.4987e-04 ] 0.0000e+00 [ 0.0000e+00 ] 9.9984e-01
 4.987e+00 1.2843e-04 1.2843e-04 [ 3.6439e-08 5.1973e-06 2.3431e-07 1.7140e-09 3.0062e-08 1.4983e-06 1.2143e-04 ] 0.0000e+00 [ 0.0000e+00 ] 9.9987e-01
 5.100e+00 1.0304e-04 1.0304e-04 [ 2.2148e-08 3.5144e-06 1.6459e-07 7.2689e-10 1.5927e-08 1.0661e-06 9.8252e-05 ] 0.0000e+00 [ 0.0000e+00 ] 9.9990e-01
 5.213e+00 8.2652e-05 8.2652e-05 [ 1.3436e-08 2.3675e-06 1.1610e-07 3.1092e-10 8.4386e-09 7.7229e-07 7.9374e-05 ] 0.0000e+00 [ 0.0000e+00 ] 9.9992e-01
 5.327e+00 6.6263e-05 6.6263e-05 [ 8.1289e-09 1.5886e-06 8.2122e-08 1.3449e-10 4.4704e-09 5.6752e-07 6.4012e-05 ] 0.0000e+00 [ 0.0000e+00 ] 9.9993e-01
 5.440e+00 5.3075e-05 5.3075e-05 [ 4.9007e-09 1.0618e-06 5.8187e-08 5.9044e-11 2.3673e-09 4.2173e-07 5.1526e-05 ] 0.0000e+00 [ 0.0000e+00 ] 9.9995e-01
 5.553e+00 4.2463e-05 4.2463e-05 [ 2.9423e-09 7.0686e-07 4.1257e-08 2.6424e-11 1.2529e-09 3.1604e-07 4.1395e-05 ] 0.0000e+00 [ 0.0000e+00 ] 9.9996e-01
 5.667e+00 3.3926e-05 3.3926e-05 [ 1.7582e-09 4.6876e-07 2.9247e-08 1.2119e-11 6.6251e-10 2.3830e-07 3.3188e-05 ] 0.0000e+00 [ 0.0000e+00 ] 9.9997e-01
 5.780e+00 2.7064e-05 2.7064e-05 [ 1.0453e-09 3.0969e-07 2.0712e-08 5.7288e-12 3.4999e-10 1.8047e-07 2.6552e-05 ] 0.0000e+00 [ 0.0000e+00 ] 9.9997e-01
 5.893e+00 2.1555e-05 2.1555e-05 [ 6.1795e-10 2.0385e-07 1.4642e-08 2.8061e-12 1.8467e-10 1.3709e-07 2.1199e-05 ] 0.0000e+00 [ 0.0000e+00 ] 9.9998e-01
 6.007e+00 1.7137e-05 1.7137e-05 [ 3.6319e-10 1.3372e-07 1.0327e-08 1.4297e-12 9.7306e-11 1.0434e-07 1.6889e-05 ] 0.0000e+00 [ 0.0000e+00 ] 9.9998e-01
 6.120e+00 1.3601e-05 1.3601e-05 [ 2.1214e-10 8.7420e-08 7.2617e-09 7.5852e-13 5.1195e-11 7.9509e-08 1.3426e-05 ] 0.0000e+00 [ 0.0000e+00 ] 9.9999e-01
 6.233e+00 1.0774e-05 1.0774e-05 [ 1.2312e-10 5.6968e-08 5.0885e-09 4.1833e-13 2.6890e-11 6.0624e-08 1.0651e-05 ] 0.0000e+00 [ 0.0000e+00 ] 9.9999e-01
 6.347e+00 8.5185e-06 8.5185e-06 [ 7.0988e-11 3.7009e-08 3.5514e-09 2.3877e-13 1.4099e-11 4.6233e-08 8.4316e-06 ] 0.0000e+00 [ 0.0000e+00 ] 9.9999e-01
 6.460e+00 6.7226e-06 6.7226e-06 [ 4.0655e-11 2.3970e-08 2.4677e-09 1.4019e-13 7.3779e-12 3.5254e-08 6.6608e-06 ] 0.0000e+00 [ 0.0000e+00 ] 9.9999e-01
 6.573e+00 5.2952e-06 5.2952e-06 [ 2.3124e-11 1.5479e-08 1.7065e-09 8.4131e-14 3.8532e-12 2.6873e-08 5.2511e-06 ] 0.0000e+00 [ 0.0000e+00 ] 9.9999e-01
 6.687e+00 4.1630e-06 4.1630e-06 [ 1.3062e-11 9.9667e-09 1.1739e-09 5.1300e-14 2.0082e-12 2.0475e-08 4.1314e-06 ] 0.0000e+00 [ 0.0000e+00 ] 1.0000e+00
 6.800e+00 3.2668e-06 3.2668e-06 [ 7.3267e-12 6.3983e-09 8.0315e-10 3.1625e-14 1.0444e-12 1.5590e-08 3.2440e-06 ] 0.0000e+00 [ 0.0000e+00 ] 1.0000e+00
 6.913e+00 2.5588e-06 2.5588e-06 [ 4.0809e-12 4.0951e-09 5.4630e-10 1.9632e-14 5.4194e-13 1.1863e-08 2.5423e-06 ] 0.0000e+00 [ 0.0000e+00 ] 1.0000e+00
 7.027e+00 2.0006e-06 2.0006e-06 [ 2.2571e-12 2.6128e-09 3.6934e-10 1.2235e-14 2.8058e-13 9.0206e-09 1.9886e-06 ] 0.0000e+00 [ 0.0000e+00 ] 1.0000e+00
 7.140e+00 1.5613e-06 1.5613e-06 [ 1.2396e-12 1.6617e-09 2.4814e-10 7.6381e-15 1.4493e-13 6.8539e-09 1.5526e-06 ] 0.0000e+00 [ 0.0000e+00 ] 1.0000e+00
 7.253e+00 1.2164e-06 1.2164e-06 [ 6.7605e-13 1.0532e-09 1.6563e-10 4.7689e-15 7.4688e-14 5.2037e-09 1.2100e-06 ] 0.0000e+00 [ 0.0000e+00 ] 1.0000e+00
 7.367e+00 9.4610e-07 9.4610e-07 [ 3.6613e-13 6.6512e-10 1.0982e-10 2.9743e-15 3.8399e-14 3.9477e-09 9.4138e-07 ] 0.0000e+00 [ 0.0000e+00 ] 1.0000e+00
 7.480e+00 7.3463e-07 7.3463e-07 [ 1.9691e-13 4.1846e-10 7.2317e-11 1.8515e-15 1.9694e-14 2.9926e-09 7.3115e-07 ] 0.0000e+00 [ 0.0000e+00 ] 1.0000e+00
 7.593e+00 5.6952e-07 5.6952e-07 [ 1.0517e-13 2.6223e-10 4.7292e-11 1.1497e-15 1.0077e-14 2.2668e-09 5.6694e-07 ] 0.0000e+00 [ 0.0000e+00 ] 1.0000e+00
 7.707e+00 4.4082e-07 4.4082e-07 [ 5.5792e-14 1.6364e-10 3.0708e-11 7.1186e-16 5.1437e-15 1.7158e-09 4.3891e-07 ] 0.0000e+00 [ 0.0000e+00 ] 1.0000e+00
 7.820e+00 3.4070e-07 3.4070e-07 [ 2.9396e-14 1.0166e-10 1.9798e-11 4.3933e-16 2.6192e-15 1.2977e-09 3.3928e-07 ] 0.0000e+00 [ 0.0000e+00 ] 1.0000e+00
 7.933e+00 2.6293e-07 2.6293e-07 [ 1.5385e-14 6.2866e-11 1.2671e-11 2.7020e-16 1.3306e-15 9.8077e-10 2.6187e-07 ] 0.0000e+00 [ 0.0000e+00 ] 1.0000e+00
 8.047e+00 2.0263e-07 2.0263e-07 [ 7.9984e-15 3.8687e-11 8.0512e-12 1.6559e-16 6.7431e-16 7.4071e-10 2.0184e-07 ] 0.0000e+00 [ 0.0000e+00 ] 1.0000e+00
 8.160e+00 1.5594e-07 1.5594e-07 [ 4.1309e-15 2.3687e-11 5.0782e-12 1.0110e-16 3.4092e-16 5.5902e-10 1.5535e-07 ] 0.0000e+00 [ 0.0000e+00 ] 1.0000e+00
 8.273e+00 1.1985e-07 1.1985e-07 [ 2.1196e-15 1.4427e-11 3.1795e-12 6.1491e-17 1.7197e-16 4.2160e-10 1.1941e-07 ] 0.0000e+00 [ 0.0000e+00 ] 1.0000e+00
 8.387e+00 9.1999e-08 9.1999e-08 [ 1.0805e-15 8.7388e-12 1.9760e-12 3.7257e-17 8.6543e-17 3.1776e-10 9.1671e-08 ] 0.0000e+00 [ 0.0000e+00 ] 1.0000e+00
 8.500e+00 7.0533e-08 7.0533e-08 [ 5.4731e-16 5.2638e-12 1.2191e-12 2.2486e-17 4.3455e-17 2.3933e-10 7.0287e-08 ] 0.0000e+00 [ 0.0000e+00 ] 1.0000e+00
 8.613e+00 5.4011e-08 5.4011e-08 [ 2.7546e-16 3.1523e-12 7.4653e-13 1.3518e-17 2.1772e-17 1.8014e-10 5.3827e-08 ] 0.0000e+00 [ 0.0000e+00 ] 1.0000e+00
 8.727e+00 4.1312e-08 4.1312e-08 [ 1.3776e-16 1.8767e-12 4.5381e-13 8.0951e-18 1.0886e-17 1.3551e-10 4.1174e-08 ] 0.0000e+00 [ 0.0000e+00 ] 1.0000e+00
 8.840e+00 3.1564e-08 3.1564e-08 [ 6.8466e-17 1.1105e-12 2.7385e-13 4.8285e-18 5.4316e-18 1.0187e-10 3.1460e-08 ] 0.0000e+00 [ 0.0000e+00 ] 1.0000e+00
 8.953e+00 2.4090e-08 2.4090e-08 [ 3.3814e-17 6.5305e-13 1.6406e-13 2.8688e-18 2.7051e-18 7.6540e-11 2.4013e-08 ] 0.0000e+00 [ 0.0000e+00 ] 1.0000e+00
 9.067e+00 1.8367e-08 1.8367e-08 [ 1.6596e-17 3.8164e-13 9.7569e-14 1.6977e-18 1.3450e-18 5.7473e-11 1.8309e-08 ] 0.0000e+00 [ 0.0000e+00 ] 1.0000e+00
 9.180e+00 1.3990e-08 1.3990e-08 [ 8.0947e-18 2.2161e-13 5.7611e-14 1.0008e-18 6.6770e-19 4.3131e-11 1.3946e-08 ] 0.0000e+00 [ 0.0000e+00 ] 1.0000e+00
 9.293e+00 1.0645e-08 1.0645e-08 [ 3.9238e-18 1.2786e-13 3.3774e-14 5.8765e-19 3.3109e-19 3.2351e-11 1.0613e-08 ] 0.0000e+00 [ 0.0000e+00 ] 1.0000e+00
 9.407e+00 8.0930e-09 8.0930e-09 [ 1.8902e-18 7.3288e-14 1.9660e-14 3.4371e-19 1.6404e-19 2.4252e-11 8.0687e-09 ] 0.0000e+00 [ 0.0000e+00 ] 1.0000e+00
 9.520e+00 6.1470e-09 6.1470e-09 [ 9.0495e-19 4.1733e-14 1.1364e-14 2.0025e-19 8.1252e-20 1.8171e-11 6.1288e-09 ] 0.0000e+00 [ 0.0000e+00 ] 1.0000e+00
 9.633e+00 4.6649e-09 4.6649e-09 [ 4.3057e-19 2.3608e-14 6.5233e-15 1.1622e-19 4.0260e-20 1.3607e-11 4.6512e-09 ] 0.0000e+00 [ 0.0000e+00 ] 1.0000e+00
 9.747e+00 3.5371e-09 3.5371e-09 [ 2.0360e-19 1.3266e-14 3.7188e-15 6.7193e-20 1.9974e-20 1.0185e-11 3.5269e-09 ] 0.0000e+00 [ 0.0000e+00 ] 1.0000e+00
 9.860e+00 2.6797e-09 2.6797e-09 [ 9.5675e-20 7.4047e-15 2.1056e-15 3.8699e-20 9.9332e-21 7.6195e-12 2.6721e-09 ] 0.0000e+00 [ 0.0000e+00 ] 1.0000e+00
 9.973e+00 2.0286e-09 2.0286e-09 [ 4.4681e-20 4.1056e-15 1.1842e-15 2.2203e-20 4.9590e-21 5.6976e-12 2.0229e-09 ] 0.0000e+00 [ 0.0000e+00 ] 1.0000e+00
 1.009e+01 1.5345e-09 1.5345e-09 [ 2.0737e-20 2.2611e-15 6.6156e-16 1.2690e-20 2.4899e-21 4.2585e-12 1.5302e-09 ] 0.0000e+00 [ 0.0000e+00 ] 1.0000e+00
 1.020e+01 1.1598e-09 1.1598e-09 [ 9.5641e-21 1.2370e-15 3.6716e-16 7.2260e-21 1.2602e-21 3.1814e-12 1.1567e-09 ] 0.0000e+00 [ 0.0000e+00 ] 1.0000e+00
 1.031e+01 8.7603e-10 8.7603e-10 [ 4.3836e-21 6.7218e-16 2.0245e-16 4.0991e-21 6.4466e-22 2.3757e-12 8.7366e-10 ] 0.0000e+00 [ 0.0000e+00 ] 1.0000e+00
 1.043e+01 6.6120e-10 6.6120e-10 [ 1.9966e-21 3.6283e-16 1.1091e-16 2.3166e-21 3.3432e-22 1.7732e-12 6.5942e-10 ] 0.0000e+00 [ 0.0000e+00 ] 1.0000e+00
 1.054e+01 4.9870e-10 4.9870e-10 [ 9.0371e-22 1.9454e-16 6.0380e-17 1.3044e-21 1.7632e-22 1.3230e-12 4.9738e-10 ] 0.0000e+00 [ 0.0000e+00 ] 1.0000e+00
 1.065e+01 3.7589e-10 3.7589e-10 [ 4.0647e-22 1.0362e-16 3.2665e-17 7.3177e-22 9.4850e-23 9.8665e-13 3.7490e-10 ] 0.0000e+00 [ 0.0000e+00 ] 1.0000e+00
 1.077e+01 2.8314e-10 2.8314e-10 [ 1.8168e-22 5.4822e-17 1.7562e-17 4.0901e-22 5.2167e-23 7.3552e-13 2.8240e-10 ] 0.0000e+00 [ 0.0000e+00 ] 1.0000e+00
 1.088e+01 2.1313e-10 2.1313e-10 [ 8.0691e-23 2.8815e-17 9.3847e-18 2.2778e-22 2.9377e-23 5.4808e-13 2.1259e-10 ] 0.0000e+00 [ 0.0000e+00 ] 1.0000e+00
 1.099e+01 1.6034e-10 1.6034e-10 [ 3.5613e-23 1.5046e-17 4.9848e-18 1.2639e-22 1.6942e-23 4.0825e-13 1.5993e-10 ] 0.0000e+00 [ 0.0000e+00 ] 1.0000e+00
 1.111e+01 1.2055e-10 1.2055e-10 [ 1.5619e-23 7.8055e-18 2.6320e-18 6.9880e-23 9.9965e-24 3.0398e-13 1.2024e-10 ] 0.0000e+00 [ 0.0000e+00 ] 1.0000e+00
 1.122e+01 9.0580e-11 9.0580e-11 [ 6.8070e-24 4.0230e-18 1.3816e-18 3.8497e-23 6.0221e-24 2.2625e-13 9.0353e-11 ] 0.0000e+00 [ 0.0000e+00 ] 1.0000e+00
 1.133e+01 6.8022e-11 6.8022e-11 [ 2.9479e-24 2.0601e-18 7.2102e-19 2.1133e-23 3.6938e-24 1.6833e-13 6.7854e-11 ] 0.0000e+00 [ 0.0000e+00 ] 1.0000e+00
 1.145e+01 5.1053e-11 5.1053e-11 [ 1.2686e-24 1.0482e-18 3.7414e-19 1.1560e-23 2.3000e-24 1.2520e-13 5.0928e-11 ] 0.0000e+00 [ 0.0000e+00 ] 1.0000e+00
 1.156e+01 3.8297e-11 3.8297e-11 [ 5.4252e-25 5.2999e-19 1.9305e-19 6.3014e-24 1.4494e-24 9.3081e-14 3.8204e-11 ] 0.0000e+00 [ 0.0000e+00 ] 1.0000e+00
 1.167e+01 2.8712e-11 2.8712e-11 [ 2.3055e-25 2.6628e-19 9.9058e-20 3.4229e-24 9.2187e-25 6.9178e-14 2.8643e-11 ] 0.0000e+00 [ 0.0000e+00 ] 1.0000e+00
 1.179e+01 2.1515e-11 2.1515e-11 [ 9.7361e-26 1.3295e-19 5.0550e-20 1.8529e-24 5.9047e-25 5.1396e-14 2.1464e-11 ] 0.0000e+00 [ 0.0000e+00 ] 1.0000e+00
 1.190e+01 1.6114e-11 1.6114e-11 [ 4.0859e-26 6.5971e-20 2.5656e-20 9.9953e-25 3.8013e-25 3.8170e-14 1.6076e-11 ] 0.0000e+00 [ 0.0000e+00 ] 1.0000e+00
 1.201e+01 1.2063e-11 1.2063e-11 [ 1.7040e-26 3.2535e-20 1.2952e-20 5.3735e-25 2.4560e-25 2.8339e-14 1.2035e-11 ] 0.0000e+00 [ 0.0000e+00 ] 1.0000e+00
 1.213e+01 9.0261e-12 9.0261e-12 [ 7.0623e-27 1.5948e-20 6.5043e-21 2.8790e-25 1.5907e-25 2.1032e-14 9.0051e-12 ] 0.0000e+00 [ 0.0000e+00 ] 1.0000e+00
 1.224e+01 6.7505e-12 6.7505e-12 [ 2.9089e-27 7.7704e-21 3.2493e-21 1.5373e-25 1.0319e-25 1.5604e-14 6.7349e-12 ] 0.0000e+00 [ 0.0000e+00 ] 1.0000e+00
 1.235e+01 5.0463e-12 5.0463e-12 [ 1.1907e-27 3.7635e-21 1.6149e-21 8.1811e-26 6.6999e-26 1.1573e-14 5.0347e-12 ] 0.0000e+00 [ 0.0000e+00 ] 1.0000e+00
 1.247e+01 3.7706e-12 3.7706e-12 [ 4.8443e-28 1.8121e-21 7.9855e-22 4.3393e-26 4.3521e-26 8.5803e-15 3.7620e-12 ] 0.0000e+00 [ 0.0000e+00 ] 1.0000e+00
 1.258e+01 2.8162e-12 2.8162e-12 [ 1.9588e-28 8.6744e-22 3.9290e-22 2.2940e-26 2.8273e-26 6.3595e-15 2.8099e-12 ] 0.0000e+00 [ 0.0000e+00 ] 1.0000e+00
 1.269e+01 2.1025e-12 2.1025e-12 [ 7.8719e-29 4.1285e-22 1.9236e-22 1.2087e-26 1.8365e-26 4.7119e-15 2.0978e-12 ] 0.0000e+00 [ 0.0000e+00 ] 1.0000e+00
 1.281e+01 1.5690e-12 1.5690e-12 [ 3.1444e-29 1.9537e-22 9.3718e-23 6.3479e-27 1.1925e-26 3.4899e-15 1.5655e-12 ] 0.0000e+00 [ 0.0000e+00 ] 1.0000e+00
 1.292e+01 1.1704e-12 1.1704e-12 [ 1.2485e-29 9.1932e-23 4.5441e-23 3.3230e-27 7.7401e-27 2.5841e-15 1.1678e-12 ] 0.0000e+00 [ 0.0000e+00 ] 1.0000e+00
 1.303e+01 8.7272e-13 8.7272e-13 [ 4.9271e-30 4.3018e-23 2.1928e-23 1.7339e-27 5.0211e-27 1.9127e-15 8.7081e-13 ] 0.0000e+00 [ 0.0000e+00 ] 1.0000e+00
 1.315e+01 6.5050e-13 6.5050e-13 [ 1.9329e-30 2.0019e-23 1.0532e-23 9.0185e-28 3.2554e-27 1.4153e-15 6.4909e-13 ] 0.0000e+00 [ 0.0000e+00 ] 1.0000e+00
 1.326e+01 4.8468e-13 4.8468e-13 [ 7.5382e-31 9.2652e-24 5.0355e-24 4.6758e-28 2.1093e-27 1.0469e-15 4.8364e-13 ] 0.0000e+00 [ 0.0000e+00 ] 1.0000e+00
 1.337e+01 3.6100e-13 3.6100e-13 [ 2.9225e-31 4.2651e-24 2.3965e-24 2.4165e-28 1.3659e-27 7.7410e-16 3.6023e-13 ] 0.0000e+00 [ 0.0000e+00 ] 1.0000e+00
 1.349e+01 2.6878e-13 2.6878e-13 [ 1.1264e-31 1.9529e-24 1.1354e-24 1.2450e-28 8.8390e-28 5.7221e-16 2.6821e-13 ] 0.0000e+00 [ 0.0000e+00 ] 1.0000e+00
 1.360e+01 2.0005e-13 2.0005e-13 [ 4.3161e-32 8.8953e-25 5.3558e-25 6.3942e-29 5.7164e-28 4.2284e-16 1.9963e-13 ] 0.0000e+00 [ 0.0000e+00 ] 1.0000e+00
 1.371e+01 1.4884e-13 1.4884e-13 [ 1.6443e-32 4.0306e-25 2.5152e-25 3.2738e-29 3.6945e-28 3.1235e-16 1.4853e-13 ] 0.0000e+00 [ 0.0000e+00 ] 1.0000e+00
 1.383e+01 1.1071e-13 1.1071e-13 [ 6.2285e-33 1.8170e-25 1.1761e-25 1.6710e-29 2.3863e-28 2.3066e-16 1.1048e-13 ] 0.0000e+00 [ 0.0000e+00 ] 1.0000e+00
 1.394e+01 8.2314e-14 8.2314e-14 [ 2.3459e-33 8.1493e-26 5.4763e-26 8.5031e-30 1.5404e-28 1.7027e-16 8.2144e-14 ] 0.0000e+00 [ 0.0000e+00 ] 1.0000e+00
 1.405e+01 6.1184e-14 6.1184e-14 [ 8.7856e-34 3.6367e-26 2.5392e-26 4.3137e-30 9.9374e-29 1.2565e-16 6.1058e-14 ] 0.0000e+00 [ 0.0000e+00 ] 1.0000e+00
 1.417e+01 4.5463e-14 4.5463e-14 [ 3.2719e-34 1.6149e-26 1.1725e-26 2.1818e-30 6.4070e-29 9.2693e-17 4.5371e-14 ] 0.0000e+00 [ 0.0000e+00 ] 1.0000e+00
 1.428e+01 3.3772e-14 3.3772e-14 [ 1.2117e-34 7.1360e-27 5.3919e-27 1.1002e-30 4.1284e-29 6.8355e-17 3.3703e-14 ] 0.0000e+00 [ 0.0000e+00 ] 1.0000e+00
 1.439e+01 2.5079e-14 2.5079e-14 [ 4.4629e-35 3.1381e-27 2.4696e-27 5.5312e-31 2.6587e-29 5.0390e-17 2.5029e-14 ] 0.0000e+00 [ 0.0000e+00 ] 1.0000e+00
 1.451e+01 1.8618e-14 1.8618e-14 [ 1.6347e-35 1.3734e-27 1.1267e-27 2.7726e-31 1.7113e-29 3.7134e-17 1.8581e-14 ] 0.0000e+00 [ 0.0000e+00 ] 1.0000e+00
 1.462e+01 1.3818e-14 1.3818e-14 [ 5.9554e-36 5.9825e-28 5.1201e-28 1.3857e-31 1.1009e-29 2.7355e-17 1.3791e-14 ] 0.0000e+00 [ 0.0000e+00 ] 1.0000e+00
 1.473e+01 1.0252e-14 1.0252e-14 [ 2.1580e-36 2.5938e-28 2.3178e-28 6.9054e-32 7.0782e-30 2.0144e-17 1.0232e-14 ] 0.0000e+00 [ 0.0000e+00 ] 1.0000e+00
 1.485e+01 7.6047e-15 7.6047e-15 [ 7.7777e-37 1.1194e-28 1.0453e-28 3.4312e-32 4.5487e-30 1.4829e-17 7.5898e-15 ] 0.0000e+00 [ 0.0000e+00 ] 1.0000e+00
 1.496e+01 5.6392e-15 5.6392e-15 [ 2.7884e-37 4.8093e-29 4.6965e-29 1.7000e-32 2.9217e-30 1.0912e-17 5.6283e-15 ] 0.0000e+00 [ 0.0000e+00 ] 1.0000e+00
 1.507e+01 4.1806e-15 4.1806e-15 [ 9.9447e-38 2.0569e-29 2.1024e-29 8.3982e-33 1.8757e-30 8.0269e-18 4.1726e-15 ] 0.0000e+00 [ 0.0000e+00 ] 1.0000e+00
 1.519e+01 3.0984e-15 3.0984e-15 [ 3.5283e-38 8.7582e-30 9.3776e-30 4.1371e-33 1.2036e-30 5.9025e-18 3.0925e-15 ] 0.0000e+00 [ 0.0000e+00 ] 1.0000e+00
 1.530e+01 2.2958e-15 2.2958e-15 [ 1.2454e-38 3.7129e-30 4.1679e-30 2.0323e-33 7.7200e-31 4.3387e-18 2.2914e-15 ] 0.0000e+00 [ 0.0000e+00 ] 1.0000e+00
 1.541e+01 1.7006e-15 1.7006e-15 [ 4.3734e-39 1.5672e-30 1.8460e-30 9.9549e-34 4.9494e-31 3.1880e-18 1.6974e-15 ] 0.0000e+00 [ 0.0000e+00 ] 1.0000e+00
 1.553e+01 1.2594e-15 1.2594e-15 [ 1.5281e-39 6.5871e-31 8.1477e-31 4.8628e-34 3.1717e-31 2.3416e-18 1.2571e-15 ] 0.0000e+00 [ 0.0000e+00 ] 1.0000e+00
 1.564e+01 9.3245e-16 9.3245e-16 [ 5.3124e-40 2.7569e-31 3.5841e-31 2.3688e-34 2.0316e-31 1.7193e-18 9.3073e-16 ] 0.0000e+00 [ 0.0000e+00 ] 1.0000e+00
 1.575e+01 6.9020e-16 6.9020e-16 [ 1.8377e-40 1.1490e-31 1.5713e-31 1.1507e-34 1.3008e-31 1.2619e-18 6.8893e-16 ] 0.0000e+00 [ 0.0000e+00 ] 1.0000e+00
 1.587e+01 5.1075e-16 5.1075e-16 [ 6.3263e-41 4.7691e-32 6.8666e-32 5.5748e-35 8.3254e-32 9.2584e-19 5.0983e-16 ] 0.0000e+00 [ 0.0000e+00 ] 1.0000e+00
 1.598e+01 3.7787e-16 3.7787e-16 [ 2.1672e-41 1.9714e-32 2.9910e-32 2.6935e-35 5.3263e-32 6.7902e-19 3.7719e-16 ] 0.0000e+00 [ 0.0000e+00 ] 1.0000e+00
 1.609e+01 2.7949e-16 2.7949e-16 [ 7.3885e-42 8.1167e-33 1.2988e-32 1.2979e-35 3.4062e-32 4.9781e-19 2.7900e-16 ] 0.0000e+00 [ 0.0000e+00 ] 1.0000e+00
 1.621e+01 2.0668e-16 2.0668e-16 [ 2.5069e-42 3.3285e-33 5.6220e-33 6.2374e-36 2.1775e-32 3.6482e-19 2.0631e-16 ] 0.0000e+00 [ 0.0000e+00 ] 1.0000e+00
 1.632e+01 1.5280e-16 1.5280e-16 [ 8.4661e-43 1.3596e-33 2.4263e-33 2.9898e-36 1.3915e-32 2.6726e-19 1.5253e-16 ] 0.0000e+00 [ 0.0000e+00 ] 1.0000e+00
 1.643e+01 1.1293e-16 1.1293e-16 [ 2.8457e-43 5.5318e-34 1.0440e-33 1.4294e-36 8.8889e-33 1.9572e-19 1.1274e-16 ] 0.0000e+00 [ 0.0000e+00 ] 1.0000e+00
 1.655e+01 8.3452e-17 8.3452e-17 [ 9.5213e-44 2.2421e-34 4.4788e-34 6.8163e-37 5.6762e-33 1.4327e-19 8.3309e-17 ] 0.0000e+00 [ 0.0000e+00 ] 1.0000e+00
 1.666e+01 6.1652e-17 6.1652e-17 [ 3.1711e-44 9.0532e-35 1.9160e-34 3.2425e-37 3.6235e-33 1.0484e-19 6.1547e-17 ] 0.0000e+00 [ 0.0000e+00 ] 1.0000e+00
 1.677e+01 4.5535e-17 4.5535e-17 [ 1.0514e-44 3.6418e-35 8.1734e-35 1.5387e-37 2.3123e-33 7.6686e-20 4.5459e-17 ] 0.0000e+00 [ 0.0000e+00 ] 1.0000e+00
 1.689e+01 3.3624e-17 3.3624e-17 [ 3.4703e-45 1.4595e-35 3.4771e-35 7.2848e-38 1.4751e-33 5.6072e-20 3.3568e-17 ] 0.0000e+00 [ 0.0000e+00 ] 1.0000e+00
 1.700e+01 2.4823e-17 2.4823e-17 [ 1.1404e-45 5.8279e-36 1.4752e-35 3.4413e-38 9.4071e-34 4.0985e-20 2.4782e-17 ] 0.0000e+00 [ 0.0000e+00 ] 1.0000e+00
 1.711e+01 1.8321e-17 1.8321e-17 [ 3.7310e-46 2.3186e-36 6.2426e-36 1.6223e-38 5.9973e-34 2.9946e-20 1.8291e-17 ] 0.0000e+00 [ 0.0000e+00 ] 1.0000e+00
 1.723e+01 1.3519e-17 1.3519e-17 [ 1.2154e-46 9.1917e-37 2.6348e-36 7.6332e-39 3.8223e-34 2.1872e-20 1.3497e-17 ] 0.0000e+00 [ 0.0000e+00 ] 1.0000e+00
 1.734e+01 9.9732e-18 9.9732e-18 [ 3.9423e-47 3.6309e-37 1.1092e-36 3.5858e-39 2.4354e-34 1.5969e-20 9.9572e-18 ] 0.0000e+00 [ 0.0000e+00 ] 1.0000e+00
 1.745e+01 7.3556e-18 7.3556e-18 [ 1.2733e-47 1.4292e-37 4.6584e-37 1.6823e-39 1.5513e-34 1.1655e-20 7.3440e-18 ] 0.0000e+00 [ 0.0000e+00 ] 1.0000e+00
 1.757e+01 5.4238e-18 5.4238e-18 [ 4.0954e-48 5.6064e-38 1.9517e-37 7.8867e-40 9.8782e-35 8.5034e-21 5.4153e-18 ] 0.0000e+00 [ 0.0000e+00 ] 1.0000e+00
 1.768e+01 3.9984e-18 3.9984e-18 [ 1.3118e-48 2.1916e-38 8.1574e-38 3.6966e-40 6.2886e-35 6.2017e-21 3.9921e-18 ] 0.0000e+00 [ 0.0000e+00 ] 1.0000e+00
 1.779e+01 2.9468e-18 2.9468e-18 [ 4.1844e-49 8.5384e-39 3.4017e-38 1.7338e-40 4.0023e-35 4.5214e-21 2.9423e-18 ] 0.0000e+00 [ 0.0000e+00 ] 1.0000e+00
 1.791e+01 2.1713e-18 2.1713e-18 [ 1.3294e-49 3.3153e-39 1.4154e-38 8.1465e-41 2.5465e-35 3.2952e-21 2.1680e-18 ] 0.0000e+00 [ 0.0000e+00 ] 1.0000e+00
 1.802e+01 1.5995e-18 1.5995e-18 [ 4.2065e-50 1.2830e-39 5.8763e-39 3.8403e-41 1.6199e-35 2.4007e-21 1.5971e-18 ] 0.0000e+00 [ 0.0000e+00 ] 1.0000e+00
 1.813e+01 1.1780e-18 1.1780e-18 [ 1.3258e-50 4.9486e-40 2.4345e-39 1.8197e-41 1.0302e-35 1.7484e-21 1.1762e-18 ] 0.0000e+00 [ 0.0000e+00 ] 1.0000e+00
 1.825e+01 8.6731e-19 8.6731e-19 [ 4.1621e-51 1.9025e-40 1.0065e-39 8.6883e-42 6.5498e-36 1.2729e-21 8.6604e-19 ] 0.0000e+00 [ 0.0000e+00 ] 1.0000e+00
 1.836e+01 6.3842e-19 6.3842e-19 [ 1.3016e-51 7.2908e-41 4.1526e-40 4.1920e-42 4.1634e-36 9.2636e-22 6.3750e-19 ] 0.0000e+00 [ 0.0000e+00 ] 1.0000e+00
 1.847e+01 4.6982e-19 4.6982e-19 [ 4.0548e-52 2.7850e-41 1.7099e-40 2.0509e-42 2.6458e-36 6.7395e-22 4.6915e-19 ] 0.0000e+00 [ 0.0000e+00 ] 1.0000e+00
 1.859e+01 3.4565e-19 3.4565e-19 [ 1.2584e-52 1.0605e-41 7.0276e-41 1.0211e-42 1.6810e-36 4.9014e-22 3.4516e-19 ] 0.0000e+00 [ 0.0000e+00 ] 1.0000e+00
 1.870e+01 2.5424e-19 2.5424e-19 [ 3.8908e-53 4.0255e-42 2.8829e-41 5.1919e-43 1.0678e-36 3.5634e-22 2.5388e-19 ] 0.0000e+00 [ 0.0000e+00 ] 1.0000e+00
 1.881e+01 1.8695e-19 1.8695e-19 [ 1.1985e-53 1.5233e-42 1.1805e-41 2.7044e-43 6.7816e-37 2.5897e-22 1.8669e-19 ] 0.0000e+00 [ 0.0000e+00 ] 1.0000e+00
 1.893e+01 1.3743e-19 1.3743e-19 [ 3.6785e-54 5.7468e-43 4.8251e-42 1.4459e-43 4.3060e-37 1.8815e-22 1.3725e-19 ] 0.0000e+00 [ 0.0000e+00 ] 1.0000e+00
 1.904e+01 1.0101e-19 1.0101e-19 [ 1.1249e-54 2.1614e-43 1.9689e-42 7.9398e-44 2.7335e-37 1.3664e-22 1.0087e-19 ] 0.0000e+00 [ 0.0000e+00 ] 1.0000e+00
 1.915e+01 7.4214e-20 7.4214e-20 [ 3.4278e-55 8.1048e-44 8.0204e-43 4.4735e-44 1.7349e-37 9.9204e-23 7.4115e-20 ] 0.0000e+00 [ 0.0000e+00 ] 1.0000e+00
 1.927e+01 5.4514e-20 5.4514e-20 [ 1.0408e-55 3.0301e-44 3.2619e-43 2.5804e-44 1.1009e-37 7.1997e-23 5.4442e-20 ] 0.0000e+00 [ 0.0000e+00 ] 1.0000e+00
 1.938e+01 4.0032e-20 4.0032e-20 [ 3.1493e-56 1.1295e-44 1.3245e-43 1.5191e-44 6.9850e-38 5.2233e-23 3.9980e-20 ] 0.0000e+00 [ 0.0000e+00 ] 1.0000e+00
 1.949e+01 2.9389e-20 2.9389e-20 [ 9.4964e-57 4.1978e-45 5.3697e-44 9.0960e-45 4.4308e-38 3.7881e-23 2.9351e-20 ] 0.0000e+00 [ 0.0000e+00 ] 1.0000e+00
 1.961e+01 2.1570e-20 2.1570e-20 [ 2.8538e-57 1.5557e-45 2.1737e-44 5.5209e-45 2.8101e-38 2.7463e-23 2.1542e-20 ] 0.0000e+00 [ 0.0000e+00 ] 1.0000e+00
 1.972e+01 1.5826e-20 1.5826e-20 [ 8.5472e-58 5.7485e-46 8.7862e-45 3.3864e-45 1.7819e-38 1.9902e-23 1.5806e-20 ] 0.0000e+00 [ 0.0000e+00 ] 1.0000e+00
 1.983e+01 1.1609e-20 1.1609e-20 [ 2.5514e-58 2.1182e-46 3.5464e-45 2.0937e-45 1.1297e-38 1.4418e-23 1.1595e-20 ] 0.0000e+00 [ 0.0000e+00 ] 1.0000e+00
 1.995e+01 8.5130e-21 8.5130e-21 [ 7.5910e-59 7.7828e-47 1.4294e-45 1.3022e-45 7.1614e-39 1.0441e-23 8.5026e-21 ] 0.0000e+00 [ 0.0000e+00 ] 1.0000e+00
 2.006e+01 6.2409e-21 6.2409e-21 [ 2.2512e-59 2.8517e-47 5.7536e-46 8.1344e-46 4.5389e-39 7.5581e-24 6.2333e-21 ] 0.0000e+00 [ 0.0000e+00 ] 1.0000e+00
 2.017e+01 4.5739e-21 4.5739e-21 [ 6.6546e-60 1.0420e-47 2.3128e-46 5.0971e-46 2.8763e-39 5.4691e-24 4.5684e-21 ] 0.0000e+00 [ 0.0000e+00 ] 1.0000e+00
 2.029e+01 3.3511e-21 3.3511e-21 [ 1.9609e-60 3.7969e-48 9.2847e-47 3.2011e-46 1.8224e-39 3.9559e-24 3.3472e-21 ] 0.0000e+00 [ 0.0000e+00 ] 1.0000e+00
 2.040e+01 2.4546e-21 2.4546e-21 [ 5.7601e-61 1.3798e-48 3.7226e-47 2.0135e-46 1.1545e-39 2.8602e-24 2.4517e-21 ] 0.0000e+00 [ 0.0000e+00 ] 1.0000e+00
 2.051e+01 1.7973e-21 1.7973e-21 [ 1.6868e-61 5.0006e-49 1.4906e-47 1.2679e-46 7.3126e-40 2.0671e-24 1.7953e-21 ] 0.0000e+00 [ 0.0000e+00 ] 1.0000e+00
 2.063e+01 1.3157e-21 1.3157e-21 [ 4.9245e-62 1.8075e-49 5.9614e-48 7.9899e-47 4.6312e-40 1.4933e-24 1.3142e-21 ] 0.0000e+00 [ 0.0000e+00 ] 1.0000e+00
 2.074e+01 9.6281e-22 9.6281e-22 [ 1.4333e-62 6.5160e-50 2.3813e-48 5.0377e-47 2.9326e-40 1.0783e-24 9.6173e-22 ] 0.0000e+00 [ 0.0000e+00 ] 1.0000e+00
 2.085e+01 7.0438e-22 7.0438e-22 [ 4.1595e-63 2.3428e-50 9.5004e-49 3.1774e-47 1.8568e-40 7.7828e-25 7.0360e-22 ] 0.0000e+00 [ 0.0000e+00 ] 1.0000e+00
 2.097e+01 5.1515e-22 5.1515e-22 [ 1.2035e-63 8.4016e-51 3.7859e-49 2.0045e-47 1.1755e-40 5.6148e-25 5.1459e-22 ] 0.0000e+00 [ 0.0000e+00 ] 1.0000e+00
 2.108e+01 3.7665e-22 3.7665e-22 [ 3.4721e-64 3.0052e-51 1.5069e-49 1.2647e-47 7.4404e-41 4.0488e-25 3.7624e-22 ] 0.0000e+00 [ 0.0000e+00 ] 1.0000e+00
 2.119e+01 2.7530e-22 2.7530e-22 [ 9.9881e-65 1.0722e-51 5.9909e-50 7.9807e-48 4.7090e-41 2.9182e-25 2.7500e-22 ] 0.0000e+00 [ 0.0000e+00 ] 1.0000e+00
 2.131e+01 2.0116e-22 2.0116e-22 [ 2.8651e-65 3.8155e-52 2.3791e-50 5.0361e-48 2.9800e-41 2.1022e-25 2.0095e-22 ] 0.0000e+00 [ 0.0000e+00 ] 1.0000e+00
 2.142e+01 1.4694e-22 1.4694e-22 [ 8.1956e-66 1.3544e-52 9.4369e-51 3.1780e-48 1.8856e-41 1.5136e-25 1.4679e-22 ] 0.0000e+00 [ 0.0000e+00 ] 1.0000e+00
 2.153e+01 1.0730e-22 1.0730e-22 [ 2.3378e-66 4.7958e-53 3.7390e-51 2.0055e-48 1.1929e-41 1.0893e-25 1.0719e-22 ] 0.0000e+00 [ 0.0000e+00 ] 1.0000e+00
 2.165e+01 7.8331e-23 7.8331e-23 [ 6.6505e-67 1.6939e-53 1.4798e-51 1.2655e-48 7.5466e-42 7.8344e-26 7.8252e-23 ] 0.0000e+00 [ 0.0000e+00 ] 1.0000e+00
 2.176e+01 5.7165e-23 5.7165e-23 [ 1.8868e-67 5.9685e-54 5.8499e-52 7.9855e-49 4.7734e-42 5.6317e-26 5.7109e-23 ] 0.0000e+00 [ 0.0000e+00 ] 1.0000e+00
 2.187e+01 4.1706e-23 4.1706e-23 [ 5.3387e-68 2.0979e-54 2.3100e-52 5.0388e-49 3.0190e-42 4.0460e-26 4.1665e-23 ] 0.0000e+00 [ 0.0000e+00 ] 1.0000e+00
 2.199e+01 3.0417e-23 3.0417e-23 [ 1.5066e-68 7.3560e-55 9.1117e-53 3.1794e-49 1.9092e-42 2.9051e-26 3.0388e-23 ] 0.0000e+00 [ 0.0000e+00 ] 1.0000e+00
 2.210e+01 2.2178e-23 2.2178e-23 [ 4.2406e-69 2.5732e-55 3.5900e-53 2.0060e-49 1.2073e-42 2.0847e-26 2.2157e-23 ] 0.0000e+00 [ 0.0000e+00 ] 1.0000e+00
 2.221e+01 1.6165e-23 1.6165e-23 [ 1.1905e-69 8.9796e-56 1.4129e-53 1.2656e-49 7.6332e-43 1.4950e-26 1.6150e-23 ] 0.0000e+00 [ 0.0000e+00 ] 1.0000e+00
 2.233e+01 1.1779e-23 1.1779e-23 [ 3.3338e-70 3.1263e-56 5.5541e-54 7.9849e-50 4.8257e-43 1.0715e-26 1.1768e-23 ] 0.0000e+00 [ 0.0000e+00 ] 1.0000e+00
 2.244e+01 8.5798e-24 8.5798e-24 [ 9.3124e-71 1.0859e-56 2.1809e-54 5.0374e-50 3.0506e-43 7.6740e-27 8.5722e-24 ] 0.0000e+00 [ 0.0000e+00 ] 1.0000e+00
 2.255e+01 6.2478e-24 6.2478e-24 [ 2.5948e-71 3.7629e-57 8.5541e-55 3.1779e-50 1.9282e-43 5.4927e-27 6.2423e-24 ] 0.0000e+00 [ 0.0000e+00 ] 1.0000e+00
 2.267e+01 4.5482e-24 4.5482e-24 [ 7.2124e-72 1.3010e-57 3.3513e-55 2.0047e-50 1.2187e-43 3.9288e-27 4.5443e-24 ] 0.0000e+00 [ 0.0000e+00 ] 1.0000e+00
 2.278e+01 3.3099e-24 3.3099e-24 [ 1.9999e-72 4.4877e-58 1.3115e-55 1.2645e-50 7.7020e-44 2.8082e-27 3.3071e-24 ] 0.0000e+00 [ 0.0000e+00 ] 1.0000e+00
 2.289e+01 2.4080e-24 2.4080e-24 [ 5.5322e-73 1.5445e-58 5.1261e-56 7.9765e-51 4.8671e-44 2.0058e-27 2.4060e-24 ] 0.0000e+00 [ 0.0000e+00 ] 1.0000e+00
 2.301e+01 1.7513e-24 1.7513e-24 [ 1.5268e-73 5.3039e-59 2.0013e-56 5.0312e-51 3.0754e-44 1.4316e-27 1.7498e-24 ] 0.0000e+00 [ 0.0000e+00 ] 1.0000e+00
 2.312e+01 1.2732e-24 1.2732e-24 [ 4.2036e-74 1.8173e-59 7.8044e-57 3.1733e-51 1.9431e-44 1.0211e-27 1.2722e-24 ] 0.0000e+00 [ 0.0000e+00 ] 1.0000e+00
 2.323e+01 9.2541e-25 9.2541e-25 [ 1.1547e-74 6.2129e-60 3.0398e-57 2.0015e-51 1.2276e-44 7.2772e-28 9.2468e-25 ] 0.0000e+00 [ 0.0000e+00 ] 1.0000e+00
 2.335e+01 6.7238e-25 6.7238e-25 [ 3.1649e-75 2.1194e-60 1.1826e-57 1.2623e-51 7.7548e-45 5.1824e-28 6.7186e-25 ] 0.0000e+00 [ 0.0000e+00 ] 1.0000e+00
 2.346e+01 4.8837e-25 4.8837e-25 [ 8.6549e-76 7.2140e-61 4.5951e-58 7.9609e-52 4.8985e-45 3.6878e-28 4.8800e-25 ] 0.0000e+00 [ 0.0000e+00 ] 1.0000e+00
 2.357e+01 3.5461e-25 3.5461e-25 [ 2.3616e-76 2.4503e-61 1.7833e-58 5.0205e-52 3.0940e-45 2.6221e-28 3.5435e-25 ] 0.0000e+00 [ 0.0000e+00 ] 1.0000e+00
 2.369e+01 2.5740e-25 2.5740e-25 [ 6.4297e-77 8.3045e-62 6.9126e-59 3.1661e-52 1.9541e-45 1.8629e-28 2.5721e-25 ] 0.0000e+00 [ 0.0000e+00 ] 1.0000e+00
 2.380e+01 1.8677e-25 1.8677e-25 [ 1.7468e-77 2.8086e-62 2.6761e-59 1.9966e-52 1.2341e-45 1.3225e-28 1.8664e-25 ] 0.0000e+00 [ 0.0000e+00 ] 1.0000e+00
 2.391e+01 1.3548e-25 1.3548e-25 [ 4.7357e-78 9.4788e-63 1.0348e-59 1.2590e-52 7.7934e-46 9.3801e-29 1.3539e-25 ] 0.0000e+00 [ 0.0000e+00 ] 1.0000e+00
 2.403e+01 9.8241e-26 9.8241e-26 [ 1.2811e-78 3.1923e-63 3.9959e-60 7.9390e-53 4.9211e-46 6.6476e-29 9.8175e-26 ] 0.0000e+00 [ 0.0000e+00 ] 1.0000e+00
 2.414e+01 7.1213e-26 7.1213e-26 [ 3.4587e-79 1.0729e-63 1.5411e-60 5.0060e-53 3.1073e-46 4.7071e-29 7.1166e-26 ] 0.0000e+00 [ 0.0000e+00 ] 1.0000e+00
 2.425e+01 5.1604e-26 5.1604e-26 [ 9.3185e-80 3.5984e-64 5.9363e-61 3.1564e-53 1.9619e-46 3.3302e-29 5.1570e-26 ] 0.0000e+00 [ 0.0000e+00 ] 1.0000e+00
 2.437e+01 3.7381e-26 3.7381e-26 [ 2.5055e-80 1.2044e-64 2.2836e-61 1.9902e-53 1.2386e-46 2.3540e-29 3.7357e-26 ] 0.0000e+00 [ 0.0000e+00 ] 1.0000e+00
 2.448e+01 2.7068e-26 2.7068e-26 [ 6.7232e-81 4.0231e-65 8.7735e-62 1.2548e-53 7.8192e-47 1.6625e-29 2.7052e-26 ] 0.0000e+00 [ 0.0000e+00 ] 1.0000e+00
 2.459e+01 1.9594e-26 1.9594e-26 [ 1.8005e-81 1.3411e-65 3.3663e-62 7.9115e-54 4.9359e-47 1.1731e-29 1.9582e-26 ] 0.0000e+00 [ 0.0000e+00 ] 1.0000e+00
 2.471e+01 1.4178e-26 1.4178e-26 [ 4.8127e-82 4.4617e-66 1.2899e-62 4.9880e-54 3.1157e-47 8.2698e-30 1.4170e-26 ] 0.0000e+00 [ 0.0000e+00 ] 1.0000e+00
 2.482e+01 1.0255e-26 1.0255e-26 [ 1.2839e-82 1.4814e-66 4.9360e-63 3.1447e-54 1.9666e-47 5.8246e-30 1.0249e-26 ] 0.0000e+00 [ 0.0000e+00 ] 1.0000e+00
 2.493e+01 7.4152e-27 7.4152e-27 [ 3.4187e-83 4.9090e-67 1.8863e-63 1.9826e-54 1.2412e-47 4.0987e-30 7.4111e-27 ] 0.0000e+00 [ 0.0000e+00 ] 1.0000e+00
 2.505e+01 5.3596e-27 5.3596e-27 [ 9.0859e-84 1.6236e-67 7.1990e-64 1.2499e-54 7.8337e-48 2.8815e-30 5.3567e-27 ] 0.0000e+00 [ 0.0000e+00 ] 1.0000e+00
 2.516e+01 3.8723e-27 3.8723e-27 [ 2.4103e-84 5.3591e-68 2.7437e-64 7.8793e-55 4.9438e-48 2.0238e-30 3.8703e-27 ] 0.0000e+00 [ 0.0000e+00 ] 1.0000e+00
 2.527e+01 2.7966e-27 2.7966e-27 [ 6.3825e-85 1.7656e-68 1.0442e-64 4.9671e-55 3.1198e-48 1.4201e-30 2.7952e-27 ] 0.0000e+00 [ 0.0000e+00 ] 1.0000e+00
 2.539e+01 2.0189e-27 2.0189e-27 [ 1.6870e-85 5.8055e-69 3.9689e-65 3.1312e-55 1.9687e-48 9.9557e-31 2.0179e-27 ] 0.0000e+00 [ 0.0000e+00 ] 1.0000e+00
 2.550e+01 1.4569e-27 1.4569e-27 [ 4.4513e-86 1.9054e-69 1.5064e-65 1.9738e-55 1.2422e-48 6.9726e-31 1.4562e-27 ] 0.0000e+00 [ 0.0000e+00 ] 1.0000e+00
 2.561e+01 1.0509e-27 1.0509e-27 [ 1.1724e-86 6.2415e-70 5.7094e-66 1.2442e-55 7.8382e-49 4.8786e-31 1.0504e-27 ] 0.0000e+00 [ 0.0000e+00 ] 1.0000e+00
 2.573e+01 7.5772e-28 7.5772e-28 [ 3.0827e-87 2.0408e-70 2.1609e-66 7.8429e-56 4.9455e-49 3.4102e-31 7.5738e-28 ] 0.0000e+00 [ 0.0000e+00 ] 1.0000e+00
 2.584e+01 5.4609e-28 5.4609e-28 [ 8.0917e-88 6.6602e-71 8.1672e-67 4.9436e-56 3.1202e-49 2.3815e-31 5.4585e-28 ] 0.0000e+00 [ 0.0000e+00 ] 1.0000e+00
 2.595e+01 3.9339e-28 3.9339e-28 [ 2.1204e-88 2.1696e-71 3.0824e-67 3.1161e-56 1.9685e-49 1.6614e-31 3.9323e-28 ] 0.0000e+00 [ 0.0000e+00 ] 1.0000e+00
 2.607e+01 2.8326e-28 2.8326e-28 [ 5.5470e-89 7.0548e-72 1.1617e-67 1.9641e-56 1.2418e-49 1.1579e-31 2.8315e-28 ] 0.0000e+00 [ 0.0000e+00 ] 1.0000e+00
 2.618e+01 2.0387e-28 2.0387e-28 [ 1.4488e-89 2.2898e-72 4.3720e-68 1.2380e-56 7.8340e-50 8.0623e-32 2.0379e-28 ] 0.0000e+00 [ 0.0000e+00 ] 1.0000e+00
 2.629e+01 1.4666e-28 1.4666e-28 [ 3.7777e-90 7.4186e-73 1.6430e-68 7.8028e-57 4.9418e-50 5.6079e-32 1.4661e-28 ] 0.0000e+00 [ 0.0000e+00 ] 1.0000e+00
 2.641e+01 1.0545e-28 1.0545e-28 [ 9.8346e-91 2.3992e-73 6.1655e-69 4.9180e-57 3.1172e-50 3.8968e-32 1.0542e-28 ] 0.0000e+00 [ 0.0000e+00 ] 1.0000e+00
 2.652e+01 7.5789e-29 7.5789e-29 [ 2.5562e-91 7.7454e-74 2.3103e-69 3.0996e-57 1.9662e-50 2.7051e-32 7.5762e-29 ] 0.0000e+00 [ 0.0000e+00 ] 1.0000e+00
 2.663e+01 5.4441e-29 5.4441e-29 [ 6.6339e-92 2.4961e-74 8.6445e-70 1.9536e-57 1.2402e-50 1.8760e-32 5.4422e-29 ] 0.0000e+00 [ 0.0000e+00 ] 1.0000e+00
 2.675e+01 3.9086e-29 3.9086e-29 [ 1.7190e-92 8.0298e-75 3.2298e-70 1.2312e-57 7.8221e-51 1.2997e-32 3.9073e-29 ] 0.0000e+00 [ 0.0000e+00 ] 1.0000e+00
 2.686e+01 2.8048e-29 2.8048e-29 [ 4.4474e-93 2.5787e-75 1.2050e-70 7.7597e-58 4.9334e-51 8.9950e-33 2.8039e-29 ] 0.0000e+00 [ 0.0000e+00 ] 1.0000e+00
 2.697e+01 2.0116e-29 2.0116e-29 [ 1.1489e-93 8.2668e-76 4.4889e-71 4.8904e-58 3.1114e-51 6.2191e-33 2.0110e-29 ] 0.0000e+00 [ 0.0000e+00 ] 1.0000e+00
 2.709e+01 1.4419e-29 1.4419e-29 [ 2.9637e-94 2.6456e-76 1.6698e-71 3.0820e-58 1.9622e-51 4.2956e-33 1.4415e-29 ] 0.0000e+00 [ 0.0000e+00 ] 1.0000e+00
 2.720e+01 1.0330e-29 1.0330e-29 [ 7.6337e-95 8.4526e-77 6.2024e-72 1.9423e-58 1.2374e-51 2.9639e-33 1.0327e-29 ] 0.0000e+00 [ 0.0000e+00 ] 1.0000e+00
 2.731e+01 7.3966e-30 7.3966e-30 [ 1.9634e-95 2.6959e-77 2.3004e-72 1.2241e-58 7.8035e-52 2.0430e-33 7.3946e-30 ] 0.0000e+00 [ 0.0000e+00 ] 1.0000e+00
 2.743e+01 5.2931e-30 5.2931e-30 [ 5.0428e-96 8.5842e-78 8.5193e-73 7.7139e-59 4.9209e-52 1.4069e-33 5.2917e-30 ] 0.0000e+00 [ 0.0000e+00 ] 1.0000e+00
 2.754e+01 3.7856e-30 3.7856e-30 [ 1.2934e-96 2.7288e-78 3.1504e-73 4.8612e-59 3.1030e-52 9.6778e-34 3.7846e-30 ] 0.0000e+00 [ 0.0000e+00 ] 1.0000e+00
 2.765e+01 2.7058e-30 2.7058e-30 [ 3.3125e-97 8.6600e-79 1.1633e-73 3.0634e-59 1.9566e-52 6.6507e-34 2.7051e-30 ] 0.0000e+00 [ 0.0000e+00 ] 1.0000e+00
 2.777e+01 1.9328e-30 1.9328e-30 [ 8.4724e-98 2.7438e-79 4.2889e-74 1.9304e-59 1.2337e-52 4.5658e-34 1.9324e-30 ] 0.0000e+00 [ 0.0000e+00 ] 1.0000e+00
 2.788e+01 1.3799e-30 1.3799e-30 [ 2.1640e-98 8.6791e-80 1.5790e-74 1.2165e-59 7.7790e-53 3.1313e-34 1.3795e-30 ] 0.0000e+00 [ 0.0000e+00 ] 1.0000e+00
 2.799e+01 9.8446e-31 9.8446e-31 [ 5.5200e-99 2.7409e-80 5.8042e-75 7.6656e-60 4.9047e-53 2.1453e-34 9.8425e-31 ] 0.0000e+00 [ 0.0000e+00 ] 1.0000e+00
 2.811e+01 7.0193e-31 7.0193e-31 [ 1.4062e-99 8.6421e-81 2.1305e-75 4.8304e-60 3.0924e-53 1.4683e-34 7.0178e-31 ] 0.0000e+00 [ 0.0000e+00 ] 1.0000e+00
 2.822e+01 5.0015e-31 5.0015e-31 [ 3.5775e-100 2.7205e-81 7.8082e-76 3.0438e-60 1.9497e-53 1.0039e-34 5.0005e-31 ] 0.0000e+00 [ 0.0000e+00 ] 1.0000e+00
 2.833e+01 3.5615e-31 3.5615e-31 [ 9.0898e-101 8.5503e-82 2.8575e-76 1.9180e-60 1.2292e-53 6.8574e-35 3.5608e-31 ] 0.0000e+00 [ 0.0000e+00 ] 1.0000e+00
 2.845e+01 2.5344e-31 2.5344e-31 [ 2.3066e-101 2.6831e-82 1.0442e-76 1.2085e-60 7.7493e-54 4.6792e-35 2.5339e-31 ] 0.0000e+00 [ 0.0000e+00 ] 1.0000e+00
 2.856e+01 1.8023e-31 1.8023e-31 [ 5.8460e-102 8.4063e-83 3.8097e-77 7.6151e-61 4.8854e-54 3.1897e-35 1.8020e-31 ] 0.0000e+00 [ 0.0000e+00 ] 1.0000e+00
 2.867e+01 1.2808e-31 1.2808e-31 [ 1.4798e-102 2.6297e-83 1.3880e-77 4.7983e-61 3.0798e-54 2.1722e-35 1.2806e-31 ] 0.0000e+00 [ 0.0000e+00 ] 1.0000e+00
 2.879e+01 9.0958e-32 9.0958e-32 [ 3.7412e-103 8.2134e-84 5.0491e-78 3.0234e-61 1.9415e-54 1.4778e-35 9.0943e-32 ] 0.0000e+00 [ 0.0000e+00 ] 1.0000e+00
 2.890e+01 6.4550e-32 6.4550e-32 [ 9.4470e-104 2.5614e-84 1.8340e-78 1.9050e-61 1.2239e-54 1.0043e-35 6.4540e-32 ] 0.0000e+00 [ 0.0000e+00 ] 1.0000e+00
 2.901e+01 4.5776e-32 4.5776e-32 [ 2.3827e-104 7.9759e-85 6.6517e-79 1.2003e-61 7.7152e-55 6.8190e-36 4.5770e-32 ] 0.0000e+00 [ 0.0000e+00 ] 1.0000e+00
 2.913e+01 3.2440e-32 3.2440e-32 [ 6.0023e-105 2.4798e-85 2.4089e-79 7.5623e-62 4.8633e-55 4.6252e-36 3.2435e-32 ] 0.0000e+00 [ 0.0000e+00 ] 1.0000e+00
 2.924e+01 2.2972e-32 2.2972e-32 [ 1.5103e-105 7.6985e-86 8.7108e-80 4.7647e-62 3.0656e-55 3.1341e-36 2.2969e-32 ] 0.0000e+00 [ 0.0000e+00 ] 1.0000e+00
 2.935e+01 1.6256e-32 1.6256e-32 [ 3.7959e-106 2.3864e-86 3.1452e-80 3.0019e-62 1.9323e-55 2.1216e-36 1.6254e-32 ] 0.0000e+00 [ 0.0000e+00 ] 1.0000e+00
 2.947e+01 1.1495e-32 1.1495e-32 [ 9.5297e-107 7.3865e-87 1.1339e-80 1.8913e-62 1.2180e-55 1.4348e-36 1.1493e-32 ] 0.0000e+00 [ 0.0000e+00 ] 1.0000e+00
 2.958e+01 8.1218e-33 8.1218e-33 [ 2.3897e-107 2.2829e-87 4.0821e-81 1.1916e-62 7.6768e-56 9.6942e-37 8.1209e-33 ] 0.0000e+00 [ 0.0000e+00 ] 1.0000e+00
 2.969e+01 5.7344e-33 5.7344e-33 [ 5.9860e-108 7.0455e-88 1.4674e-81 7.5068e-63 4.8386e-56 6.5433e-37 5.7338e-33 ] 0.0000e+00 [ 0.0000e+00 ] 1.0000e+00
 2.981e+01 4.0457e-33 4.0457e-33 [ 1.4978e-108 2.1712e-88 5.2667e-82 4.7293e-63 3.0497e-56 4.4123e-37 4.0453e-33 ] 0.0000e+00 [ 0.0000e+00 ] 1.0000e+00
 2.992e+01 2.8521e-33 2.8521e-33 [ 3.7437e-109 6.6813e-89 1.8876e-82 2.9793e-63 1.9221e-56 2.9724e-37 2.8518e-33 ] 0.0000e+00 [ 0.0000e+00 ] 1.0000e+00
 3.003e+01 2.0091e-33 2.0091e-33 [ 9.3474e-110 2.0530e-89 6.7548e-83 1.8769e-63 1.2114e-56 2.0005e-37 2.0089e-33 ] 0.0000e+00 [ 0.0000e+00 ] 1.0000e+00
 3.015e+01 1.4142e-33 1.4142e-33 [ 2.3314e-110 6.2997e-90 2.4137e-83 1.1823e-63 7.6345e-57 1.3451e-37 1.4140e-33 ] 0.0000e+00 [ 0.0000e+00 ] 1.0000e+00
 3.026e+01 9.9461e-34 9.9461e-34 [ 5.8089e-111 1.9303e-90 8.6122e-84 7.4478e-64 4.8114e-57 9.0358e-38 9.9452e-34 ] 0.0000e+00 [ 0.0000e+00 ] 1.0000e+00
 3.037e+01 6.9898e-34 6.9898e-34 [ 1.4458e-111 5.9063e-91 3.0683e-84 4.6915e-64 3.0321e-57 6.0641e-38 6.9892e-34 ] 0.0000e+00 [ 0.0000e+00 ] 1.0000e+00
 3.049e+01 4.9083e-34 4.9083e-34 [ 3.5951e-112 1.8047e-91 1.0916e-84 2.9551e-64 1.9108e-57 4.0659e-38 4.9079e-34 ] 0.0000e+00 [ 0.0000e+00 ] 1.0000e+00
 3.060e+01 3.4439e-34 3.4439e-34 [ 8.9302e-113 5.5067e-92 3.8775e-85 1.8613e-64 1.2041e-57 2.7236e-38 3.4436e-34 ] 0.0000e+00 [ 0.0000e+00 ] 1.0000e+00
 3.071e+01 2.4144e-34 2.4144e-34 [ 2.2161e-113 1.6780e-92 1.3754e-85 1.1723e-64 7.5879e-58 1.8227e-38 2.4143e-34 ] 0.0000e+00 [ 0.0000e+00 ] 1.0000e+00
 3.083e+01 1.6913e-34 1.6913e-34 [ 5.4939e-114 5.1059e-93 4.8714e-86 7.3837e-65 4.7814e-58 1.2187e-38 1.6912e-34 ] 0.0000e+00 [ 0.0000e+00 ] 1.0000e+00
 3.094e+01 1.1838e-34 1.1838e-34 [ 1.3607e-114 1.5516e-93 1.7228e-86 4.6502e-65 3.0128e-58 8.1414e-39 1.1838e-34 ] 0.0000e+00 [ 0.0000e+00 ] 1.0000e+00
 3.105e+01 8.2793e-35 8.2793e-35 [ 3.3668e-115 4.7086e-94 6.0842e-87 2.9285e-65 1.8983e-58 5.4337e-39 8.2788e-35 ] 0.0000e+00 [ 0.0000e+00 ] 1.0000e+00
 3.117e+01 5.7855e-35 5.7855e-35 [ 8.3228e-116 1.4270e-94 2.1455e-87 1.8442e-65 1.1961e-58 3.6233e-39 5.7851e-35 ] 0.0000e+00 [ 0.0000e+00 ] 1.0000e+00
 3.128e+01 4.0395e-35 4.0395e-35 [ 2.0555e-116 4.3190e-95 7.5548e-88 1.1613e-65 7.5359e-59 2.4139e-39 4.0392e-35 ] 0.0000e+00 [ 0.0000e+00 ] 1.0000e+00
 3.139e+01 2.8180e-35 2.8180e-35 [ 5.0718e-117 1.3055e-95 2.6563e-88 7.3119e-66 4.7478e-59 1.6068e-39 2.8179e-35 ] 0.0000e+00 [ 0.0000e+00 ] 1.0000e+00
 3.151e+01 1.9643e-35 1.9643e-35 [ 1.2503e-117 3.9407e-96 9.3265e-89 4.6036e-66 2.9911e-59 1.0686e-39 1.9642e-35 ] 0.0000e+00 [ 0.0000e+00 ] 1.0000e+00
 3.162e+01 1.3680e-35 1.3680e-35 [ 3.0794e-118 1.1880e-96 3.2698e-89 2.8983e-66 1.8843e-59 7.1003e-40 1.3680e-35 ] 0.0000e+00 [ 0.0000e+00 ] 1.0000e+00
 3.173e+01 9.5198e-36 9.5198e-36 [ 7.5778e-119 3.5768e-97 1.1447e-89 1.8245e-66 1.1869e-59 4.7139e-40 9.5194e-36 ] 0.0000e+00 [ 0.0000e+00 ] 1.0000e+00
 3.185e+01 6.6190e-36 6.6190e-36 [ 1.8631e-119 1.0755e-97 4.0018e-90 1.1485e-66 7.4765e-60 3.1268e-40 6.6187e-36 ] 0.0000e+00 [ 0.0000e+00 ] 1.0000e+00
 3.196e+01 4.5982e-36 4.5982e-36 [ 4.5766e-120 3.2297e-98 1.3970e-90 7.2284e-67 4.7091e-60 2.0723e-40 4.5980e-36 ] 0.0000e+00 [ 0.0000e+00 ] 1.0000e+00
 3.207e+01 3.1916e-36 3.1916e-36 [ 1.1233e-120 9.6867e-99 4.8695e-91 4.5491e-67 2.9659e-60 1.3723e-40 3.1915e-36 ] 0.0000e+00 [ 0.0000e+00 ] 1.0000e+00
 3.219e+01 2.2134e-36 2.2134e-36 [ 2.7546e-121 2.9016e-99 1.6950e-91 2.8626e-67 1.8678e-60 9.0799e-41 2.2133e-36 ] 0.0000e+00 [ 0.0000e+00 ] 1.0000e+00
 3.230e+01 1.5337e-36 1.5337e-36 [ 6.7493e-122 8.6804e-100 5.8917e-92 1.8011e-67 1.1762e-60 6.0028e-41 1.5337e-36 ] 0.0000e+00 [ 0.0000e+00 ] 1.0000e+00
 3.241e+01 1.0618e-36 1.0618e-36 [ 1.6523e-122 2.5936e-100 2.0450e-92 1.1331e-67 7.4059e-61 3.9652e-41 1.0618e-36 ] 0.0000e+00 [ 0.0000e+00 ] 1.0000e+00
 3.253e+01 7.3451e-37 7.3451e-37 [ 4.0419e-123 7.7399e-101 7.0880e-93 7.1276e-68 4.6627e-61 2.6172e-41 7.3448e-37 ] 0.0000e+00 [ 0.0000e+00 ] 1.0000e+00
 3.264e+01 5.0764e-37 5.0764e-37 [ 9.8792e-124 2.3069e-101 2.4532e-93 4.4827e-68 2.9353e-61 1.7260e-41 5.0763e-37 ] 0.0000e+00 [ 0.0000e+00 ] 1.0000e+00
 3.275e+01 3.5055e-37 3.5055e-37 [ 2.4127e-124 6.8674e-102 8.4791e-94 2.8189e-68 1.8477e-61 1.1374e-41 3.5054e-37 ] 0.0000e+00 [ 0.0000e+00 ] 1.0000e+00
 3.287e+01 2.4186e-37 2.4186e-37 [ 5.8878e-125 2.0418e-102 2.9265e-94 1.7723e-68 1.1629e-61 7.4894e-42 2.4185e-37 ] 0.0000e+00 [ 0.0000e+00 ] 1.0000e+00
 3.298e+01 1.6673e-37 1.6673e-37 [ 1.4357e-125 6.0636e-103 1.0086e-94 1.1140e-68 7.3180e-62 4.9277e-42 1.6672e-37 ] 0.0000e+00 [ 0.0000e+00 ] 1.0000e+00
 3.309e+01 1.1484e-37 1.1484e-37 [ 3.4979e-126 1.7985e-103 3.4714e-95 7.0015e-69 4.6045e-62 3.2397e-42 1.1483e-37 ] 0.0000e+00 [ 0.0000e+00 ] 1.0000e+00
 3.321e+01 7.9026e-38 7.9026e-38 [ 8.5161e-127 5.3281e-104 1.1931e-95 4.3993e-69 2.8967e-62 2.1283e-42 7.9024e-38 ] 0.0000e+00 [ 0.0000e+00 ] 1.0000e+00
 3.332e+01 5.4336e-38 5.4336e-38 [ 2.0718e-127 1.5766e-104 4.0950e-96 2.7636e-69 1.8220e-62 1.3971e-42 5.4335e-38 ] 0.0000e+00 [ 0.0000e+00 ] 1.0000e+00
 3.343e+01 3.7328e-38 3.7328e-38 [ 5.0363e-128 4.6597e-105 1.4035e-96 1.7356e-69 1.1458e-62 9.1647e-43 3.7327e-38 ] 0.0000e+00 [ 0.0000e+00 ] 1.0000e+00
 3.355e+01 2.5621e-38 2.5621e-38 [ 1.2234e-128 1.3756e-105 4.8038e-97 1.0897e-69 7.2039e-63 6.0073e-43 2.5621e-38 ] 0.0000e+00 [ 0.0000e+00 ] 1.0000e+00
 3.366e+01 1.7571e-38 1.7571e-38 [ 2.9696e-129 4.0561e-106 1.6419e-97 6.8401e-70 4.5283e-63 3.9349e-43 1.7570e-38 ] 0.0000e+00 [ 0.0000e+00 ] 1.0000e+00
 3.377e+01 1.2039e-38 1.2039e-38 [ 7.2030e-130 1.1946e-106 5.6044e-98 4.2921e-70 2.8457e-63 2.5755e-43 1.2039e-38 ] 0.0000e+00 [ 0.0000e+00 ] 1.0000e+00
 3.389e+01 8.2423e-39 8.2423e-39 [ 1.7459e-130 3.5143e-107 1.9103e-98 2.6924e-70 1.7879e-63 1.6846e-43 8.2422e-39 ] 0.0000e+00 [ 0.0000e+00 ] 1.0000e+00
 3.400e+01 5.6379e-39 5.6379e-39 [ 4.2287e-131 1.0327e-107 6.5027e-99 1.6883e-70 1.1229e-63 1.1011e-43 5.6378e-39 ] 0.0000e+00 [ 0.0000e+00 ] 1.0000e+00
 3.411e+01 3.8531e-39 3.8531e-39 [ 1.0235e-131 3.0310e-108 2.2105e-99 1.0583e-70 7.0508e-64 7.1922e-44 3.8531e-39 ] 0.0000e+00 [ 0.0000e+00 ] 1.0000e+00
 3.423e+01 2.6311e-39 2.6311e-39 [ 2.4756e-132 8.8863e-109 7.5040e-100 6.6313e-71 4.4256e-64 4.6945e-44 2.6310e-39 ] 0.0000e+00 [ 0.0000e+00 ] 1.0000e+00
 3.434e+01 1.7951e-39 1.7951e-39 [ 5.9836e-133 2.6024e-109 2.5440e-100 4.1533e-71 2.7769e-64 3.0622e-44 1.7950e-39 ] 0.0000e+00 [ 0.0000e+00 ] 1.0000e+00
 3.445e+01 1.2236e-39 1.2236e-39 [ 1.4453e-133 7.6126e-110 8.6129e-101 2.6002e-71 1.7417e-64 1.9961e-44 1.2236e-39 ] 0.0000e+00 [ 0.0000e+00 ] 1.0000e+00
 3.457e+01 8.3341e-40 8.3341e-40 [ 3.4886e-134 2.2244e-110 2.9120e-101 1.6271e-71 1.0919e-64 1.3003e-44 8.3340e-40 ] 0.0000e+00 [ 0.0000e+00 ] 1.0000e+00
 3.468e+01 5.6714e-40 5.6714e-40 [ 8.4149e-135 6.4925e-111 9.8326e-102 1.0176e-71 6.8427e-65 8.4653e-45 5.6713e-40 ] 0.0000e+00 [ 0.0000e+00 ] 1.0000e+00
 3.479e+01 3.8561e-40 3.8561e-40 [ 2.0285e-135 1.8930e-111 3.3156e-102 6.3611e-72 4.2860e-65 5.5074e-45 3.8561e-40 ] 0.0000e+00 [ 0.0000e+00 ] 1.0000e+00
 3.491e+01 2.6196e-40 2.6196e-40 [ 4.8865e-136 5.5131e-112 1.1165e-102 3.9740e-72 2.6832e-65 3.5807e-45 2.6196e-40 ] 0.0000e+00 [ 0.0000e+00 ] 1.0000e+00
 3.502e+01 1.7781e-40 1.7781e-40 [ 1.1764e-136 1.6039e-112 3.7550e-103 2.4813e-72 1.6788e-65 2.3266e-45 1.7781e-40 ] 0.0000e+00 [ 0.0000e+00 ] 1.0000e+00
 3.513e+01 1.2059e-40 1.2059e-40 [ 2.8302e-137 4.6611e-113 1.2612e-103 1.5482e-72 1.0498e-65 1.5108e-45 1.2059e-40 ] 0.0000e+00 [ 0.0000e+00 ] 1.0000e+00
 3.525e+01 8.1715e-41 8.1715e-41 [ 6.8048e-138 1.3531e-113 4.2302e-104 9.6539e-73 6.5604e-66 9.8040e-46 8.1714e-41 ] 0.0000e+00 [ 0.0000e+00 ] 1.0000e+00
 3.536e+01 5.5325e-41 5.5325e-41 [ 1.6351e-138 3.9240e-114 1.4170e-104 6.0153e-73 4.0970e-66 6.3581e-46 5.5325e-41 ] 0.0000e+00 [ 0.0000e+00 ] 1.0000e+00
 3.547e+01 3.7427e-41 3.7427e-41 [ 3.9263e-139 1.1367e-114 4.7406e-105 3.7453e-73 2.5567e-66 4.1207e-46 3.7426e-41 ] 0.0000e+00 [ 0.0000e+00 ] 1.0000e+00
 3.559e+01 2.5297e-41 2.5297e-41 [ 9.4226e-140 3.2896e-115 1.5839e-105 2.3300e-73 1.5942e-66 2.6689e-46 2.5297e-41 ] 0.0000e+00 [ 0.0000e+00 ] 1.0000e+00
 3.570e+01 1.7085e-41 1.7085e-41 [ 2.2599e-140 9.5095e-116 5.2851e-106 1.4483e-73 9.9329e-67 1.7275e-46 1.7084e-41 ] 0.0000e+00 [ 0.0000e+00 ] 1.0000e+00
 3.581e+01 1.1528e-41 1.1528e-41 [ 5.4168e-141 2.7462e-116 1.7612e-106 8.9946e-74 6.1832e-67 1.1174e-46 1.1528e-41 ] 0.0000e+00 [ 0.0000e+00 ] 1.0000e+00
 3.593e+01 7.7728e-42 7.7728e-42 [ 1.2976e-141 7.9223e-117 5.8616e-107 5.5806e-74 3.8455e-67 7.2222e-47 7.7728e-42 ] 0.0000e+00 [ 0.0000e+00 ] 1.0000e+00
 3.604e+01 5.2363e-42 5.2363e-42 [ 3.1065e-142 2.2831e-117 1.9483e-107 3.4589e-74 2.3892e-67 4.6647e-47 5.2363e-42 ] 0.0000e+00 [ 0.0000e+00 ] 1.0000e+00
 3.615e+01 3.5247e-42 3.5247e-42 [ 7.4328e-143 6.5729e-118 6.4677e-108 2.1416e-74 1.4828e-67 3.0105e-47 3.5247e-42 ] 0.0000e+00 [ 0.0000e+00 ] 1.0000e+00
 3.627e+01 2.3706e-42 2.3706e-42 [ 1.7774e-143 1.8904e-118 2.1443e-108 1.3245e-74 9.1923e-68 1.9412e-47 2.3706e-42 ] 0.0000e+00 [ 0.0000e+00 ] 1.0000e+00
 3.638e+01 1.5931e-42 1.5931e-42 [ 4.2477e-144 5.4313e-119 7.1003e-109 8.1810e-75 5.6916e-68 1.2507e-47 1.5931e-42 ] 0.0000e+00 [ 0.0000e+00 ] 1.0000e+00
 3.649e+01 1.0697e-42 1.0697e-42 [ 1.0146e-144 1.5589e-119 2.3481e-109 5.0469e-75 3.5196e-68 8.0496e-48 1.0697e-42 ] 0.0000e+00 [ 0.0000e+00 ] 1.0000e+00
 3.661e+01 7.1770e-43 7.1770e-43 [ 2.4220e-145 4.4701e-120 7.7553e-110 3.1091e-75 2.1734e-68 5.1754e-48 7.1769e-43 ] 0.0000e+00 [ 0.0000e+00 ] 1.0000e+00
 3.672e+01 4.8114e-43 4.8114e-43 [ 5.7784e-146 1.2805e-120 2.5582e-110 1.9126e-75 1.3402e-68 3.3235e-48 4.8113e-43 ] 0.0000e+00 [ 0.0000e+00 ] 1.0000e+00
 3.683e+01 3.2229e-43 3.2229e-43 [ 1.3779e-146 3.6644e-121 8.4283e-111 1.1747e-75 8.2505e-69 2.1315e-48 3.2229e-43 ] 0.0000e+00 [ 0.0000e+00 ] 1.0000e+00
 3.695e+01 2.1571e-43 2.1571e-43 [ 3.2837e-147 1.0476e-121 2.7733e-111 7.2030e-76 5.0707e-69 1.3651e-48 2.1571e-43 ] 0.0000e+00 [ 0.0000e+00 ] 1.0000e+00
 3.706e+01 1.4427e-43 1.4427e-43 [ 7.8213e-148 2.9922e-122 9.1141e-112 4.4088e-76 3.1108e-69 8.7280e-49 1.4426e-43 ] 0.0000e+00 [ 0.0000e+00 ] 1.0000e+00
 3.717e+01 9.6406e-44 9.6406e-44 [ 1.8619e-148 8.5381e-123 2.9915e-112 2.6933e-76 1.9047e-69 5.5703e-49 9.6405e-44 ] 0.0000e+00 [ 0.0000e+00 ] 1.0000e+00
 3.729e+01 6.4372e-44 6.4372e-44 [ 4.4301e-149 2.4339e-123 9.8071e-113 1.6420e-76 1.1637e-69 3.5479e-49 6.4372e-44 ] 0.0000e+00 [ 0.0000e+00 ] 1.0000e+00
 3.740e+01 4.2949e-44 4.2949e-44 [ 1.0535e-149 6.9317e-124 3.2111e-113 9.9880e-77 7.0941e-70 2.2546e-49 4.2949e-44 ] 0.0000e+00 [ 0.0000e+00 ] 1.0000e+00
 3.751e+01 2.8633e-44 2.8633e-44 [ 2.5040e-150 1.9722e-124 1.0501e-113 6.0609e-77 4.3139e-70 1.4290e-49 2.8633e-44 ] 0.0000e+00 [ 0.0000e+00 ] 1.0000e+00
 3.763e+01 1.9073e-44 1.9073e-44 [ 5.9484e-151 5.6061e-125 3.4299e-114 3.6682e-77 2.6162e-70 9.0316e-50 1.9073e-44 ] 0.0000e+00 [ 0.0000e+00 ] 1.0000e+00
 3.774e+01 1.2695e-44 1.2695e-44 [ 1.4123e-151 1.5921e-125 1.1189e-114 2.2137e-77 1.5820e-70 5.6897e-50 1.2695e-44 ] 0.0000e+00 [ 0.0000e+00 ] 1.0000e+00
 3.785e+01 8.4430e-45 8.4430e-45 [ 3.3516e-152 4.5171e-126 3.6459e-115 1.3318e-77 9.5353e-71 3.5713e-50 8.4430e-45 ] 0.0000e+00 [ 0.0000e+00 ] 1.0000e+00
 3.797e+01 5.6104e-45 5.6104e-45 [ 7.9497e-153 1.2804e-126 1.1865e-115 7.9839e-78 5.7270e-71 2.2325e-50 5.6103e-45 ] 0.0000e+00 [ 0.0000e+00 ] 1.0000e+00
 3.808e+01 3.7248e-45 3.7248e-45 [ 1.8846e-153 3.6261e-127 3.8568e-116 4.7679e-78 3.4261e-71 1.3892e-50 3.7248e-45 ] 0.0000e+00 [ 0.0000e+00 ] 1.0000e+00
 3.819e+01 2.4706e-45 2.4706e-45 [ 4.4657e-154 1.0260e-127 1.2522e-116 2.8351e-78 2.0407e-71 8.5995e-51 2.4706e-45 ] 0.0000e+00 [ 0.0000e+00 ] 1.0000e+00
 3.831e+01 1.6370e-45 1.6370e-45 [ 1.0576e-154 2.9002e-128 4.0604e-117 1.6776e-78 1.2095e-71 5.2922e-51 1.6370e-45 ] 0.0000e+00 [ 0.0000e+00 ] 1.0000e+00
 3.842e+01 1.0834e-45 1.0834e-45 [ 2.5036e-155 8.1908e-129 1.3151e-117 9.8723e-79 7.1280e-72 3.2351e-51 1.0834e-45 ] 0.0000e+00 [ 0.0000e+00 ] 1.0000e+00
 3.853e+01 7.1601e-46 7.1601e-46 [ 5.9235e-156 2.3112e-129 4.2546e-118 5.7727e-79 4.1739e-72 1.9626e-51 7.1601e-46 ] 0.0000e+00 [ 0.0000e+00 ] 1.0000e+00
 3.865e+01 4.7236e-46 4.7236e-46 [ 1.4008e-156 6.5154e-130 1.3747e-118 3.3506e-79 2.4258e-72 1.1801e-51 4.7236e-46 ] 0.0000e+00 [ 0.0000e+00 ] 1.0000e+00
 3.876e+01 3.1089e-46 3.1089e-46 [ 3.3109e-157 1.8350e-130 4.4367e-119 1.9277e-79 1.3974e-72 7.0234e-52 3.1089e-46 ] 0.0000e+00 [ 0.0000e+00 ] 1.0000e+00
 3.887e+01 2.0395e-46 2.0395e-46 [ 7.8213e-158 5.1633e-131 1.4301e-119 1.0974e-79 7.9640e-73 4.1290e-52 2.0395e-46 ] 0.0000e+00 [ 0.0000e+00 ] 1.0000e+00
 3.899e+01 1.3315e-46 1.3315e-46 [ 1.8463e-158 1.4512e-131 4.6030e-120 6.1664e-80 4.4794e-73 2.3916e-52 1.3315e-46 ] 0.0000e+00 [ 0.0000e+00 ] 1.0000e+00
 3.910e+01 8.6301e-47 8.6301e-47 [ 4.3538e-159 4.0729e-132 1.4790e-120 3.4072e-80 2.4773e-73 1.3595e-52 8.6301e-47 ] 0.0000e+00 [ 0.0000e+00 ] 1.0000e+00
 3.921e+01 5.5279e-47 5.5279e-47 [ 1.0247e-159 1.1404e-132 4.7390e-121 1.8407e-80 1.3394e-73 7.5405e-53 5.5279e-47 ] 0.0000e+00 [ 0.0000e+00 ] 1.0000e+00
 3.933e+01 3.4706e-47 3.4706e-47 [ 2.4018e-160 3.1782e-133 1.5104e-121 9.6292e-81 7.0114e-74 4.0399e-53 3.4706e-47 ] 0.0000e+00 [ 0.0000e+00 ] 1.0000e+00
 3.944e+01 2.1014e-47 2.1014e-47 [ 5.5733e-161 8.7600e-134 4.7526e-122 4.7890e-81 3.4890e-74 2.0521e-53 2.1014e-47 ] 0.0000e+00 [ 0.0000e+00 ] 1.0000e+00
 3.955e+01 1.1855e-47 1.1855e-47 [ 1.2591e-161 2.3432e-134 1.4444e-122 2.1785e-81 1.5879e-74 9.5028e-54 1.1855e-47 ] 0.0000e+00 [ 0.0000e+00 ] 1.0000e+00
 3.967e+01 5.7296e-48 5.7296e-48 [ 2.6188e-162 5.7061e-135 3.9448e-123 8.2311e-82 6.0014e-75 3.6399e-54 5.7296e-48 ] 0.0000e+00 [ 0.0000e+00 ] 1.0000e+00
 3.978e+01 1.8125e-48 1.8125e-48 [ 3.8713e-163 9.5429e-136 7.1810e-124 1.8572e-82 1.3544e-75 8.2851e-55 1.8125e-48 ] 0.0000e+00 [ 0.0000e+00 ] 1.0000e+00
 3.989e+01 0.0000e+00 0.0000e+00 [ 0.0000e+00 0.0000e+00 0.0000e+00 0.0000e+00 0.0000e+00 0.0000e+00 0.0000e+00 ] 0.0000e+00 [ 0.0000e+00 ] 1.0000e+00
