 0.000e+00 0.0000e+00 0.0000e+00 [ 0.0000e+00 0.0000e+00 0.0000e+00 0.0000e+00 0.0000e+00 ] 0.0000e+00 [ 0.0000e+00 ] 1.0000e+00
 1.133e-01 3.5541e-03 3.5541e-03 [ 2.7433e-03 4.4141e-04 7.7629e-05 2.0948e-04 8.2342e-05 ] 0.0000e+00 [ 0.0000e+00 ] 9.9645e-01
 2.267e-01 7.5992e-03 7.5992e-03 [ 4.1824e-03 1.8940e-03 3.2589e-04 8.7657e-04 3.2032e-04 ] 0.0000e+00 [ 0.0000e+00 ] 9.9240e-01
 3.400e-01 1.3380e-02 1.3380e-02 [ 4.9642e-03 4.7713e-03 7.9254e-04 2.1209e-03 7.3110e-04 ] 0.0000e+00 [ 0.0000e+00 ] 9.8662e-01
 4.533e-01 2.2474e-02 2.2474e-02 [ 5.5184e-03 9.8668e-03 1.5634e-03 4.1560e-03 1.3694e-03 ] 0.0000e+00 [ 0.0000e+00 ] 9.7753e-01
 5.667e-01 3.7014e-02 3.7014e-02 [ 6.0900e-03 1.8514e-02 2.7701e-03 7.3076e-03 2.3324e-03 ] 0.0000e+00 [ 0.0000e+00 ] 9.6299e-01
 6.800e-01 6.0054e-02 6.0054e-02 [ 6.8874e-03 3.2785e-02 4.5940e-03 1.2021e-02 3.7662e-03 ] 0.0000e+00 [ 0.0000e+00 ] 9.3995e-01
 7.933e-01 9.5680e-02 9.5680e-02 [ 8.1481e-03 5.5598e-02 7.2513e-03 1.8822e-02 5.8608e-03 ] 0.0000e+00 [ 0.0000e+00 ] 9.0432e-01
 9.067e-01 1.4848e-01 1.4848e-01 [ 1.0160e-02 9.0411e-02 1.0933e-02 2.8169e-02 8.8099e-03 ] 0.0000e+00 [ 0.0000e+00 ] 8.5152e-01
 1.020e+00 2.2159e-01 2.2159e-01 [ 1.3200e-02 1.3991e-01 1.5669e-02 4.0115e-02 1.2701e-02 ] 0.0000e+00 [ 0.0000e+00 ] 7.7841e-01
 1.133e+00 3.1288e-01 3.1288e-01 [ 1.7320e-02 2.0327e-01 2.1124e-02 5.3828e-02 1.7331e-02 ] 0.0000e+00 [ 0.0000e+00 ] 6.8712e-01
 1.247e+00 4.1139e-01 4.1139e-01 [ 2.2042e-02 2.7338e-01 2.6511e-02 6.7383e-02 2.2071e-02 ] 0.0000e+00 [ 0.0000e+00 ] 5.8861e-01
 1.360e+00 4.9940e-01 4.9940e-01 [ 2.6287e-02 3.3775e-01 3.0863e-02 7.8454e-02 2.6048e-02 ] 0.0000e+00 [ 0.0000e+00 ] 5.0060e-01
 1.473e+00 5.6158e-01 5.6158e-01 [ 2.8864e-02 3.8485e-01 3.3584e-02 8.5660e-02 2.8616e-02 ] 0.0000e+00 [ 0.0000e+00 ] 4.3842e-01
 1.587e+00 5.9160e-01 5.9160e-01 [ 2.9094e-02 4.0919e-01 3.4658e-02 8.9030e-02 2.9626e-02 ] 0.0000e+00 [ 0.0000e+00 ] 4.0840e-01
 1.700e+00 5.8922e-01 5.8922e-01 [ 2.6948e-02 4.0975e-01 3.4288e-02 8.9055e-02 2.9187e-02 ] 0.0000e+00 [ 0.0000e+00 ] 4.1078e-01
 1.813e+00 5.5475e-01 5.5475e-01 [ 2.2849e-02 3.8632e-01 3.2511e-02 8.5708e-02 2.7361e-02 ] 0.0000e+00 [ 0.0000e+00 ] 4.4525e-01
 1.927e+00 4.8932e-01 4.8932e-01 [ 1.7575e-02 3.3982e-01 2.9233e-02 7.8506e-02 2.4179e-02 ] 0.0000e+00 [ 0.0000e+00 ] 5.1068e-01
 2.040e+00 4.0036e-01 4.0036e-01 [ 1.2176e-02 2.7610e-01 2.4605e-02 6.7542e-02 1.9931e-02 ] 0.0000e+00 [ 0.0000e+00 ] 5.9964e-01
 2.153e+00 3.0339e-01 3.0339e-01 [ 7.6247e-03 2.0691e-01 1.9283e-02 5.4284e-02 1.5294e-02 ] 0.0000e+00 [ 0.0000e+00 ] 6.9661e-01
 2.267e+00 2.1499e-01 2.1499e-01 [ 4.3827e-03 1.4443e-01 1.4154e-02 4.0996e-02 1.1030e-02 ] 0.0000e+00 [ 0.0000e+00 ] 7.8501e-01
 2.380e+00 1.4474e-01 1.4474e-01 [ 2.3627e-03 9.5447e-02 9.8552e-03 2.9470e-02 7.6015e-03 ] 0.0000e+00 [ 0.0000e+00 ] 8.5526e-01
 2.493e+00 9.4075e-02 9.4075e-02 [ 1.2195e-03 6.0715e-02 6.6005e-03 2.0447e-02 5.0935e-03 ] 0.0000e+00 [ 0.0000e+00 ] 9.0593e-01
 2.607e+00 5.9808e-02 5.9808e-02 [ 6.1268e-04 3.7673e-02 4.3018e-03 1.3853e-02 3.3673e-03 ] 0.0000e+00 [ 0.0000e+00 ] 9.4019e-01
 2.720e+00 3.7538e-02 3.7538e-02 [ 3.0321e-04 2.3022e-02 2.7514e-03 9.2419e-03 2.2202e-03 ] 0.0000e+00 [ 0.0000e+00 ] 9.6246e-01
 2.833e+00 2.3407e-02 2.3407e-02 [ 1.4901e-04 1.3944e-02 1.7371e-03 6.1058e-03 1.4707e-03 ] 0.0000e+00 [ 0.0000e+00 ] 9.7659e-01
 2.947e+00 1.4558e-02 1.4558e-02 [ 7.3108e-05 8.4055e-03 1.0867e-03 4.0093e-03 9.8316e-04 ] 0.0000e+00 [ 0.0000e+00 ] 9.8544e-01
 3.060e+00 9.0545e-03 9.0545e-03 [ 3.5934e-05 5.0556e-03 6.7533e-04 2.6227e-03 6.6486e-04 ] 0.0000e+00 [ 0.0000e+00 ] 9.9095e-01
 3.173e+00 5.6409e-03 5.6409e-03 [ 1.7732e-05 3.0389e-03 4.1760e-04 1.7115e-03 4.5515e-04 ] 0.0000e+00 [ 0.0000e+00 ] 9.9436e-01
 3.287e+00 3.5238e-03 3.5238e-03 [ 8.7958e-06 1.8272e-03 2.5723e-04 1.1152e-03 3.1532e-04 ] 0.0000e+00 [ 0.0000e+00 ] 9.9648e-01
 3.400e+00 2.2088e-03 2.2088e-03 [ 4.3885e-06 1.0997e-03 1.5796e-04 7.2598e-04 2.2085e-04 ] 0.0000e+00 [ 0.0000e+00 ] 9.9779e-01
 3.513e+00 1.3900e-03 1.3900e-03 [ 2.2026e-06 6.6261e-04 9.6751e-05 4.7229e-04 1.5616e-04 ] 0.0000e+00 [ 0.0000e+00 ] 9.9861e-01
 3.627e+00 8.7853e-04 8.7853e-04 [ 1.1118e-06 3.9983e-04 5.9138e-05 3.0712e-04 1.1133e-04 ] 0.0000e+00 [ 0.0000e+00 ] 9.9912e-01
 3.740e+00 5.5784e-04 5.5784e-04 [ 5.6419e-07 2.4163e-04 3.6084e-05 1.9966e-04 7.9904e-05 ] 0.0000e+00 [ 0.0000e+00 ] 9.9944e-01
 3.853e+00 3.5597e-04 3.5597e-04 [ 2.8762e-07 1.4625e-04 2.1985e-05 1.2977e-04 5.7671e-05 ] 0.0000e+00 [ 0.0000e+00 ] 9.9964e-01
 3.967e+00 2.2834e-04 2.2834e-04 [ 1.4720e-07 8.8665e-05 1.3378e-05 8.4339e-05 4.1814e-05 ] 0.0000e+00 [ 0.0000e+00 ] 9.9977e-01
 4.080e+00 1.4728e-04 1.4728e-04 [ 7.5572e-08 5.3836e-05 8.1327e-06 5.4809e-05 3.0430e-05 ] 0.0000e+00 [ 0.0000e+00 ] 9.9985e-01
 4.193e+00 9.5552e-05 9.5552e-05 [ 3.8890e-08 3.2740e-05 4.9396e-06 3.5619e-05 2.2215e-05 ] 0.0000e+00 [ 0.0000e+00 ] 9.9990e-01
 4.307e+00 6.2369e-05 6.2369e-05 [ 2.0045e-08 1.9941e-05 2.9982e-06 2.3149e-05 1.6261e-05 ] 0.0000e+00 [ 0.0000e+00 ] 9.9994e-01
 4.420e+00 4.0969e-05 4.0969e-05 [ 1.0341e-08 1.2163e-05 1.8188e-06 1.5047e-05 1.1930e-05 ] 0.0000e+00 [ 0.0000e+00 ] 9.9996e-01
 4.533e+00 2.7092e-05 2.7092e-05 [ 5.3367e-09 7.4302e-06 1.1029e-06 9.7831e-06 8.7707e-06 ] 0.0000e+00 [ 0.0000e+00 ] 9.9997e-01
 4.647e+00 1.8040e-05 1.8040e-05 [ 2.7534e-09 4.5454e-06 6.6858e-07 6.3629e-06 6.4607e-06 ] 0.0000e+00 [ 0.0000e+00 ] 9.9998e-01
 4.760e+00 1.2100e-05 1.2100e-05 [ 1.4196e-09 2.7845e-06 4.0521e-07 4.1403e-06 4.7681e-06 ] 0.0000e+00 [ 0.0000e+00 ] 9.9999e-01
 4.873e+00 8.1757e-06 8.1757e-06 [ 7.3106e-10 1.7081e-06 2.4557e-07 2.6958e-06 3.5254e-06 ] 0.0000e+00 [ 0.0000e+00 ] 9.9999e-01
 4.987e+00 5.5666e-06 5.5666e-06 [ 3.7593e-10 1.0492e-06 1.4881e-07 1.7568e-06 2.6114e-06 ] 0.0000e+00 [ 0.0000e+00 ] 9.9999e-01
 5.100e+00 3.8199e-06 3.8199e-06 [ 1.9296e-10 6.4534e-07 9.0185e-08 1.1460e-06 1.9381e-06 ] 0.0000e+00 [ 0.0000e+00 ] 1.0000e+00
 5.213e+00 2.6420e-06 2.6420e-06 [ 9.8847e-11 3.9743e-07 5.4660e-08 7.4862e-07 1.4412e-06 ] 0.0000e+00 [ 0.0000e+00 ] 1.0000e+00
 5.327e+00 1.8420e-06 1.8420e-06 [ 5.0520e-11 2.4506e-07 3.3135e-08 4.8984e-07 1.0739e-06 ] 0.0000e+00 [ 0.0000e+00 ] 1.0000e+00
 5.440e+00 1.2944e-06 1.2944e-06 [ 2.5757e-11 1.5129e-07 2.0091e-08 3.2118e-07 8.0185e-07 ] 0.0000e+00 [ 0.0000e+00 ] 1.0000e+00
 5.553e+00 9.1684e-07 9.1684e-07 [ 1.3097e-11 9.3511e-08 1.2186e-08 2.1112e-07 6.0001e-07 ] 0.0000e+00 [ 0.0000e+00 ] 1.0000e+00
 5.667e+00 6.5443e-07 6.5443e-07 [ 6.6414e-12 5.7866e-08 7.3933e-09 1.3921e-07 4.4996e-07 ] 0.0000e+00 [ 0.0000e+00 ] 1.0000e+00
 5.780e+00 4.7066e-07 4.7066e-07 [ 3.3578e-12 3.5848e-08 4.4874e-09 9.2126e-08 3.3819e-07 ] 0.0000e+00 [ 0.0000e+00 ] 1.0000e+00
 5.893e+00 3.4095e-07 3.4095e-07 [ 1.6925e-12 2.2233e-08 2.7249e-09 6.1234e-08 2.5476e-07 ] 0.0000e+00 [ 0.0000e+00 ] 1.0000e+00
 6.007e+00 2.4872e-07 2.4872e-07 [ 8.5043e-13 1.3804e-08 1.6554e-09 4.0909e-08 1.9235e-07 ] 0.0000e+00 [ 0.0000e+00 ] 1.0000e+00
 6.120e+00 1.8264e-07 1.8264e-07 [ 4.2590e-13 8.5797e-09 1.0063e-09 2.7493e-08 1.4556e-07 ] 0.0000e+00 [ 0.0000e+00 ] 1.0000e+00
 6.233e+00 1.3496e-07 1.3496e-07 [ 2.1258e-13 5.3381e-09 6.1204e-10 1.8602e-08 1.1041e-07 ] 0.0000e+00 [ 0.0000e+00 ] 1.0000e+00
 6.347e+00 1.0031e-07 1.0031e-07 [ 1.0573e-13 3.3246e-09 3.7250e-10 1.2682e-08 8.3932e-08 ] 0.0000e+00 [ 0.0000e+00 ] 1.0000e+00
 6.460e+00 7.4966e-08 7.4966e-08 [ 5.2404e-14 2.0727e-09 2.2687e-10 8.7190e-09 6.3947e-08 ] 0.0000e+00 [ 0.0000e+00 ] 1.0000e+00
 6.573e+00 5.6308e-08 5.6308e-08 [ 2.5878e-14 1.2934e-09 1.3828e-10 6.0495e-09 4.8827e-08 ] 0.0000e+00 [ 0.0000e+00 ] 1.0000e+00
 6.687e+00 4.2492e-08 4.2492e-08 [ 1.2731e-14 8.0794e-10 8.4351e-11 4.2383e-09 3.7362e-08 ] 0.0000e+00 [ 0.0000e+00 ] 1.0000e+00
 6.800e+00 3.2204e-08 3.2204e-08 [ 6.2399e-15 5.0514e-10 5.1500e-11 2.9998e-09 2.8648e-08 ] 0.0000e+00 [ 0.0000e+00 ] 1.0000e+00
 6.913e+00 2.4503e-08 2.4503e-08 [ 3.0465e-15 3.1611e-10 3.1472e-11 2.1453e-09 2.2010e-08 ] 0.0000e+00 [ 0.0000e+00 ] 1.0000e+00
 7.027e+00 1.8711e-08 1.8711e-08 [ 1.4815e-15 1.9800e-10 1.9251e-11 1.5504e-09 1.6944e-08 ] 0.0000e+00 [ 0.0000e+00 ] 1.0000e+00
 7.140e+00 1.4335e-08 1.4335e-08 [ 7.1762e-16 1.2413e-10 1.1788e-11 1.1319e-09 1.3068e-08 ] 0.0000e+00 [ 0.0000e+00 ] 1.0000e+00
 7.253e+00 1.1016e-08 1.1016e-08 [ 3.4620e-16 7.7884e-11 7.2262e-12 8.3453e-10 1.0096e-08 ] 0.0000e+00 [ 0.0000e+00 ] 1.0000e+00
 7.367e+00 8.4887e-09 8.4887e-09 [ 1.6633e-16 4.8909e-11 4.4347e-12 6.2100e-10 7.8144e-09 ] 0.0000e+00 [ 0.0000e+00 ] 1.0000e+00
 7.480e+00 6.5577e-09 6.5577e-09 [ 7.9585e-17 3.0740e-11 2.7248e-12 4.6607e-10 6.0581e-09 ] 0.0000e+00 [ 0.0000e+00 ] 1.0000e+00
 7.593e+00 5.0776e-09 5.0776e-09 [ 3.7921e-17 1.9335e-11 1.6762e-12 3.5253e-10 4.7041e-09 ] 0.0000e+00 [ 0.0000e+00 ] 1.0000e+00
 7.707e+00 3.9400e-09 3.9400e-09 [ 1.7992e-17 1.2172e-11 1.0324e-12 2.6851e-10 3.6583e-09 ] 0.0000e+00 [ 0.0000e+00 ] 1.0000e+00
 7.820e+00 3.0632e-09 3.0632e-09 [ 8.5007e-18 7.6682e-12 6.3674e-13 2.0577e-10 2.8491e-09 ] 0.0000e+00 [ 0.0000e+00 ] 1.0000e+00
 7.933e+00 2.3859e-09 2.3859e-09 [ 3.9991e-18 4.8347e-12 3.9323e-13 1.5855e-10 2.2221e-09 ] 0.0000e+00 [ 0.0000e+00 ] 1.0000e+00
 8.047e+00 1.8614e-09 1.8614e-09 [ 1.8733e-18 3.0504e-12 2.4317e-13 1.2273e-10 1.7354e-09 ] 0.0000e+00 [ 0.0000e+00 ] 1.0000e+00
 8.160e+00 1.4545e-09 1.4545e-09 [ 8.7370e-19 1.9261e-12 1.5058e-13 9.5384e-11 1.3570e-09 ] 0.0000e+00 [ 0.0000e+00 ] 1.0000e+00
 8.273e+00 1.1381e-09 1.1381e-09 [ 4.0573e-19 1.2170e-12 9.3379e-14 7.4384e-11 1.0624e-09 ] 0.0000e+00 [ 0.0000e+00 ] 1.0000e+00
 8.387e+00 8.9182e-10 8.9182e-10 [ 1.8759e-19 7.6955e-13 5.7988e-14 5.8176e-11 8.3282e-10 ] 0.0000e+00 [ 0.0000e+00 ] 1.0000e+00
 8.500e+00 6.9970e-10 6.9970e-10 [ 8.6356e-20 4.8693e-13 3.6062e-14 4.5610e-11 6.5357e-10 ] 0.0000e+00 [ 0.0000e+00 ] 1.0000e+00
 8.613e+00 5.4962e-10 5.4962e-10 [ 3.9579e-20 3.0832e-13 2.2459e-14 3.5833e-11 5.1346e-10 ] 0.0000e+00 [ 0.0000e+00 ] 1.0000e+00
 8.727e+00 4.3222e-10 4.3222e-10 [ 1.8060e-20 1.9535e-13 1.4007e-14 2.8200e-11 4.0381e-10 ] 0.0000e+00 [ 0.0000e+00 ] 1.0000e+00
 8.840e+00 3.4025e-10 3.4025e-10 [ 8.2050e-21 1.2385e-13 8.7492e-15 2.2225e-11 3.1789e-10 ] 0.0000e+00 [ 0.0000e+00 ] 1.0000e+00
 8.953e+00 2.6812e-10 2.6812e-10 [ 3.7113e-21 7.8576e-14 5.4730e-15 1.7538e-11 2.5050e-10 ] 0.0000e+00 [ 0.0000e+00 ] 1.0000e+00
 9.067e+00 2.1149e-10 2.1149e-10 [ 1.6713e-21 4.9881e-14 3.4287e-15 1.3853e-11 1.9758e-10 ] 0.0000e+00 [ 0.0000e+00 ] 1.0000e+00
 9.180e+00 1.6697e-10 1.6697e-10 [ 7.4934e-22 3.1684e-14 2.1513e-15 1.0952e-11 1.5598e-10 ] 0.0000e+00 [ 0.0000e+00 ] 1.0000e+00
 9.293e+00 1.3193e-10 1.3193e-10 [ 3.3450e-22 2.0138e-14 1.3519e-15 8.6651e-12 1.2325e-10 ] 0.0000e+00 [ 0.0000e+00 ] 1.0000e+00
 9.407e+00 1.0433e-10 1.0433e-10 [ 1.4867e-22 1.2807e-14 8.5090e-16 6.8596e-12 9.7461e-11 ] 0.0000e+00 [ 0.0000e+00 ] 1.0000e+00
 9.520e+00 8.2573e-11 8.2573e-11 [ 6.5785e-23 8.1494e-15 5.3644e-16 5.4330e-12 7.7131e-11 ] 0.0000e+00 [ 0.0000e+00 ] 1.0000e+00
 9.633e+00 6.5399e-11 6.5399e-11 [ 2.8983e-23 5.1886e-15 3.3876e-16 4.3049e-12 6.1089e-11 ] 0.0000e+00 [ 0.0000e+00 ] 1.0000e+00
 9.747e+00 5.1834e-11 5.1834e-11 [ 1.2714e-23 3.3053e-15 2.1431e-16 3.4122e-12 4.8419e-11 ] 0.0000e+00 [ 0.0000e+00 ] 1.0000e+00
 9.860e+00 4.1110e-11 4.1110e-11 [ 5.5530e-24 2.1068e-15 1.3583e-16 2.7053e-12 3.8403e-11 ] 0.0000e+00 [ 0.0000e+00 ] 1.0000e+00
 9.973e+00 3.2626e-11 3.2626e-11 [ 2.4149e-24 1.3435e-15 8.6267e-17 2.1453e-12 3.0479e-11 ] 0.0000e+00 [ 0.0000e+00 ] 1.0000e+00
 1.009e+01 2.5908e-11 2.5908e-11 [ 1.0457e-24 8.5725e-16 5.4905e-17 1.7015e-12 2.4206e-11 ] 0.0000e+00 [ 0.0000e+00 ] 1.0000e+00
 1.020e+01 2.0586e-11 2.0586e-11 [ 4.5089e-25 5.4725e-16 3.5026e-17 1.3497e-12 1.9236e-11 ] 0.0000e+00 [ 0.0000e+00 ] 1.0000e+00
 1.031e+01 1.6366e-11 1.6366e-11 [ 1.9359e-25 3.4953e-16 2.2402e-17 1.0706e-12 1.5295e-11 ] 0.0000e+00 [ 0.0000e+00 ] 1.0000e+00
 1.043e+01 1.3017e-11 1.3017e-11 [ 8.2764e-26 2.2335e-16 1.4369e-17 8.4933e-13 1.2168e-11 ] 0.0000e+00 [ 0.0000e+00 ] 1.0000e+00
 1.054e+01 1.0359e-11 1.0359e-11 [ 3.5236e-26 1.4279e-16 9.2456e-18 6.7376e-13 9.6850e-12 ] 0.0000e+00 [ 0.0000e+00 ] 1.0000e+00
 1.065e+01 8.2473e-12 8.2473e-12 [ 1.4938e-26 9.1335e-17 5.9701e-18 5.3446e-13 7.7127e-12 ] 0.0000e+00 [ 0.0000e+00 ] 1.0000e+00
 1.077e+01 6.5689e-12 6.5689e-12 [ 6.3070e-27 5.8447e-17 3.8704e-18 4.2392e-13 6.1449e-12 ] 0.0000e+00 [ 0.0000e+00 ] 1.0000e+00
 1.088e+01 5.2342e-12 5.2342e-12 [ 2.6518e-27 3.7418e-17 2.5204e-18 3.3621e-13 4.8979e-12 ] 0.0000e+00 [ 0.0000e+00 ] 1.0000e+00
 1.099e+01 4.1722e-12 4.1722e-12 [ 1.1104e-27 2.3966e-17 1.6495e-18 2.6661e-13 3.9056e-12 ] 0.0000e+00 [ 0.0000e+00 ] 1.0000e+00
 1.111e+01 3.3268e-12 3.3268e-12 [ 4.6309e-28 1.5357e-17 1.0857e-18 2.1138e-13 3.1154e-12 ] 0.0000e+00 [ 0.0000e+00 ] 1.0000e+00
 1.122e+01 2.6536e-12 2.6536e-12 [ 1.9235e-28 9.8447e-18 7.1903e-19 1.6756e-13 2.4860e-12 ] 0.0000e+00 [ 0.0000e+00 ] 1.0000e+00
 1.133e+01 2.1172e-12 2.1172e-12 [ 7.9574e-29 6.3137e-18 4.7953e-19 1.3280e-13 1.9844e-12 ] 0.0000e+00 [ 0.0000e+00 ] 1.0000e+00
 1.145e+01 1.6897e-12 1.6897e-12 [ 3.2789e-29 4.0508e-18 3.2224e-19 1.0522e-13 1.5845e-12 ] 0.0000e+00 [ 0.0000e+00 ] 1.0000e+00
 1.156e+01 1.3488e-12 1.3488e-12 [ 1.3457e-29 2.6000e-18 2.1834e-19 8.3343e-14 1.2655e-12 ] 0.0000e+00 [ 0.0000e+00 ] 1.0000e+00
 1.167e+01 1.0770e-12 1.0770e-12 [ 5.5017e-30 1.6695e-18 1.4926e-19 6.5997e-14 1.0110e-12 ] 0.0000e+00 [ 0.0000e+00 ] 1.0000e+00
 1.179e+01 8.6005e-13 8.6005e-13 [ 2.2405e-30 1.0725e-18 1.0299e-19 5.2244e-14 8.0781e-13 ] 0.0000e+00 [ 0.0000e+00 ] 1.0000e+00
 1.190e+01 6.8694e-13 6.8694e-13 [ 9.0892e-31 6.8921e-19 7.1754e-20 4.1343e-14 6.4559e-13 ] 0.0000e+00 [ 0.0000e+00 ] 1.0000e+00
 1.201e+01 5.4874e-13 5.4874e-13 [ 3.6733e-31 4.4309e-19 5.0492e-20 3.2705e-14 5.1603e-13 ] 0.0000e+00 [ 0.0000e+00 ] 1.0000e+00
 1.213e+01 4.3839e-13 4.3839e-13 [ 1.4789e-31 2.8498e-19 3.5888e-20 2.5861e-14 4.1253e-13 ] 0.0000e+00 [ 0.0000e+00 ] 1.0000e+00
 1.224e+01 3.5027e-13 3.5027e-13 [ 5.9318e-32 1.8336e-19 2.5762e-20 2.0441e-14 3.2982e-13 ] 0.0000e+00 [ 0.0000e+00 ] 1.0000e+00
 1.235e+01 2.7987e-13 2.7987e-13 [ 2.3704e-32 1.1802e-19 1.8671e-20 1.6151e-14 2.6372e-13 ] 0.0000e+00 [ 0.0000e+00 ] 1.0000e+00
 1.247e+01 2.2363e-13 2.2363e-13 [ 9.4379e-33 7.6001e-20 1.3657e-20 1.2755e-14 2.1088e-13 ] 0.0000e+00 [ 0.0000e+00 ] 1.0000e+00
 1.258e+01 1.7870e-13 1.7870e-13 [ 3.7440e-33 4.8962e-20 1.0077e-20 1.0068e-14 1.6863e-13 ] 0.0000e+00 [ 0.0000e+00 ] 1.0000e+00
 1.269e+01 1.4279e-13 1.4279e-13 [ 1.4799e-33 3.1557e-20 7.4948e-21 7.9440e-15 1.3484e-13 ] 0.0000e+00 [ 0.0000e+00 ] 1.0000e+00
 1.281e+01 1.1409e-13 1.1409e-13 [ 5.8289e-34 2.0349e-20 5.6157e-21 6.2648e-15 1.0783e-13 ] 0.0000e+00 [ 0.0000e+00 ] 1.0000e+00
 1.292e+01 9.1157e-14 9.1157e-14 [ 2.2877e-34 1.3128e-20 4.2359e-21 4.9380e-15 8.6219e-14 ] 0.0000e+00 [ 0.0000e+00 ] 1.0000e+00
 1.303e+01 7.2827e-14 7.2827e-14 [ 8.9473e-35 8.4740e-21 3.2144e-21 3.8901e-15 6.8937e-14 ] 0.0000e+00 [ 0.0000e+00 ] 1.0000e+00
 1.315e+01 5.8177e-14 5.8177e-14 [ 3.4872e-35 5.4731e-21 2.4522e-21 3.0630e-15 5.5114e-14 ] 0.0000e+00 [ 0.0000e+00 ] 1.0000e+00
 1.326e+01 4.6468e-14 4.6468e-14 [ 1.3545e-35 3.5372e-21 1.8795e-21 2.4104e-15 4.4058e-14 ] 0.0000e+00 [ 0.0000e+00 ] 1.0000e+00
 1.337e+01 3.7110e-14 3.7110e-14 [ 5.2432e-36 2.2878e-21 1.4466e-21 1.8957e-15 3.5215e-14 ] 0.0000e+00 [ 0.0000e+00 ] 1.0000e+00
 1.349e+01 2.9632e-14 2.9632e-14 [ 2.0228e-36 1.4808e-21 1.1174e-21 1.4901e-15 2.8142e-14 ] 0.0000e+00 [ 0.0000e+00 ] 1.0000e+00
 1.360e+01 2.3657e-14 2.3657e-14 [ 7.7783e-37 9.5944e-22 8.6592e-22 1.1706e-15 2.2486e-14 ] 0.0000e+00 [ 0.0000e+00 ] 1.0000e+00
 1.371e+01 1.8882e-14 1.8882e-14 [ 2.9811e-37 6.2229e-22 6.7288e-22 9.1905e-16 1.7963e-14 ] 0.0000e+00 [ 0.0000e+00 ] 1.0000e+00
 1.383e+01 1.5068e-14 1.5068e-14 [ 1.1388e-37 4.0412e-22 5.2415e-22 7.2111e-16 1.4347e-14 ] 0.0000e+00 [ 0.0000e+00 ] 1.0000e+00
 1.394e+01 1.2021e-14 1.2021e-14 [ 4.3364e-38 2.6282e-22 4.0917e-22 5.6546e-16 1.1456e-14 ] 0.0000e+00 [ 0.0000e+00 ] 1.0000e+00
 1.405e+01 9.5878e-15 9.5878e-15 [ 1.6460e-38 1.7122e-22 3.2001e-22 4.4312e-16 9.1446e-15 ] 0.0000e+00 [ 0.0000e+00 ] 1.0000e+00
 1.417e+01 7.6449e-15 7.6449e-15 [ 6.2281e-39 1.1177e-22 2.5070e-22 3.4703e-16 7.2979e-15 ] 0.0000e+00 [ 0.0000e+00 ] 1.0000e+00
 1.428e+01 6.0939e-15 6.0939e-15 [ 2.3493e-39 7.3137e-23 1.9669e-22 2.7160e-16 5.8223e-15 ] 0.0000e+00 [ 0.0000e+00 ] 1.0000e+00
 1.439e+01 4.8560e-15 4.8560e-15 [ 8.8342e-40 4.7992e-23 1.5452e-22 2.1243e-16 4.6436e-15 ] 0.0000e+00 [ 0.0000e+00 ] 1.0000e+00
 1.451e+01 3.8683e-15 3.8683e-15 [ 3.3119e-40 3.1596e-23 1.2154e-22 1.6604e-16 3.7022e-15 ] 0.0000e+00 [ 0.0000e+00 ] 1.0000e+00
 1.462e+01 3.0804e-15 3.0804e-15 [ 1.2379e-40 2.0883e-23 9.5697e-23 1.2970e-16 2.9507e-15 ] 0.0000e+00 [ 0.0000e+00 ] 1.0000e+00
 1.473e+01 2.4520e-15 2.4520e-15 [ 4.6130e-41 1.3865e-23 7.5425e-23 1.0124e-16 2.3508e-15 ] 0.0000e+00 [ 0.0000e+00 ] 1.0000e+00
 1.485e+01 1.9511e-15 1.9511e-15 [ 1.7140e-41 9.2540e-24 5.9500e-23 7.8975e-17 1.8722e-15 ] 0.0000e+00 [ 0.0000e+00 ] 1.0000e+00
 1.496e+01 1.5519e-15 1.5519e-15 [ 6.3498e-42 6.2141e-24 4.6977e-23 6.1564e-17 1.4904e-15 ] 0.0000e+00 [ 0.0000e+00 ] 1.0000e+00
 1.507e+01 1.2339e-15 1.2339e-15 [ 2.3456e-42 4.2018e-24 3.7119e-23 4.7960e-17 1.1859e-15 ] 0.0000e+00 [ 0.0000e+00 ] 1.0000e+00
 1.519e+01 9.8060e-16 9.8060e-16 [ 8.6402e-43 2.8633e-24 2.9350e-23 3.7336e-17 9.4326e-16 ] 0.0000e+00 [ 0.0000e+00 ] 1.0000e+00
 1.530e+01 7.7896e-16 7.7896e-16 [ 3.1737e-43 1.9680e-24 2.3224e-23 2.9046e-17 7.4992e-16 ] 0.0000e+00 [ 0.0000e+00 ] 1.0000e+00
 1.541e+01 6.1850e-16 6.1850e-16 [ 1.1625e-43 1.3655e-24 1.8388e-23 2.2581e-17 5.9592e-16 ] 0.0000e+00 [ 0.0000e+00 ] 1.0000e+00
 1.553e+01 4.9087e-16 4.9087e-16 [ 4.2463e-44 9.5711e-25 1.4568e-23 1.7544e-17 4.7333e-16 ] 0.0000e+00 [ 0.0000e+00 ] 1.0000e+00
 1.564e+01 3.8939e-16 3.8939e-16 [ 1.5468e-44 6.7802e-25 1.1548e-23 1.3620e-17 3.7577e-16 ] 0.0000e+00 [ 0.0000e+00 ] 1.0000e+00
 1.575e+01 3.0873e-16 3.0873e-16 [ 5.6197e-45 4.8561e-25 9.1592e-24 1.0567e-17 2.9816e-16 ] 0.0000e+00 [ 0.0000e+00 ] 1.0000e+00
 1.587e+01 2.4466e-16 2.4466e-16 [ 2.0362e-45 3.5168e-25 7.2686e-24 8.1931e-18 2.3646e-16 ] 0.0000e+00 [ 0.0000e+00 ] 1.0000e+00
 1.598e+01 1.9378e-16 1.9378e-16 [ 7.3584e-46 2.5750e-25 5.7712e-24 6.3480e-18 1.8743e-16 ] 0.0000e+00 [ 0.0000e+00 ] 1.0000e+00
 1.609e+01 1.5341e-16 1.5341e-16 [ 2.6522e-46 1.9055e-25 4.5845e-24 4.9151e-18 1.4849e-16 ] 0.0000e+00 [ 0.0000e+00 ] 1.0000e+00
 1.621e+01 1.2138e-16 1.2138e-16 [ 9.5349e-47 1.4244e-25 3.6436e-24 3.8031e-18 1.1757e-16 ] 0.0000e+00 [ 0.0000e+00 ] 1.0000e+00
 1.632e+01 9.5983e-17 9.5983e-17 [ 3.4191e-47 1.0748e-25 2.8972e-24 2.9408e-18 9.3042e-17 ] 0.0000e+00 [ 0.0000e+00 ] 1.0000e+00
 1.643e+01 7.5859e-17 7.5859e-17 [ 1.2230e-47 8.1804e-26 2.3047e-24 2.2725e-18 7.3587e-17 ] 0.0000e+00 [ 0.0000e+00 ] 1.0000e+00
 1.655e+01 5.9921e-17 5.9921e-17 [ 4.3635e-48 6.2744e-26 1.8342e-24 1.7549e-18 5.8166e-17 ] 0.0000e+00 [ 0.0000e+00 ] 1.0000e+00
 1.666e+01 4.7304e-17 4.7304e-17 [ 1.5530e-48 4.8458e-26 1.4604e-24 1.3543e-18 4.5950e-17 ] 0.0000e+00 [ 0.0000e+00 ] 1.0000e+00
 1.677e+01 3.7322e-17 3.7322e-17 [ 5.5139e-49 3.7650e-26 1.1632e-24 1.0445e-18 3.6278e-17 ] 0.0000e+00 [ 0.0000e+00 ] 1.0000e+00
 1.689e+01 2.9430e-17 2.9430e-17 [ 1.9530e-49 2.9407e-26 9.2691e-25 8.0507e-19 2.8625e-17 ] 0.0000e+00 [ 0.0000e+00 ] 1.0000e+00
 1.700e+01 2.3192e-17 2.3192e-17 [ 6.9007e-50 2.3073e-26 7.3889e-25 6.2014e-19 2.2572e-17 ] 0.0000e+00 [ 0.0000e+00 ] 1.0000e+00
 1.711e+01 1.8266e-17 1.8266e-17 [ 2.4326e-50 1.8172e-26 5.8924e-25 4.7739e-19 1.7788e-17 ] 0.0000e+00 [ 0.0000e+00 ] 1.0000e+00
 1.723e+01 1.4377e-17 1.4377e-17 [ 8.5551e-51 1.4360e-26 4.7008e-25 3.6728e-19 1.4010e-17 ] 0.0000e+00 [ 0.0000e+00 ] 1.0000e+00
 1.734e+01 1.1309e-17 1.1309e-17 [ 3.0018e-51 1.1379e-26 3.7515e-25 2.8240e-19 1.1027e-17 ] 0.0000e+00 [ 0.0000e+00 ] 1.0000e+00
 1.745e+01 8.8907e-18 8.8907e-18 [ 1.0509e-51 9.0375e-27 2.9950e-25 2.1702e-19 8.6737e-18 ] 0.0000e+00 [ 0.0000e+00 ] 1.0000e+00
 1.757e+01 6.9849e-18 6.9849e-18 [ 3.6705e-52 7.1923e-27 2.3919e-25 1.6667e-19 6.8183e-18 ] 0.0000e+00 [ 0.0000e+00 ] 1.0000e+00
 1.768e+01 5.4843e-18 5.4843e-18 [ 1.2792e-52 5.7334e-27 1.9109e-25 1.2794e-19 5.3563e-18 ] 0.0000e+00 [ 0.0000e+00 ] 1.0000e+00
 1.779e+01 4.3033e-18 4.3033e-18 [ 4.4483e-53 4.5769e-27 1.5271e-25 9.8155e-20 4.2052e-18 ] 0.0000e+00 [ 0.0000e+00 ] 1.0000e+00
 1.791e+01 3.3745e-18 3.3745e-18 [ 1.5435e-53 3.6580e-27 1.2208e-25 7.5265e-20 3.2992e-18 ] 0.0000e+00 [ 0.0000e+00 ] 1.0000e+00
 1.802e+01 2.6445e-18 2.6445e-18 [ 5.3439e-54 2.9266e-27 9.7627e-26 5.7685e-20 2.5868e-18 ] 0.0000e+00 [ 0.0000e+00 ] 1.0000e+00
 1.813e+01 2.0711e-18 2.0711e-18 [ 1.8463e-54 2.3434e-27 7.8095e-26 4.4189e-20 2.0269e-18 ] 0.0000e+00 [ 0.0000e+00 ] 1.0000e+00
 1.825e+01 1.6210e-18 1.6210e-18 [ 6.3652e-55 1.8779e-27 6.2490e-26 3.3835e-20 1.5871e-18 ] 0.0000e+00 [ 0.0000e+00 ] 1.0000e+00
 1.836e+01 1.2679e-18 1.2679e-18 [ 2.1899e-55 1.5058e-27 5.0018e-26 2.5896e-20 1.2420e-18 ] 0.0000e+00 [ 0.0000e+00 ] 1.0000e+00
 1.847e+01 9.9105e-19 9.9105e-19 [ 7.5185e-56 1.2081e-27 4.0047e-26 1.9811e-20 9.7124e-19 ] 0.0000e+00 [ 0.0000e+00 ] 1.0000e+00
 1.859e+01 7.7417e-19 7.7417e-19 [ 2.5760e-56 9.6975e-28 3.2073e-26 1.5150e-20 7.5902e-19 ] 0.0000e+00 [ 0.0000e+00 ] 1.0000e+00
 1.870e+01 6.0436e-19 6.0436e-19 [ 8.8082e-57 7.7875e-28 2.5693e-26 1.1581e-20 5.9278e-19 ] 0.0000e+00 [ 0.0000e+00 ] 1.0000e+00
 1.881e+01 4.7150e-19 4.7150e-19 [ 3.0058e-57 6.2562e-28 2.0589e-26 8.8503e-21 4.6265e-19 ] 0.0000e+00 [ 0.0000e+00 ] 1.0000e+00
 1.893e+01 3.6760e-19 3.6760e-19 [ 1.0237e-57 5.0277e-28 1.6503e-26 6.7609e-21 3.6084e-19 ] 0.0000e+00 [ 0.0000e+00 ] 1.0000e+00
 1.904e+01 2.8642e-19 2.8642e-19 [ 3.4795e-58 4.0418e-28 1.3231e-26 5.1633e-21 2.8126e-19 ] 0.0000e+00 [ 0.0000e+00 ] 1.0000e+00
 1.915e+01 2.2303e-19 2.2303e-19 [ 1.1804e-58 3.2501e-28 1.0611e-26 3.9422e-21 2.1908e-19 ] 0.0000e+00 [ 0.0000e+00 ] 1.0000e+00
 1.927e+01 1.7355e-19 1.7355e-19 [ 3.9968e-59 2.6142e-28 8.5113e-27 3.0091e-21 1.7054e-19 ] 0.0000e+00 [ 0.0000e+00 ] 1.0000e+00
 1.938e+01 1.3496e-19 1.3496e-19 [ 1.3507e-59 2.1032e-28 6.8290e-27 2.2964e-21 1.3267e-19 ] 0.0000e+00 [ 0.0000e+00 ] 1.0000e+00
 1.949e+01 1.0489e-19 1.0489e-19 [ 4.5562e-60 1.6925e-28 5.4806e-27 1.7522e-21 1.0314e-19 ] 0.0000e+00 [ 0.0000e+00 ] 1.0000e+00
 1.961e+01 8.1469e-20 8.1469e-20 [ 1.5340e-60 1.3623e-28 4.3994e-27 1.3368e-21 8.0132e-20 ] 0.0000e+00 [ 0.0000e+00 ] 1.0000e+00
 1.972e+01 6.3237e-20 6.3237e-20 [ 5.1555e-61 1.0967e-28 3.5323e-27 1.0197e-21 6.2217e-20 ] 0.0000e+00 [ 0.0000e+00 ] 1.0000e+00
 1.983e+01 4.9055e-20 4.9055e-20 [ 1.7294e-61 8.8312e-29 2.8368e-27 7.7784e-22 4.8277e-20 ] 0.0000e+00 [ 0.0000e+00 ] 1.0000e+00
 1.995e+01 3.8030e-20 3.8030e-20 [ 5.7911e-62 7.1124e-29 2.2787e-27 5.9330e-22 3.7437e-20 ] 0.0000e+00 [ 0.0000e+00 ] 1.0000e+00
 2.006e+01 2.9465e-20 2.9465e-20 [ 1.9357e-62 5.7291e-29 1.8308e-27 4.5254e-22 2.9013e-20 ] 0.0000e+00 [ 0.0000e+00 ] 1.0000e+00
 2.017e+01 2.2815e-20 2.2815e-20 [ 6.4589e-63 4.6157e-29 1.4713e-27 3.4519e-22 2.2470e-20 ] 0.0000e+00 [ 0.0000e+00 ] 1.0000e+00
 2.029e+01 1.7656e-20 1.7656e-20 [ 2.1514e-63 3.7193e-29 1.1826e-27 2.6333e-22 1.7393e-20 ] 0.0000e+00 [ 0.0000e+00 ] 1.0000e+00
 2.040e+01 1.3655e-20 1.3655e-20 [ 7.1535e-64 2.9974e-29 9.5072e-28 2.0091e-22 1.3454e-20 ] 0.0000e+00 [ 0.0000e+00 ] 1.0000e+00
 2.051e+01 1.0555e-20 1.0555e-20 [ 2.3746e-64 2.4161e-29 7.6447e-28 1.5331e-22 1.0402e-20 ] 0.0000e+00 [ 0.0000e+00 ] 1.0000e+00
 2.063e+01 8.1540e-21 8.1540e-21 [ 7.8688e-65 1.9477e-29 6.1483e-28 1.1701e-22 8.0370e-21 ] 0.0000e+00 [ 0.0000e+00 ] 1.0000e+00
 2.074e+01 6.2956e-21 6.2956e-21 [ 2.6032e-65 1.5704e-29 4.9458e-28 8.9329e-23 6.2063e-21 ] 0.0000e+00 [ 0.0000e+00 ] 1.0000e+00
 2.085e+01 4.8582e-21 4.8582e-21 [ 8.5977e-66 1.2664e-29 3.9791e-28 6.8216e-23 4.7899e-21 ] 0.0000e+00 [ 0.0000e+00 ] 1.0000e+00
 2.097e+01 3.7469e-21 3.7469e-21 [ 2.8349e-66 1.0213e-29 3.2020e-28 5.2111e-23 3.6948e-21 ] 0.0000e+00 [ 0.0000e+00 ] 1.0000e+00
 2.108e+01 2.8883e-21 2.8883e-21 [ 9.3325e-67 8.2383e-30 2.5771e-28 3.9824e-23 2.8485e-21 ] 0.0000e+00 [ 0.0000e+00 ] 1.0000e+00
 2.119e+01 2.2253e-21 2.2253e-21 [ 3.0673e-67 6.6460e-30 2.0745e-28 3.0447e-23 2.1948e-21 ] 0.0000e+00 [ 0.0000e+00 ] 1.0000e+00
 2.131e+01 1.7136e-21 1.7136e-21 [ 1.0065e-67 5.3622e-30 1.6703e-28 2.3289e-23 1.6903e-21 ] 0.0000e+00 [ 0.0000e+00 ] 1.0000e+00
 2.142e+01 1.3190e-21 1.3190e-21 [ 3.2976e-68 4.3269e-30 1.3450e-28 1.7823e-23 1.3011e-21 ] 0.0000e+00 [ 0.0000e+00 ] 1.0000e+00
 2.153e+01 1.0147e-21 1.0147e-21 [ 1.0787e-68 3.4919e-30 1.0832e-28 1.3647e-23 1.0011e-21 ] 0.0000e+00 [ 0.0000e+00 ] 1.0000e+00
 2.165e+01 7.8030e-22 7.8030e-22 [ 3.5231e-69 2.8184e-30 8.7256e-29 1.0456e-23 7.6985e-22 ] 0.0000e+00 [ 0.0000e+00 ] 1.0000e+00
 2.176e+01 5.9978e-22 5.9978e-22 [ 1.1489e-69 2.2750e-30 7.0297e-29 8.0167e-24 5.9176e-22 ] 0.0000e+00 [ 0.0000e+00 ] 1.0000e+00
 2.187e+01 4.6082e-22 4.6082e-22 [ 3.7410e-70 1.8367e-30 5.6643e-29 6.1505e-24 4.5467e-22 ] 0.0000e+00 [ 0.0000e+00 ] 1.0000e+00
 2.199e+01 3.5391e-22 3.5391e-22 [ 1.2163e-70 1.4829e-30 4.5648e-29 4.7221e-24 3.4919e-22 ] 0.0000e+00 [ 0.0000e+00 ] 1.0000e+00
 2.210e+01 2.7171e-22 2.7171e-22 [ 3.9486e-71 1.1974e-30 3.6792e-29 3.6282e-24 2.6808e-22 ] 0.0000e+00 [ 0.0000e+00 ] 1.0000e+00
 2.221e+01 2.0852e-22 2.0852e-22 [ 1.2800e-71 9.6702e-31 2.9659e-29 2.7899e-24 2.0573e-22 ] 0.0000e+00 [ 0.0000e+00 ] 1.0000e+00
 2.233e+01 1.5997e-22 1.5997e-22 [ 4.1432e-72 7.8102e-31 2.3912e-29 2.1471e-24 1.5782e-22 ] 0.0000e+00 [ 0.0000e+00 ] 1.0000e+00
 2.244e+01 1.2268e-22 1.2268e-22 [ 1.3392e-72 6.3086e-31 1.9281e-29 1.6538e-24 1.2103e-22 ] 0.0000e+00 [ 0.0000e+00 ] 1.0000e+00
 2.255e+01 9.4062e-23 9.4062e-23 [ 4.3224e-73 5.0962e-31 1.5549e-29 1.2750e-24 9.2787e-23 ] 0.0000e+00 [ 0.0000e+00 ] 1.0000e+00
 2.267e+01 7.2098e-23 7.2098e-23 [ 1.3931e-73 4.1172e-31 1.2541e-29 9.8386e-25 7.1114e-23 ] 0.0000e+00 [ 0.0000e+00 ] 1.0000e+00
 2.278e+01 5.5248e-23 5.5248e-23 [ 4.4838e-74 3.3266e-31 1.0117e-29 7.5990e-25 5.4489e-23 ] 0.0000e+00 [ 0.0000e+00 ] 1.0000e+00
 2.289e+01 4.2328e-23 4.2328e-23 [ 1.4411e-74 2.6881e-31 8.1618e-30 5.8749e-25 4.1740e-23 ] 0.0000e+00 [ 0.0000e+00 ] 1.0000e+00
 2.301e+01 3.2422e-23 3.2422e-23 [ 4.6255e-75 2.1723e-31 6.5855e-30 4.5464e-25 3.1968e-23 ] 0.0000e+00 [ 0.0000e+00 ] 1.0000e+00
 2.312e+01 2.4831e-23 2.4831e-23 [ 1.4826e-75 1.7557e-31 5.3142e-30 3.5218e-25 2.4479e-23 ] 0.0000e+00 [ 0.0000e+00 ] 1.0000e+00
 2.323e+01 1.9014e-23 1.9014e-23 [ 4.7456e-76 1.4191e-31 4.2889e-30 2.7309e-25 1.8741e-23 ] 0.0000e+00 [ 0.0000e+00 ] 1.0000e+00
 2.335e+01 1.4559e-23 1.4559e-23 [ 1.5170e-76 1.1471e-31 3.4618e-30 2.1197e-25 1.4347e-23 ] 0.0000e+00 [ 0.0000e+00 ] 1.0000e+00
 2.346e+01 1.1146e-23 1.1146e-23 [ 4.8429e-77 9.2731e-32 2.7945e-30 1.6470e-25 1.0982e-23 ] 0.0000e+00 [ 0.0000e+00 ] 1.0000e+00
 2.357e+01 8.5334e-24 8.5334e-24 [ 1.5440e-77 7.4971e-32 2.2561e-30 1.2810e-25 8.4053e-24 ] 0.0000e+00 [ 0.0000e+00 ] 1.0000e+00
 2.369e+01 6.5330e-24 6.5330e-24 [ 4.9163e-78 6.0617e-32 1.8216e-30 9.9739e-26 6.4333e-24 ] 0.0000e+00 [ 0.0000e+00 ] 1.0000e+00
 2.380e+01 5.0017e-24 5.0017e-24 [ 1.5633e-78 4.9015e-32 1.4710e-30 7.7735e-26 4.9239e-24 ] 0.0000e+00 [ 0.0000e+00 ] 1.0000e+00
 2.391e+01 3.8295e-24 3.8295e-24 [ 4.9650e-79 3.9637e-32 1.1880e-30 6.0647e-26 3.7689e-24 ] 0.0000e+00 [ 0.0000e+00 ] 1.0000e+00
 2.403e+01 2.9324e-24 2.9324e-24 [ 1.5749e-79 3.2056e-32 9.5948e-31 4.7363e-26 2.8850e-24 ] 0.0000e+00 [ 0.0000e+00 ] 1.0000e+00
 2.414e+01 2.2457e-24 2.2457e-24 [ 4.9890e-80 2.5926e-32 7.7503e-31 3.7026e-26 2.2087e-24 ] 0.0000e+00 [ 0.0000e+00 ] 1.0000e+00
 2.425e+01 1.7201e-24 1.7201e-24 [ 1.5785e-80 2.0970e-32 6.2610e-31 2.8974e-26 1.6911e-24 ] 0.0000e+00 [ 0.0000e+00 ] 1.0000e+00
 2.437e+01 1.3178e-24 1.3178e-24 [ 4.9882e-81 1.6963e-32 5.0583e-31 2.2695e-26 1.2951e-24 ] 0.0000e+00 [ 0.0000e+00 ] 1.0000e+00
 2.448e+01 1.0099e-24 1.0099e-24 [ 1.5744e-81 1.3723e-32 4.0871e-31 1.7793e-26 9.9209e-25 ] 0.0000e+00 [ 0.0000e+00 ] 1.0000e+00
 2.459e+01 7.7413e-25 7.7413e-25 [ 4.9630e-82 1.1102e-32 3.3026e-31 1.3964e-26 7.6016e-25 ] 0.0000e+00 [ 0.0000e+00 ] 1.0000e+00
 2.471e+01 5.9360e-25 5.9360e-25 [ 1.5627e-82 8.9821e-33 2.6690e-31 1.0969e-26 5.8263e-25 ] 0.0000e+00 [ 0.0000e+00 ] 1.0000e+00
 2.482e+01 4.5535e-25 4.5535e-25 [ 4.9144e-83 7.2676e-33 2.1571e-31 8.6239e-27 4.4672e-25 ] 0.0000e+00 [ 0.0000e+00 ] 1.0000e+00
 2.493e+01 3.4944e-25 3.4944e-25 [ 1.5437e-83 5.8808e-33 1.7436e-31 6.7863e-27 3.4265e-25 ] 0.0000e+00 [ 0.0000e+00 ] 1.0000e+00
 2.505e+01 2.6828e-25 2.6828e-25 [ 4.8434e-84 4.7589e-33 1.4094e-31 5.3449e-27 2.6294e-25 ] 0.0000e+00 [ 0.0000e+00 ] 1.0000e+00
 2.516e+01 2.0607e-25 2.0607e-25 [ 1.5179e-84 3.8513e-33 1.1394e-31 4.2133e-27 2.0186e-25 ] 0.0000e+00 [ 0.0000e+00 ] 1.0000e+00
 2.527e+01 1.5838e-25 1.5838e-25 [ 4.7514e-85 3.1169e-33 9.2117e-32 3.3239e-27 1.5505e-25 ] 0.0000e+00 [ 0.0000e+00 ] 1.0000e+00
 2.539e+01 1.2179e-25 1.2179e-25 [ 1.4856e-85 2.5228e-33 7.4481e-32 2.6244e-27 1.1916e-25 ] 0.0000e+00 [ 0.0000e+00 ] 1.0000e+00
 2.550e+01 9.3710e-26 9.3710e-26 [ 4.6400e-86 2.0420e-33 6.0227e-32 2.0738e-27 9.1636e-26 ] 0.0000e+00 [ 0.0000e+00 ] 1.0000e+00
 2.561e+01 7.2151e-26 7.2151e-26 [ 1.4476e-86 1.6529e-33 4.8704e-32 1.6399e-27 7.0511e-26 ] 0.0000e+00 [ 0.0000e+00 ] 1.0000e+00
 2.573e+01 5.5590e-26 5.5590e-26 [ 4.5110e-87 1.3381e-33 3.9388e-32 1.2977e-27 5.4293e-26 ] 0.0000e+00 [ 0.0000e+00 ] 1.0000e+00
 2.584e+01 4.2861e-26 4.2861e-26 [ 1.4042e-87 1.0832e-33 3.1857e-32 1.0277e-27 4.1834e-26 ] 0.0000e+00 [ 0.0000e+00 ] 1.0000e+00
 2.595e+01 3.3072e-26 3.3072e-26 [ 4.3664e-88 8.7698e-34 2.5768e-32 8.1441e-28 3.2257e-26 ] 0.0000e+00 [ 0.0000e+00 ] 1.0000e+00
 2.607e+01 2.5538e-26 2.5538e-26 [ 1.3562e-88 7.1004e-34 2.0844e-32 6.4583e-28 2.4892e-26 ] 0.0000e+00 [ 0.0000e+00 ] 1.0000e+00
 2.618e+01 1.9736e-26 1.9736e-26 [ 4.2082e-89 5.7490e-34 1.6862e-32 5.1247e-28 1.9224e-26 ] 0.0000e+00 [ 0.0000e+00 ] 1.0000e+00
 2.629e+01 1.5265e-26 1.5265e-26 [ 1.3043e-89 4.6551e-34 1.3642e-32 4.0691e-28 1.4858e-26 ] 0.0000e+00 [ 0.0000e+00 ] 1.0000e+00
 2.641e+01 1.1817e-26 1.1817e-26 [ 4.0385e-90 3.7695e-34 1.1037e-32 3.2329e-28 1.1494e-26 ] 0.0000e+00 [ 0.0000e+00 ] 1.0000e+00
 2.652e+01 9.1561e-27 9.1561e-27 [ 1.2491e-90 3.0526e-34 8.9303e-33 2.5700e-28 8.8991e-27 ] 0.0000e+00 [ 0.0000e+00 ] 1.0000e+00
 2.663e+01 7.1006e-27 7.1006e-27 [ 3.8596e-91 2.4721e-34 7.2262e-33 2.0442e-28 6.8962e-27 ] 0.0000e+00 [ 0.0000e+00 ] 1.0000e+00
 2.675e+01 5.5117e-27 5.5117e-27 [ 1.1913e-91 2.0021e-34 5.8477e-33 1.6269e-28 5.3490e-27 ] 0.0000e+00 [ 0.0000e+00 ] 1.0000e+00
 2.686e+01 4.2823e-27 4.2823e-27 [ 3.6735e-92 1.6215e-34 4.7324e-33 1.2954e-28 4.1527e-27 ] 0.0000e+00 [ 0.0000e+00 ] 1.0000e+00
 2.697e+01 3.3302e-27 3.3302e-27 [ 1.1316e-92 1.3133e-34 3.8300e-33 1.0321e-28 3.2270e-27 ] 0.0000e+00 [ 0.0000e+00 ] 1.0000e+00
 2.709e+01 2.5923e-27 2.5923e-27 [ 3.4824e-93 1.0638e-34 3.0999e-33 8.2263e-29 2.5101e-27 ] 0.0000e+00 [ 0.0000e+00 ] 1.0000e+00
 2.720e+01 2.0199e-27 2.0199e-27 [ 1.0706e-93 8.6168e-35 2.5092e-33 6.5601e-29 1.9543e-27 ] 0.0000e+00 [ 0.0000e+00 ] 1.0000e+00
 2.731e+01 1.5754e-27 1.5754e-27 [ 3.2881e-94 6.9800e-35 2.0311e-33 5.2339e-29 1.5230e-27 ] 0.0000e+00 [ 0.0000e+00 ] 1.0000e+00
 2.743e+01 1.2299e-27 1.2299e-27 [ 1.0089e-94 5.6544e-35 1.6442e-33 4.1776e-29 1.1881e-27 ] 0.0000e+00 [ 0.0000e+00 ] 1.0000e+00
 2.754e+01 9.6105e-28 9.6105e-28 [ 3.0925e-95 4.5807e-35 1.3310e-33 3.3360e-29 9.2769e-28 ] 0.0000e+00 [ 0.0000e+00 ] 1.0000e+00
 2.765e+01 7.5173e-28 7.5173e-28 [ 9.4705e-96 3.7110e-35 1.0776e-33 2.6650e-29 7.2508e-28 ] 0.0000e+00 [ 0.0000e+00 ] 1.0000e+00
 2.777e+01 5.8856e-28 5.8856e-28 [ 2.8975e-96 3.0066e-35 8.7248e-34 2.1299e-29 5.6726e-28 ] 0.0000e+00 [ 0.0000e+00 ] 1.0000e+00
 2.788e+01 4.6125e-28 4.6125e-28 [ 8.8564e-97 2.4360e-35 7.0643e-34 1.7029e-29 4.4422e-28 ] 0.0000e+00 [ 0.0000e+00 ] 1.0000e+00
 2.799e+01 3.6181e-28 3.6181e-28 [ 2.7045e-97 1.9737e-35 5.7201e-34 1.3620e-29 3.4819e-28 ] 0.0000e+00 [ 0.0000e+00 ] 1.0000e+00
 2.811e+01 2.8408e-28 2.8408e-28 [ 8.2511e-98 1.5992e-35 4.6319e-34 1.0898e-29 2.7318e-28 ] 0.0000e+00 [ 0.0000e+00 ] 1.0000e+00
 2.822e+01 2.2325e-28 2.2325e-28 [ 2.5150e-98 1.2958e-35 3.7509e-34 8.7224e-30 2.1453e-28 ] 0.0000e+00 [ 0.0000e+00 ] 1.0000e+00
 2.833e+01 1.7561e-28 1.7561e-28 [ 7.6590e-99 1.0500e-35 3.0376e-34 6.9839e-30 1.6862e-28 ] 0.0000e+00 [ 0.0000e+00 ] 1.0000e+00
 2.845e+01 1.3825e-28 1.3825e-28 [ 2.3303e-99 8.5090e-36 2.4601e-34 5.5937e-30 1.3266e-28 ] 0.0000e+00 [ 0.0000e+00 ] 1.0000e+00
 2.856e+01 1.0894e-28 1.0894e-28 [ 7.0836e-100 6.8955e-36 1.9924e-34 4.4817e-30 1.0446e-28 ] 0.0000e+00 [ 0.0000e+00 ] 1.0000e+00
 2.867e+01 8.5915e-29 8.5915e-29 [ 2.1514e-100 5.5881e-36 1.6138e-34 3.5920e-30 8.2323e-29 ] 0.0000e+00 [ 0.0000e+00 ] 1.0000e+00
 2.879e+01 6.7813e-29 6.7813e-29 [ 6.5281e-101 4.5287e-36 1.3071e-34 2.8797e-30 6.4933e-29 ] 0.0000e+00 [ 0.0000e+00 ] 1.0000e+00
 2.890e+01 5.3568e-29 5.3568e-29 [ 1.9792e-101 3.6703e-36 1.0588e-34 2.3094e-30 5.1259e-29 ] 0.0000e+00 [ 0.0000e+00 ] 1.0000e+00
 2.901e+01 4.2350e-29 4.2350e-29 [ 5.9951e-102 2.9747e-36 8.5767e-35 1.8525e-30 4.0497e-29 ] 0.0000e+00 [ 0.0000e+00 ] 1.0000e+00
 2.913e+01 3.3506e-29 3.3506e-29 [ 1.8144e-102 2.4110e-36 6.9478e-35 1.4865e-30 3.2020e-29 ] 0.0000e+00 [ 0.0000e+00 ] 1.0000e+00
 2.924e+01 2.6529e-29 2.6529e-29 [ 5.4866e-103 1.9542e-36 5.6285e-35 1.1931e-30 2.5336e-29 ] 0.0000e+00 [ 0.0000e+00 ] 1.0000e+00
 2.935e+01 2.1021e-29 2.1021e-29 [ 1.6577e-103 1.5839e-36 4.5599e-35 9.5787e-31 2.0063e-29 ] 0.0000e+00 [ 0.0000e+00 ] 1.0000e+00
 2.947e+01 1.6667e-29 1.6667e-29 [ 5.0042e-104 1.2839e-36 3.6943e-35 7.6921e-31 1.5898e-29 ] 0.0000e+00 [ 0.0000e+00 ] 1.0000e+00
 2.958e+01 1.3225e-29 1.3225e-29 [ 1.5094e-104 1.0407e-36 2.9931e-35 6.1787e-31 1.2607e-29 ] 0.0000e+00 [ 0.0000e+00 ] 1.0000e+00
 2.969e+01 1.0500e-29 1.0500e-29 [ 4.5489e-105 8.4360e-37 2.4251e-35 4.9642e-31 1.0004e-29 ] 0.0000e+00 [ 0.0000e+00 ] 1.0000e+00
 2.981e+01 8.3426e-30 8.3426e-30 [ 1.3698e-105 6.8385e-37 1.9650e-35 3.9894e-31 7.9436e-30 ] 0.0000e+00 [ 0.0000e+00 ] 1.0000e+00
 2.992e+01 6.6323e-30 6.6323e-30 [ 4.1214e-106 5.5436e-37 1.5922e-35 3.2068e-31 6.3116e-30 ] 0.0000e+00 [ 0.0000e+00 ] 1.0000e+00
 3.003e+01 5.2758e-30 5.2758e-30 [ 1.2390e-106 4.4940e-37 1.2902e-35 2.5782e-31 5.0180e-30 ] 0.0000e+00 [ 0.0000e+00 ] 1.0000e+00
 3.015e+01 4.1992e-30 4.1992e-30 [ 3.7220e-107 3.6433e-37 1.0455e-35 2.0734e-31 3.9919e-30 ] 0.0000e+00 [ 0.0000e+00 ] 1.0000e+00
 3.026e+01 3.3442e-30 3.3442e-30 [ 1.1172e-107 2.9536e-37 8.4726e-36 1.6677e-31 3.1774e-30 ] 0.0000e+00 [ 0.0000e+00 ] 1.0000e+00
 3.037e+01 2.6647e-30 2.6647e-30 [ 3.3506e-108 2.3946e-37 6.8662e-36 1.3417e-31 2.5305e-30 ] 0.0000e+00 [ 0.0000e+00 ] 1.0000e+00
 3.049e+01 2.1244e-30 2.1244e-30 [ 1.0041e-108 1.9414e-37 5.5645e-36 1.0796e-31 2.0165e-30 ] 0.0000e+00 [ 0.0000e+00 ] 1.0000e+00
 3.060e+01 1.6945e-30 1.6945e-30 [ 3.0067e-109 1.5740e-37 4.5098e-36 8.6892e-32 1.6076e-30 ] 0.0000e+00 [ 0.0000e+00 ] 1.0000e+00
 3.071e+01 1.3523e-30 1.3523e-30 [ 8.9964e-110 1.2762e-37 3.6551e-36 6.9947e-32 1.2823e-30 ] 0.0000e+00 [ 0.0000e+00 ] 1.0000e+00
 3.083e+01 1.0797e-30 1.0797e-30 [ 2.6898e-110 1.0347e-37 2.9624e-36 5.6317e-32 1.0234e-30 ] 0.0000e+00 [ 0.0000e+00 ] 1.0000e+00
 3.094e+01 8.6244e-31 8.6244e-31 [ 8.0357e-111 8.3896e-38 2.4011e-36 4.5351e-32 8.1708e-31 ] 0.0000e+00 [ 0.0000e+00 ] 1.0000e+00
 3.105e+01 6.8920e-31 6.8920e-31 [ 2.3989e-111 6.8025e-38 1.9462e-36 3.6527e-32 6.5267e-31 ] 0.0000e+00 [ 0.0000e+00 ] 1.0000e+00
 3.117e+01 5.5100e-31 5.5100e-31 [ 7.1559e-112 5.5158e-38 1.5775e-36 2.9425e-32 5.2157e-31 ] 0.0000e+00 [ 0.0000e+00 ] 1.0000e+00
 3.128e+01 4.4069e-31 4.4069e-31 [ 2.1330e-112 4.4725e-38 1.2787e-36 2.3707e-32 4.1698e-31 ] 0.0000e+00 [ 0.0000e+00 ] 1.0000e+00
 3.139e+01 3.5260e-31 3.5260e-31 [ 6.3535e-113 3.6266e-38 1.0366e-36 1.9104e-32 3.3350e-31 ] 0.0000e+00 [ 0.0000e+00 ] 1.0000e+00
 3.151e+01 2.8223e-31 2.8223e-31 [ 1.8911e-113 2.9408e-38 8.4026e-37 1.5397e-32 2.6684e-31 ] 0.0000e+00 [ 0.0000e+00 ] 1.0000e+00
 3.162e+01 2.2599e-31 2.2599e-31 [ 5.6245e-114 2.3847e-38 6.8116e-37 1.2412e-32 2.1358e-31 ] 0.0000e+00 [ 0.0000e+00 ] 1.0000e+00
 3.173e+01 1.8102e-31 1.8102e-31 [ 1.6716e-114 1.9337e-38 5.5220e-37 1.0006e-32 1.7101e-31 ] 0.0000e+00 [ 0.0000e+00 ] 1.0000e+00
 3.185e+01 1.4505e-31 1.4505e-31 [ 4.9648e-115 1.5681e-38 4.4766e-37 8.0684e-33 1.3698e-31 ] 0.0000e+00 [ 0.0000e+00 ] 1.0000e+00
 3.196e+01 1.1627e-31 1.1627e-31 [ 1.4735e-115 1.2716e-38 3.6293e-37 6.5067e-33 1.0976e-31 ] 0.0000e+00 [ 0.0000e+00 ] 1.0000e+00
 3.207e+01 9.3225e-32 9.3225e-32 [ 4.3700e-116 1.0312e-38 2.9424e-37 5.2481e-33 8.7977e-32 ] 0.0000e+00 [ 0.0000e+00 ] 1.0000e+00
 3.219e+01 7.4773e-32 7.4773e-32 [ 1.2952e-116 8.3628e-39 2.3855e-37 4.2335e-33 7.0539e-32 ] 0.0000e+00 [ 0.0000e+00 ] 1.0000e+00
 3.230e+01 5.9991e-32 5.9991e-32 [ 3.8359e-117 6.7820e-39 1.9341e-37 3.4155e-33 5.6576e-32 ] 0.0000e+00 [ 0.0000e+00 ] 1.0000e+00
 3.241e+01 4.8146e-32 4.8146e-32 [ 1.1353e-117 5.5000e-39 1.5681e-37 2.7559e-33 4.5390e-32 ] 0.0000e+00 [ 0.0000e+00 ] 1.0000e+00
 3.253e+01 3.8651e-32 3.8651e-32 [ 3.3579e-118 4.4604e-39 1.2715e-37 2.2240e-33 3.6427e-32 ] 0.0000e+00 [ 0.0000e+00 ] 1.0000e+00
 3.264e+01 3.1036e-32 3.1036e-32 [ 9.9252e-119 3.6174e-39 1.0309e-37 1.7950e-33 2.9241e-32 ] 0.0000e+00 [ 0.0000e+00 ] 1.0000e+00
 3.275e+01 2.4929e-32 2.4929e-32 [ 2.9317e-119 2.9337e-39 8.3591e-38 1.4489e-33 2.3480e-32 ] 0.0000e+00 [ 0.0000e+00 ] 1.0000e+00
 3.287e+01 2.0028e-32 2.0028e-32 [ 8.6545e-120 2.3793e-39 6.7780e-38 1.1697e-33 1.8859e-32 ] 0.0000e+00 [ 0.0000e+00 ] 1.0000e+00
 3.298e+01 1.6095e-32 1.6095e-32 [ 2.5532e-120 1.9296e-39 5.4961e-38 9.4436e-34 1.5151e-32 ] 0.0000e+00 [ 0.0000e+00 ] 1.0000e+00
 3.309e+01 1.2938e-32 1.2938e-32 [ 7.5278e-121 1.5650e-39 4.4567e-38 7.6255e-34 1.2175e-32 ] 0.0000e+00 [ 0.0000e+00 ] 1.0000e+00
 3.321e+01 1.0402e-32 1.0402e-32 [ 2.2182e-121 1.2693e-39 3.6139e-38 6.1581e-34 9.7862e-33 ] 0.0000e+00 [ 0.0000e+00 ] 1.0000e+00
 3.332e+01 8.3653e-33 8.3653e-33 [ 6.5325e-122 1.0294e-39 2.9306e-38 4.9736e-34 7.8679e-33 ] 0.0000e+00 [ 0.0000e+00 ] 1.0000e+00
 3.343e+01 6.7288e-33 6.7288e-33 [ 1.9228e-122 8.3489e-40 2.3765e-38 4.0174e-34 6.3271e-33 ] 0.0000e+00 [ 0.0000e+00 ] 1.0000e+00
 3.355e+01 5.4137e-33 5.4137e-33 [ 5.6568e-123 6.7714e-40 1.9272e-38 3.2453e-34 5.0891e-33 ] 0.0000e+00 [ 0.0000e+00 ] 1.0000e+00
 3.366e+01 4.3565e-33 4.3565e-33 [ 1.6634e-123 5.4919e-40 1.5629e-38 2.6219e-34 4.0942e-33 ] 0.0000e+00 [ 0.0000e+00 ] 1.0000e+00
 3.377e+01 3.5064e-33 3.5064e-33 [ 4.8894e-124 4.4542e-40 1.2674e-38 2.1185e-34 3.2946e-33 ] 0.0000e+00 [ 0.0000e+00 ] 1.0000e+00
 3.389e+01 2.8228e-33 2.8228e-33 [ 1.4367e-124 3.6126e-40 1.0279e-38 1.7118e-34 2.6516e-33 ] 0.0000e+00 [ 0.0000e+00 ] 1.0000e+00
 3.400e+01 2.2729e-33 2.2729e-33 [ 4.2201e-125 2.9301e-40 8.3359e-39 1.3834e-34 2.1346e-33 ] 0.0000e+00 [ 0.0000e+00 ] 1.0000e+00
 3.411e+01 1.8305e-33 1.8305e-33 [ 1.2394e-125 2.3764e-40 6.7605e-39 1.1181e-34 1.7187e-33 ] 0.0000e+00 [ 0.0000e+00 ] 1.0000e+00
 3.423e+01 1.4744e-33 1.4744e-33 [ 3.6395e-126 1.9274e-40 5.4829e-39 9.0374e-35 1.3841e-33 ] 0.0000e+00 [ 0.0000e+00 ] 1.0000e+00
 3.434e+01 1.1879e-33 1.1879e-33 [ 1.0687e-126 1.5633e-40 4.4468e-39 7.3055e-35 1.1148e-33 ] 0.0000e+00 [ 0.0000e+00 ] 1.0000e+00
 3.445e+01 9.5714e-34 9.5714e-34 [ 3.1389e-127 1.2679e-40 3.6065e-39 5.9060e-35 8.9808e-34 ] 0.0000e+00 [ 0.0000e+00 ] 1.0000e+00
 3.457e+01 7.7137e-34 7.7137e-34 [ 9.2219e-128 1.0283e-40 2.9251e-39 4.7750e-35 7.2362e-34 ] 0.0000e+00 [ 0.0000e+00 ] 1.0000e+00
 3.468e+01 6.2176e-34 6.2176e-34 [ 2.7108e-128 8.3404e-41 2.3724e-39 3.8609e-35 5.8314e-34 ] 0.0000e+00 [ 0.0000e+00 ] 1.0000e+00
 3.479e+01 5.0124e-34 5.0124e-34 [ 7.9750e-129 6.7644e-41 1.9242e-39 3.1220e-35 4.7002e-34 ] 0.0000e+00 [ 0.0000e+00 ] 1.0000e+00
 3.491e+01 4.0415e-34 4.0415e-34 [ 2.3487e-129 5.4863e-41 1.5607e-39 2.5248e-35 3.7890e-34 ] 0.0000e+00 [ 0.0000e+00 ] 1.0000e+00
 3.502e+01 3.2591e-34 3.2591e-34 [ 6.9275e-130 4.4496e-41 1.2658e-39 2.0419e-35 3.0549e-34 ] 0.0000e+00 [ 0.0000e+00 ] 1.0000e+00
 3.513e+01 2.6286e-34 2.6286e-34 [ 2.0471e-130 3.6088e-41 1.0267e-39 1.6515e-35 2.4634e-34 ] 0.0000e+00 [ 0.0000e+00 ] 1.0000e+00
 3.525e+01 2.1203e-34 2.1203e-34 [ 6.0637e-131 2.9268e-41 8.3278e-40 1.3359e-35 1.9867e-34 ] 0.0000e+00 [ 0.0000e+00 ] 1.0000e+00
 3.536e+01 1.7106e-34 1.7106e-34 [ 1.8015e-131 2.3737e-41 6.7548e-40 1.0807e-35 1.6025e-34 ] 0.0000e+00 [ 0.0000e+00 ] 1.0000e+00
 3.547e+01 1.3802e-34 1.3802e-34 [ 5.3713e-132 1.9251e-41 5.4790e-40 8.7425e-36 1.2928e-34 ] 0.0000e+00 [ 0.0000e+00 ] 1.0000e+00
 3.559e+01 1.1138e-34 1.1138e-34 [ 1.6085e-132 1.5612e-41 4.4442e-40 7.0731e-36 1.0431e-34 ] 0.0000e+00 [ 0.0000e+00 ] 1.0000e+00
 3.570e+01 8.9895e-35 8.9895e-35 [ 4.8418e-133 1.2661e-41 3.6048e-40 5.7229e-36 8.4172e-35 ] 0.0000e+00 [ 0.0000e+00 ] 1.0000e+00
 3.581e+01 7.2562e-35 7.2562e-35 [ 1.4662e-133 1.0268e-41 2.9240e-40 4.6307e-36 6.7931e-35 ] 0.0000e+00 [ 0.0000e+00 ] 1.0000e+00
 3.593e+01 5.8578e-35 5.8578e-35 [ 4.4708e-134 8.3271e-42 2.3718e-40 3.7472e-36 5.4831e-35 ] 0.0000e+00 [ 0.0000e+00 ] 1.0000e+00
 3.604e+01 4.7295e-35 4.7295e-35 [ 1.3739e-134 6.7528e-42 1.9239e-40 3.0325e-36 4.4262e-35 ] 0.0000e+00 [ 0.0000e+00 ] 1.0000e+00
 3.615e+01 3.8189e-35 3.8189e-35 [ 4.2583e-135 5.4761e-42 1.5606e-40 2.4542e-36 3.5735e-35 ] 0.0000e+00 [ 0.0000e+00 ] 1.0000e+00
 3.627e+01 3.0840e-35 3.0840e-35 [ 1.3322e-135 4.4407e-42 1.2659e-40 1.9864e-36 2.8854e-35 ] 0.0000e+00 [ 0.0000e+00 ] 1.0000e+00
 3.638e+01 2.4909e-35 2.4909e-35 [ 4.2092e-136 3.6009e-42 1.0269e-40 1.6078e-36 2.3301e-35 ] 0.0000e+00 [ 0.0000e+00 ] 1.0000e+00
 3.649e+01 2.0120e-35 2.0120e-35 [ 1.3436e-136 2.9199e-42 8.3296e-41 1.3014e-36 1.8818e-35 ] 0.0000e+00 [ 0.0000e+00 ] 1.0000e+00
 3.661e+01 1.6253e-35 1.6253e-35 [ 4.3340e-137 2.3676e-42 6.7568e-41 1.0535e-36 1.5200e-35 ] 0.0000e+00 [ 0.0000e+00 ] 1.0000e+00
 3.672e+01 1.3131e-35 1.3131e-35 [ 1.4125e-137 1.9198e-42 5.4810e-41 8.5287e-37 1.2278e-35 ] 0.0000e+00 [ 0.0000e+00 ] 1.0000e+00
 3.683e+01 1.0610e-35 1.0610e-35 [ 4.6498e-138 1.5566e-42 4.4460e-41 6.9047e-37 9.9195e-36 ] 0.0000e+00 [ 0.0000e+00 ] 1.0000e+00
 3.695e+01 8.5737e-36 8.5737e-36 [ 1.5453e-138 1.2620e-42 3.6066e-41 5.5903e-37 8.0147e-36 ] 0.0000e+00 [ 0.0000e+00 ] 1.0000e+00
 3.706e+01 6.9289e-36 6.9289e-36 [ 5.1808e-139 1.0232e-42 2.9256e-41 4.5264e-37 6.4762e-36 ] 0.0000e+00 [ 0.0000e+00 ] 1.0000e+00
 3.717e+01 5.6001e-36 5.6001e-36 [ 1.7509e-139 8.2955e-43 2.3732e-41 3.6651e-37 5.2336e-36 ] 0.0000e+00 [ 0.0000e+00 ] 1.0000e+00
 3.729e+01 4.5266e-36 4.5266e-36 [ 5.9601e-140 6.7252e-43 1.9251e-41 2.9678e-37 4.2298e-36 ] 0.0000e+00 [ 0.0000e+00 ] 1.0000e+00
 3.740e+01 3.6592e-36 3.6592e-36 [ 2.0416e-140 5.4519e-43 1.5616e-41 2.4033e-37 3.4189e-36 ] 0.0000e+00 [ 0.0000e+00 ] 1.0000e+00
 3.751e+01 2.9583e-36 2.9583e-36 [ 7.0311e-141 4.4196e-43 1.2667e-41 1.9463e-37 2.7636e-36 ] 0.0000e+00 [ 0.0000e+00 ] 1.0000e+00
 3.763e+01 2.3918e-36 2.3918e-36 [ 2.4327e-141 3.5825e-43 1.0275e-41 1.5763e-37 2.2342e-36 ] 0.0000e+00 [ 0.0000e+00 ] 1.0000e+00
 3.774e+01 1.9340e-36 1.9340e-36 [ 8.4494e-142 2.9039e-43 8.3352e-42 1.2766e-37 1.8063e-36 ] 0.0000e+00 [ 0.0000e+00 ] 1.0000e+00
 3.785e+01 1.5639e-36 1.5639e-36 [ 2.9441e-142 2.3537e-43 6.7613e-42 1.0340e-37 1.4605e-36 ] 0.0000e+00 [ 0.0000e+00 ] 1.0000e+00
 3.797e+01 1.2648e-36 1.2648e-36 [ 1.0285e-142 1.9076e-43 5.4846e-42 8.3753e-38 1.1810e-36 ] 0.0000e+00 [ 0.0000e+00 ] 1.0000e+00
 3.808e+01 1.0229e-36 1.0229e-36 [ 3.6005e-143 1.5460e-43 4.4489e-42 6.7842e-38 9.5507e-37 ] 0.0000e+00 [ 0.0000e+00 ] 1.0000e+00
 3.819e+01 8.2738e-37 8.2738e-37 [ 1.2625e-143 1.2529e-43 3.6088e-42 5.4955e-38 7.7242e-37 ] 0.0000e+00 [ 0.0000e+00 ] 1.0000e+00
 3.831e+01 6.6927e-37 6.6927e-37 [ 4.4328e-144 1.0153e-43 2.9273e-42 4.4519e-38 6.2474e-37 ] 0.0000e+00 [ 0.0000e+00 ] 1.0000e+00
 3.842e+01 5.4141e-37 5.4141e-37 [ 1.5579e-144 8.2273e-44 2.3744e-42 3.6065e-38 5.0534e-37 ] 0.0000e+00 [ 0.0000e+00 ] 1.0000e+00
 3.853e+01 4.3801e-37 4.3801e-37 [ 5.4790e-145 6.6663e-44 1.9260e-42 2.9218e-38 4.0879e-37 ] 0.0000e+00 [ 0.0000e+00 ] 1.0000e+00
 3.865e+01 3.5438e-37 3.5438e-37 [ 1.9279e-145 5.4011e-44 1.5622e-42 2.3672e-38 3.3071e-37 ] 0.0000e+00 [ 0.0000e+00 ] 1.0000e+00
 3.876e+01 2.8674e-37 2.8674e-37 [ 6.7858e-146 4.3758e-44 1.2672e-42 1.9179e-38 2.6756e-37 ] 0.0000e+00 [ 0.0000e+00 ] 1.0000e+00
 3.887e+01 2.3202e-37 2.3202e-37 [ 2.3889e-146 3.5448e-44 1.0278e-42 1.5540e-38 2.1648e-37 ] 0.0000e+00 [ 0.0000e+00 ] 1.0000e+00
 3.899e+01 1.8776e-37 1.8776e-37 [ 8.4102e-147 2.8715e-44 8.3365e-43 1.2592e-38 1.7517e-37 ] 0.0000e+00 [ 0.0000e+00 ] 1.0000e+00
 3.910e+01 1.5195e-37 1.5195e-37 [ 2.9608e-147 2.3259e-44 6.7616e-43 1.0203e-38 1.4175e-37 ] 0.0000e+00 [ 0.0000e+00 ] 1.0000e+00
 3.921e+01 1.2298e-37 1.2298e-37 [ 1.0422e-147 1.8838e-44 5.4841e-43 8.2677e-39 1.1471e-37 ] 0.0000e+00 [ 0.0000e+00 ] 1.0000e+00
 3.933e+01 9.9539e-38 9.9539e-38 [ 3.6678e-148 1.5256e-44 4.4480e-43 6.6998e-39 9.2839e-38 ] 0.0000e+00 [ 0.0000e+00 ] 1.0000e+00
 3.944e+01 8.0570e-38 8.0570e-38 [ 1.2905e-148 1.2354e-44 3.6075e-43 5.4294e-39 7.5141e-38 ] 0.0000e+00 [ 0.0000e+00 ] 1.0000e+00
 3.955e+01 6.5220e-38 6.5220e-38 [ 4.5394e-149 1.0004e-44 2.9258e-43 4.4000e-39 6.0820e-38 ] 0.0000e+00 [ 0.0000e+00 ] 1.0000e+00
 3.967e+01 5.2798e-38 5.2798e-38 [ 1.5962e-149 8.0995e-45 2.3728e-43 3.5659e-39 4.9231e-38 ] 0.0000e+00 [ 0.0000e+00 ] 1.0000e+00
 3.978e+01 4.2743e-38 4.2743e-38 [ 5.6111e-150 6.5572e-45 1.9243e-43 2.8900e-39 3.9853e-38 ] 0.0000e+00 [ 0.0000e+00 ] 1.0000e+00
 3.989e+01 3.4606e-38 3.4606e-38 [ 1.9717e-150 5.3081e-45 1.5606e-43 2.3423e-39 3.2263e-38 ] 0.0000e+00 [ 0.0000e+00 ] 1.0000e+00
 4.001e+01 2.8019e-38 2.8019e-38 [ 6.9258e-151 4.2965e-45 1.2656e-43 1.8985e-39 2.6120e-38 ] 0.0000e+00 [ 0.0000e+00 ] 1.0000e+00
 4.012e+01 2.2687e-38 2.2687e-38 [ 2.4318e-151 3.4774e-45 1.0263e-43 1.5388e-39 2.1148e-38 ] 0.0000e+00 [ 0.0000e+00 ] 1.0000e+00
 4.023e+01 1.8370e-38 1.8370e-38 [ 8.5351e-152 2.8141e-45 8.3221e-44 1.2472e-39 1.7123e-38 ] 0.0000e+00 [ 0.0000e+00 ] 1.0000e+00
 4.035e+01 1.4876e-38 1.4876e-38 [ 2.9944e-152 2.2771e-45 6.7482e-44 1.0110e-39 1.3865e-38 ] 0.0000e+00 [ 0.0000e+00 ] 1.0000e+00
 4.046e+01 1.2047e-38 1.2047e-38 [ 1.0501e-152 1.8424e-45 5.4718e-44 8.1951e-40 1.1227e-38 ] 0.0000e+00 [ 0.0000e+00 ] 1.0000e+00
 4.057e+01 9.7564e-39 9.7564e-39 [ 3.6811e-153 1.4905e-45 4.4367e-44 6.6431e-40 9.0920e-39 ] 0.0000e+00 [ 0.0000e+00 ] 1.0000e+00
 4.069e+01 7.9016e-39 7.9016e-39 [ 1.2898e-153 1.2057e-45 3.5972e-44 5.3851e-40 7.3631e-39 ] 0.0000e+00 [ 0.0000e+00 ] 1.0000e+00
 4.080e+01 6.3998e-39 6.3998e-39 [ 4.5176e-154 9.7516e-46 2.9165e-44 4.3655e-40 5.9632e-39 ] 0.0000e+00 [ 0.0000e+00 ] 1.0000e+00
 4.091e+01 5.1837e-39 5.1837e-39 [ 1.5816e-154 7.8862e-46 2.3645e-44 3.5390e-40 4.8297e-39 ] 0.0000e+00 [ 0.0000e+00 ] 1.0000e+00
 4.103e+01 4.1988e-39 4.1988e-39 [ 5.5348e-155 6.3769e-46 1.9169e-44 2.8691e-40 3.9119e-39 ] 0.0000e+00 [ 0.0000e+00 ] 1.0000e+00
 4.114e+01 3.4012e-39 3.4012e-39 [ 1.9361e-155 5.1557e-46 1.5540e-44 2.3260e-40 3.1686e-39 ] 0.0000e+00 [ 0.0000e+00 ] 1.0000e+00
 4.125e+01 2.7552e-39 2.7552e-39 [ 6.7694e-156 4.1679e-46 1.2597e-44 1.8858e-40 2.5666e-39 ] 0.0000e+00 [ 0.0000e+00 ] 1.0000e+00
 4.137e+01 2.2320e-39 2.2320e-39 [ 2.3659e-156 3.3689e-46 1.0211e-44 1.5289e-40 2.0791e-39 ] 0.0000e+00 [ 0.0000e+00 ] 1.0000e+00
 4.148e+01 1.8082e-39 1.8082e-39 [ 8.2655e-157 2.7226e-46 8.2765e-45 1.2396e-40 1.6843e-39 ] 0.0000e+00 [ 0.0000e+00 ] 1.0000e+00
 4.159e+01 1.4650e-39 1.4650e-39 [ 2.8864e-157 2.2001e-46 6.7082e-45 1.0051e-40 1.3645e-39 ] 0.0000e+00 [ 0.0000e+00 ] 1.0000e+00
 4.171e+01 1.1869e-39 1.1869e-39 [ 1.0075e-157 1.7775e-46 5.4367e-45 8.1492e-41 1.1054e-39 ] 0.0000e+00 [ 0.0000e+00 ] 1.0000e+00
 4.182e+01 9.6169e-40 9.6169e-40 [ 3.5154e-158 1.4359e-46 4.4060e-45 6.6076e-41 8.9561e-40 ] 0.0000e+00 [ 0.0000e+00 ] 1.0000e+00
 4.193e+01 7.7922e-40 7.7922e-40 [ 1.2261e-158 1.1598e-46 3.5705e-45 5.3577e-41 7.2564e-40 ] 0.0000e+00 [ 0.0000e+00 ] 1.0000e+00
 4.205e+01 6.3140e-40 6.3140e-40 [ 4.2743e-159 9.3661e-47 2.8933e-45 4.3444e-41 5.8795e-40 ] 0.0000e+00 [ 0.0000e+00 ] 1.0000e+00
 4.216e+01 5.1163e-40 5.1163e-40 [ 1.4895e-159 7.5626e-47 2.3444e-45 3.5227e-41 4.7640e-40 ] 0.0000e+00 [ 0.0000e+00 ] 1.0000e+00
 4.227e+01 4.1460e-40 4.1460e-40 [ 5.1886e-160 6.1054e-47 1.8995e-45 2.8565e-41 3.8603e-40 ] 0.0000e+00 [ 0.0000e+00 ] 1.0000e+00
 4.239e+01 3.3598e-40 3.3598e-40 [ 1.8067e-160 4.9281e-47 1.5389e-45 2.3164e-41 3.1281e-40 ] 0.0000e+00 [ 0.0000e+00 ] 1.0000e+00
 4.250e+01 2.7228e-40 2.7228e-40 [ 6.2881e-161 3.9772e-47 1.2467e-45 1.8784e-41 2.5349e-40 ] 0.0000e+00 [ 0.0000e+00 ] 1.0000e+00
 4.261e+01 2.2066e-40 2.2066e-40 [ 2.1877e-161 3.2092e-47 1.0099e-45 1.5232e-41 2.0543e-40 ] 0.0000e+00 [ 0.0000e+00 ] 1.0000e+00
 4.273e+01 1.7883e-40 1.7883e-40 [ 7.6084e-162 2.5890e-47 8.1798e-46 1.2353e-41 1.6648e-40 ] 0.0000e+00 [ 0.0000e+00 ] 1.0000e+00
 4.284e+01 1.4494e-40 1.4494e-40 [ 2.6450e-162 2.0884e-47 6.6251e-46 1.0017e-41 1.3492e-40 ] 0.0000e+00 [ 0.0000e+00 ] 1.0000e+00
 4.295e+01 1.1747e-40 1.1747e-40 [ 9.1912e-163 1.6842e-47 5.3654e-46 8.1238e-42 1.0935e-40 ] 0.0000e+00 [ 0.0000e+00 ] 1.0000e+00
 4.307e+01 9.5216e-41 9.5216e-41 [ 3.1927e-163 1.3580e-47 4.3449e-46 6.5883e-42 8.8627e-41 ] 0.0000e+00 [ 0.0000e+00 ] 1.0000e+00
 4.318e+01 7.7177e-41 7.7177e-41 [ 1.1086e-163 1.0947e-47 3.5182e-46 5.3430e-42 7.1834e-41 ] 0.0000e+00 [ 0.0000e+00 ] 1.0000e+00
 4.329e+01 6.2557e-41 6.2557e-41 [ 3.8477e-164 8.8235e-48 2.8485e-46 4.3332e-42 5.8224e-41 ] 0.0000e+00 [ 0.0000e+00 ] 1.0000e+00
 4.341e+01 5.0708e-41 5.0708e-41 [ 1.3350e-164 7.1103e-48 2.3061e-46 3.5143e-42 4.7194e-41 ] 0.0000e+00 [ 0.0000e+00 ] 1.0000e+00
 4.352e+01 4.1105e-41 4.1105e-41 [ 4.6300e-165 5.7286e-48 1.8668e-46 2.8502e-42 3.8254e-41 ] 0.0000e+00 [ 0.0000e+00 ] 1.0000e+00
 4.363e+01 3.3321e-41 3.3321e-41 [ 1.6052e-165 4.6145e-48 1.5111e-46 2.3116e-42 3.1009e-41 ] 0.0000e+00 [ 0.0000e+00 ] 1.0000e+00
 4.375e+01 2.7012e-41 2.7012e-41 [ 5.5628e-166 3.7162e-48 1.2230e-46 1.8748e-42 2.5137e-41 ] 0.0000e+00 [ 0.0000e+00 ] 1.0000e+00
 4.386e+01 2.1898e-41 2.1898e-41 [ 1.9271e-166 2.9922e-48 9.8973e-47 1.5206e-42 2.0377e-41 ] 0.0000e+00 [ 0.0000e+00 ] 1.0000e+00
 4.397e+01 1.7752e-41 1.7752e-41 [ 6.6733e-167 2.4087e-48 8.0088e-47 1.2333e-42 1.6519e-41 ] 0.0000e+00 [ 0.0000e+00 ] 1.0000e+00
 4.409e+01 1.4392e-41 1.4392e-41 [ 2.3101e-167 1.9386e-48 6.4799e-47 1.0003e-42 1.3392e-41 ] 0.0000e+00 [ 0.0000e+00 ] 1.0000e+00
 4.420e+01 1.1668e-41 1.1668e-41 [ 7.9936e-168 1.5599e-48 5.2423e-47 8.1133e-43 1.0857e-41 ] 0.0000e+00 [ 0.0000e+00 ] 1.0000e+00
 4.431e+01 9.4600e-42 9.4600e-42 [ 2.7650e-168 1.2548e-48 4.2406e-47 6.5807e-43 8.8018e-42 ] 0.0000e+00 [ 0.0000e+00 ] 1.0000e+00
 4.443e+01 7.6698e-42 7.6698e-42 [ 9.5608e-169 1.0092e-48 3.4299e-47 5.3376e-43 7.1360e-42 ] 0.0000e+00 [ 0.0000e+00 ] 1.0000e+00
 4.454e+01 6.2186e-42 6.2186e-42 [ 3.3047e-169 8.1151e-49 2.7738e-47 4.3293e-43 5.7856e-42 ] 0.0000e+00 [ 0.0000e+00 ] 1.0000e+00
 4.465e+01 5.0420e-42 5.0420e-42 [ 1.1418e-169 6.5237e-49 2.2430e-47 3.5116e-43 4.6909e-42 ] 0.0000e+00 [ 0.0000e+00 ] 1.0000e+00
 4.477e+01 4.0882e-42 4.0882e-42 [ 3.9439e-170 5.2431e-49 1.8135e-47 2.8483e-43 3.8033e-42 ] 0.0000e+00 [ 0.0000e+00 ] 1.0000e+00
 4.488e+01 3.3148e-42 3.3148e-42 [ 1.3617e-170 4.2129e-49 1.4661e-47 2.3103e-43 3.0838e-42 ] 0.0000e+00 [ 0.0000e+00 ] 1.0000e+00
 4.499e+01 2.6878e-42 2.6878e-42 [ 4.6999e-171 3.3843e-49 1.1851e-47 1.8740e-43 2.5004e-42 ] 0.0000e+00 [ 0.0000e+00 ] 1.0000e+00
 4.511e+01 2.1795e-42 2.1795e-42 [ 1.6216e-171 2.7179e-49 9.5778e-48 1.5201e-43 2.0275e-42 ] 0.0000e+00 [ 0.0000e+00 ] 1.0000e+00
 4.522e+01 1.7673e-42 1.7673e-42 [ 5.5929e-172 2.1822e-49 7.7397e-48 1.2330e-43 1.6440e-42 ] 0.0000e+00 [ 0.0000e+00 ] 1.0000e+00
 4.533e+01 1.4331e-42 1.4331e-42 [ 1.9283e-172 1.7517e-49 6.2536e-48 1.0001e-43 1.3331e-42 ] 0.0000e+00 [ 0.0000e+00 ] 1.0000e+00
 4.545e+01 1.1621e-42 1.1621e-42 [ 6.6461e-173 1.4057e-49 5.0520e-48 8.1126e-44 1.0810e-42 ] 0.0000e+00 [ 0.0000e+00 ] 1.0000e+00
 4.556e+01 9.4238e-43 9.4238e-43 [ 2.2898e-173 1.1278e-49 4.0808e-48 6.5806e-44 8.7657e-43 ] 0.0000e+00 [ 0.0000e+00 ] 1.0000e+00
 4.567e+01 7.6421e-43 7.6421e-43 [ 7.8866e-174 9.0456e-50 3.2957e-48 5.3379e-44 7.1083e-43 ] 0.0000e+00 [ 0.0000e+00 ] 1.0000e+00
 4.579e+01 6.1974e-43 6.1974e-43 [ 2.7154e-174 7.2532e-50 2.6613e-48 4.3299e-44 5.7643e-43 ] 0.0000e+00 [ 0.0000e+00 ] 1.0000e+00
 4.590e+01 5.0258e-43 5.0258e-43 [ 9.3457e-175 5.8145e-50 2.1486e-48 3.5122e-44 4.6746e-43 ] 0.0000e+00 [ 0.0000e+00 ] 1.0000e+00
 4.601e+01 4.0758e-43 4.0758e-43 [ 3.2155e-175 4.6598e-50 1.7345e-48 2.8490e-44 3.7909e-43 ] 0.0000e+00 [ 0.0000e+00 ] 1.0000e+00
 4.613e+01 3.3054e-43 3.3054e-43 [ 1.1060e-175 3.7334e-50 1.3999e-48 2.3110e-44 3.0743e-43 ] 0.0000e+00 [ 0.0000e+00 ] 1.0000e+00
 4.624e+01 2.6807e-43 2.6807e-43 [ 3.8026e-176 2.9903e-50 1.1297e-48 1.8746e-44 2.4932e-43 ] 0.0000e+00 [ 0.0000e+00 ] 1.0000e+00
 4.635e+01 2.1740e-43 2.1740e-43 [ 1.3070e-176 2.3945e-50 9.1149e-49 1.5206e-44 2.0220e-43 ] 0.0000e+00 [ 0.0000e+00 ] 1.0000e+00
 4.647e+01 1.7632e-43 1.7632e-43 [ 4.4907e-177 1.9168e-50 7.3530e-49 1.2335e-44 1.6398e-43 ] 0.0000e+00 [ 0.0000e+00 ] 1.0000e+00
 4.658e+01 1.4300e-43 1.4300e-43 [ 1.5425e-177 1.5340e-50 5.9306e-49 1.0005e-44 1.3299e-43 ] 0.0000e+00 [ 0.0000e+00 ] 1.0000e+00
 4.669e+01 1.1598e-43 1.1598e-43 [ 5.2964e-178 1.2272e-50 4.7825e-49 8.1159e-45 1.0786e-43 ] 0.0000e+00 [ 0.0000e+00 ] 1.0000e+00
 4.681e+01 9.4063e-44 9.4063e-44 [ 1.8180e-178 9.8155e-51 3.8560e-49 6.5833e-45 8.7480e-44 ] 0.0000e+00 [ 0.0000e+00 ] 1.0000e+00
 4.692e+01 7.6290e-44 7.6290e-44 [ 6.2383e-179 7.8482e-51 3.1084e-49 5.3401e-45 7.0950e-44 ] 0.0000e+00 [ 0.0000e+00 ] 1.0000e+00
 4.703e+01 6.1876e-44 6.1876e-44 [ 2.1399e-179 6.2733e-51 2.5052e-49 4.3316e-45 5.7544e-44 ] 0.0000e+00 [ 0.0000e+00 ] 1.0000e+00
 4.715e+01 5.0186e-44 5.0186e-44 [ 7.3381e-180 5.0129e-51 2.0187e-49 3.5136e-45 4.6672e-44 ] 0.0000e+00 [ 0.0000e+00 ] 1.0000e+00
 4.726e+01 4.0705e-44 4.0705e-44 [ 2.5156e-180 4.0045e-51 1.6264e-49 2.8500e-45 3.7855e-44 ] 0.0000e+00 [ 0.0000e+00 ] 1.0000e+00
 4.737e+01 3.3015e-44 3.3015e-44 [ 8.6207e-181 3.1979e-51 1.3101e-49 2.3117e-45 3.0703e-44 ] 0.0000e+00 [ 0.0000e+00 ] 1.0000e+00
 4.749e+01 2.6778e-44 2.6778e-44 [ 2.9533e-181 2.5531e-51 1.0550e-49 1.8751e-45 2.4903e-44 ] 0.0000e+00 [ 0.0000e+00 ] 1.0000e+00
 4.760e+01 2.1720e-44 2.1720e-44 [ 1.0114e-181 2.0376e-51 8.4947e-50 1.5210e-45 2.0199e-44 ] 0.0000e+00 [ 0.0000e+00 ] 1.0000e+00
 4.771e+01 1.7617e-44 1.7617e-44 [ 3.4628e-182 1.6257e-51 6.8382e-50 1.2337e-45 1.6383e-44 ] 0.0000e+00 [ 0.0000e+00 ] 1.0000e+00
 4.783e+01 1.4289e-44 1.4289e-44 [ 1.1852e-182 1.2966e-51 5.5036e-50 1.0007e-45 1.3289e-44 ] 0.0000e+00 [ 0.0000e+00 ] 1.0000e+00
 4.794e+01 1.1590e-44 1.1590e-44 [ 4.0551e-183 1.0338e-51 4.4285e-50 8.1163e-46 1.0779e-44 ] 0.0000e+00 [ 0.0000e+00 ] 1.0000e+00
 4.805e+01 9.4011e-45 9.4011e-45 [ 1.3870e-183 8.2402e-52 3.5626e-50 6.5831e-46 8.7428e-45 ] 0.0000e+00 [ 0.0000e+00 ] 1.0000e+00
 4.817e+01 7.6255e-45 7.6255e-45 [ 4.7428e-184 6.5658e-52 2.8654e-50 5.3394e-46 7.0915e-45 ] 0.0000e+00 [ 0.0000e+00 ] 1.0000e+00
 4.828e+01 6.1852e-45 6.1852e-45 [ 1.6212e-184 5.2300e-52 2.3042e-50 4.3306e-46 5.7521e-45 ] 0.0000e+00 [ 0.0000e+00 ] 1.0000e+00
 4.839e+01 5.0170e-45 5.0170e-45 [ 5.5402e-185 4.1645e-52 1.8524e-50 3.5124e-46 4.6658e-45 ] 0.0000e+00 [ 0.0000e+00 ] 1.0000e+00
 4.851e+01 4.0695e-45 4.0695e-45 [ 1.8926e-185 3.3150e-52 1.4889e-50 2.8487e-46 3.7846e-45 ] 0.0000e+00 [ 0.0000e+00 ] 1.0000e+00
 4.862e+01 3.3009e-45 3.3009e-45 [ 6.4637e-186 2.6379e-52 1.1964e-50 2.3104e-46 3.0698e-45 ] 0.0000e+00 [ 0.0000e+00 ] 1.0000e+00
 4.873e+01 2.6775e-45 2.6775e-45 [ 2.2068e-186 2.0984e-52 9.6119e-51 1.8738e-46 2.4901e-45 ] 0.0000e+00 [ 0.0000e+00 ] 1.0000e+00
 4.885e+01 2.1718e-45 2.1718e-45 [ 7.5321e-187 1.6687e-52 7.7202e-51 1.5196e-46 2.0198e-45 ] 0.0000e+00 [ 0.0000e+00 ] 1.0000e+00
 4.896e+01 1.7616e-45 1.7616e-45 [ 2.5700e-187 1.3265e-52 6.1993e-51 1.2324e-46 1.6384e-45 ] 0.0000e+00 [ 0.0000e+00 ] 1.0000e+00
 4.907e+01 1.4289e-45 1.4289e-45 [ 8.7664e-188 1.0541e-52 4.9768e-51 9.9943e-47 1.3290e-45 ] 0.0000e+00 [ 0.0000e+00 ] 1.0000e+00
 4.919e+01 1.1591e-45 1.1591e-45 [ 2.9894e-188 8.3734e-53 3.9944e-51 8.1049e-47 1.0780e-45 ] 0.0000e+00 [ 0.0000e+00 ] 1.0000e+00
 4.930e+01 9.4015e-46 9.4015e-46 [ 1.0191e-188 6.6494e-53 3.2051e-51 6.5725e-47 8.7442e-46 ] 0.0000e+00 [ 0.0000e+00 ] 1.0000e+00
 4.941e+01 7.6259e-46 7.6259e-46 [ 3.4731e-189 5.2784e-53 2.5711e-51 5.3297e-47 7.0929e-46 ] 0.0000e+00 [ 0.0000e+00 ] 1.0000e+00
 4.953e+01 6.1856e-46 6.1856e-46 [ 1.1833e-189 4.1886e-53 2.0620e-51 4.3218e-47 5.7534e-46 ] 0.0000e+00 [ 0.0000e+00 ] 1.0000e+00
 4.964e+01 5.0173e-46 5.0173e-46 [ 4.0303e-190 3.3227e-53 1.6533e-51 3.5044e-47 4.6669e-46 ] 0.0000e+00 [ 0.0000e+00 ] 1.0000e+00
 4.975e+01 4.0697e-46 4.0697e-46 [ 1.3723e-190 2.6348e-53 1.3253e-51 2.8416e-47 3.7855e-46 ] 0.0000e+00 [ 0.0000e+00 ] 1.0000e+00
 4.987e+01 3.3010e-46 3.3010e-46 [ 4.6716e-191 2.0886e-53 1.0620e-51 2.3040e-47 3.0706e-46 ] 0.0000e+00 [ 0.0000e+00 ] 1.0000e+00
 4.998e+01 2.6775e-46 2.6775e-46 [ 1.5898e-191 1.6550e-53 8.5085e-52 1.8681e-47 2.4907e-46 ] 0.0000e+00 [ 0.0000e+00 ] 1.0000e+00
 5.009e+01 2.1718e-46 2.1718e-46 [ 5.4086e-192 1.3109e-53 6.8148e-52 1.5146e-47 2.0203e-46 ] 0.0000e+00 [ 0.0000e+00 ] 1.0000e+00
 5.021e+01 1.7615e-46 1.7615e-46 [ 1.8395e-192 1.0380e-53 5.4568e-52 1.2279e-47 1.6387e-46 ] 0.0000e+00 [ 0.0000e+00 ] 1.0000e+00
 5.032e+01 1.4288e-46 1.4288e-46 [ 6.2547e-193 8.2164e-54 4.3682e-52 9.9549e-48 1.3292e-46 ] 0.0000e+00 [ 0.0000e+00 ] 1.0000e+00
 5.043e+01 1.1589e-46 1.1589e-46 [ 2.1261e-193 6.5012e-54 3.4958e-52 8.0703e-48 1.0782e-46 ] 0.0000e+00 [ 0.0000e+00 ] 1.0000e+00
 5.055e+01 9.3995e-47 9.3995e-47 [ 7.2250e-194 5.1421e-54 2.7968e-52 6.5422e-48 8.7452e-47 ] 0.0000e+00 [ 0.0000e+00 ] 1.0000e+00
 5.066e+01 7.6237e-47 7.6237e-47 [ 2.4546e-194 4.0656e-54 2.2370e-52 5.3032e-48 7.0934e-47 ] 0.0000e+00 [ 0.0000e+00 ] 1.0000e+00
 5.077e+01 6.1833e-47 6.1833e-47 [ 8.3366e-195 3.2133e-54 1.7887e-52 4.2987e-48 5.7534e-47 ] 0.0000e+00 [ 0.0000e+00 ] 1.0000e+00
 5.089e+01 5.0150e-47 5.0150e-47 [ 2.8306e-195 2.5387e-54 1.4299e-52 3.4843e-48 4.6666e-47 ] 0.0000e+00 [ 0.0000e+00 ] 1.0000e+00
 5.100e+01 4.0674e-47 4.0674e-47 [ 9.6085e-196 2.0049e-54 1.1427e-52 2.8241e-48 3.7850e-47 ] 0.0000e+00 [ 0.0000e+00 ] 1.0000e+00
 5.111e+01 3.2988e-47 3.2988e-47 [ 3.2607e-196 1.5828e-54 9.1289e-53 2.2889e-48 3.0699e-47 ] 0.0000e+00 [ 0.0000e+00 ] 1.0000e+00
 5.123e+01 2.6754e-47 2.6754e-47 [ 1.1062e-196 1.2491e-54 7.2911e-53 1.8550e-48 2.4899e-47 ] 0.0000e+00 [ 0.0000e+00 ] 1.0000e+00
 5.134e+01 2.1698e-47 2.1698e-47 [ 3.7520e-197 9.8537e-55 5.8215e-53 1.5033e-48 2.0195e-47 ] 0.0000e+00 [ 0.0000e+00 ] 1.0000e+00
 5.145e+01 1.7597e-47 1.7597e-47 [ 1.2722e-197 7.7701e-55 4.6467e-53 1.2182e-48 1.6379e-47 ] 0.0000e+00 [ 0.0000e+00 ] 1.0000e+00
 5.157e+01 1.4271e-47 1.4271e-47 [ 4.3126e-198 6.1248e-55 3.7079e-53 9.8711e-49 1.3284e-47 ] 0.0000e+00 [ 0.0000e+00 ] 1.0000e+00
 5.168e+01 1.1573e-47 1.1573e-47 [ 1.4615e-198 4.8260e-55 2.9579e-53 7.9982e-49 1.0773e-47 ] 0.0000e+00 [ 0.0000e+00 ] 1.0000e+00
 5.179e+01 9.3851e-48 9.3851e-48 [ 4.9517e-199 3.8012e-55 2.3589e-53 6.4803e-49 8.7370e-48 ] 0.0000e+00 [ 0.0000e+00 ] 1.0000e+00
 5.191e+01 7.6106e-48 7.6106e-48 [ 1.6772e-199 2.9928e-55 1.8806e-53 5.2502e-49 7.0856e-48 ] 0.0000e+00 [ 0.0000e+00 ] 1.0000e+00
 5.202e+01 6.1715e-48 6.1715e-48 [ 5.6795e-200 2.3554e-55 1.4988e-53 4.2533e-49 5.7462e-48 ] 0.0000e+00 [ 0.0000e+00 ] 1.0000e+00
 5.213e+01 5.0045e-48 5.0045e-48 [ 1.9227e-200 1.8530e-55 1.1941e-53 3.4455e-49 4.6599e-48 ] 0.0000e+00 [ 0.0000e+00 ] 1.0000e+00
 5.225e+01 4.0580e-48 4.0580e-48 [ 6.5074e-201 1.4572e-55 9.5112e-54 2.7909e-49 3.7789e-48 ] 0.0000e+00 [ 0.0000e+00 ] 1.0000e+00
 5.236e+01 3.2904e-48 3.2904e-48 [ 2.2018e-201 1.1455e-55 7.5732e-54 2.2606e-49 3.0643e-48 ] 0.0000e+00 [ 0.0000e+00 ] 1.0000e+00
 5.247e+01 2.6679e-48 2.6679e-48 [ 7.4482e-202 9.0011e-56 6.0281e-54 1.8309e-49 2.4848e-48 ] 0.0000e+00 [ 0.0000e+00 ] 1.0000e+00
 5.259e+01 2.1632e-48 2.1632e-48 [ 2.5188e-202 7.0700e-56 4.7968e-54 1.4827e-49 2.0149e-48 ] 0.0000e+00 [ 0.0000e+00 ] 1.0000e+00
 5.270e+01 1.7539e-48 1.7539e-48 [ 8.5161e-203 5.5511e-56 3.8157e-54 1.2007e-49 1.6338e-48 ] 0.0000e+00 [ 0.0000e+00 ] 1.0000e+00
 5.281e+01 1.4219e-48 1.4219e-48 [ 2.8785e-203 4.3567e-56 3.0343e-54 9.7227e-50 1.3247e-48 ] 0.0000e+00 [ 0.0000e+00 ] 1.0000e+00
 5.293e+01 1.1528e-48 1.1528e-48 [ 9.7273e-204 3.4179e-56 2.4122e-54 7.8723e-50 1.0741e-48 ] 0.0000e+00 [ 0.0000e+00 ] 1.0000e+00
 5.304e+01 9.3458e-49 9.3458e-49 [ 3.2862e-204 2.6803e-56 1.9169e-54 6.3735e-50 8.7084e-49 ] 0.0000e+00 [ 0.0000e+00 ] 1.0000e+00
 5.315e+01 7.5763e-49 7.5763e-49 [ 1.1099e-204 2.1011e-56 1.5229e-54 5.1597e-50 7.0603e-49 ] 0.0000e+00 [ 0.0000e+00 ] 1.0000e+00
 5.327e+01 6.1417e-49 6.1417e-49 [ 3.7479e-205 1.6464e-56 1.2094e-54 4.1767e-50 5.7240e-49 ] 0.0000e+00 [ 0.0000e+00 ] 1.0000e+00
 5.338e+01 4.9785e-49 4.9785e-49 [ 1.2652e-205 1.2895e-56 9.6018e-55 3.3806e-50 4.6404e-49 ] 0.0000e+00 [ 0.0000e+00 ] 1.0000e+00
 5.349e+01 4.0354e-49 4.0354e-49 [ 4.2701e-206 1.0096e-56 7.6204e-55 2.7361e-50 3.7618e-49 ] 0.0000e+00 [ 0.0000e+00 ] 1.0000e+00
 5.361e+01 3.2709e-49 3.2709e-49 [ 1.4408e-206 7.9012e-57 6.0458e-55 2.2143e-50 3.0494e-49 ] 0.0000e+00 [ 0.0000e+00 ] 1.0000e+00
 5.372e+01 2.6511e-49 2.6511e-49 [ 4.8602e-207 6.1811e-57 4.7950e-55 1.7918e-50 2.4719e-49 ] 0.0000e+00 [ 0.0000e+00 ] 1.0000e+00
 5.383e+01 2.1486e-49 2.1486e-49 [ 1.6391e-207 4.8334e-57 3.8016e-55 1.4498e-50 2.0036e-49 ] 0.0000e+00 [ 0.0000e+00 ] 1.0000e+00
 5.395e+01 1.7413e-49 1.7413e-49 [ 5.5265e-208 3.7780e-57 3.0130e-55 1.1729e-50 1.6240e-49 ] 0.0000e+00 [ 0.0000e+00 ] 1.0000e+00
 5.406e+01 1.4111e-49 1.4111e-49 [ 1.8629e-208 2.9518e-57 2.3872e-55 9.4886e-51 1.3162e-49 ] 0.0000e+00 [ 0.0000e+00 ] 1.0000e+00
 5.417e+01 1.1435e-49 1.1435e-49 [ 6.2779e-209 2.3054e-57 1.8907e-55 7.6752e-51 1.0668e-49 ] 0.0000e+00 [ 0.0000e+00 ] 1.0000e+00
 5.429e+01 9.2661e-50 9.2661e-50 [ 2.1152e-209 1.7998e-57 1.4970e-55 6.2077e-51 8.6453e-50 ] 0.0000e+00 [ 0.0000e+00 ] 1.0000e+00
 5.440e+01 7.5080e-50 7.5080e-50 [ 7.1247e-210 1.4044e-57 1.1848e-55 5.0203e-51 7.0060e-50 ] 0.0000e+00 [ 0.0000e+00 ] 1.0000e+00
 5.451e+01 6.0832e-50 6.0832e-50 [ 2.3993e-210 1.0955e-57 9.3742e-56 4.0596e-51 5.6772e-50 ] 0.0000e+00 [ 0.0000e+00 ] 1.0000e+00
 5.463e+01 4.9285e-50 4.9285e-50 [ 8.0778e-211 8.5416e-58 7.4142e-56 3.2824e-51 4.6002e-50 ] 0.0000e+00 [ 0.0000e+00 ] 1.0000e+00
 5.474e+01 3.9927e-50 3.9927e-50 [ 2.7190e-211 6.6571e-58 5.8619e-56 2.6537e-51 3.7273e-50 ] 0.0000e+00 [ 0.0000e+00 ] 1.0000e+00
 5.485e+01 3.2344e-50 3.2344e-50 [ 9.1498e-212 5.1862e-58 4.6330e-56 2.1451e-51 3.0199e-50 ] 0.0000e+00 [ 0.0000e+00 ] 1.0000e+00
 5.497e+01 2.6200e-50 2.6200e-50 [ 3.0783e-212 4.0386e-58 3.6604e-56 1.7338e-51 2.4466e-50 ] 0.0000e+00 [ 0.0000e+00 ] 1.0000e+00
 5.508e+01 2.1222e-50 2.1222e-50 [ 1.0354e-212 3.1436e-58 2.8910e-56 1.4012e-51 1.9820e-50 ] 0.0000e+00 [ 0.0000e+00 ] 1.0000e+00
 5.519e+01 1.7188e-50 1.7188e-50 [ 3.4819e-213 2.4459e-58 2.2825e-56 1.1323e-51 1.6056e-50 ] 0.0000e+00 [ 0.0000e+00 ] 1.0000e+00
 5.531e+01 1.3920e-50 1.3920e-50 [ 1.1706e-213 1.9023e-58 1.8014e-56 9.1489e-52 1.3005e-50 ] 0.0000e+00 [ 0.0000e+00 ] 1.0000e+00
 5.542e+01 1.1273e-50 1.1273e-50 [ 3.9348e-214 1.4788e-58 1.4212e-56 7.3912e-52 1.0534e-50 ] 0.0000e+00 [ 0.0000e+00 ] 1.0000e+00
 5.553e+01 9.1283e-51 9.1283e-51 [ 1.3223e-214 1.1492e-58 1.1208e-56 5.9704e-52 8.5313e-51 ] 0.0000e+00 [ 0.0000e+00 ] 1.0000e+00
 5.565e+01 7.3913e-51 7.3913e-51 [ 4.4424e-215 8.9259e-59 8.8363e-57 4.8221e-52 6.9090e-51 ] 0.0000e+00 [ 0.0000e+00 ] 1.0000e+00
 5.576e+01 5.9843e-51 5.9843e-51 [ 1.4922e-215 6.9302e-59 6.9637e-57 3.8942e-52 5.5949e-51 ] 0.0000e+00 [ 0.0000e+00 ] 1.0000e+00
 5.587e+01 4.8448e-51 4.8448e-51 [ 5.0109e-216 5.3784e-59 5.4860e-57 3.1444e-52 4.5303e-51 ] 0.0000e+00 [ 0.0000e+00 ] 1.0000e+00
 5.599e+01 3.9219e-51 3.9219e-51 [ 1.6824e-216 4.1723e-59 4.3202e-57 2.5386e-52 3.6681e-51 ] 0.0000e+00 [ 0.0000e+00 ] 1.0000e+00
 5.610e+01 3.1746e-51 3.1746e-51 [ 5.6470e-217 3.2352e-59 3.4009e-57 2.0492e-52 2.9697e-51 ] 0.0000e+00 [ 0.0000e+00 ] 1.0000e+00
 5.621e+01 2.5695e-51 2.5695e-51 [ 1.8951e-217 2.5076e-59 2.6763e-57 1.6540e-52 2.4041e-51 ] 0.0000e+00 [ 0.0000e+00 ] 1.0000e+00
 5.633e+01 2.0795e-51 2.0795e-51 [ 6.3582e-218 1.9427e-59 2.1052e-57 1.3348e-52 1.9461e-51 ] 0.0000e+00 [ 0.0000e+00 ] 1.0000e+00
 5.644e+01 1.6829e-51 1.6829e-51 [ 2.1328e-218 1.5045e-59 1.6554e-57 1.0770e-52 1.5752e-51 ] 0.0000e+00 [ 0.0000e+00 ] 1.0000e+00
 5.655e+01 1.3617e-51 1.3617e-51 [ 7.1525e-219 1.1646e-59 1.3012e-57 8.6889e-53 1.2749e-51 ] 0.0000e+00 [ 0.0000e+00 ] 1.0000e+00
 5.667e+01 1.1018e-51 1.1018e-51 [ 2.3982e-219 9.0110e-60 1.0224e-57 7.0089e-53 1.0317e-51 ] 0.0000e+00 [ 0.0000e+00 ] 1.0000e+00
 5.678e+01 8.9138e-52 8.9138e-52 [ 8.0390e-220 6.9692e-60 8.0309e-58 5.6528e-53 8.3485e-52 ] 0.0000e+00 [ 0.0000e+00 ] 1.0000e+00
 5.689e+01 7.2109e-52 7.2109e-52 [ 2.6942e-220 5.3878e-60 6.3055e-58 4.5584e-53 6.7550e-52 ] 0.0000e+00 [ 0.0000e+00 ] 1.0000e+00
 5.701e+01 5.8327e-52 5.8327e-52 [ 9.0273e-221 4.1634e-60 4.9490e-58 3.6753e-53 5.4651e-52 ] 0.0000e+00 [ 0.0000e+00 ] 1.0000e+00
 5.712e+01 4.7174e-52 4.7174e-52 [ 3.0241e-221 3.2158e-60 3.8828e-58 2.9628e-53 4.4212e-52 ] 0.0000e+00 [ 0.0000e+00 ] 1.0000e+00
 5.723e+01 3.8151e-52 3.8151e-52 [ 1.0128e-221 2.4828e-60 3.0451e-58 2.3880e-53 3.5762e-52 ] 0.0000e+00 [ 0.0000e+00 ] 1.0000e+00
 5.735e+01 3.0850e-52 3.0850e-52 [ 3.3915e-222 1.9161e-60 2.3873e-58 1.9245e-53 2.8925e-52 ] 0.0000e+00 [ 0.0000e+00 ] 1.0000e+00
 5.746e+01 2.4943e-52 2.4943e-52 [ 1.1354e-222 1.4781e-60 1.8709e-58 1.5506e-53 2.3393e-52 ] 0.0000e+00 [ 0.0000e+00 ] 1.0000e+00
 5.757e+01 2.0166e-52 2.0166e-52 [ 3.8002e-223 1.1397e-60 1.4656e-58 1.2492e-53 1.8916e-52 ] 0.0000e+00 [ 0.0000e+00 ] 1.0000e+00
 5.769e+01 1.6301e-52 1.6301e-52 [ 1.2717e-223 8.7840e-61 1.1476e-58 1.0062e-53 1.5295e-52 ] 0.0000e+00 [ 0.0000e+00 ] 1.0000e+00
 5.780e+01 1.3176e-52 1.3176e-52 [ 4.2545e-224 6.7671e-61 8.9834e-59 8.1030e-54 1.2366e-52 ] 0.0000e+00 [ 0.0000e+00 ] 1.0000e+00
 5.791e+01 1.0649e-52 1.0649e-52 [ 1.4231e-224 5.2110e-61 7.0292e-59 6.5244e-54 9.9962e-53 ] 0.0000e+00 [ 0.0000e+00 ] 1.0000e+00
 5.803e+01 8.6051e-53 8.6051e-53 [ 4.7591e-225 4.0110e-61 5.4980e-59 5.2524e-54 8.0799e-53 ] 0.0000e+00 [ 0.0000e+00 ] 1.0000e+00
 5.814e+01 6.9529e-53 6.9529e-53 [ 1.5912e-225 3.0860e-61 4.2987e-59 4.2276e-54 6.5302e-53 ] 0.0000e+00 [ 0.0000e+00 ] 1.0000e+00
 5.825e+01 5.6173e-53 5.6173e-53 [ 5.3191e-226 2.3732e-61 3.3597e-59 3.4022e-54 5.2771e-53 ] 0.0000e+00 [ 0.0000e+00 ] 1.0000e+00
 5.837e+01 4.5377e-53 4.5377e-53 [ 1.7777e-226 1.8243e-61 2.6248e-59 2.7374e-54 4.2639e-53 ] 0.0000e+00 [ 0.0000e+00 ] 1.0000e+00
 5.848e+01 3.6651e-53 3.6651e-53 [ 5.9400e-227 1.4017e-61 2.0498e-59 2.2021e-54 3.4449e-53 ] 0.0000e+00 [ 0.0000e+00 ] 1.0000e+00
 5.859e+01 2.9599e-53 2.9599e-53 [ 1.9844e-227 1.0766e-61 1.6002e-59 1.7711e-54 2.7828e-53 ] 0.0000e+00 [ 0.0000e+00 ] 1.0000e+00
 5.871e+01 2.3901e-53 2.3901e-53 [ 6.6279e-228 8.2647e-62 1.2487e-59 1.4242e-54 2.2477e-53 ] 0.0000e+00 [ 0.0000e+00 ] 1.0000e+00
 5.882e+01 1.9298e-53 1.9298e-53 [ 2.2133e-228 6.3419e-62 9.7401e-60 1.1451e-54 1.8152e-53 ] 0.0000e+00 [ 0.0000e+00 ] 1.0000e+00
 5.893e+01 1.5579e-53 1.5579e-53 [ 7.3893e-229 4.8643e-62 7.5947e-60 9.2045e-55 1.4658e-53 ] 0.0000e+00 [ 0.0000e+00 ] 1.0000e+00
 5.905e+01 1.2575e-53 1.2575e-53 [ 2.4665e-229 3.7293e-62 5.9194e-60 7.3973e-55 1.1835e-53 ] 0.0000e+00 [ 0.0000e+00 ] 1.0000e+00
 5.916e+01 1.0148e-53 1.0148e-53 [ 8.2315e-230 2.8579e-62 4.6119e-60 5.9438e-55 9.5541e-54 ] 0.0000e+00 [ 0.0000e+00 ] 1.0000e+00
 5.927e+01 8.1893e-54 8.1893e-54 [ 2.7465e-230 2.1891e-62 3.5918e-60 4.7750e-55 7.7118e-54 ] 0.0000e+00 [ 0.0000e+00 ] 1.0000e+00
 5.939e+01 6.6074e-54 6.6074e-54 [ 9.1621e-231 1.6761e-62 2.7962e-60 3.8352e-55 6.2239e-54 ] 0.0000e+00 [ 0.0000e+00 ] 1.0000e+00
 5.950e+01 5.3303e-54 5.3303e-54 [ 3.0558e-231 1.2828e-62 2.1760e-60 3.0797e-55 5.0223e-54 ] 0.0000e+00 [ 0.0000e+00 ] 1.0000e+00
 5.961e+01 4.2994e-54 4.2994e-54 [ 1.0190e-231 9.8127e-63 1.6927e-60 2.4725e-55 4.0522e-54 ] 0.0000e+00 [ 0.0000e+00 ] 1.0000e+00
 5.973e+01 3.4674e-54 3.4674e-54 [ 3.3972e-232 7.5031e-63 1.3162e-60 1.9847e-55 3.2689e-54 ] 0.0000e+00 [ 0.0000e+00 ] 1.0000e+00
 5.984e+01 2.7960e-54 2.7960e-54 [ 1.1324e-232 5.7346e-63 1.0230e-60 1.5927e-55 2.6367e-54 ] 0.0000e+00 [ 0.0000e+00 ] 1.0000e+00
 5.995e+01 2.2542e-54 2.2542e-54 [ 3.7737e-233 4.3810e-63 7.9483e-61 1.2779e-55 2.1264e-54 ] 0.0000e+00 [ 0.0000e+00 ] 1.0000e+00
 6.007e+01 1.8171e-54 1.8171e-54 [ 1.2574e-233 3.3454e-63 6.1730e-61 1.0251e-55 1.7146e-54 ] 0.0000e+00 [ 0.0000e+00 ] 1.0000e+00
 6.018e+01 1.4646e-54 1.4646e-54 [ 4.1886e-234 2.5534e-63 4.7923e-61 8.2210e-56 1.3824e-54 ] 0.0000e+00 [ 0.0000e+00 ] 1.0000e+00
 6.029e+01 1.1802e-54 1.1802e-54 [ 1.3951e-234 1.9481e-63 3.7189e-61 6.5917e-56 1.1143e-54 ] 0.0000e+00 [ 0.0000e+00 ] 1.0000e+00
 6.041e+01 9.5095e-55 9.5095e-55 [ 4.6455e-235 1.4856e-63 2.8848e-61 5.2841e-56 8.9811e-55 ] 0.0000e+00 [ 0.0000e+00 ] 1.0000e+00
 6.052e+01 7.6608e-55 7.6608e-55 [ 1.5466e-235 1.1324e-63 2.2369e-61 4.2349e-56 7.2373e-55 ] 0.0000e+00 [ 0.0000e+00 ] 1.0000e+00
 6.063e+01 6.1704e-55 6.1704e-55 [ 5.1481e-236 8.6280e-64 1.7338e-61 3.3933e-56 5.8311e-55 ] 0.0000e+00 [ 0.0000e+00 ] 1.0000e+00
 6.075e+01 4.9692e-55 4.9692e-55 [ 1.7133e-236 6.5709e-64 1.3433e-61 2.7184e-56 4.6974e-55 ] 0.0000e+00 [ 0.0000e+00 ] 1.0000e+00
 6.086e+01 4.0011e-55 4.0011e-55 [ 5.7007e-237 5.0020e-64 1.0403e-61 2.1772e-56 3.7834e-55 ] 0.0000e+00 [ 0.0000e+00 ] 1.0000e+00
 6.097e+01 3.2211e-55 3.2211e-55 [ 1.8965e-237 3.8060e-64 8.0535e-62 1.7433e-56 3.0468e-55 ] 0.0000e+00 [ 0.0000e+00 ] 1.0000e+00
 6.109e+01 2.5927e-55 2.5927e-55 [ 6.3077e-238 2.8946e-64 6.2321e-62 1.3956e-56 2.4532e-55 ] 0.0000e+00 [ 0.0000e+00 ] 1.0000e+00
 6.120e+01 2.0865e-55 2.0865e-55 [ 2.0976e-238 2.2005e-64 4.8207e-62 1.1169e-56 1.9748e-55 ] 0.0000e+00 [ 0.0000e+00 ] 1.0000e+00
 6.131e+01 1.6789e-55 1.6789e-55 [ 6.9739e-239 1.6721e-64 3.7274e-62 8.9371e-57 1.5895e-55 ] 0.0000e+00 [ 0.0000e+00 ] 1.0000e+00
 6.143e+01 1.3506e-55 1.3506e-55 [ 2.3182e-239 1.2700e-64 2.8809e-62 7.1493e-57 1.2791e-55 ] 0.0000e+00 [ 0.0000e+00 ] 1.0000e+00
 6.154e+01 1.0863e-55 1.0863e-55 [ 7.7045e-240 9.6420e-65 2.2257e-62 5.7178e-57 1.0292e-55 ] 0.0000e+00 [ 0.0000e+00 ] 1.0000e+00
 6.165e+01 8.7362e-56 8.7362e-56 [ 2.5601e-240 7.3168e-65 1.7188e-62 4.5718e-57 8.2790e-56 ] 0.0000e+00 [ 0.0000e+00 ] 1.0000e+00
 6.177e+01 7.0242e-56 7.0242e-56 [ 8.5052e-241 5.5499e-65 1.3268e-62 3.6546e-57 6.6587e-56 ] 0.0000e+00 [ 0.0000e+00 ] 1.0000e+00
 6.188e+01 5.6466e-56 5.6466e-56 [ 2.8251e-241 4.2077e-65 1.0238e-62 2.9207e-57 5.3546e-56 ] 0.0000e+00 [ 0.0000e+00 ] 1.0000e+00
 6.199e+01 4.5384e-56 4.5384e-56 [ 9.3819e-242 3.1887e-65 7.8971e-63 2.3336e-57 4.3050e-56 ] 0.0000e+00 [ 0.0000e+00 ] 1.0000e+00
 6.211e+01 3.6469e-56 3.6469e-56 [ 3.1151e-242 2.4154e-65 6.0887e-63 1.8641e-57 3.4605e-56 ] 0.0000e+00 [ 0.0000e+00 ] 1.0000e+00
 6.222e+01 2.9300e-56 2.9300e-56 [ 1.0341e-242 1.8288e-65 4.6925e-63 1.4886e-57 2.7812e-56 ] 0.0000e+00 [ 0.0000e+00 ] 1.0000e+00
 6.233e+01 2.3536e-56 2.3536e-56 [ 3.4322e-243 1.3841e-65 3.6150e-63 1.1885e-57 2.2347e-56 ] 0.0000e+00 [ 0.0000e+00 ] 1.0000e+00
 6.245e+01 1.8902e-56 1.8902e-56 [ 1.1390e-243 1.0470e-65 2.7838e-63 9.4862e-58 1.7953e-56 ] 0.0000e+00 [ 0.0000e+00 ] 1.0000e+00
 6.256e+01 1.5177e-56 1.5177e-56 [ 3.7788e-244 7.9167e-66 2.1428e-63 7.5698e-58 1.4420e-56 ] 0.0000e+00 [ 0.0000e+00 ] 1.0000e+00
 6.267e+01 1.2184e-56 1.2184e-56 [ 1.2535e-244 5.9834e-66 1.6487e-63 6.0390e-58 1.1580e-56 ] 0.0000e+00 [ 0.0000e+00 ] 1.0000e+00
 6.279e+01 9.7789e-57 9.7789e-57 [ 4.1572e-245 4.5201e-66 1.2681e-63 4.8165e-58 9.2972e-57 ] 0.0000e+00 [ 0.0000e+00 ] 1.0000e+00
 6.290e+01 7.8471e-57 7.8471e-57 [ 1.3785e-245 3.4132e-66 9.7487e-64 3.8405e-58 7.4630e-57 ] 0.0000e+00 [ 0.0000e+00 ] 1.0000e+00
 6.301e+01 6.2956e-57 6.2956e-57 [ 4.5701e-246 2.5761e-66 7.4917e-64 3.0614e-58 5.9895e-57 ] 0.0000e+00 [ 0.0000e+00 ] 1.0000e+00
 6.313e+01 5.0498e-57 5.0498e-57 [ 1.5148e-246 1.9435e-66 5.7548e-64 2.4398e-58 4.8058e-57 ] 0.0000e+00 [ 0.0000e+00 ] 1.0000e+00
 6.324e+01 4.0497e-57 4.0497e-57 [ 5.0201e-247 1.4656e-66 4.4188e-64 1.9438e-58 3.8553e-57 ] 0.0000e+00 [ 0.0000e+00 ] 1.0000e+00
 6.335e+01 3.2470e-57 3.2470e-57 [ 1.6634e-247 1.1047e-66 3.3916e-64 1.5483e-58 3.0921e-57 ] 0.0000e+00 [ 0.0000e+00 ] 1.0000e+00
 6.347e+01 2.6028e-57 2.6028e-57 [ 5.5103e-248 8.3227e-67 2.6021e-64 1.2329e-58 2.4795e-57 ] 0.0000e+00 [ 0.0000e+00 ] 1.0000e+00
 6.358e+01 2.0860e-57 2.0860e-57 [ 1.8251e-248 6.2676e-67 1.9955e-64 9.8150e-59 1.9878e-57 ] 0.0000e+00 [ 0.0000e+00 ] 1.0000e+00
 6.369e+01 1.6714e-57 1.6714e-57 [ 6.0438e-249 4.7178e-67 1.5297e-64 7.8115e-59 1.5933e-57 ] 0.0000e+00 [ 0.0000e+00 ] 1.0000e+00
 6.381e+01 1.3389e-57 1.3389e-57 [ 2.0010e-249 3.5496e-67 1.1722e-64 6.2152e-59 1.2768e-57 ] 0.0000e+00 [ 0.0000e+00 ] 1.0000e+00
 6.392e+01 1.0723e-57 1.0723e-57 [ 6.6239e-250 2.6695e-67 8.9781e-65 4.9439e-59 1.0229e-57 ] 0.0000e+00 [ 0.0000e+00 ] 1.0000e+00
 6.403e+01 8.5866e-58 8.5866e-58 [ 2.1922e-250 2.0067e-67 6.8738e-65 3.9315e-59 8.1934e-58 ] 0.0000e+00 [ 0.0000e+00 ] 1.0000e+00
 6.415e+01 6.8739e-58 6.8739e-58 [ 7.2541e-251 1.5077e-67 5.2606e-65 3.1255e-59 6.5614e-58 ] 0.0000e+00 [ 0.0000e+00 ] 1.0000e+00
 6.426e+01 5.5017e-58 5.5017e-58 [ 2.3999e-251 1.1324e-67 4.0243e-65 2.4841e-59 5.2532e-58 ] 0.0000e+00 [ 0.0000e+00 ] 1.0000e+00
 6.437e+01 4.4023e-58 4.4023e-58 [ 7.9383e-252 8.5006e-68 3.0773e-65 1.9738e-59 4.2049e-58 ] 0.0000e+00 [ 0.0000e+00 ] 1.0000e+00
 6.449e+01 3.5219e-58 3.5219e-58 [ 2.6253e-252 6.3784e-68 2.3521e-65 1.5678e-59 3.3651e-58 ] 0.0000e+00 [ 0.0000e+00 ] 1.0000e+00
 6.460e+01 2.8168e-58 2.8168e-58 [ 8.6803e-253 4.7839e-68 1.7971e-65 1.2450e-59 2.6923e-58 ] 0.0000e+00 [ 0.0000e+00 ] 1.0000e+00
 6.471e+01 2.2524e-58 2.2524e-58 [ 2.8695e-253 3.5864e-68 1.3725e-65 9.8842e-60 2.1536e-58 ] 0.0000e+00 [ 0.0000e+00 ] 1.0000e+00
 6.483e+01 1.8007e-58 1.8007e-58 [ 9.4843e-254 2.6874e-68 1.0478e-65 7.8447e-60 1.7222e-58 ] 0.0000e+00 [ 0.0000e+00 ] 1.0000e+00
 6.494e+01 1.4392e-58 1.4392e-58 [ 3.1341e-254 2.0129e-68 7.9953e-66 6.2243e-60 1.3769e-58 ] 0.0000e+00 [ 0.0000e+00 ] 1.0000e+00
 6.505e+01 1.1500e-58 1.1500e-58 [ 1.0355e-254 1.5069e-68 6.0986e-66 4.9372e-60 1.1006e-58 ] 0.0000e+00 [ 0.0000e+00 ] 1.0000e+00
 6.517e+01 9.1869e-59 9.1869e-59 [ 3.4205e-255 1.1277e-68 4.6499e-66 3.9151e-60 8.7954e-59 ] 0.0000e+00 [ 0.0000e+00 ] 1.0000e+00
 6.528e+01 7.3374e-59 7.3374e-59 [ 1.1296e-255 8.4349e-69 3.5438e-66 3.1037e-60 7.0270e-59 ] 0.0000e+00 [ 0.0000e+00 ] 1.0000e+00
 6.539e+01 5.8588e-59 5.8588e-59 [ 3.7300e-256 6.3063e-69 2.6997e-66 2.4598e-60 5.6128e-59 ] 0.0000e+00 [ 0.0000e+00 ] 1.0000e+00
 6.551e+01 4.6770e-59 4.6770e-59 [ 1.2314e-256 4.7127e-69 2.0558e-66 1.9489e-60 4.4821e-59 ] 0.0000e+00 [ 0.0000e+00 ] 1.0000e+00
 6.562e+01 3.7327e-59 3.7327e-59 [ 4.0644e-257 3.5203e-69 1.5648e-66 1.5436e-60 3.5783e-59 ] 0.0000e+00 [ 0.0000e+00 ] 1.0000e+00
 6.573e+01 2.9783e-59 2.9783e-59 [ 1.3413e-257 2.6284e-69 1.1906e-66 1.2223e-60 2.8561e-59 ] 0.0000e+00 [ 0.0000e+00 ] 1.0000e+00
 6.585e+01 2.3758e-59 2.3758e-59 [ 4.4252e-258 1.9615e-69 9.0551e-67 9.6758e-61 2.2790e-59 ] 0.0000e+00 [ 0.0000e+00 ] 1.0000e+00
 6.596e+01 1.8947e-59 1.8947e-59 [ 1.4597e-258 1.4632e-69 6.8839e-67 7.6571e-61 1.8181e-59 ] 0.0000e+00 [ 0.0000e+00 ] 1.0000e+00
 6.607e+01 1.5106e-59 1.5106e-59 [ 4.8142e-259 1.0910e-69 5.2311e-67 6.0578e-61 1.4500e-59 ] 0.0000e+00 [ 0.0000e+00 ] 1.0000e+00
 6.619e+01 1.2041e-59 1.2041e-59 [ 1.5874e-259 8.1311e-70 3.9735e-67 4.7911e-61 1.1562e-59 ] 0.0000e+00 [ 0.0000e+00 ] 1.0000e+00
 6.630e+01 9.5955e-60 9.5955e-60 [ 5.2331e-260 6.0572e-70 3.0169e-67 3.7881e-61 9.2167e-60 ] 0.0000e+00 [ 0.0000e+00 ] 1.0000e+00
 6.641e+01 7.6447e-60 7.6447e-60 [ 1.7248e-260 4.5103e-70 2.2897e-67 2.9943e-61 7.3453e-60 ] 0.0000e+00 [ 0.0000e+00 ] 1.0000e+00
 6.653e+01 6.0889e-60 6.0889e-60 [ 5.6838e-261 3.3569e-70 1.7370e-67 2.3660e-61 5.8523e-60 ] 0.0000e+00 [ 0.0000e+00 ] 1.0000e+00
 6.664e+01 4.8485e-60 4.8485e-60 [ 1.8726e-261 2.4973e-70 1.3172e-67 1.8691e-61 4.6616e-60 ] 0.0000e+00 [ 0.0000e+00 ] 1.0000e+00
 6.675e+01 3.8598e-60 3.8598e-60 [ 6.1681e-262 1.8570e-70 9.9845e-68 1.4760e-61 3.7122e-60 ] 0.0000e+00 [ 0.0000e+00 ] 1.0000e+00
 6.687e+01 3.0719e-60 3.0719e-60 [ 2.0313e-262 1.3802e-70 7.5651e-68 1.1653e-61 2.9554e-60 ] 0.0000e+00 [ 0.0000e+00 ] 1.0000e+00
 6.698e+01 2.4442e-60 2.4442e-60 [ 6.6880e-263 1.0254e-70 5.7295e-68 9.1968e-62 2.3522e-60 ] 0.0000e+00 [ 0.0000e+00 ] 1.0000e+00
 6.709e+01 1.9442e-60 1.9442e-60 [ 2.2016e-263 7.6146e-71 4.3375e-68 7.2562e-62 1.8717e-60 ] 0.0000e+00 [ 0.0000e+00 ] 1.0000e+00
 6.721e+01 1.5462e-60 1.5462e-60 [ 7.2455e-264 5.6520e-71 3.2823e-68 5.7234e-62 1.4889e-60 ] 0.0000e+00 [ 0.0000e+00 ] 1.0000e+00
 6.732e+01 1.2292e-60 1.2292e-60 [ 2.3840e-264 4.1933e-71 2.4827e-68 4.5130e-62 1.1841e-60 ] 0.0000e+00 [ 0.0000e+00 ] 1.0000e+00
 6.743e+01 9.7703e-61 9.7703e-61 [ 7.8426e-265 3.1097e-71 1.8772e-68 3.5574e-62 9.4145e-61 ] 0.0000e+00 [ 0.0000e+00 ] 1.0000e+00
 6.755e+01 7.7636e-61 7.7636e-61 [ 2.5794e-265 2.3050e-71 1.4187e-68 2.8034e-62 7.4832e-61 ] 0.0000e+00 [ 0.0000e+00 ] 1.0000e+00
 6.766e+01 6.1674e-61 6.1674e-61 [ 8.4814e-266 1.7078e-71 1.0718e-68 2.2084e-62 5.9465e-61 ] 0.0000e+00 [ 0.0000e+00 ] 1.0000e+00
 6.777e+01 4.8980e-61 4.8980e-61 [ 2.7882e-266 1.2648e-71 8.0934e-69 1.7392e-62 4.7241e-61 ] 0.0000e+00 [ 0.0000e+00 ] 1.0000e+00
 6.789e+01 3.8889e-61 3.8889e-61 [ 9.1639e-267 9.3624e-72 6.1090e-69 1.3693e-62 3.7519e-61 ] 0.0000e+00 [ 0.0000e+00 ] 1.0000e+00
 6.800e+01 3.0868e-61 3.0868e-61 [ 3.0112e-267 6.9273e-72 4.6093e-69 1.0777e-62 2.9790e-61 ] 0.0000e+00 [ 0.0000e+00 ] 1.0000e+00
 6.811e+01 2.4495e-61 2.4495e-61 [ 9.8921e-268 5.1232e-72 3.4762e-69 8.4795e-63 2.3647e-61 ] 0.0000e+00 [ 0.0000e+00 ] 1.0000e+00
 6.823e+01 1.9432e-61 1.9432e-61 [ 3.2489e-268 3.7872e-72 2.6206e-69 6.6696e-63 1.8765e-61 ] 0.0000e+00 [ 0.0000e+00 ] 1.0000e+00
 6.834e+01 1.5412e-61 1.5412e-61 [ 1.0668e-268 2.7984e-72 1.9748e-69 5.2444e-63 1.4887e-61 ] 0.0000e+00 [ 0.0000e+00 ] 1.0000e+00
 6.845e+01 1.2220e-61 1.2220e-61 [ 3.5021e-269 2.0668e-72 1.4874e-69 4.1224e-63 1.1807e-61 ] 0.0000e+00 [ 0.0000e+00 ] 1.0000e+00
 6.857e+01 9.6859e-62 9.6859e-62 [ 1.1494e-269 1.5257e-72 1.1199e-69 3.2395e-63 9.3620e-62 ] 0.0000e+00 [ 0.0000e+00 ] 1.0000e+00
 6.868e+01 7.6755e-62 7.6755e-62 [ 3.7714e-270 1.1258e-72 8.4285e-70 2.5448e-63 7.4210e-62 ] 0.0000e+00 [ 0.0000e+00 ] 1.0000e+00
 6.879e+01 6.0807e-62 6.0807e-62 [ 1.2371e-270 8.3036e-73 6.3406e-70 1.9985e-63 5.8808e-62 ] 0.0000e+00 [ 0.0000e+00 ] 1.0000e+00
 6.891e+01 4.8159e-62 4.8159e-62 [ 4.0573e-271 6.1216e-73 4.7678e-70 1.5690e-63 4.6590e-62 ] 0.0000e+00 [ 0.0000e+00 ] 1.0000e+00
 6.902e+01 3.8131e-62 3.8131e-62 [ 1.3303e-271 4.5109e-73 3.5837e-70 1.2314e-63 3.6900e-62 ] 0.0000e+00 [ 0.0000e+00 ] 1.0000e+00
 6.913e+01 3.0183e-62 3.0183e-62 [ 4.3604e-272 3.3224e-73 2.6925e-70 9.6611e-64 2.9217e-62 ] 0.0000e+00 [ 0.0000e+00 ] 1.0000e+00
 6.925e+01 2.3884e-62 2.3884e-62 [ 1.4289e-272 2.4460e-73 2.0221e-70 7.5774e-64 2.3127e-62 ] 0.0000e+00 [ 0.0000e+00 ] 1.0000e+00
 6.936e+01 1.8895e-62 1.8895e-62 [ 4.6812e-273 1.7999e-73 1.5180e-70 5.9412e-64 1.8301e-62 ] 0.0000e+00 [ 0.0000e+00 ] 1.0000e+00
 6.947e+01 1.4944e-62 1.4944e-62 [ 1.5332e-273 1.3239e-73 1.1390e-70 4.6568e-64 1.4478e-62 ] 0.0000e+00 [ 0.0000e+00 ] 1.0000e+00
 6.959e+01 1.1815e-62 1.1815e-62 [ 5.0203e-274 9.7331e-74 8.5434e-71 3.6490e-64 1.1450e-62 ] 0.0000e+00 [ 0.0000e+00 ] 1.0000e+00
 6.970e+01 9.3390e-63 9.3390e-63 [ 1.6434e-274 7.1523e-74 6.4052e-71 2.8583e-64 9.0531e-63 ] 0.0000e+00 [ 0.0000e+00 ] 1.0000e+00
 6.981e+01 7.3796e-63 7.3796e-63 [ 5.3780e-275 5.2534e-74 4.8002e-71 2.2382e-64 7.1558e-63 ] 0.0000e+00 [ 0.0000e+00 ] 1.0000e+00
 6.993e+01 5.8297e-63 5.8297e-63 [ 1.7595e-275 3.8569e-74 3.5958e-71 1.7521e-64 5.6545e-63 ] 0.0000e+00 [ 0.0000e+00 ] 1.0000e+00
 7.004e+01 4.6039e-63 4.6039e-63 [ 5.7546e-276 2.8302e-74 2.6924e-71 1.3711e-64 4.4668e-63 ] 0.0000e+00 [ 0.0000e+00 ] 1.0000e+00
 7.015e+01 3.6349e-63 3.6349e-63 [ 1.8816e-276 2.0759e-74 2.0151e-71 1.0726e-64 3.5276e-63 ] 0.0000e+00 [ 0.0000e+00 ] 1.0000e+00
 7.027e+01 2.8689e-63 2.8689e-63 [ 6.1504e-277 1.5219e-74 1.5076e-71 8.3886e-65 2.7850e-63 ] 0.0000e+00 [ 0.0000e+00 ] 1.0000e+00
 7.038e+01 2.2637e-63 2.2637e-63 [ 2.0098e-277 1.1152e-74 1.1274e-71 6.5582e-65 2.1981e-63 ] 0.0000e+00 [ 0.0000e+00 ] 1.0000e+00
 7.049e+01 1.7857e-63 1.7857e-63 [ 6.5655e-278 8.1683e-75 8.4270e-72 5.1255e-65 1.7344e-63 ] 0.0000e+00 [ 0.0000e+00 ] 1.0000e+00
 7.061e+01 1.4082e-63 1.4082e-63 [ 2.1441e-278 5.9799e-75 6.2963e-72 4.0045e-65 1.3681e-63 ] 0.0000e+00 [ 0.0000e+00 ] 1.0000e+00
 7.072e+01 1.1101e-63 1.1101e-63 [ 7.0000e-279 4.3757e-75 4.7023e-72 3.1276e-65 1.0789e-63 ] 0.0000e+00 [ 0.0000e+00 ] 1.0000e+00
 7.083e+01 8.7492e-64 8.7492e-64 [ 2.2846e-279 3.2002e-75 3.5103e-72 2.4420e-65 8.5050e-64 ] 0.0000e+00 [ 0.0000e+00 ] 1.0000e+00
 7.095e+01 6.8934e-64 6.8934e-64 [ 7.4537e-280 2.3394e-75 2.6193e-72 1.9060e-65 6.7028e-64 ] 0.0000e+00 [ 0.0000e+00 ] 1.0000e+00
 7.106e+01 5.4297e-64 5.4297e-64 [ 2.4310e-280 1.7093e-75 1.9536e-72 1.4872e-65 5.2809e-64 ] 0.0000e+00 [ 0.0000e+00 ] 1.0000e+00
 7.117e+01 4.2754e-64 4.2754e-64 [ 7.9263e-281 1.2483e-75 1.4565e-72 1.1600e-65 4.1594e-64 ] 0.0000e+00 [ 0.0000e+00 ] 1.0000e+00
 7.129e+01 3.3656e-64 3.3656e-64 [ 2.5834e-281 9.1116e-76 1.0853e-72 9.0451e-66 3.2751e-64 ] 0.0000e+00 [ 0.0000e+00 ] 1.0000e+00
 7.140e+01 2.6486e-64 2.6486e-64 [ 8.4174e-282 6.6474e-76 8.0840e-73 7.0506e-66 2.5780e-64 ] 0.0000e+00 [ 0.0000e+00 ] 1.0000e+00
 7.151e+01 2.0837e-64 2.0837e-64 [ 2.7416e-282 4.8472e-76 6.0186e-73 5.4941e-66 2.0287e-64 ] 0.0000e+00 [ 0.0000e+00 ] 1.0000e+00
 7.163e+01 1.6388e-64 1.6388e-64 [ 8.9263e-283 3.5326e-76 4.4789e-73 4.2797e-66 1.5960e-64 ] 0.0000e+00 [ 0.0000e+00 ] 1.0000e+00
 7.174e+01 1.2885e-64 1.2885e-64 [ 2.9052e-283 2.5732e-76 3.3315e-73 3.3327e-66 1.2551e-64 ] 0.0000e+00 [ 0.0000e+00 ] 1.0000e+00
 7.185e+01 1.0127e-64 1.0127e-64 [ 9.4521e-284 1.8734e-76 2.4769e-73 2.5944e-66 9.8681e-65 ] 0.0000e+00 [ 0.0000e+00 ] 1.0000e+00
 7.197e+01 7.9579e-65 7.9579e-65 [ 3.0741e-284 1.3631e-76 1.8406e-73 2.0189e-66 7.7560e-65 ] 0.0000e+00 [ 0.0000e+00 ] 1.0000e+00
 7.208e+01 6.2512e-65 6.2512e-65 [ 9.9938e-285 9.9134e-77 1.3672e-73 1.5706e-66 6.0941e-65 ] 0.0000e+00 [ 0.0000e+00 ] 1.0000e+00
 7.219e+01 4.9090e-65 4.9090e-65 [ 3.2477e-285 7.2054e-77 1.0150e-73 1.2214e-66 4.7869e-65 ] 0.0000e+00 [ 0.0000e+00 ] 1.0000e+00
 7.231e+01 3.8539e-65 3.8539e-65 [ 1.0550e-285 5.2342e-77 7.5316e-74 9.4958e-67 3.7589e-65 ] 0.0000e+00 [ 0.0000e+00 ] 1.0000e+00
 7.242e+01 3.0246e-65 3.0246e-65 [ 3.4256e-286 3.8000e-77 5.5859e-74 7.3798e-67 2.9508e-65 ] 0.0000e+00 [ 0.0000e+00 ] 1.0000e+00
 7.253e+01 2.3730e-65 2.3730e-65 [ 1.1119e-286 2.7572e-77 4.1408e-74 5.7334e-67 2.3157e-65 ] 0.0000e+00 [ 0.0000e+00 ] 1.0000e+00
 7.265e+01 1.8612e-65 1.8612e-65 [ 3.6073e-287 1.9994e-77 3.0679e-74 4.4528e-67 1.8167e-65 ] 0.0000e+00 [ 0.0000e+00 ] 1.0000e+00
 7.276e+01 1.4594e-65 1.4594e-65 [ 1.1698e-287 1.4490e-77 2.2718e-74 3.4571e-67 1.4248e-65 ] 0.0000e+00 [ 0.0000e+00 ] 1.0000e+00
 7.287e+01 1.1440e-65 1.1440e-65 [ 3.7920e-288 1.0494e-77 1.6814e-74 2.6831e-67 1.1171e-65 ] 0.0000e+00 [ 0.0000e+00 ] 1.0000e+00
 7.299e+01 8.9642e-66 8.9642e-66 [ 1.2286e-288 7.5959e-78 1.2438e-74 2.0817e-67 8.7560e-66 ] 0.0000e+00 [ 0.0000e+00 ] 1.0000e+00
 7.310e+01 7.0223e-66 7.0223e-66 [ 3.9789e-289 5.4943e-78 9.1951e-75 1.6146e-67 6.8608e-66 ] 0.0000e+00 [ 0.0000e+00 ] 1.0000e+00
 7.321e+01 5.4994e-66 5.4994e-66 [ 1.2880e-289 3.9716e-78 6.7939e-75 1.2518e-67 5.3742e-66 ] 0.0000e+00 [ 0.0000e+00 ] 1.0000e+00
 7.333e+01 4.3054e-66 4.3054e-66 [ 4.1671e-290 2.8689e-78 5.0168e-75 9.7026e-68 4.2084e-66 ] 0.0000e+00 [ 0.0000e+00 ] 1.0000e+00
 7.344e+01 3.3696e-66 3.3696e-66 [ 1.3476e-290 2.0710e-78 3.7023e-75 7.5177e-68 3.2944e-66 ] 0.0000e+00 [ 0.0000e+00 ] 1.0000e+00
 7.355e+01 2.6364e-66 2.6364e-66 [ 4.3556e-291 1.4939e-78 2.7305e-75 5.8229e-68 2.5782e-66 ] 0.0000e+00 [ 0.0000e+00 ] 1.0000e+00
 7.367e+01 2.0621e-66 2.0621e-66 [ 1.4071e-291 1.0768e-78 2.0125e-75 4.5086e-68 2.0170e-66 ] 0.0000e+00 [ 0.0000e+00 ] 1.0000e+00
 7.378e+01 1.6124e-66 1.6124e-66 [ 4.5431e-292 7.7560e-79 1.4823e-75 3.4897e-68 1.5775e-66 ] 0.0000e+00 [ 0.0000e+00 ] 1.0000e+00
 7.389e+01 1.2604e-66 1.2604e-66 [ 1.4661e-292 5.5821e-79 1.0911e-75 2.7002e-68 1.2334e-66 ] 0.0000e+00 [ 0.0000e+00 ] 1.0000e+00
 7.401e+01 9.8488e-67 9.8488e-67 [ 4.7284e-293 4.0144e-79 8.0253e-76 2.0886e-68 9.6399e-67 ] 0.0000e+00 [ 0.0000e+00 ] 1.0000e+00
 7.412e+01 7.6937e-67 7.6937e-67 [ 1.5241e-293 2.8846e-79 5.8987e-76 1.6149e-68 7.5322e-67 ] 0.0000e+00 [ 0.0000e+00 ] 1.0000e+00
 7.423e+01 6.0083e-67 6.0083e-67 [ 4.9098e-294 2.0710e-79 4.3323e-76 1.2483e-68 5.8835e-67 ] 0.0000e+00 [ 0.0000e+00 ] 1.0000e+00
 7.435e+01 4.6907e-67 4.6907e-67 [ 1.5807e-294 1.4856e-79 3.1794e-76 9.6453e-69 4.5942e-67 ] 0.0000e+00 [ 0.0000e+00 ] 1.0000e+00
 7.446e+01 3.6608e-67 3.6608e-67 [ 5.0858e-295 1.0647e-79 2.3314e-76 7.4502e-69 3.5863e-67 ] 0.0000e+00 [ 0.0000e+00 ] 1.0000e+00
 7.457e+01 2.8562e-67 2.8562e-67 [ 1.6353e-295 7.6239e-80 1.7082e-76 5.7526e-69 2.7987e-67 ] 0.0000e+00 [ 0.0000e+00 ] 1.0000e+00
 7.469e+01 2.2277e-67 2.2277e-67 [ 5.2545e-296 5.4539e-80 1.2505e-76 4.4403e-69 2.1833e-67 ] 0.0000e+00 [ 0.0000e+00 ] 1.0000e+00
 7.480e+01 1.7370e-67 1.7370e-67 [ 1.6872e-296 3.8977e-80 9.1460e-77 3.4260e-69 1.7027e-67 ] 0.0000e+00 [ 0.0000e+00 ] 1.0000e+00
 7.491e+01 1.3539e-67 1.3539e-67 [ 5.4139e-297 2.7827e-80 6.6830e-77 2.6425e-69 1.3275e-67 ] 0.0000e+00 [ 0.0000e+00 ] 1.0000e+00
 7.503e+01 1.0550e-67 1.0550e-67 [ 1.7359e-297 1.9846e-80 4.8786e-77 2.0374e-69 1.0346e-67 ] 0.0000e+00 [ 0.0000e+00 ] 1.0000e+00
 7.514e+01 8.2179e-68 8.2179e-68 [ 5.5619e-298 1.4139e-80 3.5578e-77 1.5702e-69 8.0609e-68 ] 0.0000e+00 [ 0.0000e+00 ] 1.0000e+00
 7.525e+01 6.3995e-68 6.3995e-68 [ 1.7806e-298 1.0061e-80 2.5919e-77 1.2097e-69 6.2785e-68 ] 0.0000e+00 [ 0.0000e+00 ] 1.0000e+00
 7.537e+01 4.9818e-68 4.9818e-68 [ 5.6959e-299 7.1516e-81 1.8861e-77 9.3158e-70 4.8886e-68 ] 0.0000e+00 [ 0.0000e+00 ] 1.0000e+00
 7.548e+01 3.8769e-68 3.8769e-68 [ 1.8205e-299 5.0772e-81 1.3710e-77 7.1709e-70 3.8052e-68 ] 0.0000e+00 [ 0.0000e+00 ] 1.0000e+00
 7.559e+01 3.0161e-68 3.0161e-68 [ 5.8134e-300 3.6001e-81 9.9537e-78 5.5173e-70 2.9610e-68 ] 0.0000e+00 [ 0.0000e+00 ] 1.0000e+00
 7.571e+01 2.3457e-68 2.3457e-68 [ 1.8547e-300 2.5494e-81 7.2176e-78 4.2430e-70 2.3033e-68 ] 0.0000e+00 [ 0.0000e+00 ] 1.0000e+00
 7.582e+01 1.8237e-68 1.8237e-68 [ 5.9116e-301 1.8029e-81 5.2269e-78 3.2613e-70 1.7911e-68 ] 0.0000e+00 [ 0.0000e+00 ] 1.0000e+00
 7.593e+01 1.4174e-68 1.4174e-68 [ 1.8824e-301 1.2732e-81 3.7801e-78 2.5054e-70 1.3924e-68 ] 0.0000e+00 [ 0.0000e+00 ] 1.0000e+00
 7.605e+01 1.1013e-68 1.1013e-68 [ 5.9875e-302 8.9785e-82 2.7299e-78 1.9235e-70 1.0821e-68 ] 0.0000e+00 [ 0.0000e+00 ] 1.0000e+00
 7.616e+01 8.5537e-69 8.5537e-69 [ 1.9025e-302 6.3219e-82 1.9686e-78 1.4759e-70 8.4062e-69 ] 0.0000e+00 [ 0.0000e+00 ] 1.0000e+00
 7.627e+01 6.6415e-69 6.6415e-69 [ 6.0380e-303 4.4443e-82 1.4174e-78 1.1316e-70 6.5284e-69 ] 0.0000e+00 [ 0.0000e+00 ] 1.0000e+00
 7.639e+01 5.1550e-69 5.1550e-69 [ 1.9140e-303 3.1192e-82 1.0189e-78 8.6689e-71 5.0683e-69 ] 0.0000e+00 [ 0.0000e+00 ] 1.0000e+00
 7.650e+01 3.9999e-69 3.9999e-69 [ 6.0596e-304 2.1854e-82 7.3115e-79 6.6354e-71 3.9335e-69 ] 0.0000e+00 [ 0.0000e+00 ] 1.0000e+00
 7.661e+01 3.1025e-69 3.1025e-69 [ 1.9158e-304 1.5284e-82 5.2374e-79 5.0740e-71 3.0518e-69 ] 0.0000e+00 [ 0.0000e+00 ] 1.0000e+00
 7.673e+01 2.4056e-69 2.4056e-69 [ 6.0486e-305 1.0669e-82 3.7446e-79 3.8757e-71 2.3668e-69 ] 0.0000e+00 [ 0.0000e+00 ] 1.0000e+00
 7.684e+01 1.8645e-69 1.8645e-69 [ 1.9068e-305 7.4323e-83 2.6719e-79 2.9568e-71 1.8350e-69 ] 0.0000e+00 [ 0.0000e+00 ] 1.0000e+00
 7.695e+01 1.4446e-69 1.4446e-69 [ 6.0013e-306 5.1668e-83 1.9025e-79 2.2526e-71 1.4221e-69 ] 0.0000e+00 [ 0.0000e+00 ] 1.0000e+00
 7.707e+01 1.1188e-69 1.1188e-69 [ 1.8856e-306 3.5839e-83 1.3516e-79 1.7134e-71 1.1017e-69 ] 0.0000e+00 [ 0.0000e+00 ] 1.0000e+00
 7.718e+01 8.6616e-70 8.6616e-70 [ 5.9137e-307 2.4801e-83 9.5801e-80 1.3010e-71 8.5314e-70 ] 0.0000e+00 [ 0.0000e+00 ] 1.0000e+00
 7.729e+01 6.7024e-70 6.7024e-70 [ 1.8510e-307 1.7119e-83 6.7731e-80 9.8592e-72 6.6038e-70 ] 0.0000e+00 [ 0.0000e+00 ] 1.0000e+00
 7.741e+01 5.1838e-70 5.1838e-70 [ 5.7814e-308 1.1786e-83 4.7756e-80 7.4546e-72 5.1093e-70 ] 0.0000e+00 [ 0.0000e+00 ] 1.0000e+00
 7.752e+01 4.0072e-70 4.0072e-70 [ 1.8016e-308 8.0905e-84 3.3575e-80 5.6223e-72 3.9510e-70 ] 0.0000e+00 [ 0.0000e+00 ] 1.0000e+00
 7.763e+01 3.0957e-70 3.0957e-70 [ 5.6001e-309 5.5369e-84 2.3532e-80 4.2283e-72 3.0535e-70 ] 0.0000e+00 [ 0.0000e+00 ] 1.0000e+00
 7.775e+01 2.3900e-70 2.3900e-70 [ 1.7360e-309 3.7768e-84 1.6438e-80 3.1698e-72 2.3583e-70 ] 0.0000e+00 [ 0.0000e+00 ] 1.0000e+00
 7.786e+01 1.8436e-70 1.8436e-70 [ 5.3652e-310 2.5670e-84 1.1441e-80 2.3678e-72 1.8200e-70 ] 0.0000e+00 [ 0.0000e+00 ] 1.0000e+00
 7.797e+01 1.4209e-70 1.4209e-70 [ 1.6526e-310 1.7379e-84 7.9317e-81 1.7615e-72 1.4032e-70 ] 0.0000e+00 [ 0.0000e+00 ] 1.0000e+00
 7.809e+01 1.0938e-70 1.0938e-70 [ 5.0719e-311 1.1715e-84 5.4747e-81 1.3045e-72 1.0807e-70 ] 0.0000e+00 [ 0.0000e+00 ] 1.0000e+00
 7.820e+01 8.4079e-71 8.4079e-71 [ 1.5501e-311 7.8600e-85 3.7607e-81 9.6103e-73 8.3118e-71 ] 0.0000e+00 [ 0.0000e+00 ] 1.0000e+00
 7.831e+01 6.4519e-71 6.4519e-71 [ 4.7152e-312 5.2454e-85 2.5694e-81 7.0384e-73 6.3815e-71 ] 0.0000e+00 [ 0.0000e+00 ] 1.0000e+00
 7.843e+01 4.9397e-71 4.9397e-71 [ 1.4267e-312 3.4796e-85 1.7448e-81 5.1200e-73 4.8885e-71 ] 0.0000e+00 [ 0.0000e+00 ] 1.0000e+00
 7.854e+01 3.7709e-71 3.7709e-71 [ 4.2900e-313 2.2925e-85 1.1767e-81 3.6955e-73 3.7339e-71 ] 0.0000e+00 [ 0.0000e+00 ] 1.0000e+00
 7.865e+01 2.8674e-71 2.8674e-71 [ 1.2808e-313 1.4984e-85 7.8713e-82 2.6429e-73 2.8410e-71 ] 0.0000e+00 [ 0.0000e+00 ] 1.0000e+00
 7.877e+01 2.1689e-71 2.1689e-71 [ 3.7912e-314 9.7022e-86 5.2152e-82 1.8696e-73 2.1502e-71 ] 0.0000e+00 [ 0.0000e+00 ] 1.0000e+00
 7.888e+01 1.6286e-71 1.6286e-71 [ 1.1107e-314 6.2109e-86 3.4154e-82 1.3050e-73 1.6155e-71 ] 0.0000e+00 [ 0.0000e+00 ] 1.0000e+00
 7.899e+01 1.2103e-71 1.2103e-71 [ 3.2133e-315 3.9196e-86 2.2042e-82 8.9569e-74 1.2013e-71 ] 0.0000e+00 [ 0.0000e+00 ] 1.0000e+00
 7.911e+01 8.8596e-72 8.8596e-72 [ 9.1483e-316 2.4281e-86 1.3955e-82 6.0144e-74 8.7995e-72 ] 0.0000e+00 [ 0.0000e+00 ] 1.0000e+00
 7.922e+01 6.3412e-72 6.3412e-72 [ 2.5508e-316 1.4664e-86 8.6061e-83 3.9196e-74 6.3020e-72 ] 0.0000e+00 [ 0.0000e+00 ] 1.0000e+00
 7.933e+01 4.3827e-72 4.3827e-72 [ 6.9130e-317 8.5337e-87 5.1076e-83 2.4468e-74 4.3583e-72 ] 0.0000e+00 [ 0.0000e+00 ] 1.0000e+00
 7.945e+01 2.8614e-72 2.8614e-72 [ 1.7980e-317 4.6845e-87 2.8540e-83 1.4295e-74 2.8471e-72 ] 0.0000e+00 [ 0.0000e+00 ] 1.0000e+00
 7.956e+01 1.6912e-72 1.6912e-72 [ 4.3789e-318 2.3234e-87 1.4371e-83 7.4697e-75 1.6837e-72 ] 0.0000e+00 [ 0.0000e+00 ] 1.0000e+00
 7.967e+01 8.2155e-73 8.2155e-73 [ 9.3926e-319 9.4012e-88 5.8829e-84 3.1445e-75 8.1841e-73 ] 0.0000e+00 [ 0.0000e+00 ] 1.0000e+00
 7.979e+01 2.4303e-73 2.4303e-73 [ 1.3803e-319 2.2177e-88 1.3980e-84 7.6042e-76 2.4227e-73 ] 0.0000e+00 [ 0.0000e+00 ] 1.0000e+00
 7.990e+01 0.0000e+00 0.0000e+00 [ 0.0000e+00 0.0000e+00 0.0000e+00 0.0000e+00 0.0000e+00 ] 0.0000e+00 [ 0.0000e+00 ] 1.0000e+00
