 0.000e+00 0.0000e+00 0.0000e+00 [ 0.0000e+00 0.0000e+00 0.0000e+00 0.0000e+00 ] 1.0000e+00
 1.133e-01 2.0147e-02 2.0147e-02 [ 1.9202e-02 2.5762e-04 4.0949e-04 2.7778e-04 ] 9.7985e-01
 2.267e-01 3.9215e-02 3.9215e-02 [ 3.5455e-02 1.0355e-03 1.6392e-03 1.0852e-03 ] 9.6078e-01
 3.400e-01 5.8229e-02 5.8229e-02 [ 4.9808e-02 2.3458e-03 3.6886e-03 2.3865e-03 ] 9.4177e-01
 4.533e-01 7.7899e-02 7.7899e-02 [ 6.3001e-02 4.2028e-03 6.5488e-03 4.1471e-03 ] 9.2210e-01
 5.667e-01 9.8756e-02 9.8756e-02 [ 7.5609e-02 6.6190e-03 1.0198e-02 6.3308e-03 ] 9.0124e-01
 6.800e-01 1.2116e-01 1.2116e-01 [ 8.8069e-02 9.6008e-03 1.4596e-02 8.8976e-03 ] 8.7884e-01
 7.933e-01 1.4533e-01 1.4533e-01 [ 1.0070e-01 1.3144e-02 1.9684e-02 1.1801e-02 ] 8.5467e-01
 9.067e-01 1.7130e-01 1.7130e-01 [ 1.1370e-01 1.7229e-02 2.5378e-02 1.4989e-02 ] 8.2870e-01
 1.020e+00 1.9896e-01 1.9896e-01 [ 1.2718e-01 2.1815e-02 3.1569e-02 1.8400e-02 ] 8.0104e-01
 1.133e+00 2.2803e-01 2.2803e-01 [ 1.4109e-01 2.6842e-02 3.8126e-02 2.1965e-02 ] 7.7197e-01
 1.247e+00 2.5803e-01 2.5803e-01 [ 1.5531e-01 3.2221e-02 4.4895e-02 2.5607e-02 ] 7.4197e-01
 1.360e+00 2.8834e-01 2.8834e-01 [ 1.6955e-01 3.7840e-02 5.1707e-02 2.9246e-02 ] 7.1166e-01
 1.473e+00 3.1821e-01 3.1821e-01 [ 1.8345e-01 4.3566e-02 5.8387e-02 3.2801e-02 ] 6.8179e-01
 1.587e+00 3.4677e-01 3.4677e-01 [ 1.9656e-01 4.9254e-02 6.4763e-02 3.6196e-02 ] 6.5323e-01
 1.700e+00 3.7316e-01 3.7316e-01 [ 2.0836e-01 5.4753e-02 7.0680e-02 3.9363e-02 ] 6.2684e-01
 1.813e+00 3.9654e-01 3.9654e-01 [ 2.1837e-01 5.9917e-02 7.6006e-02 4.2245e-02 ] 6.0346e-01
 1.927e+00 4.1620e-01 4.1620e-01 [ 2.2614e-01 6.4616e-02 8.0644e-02 4.4802e-02 ] 5.8380e-01
 2.040e+00 4.3159e-01 4.3159e-01 [ 2.3131e-01 6.8743e-02 8.4528e-02 4.7010e-02 ] 5.6841e-01
 2.153e+00 4.4235e-01 4.4235e-01 [ 2.3365e-01 7.2215e-02 8.7630e-02 4.8856e-02 ] 5.5765e-01
 2.267e+00 4.4833e-01 4.4833e-01 [ 2.3306e-01 7.4978e-02 8.9945e-02 5.0340e-02 ] 5.5167e-01
 2.380e+00 4.4957e-01 4.4957e-01 [ 2.2960e-01 7.7002e-02 9.1495e-02 5.1469e-02 ] 5.5043e-01
 2.493e+00 4.4629e-01 4.4629e-01 [ 2.2344e-01 7.8283e-02 9.2314e-02 5.2255e-02 ] 5.5371e-01
 2.607e+00 4.3888e-01 4.3888e-01 [ 2.1488e-01 7.8838e-02 9.2450e-02 5.2712e-02 ] 5.6112e-01
 2.720e+00 4.2784e-01 4.2784e-01 [ 2.0432e-01 7.8701e-02 9.1959e-02 5.2859e-02 ] 5.7216e-01
 2.833e+00 4.1374e-01 4.1374e-01 [ 1.9219e-01 7.7928e-02 9.0906e-02 5.2713e-02 ] 5.8626e-01
 2.947e+00 3.9722e-01 3.9722e-01 [ 1.7897e-01 7.6587e-02 8.9359e-02 5.2300e-02 ] 6.0278e-01
 3.060e+00 3.7895e-01 3.7895e-01 [ 1.6515e-01 7.4759e-02 8.7393e-02 5.1645e-02 ] 6.2105e-01
 3.173e+00 3.5955e-01 3.5955e-01 [ 1.5115e-01 7.2533e-02 8.5088e-02 5.0778e-02 ] 6.4045e-01
 3.287e+00 3.3963e-01 3.3963e-01 [ 1.3737e-01 7.0001e-02 8.2520e-02 4.9731e-02 ] 6.6037e-01
 3.400e+00 3.1969e-01 3.1969e-01 [ 1.2412e-01 6.7256e-02 7.9769e-02 4.8540e-02 ] 6.8031e-01
 3.513e+00 3.0017e-01 3.0017e-01 [ 1.1164e-01 6.4383e-02 7.6906e-02 4.7237e-02 ] 6.9983e-01
 3.627e+00 2.8140e-01 2.8140e-01 [ 1.0008e-01 6.1459e-02 7.3997e-02 4.5858e-02 ] 7.1860e-01
 3.740e+00 2.6362e-01 2.6362e-01 [ 8.9542e-02 5.8551e-02 7.1099e-02 4.4432e-02 ] 7.3638e-01
 3.853e+00 2.4701e-01 2.4701e-01 [ 8.0049e-02 5.5713e-02 6.8259e-02 4.2987e-02 ] 7.5299e-01
 3.967e+00 2.3163e-01 2.3163e-01 [ 7.1589e-02 5.2985e-02 6.5514e-02 4.1546e-02 ] 7.6837e-01
 4.080e+00 2.1753e-01 2.1753e-01 [ 6.4112e-02 5.0399e-02 6.2893e-02 4.0130e-02 ] 7.8247e-01
 4.193e+00 2.0469e-01 2.0469e-01 [ 5.7547e-02 4.7974e-02 6.0415e-02 3.8754e-02 ] 7.9531e-01
 4.307e+00 1.9305e-01 1.9305e-01 [ 5.1810e-02 4.5720e-02 5.8094e-02 3.7429e-02 ] 8.0695e-01
 4.420e+00 1.8255e-01 1.8255e-01 [ 4.6811e-02 4.3642e-02 5.5935e-02 3.6164e-02 ] 8.1745e-01
 4.533e+00 1.7311e-01 1.7311e-01 [ 4.2464e-02 4.1737e-02 5.3940e-02 3.4965e-02 ] 8.2689e-01
 4.647e+00 1.6462e-01 1.6462e-01 [ 3.8682e-02 4.0000e-02 5.2107e-02 3.3835e-02 ] 8.3538e-01
 4.760e+00 1.5702e-01 1.5702e-01 [ 3.5388e-02 3.8421e-02 5.0431e-02 3.2775e-02 ] 8.4298e-01
 4.873e+00 1.5019e-01 1.5019e-01 [ 3.2512e-02 3.6990e-02 4.8905e-02 3.1786e-02 ] 8.4981e-01
 4.987e+00 1.4407e-01 1.4407e-01 [ 2.9993e-02 3.5694e-02 4.7520e-02 3.0865e-02 ] 8.5593e-01
 5.100e+00 1.3857e-01 1.3857e-01 [ 2.7775e-02 3.4522e-02 4.6268e-02 3.0010e-02 ] 8.6143e-01
 5.213e+00 1.3363e-01 1.3363e-01 [ 2.5813e-02 3.3460e-02 4.5138e-02 2.9219e-02 ] 8.6637e-01
 5.327e+00 1.2917e-01 1.2917e-01 [ 2.4067e-02 3.2498e-02 4.4122e-02 2.8489e-02 ] 8.7083e-01
 5.440e+00 1.2515e-01 1.2515e-01 [ 2.2503e-02 3.1623e-02 4.3208e-02 2.7816e-02 ] 8.7485e-01
 5.553e+00 1.2151e-01 1.2151e-01 [ 2.1094e-02 3.0825e-02 4.2389e-02 2.7197e-02 ] 8.7849e-01
 5.667e+00 1.1819e-01 1.1819e-01 [ 1.9817e-02 3.0094e-02 4.1656e-02 2.6628e-02 ] 8.8181e-01
 5.780e+00 1.1518e-01 1.1518e-01 [ 1.8651e-02 2.9421e-02 4.1000e-02 2.6106e-02 ] 8.8482e-01
 5.893e+00 1.1242e-01 1.1242e-01 [ 1.7580e-02 2.8798e-02 4.0413e-02 2.5627e-02 ] 8.8758e-01
 6.007e+00 1.0989e-01 1.0989e-01 [ 1.6592e-02 2.8218e-02 3.9888e-02 2.5189e-02 ] 8.9011e-01
 6.120e+00 1.0755e-01 1.0755e-01 [ 1.5674e-02 2.7674e-02 3.9418e-02 2.4787e-02 ] 8.9245e-01
 6.233e+00 1.0540e-01 1.0540e-01 [ 1.4818e-02 2.7161e-02 3.8998e-02 2.4420e-02 ] 8.9460e-01
 6.347e+00 1.0339e-01 1.0339e-01 [ 1.4017e-02 2.6673e-02 3.8621e-02 2.4084e-02 ] 8.9661e-01
 6.460e+00 1.0153e-01 1.0153e-01 [ 1.3264e-02 2.6207e-02 3.8282e-02 2.3776e-02 ] 8.9847e-01
 6.573e+00 9.9782e-02 9.9782e-02 [ 1.2554e-02 2.5757e-02 3.7976e-02 2.3495e-02 ] 9.0022e-01
 6.687e+00 9.8140e-02 9.8140e-02 [ 1.1882e-02 2.5322e-02 3.7699e-02 2.3238e-02 ] 9.0186e-01
 6.800e+00 9.6592e-02 9.6592e-02 [ 1.1245e-02 2.4899e-02 3.7446e-02 2.3002e-02 ] 9.0341e-01
 6.913e+00 9.5126e-02 9.5126e-02 [ 1.0640e-02 2.4484e-02 3.7215e-02 2.2786e-02 ] 9.0487e-01
 7.027e+00 9.3732e-02 9.3732e-02 [ 1.0065e-02 2.4076e-02 3.7003e-02 2.2588e-02 ] 9.0627e-01
 7.140e+00 9.2402e-02 9.2402e-02 [ 9.5172e-03 2.3674e-02 3.6805e-02 2.2407e-02 ] 9.0760e-01
 7.253e+00 9.1129e-02 9.1129e-02 [ 8.9950e-03 2.3275e-02 3.6619e-02 2.2240e-02 ] 9.0887e-01
 7.367e+00 8.9905e-02 8.9905e-02 [ 8.4968e-03 2.2878e-02 3.6444e-02 2.2086e-02 ] 9.1010e-01
 7.480e+00 8.8726e-02 8.8726e-02 [ 8.0214e-03 2.2484e-02 3.6277e-02 2.1944e-02 ] 9.1127e-01
 7.593e+00 8.7585e-02 8.7585e-02 [ 7.5676e-03 2.2090e-02 3.6115e-02 2.1812e-02 ] 9.1241e-01
 7.707e+00 8.6480e-02 8.6480e-02 [ 7.1343e-03 2.1697e-02 3.5959e-02 2.1690e-02 ] 9.1352e-01
 7.820e+00 8.5405e-02 8.5405e-02 [ 6.7207e-03 2.1304e-02 3.5805e-02 2.1576e-02 ] 9.1459e-01
 7.933e+00 8.4358e-02 8.4358e-02 [ 6.3260e-03 2.0910e-02 3.5653e-02 2.1469e-02 ] 9.1564e-01
 8.047e+00 8.3335e-02 8.3335e-02 [ 5.9494e-03 2.0516e-02 3.5501e-02 2.1369e-02 ] 9.1666e-01
 8.160e+00 8.2335e-02 8.2335e-02 [ 5.5902e-03 2.0121e-02 3.5349e-02 2.1274e-02 ] 9.1767e-01
 8.273e+00 8.1353e-02 8.1353e-02 [ 5.2479e-03 1.9725e-02 3.5196e-02 2.1185e-02 ] 9.1865e-01
 8.387e+00 8.0390e-02 8.0390e-02 [ 4.9218e-03 1.9328e-02 3.5041e-02 2.1099e-02 ] 9.1961e-01
 8.500e+00 7.9442e-02 7.9442e-02 [ 4.6114e-03 1.8930e-02 3.4883e-02 2.1017e-02 ] 9.2056e-01
 8.613e+00 7.8509e-02 7.8509e-02 [ 4.3162e-03 1.8532e-02 3.4723e-02 2.0938e-02 ] 9.2149e-01
 8.727e+00 7.7589e-02 7.7589e-02 [ 4.0357e-03 1.8133e-02 3.4559e-02 2.0861e-02 ] 9.2241e-01
 8.840e+00 7.6680e-02 7.6680e-02 [ 3.7692e-03 1.7734e-02 3.4390e-02 2.0786e-02 ] 9.2332e-01
 8.953e+00 7.5783e-02 7.5783e-02 [ 3.5165e-03 1.7335e-02 3.4218e-02 2.0713e-02 ] 9.2422e-01
 9.067e+00 7.4895e-02 7.4895e-02 [ 3.2770e-03 1.6935e-02 3.4042e-02 2.0641e-02 ] 9.2510e-01
 9.180e+00 7.4017e-02 7.4017e-02 [ 3.0503e-03 1.6536e-02 3.3860e-02 2.0570e-02 ] 9.2598e-01
 9.293e+00 7.3148e-02 7.3148e-02 [ 2.8359e-03 1.6138e-02 3.3675e-02 2.0500e-02 ] 9.2685e-01
 9.407e+00 7.2286e-02 7.2286e-02 [ 2.6333e-03 1.5740e-02 3.3484e-02 2.0429e-02 ] 9.2771e-01
 9.520e+00 7.1433e-02 7.1433e-02 [ 2.4422e-03 1.5343e-02 3.3288e-02 2.0359e-02 ] 9.2857e-01
 9.633e+00 7.0586e-02 7.0586e-02 [ 2.2621e-03 1.4948e-02 3.3088e-02 2.0288e-02 ] 9.2941e-01
 9.747e+00 6.9746e-02 6.9746e-02 [ 2.0926e-03 1.4554e-02 3.2883e-02 2.0217e-02 ] 9.3025e-01
 9.860e+00 6.8912e-02 6.8912e-02 [ 1.9333e-03 1.4161e-02 3.2672e-02 2.0145e-02 ] 9.3109e-01
 9.973e+00 6.8085e-02 6.8085e-02 [ 1.7837e-03 1.3771e-02 3.2457e-02 2.0073e-02 ] 9.3192e-01
 1.009e+01 6.7263e-02 6.7263e-02 [ 1.6435e-03 1.3384e-02 3.2237e-02 1.9999e-02 ] 9.3274e-01
 1.020e+01 6.6447e-02 6.6447e-02 [ 1.5122e-03 1.2998e-02 3.2012e-02 1.9924e-02 ] 9.3355e-01
 1.031e+01 6.5636e-02 6.5636e-02 [ 1.3894e-03 1.2616e-02 3.1782e-02 1.9849e-02 ] 9.3436e-01
 1.043e+01 6.4831e-02 6.4831e-02 [ 1.2748e-03 1.2237e-02 3.1547e-02 1.9771e-02 ] 9.3517e-01
 1.054e+01 6.4030e-02 6.4030e-02 [ 1.1679e-03 1.1862e-02 3.1308e-02 1.9693e-02 ] 9.3597e-01
 1.065e+01 6.3235e-02 6.3235e-02 [ 1.0684e-03 1.1490e-02 3.1064e-02 1.9613e-02 ] 9.3677e-01
 1.077e+01 6.2444e-02 6.2444e-02 [ 9.7599e-04 1.1122e-02 3.0815e-02 1.9531e-02 ] 9.3756e-01
 1.088e+01 6.1658e-02 6.1658e-02 [ 8.9019e-04 1.0758e-02 3.0561e-02 1.9448e-02 ] 9.3834e-01
 1.099e+01 6.0876e-02 6.0876e-02 [ 8.1068e-04 1.0399e-02 3.0303e-02 1.9363e-02 ] 9.3912e-01
 1.111e+01 6.0098e-02 6.0098e-02 [ 7.3713e-04 1.0044e-02 3.0040e-02 1.9276e-02 ] 9.3990e-01
 1.122e+01 5.9325e-02 5.9325e-02 [ 6.6920e-04 9.6946e-03 2.9773e-02 1.9188e-02 ] 9.4068e-01
 1.133e+01 5.8555e-02 5.8555e-02 [ 6.0656e-04 9.3501e-03 2.9501e-02 1.9098e-02 ] 9.4144e-01
 1.145e+01 5.7790e-02 5.7790e-02 [ 5.4889e-04 9.0109e-03 2.9225e-02 1.9005e-02 ] 9.4221e-01
 1.156e+01 5.7028e-02 5.7028e-02 [ 4.9590e-04 8.6774e-03 2.8944e-02 1.8911e-02 ] 9.4297e-01
 1.167e+01 5.6270e-02 5.6270e-02 [ 4.4727e-04 8.3496e-03 2.8658e-02 1.8815e-02 ] 9.4373e-01
 1.179e+01 5.5515e-02 5.5515e-02 [ 4.0274e-04 8.0277e-03 2.8369e-02 1.8716e-02 ] 9.4448e-01
 1.190e+01 5.4764e-02 5.4764e-02 [ 3.6203e-04 7.7120e-03 2.8074e-02 1.8616e-02 ] 9.4524e-01
 1.201e+01 5.4016e-02 5.4016e-02 [ 3.2488e-04 7.4026e-03 2.7775e-02 1.8513e-02 ] 9.4598e-01
 1.213e+01 5.3271e-02 5.3271e-02 [ 2.9103e-04 7.0997e-03 2.7472e-02 1.8408e-02 ] 9.4673e-01
 1.224e+01 5.2529e-02 5.2529e-02 [ 2.6025e-04 6.8033e-03 2.7164e-02 1.8301e-02 ] 9.4747e-01
 1.235e+01 5.1790e-02 5.1790e-02 [ 2.3232e-04 6.5137e-03 2.6852e-02 1.8192e-02 ] 9.4821e-01
 1.247e+01 5.1053e-02 5.1053e-02 [ 2.0701e-04 6.2310e-03 2.6535e-02 1.8080e-02 ] 9.4895e-01
 1.258e+01 5.0320e-02 5.0320e-02 [ 1.8413e-04 5.9551e-03 2.6214e-02 1.7966e-02 ] 9.4968e-01
 1.269e+01 4.9588e-02 4.9588e-02 [ 1.6348e-04 5.6864e-03 2.5889e-02 1.7849e-02 ] 9.5041e-01
 1.281e+01 4.8859e-02 4.8859e-02 [ 1.4487e-04 5.4248e-03 2.5559e-02 1.7730e-02 ] 9.5114e-01
 1.292e+01 4.8132e-02 4.8132e-02 [ 1.2815e-04 5.1703e-03 2.5225e-02 1.7609e-02 ] 9.5187e-01
 1.303e+01 4.7408e-02 4.7408e-02 [ 1.1314e-04 4.9232e-03 2.4886e-02 1.7485e-02 ] 9.5259e-01
 1.315e+01 4.6685e-02 4.6685e-02 [ 9.9704e-05 4.6833e-03 2.4544e-02 1.7358e-02 ] 9.5332e-01
 1.326e+01 4.5964e-02 4.5964e-02 [ 8.7695e-05 4.4508e-03 2.4197e-02 1.7229e-02 ] 9.5404e-01
 1.337e+01 4.5245e-02 4.5245e-02 [ 7.6983e-05 4.2256e-03 2.3845e-02 1.7097e-02 ] 9.5475e-01
 1.349e+01 4.4528e-02 4.4528e-02 [ 6.7449e-05 4.0077e-03 2.3490e-02 1.6962e-02 ] 9.5547e-01
 1.360e+01 4.3812e-02 4.3812e-02 [ 5.8980e-05 3.7972e-03 2.3131e-02 1.6825e-02 ] 9.5619e-01
 1.371e+01 4.3097e-02 4.3097e-02 [ 5.1473e-05 3.5940e-03 2.2767e-02 1.6685e-02 ] 9.5690e-01
 1.383e+01 4.2384e-02 4.2384e-02 [ 4.4832e-05 3.3981e-03 2.2400e-02 1.6542e-02 ] 9.5762e-01
 1.394e+01 4.1673e-02 4.1673e-02 [ 3.8970e-05 3.2095e-03 2.2029e-02 1.6395e-02 ] 9.5833e-01
 1.405e+01 4.0962e-02 4.0962e-02 [ 3.3806e-05 3.0280e-03 2.1654e-02 1.6246e-02 ] 9.5904e-01
 1.417e+01 4.0253e-02 4.0253e-02 [ 2.9267e-05 2.8536e-03 2.1276e-02 1.6094e-02 ] 9.5975e-01
 1.428e+01 3.9545e-02 3.9545e-02 [ 2.5286e-05 2.6863e-03 2.0894e-02 1.5939e-02 ] 9.6046e-01
 1.439e+01 3.8838e-02 3.8838e-02 [ 2.1801e-05 2.5259e-03 2.0509e-02 1.5781e-02 ] 9.6116e-01
 1.451e+01 3.8132e-02 3.8132e-02 [ 1.8758e-05 2.3723e-03 2.0121e-02 1.5620e-02 ] 9.6187e-01
 1.462e+01 3.7427e-02 3.7427e-02 [ 1.6106e-05 2.2255e-03 1.9730e-02 1.5456e-02 ] 9.6257e-01
 1.473e+01 3.6723e-02 3.6723e-02 [ 1.3799e-05 2.0853e-03 1.9336e-02 1.5288e-02 ] 9.6328e-01
 1.485e+01 3.6021e-02 3.6021e-02 [ 1.1799e-05 1.9515e-03 1.8940e-02 1.5118e-02 ] 9.6398e-01
 1.496e+01 3.5319e-02 3.5319e-02 [ 1.0067e-05 1.8241e-03 1.8541e-02 1.4944e-02 ] 9.6468e-01
 1.507e+01 3.4619e-02 3.4619e-02 [ 8.5706e-06 1.7029e-03 1.8140e-02 1.4767e-02 ] 9.6538e-01
 1.519e+01 3.3920e-02 3.3920e-02 [ 7.2812e-06 1.5878e-03 1.7738e-02 1.4587e-02 ] 9.6608e-01
 1.530e+01 3.3222e-02 3.3222e-02 [ 6.1725e-06 1.4786e-03 1.7334e-02 1.4404e-02 ] 9.6678e-01
 1.541e+01 3.2526e-02 3.2526e-02 [ 5.2213e-06 1.3751e-03 1.6928e-02 1.4217e-02 ] 9.6747e-01
 1.553e+01 3.1831e-02 3.1831e-02 [ 4.4071e-06 1.2772e-03 1.6522e-02 1.4028e-02 ] 9.6817e-01
 1.564e+01 3.1138e-02 3.1138e-02 [ 3.7117e-06 1.1847e-03 1.6114e-02 1.3835e-02 ] 9.6886e-01
 1.575e+01 3.0446e-02 3.0446e-02 [ 3.1192e-06 1.0974e-03 1.5707e-02 1.3639e-02 ] 9.6955e-01
 1.587e+01 2.9757e-02 2.9757e-02 [ 2.6155e-06 1.0151e-03 1.5299e-02 1.3440e-02 ] 9.7024e-01
 1.598e+01 2.9070e-02 2.9070e-02 [ 2.1883e-06 9.3777e-04 1.4891e-02 1.3238e-02 ] 9.7093e-01
 1.609e+01 2.8385e-02 2.8385e-02 [ 1.8268e-06 8.6510e-04 1.4484e-02 1.3034e-02 ] 9.7162e-01
 1.621e+01 2.7702e-02 2.7702e-02 [ 1.5216e-06 7.9692e-04 1.4078e-02 1.2826e-02 ] 9.7230e-01
 1.632e+01 2.7023e-02 2.7023e-02 [ 1.2646e-06 7.3308e-04 1.3673e-02 1.2616e-02 ] 9.7298e-01
 1.643e+01 2.6346e-02 2.6346e-02 [ 1.0486e-06 6.7337e-04 1.3269e-02 1.2403e-02 ] 9.7365e-01
 1.655e+01 2.5673e-02 2.5673e-02 [ 8.6757e-07 6.1762e-04 1.2868e-02 1.2187e-02 ] 9.7433e-01
 1.666e+01 2.5004e-02 2.5004e-02 [ 7.1615e-07 5.6566e-04 1.2469e-02 1.1969e-02 ] 9.7500e-01
 1.677e+01 2.4338e-02 2.4338e-02 [ 5.8982e-07 5.1729e-04 1.2072e-02 1.1748e-02 ] 9.7566e-01
 1.689e+01 2.3677e-02 2.3677e-02 [ 4.8467e-07 4.7234e-04 1.1679e-02 1.1525e-02 ] 9.7632e-01
 1.700e+01 2.3020e-02 2.3020e-02 [ 3.9736e-07 4.3064e-04 1.1289e-02 1.1300e-02 ] 9.7698e-01
 1.711e+01 2.2369e-02 2.2369e-02 [ 3.2503e-07 3.9201e-04 1.0903e-02 1.1074e-02 ] 9.7763e-01
 1.723e+01 2.1722e-02 2.1722e-02 [ 2.6526e-07 3.5629e-04 1.0520e-02 1.0845e-02 ] 9.7828e-01
 1.734e+01 2.1081e-02 2.1081e-02 [ 2.1598e-07 3.2332e-04 1.0143e-02 1.0615e-02 ] 9.7892e-01
 1.745e+01 2.0446e-02 2.0446e-02 [ 1.7546e-07 2.9294e-04 9.7699e-03 1.0383e-02 ] 9.7955e-01
 1.757e+01 1.9817e-02 1.9817e-02 [ 1.4220e-07 2.6498e-04 9.4021e-03 1.0150e-02 ] 9.8018e-01
 1.768e+01 1.9195e-02 1.9195e-02 [ 1.1499e-07 2.3930e-04 9.0399e-03 9.9158e-03 ] 9.8080e-01
 1.779e+01 1.8580e-02 1.8580e-02 [ 9.2763e-08 2.1576e-04 8.6836e-03 9.6807e-03 ] 9.8142e-01
 1.791e+01 1.7973e-02 1.7973e-02 [ 7.4662e-08 1.9422e-04 8.3333e-03 9.4451e-03 ] 9.8203e-01
 1.802e+01 1.7373e-02 1.7373e-02 [ 5.9953e-08 1.7453e-04 7.9894e-03 9.2089e-03 ] 9.8263e-01
 1.813e+01 1.6781e-02 1.6781e-02 [ 4.8030e-08 1.5658e-04 7.6523e-03 8.9725e-03 ] 9.8322e-01
 1.825e+01 1.6198e-02 1.6198e-02 [ 3.8388e-08 1.4024e-04 7.3221e-03 8.7360e-03 ] 9.8380e-01
 1.836e+01 1.5624e-02 1.5624e-02 [ 3.0611e-08 1.2539e-04 6.9992e-03 8.4998e-03 ] 9.8438e-01
 1.847e+01 1.5060e-02 1.5060e-02 [ 2.4352e-08 1.1193e-04 6.6837e-03 8.2640e-03 ] 9.8494e-01
 1.859e+01 1.4504e-02 1.4504e-02 [ 1.9328e-08 9.9731e-05 6.3758e-03 8.0288e-03 ] 9.8550e-01
 1.870e+01 1.3959e-02 1.3959e-02 [ 1.5304e-08 8.8712e-05 6.0758e-03 7.7945e-03 ] 9.8604e-01
 1.881e+01 1.3424e-02 1.3424e-02 [ 1.2090e-08 7.8773e-05 5.7839e-03 7.5614e-03 ] 9.8658e-01
 1.893e+01 1.2900e-02 1.2900e-02 [ 9.5282e-09 6.9825e-05 5.5001e-03 7.3296e-03 ] 9.8710e-01
 1.904e+01 1.2386e-02 1.2386e-02 [ 7.4919e-09 6.1784e-05 5.2246e-03 7.0994e-03 ] 9.8761e-01
 1.915e+01 1.1883e-02 1.1883e-02 [ 5.8769e-09 5.4572e-05 4.9575e-03 6.8711e-03 ] 9.8812e-01
 1.927e+01 1.1392e-02 1.1392e-02 [ 4.5993e-09 4.8116e-05 4.6990e-03 6.6448e-03 ] 9.8861e-01
 1.938e+01 1.0912e-02 1.0912e-02 [ 3.5910e-09 4.2348e-05 4.4489e-03 6.4207e-03 ] 9.8909e-01
 1.949e+01 1.0444e-02 1.0444e-02 [ 2.7972e-09 3.7205e-05 4.2075e-03 6.1992e-03 ] 9.8956e-01
 1.961e+01 9.9878e-03 9.9878e-03 [ 2.1738e-09 3.2627e-05 3.9748e-03 5.9804e-03 ] 9.9001e-01
 1.972e+01 9.5437e-03 9.5437e-03 [ 1.6853e-09 2.8560e-05 3.7506e-03 5.7646e-03 ] 9.9046e-01
 1.983e+01 9.1118e-03 9.1118e-03 [ 1.3036e-09 2.4955e-05 3.5351e-03 5.5518e-03 ] 9.9089e-01
 1.995e+01 8.6922e-03 8.6922e-03 [ 1.0060e-09 2.1765e-05 3.3281e-03 5.3424e-03 ] 9.9131e-01
 2.006e+01 8.2849e-03 8.2849e-03 [ 7.7447e-10 1.8948e-05 3.1296e-03 5.1364e-03 ] 9.9172e-01
 2.017e+01 7.8901e-03 7.8901e-03 [ 5.9486e-10 1.6466e-05 2.9395e-03 4.9342e-03 ] 9.9211e-01
 2.029e+01 7.5077e-03 7.5077e-03 [ 4.5584e-10 1.4282e-05 2.7577e-03 4.7358e-03 ] 9.9249e-01
 2.040e+01 7.1378e-03 7.1378e-03 [ 3.4849e-10 1.2365e-05 2.5841e-03 4.5413e-03 ] 9.9286e-01
 2.051e+01 6.7803e-03 6.7803e-03 [ 2.6581e-10 1.0685e-05 2.4186e-03 4.3510e-03 ] 9.9322e-01
 2.063e+01 6.4352e-03 6.4352e-03 [ 2.0227e-10 9.2169e-06 2.2610e-03 4.1650e-03 ] 9.9356e-01
 2.074e+01 6.1024e-03 6.1024e-03 [ 1.5356e-10 7.9355e-06 2.1111e-03 3.9833e-03 ] 9.9390e-01
 2.085e+01 5.7818e-03 5.7818e-03 [ 1.1631e-10 6.8195e-06 1.9688e-03 3.8062e-03 ] 9.9422e-01
 2.097e+01 5.4733e-03 5.4733e-03 [ 8.7895e-11 5.8495e-06 1.8339e-03 3.6336e-03 ] 9.9453e-01
 2.108e+01 5.1768e-03 5.1768e-03 [ 6.6267e-11 5.0081e-06 1.7062e-03 3.4656e-03 ] 9.9482e-01
 2.119e+01 4.8922e-03 4.8922e-03 [ 4.9846e-11 4.2798e-06 1.5854e-03 3.3024e-03 ] 9.9511e-01
 2.131e+01 4.6191e-03 4.6191e-03 [ 3.7407e-11 3.6505e-06 1.4714e-03 3.1440e-03 ] 9.9538e-01
 2.142e+01 4.3576e-03 4.3576e-03 [ 2.8008e-11 3.1080e-06 1.3640e-03 2.9905e-03 ] 9.9564e-01
 2.153e+01 4.1072e-03 4.1072e-03 [ 2.0923e-11 2.6411e-06 1.2628e-03 2.8417e-03 ] 9.9589e-01
 2.165e+01 3.8679e-03 3.8679e-03 [ 1.5594e-11 2.2402e-06 1.1678e-03 2.6979e-03 ] 9.9613e-01
 2.176e+01 3.6394e-03 3.6394e-03 [ 1.1596e-11 1.8966e-06 1.0785e-03 2.5589e-03 ] 9.9636e-01
 2.187e+01 3.4213e-03 3.4213e-03 [ 8.6029e-12 1.6027e-06 9.9488e-04 2.4249e-03 ] 9.9658e-01
 2.199e+01 3.2136e-03 3.2136e-03 [ 6.3680e-12 1.3518e-06 9.1660e-04 2.2956e-03 ] 9.9679e-01
 2.210e+01 3.0159e-03 3.0159e-03 [ 4.7030e-12 1.1381e-06 8.4345e-04 2.1713e-03 ] 9.9698e-01
 2.221e+01 2.8278e-03 2.8278e-03 [ 3.4655e-12 9.5634e-07 7.7518e-04 2.0517e-03 ] 9.9717e-01
 2.233e+01 2.6492e-03 2.6492e-03 [ 2.5478e-12 8.0214e-07 7.1157e-04 1.9369e-03 ] 9.9735e-01
 2.244e+01 2.4798e-03 2.4798e-03 [ 1.8689e-12 6.7156e-07 6.5237e-04 1.8267e-03 ] 9.9752e-01
 2.255e+01 2.3191e-03 2.3191e-03 [ 1.3679e-12 5.6119e-07 5.9737e-04 1.7212e-03 ] 9.9768e-01
 2.267e+01 2.1671e-03 2.1671e-03 [ 9.9887e-13 4.6809e-07 5.4634e-04 1.6203e-03 ] 9.9783e-01
 2.278e+01 2.0232e-03 2.0232e-03 [ 7.2779e-13 3.8972e-07 4.9906e-04 1.5238e-03 ] 9.9798e-01
 2.289e+01 1.8873e-03 1.8873e-03 [ 5.2909e-13 3.2387e-07 4.5531e-04 1.4317e-03 ] 9.9811e-01
 2.301e+01 1.7590e-03 1.7590e-03 [ 3.8379e-13 2.6865e-07 4.1489e-04 1.3438e-03 ] 9.9824e-01
 2.312e+01 1.6380e-03 1.6380e-03 [ 2.7777e-13 2.2244e-07 3.7760e-04 1.2602e-03 ] 9.9836e-01
 2.323e+01 1.5241e-03 1.5241e-03 [ 2.0059e-13 1.8384e-07 3.4324e-04 1.1807e-03 ] 9.9848e-01
 2.335e+01 1.4169e-03 1.4169e-03 [ 1.4454e-13 1.5166e-07 3.1163e-04 1.1051e-03 ] 9.9858e-01
 2.346e+01 1.3161e-03 1.3161e-03 [ 1.0392e-13 1.2489e-07 2.8259e-04 1.0333e-03 ] 9.9868e-01
 2.357e+01 1.2214e-03 1.2214e-03 [ 7.4552e-14 1.0265e-07 2.5595e-04 9.6535e-04 ] 9.9878e-01
 2.369e+01 1.1326e-03 1.1326e-03 [ 5.3366e-14 8.4226e-08 2.3154e-04 9.0097e-04 ] 9.9887e-01
 2.380e+01 1.0494e-03 1.0494e-03 [ 3.8118e-14 6.8982e-08 2.0921e-04 8.4010e-04 ] 9.9895e-01
 2.391e+01 9.7145e-04 9.7145e-04 [ 2.7167e-14 5.6396e-08 1.8880e-04 7.8259e-04 ] 9.9903e-01
 2.403e+01 8.9856e-04 8.9856e-04 [ 1.9321e-14 4.6023e-08 1.7018e-04 7.2833e-04 ] 9.9910e-01
 2.414e+01 8.3045e-04 8.3045e-04 [ 1.3711e-14 3.7492e-08 1.5322e-04 6.7719e-04 ] 9.9917e-01
 2.425e+01 7.6686e-04 7.6686e-04 [ 9.7086e-15 3.0488e-08 1.3778e-04 6.2905e-04 ] 9.9923e-01
 2.437e+01 7.0756e-04 7.0756e-04 [ 6.8600e-15 2.4748e-08 1.2375e-04 5.8378e-04 ] 9.9929e-01
 2.448e+01 6.5230e-04 6.5230e-04 [ 4.8368e-15 2.0054e-08 1.1102e-04 5.4126e-04 ] 9.9935e-01
 2.459e+01 6.0087e-04 6.0087e-04 [ 3.4031e-15 1.6221e-08 9.9484e-05 5.0137e-04 ] 9.9940e-01
 2.471e+01 5.5304e-04 5.5304e-04 [ 2.3893e-15 1.3099e-08 8.9040e-05 4.6398e-04 ] 9.9945e-01
 2.482e+01 5.0860e-04 5.0860e-04 [ 1.6739e-15 1.0558e-08 7.9601e-05 4.2899e-04 ] 9.9949e-01
 2.493e+01 4.6735e-04 4.6735e-04 [ 1.1703e-15 8.4962e-09 7.1079e-05 3.9626e-04 ] 9.9953e-01
 2.505e+01 4.2909e-04 4.2909e-04 [ 8.1644e-16 6.8250e-09 6.3396e-05 3.6569e-04 ] 9.9957e-01
 2.516e+01 3.9365e-04 3.9365e-04 [ 5.6840e-16 5.4731e-09 5.6479e-05 3.3717e-04 ] 9.9961e-01
 2.527e+01 3.6084e-04 3.6084e-04 [ 3.9489e-16 4.3815e-09 5.0258e-05 3.1058e-04 ] 9.9964e-01
 2.539e+01 3.3050e-04 3.3050e-04 [ 2.7378e-16 3.5016e-09 4.4672e-05 2.8583e-04 ] 9.9967e-01
 2.550e+01 3.0247e-04 3.0247e-04 [ 1.8942e-16 2.7938e-09 3.9661e-05 2.6281e-04 ] 9.9970e-01
 2.561e+01 2.7660e-04 2.7660e-04 [ 1.3078e-16 2.2252e-09 3.5173e-05 2.4142e-04 ] 9.9972e-01
 2.573e+01 2.5273e-04 2.5273e-04 [ 9.0110e-17 1.7694e-09 3.1157e-05 2.2157e-04 ] 9.9975e-01
 2.584e+01 2.3074e-04 2.3074e-04 [ 6.1960e-17 1.4046e-09 2.7569e-05 2.0317e-04 ] 9.9977e-01
 2.595e+01 2.1050e-04 2.1050e-04 [ 4.2517e-17 1.1132e-09 2.4366e-05 1.8613e-04 ] 9.9979e-01
 2.607e+01 1.9188e-04 1.9188e-04 [ 2.9116e-17 8.8078e-10 2.1512e-05 1.7036e-04 ] 9.9981e-01
 2.618e+01 1.7477e-04 1.7477e-04 [ 1.9899e-17 6.9574e-10 1.8971e-05 1.5579e-04 ] 9.9983e-01
 2.629e+01 1.5905e-04 1.5905e-04 [ 1.3572e-17 5.4868e-10 1.6711e-05 1.4234e-04 ] 9.9984e-01
 2.641e+01 1.4464e-04 1.4464e-04 [ 9.2381e-18 4.3200e-10 1.4705e-05 1.2994e-04 ] 9.9986e-01
 2.652e+01 1.3143e-04 1.3143e-04 [ 6.2756e-18 3.3958e-10 1.2925e-05 1.1850e-04 ] 9.9987e-01
 2.663e+01 1.1933e-04 1.1933e-04 [ 4.2546e-18 2.6651e-10 1.1348e-05 1.0798e-04 ] 9.9988e-01
 2.675e+01 1.0826e-04 1.0826e-04 [ 2.8788e-18 2.0882e-10 9.9533e-06 9.8311e-05 ] 9.9989e-01
 2.686e+01 9.8145e-05 9.8145e-05 [ 1.9440e-18 1.6336e-10 8.7202e-06 8.9425e-05 ] 9.9990e-01
 2.697e+01 8.8903e-05 8.8903e-05 [ 1.3101e-18 1.2760e-10 7.6316e-06 8.1271e-05 ] 9.9991e-01
 2.709e+01 8.0468e-05 8.0468e-05 [ 8.8124e-19 9.9506e-11 6.6718e-06 7.3796e-05 ] 9.9992e-01
 2.720e+01 7.2777e-05 7.2777e-05 [ 5.9159e-19 7.7477e-11 5.8264e-06 6.6951e-05 ] 9.9993e-01
 2.731e+01 6.5770e-05 6.5770e-05 [ 3.9637e-19 6.0231e-11 5.0828e-06 6.0688e-05 ] 9.9993e-01
 2.743e+01 5.9392e-05 5.9392e-05 [ 2.6506e-19 4.6752e-11 4.4294e-06 5.4963e-05 ] 9.9994e-01
 2.754e+01 5.3591e-05 5.3591e-05 [ 1.7690e-19 3.6233e-11 3.8559e-06 4.9735e-05 ] 9.9995e-01
 2.765e+01 4.8319e-05 4.8319e-05 [ 1.1784e-19 2.8038e-11 3.3531e-06 4.4966e-05 ] 9.9995e-01
 2.777e+01 4.3533e-05 4.3533e-05 [ 7.8349e-20 2.1663e-11 2.9129e-06 4.0620e-05 ] 9.9996e-01
 2.788e+01 3.9190e-05 3.9190e-05 [ 5.1992e-20 1.6712e-11 2.5278e-06 3.6662e-05 ] 9.9996e-01
 2.799e+01 3.5254e-05 3.5254e-05 [ 3.4436e-20 1.2874e-11 2.1913e-06 3.3062e-05 ] 9.9996e-01
 2.811e+01 3.1689e-05 3.1689e-05 [ 2.2765e-20 9.9017e-12 1.8977e-06 2.9791e-05 ] 9.9997e-01
 2.822e+01 2.8462e-05 2.8462e-05 [ 1.5021e-20 7.6045e-12 1.6418e-06 2.6820e-05 ] 9.9997e-01
 2.833e+01 2.5545e-05 2.5545e-05 [ 9.8927e-21 5.8316e-12 1.4189e-06 2.4126e-05 ] 9.9997e-01
 2.845e+01 2.2909e-05 2.2909e-05 [ 6.5031e-21 4.4654e-12 1.2250e-06 2.1684e-05 ] 9.9998e-01
 2.856e+01 2.0529e-05 2.0529e-05 [ 4.2669e-21 3.4143e-12 1.0565e-06 1.9473e-05 ] 9.9998e-01
 2.867e+01 1.8383e-05 1.8383e-05 [ 2.7945e-21 2.6068e-12 9.1030e-07 1.7473e-05 ] 9.9998e-01
 2.879e+01 1.6449e-05 1.6449e-05 [ 1.8268e-21 1.9874e-12 7.8353e-07 1.5665e-05 ] 9.9998e-01
 2.890e+01 1.4707e-05 1.4707e-05 [ 1.1920e-21 1.5129e-12 6.7374e-07 1.4033e-05 ] 9.9999e-01
 2.901e+01 1.3139e-05 1.3139e-05 [ 7.7637e-22 1.1501e-12 5.7876e-07 1.2561e-05 ] 9.9999e-01
 2.913e+01 1.1730e-05 1.1730e-05 [ 5.0473e-22 8.7304e-13 4.9667e-07 1.1233e-05 ] 9.9999e-01
 2.924e+01 1.0464e-05 1.0464e-05 [ 3.2754e-22 6.6178e-13 4.2580e-07 1.0038e-05 ] 9.9999e-01
 2.935e+01 9.3278e-06 9.3278e-06 [ 2.1217e-22 5.0093e-13 3.6469e-07 8.9631e-06 ] 9.9999e-01
 2.947e+01 8.3086e-06 8.3086e-06 [ 1.3719e-22 3.7864e-13 3.1204e-07 7.9966e-06 ] 9.9999e-01
 2.958e+01 7.3953e-06 7.3953e-06 [ 8.8545e-23 2.8581e-13 2.6673e-07 7.1285e-06 ] 9.9999e-01
 2.969e+01 6.5774e-06 6.5774e-06 [ 5.7047e-23 2.1543e-13 2.2777e-07 6.3496e-06 ] 9.9999e-01
 2.981e+01 5.8456e-06 5.8456e-06 [ 3.6689e-23 1.6216e-13 1.9432e-07 5.6512e-06 ] 9.9999e-01
 2.992e+01 5.1913e-06 5.1913e-06 [ 2.3553e-23 1.2189e-13 1.6562e-07 5.0257e-06 ] 9.9999e-01
 3.003e+01 4.6068e-06 4.6068e-06 [ 1.5094e-23 9.1498e-14 1.4102e-07 4.4658e-06 ] 1.0000e+00
 3.015e+01 4.0851e-06 4.0851e-06 [ 9.6560e-24 6.8589e-14 1.1996e-07 3.9652e-06 ] 1.0000e+00
 3.026e+01 3.6198e-06 3.6198e-06 [ 6.1662e-24 5.1346e-14 1.0195e-07 3.5178e-06 ] 1.0000e+00
 3.037e+01 3.2051e-06 3.2051e-06 [ 3.9308e-24 3.8386e-14 8.6558e-08 3.1185e-06 ] 1.0000e+00
 3.049e+01 2.8358e-06 2.8358e-06 [ 2.5014e-24 2.8659e-14 7.3421e-08 2.7624e-06 ] 1.0000e+00
 3.060e+01 2.5072e-06 2.5072e-06 [ 1.5890e-24 2.1367e-14 6.2219e-08 2.4450e-06 ] 1.0000e+00
 3.071e+01 2.2150e-06 2.2150e-06 [ 1.0077e-24 1.5910e-14 5.2677e-08 2.1624e-06 ] 1.0000e+00
 3.083e+01 1.9555e-06 1.9555e-06 [ 6.3794e-25 1.1831e-14 4.4556e-08 1.9109e-06 ] 1.0000e+00
 3.094e+01 1.7251e-06 1.7251e-06 [ 4.0316e-25 8.7857e-15 3.7651e-08 1.6874e-06 ] 1.0000e+00
 3.105e+01 1.5207e-06 1.5207e-06 [ 2.5435e-25 6.5159e-15 3.1787e-08 1.4889e-06 ] 1.0000e+00
 3.117e+01 1.3395e-06 1.3395e-06 [ 1.6020e-25 4.8261e-15 2.6811e-08 1.3127e-06 ] 1.0000e+00
 3.128e+01 1.1791e-06 1.1791e-06 [ 1.0072e-25 3.5699e-15 2.2594e-08 1.1565e-06 ] 1.0000e+00
 3.139e+01 1.0371e-06 1.0371e-06 [ 6.3221e-26 2.6373e-15 1.9022e-08 1.0181e-06 ] 1.0000e+00
 3.151e+01 9.1152e-07 9.1152e-07 [ 3.9616e-26 1.9458e-15 1.6000e-08 8.9552e-07 ] 1.0000e+00
 3.162e+01 8.0058e-07 8.0058e-07 [ 2.4782e-26 1.4337e-15 1.3445e-08 7.8713e-07 ] 1.0000e+00
 3.173e+01 7.0263e-07 7.0263e-07 [ 1.5477e-26 1.0551e-15 1.1289e-08 6.9134e-07 ] 1.0000e+00
 3.185e+01 6.1621e-07 6.1621e-07 [ 9.6496e-27 7.7544e-16 9.4692e-09 6.0674e-07 ] 1.0000e+00
 3.196e+01 5.4003e-07 5.4003e-07 [ 6.0063e-27 5.6920e-16 7.9358e-09 5.3209e-07 ] 1.0000e+00
 3.207e+01 4.7292e-07 4.7292e-07 [ 3.7324e-27 4.1728e-16 6.6446e-09 4.6627e-07 ] 1.0000e+00
 3.219e+01 4.1385e-07 4.1385e-07 [ 2.3155e-27 3.0552e-16 5.5585e-09 4.0829e-07 ] 1.0000e+00
 3.230e+01 3.6189e-07 3.6189e-07 [ 1.4341e-27 2.2342e-16 4.6458e-09 3.5725e-07 ] 1.0000e+00
 3.241e+01 3.1623e-07 3.1623e-07 [ 8.8678e-28 1.6317e-16 3.8794e-09 3.1235e-07 ] 1.0000e+00
 3.253e+01 2.7613e-07 2.7613e-07 [ 5.4743e-28 1.1902e-16 3.2366e-09 2.7289e-07 ] 1.0000e+00
 3.264e+01 2.4094e-07 2.4094e-07 [ 3.3740e-28 8.6714e-17 2.6978e-09 2.3824e-07 ] 1.0000e+00
 3.275e+01 2.1009e-07 2.1009e-07 [ 2.0761e-28 6.3097e-17 2.2468e-09 2.0784e-07 ] 1.0000e+00
 3.287e+01 1.8305e-07 1.8305e-07 [ 1.2754e-28 4.5855e-17 1.8695e-09 1.8118e-07 ] 1.0000e+00
 3.298e+01 1.5938e-07 1.5938e-07 [ 7.8224e-29 3.3284e-17 1.5542e-09 1.5782e-07 ] 1.0000e+00
 3.309e+01 1.3867e-07 1.3867e-07 [ 4.7900e-29 2.4130e-17 1.2909e-09 1.3737e-07 ] 1.0000e+00
 3.321e+01 1.2056e-07 1.2056e-07 [ 2.9285e-29 1.7472e-17 1.0713e-09 1.1949e-07 ] 1.0000e+00
 3.332e+01 1.0474e-07 1.0474e-07 [ 1.7875e-29 1.2636e-17 8.8823e-10 1.0385e-07 ] 1.0000e+00
 3.343e+01 9.0935e-08 9.0935e-08 [ 1.0893e-29 9.1276e-18 7.3583e-10 9.0200e-08 ] 1.0000e+00
 3.355e+01 7.8892e-08 7.8892e-08 [ 6.6280e-30 6.5853e-18 6.0904e-10 7.8283e-08 ] 1.0000e+00
 3.366e+01 6.8395e-08 6.8395e-08 [ 4.0264e-30 4.7454e-18 5.0366e-10 6.7891e-08 ] 1.0000e+00
 3.377e+01 5.9252e-08 5.9252e-08 [ 2.4421e-30 3.4155e-18 4.1616e-10 5.8836e-08 ] 1.0000e+00
 3.389e+01 5.1295e-08 5.1295e-08 [ 1.4789e-30 2.4554e-18 3.4356e-10 5.0951e-08 ] 1.0000e+00
 3.400e+01 4.4375e-08 4.4375e-08 [ 8.9415e-31 1.7631e-18 2.8338e-10 4.4091e-08 ] 1.0000e+00
 3.411e+01 3.8361e-08 3.8361e-08 [ 5.3977e-31 1.2645e-18 2.3354e-10 3.8127e-08 ] 1.0000e+00
 3.423e+01 3.3139e-08 3.3139e-08 [ 3.2534e-31 9.0580e-19 1.9230e-10 3.2946e-08 ] 1.0000e+00
 3.434e+01 2.8607e-08 2.8607e-08 [ 1.9579e-31 6.4811e-19 1.5821e-10 2.8449e-08 ] 1.0000e+00
 3.445e+01 2.4678e-08 2.4678e-08 [ 1.1764e-31 4.6319e-19 1.3005e-10 2.4548e-08 ] 1.0000e+00
 3.457e+01 2.1273e-08 2.1273e-08 [ 7.0577e-32 3.3064e-19 1.0681e-10 2.1166e-08 ] 1.0000e+00
 3.468e+01 1.8325e-08 1.8325e-08 [ 4.2276e-32 2.3575e-19 8.7651e-11 1.8237e-08 ] 1.0000e+00
 3.479e+01 1.5774e-08 1.5774e-08 [ 2.5285e-32 1.6790e-19 7.1867e-11 1.5703e-08 ] 1.0000e+00
 3.491e+01 1.3569e-08 1.3569e-08 [ 1.5100e-32 1.1944e-19 5.8876e-11 1.3511e-08 ] 1.0000e+00
 3.502e+01 1.1664e-08 1.1664e-08 [ 9.0033e-33 8.4865e-20 4.8192e-11 1.1616e-08 ] 1.0000e+00
 3.513e+01 1.0020e-08 1.0020e-08 [ 5.3601e-33 6.0231e-20 3.9414e-11 9.9804e-09 ] 1.0000e+00
 3.525e+01 8.6010e-09 8.6010e-09 [ 3.1863e-33 4.2699e-20 3.2208e-11 8.5688e-09 ] 1.0000e+00
 3.536e+01 7.3780e-09 7.3780e-09 [ 1.8912e-33 3.0235e-20 2.6297e-11 7.3517e-09 ] 1.0000e+00
 3.547e+01 6.3244e-09 6.3244e-09 [ 1.1208e-33 2.1386e-20 2.1454e-11 6.3030e-09 ] 1.0000e+00
 3.559e+01 5.4176e-09 5.4176e-09 [ 6.6327e-34 1.5109e-20 1.7487e-11 5.4001e-09 ] 1.0000e+00
 3.570e+01 4.6375e-09 4.6375e-09 [ 3.9191e-34 1.0662e-20 1.4243e-11 4.6233e-09 ] 1.0000e+00
 3.581e+01 3.9670e-09 3.9670e-09 [ 2.3122e-34 7.5159e-21 1.1590e-11 3.9554e-09 ] 1.0000e+00
 3.593e+01 3.3911e-09 3.3911e-09 [ 1.3621e-34 5.2921e-21 9.4241e-12 3.3816e-09 ] 1.0000e+00
 3.604e+01 2.8967e-09 2.8967e-09 [ 8.0124e-35 3.7220e-21 7.6565e-12 2.8891e-09 ] 1.0000e+00
 3.615e+01 2.4728e-09 2.4728e-09 [ 4.7061e-35 2.6148e-21 6.2153e-12 2.4666e-09 ] 1.0000e+00
 3.627e+01 2.1094e-09 2.1094e-09 [ 2.7600e-35 1.8350e-21 5.0412e-12 2.1043e-09 ] 1.0000e+00
 3.638e+01 1.7982e-09 1.7982e-09 [ 1.6163e-35 1.2863e-21 4.0856e-12 1.7941e-09 ] 1.0000e+00
 3.649e+01 1.5318e-09 1.5318e-09 [ 9.4515e-36 9.0062e-22 3.3084e-12 1.5285e-09 ] 1.0000e+00
 3.661e+01 1.3040e-09 1.3040e-09 [ 5.5186e-36 6.2991e-22 2.6769e-12 1.3013e-09 ] 1.0000e+00
 3.672e+01 1.1093e-09 1.1093e-09 [ 3.2176e-36 4.4008e-22 2.1642e-12 1.1071e-09 ] 1.0000e+00
 3.683e+01 9.4304e-10 9.4304e-10 [ 1.8732e-36 3.0712e-22 1.7482e-12 9.4129e-10 ] 1.0000e+00
 3.695e+01 8.0114e-10 8.0114e-10 [ 1.0890e-36 2.1409e-22 1.4111e-12 7.9973e-10 ] 1.0000e+00
 3.706e+01 6.8013e-10 6.8013e-10 [ 6.3213e-37 1.4908e-22 1.1380e-12 6.7899e-10 ] 1.0000e+00
 3.717e+01 5.7700e-10 5.7700e-10 [ 3.6641e-37 1.0370e-22 9.1708e-13 5.7608e-10 ] 1.0000e+00
 3.729e+01 4.8918e-10 4.8918e-10 [ 2.1208e-37 7.2051e-23 7.3843e-13 4.8844e-10 ] 1.0000e+00
 3.740e+01 4.1444e-10 4.1444e-10 [ 1.2258e-37 5.0008e-23 5.9411e-13 4.1384e-10 ] 1.0000e+00
 3.751e+01 3.5088e-10 3.5088e-10 [ 7.0745e-38 3.4671e-23 4.7761e-13 3.5040e-10 ] 1.0000e+00
 3.763e+01 2.9686e-10 2.9686e-10 [ 4.0771e-38 2.4011e-23 3.8365e-13 2.9648e-10 ] 1.0000e+00
 3.774e+01 2.5099e-10 2.5099e-10 [ 2.3463e-38 1.6611e-23 3.0793e-13 2.5068e-10 ] 1.0000e+00
 3.785e+01 2.1207e-10 2.1207e-10 [ 1.3483e-38 1.1479e-23 2.4695e-13 2.1182e-10 ] 1.0000e+00
 3.797e+01 1.7906e-10 1.7906e-10 [ 7.7373e-39 7.9242e-24 1.9790e-13 1.7886e-10 ] 1.0000e+00
 3.808e+01 1.5108e-10 1.5108e-10 [ 4.4337e-39 5.4643e-24 1.5846e-13 1.5092e-10 ] 1.0000e+00
 3.819e+01 1.2739e-10 1.2739e-10 [ 2.5370e-39 3.7639e-24 1.2678e-13 1.2727e-10 ] 1.0000e+00
 3.831e+01 1.0734e-10 1.0734e-10 [ 1.4496e-39 2.5899e-24 1.0136e-13 1.0724e-10 ] 1.0000e+00
 3.842e+01 9.0391e-11 9.0391e-11 [ 8.2716e-40 1.7802e-24 8.0965e-14 9.0310e-11 ] 1.0000e+00
 3.853e+01 7.6064e-11 7.6064e-11 [ 4.7131e-40 1.2223e-24 6.4626e-14 7.5999e-11 ] 1.0000e+00
 3.865e+01 6.3965e-11 6.3965e-11 [ 2.6817e-40 8.3837e-25 5.1544e-14 6.3913e-11 ] 1.0000e+00
 3.876e+01 5.3754e-11 5.3754e-11 [ 1.5237e-40 5.7442e-25 4.1077e-14 5.3713e-11 ] 1.0000e+00
 3.887e+01 4.5143e-11 4.5143e-11 [ 8.6455e-41 3.9315e-25 3.2711e-14 4.5110e-11 ] 1.0000e+00
 3.899e+01 3.7886e-11 3.7886e-11 [ 4.8986e-41 2.6880e-25 2.6028e-14 3.7860e-11 ] 1.0000e+00
 3.910e+01 3.1774e-11 3.1774e-11 [ 2.7717e-41 1.8358e-25 2.0694e-14 3.1754e-11 ] 1.0000e+00
 3.921e+01 2.6631e-11 2.6631e-11 [ 1.5661e-41 1.2525e-25 1.6441e-14 2.6614e-11 ] 1.0000e+00
 3.933e+01 2.2305e-11 2.2305e-11 [ 8.8366e-42 8.5365e-26 1.3051e-14 2.2292e-11 ] 1.0000e+00
 3.944e+01 1.8670e-11 1.8670e-11 [ 4.9792e-42 5.8119e-26 1.0353e-14 1.8659e-11 ] 1.0000e+00
 3.955e+01 1.5616e-11 1.5616e-11 [ 2.8017e-42 3.9527e-26 8.2058e-15 1.5608e-11 ] 1.0000e+00
 3.967e+01 1.3054e-11 1.3054e-11 [ 1.5743e-42 2.6855e-26 6.4990e-15 1.3047e-11 ] 1.0000e+00
 3.978e+01 1.0904e-11 1.0904e-11 [ 8.8342e-43 1.8226e-26 5.1433e-15 1.0899e-11 ] 1.0000e+00
 3.989e+01 9.1029e-12 9.1029e-12 [ 4.9504e-43 1.2357e-26 4.0672e-15 9.0989e-12 ] 1.0000e+00
 4.001e+01 7.5941e-12 7.5941e-12 [ 2.7703e-43 8.3689e-27 3.2138e-15 7.5909e-12 ] 1.0000e+00
 4.012e+01 6.3311e-12 6.3311e-12 [ 1.5482e-43 5.6621e-27 2.5375e-15 6.3286e-12 ] 1.0000e+00
 4.023e+01 5.2748e-12 5.2748e-12 [ 8.6400e-44 3.8268e-27 2.0020e-15 5.2728e-12 ] 1.0000e+00
 4.035e+01 4.3918e-12 4.3918e-12 [ 4.8153e-44 2.5837e-27 1.5783e-15 4.3902e-12 ] 1.0000e+00
 4.046e+01 3.6542e-12 3.6542e-12 [ 2.6800e-44 1.7426e-27 1.2434e-15 3.6529e-12 ] 1.0000e+00
 4.057e+01 3.0385e-12 3.0385e-12 [ 1.4896e-44 1.1741e-27 9.7873e-16 3.0375e-12 ] 1.0000e+00
 4.069e+01 2.5248e-12 2.5248e-12 [ 8.2684e-45 7.9024e-28 7.6983e-16 2.5241e-12 ] 1.0000e+00
 4.080e+01 2.0967e-12 2.0967e-12 [ 4.5833e-45 5.3133e-28 6.0506e-16 2.0961e-12 ] 1.0000e+00
 4.091e+01 1.7400e-12 1.7400e-12 [ 2.5372e-45 3.5688e-28 4.7520e-16 1.7395e-12 ] 1.0000e+00
 4.103e+01 1.4430e-12 1.4430e-12 [ 1.4027e-45 2.3946e-28 3.7293e-16 1.4426e-12 ] 1.0000e+00
 4.114e+01 1.1960e-12 1.1960e-12 [ 7.7440e-46 1.6051e-28 2.9244e-16 1.1957e-12 ] 1.0000e+00
 4.125e+01 9.9056e-13 9.9056e-13 [ 4.2697e-46 1.0748e-28 2.2916e-16 9.9034e-13 ] 1.0000e+00
 4.137e+01 8.1991e-13 8.1991e-13 [ 2.3510e-46 7.1896e-29 1.7943e-16 8.1973e-13 ] 1.0000e+00
 4.148e+01 6.7821e-13 6.7821e-13 [ 1.2928e-46 4.8044e-29 1.4039e-16 6.7807e-13 ] 1.0000e+00
 4.159e+01 5.6064e-13 5.6064e-13 [ 7.0995e-47 3.2072e-29 1.0976e-16 5.6053e-13 ] 1.0000e+00
 4.171e+01 4.6315e-13 4.6315e-13 [ 3.8936e-47 2.1388e-29 8.5750e-17 4.6306e-13 ] 1.0000e+00
 4.182e+01 3.8237e-13 3.8237e-13 [ 2.1326e-47 1.4248e-29 6.6941e-17 3.8230e-13 ] 1.0000e+00
 4.193e+01 3.1547e-13 3.1547e-13 [ 1.1665e-47 9.4825e-30 5.2219e-17 3.1542e-13 ] 1.0000e+00
 4.205e+01 2.6011e-13 2.6011e-13 [ 6.3722e-48 6.3043e-30 4.0704e-17 2.6007e-13 ] 1.0000e+00
 4.216e+01 2.1432e-13 2.1432e-13 [ 3.4764e-48 4.1871e-30 3.1705e-17 2.1429e-13 ] 1.0000e+00
 4.227e+01 1.7649e-13 1.7649e-13 [ 1.8941e-48 2.7781e-30 2.4677e-17 1.7646e-13 ] 1.0000e+00
 4.239e+01 1.4523e-13 1.4523e-13 [ 1.0306e-48 1.8414e-30 1.9193e-17 1.4521e-13 ] 1.0000e+00
 4.250e+01 1.1944e-13 1.1944e-13 [ 5.6006e-49 1.2193e-30 1.4916e-17 1.1942e-13 ] 1.0000e+00
 4.261e+01 9.8164e-14 9.8164e-14 [ 3.0395e-49 8.0652e-31 1.1584e-17 9.8152e-14 ] 1.0000e+00
 4.273e+01 8.0626e-14 8.0626e-14 [ 1.6475e-49 5.3296e-31 8.9894e-18 8.0617e-14 ] 1.0000e+00
 4.284e+01 6.6180e-14 6.6180e-14 [ 8.9178e-50 3.5183e-31 6.9709e-18 6.6173e-14 ] 1.0000e+00
 4.295e+01 5.4287e-14 5.4287e-14 [ 4.8210e-50 2.3203e-31 5.4016e-18 5.4282e-14 ] 1.0000e+00
 4.307e+01 4.4503e-14 4.4503e-14 [ 2.6029e-50 1.5286e-31 4.1825e-18 4.4499e-14 ] 1.0000e+00
 4.318e+01 3.6459e-14 3.6459e-14 [ 1.4035e-50 1.0061e-31 3.2362e-18 3.6456e-14 ] 1.0000e+00
 4.329e+01 2.9850e-14 2.9850e-14 [ 7.5584e-51 6.6149e-32 2.5021e-18 2.9848e-14 ] 1.0000e+00
 4.341e+01 2.4424e-14 2.4424e-14 [ 4.0651e-51 4.3449e-32 1.9332e-18 2.4422e-14 ] 1.0000e+00
 4.352e+01 1.9971e-14 1.9971e-14 [ 2.1836e-51 2.8511e-32 1.4925e-18 1.9970e-14 ] 1.0000e+00
 4.363e+01 1.6320e-14 1.6320e-14 [ 1.1714e-51 1.8689e-32 1.1514e-18 1.6319e-14 ] 1.0000e+00
 4.375e+01 1.3328e-14 1.3328e-14 [ 6.2761e-52 1.2239e-32 8.8764e-19 1.3327e-14 ] 1.0000e+00
 4.386e+01 1.0878e-14 1.0878e-14 [ 3.3583e-52 8.0071e-33 6.8380e-19 1.0877e-14 ] 1.0000e+00
 4.397e+01 8.8722e-15 8.8722e-15 [ 1.7948e-52 5.2331e-33 5.2638e-19 8.8717e-15 ] 1.0000e+00
 4.409e+01 7.2319e-15 7.2319e-15 [ 9.5794e-53 3.4168e-33 4.0491e-19 7.2315e-15 ] 1.0000e+00
 4.420e+01 5.8911e-15 5.8911e-15 [ 5.1065e-53 2.2287e-33 3.1124e-19 5.8908e-15 ] 1.0000e+00
 4.431e+01 4.7959e-15 4.7959e-15 [ 2.7187e-53 1.4522e-33 2.3907e-19 4.7957e-15 ] 1.0000e+00
 4.443e+01 3.9019e-15 3.9019e-15 [ 1.4456e-53 9.4536e-34 1.8350e-19 3.9017e-15 ] 1.0000e+00
 4.454e+01 3.1725e-15 3.1725e-15 [ 7.6769e-54 6.1480e-34 1.4074e-19 3.1724e-15 ] 1.0000e+00
 4.465e+01 2.5779e-15 2.5779e-15 [ 4.0718e-54 3.9942e-34 1.0787e-19 2.5778e-15 ] 1.0000e+00
 4.477e+01 2.0934e-15 2.0934e-15 [ 2.1570e-54 2.5924e-34 8.2617e-20 2.0933e-15 ] 1.0000e+00
 4.488e+01 1.6989e-15 1.6989e-15 [ 1.1412e-54 1.6809e-34 6.3230e-20 1.6988e-15 ] 1.0000e+00
 4.499e+01 1.3779e-15 1.3779e-15 [ 6.0302e-55 1.0888e-34 4.8358e-20 1.3778e-15 ] 1.0000e+00
 4.511e+01 1.1168e-15 1.1168e-15 [ 3.1825e-55 7.0461e-35 3.6957e-20 1.1168e-15 ] 1.0000e+00
 4.522e+01 9.0467e-16 9.0467e-16 [ 1.6775e-55 4.5552e-35 2.8223e-20 9.0464e-16 ] 1.0000e+00
 4.533e+01 7.3236e-16 7.3236e-16 [ 8.8313e-56 2.9419e-35 2.1538e-20 7.3234e-16 ] 1.0000e+00
 4.545e+01 5.9250e-16 5.9250e-16 [ 4.6435e-56 1.8982e-35 1.6425e-20 5.9249e-16 ] 1.0000e+00
 4.556e+01 4.7906e-16 4.7906e-16 [ 2.4386e-56 1.2235e-35 1.2517e-20 4.7904e-16 ] 1.0000e+00
 4.567e+01 3.8709e-16 3.8709e-16 [ 1.2791e-56 7.8789e-36 9.5315e-21 3.8708e-16 ] 1.0000e+00
 4.579e+01 3.1259e-16 3.1259e-16 [ 6.7006e-57 5.0686e-36 7.2530e-21 3.1258e-16 ] 1.0000e+00
 4.590e+01 2.5227e-16 2.5227e-16 [ 3.5059e-57 3.2575e-36 5.5153e-21 2.5226e-16 ] 1.0000e+00
 4.601e+01 2.0346e-16 2.0346e-16 [ 1.8322e-57 2.0915e-36 4.1909e-21 2.0346e-16 ] 1.0000e+00
 4.613e+01 1.6400e-16 1.6400e-16 [ 9.5630e-58 1.3416e-36 3.1823e-21 1.6400e-16 ] 1.0000e+00
 4.624e+01 1.3211e-16 1.3211e-16 [ 4.9853e-58 8.5969e-37 2.4147e-21 1.3211e-16 ] 1.0000e+00
 4.635e+01 1.0635e-16 1.0635e-16 [ 2.5958e-58 5.5036e-37 1.8310e-21 1.0635e-16 ] 1.0000e+00
 4.647e+01 8.5567e-17 8.5567e-17 [ 1.3499e-58 3.5198e-37 1.3874e-21 8.5565e-17 ] 1.0000e+00
 4.658e+01 6.8801e-17 6.8801e-17 [ 7.0120e-59 2.2489e-37 1.0505e-21 6.8799e-17 ] 1.0000e+00
 4.669e+01 5.5286e-17 5.5286e-17 [ 3.6378e-59 1.4355e-37 7.9484e-22 5.5285e-17 ] 1.0000e+00
 4.681e+01 4.4399e-17 4.4399e-17 [ 1.8850e-59 9.1543e-38 6.0099e-22 4.4398e-17 ] 1.0000e+00
 4.692e+01 3.5634e-17 3.5634e-17 [ 9.7560e-60 5.8320e-38 4.5409e-22 3.5633e-17 ] 1.0000e+00
 4.703e+01 2.8582e-17 2.8582e-17 [ 5.0432e-60 3.7118e-38 3.4286e-22 2.8581e-17 ] 1.0000e+00
 4.715e+01 2.2911e-17 2.2911e-17 [ 2.6039e-60 2.3601e-38 2.5869e-22 2.2911e-17 ] 1.0000e+00
 4.726e+01 1.8355e-17 1.8355e-17 [ 1.3428e-60 1.4992e-38 1.9505e-22 1.8354e-17 ] 1.0000e+00
 4.737e+01 1.4695e-17 1.4695e-17 [ 6.9167e-61 9.5141e-39 1.4696e-22 1.4695e-17 ] 1.0000e+00
 4.749e+01 1.1758e-17 1.1758e-17 [ 3.5585e-61 6.0319e-39 1.1065e-22 1.1758e-17 ] 1.0000e+00
 4.760e+01 9.4026e-18 9.4026e-18 [ 1.8286e-61 3.8205e-39 8.3250e-23 9.4025e-18 ] 1.0000e+00
 4.771e+01 7.5143e-18 7.5143e-18 [ 9.3852e-62 2.4175e-39 6.2592e-23 7.5142e-18 ] 1.0000e+00
 4.783e+01 6.0016e-18 6.0016e-18 [ 4.8113e-62 1.5283e-39 4.7028e-23 6.0015e-18 ] 1.0000e+00
 4.794e+01 4.7905e-18 4.7905e-18 [ 2.4636e-62 9.6521e-40 3.5309e-23 4.7905e-18 ] 1.0000e+00
 4.805e+01 3.8215e-18 3.8215e-18 [ 1.2600e-62 6.0900e-40 2.6492e-23 3.8215e-18 ] 1.0000e+00
 4.817e+01 3.0467e-18 3.0467e-18 [ 6.4367e-63 3.8388e-40 1.9863e-23 3.0466e-18 ] 1.0000e+00
 4.828e+01 2.4275e-18 2.4275e-18 [ 3.2843e-63 2.4174e-40 1.4882e-23 2.4275e-18 ] 1.0000e+00
 4.839e+01 1.9329e-18 1.9329e-18 [ 1.6739e-63 1.5209e-40 1.1142e-23 1.9329e-18 ] 1.0000e+00
 4.851e+01 1.5382e-18 1.5382e-18 [ 8.5209e-64 9.5593e-41 8.3368e-24 1.5382e-18 ] 1.0000e+00
 4.862e+01 1.2234e-18 1.2234e-18 [ 4.3326e-64 6.0026e-41 6.2332e-24 1.2234e-18 ] 1.0000e+00
 4.873e+01 9.7242e-19 9.7242e-19 [ 2.2004e-64 3.7656e-41 4.6572e-24 9.7242e-19 ] 1.0000e+00
 4.885e+01 7.7246e-19 7.7246e-19 [ 1.1162e-64 2.3600e-41 3.4773e-24 7.7246e-19 ] 1.0000e+00
 4.896e+01 6.1325e-19 6.1325e-19 [ 5.6560e-65 1.4777e-41 2.5945e-24 6.1325e-19 ] 1.0000e+00
 4.907e+01 4.8657e-19 4.8657e-19 [ 2.8626e-65 9.2436e-42 1.9345e-24 4.8657e-19 ] 1.0000e+00
 4.919e+01 3.8582e-19 3.8582e-19 [ 1.4471e-65 5.7767e-42 1.4413e-24 3.8582e-19 ] 1.0000e+00
 4.930e+01 3.0575e-19 3.0575e-19 [ 7.3073e-66 3.6066e-42 1.0732e-24 3.0575e-19 ] 1.0000e+00
 4.941e+01 2.4216e-19 2.4216e-19 [ 3.6856e-66 2.2497e-42 7.9853e-25 2.4216e-19 ] 1.0000e+00
 4.953e+01 1.9167e-19 1.9167e-19 [ 1.8568e-66 1.4019e-42 5.9374e-25 1.9167e-19 ] 1.0000e+00
 4.964e+01 1.5162e-19 1.5162e-19 [ 9.3439e-67 8.7277e-43 4.4117e-25 1.5162e-19 ] 1.0000e+00
 4.975e+01 1.1987e-19 1.1987e-19 [ 4.6967e-67 5.4284e-43 3.2758e-25 1.1987e-19 ] 1.0000e+00
 4.987e+01 9.4712e-20 9.4712e-20 [ 2.3581e-67 3.3732e-43 2.4307e-25 9.4712e-20 ] 1.0000e+00
 4.998e+01 7.4789e-20 7.4789e-20 [ 1.1826e-67 2.0941e-43 1.8024e-25 7.4789e-20 ] 1.0000e+00
 5.009e+01 5.9022e-20 5.9022e-20 [ 5.9243e-68 1.2988e-43 1.3356e-25 5.9022e-20 ] 1.0000e+00
 5.021e+01 4.6551e-20 4.6551e-20 [ 2.9644e-68 8.0475e-44 9.8897e-26 4.6551e-20 ] 1.0000e+00
 5.032e+01 3.6694e-20 3.6694e-20 [ 1.4816e-68 4.9817e-44 7.3182e-26 3.6694e-20 ] 1.0000e+00
 5.043e+01 2.8907e-20 2.8907e-20 [ 7.3971e-69 3.0810e-44 5.4117e-26 2.8907e-20 ] 1.0000e+00
 5.055e+01 2.2759e-20 2.2759e-20 [ 3.6889e-69 1.9037e-44 3.9991e-26 2.2759e-20 ] 1.0000e+00
 5.066e+01 1.7908e-20 1.7908e-20 [ 1.8376e-69 1.1751e-44 2.9532e-26 1.7907e-20 ] 1.0000e+00
 5.077e+01 1.4082e-20 1.4082e-20 [ 9.1433e-70 7.2470e-45 2.1793e-26 1.4082e-20 ] 1.0000e+00
 5.089e+01 1.1068e-20 1.1068e-20 [ 4.5444e-70 4.4651e-45 1.6072e-26 1.1067e-20 ] 1.0000e+00
 5.100e+01 8.6931e-21 8.6931e-21 [ 2.2562e-70 2.7485e-45 1.1844e-26 8.6931e-21 ] 1.0000e+00
 5.111e+01 6.8240e-21 6.8240e-21 [ 1.1189e-70 1.6903e-45 8.7226e-27 6.8240e-21 ] 1.0000e+00
 5.123e+01 5.3537e-21 5.3537e-21 [ 5.5426e-71 1.0385e-45 6.4194e-27 5.3537e-21 ] 1.0000e+00
 5.134e+01 4.1977e-21 4.1977e-21 [ 2.7426e-71 6.3746e-46 4.7212e-27 4.1977e-21 ] 1.0000e+00
 5.145e+01 3.2894e-21 3.2894e-21 [ 1.3556e-71 3.9092e-46 3.4699e-27 3.2894e-21 ] 1.0000e+00
 5.157e+01 2.5761e-21 2.5761e-21 [ 6.6932e-72 2.3951e-46 2.5485e-27 2.5761e-21 ] 1.0000e+00
 5.168e+01 2.0163e-21 2.0163e-21 [ 3.3010e-72 1.4660e-46 1.8705e-27 2.0163e-21 ] 1.0000e+00
 5.179e+01 1.5773e-21 1.5773e-21 [ 1.6263e-72 8.9652e-47 1.3719e-27 1.5773e-21 ] 1.0000e+00
 5.191e+01 1.2331e-21 1.2331e-21 [ 8.0031e-73 5.4774e-47 1.0056e-27 1.2331e-21 ] 1.0000e+00
 5.202e+01 9.6344e-22 9.6344e-22 [ 3.9342e-73 3.3434e-47 7.3655e-28 9.6344e-22 ] 1.0000e+00
 5.213e+01 7.5232e-22 7.5232e-22 [ 1.9318e-73 2.0389e-47 5.3914e-28 7.5232e-22 ] 1.0000e+00
 5.225e+01 5.8713e-22 5.8713e-22 [ 9.4759e-74 1.2422e-47 3.9437e-28 5.8713e-22 ] 1.0000e+00
 5.236e+01 4.5794e-22 4.5794e-22 [ 4.6430e-74 7.5611e-48 2.8828e-28 4.5794e-22 ] 1.0000e+00
 5.247e+01 3.5697e-22 3.5697e-22 [ 2.2725e-74 4.5981e-48 2.1059e-28 3.5697e-22 ] 1.0000e+00
 5.259e+01 2.7810e-22 2.7810e-22 [ 1.1111e-74 2.7936e-48 1.5373e-28 2.7810e-22 ] 1.0000e+00
 5.270e+01 2.1653e-22 2.1653e-22 [ 5.4265e-75 1.6957e-48 1.1215e-28 2.1653e-22 ] 1.0000e+00
 5.281e+01 1.6850e-22 1.6850e-22 [ 2.6474e-75 1.0283e-48 8.1759e-29 1.6850e-22 ] 1.0000e+00
 5.293e+01 1.3104e-22 1.3104e-22 [ 1.2902e-75 6.2305e-49 5.9564e-29 1.3104e-22 ] 1.0000e+00
 5.304e+01 1.0185e-22 1.0185e-22 [ 6.2812e-76 3.7714e-49 4.3366e-29 1.0185e-22 ] 1.0000e+00
 5.315e+01 7.9119e-23 7.9119e-23 [ 3.0546e-76 2.2808e-49 3.1551e-29 7.9119e-23 ] 1.0000e+00
 5.327e+01 6.1424e-23 6.1424e-23 [ 1.4839e-76 1.3780e-49 2.2940e-29 6.1424e-23 ] 1.0000e+00
 5.338e+01 4.7660e-23 4.7660e-23 [ 7.2010e-77 8.3184e-50 1.6668e-29 4.7660e-23 ] 1.0000e+00
 5.349e+01 3.6958e-23 3.6958e-23 [ 3.4908e-77 5.0167e-50 1.2102e-29 3.6958e-23 ] 1.0000e+00
 5.361e+01 2.8643e-23 2.8643e-23 [ 1.6904e-77 3.0227e-50 8.7817e-30 2.8643e-23 ] 1.0000e+00
 5.372e+01 2.2186e-23 2.2186e-23 [ 8.1771e-78 1.8196e-50 6.3679e-30 2.2186e-23 ] 1.0000e+00
 5.383e+01 1.7175e-23 1.7175e-23 [ 3.9514e-78 1.0943e-50 4.6145e-30 1.7175e-23 ] 1.0000e+00
 5.395e+01 1.3288e-23 1.3288e-23 [ 1.9074e-78 6.5756e-51 3.3416e-30 1.3288e-23 ] 1.0000e+00
 5.406e+01 1.0275e-23 1.0275e-23 [ 9.1979e-79 3.9475e-51 2.4183e-30 1.0275e-23 ] 1.0000e+00
 5.417e+01 7.9402e-24 7.9402e-24 [ 4.4307e-79 2.3676e-51 1.7489e-30 7.9402e-24 ] 1.0000e+00
 5.429e+01 6.1326e-24 6.1326e-24 [ 2.1321e-79 1.4187e-51 1.2640e-30 6.1326e-24 ] 1.0000e+00
 5.440e+01 4.7338e-24 4.7338e-24 [ 1.0249e-79 8.4934e-52 9.1289e-31 4.7338e-24 ] 1.0000e+00
 5.451e+01 3.6520e-24 3.6520e-24 [ 4.9218e-80 5.0801e-52 6.5889e-31 3.6519e-24 ] 1.0000e+00
 5.463e+01 2.8157e-24 2.8157e-24 [ 2.3610e-80 3.0358e-52 4.7525e-31 2.8157e-24 ] 1.0000e+00
 5.474e+01 2.1698e-24 2.1698e-24 [ 1.1314e-80 1.8125e-52 3.4256e-31 2.1698e-24 ] 1.0000e+00
 5.485e+01 1.6710e-24 1.6710e-24 [ 5.4164e-81 1.0811e-52 2.4676e-31 1.6710e-24 ] 1.0000e+00
 5.497e+01 1.2862e-24 1.2862e-24 [ 2.5903e-81 6.4429e-53 1.7763e-31 1.2862e-24 ] 1.0000e+00
 5.508e+01 9.8943e-25 9.8943e-25 [ 1.2375e-81 3.8362e-53 1.2778e-31 9.8943e-25 ] 1.0000e+00
 5.519e+01 7.6070e-25 7.6070e-25 [ 5.9058e-82 2.2820e-53 9.1862e-32 7.6070e-25 ] 1.0000e+00
 5.531e+01 5.8452e-25 5.8452e-25 [ 2.8157e-82 1.3563e-53 6.5996e-32 5.8452e-25 ] 1.0000e+00
 5.542e+01 4.4888e-25 4.4888e-25 [ 1.3410e-82 8.0533e-54 4.7382e-32 4.4888e-25 ] 1.0000e+00
 5.553e+01 3.4453e-25 3.4453e-25 [ 6.3804e-83 4.7776e-54 3.3996e-32 3.4453e-25 ] 1.0000e+00
 5.565e+01 2.6428e-25 2.6428e-25 [ 3.0327e-83 2.8318e-54 2.4375e-32 2.6428e-25 ] 1.0000e+00
 5.576e+01 2.0261e-25 2.0261e-25 [ 1.4400e-83 1.6769e-54 1.7466e-32 2.0261e-25 ] 1.0000e+00
 5.587e+01 1.5524e-25 1.5524e-25 [ 6.8304e-84 9.9212e-55 1.2506e-32 1.5524e-25 ] 1.0000e+00
 5.599e+01 1.1888e-25 1.1888e-25 [ 3.2367e-84 5.8645e-55 8.9495e-33 1.1888e-25 ] 1.0000e+00
 5.610e+01 9.0985e-26 9.0985e-26 [ 1.5322e-84 3.4634e-55 6.4000e-33 9.0985e-26 ] 1.0000e+00
 5.621e+01 6.9596e-26 6.9596e-26 [ 7.2460e-85 2.0436e-55 4.5738e-33 6.9596e-26 ] 1.0000e+00
 5.633e+01 5.3205e-26 5.3205e-26 [ 3.4233e-85 1.2047e-55 3.2666e-33 5.3205e-26 ] 1.0000e+00
 5.644e+01 4.0651e-26 4.0651e-26 [ 1.6157e-85 7.0955e-56 2.3314e-33 4.0651e-26 ] 1.0000e+00
 5.655e+01 3.1042e-26 3.1042e-26 [ 7.6179e-86 4.1754e-56 1.6629e-33 3.1042e-26 ] 1.0000e+00
 5.667e+01 2.3691e-26 2.3691e-26 [ 3.5882e-86 2.4548e-56 1.1853e-33 2.3691e-26 ] 1.0000e+00
 5.678e+01 1.8070e-26 1.8070e-26 [ 1.6885e-86 1.4419e-56 8.4429e-34 1.8070e-26 ] 1.0000e+00
 5.689e+01 1.3776e-26 1.3776e-26 [ 7.9374e-87 8.4623e-57 6.0101e-34 1.3776e-26 ] 1.0000e+00
 5.701e+01 1.0496e-26 1.0496e-26 [ 3.7276e-87 4.9619e-57 4.2755e-34 1.0496e-26 ] 1.0000e+00
 5.712e+01 7.9922e-27 7.9922e-27 [ 1.7489e-87 2.9068e-57 3.0396e-34 7.9922e-27 ] 1.0000e+00
 5.723e+01 6.0825e-27 6.0825e-27 [ 8.1970e-88 1.7013e-57 2.1595e-34 6.0825e-27 ] 1.0000e+00
 5.735e+01 4.6264e-27 4.6264e-27 [ 3.8382e-88 9.9489e-58 1.5332e-34 4.6264e-27 ] 1.0000e+00
 5.746e+01 3.5170e-27 3.5170e-27 [ 1.7954e-88 5.8127e-58 1.0879e-34 3.5170e-27 ] 1.0000e+00
 5.757e+01 2.6721e-27 2.6721e-27 [ 8.3906e-89 3.3931e-58 7.7139e-35 2.6721e-27 ] 1.0000e+00
 5.769e+01 2.0290e-27 2.0290e-27 [ 3.9173e-89 1.9789e-58 5.4662e-35 2.0290e-27 ] 1.0000e+00
 5.780e+01 1.5399e-27 1.5399e-27 [ 1.8271e-89 1.1531e-58 3.8709e-35 1.5399e-27 ] 1.0000e+00
 5.791e+01 1.1680e-27 1.1680e-27 [ 8.5137e-90 6.7130e-59 2.7394e-35 1.1680e-27 ] 1.0000e+00
 5.803e+01 8.8542e-28 8.8542e-28 [ 3.9633e-90 3.9047e-59 1.9374e-35 8.8542e-28 ] 1.0000e+00
 5.814e+01 6.7083e-28 6.7083e-28 [ 1.8432e-90 2.2692e-59 1.3693e-35 6.7083e-28 ] 1.0000e+00
 5.825e+01 5.0797e-28 5.0797e-28 [ 8.5637e-91 1.3176e-59 9.6718e-36 5.0797e-28 ] 1.0000e+00
 5.837e+01 3.8444e-28 3.8444e-28 [ 3.9750e-91 7.6435e-60 6.8269e-36 3.8444e-28 ] 1.0000e+00
 5.848e+01 2.9078e-28 2.9078e-28 [ 1.8433e-91 4.4302e-60 4.8158e-36 2.9078e-28 ] 1.0000e+00
 5.859e+01 2.1982e-28 2.1982e-28 [ 8.5396e-92 2.5655e-60 3.3949e-36 2.1982e-28 ] 1.0000e+00
 5.871e+01 1.6608e-28 1.6608e-28 [ 3.9525e-92 1.4844e-60 2.3917e-36 1.6608e-28 ] 1.0000e+00
 5.882e+01 1.2541e-28 1.2541e-28 [ 1.8276e-92 8.5807e-61 1.6838e-36 1.2541e-28 ] 1.0000e+00
 5.893e+01 9.4649e-29 9.4649e-29 [ 8.4427e-93 4.9559e-61 1.1847e-36 9.4649e-29 ] 1.0000e+00
 5.905e+01 7.1392e-29 7.1392e-29 [ 3.8965e-93 2.8598e-61 8.3301e-37 7.1392e-29 ] 1.0000e+00
 5.916e+01 5.3820e-29 5.3820e-29 [ 1.7966e-93 1.6488e-61 5.8534e-37 5.3820e-29 ] 1.0000e+00
 5.927e+01 4.0551e-29 4.0551e-29 [ 8.2759e-94 9.4980e-62 4.1104e-37 4.0551e-29 ] 1.0000e+00
 5.939e+01 3.0536e-29 3.0536e-29 [ 3.8087e-94 5.4665e-62 2.8846e-37 3.0536e-29 ] 1.0000e+00
 5.950e+01 2.2982e-29 2.2982e-29 [ 1.7512e-94 3.1434e-62 2.0230e-37 2.2982e-29 ] 1.0000e+00
 5.961e+01 1.7287e-29 1.7287e-29 [ 8.0439e-95 1.8060e-62 1.4179e-37 1.7287e-29 ] 1.0000e+00
 5.973e+01 1.2996e-29 1.2996e-29 [ 3.6915e-95 1.0367e-62 9.9311e-38 1.2996e-29 ] 1.0000e+00
 5.984e+01 9.7647e-30 9.7647e-30 [ 1.6925e-95 5.9457e-63 6.9515e-38 9.7647e-30 ] 1.0000e+00
 5.995e+01 7.3328e-30 7.3328e-30 [ 7.7528e-96 3.4070e-63 4.8628e-38 7.3328e-30 ] 1.0000e+00
 6.007e+01 5.5036e-30 5.5036e-30 [ 3.5480e-96 1.9506e-63 3.3994e-38 5.5036e-30 ] 1.0000e+00
 6.018e+01 4.1284e-30 4.1284e-30 [ 1.6222e-96 1.1158e-63 2.3749e-38 4.1284e-30 ] 1.0000e+00
 6.029e+01 3.0951e-30 3.0951e-30 [ 7.4100e-97 6.3772e-64 1.6581e-38 3.0951e-30 ] 1.0000e+00
 6.041e+01 2.3192e-30 2.3192e-30 [ 3.3817e-97 3.6416e-64 1.1569e-38 2.3192e-30 ] 1.0000e+00
 6.052e+01 1.7368e-30 1.7368e-30 [ 1.5419e-97 2.0777e-64 8.0672e-39 1.7368e-30 ] 1.0000e+00
 6.063e+01 1.3000e-30 1.3000e-30 [ 7.0238e-98 1.1844e-64 5.6216e-39 1.3000e-30 ] 1.0000e+00
 6.075e+01 9.7245e-31 9.7245e-31 [ 3.1966e-98 6.7456e-65 3.9148e-39 9.7245e-31 ] 1.0000e+00
 6.086e+01 7.2706e-31 7.2706e-31 [ 1.4535e-98 3.8386e-65 2.7246e-39 7.2706e-31 ] 1.0000e+00
 6.097e+01 5.4329e-31 5.4329e-31 [ 6.6029e-99 2.1825e-65 1.8950e-39 5.4329e-31 ] 1.0000e+00
 6.109e+01 4.0575e-31 4.0575e-31 [ 2.9969e-99 1.2398e-65 1.3171e-39 4.0575e-31 ] 1.0000e+00
 6.120e+01 3.0286e-31 3.0286e-31 [ 1.3590e-99 7.0371e-66 9.1490e-40 3.0286e-31 ] 1.0000e+00
 6.131e+01 2.2594e-31 2.2594e-31 [ 6.1567e-100 3.9907e-66 6.3511e-40 2.2594e-31 ] 1.0000e+00
 6.143e+01 1.6846e-31 1.6846e-31 [ 2.7868e-100 2.2611e-66 4.4060e-40 1.6846e-31 ] 1.0000e+00
 6.154e+01 1.2554e-31 1.2554e-31 [ 1.2602e-100 1.2801e-66 3.0547e-40 1.2554e-31 ] 1.0000e+00
 6.165e+01 9.3502e-32 9.3502e-32 [ 5.6941e-101 7.2405e-67 2.1165e-40 9.3502e-32 ] 1.0000e+00
 6.177e+01 6.9602e-32 6.9602e-32 [ 2.5704e-101 4.0920e-67 1.4655e-40 6.9602e-32 ] 1.0000e+00
 6.188e+01 5.1783e-32 5.1783e-32 [ 1.1593e-101 2.3106e-67 1.0141e-40 5.1783e-32 ] 1.0000e+00
 6.199e+01 3.8505e-32 3.8505e-32 [ 5.2239e-102 1.3036e-67 7.0128e-41 3.8505e-32 ] 1.0000e+00
 6.211e+01 2.8616e-32 2.8616e-32 [ 2.3518e-102 7.3483e-68 4.8465e-41 2.8616e-32 ] 1.0000e+00
 6.222e+01 2.1255e-32 2.1255e-32 [ 1.0579e-102 4.1387e-68 3.3473e-41 2.1255e-32 ] 1.0000e+00
 6.233e+01 1.5779e-32 1.5779e-32 [ 4.7542e-103 2.3290e-68 2.3104e-41 1.5779e-32 ] 1.0000e+00
 6.245e+01 1.1707e-32 1.1707e-32 [ 2.1347e-103 1.3095e-68 1.5937e-41 1.1707e-32 ] 1.0000e+00
 6.256e+01 8.6817e-33 8.6817e-33 [ 9.5765e-104 7.3562e-69 1.0986e-41 8.6817e-33 ] 1.0000e+00
 6.267e+01 6.4345e-33 6.4345e-33 [ 4.2924e-104 4.1290e-69 7.5686e-42 6.4345e-33 ] 1.0000e+00
 6.279e+01 4.7664e-33 4.7664e-33 [ 1.9222e-104 2.3156e-69 5.2109e-42 4.7664e-33 ] 1.0000e+00
 6.290e+01 3.5288e-33 3.5288e-33 [ 8.6008e-105 1.2976e-69 3.5853e-42 3.5288e-33 ] 1.0000e+00
 6.301e+01 2.6111e-33 2.6111e-33 [ 3.8449e-105 7.2646e-70 2.4653e-42 2.6111e-33 ] 1.0000e+00
 6.313e+01 1.9311e-33 1.9311e-33 [ 1.7173e-105 4.0638e-70 1.6941e-42 1.9311e-33 ] 1.0000e+00
 6.324e+01 1.4274e-33 1.4274e-33 [ 7.6639e-106 2.2713e-70 1.1634e-42 1.4274e-33 ] 1.0000e+00
 6.335e+01 1.0545e-33 1.0545e-33 [ 3.4172e-106 1.2684e-70 7.9849e-43 1.0545e-33 ] 1.0000e+00
 6.347e+01 7.7856e-34 7.7856e-34 [ 1.5223e-106 7.0774e-71 5.4767e-43 7.7856e-34 ] 1.0000e+00
 6.358e+01 5.7454e-34 5.7454e-34 [ 6.7759e-107 3.9457e-71 3.7540e-43 5.7454e-34 ] 1.0000e+00
 6.369e+01 4.2375e-34 4.2375e-34 [ 3.0134e-107 2.1979e-71 2.5716e-43 4.2375e-34 ] 1.0000e+00
 6.381e+01 3.1237e-34 3.1237e-34 [ 1.3390e-107 1.2233e-71 1.7605e-43 3.1237e-34 ] 1.0000e+00
 6.392e+01 2.3014e-34 2.3014e-34 [ 5.9444e-108 6.8025e-72 1.2045e-43 2.3014e-34 ] 1.0000e+00
 6.403e+01 1.6947e-34 1.6947e-34 [ 2.6368e-108 3.7797e-72 8.2353e-44 1.6947e-34 ] 1.0000e+00
 6.415e+01 1.2472e-34 1.2472e-34 [ 1.1686e-108 2.0983e-72 5.6272e-44 1.2472e-34 ] 1.0000e+00
 6.426e+01 9.1743e-35 9.1743e-35 [ 5.1749e-109 1.1639e-72 3.8427e-44 9.1743e-35 ] 1.0000e+00
 6.437e+01 6.7447e-35 6.7447e-35 [ 2.2896e-109 6.4509e-73 2.6224e-44 6.7447e-35 ] 1.0000e+00
 6.449e+01 4.9558e-35 4.9558e-35 [ 1.0122e-109 3.5723e-73 1.7886e-44 4.9558e-35 ] 1.0000e+00
 6.460e+01 3.6395e-35 3.6395e-35 [ 4.4707e-110 1.9766e-73 1.2191e-44 3.6395e-35 ] 1.0000e+00
 6.471e+01 2.6713e-35 2.6713e-35 [ 1.9730e-110 1.0927e-73 8.3039e-45 2.6713e-35 ] 1.0000e+00
 6.483e+01 1.9597e-35 1.9597e-35 [ 8.6999e-111 6.0362e-74 5.6528e-45 1.9597e-35 ] 1.0000e+00
 6.494e+01 1.4368e-35 1.4368e-35 [ 3.8330e-111 3.3315e-74 3.8457e-45 1.4368e-35 ] 1.0000e+00
 6.505e+01 1.0529e-35 1.0529e-35 [ 1.6873e-111 1.8372e-74 2.6147e-45 1.0529e-35 ] 1.0000e+00
 6.517e+01 7.7119e-36 7.7119e-36 [ 7.4216e-112 1.0123e-74 1.7766e-45 7.7119e-36 ] 1.0000e+00
 6.528e+01 5.6453e-36 5.6453e-36 [ 3.2616e-112 5.5733e-75 1.2064e-45 5.6453e-36 ] 1.0000e+00
 6.539e+01 4.1303e-36 4.1303e-36 [ 1.4322e-112 3.0658e-75 8.1866e-46 4.1303e-36 ] 1.0000e+00
 6.551e+01 3.0202e-36 3.0202e-36 [ 6.2837e-113 1.6851e-75 5.5522e-46 3.0202e-36 ] 1.0000e+00
 6.562e+01 2.2073e-36 2.2073e-36 [ 2.7546e-113 9.2541e-76 3.7631e-46 2.2073e-36 ] 1.0000e+00
 6.573e+01 1.6124e-36 1.6124e-36 [ 1.2066e-113 5.0780e-76 2.5490e-46 1.6124e-36 ] 1.0000e+00
 6.585e+01 1.1771e-36 1.1771e-36 [ 5.2807e-114 2.7841e-76 1.7255e-46 1.1771e-36 ] 1.0000e+00
 6.596e+01 8.5894e-37 8.5894e-37 [ 2.3092e-114 1.5252e-76 1.1673e-46 8.5894e-37 ] 1.0000e+00
 6.607e+01 6.2642e-37 6.2642e-37 [ 1.0090e-114 8.3485e-77 7.8920e-47 6.2642e-37 ] 1.0000e+00
 6.619e+01 4.5660e-37 4.5660e-37 [ 4.4050e-115 4.5660e-77 5.3324e-47 4.5660e-37 ] 1.0000e+00
 6.630e+01 3.3264e-37 3.3264e-37 [ 1.9216e-115 2.4952e-77 3.6007e-47 3.3264e-37 ] 1.0000e+00
 6.641e+01 2.4220e-37 2.4220e-37 [ 8.3756e-116 1.3624e-77 2.4299e-47 2.4220e-37 ] 1.0000e+00
 6.653e+01 1.7626e-37 1.7626e-37 [ 3.6477e-116 7.4330e-78 1.6387e-47 1.7626e-37 ] 1.0000e+00
 6.664e+01 1.2820e-37 1.2820e-37 [ 1.5873e-116 4.0520e-78 1.1045e-47 1.2820e-37 ] 1.0000e+00
 6.675e+01 9.3200e-38 9.3200e-38 [ 6.9018e-117 2.2070e-78 7.4397e-48 9.3200e-38 ] 1.0000e+00
 6.687e+01 6.7717e-38 6.7717e-38 [ 2.9985e-117 1.2011e-78 5.0081e-48 6.7717e-38 ] 1.0000e+00
 6.698e+01 4.9176e-38 4.9176e-38 [ 1.3017e-117 6.5317e-79 3.3692e-48 4.9176e-38 ] 1.0000e+00
 6.709e+01 3.5692e-38 3.5692e-38 [ 5.6462e-118 3.5490e-79 2.2652e-48 3.5692e-38 ] 1.0000e+00
 6.721e+01 2.5892e-38 2.5892e-38 [ 2.4471e-118 1.9268e-79 1.5220e-48 2.5892e-38 ] 1.0000e+00
 6.732e+01 1.8773e-38 1.8773e-38 [ 1.0598e-118 1.0452e-79 1.0220e-48 1.8773e-38 ] 1.0000e+00
 6.743e+01 1.3604e-38 1.3604e-38 [ 4.5857e-119 5.6653e-80 6.8587e-49 1.3604e-38 ] 1.0000e+00
 6.755e+01 9.8530e-39 9.8530e-39 [ 1.9828e-119 3.0682e-80 4.5999e-49 9.8530e-39 ] 1.0000e+00
 6.766e+01 7.1325e-39 7.1325e-39 [ 8.5661e-120 1.6603e-80 3.0831e-49 7.1325e-39 ] 1.0000e+00
 6.777e+01 5.1604e-39 5.1604e-39 [ 3.6979e-120 8.9776e-81 2.0652e-49 5.1604e-39 ] 1.0000e+00
 6.789e+01 3.7316e-39 3.7316e-39 [ 1.5951e-120 4.8503e-81 1.3825e-49 3.7316e-39 ] 1.0000e+00
 6.800e+01 2.6970e-39 2.6970e-39 [ 6.8749e-121 2.6184e-81 9.2493e-50 2.6970e-39 ] 1.0000e+00
 6.811e+01 1.9482e-39 1.9482e-39 [ 2.9608e-121 1.4123e-81 6.1841e-50 1.9482e-39 ] 1.0000e+00
 6.823e+01 1.4066e-39 1.4066e-39 [ 1.2741e-121 7.6120e-82 4.1322e-50 1.4066e-39 ] 1.0000e+00
 6.834e+01 1.0150e-39 1.0150e-39 [ 5.4786e-122 4.0993e-82 2.7594e-50 1.0150e-39 ] 1.0000e+00
 6.845e+01 7.3203e-40 7.3203e-40 [ 2.3539e-122 2.2058e-82 1.8416e-50 7.3203e-40 ] 1.0000e+00
 6.857e+01 5.2768e-40 5.2768e-40 [ 1.0106e-122 1.1860e-82 1.2283e-50 5.2768e-40 ] 1.0000e+00
 6.868e+01 3.8017e-40 3.8017e-40 [ 4.3353e-123 6.3714e-83 8.1870e-51 3.8017e-40 ] 1.0000e+00
 6.879e+01 2.7375e-40 2.7375e-40 [ 1.8584e-123 3.4202e-83 5.4537e-51 2.7375e-40 ] 1.0000e+00
 6.891e+01 1.9702e-40 1.9702e-40 [ 7.9598e-124 1.8345e-83 3.6308e-51 1.9702e-40 ] 1.0000e+00
 6.902e+01 1.4172e-40 1.4172e-40 [ 3.4067e-124 9.8318e-84 2.4157e-51 1.4172e-40 ] 1.0000e+00
 6.913e+01 1.0189e-40 1.0189e-40 [ 1.4569e-124 5.2651e-84 1.6062e-51 1.0189e-40 ] 1.0000e+00
 6.925e+01 7.3216e-41 7.3216e-41 [ 6.2260e-125 2.8173e-84 1.0674e-51 7.3216e-41 ] 1.0000e+00
 6.936e+01 5.2583e-41 5.2583e-41 [ 2.6585e-125 1.5063e-84 7.0884e-52 5.2583e-41 ] 1.0000e+00
 6.947e+01 3.7745e-41 3.7745e-41 [ 1.1343e-125 8.0471e-85 4.7046e-52 3.7745e-41 ] 1.0000e+00
 6.959e+01 2.7080e-41 2.7080e-41 [ 4.8363e-126 4.2956e-85 3.1205e-52 2.7080e-41 ] 1.0000e+00
 6.970e+01 1.9418e-41 1.9418e-41 [ 2.0604e-126 2.2912e-85 2.0686e-52 1.9418e-41 ] 1.0000e+00
 6.981e+01 1.3917e-41 1.3917e-41 [ 8.7714e-127 1.2212e-85 1.3704e-52 1.3917e-41 ] 1.0000e+00
 6.993e+01 9.9688e-42 9.9688e-42 [ 3.7312e-127 6.5031e-86 9.0731e-53 9.9688e-42 ] 1.0000e+00
 7.004e+01 7.1371e-42 7.1371e-42 [ 1.5860e-127 3.4605e-86 6.0035e-53 7.1371e-42 ] 1.0000e+00
 7.015e+01 5.1070e-42 5.1070e-42 [ 6.7364e-128 1.8399e-86 3.9699e-53 5.1070e-42 ] 1.0000e+00
 7.027e+01 3.6525e-42 3.6525e-42 [ 2.8591e-128 9.7752e-87 2.6236e-53 3.6525e-42 ] 1.0000e+00
 7.038e+01 2.6109e-42 2.6109e-42 [ 1.2126e-128 5.1893e-87 1.7328e-53 2.6109e-42 ] 1.0000e+00
 7.049e+01 1.8653e-42 1.8653e-42 [ 5.1387e-129 2.7526e-87 1.1438e-53 1.8653e-42 ] 1.0000e+00
 7.061e+01 1.3320e-42 1.3320e-42 [ 2.1761e-129 1.4590e-87 7.5450e-54 1.3320e-42 ] 1.0000e+00
 7.072e+01 9.5064e-43 9.5064e-43 [ 9.2082e-130 7.7269e-88 4.9741e-54 9.5064e-43 ] 1.0000e+00
 7.083e+01 6.7812e-43 6.7812e-43 [ 3.8936e-130 4.0890e-88 3.2773e-54 6.7812e-43 ] 1.0000e+00
 7.095e+01 4.8347e-43 4.8347e-43 [ 1.6451e-130 2.1622e-88 2.1580e-54 4.8347e-43 ] 1.0000e+00
 7.106e+01 3.4451e-43 3.4451e-43 [ 6.9461e-131 1.1424e-88 1.4201e-54 3.4451e-43 ] 1.0000e+00
 7.117e+01 2.4537e-43 2.4537e-43 [ 2.9306e-131 6.0315e-89 9.3392e-55 2.4537e-43 ] 1.0000e+00
 7.129e+01 1.7466e-43 1.7466e-43 [ 1.2355e-131 3.1819e-89 6.1383e-55 1.7466e-43 ] 1.0000e+00
 7.140e+01 1.2427e-43 1.2427e-43 [ 5.2049e-132 1.6773e-89 4.0320e-55 1.2427e-43 ] 1.0000e+00
 7.151e+01 8.8368e-44 8.8368e-44 [ 2.1911e-132 8.8346e-90 2.6469e-55 8.8368e-44 ] 1.0000e+00
 7.163e+01 6.2806e-44 6.2806e-44 [ 9.2174e-133 4.6497e-90 1.7365e-55 6.2806e-44 ] 1.0000e+00
 7.174e+01 4.4616e-44 4.4616e-44 [ 3.8746e-133 2.4453e-90 1.1386e-55 4.4616e-44 ] 1.0000e+00
 7.185e+01 3.1677e-44 3.1677e-44 [ 1.6275e-133 1.2850e-90 7.4610e-56 3.1677e-44 ] 1.0000e+00
 7.197e+01 2.2479e-44 2.2479e-44 [ 6.8316e-134 6.7473e-91 4.8860e-56 2.2479e-44 ] 1.0000e+00
 7.208e+01 1.5944e-44 1.5944e-44 [ 2.8655e-134 3.5402e-91 3.1978e-56 1.5944e-44 ] 1.0000e+00
 7.219e+01 1.1302e-44 1.1302e-44 [ 1.2010e-134 1.8560e-91 2.0916e-56 1.1302e-44 ] 1.0000e+00
 7.231e+01 8.0080e-45 8.0080e-45 [ 5.0304e-135 9.7232e-92 1.3673e-56 8.0080e-45 ] 1.0000e+00
 7.242e+01 5.6710e-45 5.6710e-45 [ 2.1054e-135 5.0898e-92 8.9324e-57 5.6710e-45 ] 1.0000e+00
 7.253e+01 4.0139e-45 4.0139e-45 [ 8.8056e-136 2.6623e-92 5.8320e-57 4.0139e-45 ] 1.0000e+00
 7.265e+01 2.8395e-45 2.8395e-45 [ 3.6802e-136 1.3915e-92 3.8054e-57 2.8395e-45 ] 1.0000e+00
 7.276e+01 2.0077e-45 2.0077e-45 [ 1.5370e-136 7.2671e-93 2.4816e-57 2.0077e-45 ] 1.0000e+00
 7.287e+01 1.4189e-45 1.4189e-45 [ 6.4145e-137 3.7924e-93 1.6173e-57 1.4189e-45 ] 1.0000e+00
 7.299e+01 1.0022e-45 1.0022e-45 [ 2.6751e-137 1.9776e-93 1.0534e-57 1.0022e-45 ] 1.0000e+00
 7.310e+01 7.0752e-46 7.0752e-46 [ 1.1149e-137 1.0304e-93 6.8569e-58 7.0752e-46 ] 1.0000e+00
 7.321e+01 4.9923e-46 4.9923e-46 [ 4.6429e-138 5.3651e-94 4.4607e-58 4.9923e-46 ] 1.0000e+00
 7.333e+01 3.5208e-46 3.5208e-46 [ 1.9322e-138 2.7913e-94 2.9001e-58 3.5208e-46 ] 1.0000e+00
 7.344e+01 2.4817e-46 2.4817e-46 [ 8.0353e-139 1.4511e-94 1.8844e-58 2.4817e-46 ] 1.0000e+00
 7.355e+01 1.7484e-46 1.7484e-46 [ 3.3393e-139 7.5380e-95 1.2237e-58 1.7484e-46 ] 1.0000e+00
 7.367e+01 1.2312e-46 1.2312e-46 [ 1.3867e-139 3.9128e-95 7.9415e-59 1.2312e-46 ] 1.0000e+00
 7.378e+01 8.6648e-47 8.6648e-47 [ 5.7549e-140 2.0295e-95 5.1508e-59 8.6648e-47 ] 1.0000e+00
 7.389e+01 6.0951e-47 6.0951e-47 [ 2.3866e-140 1.0519e-95 3.3388e-59 6.0951e-47 ] 1.0000e+00
 7.401e+01 4.2853e-47 4.2853e-47 [ 9.8903e-141 5.4476e-96 2.1629e-59 4.2853e-47 ] 1.0000e+00
 7.412e+01 3.0113e-47 3.0113e-47 [ 4.0959e-141 2.8191e-96 1.4003e-59 3.0113e-47 ] 1.0000e+00
 7.423e+01 2.1150e-47 2.1150e-47 [ 1.6950e-141 1.4578e-96 9.0606e-60 2.1150e-47 ] 1.0000e+00
 7.435e+01 1.4847e-47 1.4847e-47 [ 7.0099e-142 7.5329e-97 5.8590e-60 1.4847e-47 ] 1.0000e+00
 7.446e+01 1.0417e-47 1.0417e-47 [ 2.8970e-142 3.8895e-97 3.7865e-60 1.0417e-47 ] 1.0000e+00
 7.457e+01 7.3050e-48 7.3050e-48 [ 1.1964e-142 2.0068e-97 2.4456e-60 7.3050e-48 ] 1.0000e+00
 7.469e+01 5.1201e-48 5.1201e-48 [ 4.9376e-143 1.0346e-97 1.5786e-60 5.1201e-48 ] 1.0000e+00
 7.480e+01 3.5869e-48 3.5869e-48 [ 2.0364e-143 5.3299e-98 1.0184e-60 3.5869e-48 ] 1.0000e+00
 7.491e+01 2.5115e-48 2.5115e-48 [ 8.3926e-144 2.7438e-98 6.5657e-61 2.5115e-48 ] 1.0000e+00
 7.503e+01 1.7576e-48 1.7576e-48 [ 3.4565e-144 1.4114e-98 4.2305e-61 1.7576e-48 ] 1.0000e+00
 7.514e+01 1.2294e-48 1.2294e-48 [ 1.4226e-144 7.2547e-99 2.7242e-61 1.2294e-48 ] 1.0000e+00
 7.525e+01 8.5950e-49 8.5950e-49 [ 5.8512e-145 3.7262e-99 1.7532e-61 8.5950e-49 ] 1.0000e+00
 7.537e+01 6.0058e-49 6.0058e-49 [ 2.4050e-145 1.9125e-99 1.1276e-61 6.0058e-49 ] 1.0000e+00
 7.548e+01 4.1945e-49 4.1945e-49 [ 9.8782e-146 9.8083e-100 7.2485e-62 4.1945e-49 ] 1.0000e+00
 7.559e+01 2.9279e-49 2.9279e-49 [ 4.0547e-146 5.0266e-100 4.6566e-62 2.9279e-49 ] 1.0000e+00
 7.571e+01 2.0428e-49 2.0428e-49 [ 1.6632e-146 2.5741e-100 2.9897e-62 2.0428e-49 ] 1.0000e+00
 7.582e+01 1.4245e-49 1.4245e-49 [ 6.8176e-147 1.3172e-100 1.9183e-62 1.4245e-49 ] 1.0000e+00
 7.593e+01 9.9284e-50 9.9284e-50 [ 2.7928e-147 6.7355e-101 1.2302e-62 9.9284e-50 ] 1.0000e+00
 7.605e+01 6.9163e-50 6.9163e-50 [ 1.1433e-147 3.4416e-101 7.8841e-63 6.9163e-50 ] 1.0000e+00
 7.616e+01 4.8156e-50 4.8156e-50 [ 4.6770e-148 1.7572e-101 5.0498e-63 4.8156e-50 ] 1.0000e+00
 7.627e+01 3.3513e-50 3.3513e-50 [ 1.9121e-148 8.9655e-102 3.2325e-63 3.3513e-50 ] 1.0000e+00
 7.639e+01 2.3310e-50 2.3310e-50 [ 7.8118e-149 4.5709e-102 2.0680e-63 2.3310e-50 ] 1.0000e+00
 7.650e+01 1.6205e-50 1.6205e-50 [ 3.1894e-149 2.3287e-102 1.3222e-63 1.6205e-50 ] 1.0000e+00
 7.661e+01 1.1260e-50 1.1260e-50 [ 1.3013e-149 1.1855e-102 8.4489e-64 1.1260e-50 ] 1.0000e+00
 7.673e+01 7.8202e-51 7.8202e-51 [ 5.3061e-150 6.0306e-103 5.3955e-64 7.8202e-51 ] 1.0000e+00
 7.684e+01 5.4283e-51 5.4283e-51 [ 2.1621e-150 3.0655e-103 3.4436e-64 5.4283e-51 ] 1.0000e+00
 7.695e+01 3.7661e-51 3.7661e-51 [ 8.8043e-151 1.5572e-103 2.1965e-64 3.7661e-51 ] 1.0000e+00
 7.707e+01 2.6116e-51 2.6116e-51 [ 3.5828e-151 7.9041e-104 1.4002e-64 2.6116e-51 ] 1.0000e+00
 7.718e+01 1.8101e-51 1.8101e-51 [ 1.4571e-151 4.0091e-104 8.9209e-65 1.8101e-51 ] 1.0000e+00
 7.729e+01 1.2539e-51 1.2539e-51 [ 5.9217e-152 2.0320e-104 5.6802e-65 1.2539e-51 ] 1.0000e+00
 7.741e+01 8.6818e-52 8.6818e-52 [ 2.4051e-152 1.0292e-104 3.6146e-65 8.6818e-52 ] 1.0000e+00
 7.752e+01 6.0081e-52 6.0081e-52 [ 9.7620e-153 5.2087e-105 2.2988e-65 6.0081e-52 ] 1.0000e+00
 7.763e+01 4.1557e-52 4.1557e-52 [ 3.9597e-153 2.6343e-105 1.4611e-65 4.1557e-52 ] 1.0000e+00
 7.775e+01 2.8730e-52 2.8730e-52 [ 1.6051e-153 1.3313e-105 9.2812e-66 2.8730e-52 ] 1.0000e+00
 7.786e+01 1.9852e-52 1.9852e-52 [ 6.5024e-154 6.7231e-106 5.8921e-66 1.9852e-52 ] 1.0000e+00
 7.797e+01 1.3711e-52 1.3711e-52 [ 2.6324e-154 3.3928e-106 3.7384e-66 1.3711e-52 ] 1.0000e+00
 7.809e+01 9.4642e-53 9.4642e-53 [ 1.0650e-154 1.7109e-106 2.3705e-66 9.4642e-53 ] 1.0000e+00
 7.820e+01 6.5297e-53 6.5297e-53 [ 4.3063e-155 8.6214e-107 1.5023e-66 6.5297e-53 ] 1.0000e+00
 7.831e+01 4.5028e-53 4.5028e-53 [ 1.7400e-155 4.3413e-107 9.5146e-67 4.5028e-53 ] 1.0000e+00
 7.843e+01 3.1035e-53 3.1035e-53 [ 7.0264e-156 2.1845e-107 6.0225e-67 3.1035e-53 ] 1.0000e+00
 7.854e+01 2.1380e-53 2.1380e-53 [ 2.8355e-156 1.0984e-107 3.8099e-67 2.1380e-53 ] 1.0000e+00
 7.865e+01 1.4721e-53 1.4721e-53 [ 1.1436e-156 5.5191e-108 2.4088e-67 1.4721e-53 ] 1.0000e+00
 7.877e+01 1.0131e-53 1.0131e-53 [ 4.6091e-157 2.7712e-108 1.5220e-67 1.0131e-53 ] 1.0000e+00
 7.888e+01 6.9687e-54 6.9687e-54 [ 1.8565e-157 1.3904e-108 9.6114e-68 6.9687e-54 ] 1.0000e+00
 7.899e+01 4.7910e-54 4.7910e-54 [ 7.4732e-158 6.9714e-109 6.0660e-68 4.7910e-54 ] 1.0000e+00
 7.911e+01 3.2922e-54 3.2922e-54 [ 3.0064e-158 3.4928e-109 3.8261e-68 3.2922e-54 ] 1.0000e+00
 7.922e+01 2.2611e-54 2.2611e-54 [ 1.2087e-158 1.7488e-109 2.4119e-68 2.2611e-54 ] 1.0000e+00
 7.933e+01 1.5522e-54 1.5522e-54 [ 4.8563e-159 8.7492e-110 1.5196e-68 1.5522e-54 ] 1.0000e+00
 7.945e+01 1.0650e-54 1.0650e-54 [ 1.9500e-159 4.3742e-110 9.5678e-69 1.0650e-54 ] 1.0000e+00
 7.956e+01 7.3034e-55 7.3034e-55 [ 7.8249e-160 2.1854e-110 6.0208e-69 7.3034e-55 ] 1.0000e+00
 7.967e+01 5.0060e-55 5.0060e-55 [ 3.1381e-160 1.0910e-110 3.7865e-69 5.0060e-55 ] 1.0000e+00
 7.979e+01 3.4296e-55 3.4296e-55 [ 1.2577e-160 5.4431e-111 2.3800e-69 3.4296e-55 ] 1.0000e+00
 7.990e+01 2.3484e-55 2.3484e-55 [ 5.0376e-161 2.7136e-111 1.4950e-69 2.3484e-55 ] 1.0000e+00
 8.001e+01 1.6072e-55 1.6072e-55 [ 2.0165e-161 1.3519e-111 9.3860e-70 1.6072e-55 ] 1.0000e+00
 8.013e+01 1.0994e-55 1.0994e-55 [ 8.0671e-162 6.7301e-112 5.8891e-70 1.0994e-55 ] 1.0000e+00
 8.024e+01 7.5170e-56 7.5170e-56 [ 3.2253e-162 3.3481e-112 3.6929e-70 7.5170e-56 ] 1.0000e+00
 8.035e+01 5.1369e-56 5.1369e-56 [ 1.2887e-162 1.6645e-112 2.3144e-70 5.1369e-56 ] 1.0000e+00
 8.047e+01 3.5087e-56 3.5087e-56 [ 5.1460e-163 8.2687e-113 1.4496e-70 3.5087e-56 ] 1.0000e+00
 8.058e+01 2.3953e-56 2.3953e-56 [ 2.0536e-163 4.1049e-113 9.0741e-71 2.3953e-56 ] 1.0000e+00
 8.069e+01 1.6344e-56 1.6344e-56 [ 8.1905e-164 2.0364e-113 5.6769e-71 1.6344e-56 ] 1.0000e+00
 8.081e+01 1.1147e-56 1.1147e-56 [ 3.2647e-164 1.0095e-113 3.5495e-71 1.1147e-56 ] 1.0000e+00
 8.092e+01 7.5985e-57 7.5985e-57 [ 1.3005e-164 5.0010e-114 2.2180e-71 7.5985e-57 ] 1.0000e+00
 8.103e+01 5.1771e-57 5.1771e-57 [ 5.1773e-165 2.4758e-114 1.3852e-71 5.1771e-57 ] 1.0000e+00
 8.115e+01 3.5255e-57 3.5255e-57 [ 2.0599e-165 1.2248e-114 8.6458e-72 3.5255e-57 ] 1.0000e+00
 8.126e+01 2.3996e-57 2.3996e-57 [ 8.1908e-166 6.0547e-115 5.3932e-72 2.3996e-57 ] 1.0000e+00
 8.137e+01 1.6325e-57 1.6325e-57 [ 3.2550e-166 2.9911e-115 3.3623e-72 1.6325e-57 ] 1.0000e+00
 8.149e+01 1.1100e-57 1.1100e-57 [ 1.2927e-166 1.4766e-115 2.0950e-72 1.1100e-57 ] 1.0000e+00
 8.160e+01 7.5439e-58 7.5439e-58 [ 5.1311e-167 7.2845e-116 1.3046e-72 7.5439e-58 ] 1.0000e+00
 8.171e+01 5.1244e-58 5.1244e-58 [ 2.0354e-167 3.5911e-116 8.1189e-73 5.1244e-58 ] 1.0000e+00
 8.183e+01 3.4792e-58 3.4792e-58 [ 8.0695e-168 1.7692e-116 5.0499e-73 3.4792e-58 ] 1.0000e+00
 8.194e+01 2.3610e-58 2.3610e-58 [ 3.1972e-168 8.7096e-117 3.1391e-73 2.3610e-58 ] 1.0000e+00
 8.205e+01 1.6014e-58 1.6014e-58 [ 1.2660e-168 4.2848e-117 1.9502e-73 1.6014e-58 ] 1.0000e+00
 8.217e+01 1.0857e-58 1.0857e-58 [ 5.0103e-169 2.1065e-117 1.2109e-73 1.0857e-58 ] 1.0000e+00
 8.228e+01 7.3563e-59 7.3563e-59 [ 1.9817e-169 1.0349e-117 7.5144e-74 7.3563e-59 ] 1.0000e+00
 8.239e+01 4.9821e-59 4.9821e-59 [ 7.8331e-170 5.0809e-118 4.6604e-74 4.9821e-59 ] 1.0000e+00
 8.251e+01 3.3725e-59 3.3725e-59 [ 3.0945e-170 2.4928e-118 2.8887e-74 3.3725e-59 ] 1.0000e+00
 8.262e+01 2.2818e-59 2.2818e-59 [ 1.2218e-170 1.2221e-118 1.7895e-74 2.2818e-59 ] 1.0000e+00
 8.273e+01 1.5431e-59 1.5431e-59 [ 4.8210e-171 5.9878e-119 1.1079e-74 1.5431e-59 ] 1.0000e+00
 8.285e+01 1.0430e-59 1.0430e-59 [ 1.9012e-171 2.9316e-119 6.8551e-75 1.0430e-59 ] 1.0000e+00
 8.296e+01 7.0461e-60 7.0461e-60 [ 7.4933e-172 1.4344e-119 4.2392e-75 7.0461e-60 ] 1.0000e+00
 8.307e+01 4.7578e-60 4.7578e-60 [ 2.9516e-172 7.0132e-120 2.6201e-75 4.7578e-60 ] 1.0000e+00
 8.319e+01 3.2111e-60 3.2111e-60 [ 1.1620e-172 3.4267e-120 1.6184e-75 3.2111e-60 ] 1.0000e+00
 8.330e+01 2.1661e-60 2.1661e-60 [ 4.5719e-173 1.6732e-120 9.9909e-76 2.1661e-60 ] 1.0000e+00
 8.341e+01 1.4605e-60 1.4605e-60 [ 1.7978e-173 8.1641e-121 6.1642e-76 1.4605e-60 ] 1.0000e+00
 8.353e+01 9.8422e-61 9.8422e-61 [ 7.0652e-174 3.9809e-121 3.8010e-76 9.8422e-61 ] 1.0000e+00
 8.364e+01 6.6294e-61 6.6294e-61 [ 2.7750e-174 1.9398e-121 2.3425e-76 6.6294e-61 ] 1.0000e+00
 8.375e+01 4.4632e-61 4.4632e-61 [ 1.0893e-174 9.4460e-122 1.4428e-76 4.4632e-61 ] 1.0000e+00
 8.387e+01 3.0033e-61 3.0033e-61 [ 4.2737e-175 4.5967e-122 8.8811e-77 3.0033e-61 ] 1.0000e+00
 8.398e+01 2.0199e-61 2.0199e-61 [ 1.6757e-175 2.2353e-122 5.4638e-77 2.0199e-61 ] 1.0000e+00
 8.409e+01 1.3579e-61 1.3579e-61 [ 6.5669e-176 1.0863e-122 3.3594e-77 1.3579e-61 ] 1.0000e+00
 8.421e+01 9.1237e-62 9.1237e-62 [ 2.5720e-176 5.2755e-123 2.0644e-77 9.1237e-62 ] 1.0000e+00
 8.432e+01 6.1272e-62 6.1272e-62 [ 1.0068e-176 2.5603e-123 1.2679e-77 6.1272e-62 ] 1.0000e+00
 8.443e+01 4.1129e-62 4.1129e-62 [ 3.9386e-177 1.2417e-123 7.7821e-78 4.1129e-62 ] 1.0000e+00
 8.455e+01 2.7594e-62 2.7594e-62 [ 1.5400e-177 6.0182e-124 4.7739e-78 2.7594e-62 ] 1.0000e+00
 8.466e+01 1.8504e-62 1.8504e-62 [ 6.0179e-178 2.9149e-124 2.9269e-78 1.8504e-62 ] 1.0000e+00
 8.477e+01 1.2402e-62 1.2402e-62 [ 2.3503e-178 1.4109e-124 1.7935e-78 1.2402e-62 ] 1.0000e+00
 8.489e+01 8.3085e-63 8.3085e-63 [ 9.1742e-179 6.8242e-125 1.0983e-78 8.3085e-63 ] 1.0000e+00
 8.500e+01 5.5633e-63 5.5633e-63 [ 3.5790e-179 3.2987e-125 6.7222e-79 5.5633e-63 ] 1.0000e+00
 8.511e+01 3.7233e-63 3.7233e-63 [ 1.3955e-179 1.5934e-125 4.1120e-79 3.7233e-63 ] 1.0000e+00
 8.523e+01 2.4906e-63 2.4906e-63 [ 5.4380e-180 7.6920e-126 2.5139e-79 2.4906e-63 ] 1.0000e+00
 8.534e+01 1.6652e-63 1.6652e-63 [ 2.1179e-180 3.7107e-126 1.5360e-79 1.6652e-63 ] 1.0000e+00
 8.545e+01 1.1128e-63 1.1128e-63 [ 8.2441e-181 1.7889e-126 9.3795e-80 1.1128e-63 ] 1.0000e+00
 8.557e+01 7.4330e-64 7.4330e-64 [ 3.2072e-181 8.6184e-127 5.7244e-80 7.4330e-64 ] 1.0000e+00
 8.568e+01 4.9624e-64 4.9624e-64 [ 1.2470e-181 4.1494e-127 3.4917e-80 4.9624e-64 ] 1.0000e+00
 8.579e+01 3.3113e-64 3.3113e-64 [ 4.8461e-182 1.9964e-127 2.1286e-80 3.3113e-64 ] 1.0000e+00
 8.591e+01 2.2085e-64 2.2085e-64 [ 1.8822e-182 9.5992e-128 1.2969e-80 2.2085e-64 ] 1.0000e+00
 8.602e+01 1.4723e-64 1.4723e-64 [ 7.3063e-183 4.6125e-128 7.8968e-81 1.4723e-64 ] 1.0000e+00
 8.613e+01 9.8098e-65 9.8098e-65 [ 2.8346e-183 2.2149e-128 4.8058e-81 9.8098e-65 ] 1.0000e+00
 8.625e+01 6.5331e-65 6.5331e-65 [ 1.0991e-183 1.0628e-128 2.9230e-81 6.5331e-65 ] 1.0000e+00
 8.636e+01 4.3488e-65 4.3488e-65 [ 4.2595e-184 5.0970e-129 1.7768e-81 4.3488e-65 ] 1.0000e+00
 8.647e+01 2.8933e-65 2.8933e-65 [ 1.6498e-184 2.4427e-129 1.0795e-81 2.8933e-65 ] 1.0000e+00
 8.659e+01 1.9241e-65 1.9241e-65 [ 6.3868e-185 1.1699e-129 6.5547e-82 1.9241e-65 ] 1.0000e+00
 8.670e+01 1.2789e-65 1.2789e-65 [ 2.4711e-185 5.5992e-130 3.9777e-82 1.2789e-65 ] 1.0000e+00
 8.681e+01 8.4962e-66 8.4962e-66 [ 9.5554e-186 2.6781e-130 2.4125e-82 8.4962e-66 ] 1.0000e+00
 8.693e+01 5.6417e-66 5.6417e-66 [ 3.6930e-186 1.2801e-130 1.4624e-82 5.6417e-66 ] 1.0000e+00
 8.704e+01 3.7444e-66 3.7444e-66 [ 1.4265e-186 6.1149e-131 8.8593e-83 3.7444e-66 ] 1.0000e+00
 8.715e+01 2.4839e-66 2.4839e-66 [ 5.5071e-187 2.9191e-131 5.3641e-83 2.4839e-66 ] 1.0000e+00
 8.727e+01 1.6469e-66 1.6469e-66 [ 2.1249e-187 1.3926e-131 3.2460e-83 1.6469e-66 ] 1.0000e+00
 8.738e+01 1.0915e-66 1.0915e-66 [ 8.1945e-188 6.6391e-132 1.9632e-83 1.0915e-66 ] 1.0000e+00
 8.749e+01 7.2299e-67 7.2299e-67 [ 3.1584e-188 3.1631e-132 1.1866e-83 7.2299e-67 ] 1.0000e+00
 8.761e+01 4.7867e-67 4.7867e-67 [ 1.2167e-188 1.5061e-132 7.1686e-84 4.7867e-67 ] 1.0000e+00
 8.772e+01 3.1676e-67 3.1676e-67 [ 4.6842e-189 7.1661e-133 4.3282e-84 3.1676e-67 ] 1.0000e+00
 8.783e+01 2.0952e-67 2.0952e-67 [ 1.8025e-189 3.4076e-133 2.6118e-84 2.0952e-67 ] 1.0000e+00
 8.795e+01 1.3851e-67 1.3851e-67 [ 6.9321e-190 1.6193e-133 1.5751e-84 1.3851e-67 ] 1.0000e+00
 8.806e+01 9.1528e-68 9.1528e-68 [ 2.6645e-190 7.6899e-134 9.4941e-85 9.1528e-68 ] 1.0000e+00
 8.817e+01 6.0451e-68 6.0451e-68 [ 1.0236e-190 3.6495e-134 5.7194e-85 6.0451e-68 ] 1.0000e+00
 8.829e+01 3.9906e-68 3.9906e-68 [ 3.9302e-191 1.7309e-134 3.4435e-85 3.9906e-68 ] 1.0000e+00
 8.840e+01 2.6331e-68 2.6331e-68 [ 1.5082e-191 8.2040e-135 2.0721e-85 2.6331e-68 ] 1.0000e+00
 8.851e+01 1.7365e-68 1.7365e-68 [ 5.7844e-192 3.8859e-135 1.2461e-85 1.7365e-68 ] 1.0000e+00
 8.863e+01 1.1447e-68 1.1447e-68 [ 2.2173e-192 1.8394e-135 7.4900e-86 1.1447e-68 ] 1.0000e+00
 8.874e+01 7.5418e-69 7.5418e-69 [ 8.4947e-193 8.7014e-136 4.4994e-86 7.5418e-69 ] 1.0000e+00
 8.885e+01 4.9665e-69 4.9665e-69 [ 3.2526e-193 4.1135e-136 2.7014e-86 4.9665e-69 ] 1.0000e+00
 8.897e+01 3.2691e-69 3.2691e-69 [ 1.2447e-193 1.9434e-136 1.6210e-86 3.2691e-69 ] 1.0000e+00
 8.908e+01 2.1507e-69 2.1507e-69 [ 4.7606e-194 9.1751e-137 9.7211e-87 2.1507e-69 ] 1.0000e+00
 8.919e+01 1.4143e-69 1.4143e-69 [ 1.8198e-194 4.3290e-137 5.8266e-87 1.4143e-69 ] 1.0000e+00
 8.931e+01 9.2953e-70 9.2953e-70 [ 6.9523e-195 2.0412e-137 3.4904e-87 9.2953e-70 ] 1.0000e+00
 8.942e+01 6.1065e-70 6.1065e-70 [ 2.6545e-195 9.6179e-138 2.0897e-87 6.1065e-70 ] 1.0000e+00
 8.953e+01 4.0096e-70 4.0096e-70 [ 1.0130e-195 4.5290e-138 1.2504e-87 4.0096e-70 ] 1.0000e+00
 8.965e+01 2.6315e-70 2.6315e-70 [ 3.8635e-196 2.1313e-138 7.4780e-88 2.6315e-70 ] 1.0000e+00
 8.976e+01 1.7262e-70 1.7262e-70 [ 1.4727e-196 1.0023e-138 4.4696e-88 1.7262e-70 ] 1.0000e+00
 8.987e+01 1.1318e-70 1.1318e-70 [ 5.6101e-197 4.7102e-139 2.6700e-88 1.1318e-70 ] 1.0000e+00
 8.999e+01 7.4175e-71 7.4175e-71 [ 2.1360e-197 2.2121e-139 1.5941e-88 7.4175e-71 ] 1.0000e+00
 9.010e+01 4.8587e-71 4.8587e-71 [ 8.1276e-198 1.0382e-139 9.5121e-89 4.8587e-71 ] 1.0000e+00
 9.021e+01 3.1811e-71 3.1811e-71 [ 3.0908e-198 4.8695e-140 5.6728e-89 3.1811e-71 ] 1.0000e+00
 9.033e+01 2.0817e-71 2.0817e-71 [ 1.1747e-198 2.2824e-140 3.3812e-89 2.0817e-71 ] 1.0000e+00
 9.044e+01 1.3616e-71 1.3616e-71 [ 4.4620e-199 1.0690e-140 2.0142e-89 1.3616e-71 ] 1.0000e+00
 9.055e+01 8.9016e-72 8.9016e-72 [ 1.6938e-199 5.0038e-141 1.1992e-89 8.9016e-72 ] 1.0000e+00
 9.067e+01 5.8167e-72 5.8167e-72 [ 6.4260e-200 2.3405e-141 7.1358e-90 5.8167e-72 ] 1.0000e+00
 9.078e+01 3.7991e-72 3.7991e-72 [ 2.4364e-200 1.0940e-141 4.2437e-90 3.7991e-72 ] 1.0000e+00
 9.089e+01 2.4801e-72 2.4801e-72 [ 9.2320e-201 5.1102e-142 2.5224e-90 2.4801e-72 ] 1.0000e+00
 9.101e+01 1.6183e-72 1.6183e-72 [ 3.4960e-201 2.3853e-142 1.4984e-90 1.6183e-72 ] 1.0000e+00
 9.112e+01 1.0554e-72 1.0554e-72 [ 1.3231e-201 1.1126e-142 8.8965e-91 1.0554e-72 ] 1.0000e+00
 9.123e+01 6.8801e-73 6.8801e-73 [ 5.0039e-202 5.1862e-143 5.2791e-91 6.8801e-73 ] 1.0000e+00
 9.135e+01 4.4828e-73 4.4828e-73 [ 1.8913e-202 2.4157e-143 3.1308e-91 4.4828e-73 ] 1.0000e+00
 9.146e+01 2.9194e-73 2.9194e-73 [ 7.1438e-203 1.1244e-143 1.8557e-91 2.9194e-73 ] 1.0000e+00
 9.157e+01 1.9003e-73 1.9003e-73 [ 2.6966e-203 5.2296e-144 1.0993e-91 1.9003e-73 ] 1.0000e+00
 9.169e+01 1.2364e-73 1.2364e-73 [ 1.0172e-203 2.4306e-144 6.5087e-92 1.2364e-73 ] 1.0000e+00
 9.180e+01 8.0403e-74 8.0403e-74 [ 3.8347e-204 1.1288e-144 3.8514e-92 8.0403e-74 ] 1.0000e+00
 9.191e+01 5.2261e-74 5.2261e-74 [ 1.4446e-204 5.2387e-145 2.2777e-92 5.2261e-74 ] 1.0000e+00
 9.203e+01 3.3953e-74 3.3953e-74 [ 5.4385e-205 2.4293e-145 1.3463e-92 3.3953e-74 ] 1.0000e+00
 9.214e+01 2.2048e-74 2.2048e-74 [ 2.0460e-205 1.1257e-145 7.9530e-93 2.2048e-74 ] 1.0000e+00
 9.225e+01 1.4310e-74 1.4310e-74 [ 7.6916e-206 5.2121e-146 4.6955e-93 1.4310e-74 ] 1.0000e+00
 9.237e+01 9.2837e-75 9.2837e-75 [ 2.8895e-206 2.4114e-146 2.7706e-93 9.2837e-75 ] 1.0000e+00
 9.248e+01 6.0199e-75 6.0199e-75 [ 1.0847e-206 1.1147e-146 1.6339e-93 6.0199e-75 ] 1.0000e+00
 9.259e+01 3.9016e-75 3.9016e-75 [ 4.0691e-207 5.1490e-147 9.6302e-94 3.9016e-75 ] 1.0000e+00
 9.271e+01 2.5275e-75 2.5275e-75 [ 1.5253e-207 2.3764e-147 5.6726e-94 2.5275e-75 ] 1.0000e+00
 9.282e+01 1.6365e-75 1.6365e-75 [ 5.7132e-208 1.0959e-147 3.3395e-94 1.6365e-75 ] 1.0000e+00
 9.293e+01 1.0592e-75 1.0592e-75 [ 2.1383e-208 5.0493e-148 1.9648e-94 1.0592e-75 ] 1.0000e+00
 9.305e+01 6.8514e-76 6.8514e-76 [ 7.9969e-209 2.3245e-148 1.1553e-94 6.8514e-76 ] 1.0000e+00
 9.316e+01 4.4299e-76 4.4299e-76 [ 2.9884e-209 1.0692e-148 6.7894e-95 4.4299e-76 ] 1.0000e+00
 9.327e+01 2.8629e-76 2.8629e-76 [ 1.1158e-209 4.9133e-149 3.9874e-95 2.8629e-76 ] 1.0000e+00
 9.339e+01 1.8493e-76 1.8493e-76 [ 4.1630e-210 2.2559e-149 2.3403e-95 1.8493e-76 ] 1.0000e+00
 9.350e+01 1.1940e-76 1.1940e-76 [ 1.5518e-210 1.0348e-149 1.3727e-95 1.1940e-76 ] 1.0000e+00
 9.361e+01 7.7050e-77 7.7050e-77 [ 5.7799e-211 4.7423e-150 8.0469e-96 7.7050e-77 ] 1.0000e+00
 9.373e+01 4.9699e-77 4.9699e-77 [ 2.1509e-211 2.1712e-150 4.7139e-96 4.9699e-77 ] 1.0000e+00
 9.384e+01 3.2042e-77 3.2042e-77 [ 7.9972e-212 9.9311e-151 2.7596e-96 3.2042e-77 ] 1.0000e+00
 9.395e+01 2.0648e-77 2.0648e-77 [ 2.9707e-212 4.5380e-151 1.6144e-96 2.0648e-77 ] 1.0000e+00
 9.407e+01 1.3299e-77 1.3299e-77 [ 1.1025e-212 2.0715e-151 9.4381e-97 1.3299e-77 ] 1.0000e+00
 9.418e+01 8.5619e-78 8.5619e-78 [ 4.0880e-213 9.4462e-152 5.5136e-97 8.5619e-78 ] 1.0000e+00
 9.429e+01 5.5095e-78 5.5095e-78 [ 1.5143e-213 4.3030e-152 3.2186e-97 5.5095e-78 ] 1.0000e+00
 9.441e+01 3.5436e-78 3.5436e-78 [ 5.6041e-214 1.9580e-152 1.8774e-97 3.5436e-78 ] 1.0000e+00
 9.452e+01 2.2780e-78 2.2780e-78 [ 2.0718e-214 8.8998e-153 1.0943e-97 2.2780e-78 ] 1.0000e+00
 9.463e+01 1.4638e-78 1.4638e-78 [ 7.6517e-215 4.0407e-153 6.3727e-98 1.4638e-78 ] 1.0000e+00
 9.475e+01 9.4013e-79 9.4013e-79 [ 2.8230e-215 1.8324e-153 3.7081e-98 9.4013e-79 ] 1.0000e+00
 9.486e+01 6.0352e-79 6.0352e-79 [ 1.0404e-215 8.2999e-154 2.1557e-98 6.0352e-79 ] 1.0000e+00
 9.497e+01 3.8724e-79 3.8724e-79 [ 3.8300e-216 3.7549e-154 1.2521e-98 3.8724e-79 ] 1.0000e+00
 9.509e+01 2.4835e-79 2.4835e-79 [ 1.4084e-216 1.6966e-154 7.2656e-99 2.4835e-79 ] 1.0000e+00
 9.520e+01 1.5920e-79 1.5920e-79 [ 5.1729e-217 7.6560e-155 4.2117e-99 1.5920e-79 ] 1.0000e+00
 9.531e+01 1.0201e-79 1.0201e-79 [ 1.8977e-217 3.4503e-155 2.4389e-99 1.0201e-79 ] 1.0000e+00
 9.543e+01 6.5328e-80 6.5328e-80 [ 6.9534e-218 1.5528e-155 1.4107e-99 6.5328e-80 ] 1.0000e+00
 9.554e+01 4.1818e-80 4.1818e-80 [ 2.5446e-218 6.9786e-156 8.1508e-100 4.1818e-80 ] 1.0000e+00
 9.565e+01 2.6756e-80 2.6756e-80 [ 9.2997e-219 3.1318e-156 4.7035e-100 2.6756e-80 ] 1.0000e+00
 9.577e+01 1.7111e-80 1.7111e-80 [ 3.3942e-219 1.4034e-156 2.7108e-100 1.7111e-80 ] 1.0000e+00
 9.588e+01 1.0937e-80 1.0937e-80 [ 1.2371e-219 6.2791e-157 1.5602e-100 1.0937e-80 ] 1.0000e+00
 9.599e+01 6.9879e-81 6.9879e-81 [ 4.5025e-220 2.8050e-157 8.9669e-101 6.9879e-81 ] 1.0000e+00
 9.611e+01 4.4625e-81 4.4625e-81 [ 1.6363e-220 1.2510e-157 5.1459e-101 4.4625e-81 ] 1.0000e+00
 9.622e+01 2.8484e-81 2.8484e-81 [ 5.9371e-221 5.5695e-158 2.9485e-101 2.8484e-81 ] 1.0000e+00
 9.633e+01 1.8173e-81 1.8173e-81 [ 2.1508e-221 2.4753e-158 1.6866e-101 1.8173e-81 ] 1.0000e+00
 9.645e+01 1.1589e-81 1.1589e-81 [ 7.7786e-222 1.0981e-158 9.6306e-102 1.1589e-81 ] 1.0000e+00
 9.656e+01 7.3866e-82 7.3866e-82 [ 2.8083e-222 4.8620e-159 5.4890e-102 7.3866e-82 ] 1.0000e+00
 9.667e+01 4.7059e-82 4.7059e-82 [ 1.0120e-222 2.1484e-159 3.1223e-102 4.7059e-82 ] 1.0000e+00
 9.679e+01 2.9967e-82 2.9967e-82 [ 3.6399e-223 9.4738e-160 1.7723e-102 2.9967e-82 ] 1.0000e+00
 9.690e+01 1.9074e-82 1.9074e-82 [ 1.3065e-223 4.1684e-160 1.0038e-102 1.9074e-82 ] 1.0000e+00
 9.701e+01 1.2134e-82 1.2134e-82 [ 4.6798e-224 1.8298e-160 5.6718e-103 1.2134e-82 ] 1.0000e+00
 9.713e+01 7.7161e-83 7.7161e-83 [ 1.6724e-224 8.0129e-161 3.1967e-103 7.7161e-83 ] 1.0000e+00
 9.724e+01 4.9042e-83 4.9042e-83 [ 5.9626e-225 3.4999e-161 1.7969e-103 4.9042e-83 ] 1.0000e+00
 9.735e+01 3.1155e-83 3.1155e-83 [ 2.1204e-225 1.5245e-161 1.0071e-103 3.1155e-83 ] 1.0000e+00
 9.747e+01 1.9783e-83 1.9783e-83 [ 7.5197e-226 6.6210e-162 5.6273e-104 1.9783e-83 ] 1.0000e+00
 9.758e+01 1.2555e-83 1.2555e-83 [ 2.6590e-226 2.8666e-162 3.1339e-104 1.2555e-83 ] 1.0000e+00
 9.769e+01 7.9646e-84 7.9646e-84 [ 9.3725e-227 1.2369e-162 1.7390e-104 7.9646e-84 ] 1.0000e+00
 9.781e+01 5.0499e-84 5.0499e-84 [ 3.2923e-227 5.3180e-163 9.6127e-105 5.0499e-84 ] 1.0000e+00
 9.792e+01 3.2001e-84 3.2001e-84 [ 1.1521e-227 2.2773e-163 5.2911e-105 3.2001e-84 ] 1.0000e+00
 9.803e+01 2.0268e-84 2.0268e-84 [ 4.0153e-228 9.7099e-164 2.8989e-105 2.0268e-84 ] 1.0000e+00
 9.815e+01 1.2830e-84 1.2830e-84 [ 1.3929e-228 4.1203e-164 1.5801e-105 1.2830e-84 ] 1.0000e+00
 9.826e+01 8.1156e-85 8.1156e-85 [ 4.8075e-229 1.7391e-164 8.5642e-106 8.1156e-85 ] 1.0000e+00
 9.837e+01 5.1296e-85 5.1296e-85 [ 1.6496e-229 7.2962e-165 4.6123e-106 5.1296e-85 ] 1.0000e+00
 9.849e+01 3.2392e-85 3.2392e-85 [ 5.6232e-230 3.0403e-165 2.4661e-106 3.2392e-85 ] 1.0000e+00
 9.860e+01 2.0429e-85 2.0429e-85 [ 1.9022e-230 1.2570e-165 1.3078e-106 2.0429e-85 ] 1.0000e+00
 9.871e+01 1.2862e-85 1.2862e-85 [ 6.3773e-231 5.1491e-166 6.8684e-107 1.2862e-85 ] 1.0000e+00
 9.883e+01 8.0776e-86 8.0776e-86 [ 2.1152e-231 2.0863e-166 3.5664e-107 8.0776e-86 ] 1.0000e+00
 9.894e+01 5.0536e-86 5.0536e-86 [ 6.9242e-232 8.3416e-167 1.8264e-107 5.0536e-86 ] 1.0000e+00
 9.905e+01 3.1425e-86 3.1425e-86 [ 2.2298e-232 3.2801e-167 9.1930e-108 3.1425e-86 ] 1.0000e+00
 9.917e+01 1.9344e-86 1.9344e-86 [ 7.0289e-233 1.2623e-167 4.5241e-108 1.9344e-86 ] 1.0000e+00
 9.928e+01 1.1698e-86 1.1698e-86 [ 2.1526e-233 4.7174e-168 2.1580e-108 1.1698e-86 ] 1.0000e+00
 9.939e+01 6.8430e-87 6.8430e-87 [ 6.3230e-234 1.6892e-168 9.8179e-109 6.8430e-87 ] 1.0000e+00
 9.951e+01 3.7431e-87 3.7431e-87 [ 1.7369e-234 5.6370e-169 4.1151e-109 3.7431e-87 ] 1.0000e+00
 9.962e+01 1.7578e-87 1.7578e-87 [ 4.1806e-235 1.6273e-169 1.4522e-109 1.7578e-87 ] 1.0000e+00
 9.973e+01 5.3384e-88 5.3384e-88 [ 6.7556e-236 3.0325e-170 3.1287e-110 5.3384e-88 ] 1.0000e+00
 9.985e+01 0.0000e+00 0.0000e+00 [ 0.0000e+00 0.0000e+00 0.0000e+00 0.0000e+00 ] 1.0000e+00
