 0.000e+00 0.0000e+00 0.0000e+00 [ 0.0000e+00 0.0000e+00 0.0000e+00 0.0000e+00 0.0000e+00 0.0000e+00 0.0000e+00 ] 0.0000e+00 [ 0.0000e+00 ] 1.0000e+00
 1.133e-01 1.5679e-03 1.5679e-03 [ 1.4315e-03 4.5341e-06 1.7655e-05 8.4343e-05 4.6437e-06 1.5462e-05 9.7853e-06 ] 0.0000e+00 [ 0.0000e+00 ] 9.9843e-01
 2.267e-01 3.1711e-03 3.1711e-03 [ 2.6274e-03 1.8037e-05 7.0332e-05 3.3780e-04 1.8594e-05 6.1859e-05 3.7118e-05 ] 0.0000e+00 [ 0.0000e+00 ] 9.9683e-01
 3.400e-01 4.8548e-03 4.8548e-03 [ 3.6355e-03 4.0205e-05 1.5714e-04 7.6145e-04 4.1901e-05 1.3920e-04 7.9392e-05 ] 0.0000e+00 [ 0.0000e+00 ] 9.9515e-01
 4.533e-01 6.6306e-03 6.6306e-03 [ 4.4705e-03 7.0521e-05 2.7655e-04 1.3567e-03 7.4627e-05 2.4742e-04 1.3430e-04 ] 0.0000e+00 [ 0.0000e+00 ] 9.9337e-01
 5.667e-01 8.5131e-03 8.5131e-03 [ 5.1505e-03 1.0826e-04 4.2641e-04 2.1249e-03 1.1684e-04 3.8641e-04 1.9979e-04 ] 0.0000e+00 [ 0.0000e+00 ] 9.9149e-01
 6.800e-01 1.0513e-02 1.0513e-02 [ 5.6905e-03 1.5250e-04 6.0396e-04 3.0672e-03 1.6860e-04 5.5589e-04 2.7406e-04 ] 0.0000e+00 [ 0.0000e+00 ] 9.8949e-01
 7.933e-01 1.2637e-02 1.2637e-02 [ 6.1034e-03 2.0216e-04 8.0586e-04 4.1843e-03 2.2994e-04 7.5545e-04 3.5551e-04 ] 0.0000e+00 [ 0.0000e+00 ] 9.8736e-01
 9.067e-01 1.4889e-02 1.4889e-02 [ 6.4008e-03 2.5601e-04 1.0283e-03 5.4756e-03 3.0087e-04 9.8450e-04 4.4275e-04 ] 0.0000e+00 [ 0.0000e+00 ] 9.8511e-01
 1.020e+00 1.7271e-02 1.7271e-02 [ 6.5929e-03 3.1272e-04 1.2671e-03 6.9398e-03 3.8136e-04 1.2423e-03 5.3455e-04 ] 0.0000e+00 [ 0.0000e+00 ] 9.8273e-01
 1.133e+00 1.9781e-02 1.9781e-02 [ 6.6897e-03 3.7088e-04 1.5175e-03 8.5739e-03 4.7130e-04 1.5277e-03 6.2985e-04 ] 0.0000e+00 [ 0.0000e+00 ] 9.8022e-01
 1.247e+00 2.2416e-02 2.2416e-02 [ 6.7006e-03 4.2907e-04 1.7750e-03 1.0373e-02 5.7055e-04 1.8395e-03 7.2772e-04 ] 0.0000e+00 [ 0.0000e+00 ] 9.7758e-01
 1.360e+00 2.5168e-02 2.5168e-02 [ 6.6346e-03 4.8588e-04 2.0345e-03 1.2331e-02 6.7887e-04 2.1763e-03 8.2738e-04 ] 0.0000e+00 [ 0.0000e+00 ] 9.7483e-01
 1.473e+00 2.8029e-02 2.8029e-02 [ 6.5008e-03 5.3996e-04 2.2912e-03 1.4437e-02 7.9593e-04 2.5362e-03 9.2811e-04 ] 0.0000e+00 [ 0.0000e+00 ] 9.7197e-01
 1.587e+00 3.0988e-02 3.0988e-02 [ 6.3080e-03 5.9003e-04 2.5402e-03 1.6682e-02 9.2131e-04 2.9171e-03 1.0293e-03 ] 0.0000e+00 [ 0.0000e+00 ] 9.6901e-01
 1.700e+00 3.4028e-02 3.4028e-02 [ 6.0651e-03 6.3495e-04 2.7769e-03 1.9049e-02 1.0545e-03 3.3167e-03 1.1305e-03 ] 0.0000e+00 [ 0.0000e+00 ] 9.6597e-01
 1.813e+00 3.7132e-02 3.7132e-02 [ 5.7806e-03 6.7374e-04 2.9969e-03 2.1523e-02 1.1948e-03 3.7324e-03 1.2311e-03 ] 0.0000e+00 [ 0.0000e+00 ] 9.6287e-01
 1.927e+00 4.0281e-02 4.0281e-02 [ 5.4629e-03 7.0558e-04 3.1961e-03 2.4082e-02 1.3415e-03 4.1613e-03 1.3308e-03 ] 0.0000e+00 [ 0.0000e+00 ] 9.5972e-01
 2.040e+00 4.3449e-02 4.3449e-02 [ 5.1201e-03 7.2984e-04 3.3711e-03 2.6705e-02 1.4936e-03 4.6003e-03 1.4290e-03 ] 0.0000e+00 [ 0.0000e+00 ] 9.5655e-01
 2.153e+00 4.6612e-02 4.6612e-02 [ 4.7599e-03 7.4611e-04 3.5188e-03 2.9366e-02 1.6501e-03 5.0459e-03 1.5255e-03 ] 0.0000e+00 [ 0.0000e+00 ] 9.5339e-01
 2.267e+00 4.9741e-02 4.9741e-02 [ 4.3895e-03 7.5418e-04 3.6367e-03 3.2036e-02 1.8100e-03 5.4946e-03 1.6197e-03 ] 0.0000e+00 [ 0.0000e+00 ] 9.5026e-01
 2.380e+00 5.2804e-02 5.2804e-02 [ 4.0156e-03 7.5407e-04 3.7229e-03 3.4686e-02 1.9717e-03 5.9426e-03 1.7114e-03 ] 0.0000e+00 [ 0.0000e+00 ] 9.4720e-01
 2.493e+00 5.5771e-02 5.5771e-02 [ 3.6442e-03 7.4599e-04 3.7763e-03 3.7284e-02 2.1341e-03 6.3861e-03 1.8000e-03 ] 0.0000e+00 [ 0.0000e+00 ] 9.4423e-01
 2.607e+00 5.8608e-02 5.8608e-02 [ 3.2807e-03 7.3037e-04 3.7964e-03 3.9799e-02 2.2956e-03 6.8210e-03 1.8851e-03 ] 0.0000e+00 [ 0.0000e+00 ] 9.4139e-01
 2.720e+00 6.1282e-02 6.1282e-02 [ 2.9297e-03 7.0779e-04 3.7835e-03 4.2197e-02 2.4545e-03 7.2435e-03 1.9664e-03 ] 0.0000e+00 [ 0.0000e+00 ] 9.3872e-01
 2.833e+00 6.3761e-02 6.3761e-02 [ 2.5951e-03 6.7900e-04 3.7384e-03 4.4446e-02 2.6094e-03 7.6497e-03 2.0432e-03 ] 0.0000e+00 [ 0.0000e+00 ] 9.3624e-01
 2.947e+00 6.6013e-02 6.6013e-02 [ 2.2799e-03 6.4489e-04 3.6628e-03 4.6516e-02 2.7586e-03 8.0358e-03 2.1153e-03 ] 0.0000e+00 [ 0.0000e+00 ] 9.3399e-01
 3.060e+00 6.8010e-02 6.8010e-02 [ 1.9865e-03 6.0641e-04 3.5589e-03 4.8378e-02 2.9005e-03 8.3981e-03 2.1820e-03 ] 0.0000e+00 [ 0.0000e+00 ] 9.3199e-01
 3.173e+00 6.9727e-02 6.9727e-02 [ 1.7164e-03 5.6459e-04 3.4294e-03 5.0006e-02 3.0334e-03 8.7334e-03 2.2431e-03 ] 0.0000e+00 [ 0.0000e+00 ] 9.3027e-01
 3.287e+00 7.1142e-02 7.1142e-02 [ 1.4707e-03 5.2047e-04 3.2776e-03 5.1380e-02 3.1560e-03 9.0386e-03 2.2980e-03 ] 0.0000e+00 [ 0.0000e+00 ] 9.2886e-01
 3.400e+00 7.2237e-02 7.2237e-02 [ 1.2495e-03 4.7507e-04 3.1070e-03 5.2481e-02 3.2669e-03 9.3111e-03 2.3464e-03 ] 0.0000e+00 [ 0.0000e+00 ] 9.2776e-01
 3.513e+00 7.3002e-02 7.3002e-02 [ 1.0526e-03 4.2937e-04 2.9215e-03 5.3297e-02 3.3647e-03 9.5487e-03 2.3880e-03 ] 0.0000e+00 [ 0.0000e+00 ] 9.2700e-01
 3.627e+00 7.3430e-02 7.3430e-02 [ 8.7909e-04 3.8426e-04 2.7249e-03 5.3821e-02 3.4486e-03 9.7496e-03 2.4226e-03 ] 0.0000e+00 [ 0.0000e+00 ] 9.2657e-01
 3.740e+00 7.3519e-02 7.3519e-02 [ 7.2791e-04 3.4053e-04 2.5213e-03 5.4049e-02 3.5177e-03 9.9125e-03 2.4499e-03 ] 0.0000e+00 [ 0.0000e+00 ] 9.2648e-01
 3.853e+00 7.3275e-02 7.3275e-02 [ 5.9754e-04 2.9883e-04 2.3143e-03 5.3986e-02 3.5713e-03 1.0037e-02 2.4699e-03 ] 0.0000e+00 [ 0.0000e+00 ] 9.2673e-01
 3.967e+00 7.2707e-02 7.2707e-02 [ 4.8631e-04 2.5968e-04 2.1075e-03 5.3639e-02 3.6092e-03 1.0122e-02 2.4825e-03 ] 0.0000e+00 [ 0.0000e+00 ] 9.2729e-01
 4.080e+00 7.1830e-02 7.1830e-02 [ 3.9239e-04 2.2349e-04 1.9043e-03 5.3022e-02 3.6312e-03 1.0169e-02 2.4878e-03 ] 0.0000e+00 [ 0.0000e+00 ] 9.2817e-01
 4.193e+00 7.0663e-02 7.0663e-02 [ 3.1390e-04 1.9050e-04 1.7074e-03 5.2150e-02 3.6375e-03 1.0177e-02 2.4859e-03 ] 0.0000e+00 [ 0.0000e+00 ] 9.2934e-01
 4.307e+00 6.9230e-02 6.9230e-02 [ 2.4897e-04 1.6084e-04 1.5191e-03 5.1046e-02 3.6283e-03 1.0149e-02 2.4771e-03 ] 0.0000e+00 [ 0.0000e+00 ] 9.3077e-01
 4.420e+00 6.7556e-02 6.7556e-02 [ 1.9580e-04 1.3452e-04 1.3414e-03 4.9732e-02 3.6044e-03 1.0086e-02 2.4616e-03 ] 0.0000e+00 [ 0.0000e+00 ] 9.3244e-01
 4.533e+00 6.5670e-02 6.5670e-02 [ 1.5270e-04 1.1147e-04 1.1758e-03 4.8234e-02 3.5664e-03 9.9904e-03 2.4399e-03 ] 0.0000e+00 [ 0.0000e+00 ] 9.3433e-01
 4.647e+00 6.3602e-02 6.3602e-02 [ 1.1810e-04 9.1518e-05 1.0231e-03 4.6578e-02 3.5154e-03 9.8636e-03 2.4124e-03 ] 0.0000e+00 [ 0.0000e+00 ] 9.3640e-01
 4.760e+00 6.1383e-02 6.1383e-02 [ 9.0591e-05 7.4463e-05 8.8393e-04 4.4793e-02 3.4524e-03 9.7087e-03 2.3795e-03 ] 0.0000e+00 [ 0.0000e+00 ] 9.3862e-01
 4.873e+00 5.9042e-02 5.9042e-02 [ 6.8930e-05 6.0051e-05 7.5835e-04 4.2906e-02 3.3786e-03 9.5284e-03 2.3418e-03 ] 0.0000e+00 [ 0.0000e+00 ] 9.4096e-01
 4.987e+00 5.6610e-02 5.6610e-02 [ 5.2033e-05 4.8008e-05 6.4619e-04 4.0943e-02 3.2953e-03 9.3256e-03 2.2998e-03 ] 0.0000e+00 [ 0.0000e+00 ] 9.4339e-01
 5.100e+00 5.4115e-02 5.4115e-02 [ 3.8971e-05 3.8053e-05 5.4696e-04 3.8930e-02 3.2038e-03 9.1031e-03 2.2540e-03 ] 0.0000e+00 [ 0.0000e+00 ] 9.4588e-01
 5.213e+00 5.1583e-02 5.1583e-02 [ 2.8965e-05 2.9912e-05 4.5998e-04 3.6890e-02 3.1054e-03 8.8640e-03 2.2050e-03 ] 0.0000e+00 [ 0.0000e+00 ] 9.4842e-01
 5.327e+00 4.9040e-02 4.9040e-02 [ 2.1366e-05 2.3321e-05 3.8440e-04 3.4845e-02 3.0014e-03 8.6111e-03 2.1534e-03 ] 0.0000e+00 [ 0.0000e+00 ] 9.5096e-01
 5.440e+00 4.6507e-02 4.6507e-02 [ 1.5645e-05 1.8038e-05 3.1928e-04 3.2815e-02 2.8931e-03 8.3472e-03 2.0995e-03 ] 0.0000e+00 [ 0.0000e+00 ] 9.5349e-01
 5.553e+00 4.4005e-02 4.4005e-02 [ 1.1373e-05 1.3843e-05 2.6362e-04 3.0815e-02 2.7816e-03 8.0749e-03 2.0439e-03 ] 0.0000e+00 [ 0.0000e+00 ] 9.5600e-01
 5.667e+00 4.1549e-02 4.1549e-02 [ 8.2091e-06 1.0543e-05 2.1641e-04 2.8861e-02 2.6682e-03 7.7968e-03 1.9871e-03 ] 0.0000e+00 [ 0.0000e+00 ] 9.5845e-01
 5.780e+00 3.9154e-02 3.9154e-02 [ 5.8846e-06 7.9709e-06 1.7667e-04 2.6965e-02 2.5538e-03 7.5151e-03 1.9294e-03 ] 0.0000e+00 [ 0.0000e+00 ] 9.6085e-01
 5.893e+00 3.6833e-02 3.6833e-02 [ 4.1899e-06 5.9827e-06 1.4345e-04 2.5137e-02 2.4393e-03 7.2318e-03 1.8713e-03 ] 0.0000e+00 [ 0.0000e+00 ] 9.6317e-01
 6.007e+00 3.4594e-02 3.4594e-02 [ 2.9635e-06 4.4588e-06 1.1587e-04 2.3383e-02 2.3256e-03 6.9490e-03 1.8131e-03 ] 0.0000e+00 [ 0.0000e+00 ] 9.6541e-01
 6.120e+00 3.2445e-02 3.2445e-02 [ 2.0826e-06 3.3003e-06 9.3116e-05 2.1709e-02 2.2134e-03 6.6683e-03 1.7550e-03 ] 0.0000e+00 [ 0.0000e+00 ] 9.6756e-01
 6.233e+00 3.0390e-02 3.0390e-02 [ 1.4543e-06 2.4265e-06 7.4465e-05 2.0120e-02 2.1033e-03 6.3910e-03 1.6973e-03 ] 0.0000e+00 [ 0.0000e+00 ] 9.6961e-01
 6.347e+00 2.8434e-02 2.8434e-02 [ 1.0093e-06 1.7724e-06 5.9266e-05 1.8618e-02 1.9958e-03 6.1184e-03 1.6403e-03 ] 0.0000e+00 [ 0.0000e+00 ] 9.7157e-01
 6.460e+00 2.6578e-02 2.6578e-02 [ 6.9617e-07 1.2864e-06 4.6952e-05 1.7202e-02 1.8913e-03 5.8516e-03 1.5841e-03 ] 0.0000e+00 [ 0.0000e+00 ] 9.7342e-01
 6.573e+00 2.4823e-02 2.4823e-02 [ 4.7737e-07 9.2784e-07 3.7030e-05 1.5874e-02 1.7902e-03 5.5915e-03 1.5289e-03 ] 0.0000e+00 [ 0.0000e+00 ] 9.7518e-01
 6.687e+00 2.3167e-02 2.3167e-02 [ 3.2543e-07 6.6515e-07 2.9078e-05 1.4631e-02 1.6927e-03 5.3386e-03 1.4748e-03 ] 0.0000e+00 [ 0.0000e+00 ] 9.7683e-01
 6.800e+00 2.1609e-02 2.1609e-02 [ 2.2059e-07 4.7399e-07 2.2737e-05 1.3471e-02 1.5991e-03 5.0936e-03 1.4218e-03 ] 0.0000e+00 [ 0.0000e+00 ] 9.7839e-01
 6.913e+00 2.0147e-02 2.0147e-02 [ 1.4869e-07 3.3581e-07 1.7705e-05 1.2392e-02 1.5094e-03 4.8568e-03 1.3702e-03 ] 0.0000e+00 [ 0.0000e+00 ] 9.7985e-01
 7.027e+00 1.8777e-02 1.8777e-02 [ 9.9675e-08 2.3655e-07 1.3732e-05 1.1390e-02 1.4237e-03 4.6285e-03 1.3199e-03 ] 0.0000e+00 [ 0.0000e+00 ] 9.8122e-01
 7.140e+00 1.7495e-02 1.7495e-02 [ 6.6457e-08 1.6569e-07 1.0609e-05 1.0463e-02 1.3420e-03 4.4088e-03 1.2709e-03 ] 0.0000e+00 [ 0.0000e+00 ] 9.8250e-01
 7.253e+00 1.6299e-02 1.6299e-02 [ 4.4074e-08 1.1543e-07 8.1643e-06 9.6047e-03 1.2644e-03 4.1979e-03 1.2234e-03 ] 0.0000e+00 [ 0.0000e+00 ] 9.8370e-01
 7.367e+00 1.5183e-02 1.5183e-02 [ 2.9077e-08 7.9974e-08 6.2597e-06 8.8130e-03 1.1907e-03 3.9957e-03 1.1772e-03 ] 0.0000e+00 [ 0.0000e+00 ] 9.8482e-01
 7.480e+00 1.4144e-02 1.4144e-02 [ 1.9085e-08 5.5117e-08 4.7819e-06 8.0835e-03 1.1208e-03 3.8020e-03 1.1324e-03 ] 0.0000e+00 [ 0.0000e+00 ] 9.8586e-01
 7.593e+00 1.3177e-02 1.3177e-02 [ 1.2462e-08 3.7787e-08 3.6398e-06 7.4121e-03 1.0548e-03 3.6169e-03 1.0891e-03 ] 0.0000e+00 [ 0.0000e+00 ] 9.8682e-01
 7.707e+00 1.2277e-02 1.2277e-02 [ 8.0975e-09 2.5773e-08 2.7608e-06 6.7951e-03 9.9236e-04 3.4401e-03 1.0471e-03 ] 0.0000e+00 [ 0.0000e+00 ] 9.8772e-01
 7.820e+00 1.1442e-02 1.1442e-02 [ 5.2354e-09 1.7490e-08 2.0868e-06 6.2286e-03 9.3346e-04 3.2714e-03 1.0065e-03 ] 0.0000e+00 [ 0.0000e+00 ] 9.8856e-01
 7.933e+00 1.0666e-02 1.0666e-02 [ 3.3685e-09 1.1810e-08 1.5721e-06 5.7089e-03 8.7794e-04 3.1105e-03 9.6724e-04 ] 0.0000e+00 [ 0.0000e+00 ] 9.8933e-01
 8.047e+00 9.9460e-03 9.9460e-03 [ 2.1568e-09 7.9349e-09 1.1803e-06 5.2327e-03 8.2565e-04 2.9572e-03 9.2928e-04 ] 0.0000e+00 [ 0.0000e+00 ] 9.9005e-01
 8.160e+00 9.2777e-03 9.2777e-03 [ 1.3745e-09 5.3055e-09 8.8327e-07 4.7964e-03 7.7644e-04 2.8113e-03 8.9261e-04 ] 0.0000e+00 [ 0.0000e+00 ] 9.9072e-01
 8.273e+00 8.6575e-03 8.6575e-03 [ 8.7177e-10 3.5304e-09 6.5885e-07 4.3971e-03 7.3016e-04 2.6724e-03 8.5719e-04 ] 0.0000e+00 [ 0.0000e+00 ] 9.9134e-01
 8.387e+00 8.0821e-03 8.0821e-03 [ 5.5037e-10 2.3381e-09 4.8988e-07 4.0317e-03 6.8666e-04 2.5402e-03 8.2300e-04 ] 0.0000e+00 [ 0.0000e+00 ] 9.9192e-01
 8.500e+00 7.5482e-03 7.5482e-03 [ 3.4586e-10 1.5412e-09 3.6309e-07 3.6976e-03 6.4579e-04 2.4145e-03 7.8999e-04 ] 0.0000e+00 [ 0.0000e+00 ] 9.9245e-01
 8.613e+00 7.0528e-03 7.0528e-03 [ 2.1636e-10 1.0112e-09 2.6829e-07 3.3920e-03 6.0740e-04 2.2950e-03 7.5814e-04 ] 0.0000e+00 [ 0.0000e+00 ] 9.9295e-01
 8.727e+00 6.5929e-03 6.5929e-03 [ 1.3473e-10 6.6047e-10 1.9763e-07 3.1127e-03 5.7135e-04 2.1813e-03 7.2741e-04 ] 0.0000e+00 [ 0.0000e+00 ] 9.9341e-01
 8.840e+00 6.1660e-03 6.1660e-03 [ 8.3531e-11 4.2942e-10 1.4514e-07 2.8573e-03 5.3751e-04 2.0733e-03 6.9778e-04 ] 0.0000e+00 [ 0.0000e+00 ] 9.9383e-01
 8.953e+00 5.7696e-03 5.7696e-03 [ 5.1558e-11 2.7795e-10 1.0627e-07 2.6239e-03 5.0575e-04 1.9706e-03 6.6920e-04 ] 0.0000e+00 [ 0.0000e+00 ] 9.9423e-01
 9.067e+00 5.4012e-03 5.4012e-03 [ 3.1685e-11 1.7911e-10 7.7577e-08 2.4106e-03 4.7594e-04 1.8730e-03 6.4165e-04 ] 0.0000e+00 [ 0.0000e+00 ] 9.9460e-01
 9.180e+00 5.0589e-03 5.0589e-03 [ 1.9388e-11 1.1491e-10 5.6467e-08 2.2156e-03 4.4796e-04 1.7802e-03 6.1510e-04 ] 0.0000e+00 [ 0.0000e+00 ] 9.9494e-01
 9.293e+00 4.7406e-03 4.7406e-03 [ 1.1812e-11 7.3408e-11 4.0982e-08 2.0373e-03 4.2170e-04 1.6920e-03 5.8952e-04 ] 0.0000e+00 [ 0.0000e+00 ] 9.9526e-01
 9.407e+00 4.4444e-03 4.4444e-03 [ 7.1664e-12 4.6693e-11 2.9658e-08 1.8743e-03 3.9704e-04 1.6082e-03 5.6487e-04 ] 0.0000e+00 [ 0.0000e+00 ] 9.9556e-01
 9.520e+00 4.1687e-03 4.1687e-03 [ 4.3296e-12 2.9574e-11 2.1402e-08 1.7251e-03 3.7390e-04 1.5285e-03 5.4113e-04 ] 0.0000e+00 [ 0.0000e+00 ] 9.9583e-01
 9.633e+00 3.9119e-03 3.9119e-03 [ 2.6049e-12 1.8653e-11 1.5400e-08 1.5887e-03 3.5217e-04 1.4527e-03 5.1827e-04 ] 0.0000e+00 [ 0.0000e+00 ] 9.9609e-01
 9.747e+00 3.6726e-03 3.6726e-03 [ 1.5608e-12 1.1716e-11 1.1051e-08 1.4638e-03 3.3176e-04 1.3807e-03 4.9627e-04 ] 0.0000e+00 [ 0.0000e+00 ] 9.9633e-01
 9.860e+00 3.4494e-03 3.4494e-03 [ 9.3140e-13 7.3288e-12 7.9080e-09 1.3494e-03 3.1260e-04 1.3123e-03 4.7509e-04 ] 0.0000e+00 [ 0.0000e+00 ] 9.9655e-01
 9.973e+00 3.2411e-03 3.2411e-03 [ 5.5358e-13 4.5658e-12 5.6434e-09 1.2447e-03 2.9459e-04 1.2472e-03 4.5471e-04 ] 0.0000e+00 [ 0.0000e+00 ] 9.9676e-01
 1.009e+01 3.0467e-03 3.0467e-03 [ 3.2771e-13 2.8331e-12 4.0164e-09 1.1487e-03 2.7767e-04 1.1853e-03 4.3510e-04 ] 0.0000e+00 [ 0.0000e+00 ] 9.9695e-01
 1.020e+01 2.8650e-03 2.8650e-03 [ 1.9324e-13 1.7509e-12 2.8508e-09 1.0606e-03 2.6177e-04 1.1264e-03 4.1624e-04 ] 0.0000e+00 [ 0.0000e+00 ] 9.9713e-01
 1.031e+01 2.6952e-03 2.6952e-03 [ 1.1351e-13 1.0779e-12 2.0181e-09 9.7989e-04 2.4681e-04 1.0704e-03 3.9811e-04 ] 0.0000e+00 [ 0.0000e+00 ] 9.9730e-01
 1.043e+01 2.5363e-03 2.5363e-03 [ 6.6414e-14 6.6099e-13 1.4248e-09 9.0576e-04 2.3275e-04 1.0171e-03 3.8068e-04 ] 0.0000e+00 [ 0.0000e+00 ] 9.9746e-01
 1.054e+01 2.3876e-03 2.3876e-03 [ 3.8713e-14 4.0378e-13 1.0033e-09 8.3769e-04 2.1952e-04 9.6649e-04 3.6393e-04 ] 0.0000e+00 [ 0.0000e+00 ] 9.9761e-01
 1.065e+01 2.2483e-03 2.2483e-03 [ 2.2481e-14 2.4573e-13 7.0467e-10 7.7513e-04 2.0707e-04 9.1831e-04 3.4784e-04 ] 0.0000e+00 [ 0.0000e+00 ] 9.9775e-01
 1.077e+01 2.1178e-03 2.1178e-03 [ 1.3007e-14 1.4898e-13 4.9365e-10 7.1761e-04 1.9535e-04 8.7247e-04 3.3238e-04 ] 0.0000e+00 [ 0.0000e+00 ] 9.9788e-01
 1.088e+01 1.9954e-03 1.9954e-03 [ 7.4980e-15 8.9992e-14 3.4494e-10 6.6469e-04 1.8432e-04 8.2887e-04 3.1754e-04 ] 0.0000e+00 [ 0.0000e+00 ] 9.9800e-01
 1.099e+01 1.8806e-03 1.8806e-03 [ 4.3067e-15 5.4161e-14 2.4043e-10 6.1598e-04 1.7393e-04 7.8739e-04 3.0329e-04 ] 0.0000e+00 [ 0.0000e+00 ] 9.9812e-01
 1.111e+01 1.7728e-03 1.7728e-03 [ 2.4648e-15 3.2479e-14 1.6716e-10 5.7110e-04 1.6414e-04 7.4793e-04 2.8961e-04 ] 0.0000e+00 [ 0.0000e+00 ] 9.9823e-01
 1.122e+01 1.6715e-03 1.6715e-03 [ 1.4057e-15 1.9408e-14 1.1593e-10 5.2973e-04 1.5491e-04 7.1039e-04 2.7649e-04 ] 0.0000e+00 [ 0.0000e+00 ] 9.9833e-01
 1.133e+01 1.5764e-03 1.5764e-03 [ 7.9894e-16 1.1556e-14 8.0203e-11 4.9158e-04 1.4622e-04 6.7467e-04 2.6391e-04 ] 0.0000e+00 [ 0.0000e+00 ] 9.9842e-01
 1.145e+01 1.4869e-03 1.4869e-03 [ 4.5252e-16 6.8572e-15 5.5352e-11 4.5636e-04 1.3802e-04 6.4070e-04 2.5184e-04 ] 0.0000e+00 [ 0.0000e+00 ] 9.9851e-01
 1.156e+01 1.4028e-03 1.4028e-03 [ 2.5544e-16 4.0550e-15 3.8109e-11 4.2384e-04 1.3029e-04 6.0837e-04 2.4027e-04 ] 0.0000e+00 [ 0.0000e+00 ] 9.9860e-01
 1.167e+01 1.3236e-03 1.3236e-03 [ 1.4372e-16 2.3899e-15 2.6175e-11 3.9379e-04 1.2300e-04 5.7762e-04 2.2919e-04 ] 0.0000e+00 [ 0.0000e+00 ] 9.9868e-01
 1.179e+01 1.2491e-03 1.2491e-03 [ 8.0591e-17 1.4038e-15 1.7936e-11 3.6601e-04 1.1612e-04 5.4837e-04 2.1856e-04 ] 0.0000e+00 [ 0.0000e+00 ] 9.9875e-01
 1.190e+01 1.1789e-03 1.1789e-03 [ 4.5047e-17 8.2188e-16 1.2261e-11 3.4030e-04 1.0962e-04 5.2054e-04 2.0839e-04 ] 0.0000e+00 [ 0.0000e+00 ] 9.9882e-01
 1.201e+01 1.1127e-03 1.1127e-03 [ 2.5100e-17 4.7963e-16 8.3626e-12 3.1650e-04 1.0350e-04 4.9407e-04 1.9864e-04 ] 0.0000e+00 [ 0.0000e+00 ] 9.9889e-01
 1.213e+01 1.0504e-03 1.0504e-03 [ 1.3941e-17 2.7901e-16 5.6904e-12 2.9446e-04 9.7711e-05 4.6889e-04 1.8932e-04 ] 0.0000e+00 [ 0.0000e+00 ] 9.9895e-01
 1.224e+01 9.9161e-04 9.9161e-04 [ 7.7197e-18 1.6179e-16 3.8633e-12 2.7403e-04 9.2249e-05 4.4495e-04 1.8039e-04 ] 0.0000e+00 [ 0.0000e+00 ] 9.9901e-01
 1.235e+01 9.3620e-04 9.3620e-04 [ 4.2616e-18 9.3530e-17 2.6170e-12 2.5509e-04 8.7090e-05 4.2218e-04 1.7184e-04 ] 0.0000e+00 [ 0.0000e+00 ] 9.9906e-01
 1.247e+01 8.8392e-04 8.8392e-04 [ 2.3455e-18 5.3904e-17 1.7687e-12 2.3751e-04 8.2218e-05 4.0052e-04 1.6367e-04 ] 0.0000e+00 [ 0.0000e+00 ] 9.9912e-01
 1.258e+01 8.3460e-04 8.3460e-04 [ 1.2872e-18 3.0972e-17 1.1928e-12 2.2120e-04 7.7616e-05 3.7993e-04 1.5586e-04 ] 0.0000e+00 [ 0.0000e+00 ] 9.9917e-01
 1.269e+01 7.8805e-04 7.8805e-04 [ 7.0432e-19 1.7744e-17 8.0262e-13 2.0605e-04 7.3268e-05 3.6035e-04 1.4838e-04 ] 0.0000e+00 [ 0.0000e+00 ] 9.9921e-01
 1.281e+01 7.4411e-04 7.4411e-04 [ 3.8430e-19 1.0135e-17 5.3890e-13 1.9197e-04 6.9160e-05 3.4173e-04 1.4124e-04 ] 0.0000e+00 [ 0.0000e+00 ] 9.9926e-01
 1.292e+01 7.0262e-04 7.0262e-04 [ 2.0910e-19 5.7728e-18 3.6106e-13 1.7889e-04 6.5279e-05 3.2404e-04 1.3442e-04 ] 0.0000e+00 [ 0.0000e+00 ] 9.9930e-01
 1.303e+01 6.6344e-04 6.6344e-04 [ 1.1345e-19 3.2787e-18 2.4139e-13 1.6672e-04 6.1611e-05 3.0722e-04 1.2790e-04 ] 0.0000e+00 [ 0.0000e+00 ] 9.9934e-01
 1.315e+01 6.2644e-04 6.2644e-04 [ 6.1393e-20 1.8569e-18 1.6104e-13 1.5540e-04 5.8144e-05 2.9123e-04 1.2167e-04 ] 0.0000e+00 [ 0.0000e+00 ] 9.9937e-01
 1.326e+01 5.9149e-04 5.9149e-04 [ 3.3132e-20 1.0488e-18 1.0721e-13 1.4486e-04 5.4868e-05 2.7604e-04 1.1572e-04 ] 0.0000e+00 [ 0.0000e+00 ] 9.9941e-01
 1.337e+01 5.5847e-04 5.5847e-04 [ 1.7834e-20 5.9077e-19 7.1224e-14 1.3506e-04 5.1772e-05 2.6160e-04 1.1004e-04 ] 0.0000e+00 [ 0.0000e+00 ] 9.9944e-01
 1.349e+01 5.2727e-04 5.2727e-04 [ 9.5745e-21 3.3188e-19 4.7220e-14 1.2592e-04 4.8845e-05 2.4788e-04 1.0462e-04 ] 0.0000e+00 [ 0.0000e+00 ] 9.9947e-01
 1.360e+01 4.9780e-04 4.9780e-04 [ 5.1272e-21 1.8595e-19 3.1241e-14 1.1741e-04 4.6079e-05 2.3485e-04 9.9454e-05 ] 0.0000e+00 [ 0.0000e+00 ] 9.9950e-01
 1.371e+01 4.6994e-04 4.6994e-04 [ 2.7388e-21 1.0392e-19 2.0628e-14 1.0949e-04 4.3464e-05 2.2247e-04 9.4521e-05 ] 0.0000e+00 [ 0.0000e+00 ] 9.9953e-01
 1.383e+01 4.4362e-04 4.4362e-04 [ 1.4594e-21 5.7924e-20 1.3592e-14 1.0210e-04 4.0993e-05 2.1071e-04 8.9816e-05 ] 0.0000e+00 [ 0.0000e+00 ] 9.9956e-01
 1.394e+01 4.1874e-04 4.1874e-04 [ 7.7574e-22 3.2206e-20 8.9382e-15 9.5207e-05 3.8658e-05 1.9955e-04 8.5330e-05 ] 0.0000e+00 [ 0.0000e+00 ] 9.9958e-01
 1.405e+01 3.9523e-04 3.9523e-04 [ 4.1137e-22 1.7862e-20 5.8660e-15 8.8782e-05 3.6450e-05 1.8894e-04 8.1053e-05 ] 0.0000e+00 [ 0.0000e+00 ] 9.9960e-01
 1.417e+01 3.7301e-04 3.7301e-04 [ 2.1763e-22 9.8826e-21 3.8421e-15 8.2790e-05 3.4364e-05 1.7888e-04 7.6976e-05 ] 0.0000e+00 [ 0.0000e+00 ] 9.9963e-01
 1.428e+01 3.5201e-04 3.5201e-04 [ 1.1487e-22 5.4545e-21 2.5115e-15 7.7201e-05 3.2393e-05 1.6932e-04 7.3091e-05 ] 0.0000e+00 [ 0.0000e+00 ] 9.9965e-01
 1.439e+01 3.3216e-04 3.3216e-04 [ 6.0494e-23 3.0033e-21 1.6385e-15 7.1986e-05 3.0530e-05 1.6025e-04 6.9390e-05 ] 0.0000e+00 [ 0.0000e+00 ] 9.9967e-01
 1.451e+01 3.1340e-04 3.1340e-04 [ 3.1786e-23 1.6498e-21 1.0669e-15 6.7120e-05 2.8770e-05 1.5164e-04 6.5865e-05 ] 0.0000e+00 [ 0.0000e+00 ] 9.9969e-01
 1.462e+01 2.9567e-04 2.9567e-04 [ 1.6665e-23 9.0412e-22 6.9330e-16 6.2579e-05 2.7107e-05 1.4347e-04 6.2507e-05 ] 0.0000e+00 [ 0.0000e+00 ] 9.9970e-01
 1.473e+01 2.7891e-04 2.7891e-04 [ 8.7177e-24 4.9436e-22 4.4966e-16 5.8340e-05 2.5535e-05 1.3573e-04 5.9311e-05 ] 0.0000e+00 [ 0.0000e+00 ] 9.9972e-01
 1.485e+01 2.6308e-04 2.6308e-04 [ 4.5507e-24 2.6969e-22 2.9108e-16 5.4385e-05 2.4051e-05 1.2837e-04 5.6268e-05 ] 0.0000e+00 [ 0.0000e+00 ] 9.9974e-01
 1.496e+01 2.4811e-04 2.4811e-04 [ 2.3704e-24 1.4680e-22 1.8806e-16 5.0692e-05 2.2649e-05 1.2140e-04 5.3372e-05 ] 0.0000e+00 [ 0.0000e+00 ] 9.9975e-01
 1.507e+01 2.3397e-04 2.3397e-04 [ 1.2322e-24 7.9726e-23 1.2126e-16 4.7245e-05 2.1325e-05 1.1479e-04 5.0616e-05 ] 0.0000e+00 [ 0.0000e+00 ] 9.9977e-01
 1.519e+01 2.2061e-04 2.2061e-04 [ 6.3916e-25 4.3205e-23 7.8044e-17 4.4028e-05 2.0075e-05 1.0852e-04 4.7994e-05 ] 0.0000e+00 [ 0.0000e+00 ] 9.9978e-01
 1.530e+01 2.0799e-04 2.0799e-04 [ 3.3088e-25 2.3363e-23 5.0131e-17 4.1024e-05 1.8894e-05 1.0257e-04 4.5500e-05 ] 0.0000e+00 [ 0.0000e+00 ] 9.9979e-01
 1.541e+01 1.9606e-04 1.9606e-04 [ 1.7094e-25 1.2606e-23 3.2140e-17 3.8220e-05 1.7780e-05 9.6934e-05 4.3129e-05 ] 0.0000e+00 [ 0.0000e+00 ] 9.9980e-01
 1.553e+01 1.8480e-04 1.8480e-04 [ 8.8134e-26 6.7876e-24 2.0565e-17 3.5603e-05 1.6728e-05 9.1592e-05 4.0874e-05 ] 0.0000e+00 [ 0.0000e+00 ] 9.9982e-01
 1.564e+01 1.7415e-04 1.7415e-04 [ 4.5351e-26 3.6470e-24 1.3134e-17 3.3160e-05 1.5735e-05 8.6530e-05 3.8730e-05 ] 0.0000e+00 [ 0.0000e+00 ] 9.9983e-01
 1.575e+01 1.6410e-04 1.6410e-04 [ 2.3291e-26 1.9554e-24 8.3721e-18 3.0880e-05 1.4798e-05 8.1733e-05 3.6693e-05 ] 0.0000e+00 [ 0.0000e+00 ] 9.9984e-01
 1.587e+01 1.5461e-04 1.5461e-04 [ 1.1938e-26 1.0463e-24 5.3264e-18 2.8751e-05 1.3914e-05 7.7190e-05 3.4757e-05 ] 0.0000e+00 [ 0.0000e+00 ] 9.9985e-01
 1.598e+01 1.4565e-04 1.4565e-04 [ 6.1075e-27 5.5869e-25 3.3822e-18 2.6765e-05 1.3080e-05 7.2885e-05 3.2917e-05 ] 0.0000e+00 [ 0.0000e+00 ] 9.9985e-01
 1.609e+01 1.3718e-04 1.3718e-04 [ 3.1186e-27 2.9771e-25 2.1435e-18 2.4912e-05 1.2293e-05 6.8809e-05 3.1169e-05 ] 0.0000e+00 [ 0.0000e+00 ] 9.9986e-01
 1.621e+01 1.2919e-04 1.2919e-04 [ 1.5894e-27 1.5833e-25 1.3559e-18 2.3182e-05 1.1551e-05 6.4950e-05 2.9510e-05 ] 0.0000e+00 [ 0.0000e+00 ] 9.9987e-01
 1.632e+01 1.2165e-04 1.2165e-04 [ 8.0854e-28 8.4030e-26 8.5599e-19 2.1569e-05 1.0852e-05 6.1295e-05 2.7934e-05 ] 0.0000e+00 [ 0.0000e+00 ] 9.9988e-01
 1.643e+01 1.1453e-04 1.1453e-04 [ 4.1055e-28 4.4510e-26 5.3937e-19 2.0064e-05 1.0193e-05 5.7836e-05 2.6437e-05 ] 0.0000e+00 [ 0.0000e+00 ] 9.9989e-01
 1.655e+01 1.0781e-04 1.0781e-04 [ 2.0808e-28 2.3529e-26 3.3921e-19 1.8660e-05 9.5712e-06 5.4563e-05 2.5017e-05 ] 0.0000e+00 [ 0.0000e+00 ] 9.9989e-01
 1.666e+01 1.0147e-04 1.0147e-04 [ 1.0527e-28 1.2414e-26 2.1292e-19 1.7351e-05 8.9857e-06 5.1465e-05 2.3669e-05 ] 0.0000e+00 [ 0.0000e+00 ] 9.9990e-01
 1.677e+01 9.5487e-05 9.5487e-05 [ 5.3159e-29 6.5368e-27 1.3339e-19 1.6130e-05 8.4340e-06 4.8534e-05 2.2389e-05 ] 0.0000e+00 [ 0.0000e+00 ] 9.9990e-01
 1.689e+01 8.9843e-05 8.9843e-05 [ 2.6797e-29 3.4354e-27 8.3400e-20 1.4992e-05 7.9144e-06 4.5761e-05 2.1176e-05 ] 0.0000e+00 [ 0.0000e+00 ] 9.9991e-01
 1.700e+01 8.4519e-05 8.4519e-05 [ 1.3484e-29 1.8019e-27 5.2045e-20 1.3931e-05 7.4250e-06 4.3139e-05 2.0024e-05 ] 0.0000e+00 [ 0.0000e+00 ] 9.9992e-01
 1.711e+01 7.9498e-05 7.9498e-05 [ 6.7727e-30 9.4336e-28 3.2415e-20 1.2942e-05 6.9642e-06 4.0659e-05 1.8932e-05 ] 0.0000e+00 [ 0.0000e+00 ] 9.9992e-01
 1.723e+01 7.4763e-05 7.4763e-05 [ 3.3958e-30 4.9292e-28 2.0150e-20 1.2020e-05 6.5305e-06 3.8315e-05 1.7897e-05 ] 0.0000e+00 [ 0.0000e+00 ] 9.9993e-01
 1.734e+01 7.0298e-05 7.0298e-05 [ 1.6997e-30 2.5707e-28 1.2501e-20 1.1162e-05 6.1223e-06 3.6099e-05 1.6915e-05 ] 0.0000e+00 [ 0.0000e+00 ] 9.9993e-01
 1.745e+01 6.6089e-05 6.6089e-05 [ 8.4926e-31 1.3382e-28 7.7406e-21 1.0362e-05 5.7382e-06 3.4004e-05 1.5984e-05 ] 0.0000e+00 [ 0.0000e+00 ] 9.9993e-01
 1.757e+01 6.2122e-05 6.2122e-05 [ 4.2360e-31 6.9526e-29 4.7835e-21 9.6178e-06 5.3769e-06 3.2025e-05 1.5102e-05 ] 0.0000e+00 [ 0.0000e+00 ] 9.9994e-01
 1.768e+01 5.8383e-05 5.8383e-05 [ 2.1092e-31 3.6056e-29 2.9503e-21 8.9245e-06 5.0371e-06 3.0155e-05 1.4266e-05 ] 0.0000e+00 [ 0.0000e+00 ] 9.9994e-01
 1.779e+01 5.4860e-05 5.4860e-05 [ 1.0484e-31 1.8663e-29 1.8161e-21 8.2791e-06 4.7176e-06 2.8389e-05 1.3474e-05 ] 0.0000e+00 [ 0.0000e+00 ] 9.9995e-01
 1.791e+01 5.1541e-05 5.1541e-05 [ 5.2025e-32 9.6425e-30 1.1157e-21 7.6784e-06 4.4172e-06 2.6721e-05 1.2724e-05 ] 0.0000e+00 [ 0.0000e+00 ] 9.9995e-01
 1.802e+01 4.8414e-05 4.8414e-05 [ 2.5772e-32 4.9727e-30 6.8412e-22 7.1195e-06 4.1349e-06 2.5146e-05 1.2014e-05 ] 0.0000e+00 [ 0.0000e+00 ] 9.9995e-01
 1.813e+01 4.5469e-05 4.5469e-05 [ 1.2745e-32 2.5597e-30 4.1864e-22 6.5996e-06 3.8696e-06 2.3659e-05 1.1341e-05 ] 0.0000e+00 [ 0.0000e+00 ] 9.9995e-01
 1.825e+01 4.2696e-05 4.2696e-05 [ 6.2925e-33 1.3152e-30 2.5568e-22 6.1161e-06 3.6205e-06 2.2255e-05 1.0704e-05 ] 0.0000e+00 [ 0.0000e+00 ] 9.9996e-01
 1.836e+01 4.0085e-05 4.0085e-05 [ 3.1015e-33 6.7456e-31 1.5584e-22 5.6665e-06 3.3865e-06 2.0931e-05 1.0101e-05 ] 0.0000e+00 [ 0.0000e+00 ] 9.9996e-01
 1.847e+01 3.7626e-05 3.7626e-05 [ 1.5261e-33 3.4534e-31 9.4804e-23 5.2485e-06 3.1667e-06 1.9681e-05 9.5301e-06 ] 0.0000e+00 [ 0.0000e+00 ] 9.9996e-01
 1.859e+01 3.5313e-05 3.5313e-05 [ 7.4971e-34 1.7648e-31 5.7558e-23 4.8601e-06 2.9605e-06 1.8502e-05 8.9900e-06 ] 0.0000e+00 [ 0.0000e+00 ] 9.9996e-01
 1.870e+01 3.3135e-05 3.3135e-05 [ 3.6769e-34 9.0021e-32 3.4876e-23 4.4992e-06 2.7670e-06 1.7390e-05 8.4790e-06 ] 0.0000e+00 [ 0.0000e+00 ] 9.9997e-01
 1.881e+01 3.1087e-05 3.1087e-05 [ 1.8003e-34 4.5838e-32 2.1091e-23 4.1640e-06 2.5854e-06 1.6342e-05 7.9955e-06 ] 0.0000e+00 [ 0.0000e+00 ] 9.9997e-01
 1.893e+01 2.9159e-05 2.9159e-05 [ 8.8007e-35 2.3299e-32 1.2729e-23 3.8527e-06 2.4151e-06 1.5353e-05 7.5383e-06 ] 0.0000e+00 [ 0.0000e+00 ] 9.9997e-01
 1.904e+01 2.7346e-05 2.7346e-05 [ 4.2951e-35 1.1821e-32 7.6675e-24 3.5637e-06 2.2553e-06 1.4421e-05 7.1059e-06 ] 0.0000e+00 [ 0.0000e+00 ] 9.9997e-01
 1.915e+01 2.5642e-05 2.5642e-05 [ 2.0928e-35 5.9875e-33 4.6094e-24 3.2954e-06 2.1056e-06 1.3543e-05 6.6971e-06 ] 0.0000e+00 [ 0.0000e+00 ] 9.9997e-01
 1.927e+01 2.4039e-05 2.4039e-05 [ 1.0181e-35 3.0272e-33 2.7655e-24 3.0465e-06 1.9653e-06 1.2716e-05 6.3107e-06 ] 0.0000e+00 [ 0.0000e+00 ] 9.9998e-01
 1.938e+01 2.2532e-05 2.2532e-05 [ 4.9448e-36 1.5279e-33 1.6560e-24 2.8156e-06 1.8338e-06 1.1937e-05 5.9455e-06 ] 0.0000e+00 [ 0.0000e+00 ] 9.9998e-01
 1.949e+01 2.1115e-05 2.1115e-05 [ 2.3978e-36 7.6981e-34 9.8964e-25 2.6015e-06 1.7107e-06 1.1203e-05 5.6003e-06 ] 0.0000e+00 [ 0.0000e+00 ] 9.9998e-01
 1.961e+01 1.9784e-05 1.9784e-05 [ 1.1609e-36 3.8719e-34 5.9026e-25 2.4029e-06 1.5954e-06 1.0512e-05 5.2742e-06 ] 0.0000e+00 [ 0.0000e+00 ] 9.9998e-01
 1.972e+01 1.8533e-05 1.8533e-05 [ 5.6118e-37 1.9441e-34 3.5136e-25 2.2189e-06 1.4874e-06 9.8608e-06 4.9662e-06 ] 0.0000e+00 [ 0.0000e+00 ] 9.9998e-01
 1.983e+01 1.7358e-05 1.7358e-05 [ 2.7084e-37 9.7445e-35 2.0875e-25 2.0484e-06 1.3863e-06 9.2484e-06 4.6753e-06 ] 0.0000e+00 [ 0.0000e+00 ] 9.9998e-01
 1.995e+01 1.6255e-05 1.6255e-05 [ 1.3051e-37 4.8760e-35 1.2377e-25 1.8904e-06 1.2918e-06 8.6721e-06 4.4005e-06 ] 0.0000e+00 [ 0.0000e+00 ] 9.9998e-01
 2.006e+01 1.5219e-05 1.5219e-05 [ 6.2794e-38 2.4357e-35 7.3245e-26 1.7441e-06 1.2033e-06 8.1299e-06 4.1412e-06 ] 0.0000e+00 [ 0.0000e+00 ] 9.9998e-01
 2.017e+01 1.4246e-05 1.4246e-05 [ 3.0166e-38 1.2147e-35 4.3260e-26 1.6087e-06 1.1206e-06 7.6200e-06 3.8963e-06 ] 0.0000e+00 [ 0.0000e+00 ] 9.9999e-01
 2.029e+01 1.3332e-05 1.3332e-05 [ 1.4469e-38 6.0474e-36 2.5500e-26 1.4833e-06 1.0433e-06 7.1404e-06 3.6653e-06 ] 0.0000e+00 [ 0.0000e+00 ] 9.9999e-01
 2.040e+01 1.2475e-05 1.2475e-05 [ 6.9297e-39 3.0057e-36 1.5002e-26 1.3673e-06 9.7104e-07 6.6894e-06 3.4473e-06 ] 0.0000e+00 [ 0.0000e+00 ] 9.9999e-01
 2.051e+01 1.1671e-05 1.1671e-05 [ 3.3138e-39 1.4914e-36 8.8091e-27 1.2600e-06 9.0351e-07 6.2656e-06 3.2416e-06 ] 0.0000e+00 [ 0.0000e+00 ] 9.9999e-01
 2.063e+01 1.0916e-05 1.0916e-05 [ 1.5823e-39 7.3884e-37 5.1625e-27 1.1608e-06 8.4044e-07 5.8672e-06 3.0476e-06 ] 0.0000e+00 [ 0.0000e+00 ] 9.9999e-01
 2.074e+01 1.0208e-05 1.0208e-05 [ 7.5437e-40 3.6541e-37 3.0196e-27 1.0690e-06 7.8154e-07 5.4930e-06 2.8646e-06 ] 0.0000e+00 [ 0.0000e+00 ] 9.9999e-01
 2.085e+01 9.5443e-06 9.5443e-06 [ 3.5913e-40 1.8043e-37 1.7628e-27 9.8427e-07 7.2656e-07 5.1414e-06 2.6921e-06 ] 0.0000e+00 [ 0.0000e+00 ] 9.9999e-01
 2.097e+01 8.9219e-06 8.9219e-06 [ 1.7071e-40 8.8945e-38 1.0271e-27 9.0594e-07 6.7524e-07 4.8112e-06 2.5295e-06 ] 0.0000e+00 [ 0.0000e+00 ] 9.9999e-01
 2.108e+01 8.3384e-06 8.3384e-06 [ 8.1029e-41 4.3776e-38 5.9730e-28 8.3359e-07 6.2737e-07 4.5012e-06 2.3762e-06 ] 0.0000e+00 [ 0.0000e+00 ] 9.9999e-01
 2.119e+01 7.7914e-06 7.7914e-06 [ 3.8404e-41 2.1511e-38 3.4669e-28 7.6679e-07 5.8271e-07 4.2102e-06 2.2318e-06 ] 0.0000e+00 [ 0.0000e+00 ] 9.9999e-01
 2.131e+01 7.2789e-06 7.2789e-06 [ 1.8176e-41 1.0553e-38 2.0084e-28 7.0512e-07 5.4108e-07 3.9371e-06 2.0957e-06 ] 0.0000e+00 [ 0.0000e+00 ] 9.9999e-01
 2.142e+01 6.7988e-06 6.7988e-06 [ 8.5897e-42 5.1693e-39 1.1613e-28 6.4822e-07 5.0226e-07 3.6808e-06 1.9675e-06 ] 0.0000e+00 [ 0.0000e+00 ] 9.9999e-01
 2.153e+01 6.3490e-06 6.3490e-06 [ 4.0536e-42 2.5281e-39 6.7023e-29 5.9572e-07 4.6610e-07 3.4404e-06 1.8468e-06 ] 0.0000e+00 [ 0.0000e+00 ] 9.9999e-01
 2.165e+01 5.9278e-06 5.9278e-06 [ 1.9102e-42 1.2344e-39 3.8607e-29 5.4731e-07 4.3240e-07 3.2149e-06 1.7331e-06 ] 0.0000e+00 [ 0.0000e+00 ] 9.9999e-01
 2.176e+01 5.5334e-06 5.5334e-06 [ 8.9890e-43 6.0183e-40 2.2197e-29 5.0268e-07 4.0102e-07 3.0035e-06 1.6261e-06 ] 0.0000e+00 [ 0.0000e+00 ] 9.9999e-01
 2.187e+01 5.1641e-06 5.1641e-06 [ 4.2240e-43 2.9296e-40 1.2739e-29 4.6154e-07 3.7181e-07 2.8054e-06 1.5254e-06 ] 0.0000e+00 [ 0.0000e+00 ] 9.9999e-01
 2.199e+01 4.8185e-06 4.8185e-06 [ 1.9821e-43 1.4239e-40 7.2966e-30 4.2364e-07 3.4462e-07 2.6197e-06 1.4306e-06 ] 0.0000e+00 [ 0.0000e+00 ] 1.0000e+00
 2.210e+01 4.4952e-06 4.4952e-06 [ 9.2885e-44 6.9101e-41 4.1717e-30 3.8873e-07 3.1932e-07 2.4457e-06 1.3415e-06 ] 0.0000e+00 [ 0.0000e+00 ] 1.0000e+00
 2.221e+01 4.1926e-06 4.1926e-06 [ 4.3466e-44 3.3484e-41 2.3807e-30 3.5659e-07 2.9578e-07 2.2827e-06 1.2576e-06 ] 0.0000e+00 [ 0.0000e+00 ] 1.0000e+00
 2.233e+01 3.9096e-06 3.9096e-06 [ 2.0313e-44 1.6201e-41 1.3561e-30 3.2700e-07 2.7390e-07 2.1300e-06 1.1787e-06 ] 0.0000e+00 [ 0.0000e+00 ] 1.0000e+00
 2.244e+01 3.6449e-06 3.6449e-06 [ 9.4795e-45 7.8267e-42 7.7103e-31 2.9977e-07 2.5356e-07 1.9871e-06 1.1045e-06 ] 0.0000e+00 [ 0.0000e+00 ] 1.0000e+00
 2.255e+01 3.3975e-06 3.3975e-06 [ 4.4180e-45 3.7755e-42 4.3758e-31 2.7472e-07 2.3466e-07 1.8533e-06 1.0348e-06 ] 0.0000e+00 [ 0.0000e+00 ] 1.0000e+00
 2.267e+01 3.1662e-06 3.1662e-06 [ 2.0562e-45 1.8186e-42 2.4789e-31 2.5169e-07 2.1709e-07 1.7281e-06 9.6930e-07 ] 0.0000e+00 [ 0.0000e+00 ] 1.0000e+00
 2.278e+01 2.9500e-06 2.9500e-06 [ 9.5575e-46 8.7471e-43 1.4017e-31 2.3051e-07 2.0078e-07 1.6109e-06 9.0773e-07 ] 0.0000e+00 [ 0.0000e+00 ] 1.0000e+00
 2.289e+01 2.7480e-06 2.7480e-06 [ 4.4365e-46 4.2011e-43 7.9117e-32 2.1105e-07 1.8564e-07 1.5014e-06 8.4989e-07 ] 0.0000e+00 [ 0.0000e+00 ] 1.0000e+00
 2.301e+01 2.5592e-06 2.5592e-06 [ 2.0567e-46 2.0148e-43 4.4576e-32 1.9317e-07 1.7159e-07 1.3989e-06 7.9556e-07 ] 0.0000e+00 [ 0.0000e+00 ] 1.0000e+00
 2.312e+01 2.3830e-06 2.3830e-06 [ 9.5220e-47 9.6487e-44 2.5070e-32 1.7675e-07 1.5855e-07 1.3031e-06 7.4454e-07 ] 0.0000e+00 [ 0.0000e+00 ] 1.0000e+00
 2.323e+01 2.2183e-06 2.2183e-06 [ 4.4027e-47 4.6141e-44 1.4074e-32 1.6168e-07 1.4645e-07 1.2136e-06 6.9664e-07 ] 0.0000e+00 [ 0.0000e+00 ] 1.0000e+00
 2.335e+01 2.0647e-06 2.0647e-06 [ 2.0331e-47 2.2034e-44 7.8870e-33 1.4784e-07 1.3524e-07 1.1299e-06 6.5168e-07 ] 0.0000e+00 [ 0.0000e+00 ] 1.0000e+00
 2.346e+01 1.9212e-06 1.9212e-06 [ 9.3764e-48 1.0507e-44 4.4120e-33 1.3514e-07 1.2484e-07 1.0518e-06 6.0949e-07 ] 0.0000e+00 [ 0.0000e+00 ] 1.0000e+00
 2.357e+01 1.7874e-06 1.7874e-06 [ 4.3188e-48 5.0036e-45 2.4637e-33 1.2349e-07 1.1521e-07 9.7875e-07 5.6990e-07 ] 0.0000e+00 [ 0.0000e+00 ] 1.0000e+00
 2.369e+01 1.6625e-06 1.6625e-06 [ 1.9867e-48 2.3794e-45 1.3734e-33 1.1282e-07 1.0629e-07 9.1059e-07 5.3277e-07 ] 0.0000e+00 [ 0.0000e+00 ] 1.0000e+00
 2.380e+01 1.5460e-06 1.5460e-06 [ 9.1280e-49 1.1299e-45 7.6422e-34 1.0303e-07 9.8024e-08 8.4696e-07 4.9794e-07 ] 0.0000e+00 [ 0.0000e+00 ] 1.0000e+00
 2.391e+01 1.4373e-06 1.4373e-06 [ 4.1886e-49 5.3585e-46 4.2452e-34 9.4057e-08 9.0374e-08 7.8758e-07 4.6529e-07 ] 0.0000e+00 [ 0.0000e+00 ] 1.0000e+00
 2.403e+01 1.3360e-06 1.3360e-06 [ 1.9196e-49 2.5377e-46 2.3540e-34 8.5840e-08 8.3294e-08 7.3217e-07 4.3468e-07 ] 0.0000e+00 [ 0.0000e+00 ] 1.0000e+00
 2.414e+01 1.2415e-06 1.2415e-06 [ 8.7870e-50 1.2002e-46 1.3031e-34 7.8315e-08 7.6745e-08 6.8049e-07 4.0599e-07 ] 0.0000e+00 [ 0.0000e+00 ] 1.0000e+00
 2.425e+01 1.1535e-06 1.1535e-06 [ 4.0173e-50 5.6688e-47 7.2012e-35 7.1427e-08 7.0688e-08 6.3230e-07 3.7911e-07 ] 0.0000e+00 [ 0.0000e+00 ] 1.0000e+00
 2.437e+01 1.0715e-06 1.0715e-06 [ 1.8344e-50 2.6739e-47 3.9727e-35 6.5124e-08 6.5088e-08 5.8737e-07 3.5393e-07 ] 0.0000e+00 [ 0.0000e+00 ] 1.0000e+00
 2.448e+01 9.9511e-07 9.9511e-07 [ 8.3663e-51 1.2595e-47 2.1878e-35 5.9357e-08 5.9912e-08 5.4549e-07 3.3035e-07 ] 0.0000e+00 [ 0.0000e+00 ] 1.0000e+00
 2.459e+01 9.2395e-07 9.2395e-07 [ 3.8112e-51 5.9254e-48 1.2029e-35 5.4083e-08 5.5130e-08 5.0647e-07 3.0827e-07 ] 0.0000e+00 [ 0.0000e+00 ] 1.0000e+00
 2.471e+01 8.5769e-07 8.5769e-07 [ 1.7340e-51 2.7839e-48 6.6021e-36 4.9262e-08 5.0713e-08 4.7012e-07 2.8759e-07 ] 0.0000e+00 [ 0.0000e+00 ] 1.0000e+00
 2.482e+01 7.9600e-07 7.9600e-07 [ 7.8805e-52 1.3062e-48 3.6175e-36 4.4855e-08 4.6635e-08 4.3626e-07 2.6825e-07 ] 0.0000e+00 [ 0.0000e+00 ] 1.0000e+00
 2.493e+01 7.3858e-07 7.3858e-07 [ 3.5771e-52 6.1211e-49 1.9789e-36 4.0830e-08 4.2871e-08 4.0474e-07 2.5014e-07 ] 0.0000e+00 [ 0.0000e+00 ] 1.0000e+00
 2.505e+01 6.8515e-07 6.8515e-07 [ 1.6218e-52 2.8647e-49 1.0807e-36 3.7153e-08 3.9398e-08 3.7540e-07 2.3320e-07 ] 0.0000e+00 [ 0.0000e+00 ] 1.0000e+00
 2.516e+01 6.3545e-07 6.3545e-07 [ 7.3448e-53 1.3390e-49 5.8920e-37 3.3797e-08 3.6195e-08 3.4809e-07 2.1736e-07 ] 0.0000e+00 [ 0.0000e+00 ] 1.0000e+00
 2.527e+01 5.8921e-07 5.8921e-07 [ 3.3224e-53 6.2506e-50 3.2070e-37 3.0733e-08 3.3241e-08 3.2269e-07 2.0255e-07 ] 0.0000e+00 [ 0.0000e+00 ] 1.0000e+00
 2.539e+01 5.4622e-07 5.4622e-07 [ 1.5012e-53 2.9142e-50 1.7427e-37 2.7938e-08 3.0518e-08 2.9906e-07 1.8871e-07 ] 0.0000e+00 [ 0.0000e+00 ] 1.0000e+00
 2.550e+01 5.0625e-07 5.0625e-07 [ 6.7749e-54 1.3570e-50 9.4547e-38 2.5388e-08 2.8009e-08 2.7709e-07 1.7576e-07 ] 0.0000e+00 [ 0.0000e+00 ] 1.0000e+00
 2.561e+01 4.6910e-07 4.6910e-07 [ 3.0542e-54 6.3110e-51 5.1210e-38 2.3064e-08 2.5698e-08 2.5666e-07 1.6367e-07 ] 0.0000e+00 [ 0.0000e+00 ] 1.0000e+00
 2.573e+01 4.3457e-07 4.3457e-07 [ 1.3753e-54 2.9314e-51 2.7692e-38 2.0945e-08 2.3570e-08 2.3768e-07 1.5237e-07 ] 0.0000e+00 [ 0.0000e+00 ] 1.0000e+00
 2.584e+01 4.0250e-07 4.0250e-07 [ 6.1861e-55 1.3600e-51 1.4951e-38 1.9015e-08 2.1611e-08 2.2005e-07 1.4182e-07 ] 0.0000e+00 [ 0.0000e+00 ] 1.0000e+00
 2.595e+01 3.7270e-07 3.7270e-07 [ 2.7794e-55 6.3014e-52 8.0588e-39 1.7256e-08 1.9808e-08 2.0367e-07 1.3197e-07 ] 0.0000e+00 [ 0.0000e+00 ] 1.0000e+00
 2.607e+01 3.4504e-07 3.4504e-07 [ 1.2474e-55 2.9163e-52 4.3369e-39 1.5656e-08 1.8149e-08 1.8846e-07 1.2278e-07 ] 0.0000e+00 [ 0.0000e+00 ] 1.0000e+00
 2.618e+01 3.1935e-07 3.1935e-07 [ 5.5923e-56 1.3480e-52 2.3302e-39 1.4198e-08 1.6624e-08 1.7434e-07 1.1419e-07 ] 0.0000e+00 [ 0.0000e+00 ] 1.0000e+00
 2.629e+01 2.9551e-07 2.9551e-07 [ 2.5043e-56 6.2235e-53 1.2500e-39 1.2872e-08 1.5222e-08 1.6123e-07 1.0618e-07 ] 0.0000e+00 [ 0.0000e+00 ] 1.0000e+00
 2.641e+01 2.7338e-07 2.7338e-07 [ 1.1203e-56 2.8699e-53 6.6951e-40 1.1666e-08 1.3934e-08 1.4907e-07 9.8713e-08 ] 0.0000e+00 [ 0.0000e+00 ] 1.0000e+00
 2.652e+01 2.5286e-07 2.5286e-07 [ 5.0061e-57 1.3218e-53 3.5803e-40 1.0570e-08 1.2750e-08 1.3779e-07 9.1746e-08 ] 0.0000e+00 [ 0.0000e+00 ] 1.0000e+00
 2.663e+01 2.3382e-07 2.3382e-07 [ 2.2346e-57 6.0809e-54 1.9116e-40 9.5730e-09 1.1663e-08 1.2733e-07 8.5250e-08 ] 0.0000e+00 [ 0.0000e+00 ] 1.0000e+00
 2.675e+01 2.1616e-07 2.1616e-07 [ 9.9642e-58 2.7942e-54 1.0190e-40 8.6672e-09 1.0666e-08 1.1763e-07 7.9194e-08 ] 0.0000e+00 [ 0.0000e+00 ] 1.0000e+00
 2.686e+01 1.9979e-07 1.9979e-07 [ 4.4383e-58 1.2825e-54 5.4239e-41 7.8445e-09 9.7498e-09 1.0864e-07 7.3551e-08 ] 0.0000e+00 [ 0.0000e+00 ] 1.0000e+00
 2.697e+01 1.8461e-07 1.8461e-07 [ 1.9749e-58 5.8792e-55 2.8825e-41 7.0975e-09 8.9097e-09 1.0031e-07 6.8293e-08 ] 0.0000e+00 [ 0.0000e+00 ] 1.0000e+00
 2.709e+01 1.7055e-07 1.7055e-07 [ 8.7782e-59 2.6921e-55 1.5295e-41 6.4194e-09 8.1392e-09 9.2600e-08 6.3396e-08 ] 0.0000e+00 [ 0.0000e+00 ] 1.0000e+00
 2.720e+01 1.5753e-07 1.5753e-07 [ 3.8978e-59 1.2313e-55 8.1034e-42 5.8040e-09 7.4329e-09 8.5455e-08 5.8835e-08 ] 0.0000e+00 [ 0.0000e+00 ] 1.0000e+00
 2.731e+01 1.4546e-07 1.4546e-07 [ 1.7289e-59 5.6255e-56 4.2867e-42 5.2459e-09 6.7855e-09 7.8841e-08 5.4589e-08 ] 0.0000e+00 [ 0.0000e+00 ] 1.0000e+00
 2.743e+01 1.3429e-07 1.3429e-07 [ 7.6611e-60 2.5671e-56 2.2642e-42 4.7398e-09 6.1925e-09 7.2718e-08 5.0637e-08 ] 0.0000e+00 [ 0.0000e+00 ] 1.0000e+00
 2.754e+01 1.2394e-07 1.2394e-07 [ 3.3912e-60 1.1702e-56 1.1941e-42 4.2810e-09 5.6493e-09 6.7053e-08 4.6959e-08 ] 0.0000e+00 [ 0.0000e+00 ] 1.0000e+00
 2.765e+01 1.1437e-07 1.1437e-07 [ 1.4996e-60 5.3279e-57 6.2882e-43 3.8653e-09 5.1521e-09 6.1813e-08 4.3538e-08 ] 0.0000e+00 [ 0.0000e+00 ] 1.0000e+00
 2.777e+01 1.0551e-07 1.0551e-07 [ 6.6246e-61 2.4231e-57 3.3064e-43 3.4888e-09 4.6970e-09 5.6967e-08 4.0356e-08 ] 0.0000e+00 [ 0.0000e+00 ] 1.0000e+00
 2.788e+01 9.7312e-08 9.7312e-08 [ 2.9234e-61 1.1008e-57 1.7359e-43 3.1478e-09 4.2807e-09 5.2486e-08 3.7397e-08 ] 0.0000e+00 [ 0.0000e+00 ] 1.0000e+00
 2.799e+01 8.9730e-08 8.9730e-08 [ 1.2888e-61 4.9954e-58 9.1002e-44 2.8391e-09 3.8999e-09 4.8345e-08 3.4647e-08 ] 0.0000e+00 [ 0.0000e+00 ] 1.0000e+00
 2.811e+01 8.2720e-08 8.2720e-08 [ 5.6762e-62 2.2644e-58 4.7636e-44 2.5599e-09 3.5518e-09 4.4518e-08 3.2090e-08 ] 0.0000e+00 [ 0.0000e+00 ] 1.0000e+00
 2.822e+01 7.6239e-08 7.6239e-08 [ 2.4974e-62 1.0253e-58 2.4898e-44 2.3072e-09 3.2337e-09 4.0983e-08 2.9715e-08 ] 0.0000e+00 [ 0.0000e+00 ] 1.0000e+00
 2.833e+01 7.0249e-08 7.0249e-08 [ 1.0977e-62 4.6374e-59 1.2995e-44 2.0788e-09 2.9430e-09 3.7718e-08 2.7509e-08 ] 0.0000e+00 [ 0.0000e+00 ] 1.0000e+00
 2.845e+01 6.4714e-08 6.4714e-08 [ 4.8199e-63 2.0952e-59 6.7721e-45 1.8723e-09 2.6776e-09 3.4704e-08 2.5460e-08 ] 0.0000e+00 [ 0.0000e+00 ] 1.0000e+00
 2.856e+01 5.9601e-08 5.9601e-08 [ 2.1143e-63 9.4558e-60 3.5240e-45 1.6857e-09 2.4352e-09 3.1922e-08 2.3558e-08 ] 0.0000e+00 [ 0.0000e+00 ] 1.0000e+00
 2.867e+01 5.4879e-08 5.4879e-08 [ 9.2657e-64 4.2629e-60 1.8312e-45 1.5172e-09 2.2141e-09 2.9355e-08 2.1792e-08 ] 0.0000e+00 [ 0.0000e+00 ] 1.0000e+00
 2.879e+01 5.0519e-08 5.0519e-08 [ 4.0566e-64 1.9198e-60 9.5012e-46 1.3650e-09 2.0123e-09 2.6987e-08 2.0154e-08 ] 0.0000e+00 [ 0.0000e+00 ] 1.0000e+00
 2.890e+01 4.6493e-08 4.6493e-08 [ 1.7742e-64 8.6362e-61 4.9227e-46 1.2277e-09 1.8282e-09 2.4803e-08 1.8634e-08 ] 0.0000e+00 [ 0.0000e+00 ] 1.0000e+00
 2.901e+01 4.2779e-08 4.2779e-08 [ 7.7525e-65 3.8809e-61 2.5468e-46 1.1037e-09 1.6604e-09 2.2790e-08 1.7224e-08 ] 0.0000e+00 [ 0.0000e+00 ] 1.0000e+00
 2.913e+01 3.9351e-08 3.9351e-08 [ 3.3841e-65 1.7421e-61 1.3157e-46 9.9192e-10 1.5075e-09 2.0934e-08 1.5917e-08 ] 0.0000e+00 [ 0.0000e+00 ] 1.0000e+00
 2.924e+01 3.6189e-08 3.6189e-08 [ 1.4758e-65 7.8120e-62 6.7875e-47 8.9112e-10 1.3682e-09 1.9224e-08 1.4706e-08 ] 0.0000e+00 [ 0.0000e+00 ] 1.0000e+00
 2.935e+01 3.3274e-08 3.3274e-08 [ 6.4298e-66 3.4993e-62 3.4965e-47 8.0026e-10 1.2413e-09 1.7649e-08 1.3583e-08 ] 0.0000e+00 [ 0.0000e+00 ] 1.0000e+00
 2.947e+01 3.0585e-08 3.0585e-08 [ 2.7986e-66 1.5658e-62 1.7986e-47 7.1840e-10 1.1258e-09 1.6199e-08 1.2542e-08 ] 0.0000e+00 [ 0.0000e+00 ] 1.0000e+00
 2.958e+01 2.8107e-08 2.8107e-08 [ 1.2170e-66 6.9993e-63 9.2387e-48 6.4467e-10 1.0207e-09 1.4863e-08 1.1579e-08 ] 0.0000e+00 [ 0.0000e+00 ] 1.0000e+00
 2.969e+01 2.5824e-08 2.5824e-08 [ 5.2868e-67 3.1254e-63 4.7389e-48 5.7829e-10 9.2506e-10 1.3634e-08 1.0686e-08 ] 0.0000e+00 [ 0.0000e+00 ] 1.0000e+00
 2.981e+01 2.3720e-08 2.3720e-08 [ 2.2945e-67 1.3941e-63 2.4273e-48 5.1854e-10 8.3808e-10 1.2503e-08 9.8601e-09 ] 0.0000e+00 [ 0.0000e+00 ] 1.0000e+00
 2.992e+01 2.1782e-08 2.1782e-08 [ 9.9487e-68 6.2122e-64 1.2415e-48 4.6478e-10 7.5900e-10 1.1463e-08 9.0955e-09 ] 0.0000e+00 [ 0.0000e+00 ] 1.0000e+00
 3.003e+01 1.9998e-08 1.9998e-08 [ 4.3096e-68 2.7653e-64 6.3413e-49 4.1644e-10 6.8713e-10 1.0506e-08 8.3880e-09 ] 0.0000e+00 [ 0.0000e+00 ] 1.0000e+00
 3.015e+01 1.8355e-08 1.8355e-08 [ 1.8650e-68 1.2296e-64 3.2343e-49 3.7298e-10 6.2184e-10 9.6266e-09 7.7335e-09 ] 0.0000e+00 [ 0.0000e+00 ] 1.0000e+00
 3.026e+01 1.6843e-08 1.6843e-08 [ 8.0636e-69 5.4621e-65 1.6473e-49 3.3392e-10 5.6255e-10 8.8182e-09 7.1283e-09 ] 0.0000e+00 [ 0.0000e+00 ] 1.0000e+00
 3.037e+01 1.5452e-08 1.5452e-08 [ 3.4831e-69 2.4238e-65 8.3786e-50 2.9883e-10 5.0872e-10 8.0754e-09 6.5687e-09 ] 0.0000e+00 [ 0.0000e+00 ] 1.0000e+00
 3.049e+01 1.4172e-08 1.4172e-08 [ 1.5031e-69 1.0744e-65 4.2555e-50 2.6731e-10 4.5987e-10 7.3931e-09 6.0514e-09 ] 0.0000e+00 [ 0.0000e+00 ] 1.0000e+00
 3.060e+01 1.2995e-08 1.2995e-08 [ 6.4801e-70 4.7580e-66 2.1584e-50 2.3903e-10 4.1555e-10 6.7666e-09 5.5735e-09 ] 0.0000e+00 [ 0.0000e+00 ] 1.0000e+00
 3.071e+01 1.1912e-08 1.1912e-08 [ 2.7911e-70 2.1048e-66 1.0932e-50 2.1365e-10 3.7536e-10 6.1914e-09 5.1319e-09 ] 0.0000e+00 [ 0.0000e+00 ] 1.0000e+00
 3.083e+01 1.0917e-08 1.0917e-08 [ 1.2011e-70 9.3015e-67 5.5292e-51 1.9088e-10 3.3893e-10 5.6635e-09 4.7241e-09 ] 0.0000e+00 [ 0.0000e+00 ] 1.0000e+00
 3.094e+01 1.0003e-08 1.0003e-08 [ 5.1634e-71 4.1063e-67 2.7927e-51 1.7046e-10 3.0591e-10 5.1792e-09 4.3476e-09 ] 0.0000e+00 [ 0.0000e+00 ] 1.0000e+00
 3.105e+01 9.1631e-09 9.1631e-09 [ 2.2177e-71 1.8109e-67 1.4086e-51 1.5217e-10 2.7600e-10 4.7349e-09 4.0000e-09 ] 0.0000e+00 [ 0.0000e+00 ] 1.0000e+00
 3.117e+01 8.3914e-09 8.3914e-09 [ 9.5160e-72 7.9780e-68 7.0948e-52 1.3577e-10 2.4892e-10 4.3275e-09 3.6792e-09 ] 0.0000e+00 [ 0.0000e+00 ] 1.0000e+00
 3.128e+01 7.6829e-09 7.6829e-09 [ 4.0794e-72 3.5111e-68 3.5685e-52 1.2109e-10 2.2440e-10 3.9541e-09 3.3833e-09 ] 0.0000e+00 [ 0.0000e+00 ] 1.0000e+00
 3.139e+01 7.0323e-09 7.0323e-09 [ 1.7471e-72 1.5437e-68 1.7924e-52 1.0795e-10 2.0221e-10 3.6118e-09 3.1103e-09 ] 0.0000e+00 [ 0.0000e+00 ] 1.0000e+00
 3.151e+01 6.4352e-09 6.4352e-09 [ 7.4757e-73 6.7798e-69 8.9907e-53 9.6192e-11 1.8214e-10 3.2982e-09 2.8587e-09 ] 0.0000e+00 [ 0.0000e+00 ] 1.0000e+00
 3.162e+01 5.8873e-09 5.8873e-09 [ 3.1956e-73 2.9746e-69 4.5034e-53 8.5673e-11 1.6400e-10 3.0110e-09 2.6267e-09 ] 0.0000e+00 [ 0.0000e+00 ] 1.0000e+00
 3.173e+01 5.3847e-09 5.3847e-09 [ 1.3648e-73 1.3038e-69 2.2527e-53 7.6268e-11 1.4760e-10 2.7480e-09 2.4128e-09 ] 0.0000e+00 [ 0.0000e+00 ] 1.0000e+00
 3.185e+01 4.9237e-09 4.9237e-09 [ 5.8229e-74 5.7084e-70 1.1252e-53 6.7862e-11 1.3278e-10 2.5072e-09 2.2158e-09 ] 0.0000e+00 [ 0.0000e+00 ] 1.0000e+00
 3.196e+01 4.5010e-09 4.5010e-09 [ 2.4821e-74 2.4968e-70 5.6130e-54 6.0353e-11 1.1939e-10 2.2869e-09 2.0344e-09 ] 0.0000e+00 [ 0.0000e+00 ] 1.0000e+00
 3.207e+01 4.1135e-09 4.1135e-09 [ 1.0570e-74 1.0909e-70 2.7960e-54 5.3648e-11 1.0731e-10 2.0853e-09 1.8673e-09 ] 0.0000e+00 [ 0.0000e+00 ] 1.0000e+00
 3.219e+01 3.7585e-09 3.7585e-09 [ 4.4969e-75 4.7618e-71 1.3909e-54 4.7664e-11 9.6405e-11 1.9009e-09 1.7135e-09 ] 0.0000e+00 [ 0.0000e+00 ] 1.0000e+00
 3.230e+01 3.4331e-09 3.4331e-09 [ 1.9113e-75 2.0763e-71 6.9093e-55 4.2325e-11 8.6567e-11 1.7323e-09 1.5719e-09 ] 0.0000e+00 [ 0.0000e+00 ] 1.0000e+00
 3.241e+01 3.1351e-09 3.1351e-09 [ 8.1160e-76 9.0441e-72 3.4275e-55 3.7564e-11 7.7695e-11 1.5782e-09 1.4416e-09 ] 0.0000e+00 [ 0.0000e+00 ] 1.0000e+00
 3.253e+01 2.8622e-09 2.8622e-09 [ 3.4430e-76 3.9353e-72 1.6979e-55 3.3320e-11 6.9699e-11 1.4374e-09 1.3218e-09 ] 0.0000e+00 [ 0.0000e+00 ] 1.0000e+00
 3.264e+01 2.6124e-09 2.6124e-09 [ 1.4592e-76 1.7106e-72 8.3997e-56 2.9540e-11 6.2493e-11 1.3087e-09 1.2116e-09 ] 0.0000e+00 [ 0.0000e+00 ] 1.0000e+00
 3.275e+01 2.3837e-09 2.3837e-09 [ 6.1780e-77 7.4276e-73 4.1495e-56 2.6173e-11 5.6004e-11 1.1912e-09 1.1103e-09 ] 0.0000e+00 [ 0.0000e+00 ] 1.0000e+00
 3.287e+01 2.1745e-09 2.1745e-09 [ 2.6132e-77 3.2218e-73 2.0470e-56 2.3177e-11 5.0162e-11 1.0839e-09 1.0172e-09 ] 0.0000e+00 [ 0.0000e+00 ] 1.0000e+00
 3.298e+01 1.9831e-09 1.9831e-09 [ 1.1042e-77 1.3960e-73 1.0084e-56 2.0511e-11 4.4905e-11 9.8599e-10 9.3169e-10 ] 0.0000e+00 [ 0.0000e+00 ] 1.0000e+00
 3.309e+01 1.8080e-09 1.8080e-09 [ 4.6615e-78 6.0424e-74 4.9609e-57 1.8141e-11 4.0177e-11 8.9661e-10 8.5311e-10 ] 0.0000e+00 [ 0.0000e+00 ] 1.0000e+00
 3.321e+01 1.6480e-09 1.6480e-09 [ 1.9659e-78 2.6126e-74 2.4370e-57 1.6035e-11 3.5926e-11 8.1508e-10 7.8094e-10 ] 0.0000e+00 [ 0.0000e+00 ] 1.0000e+00
 3.332e+01 1.5017e-09 1.5017e-09 [ 8.2825e-79 1.1284e-74 1.1955e-57 1.4164e-11 3.2106e-11 7.4071e-10 7.1469e-10 ] 0.0000e+00 [ 0.0000e+00 ] 1.0000e+00
 3.343e+01 1.3680e-09 1.3680e-09 [ 3.4860e-79 4.8685e-75 5.8564e-58 1.2504e-11 2.8675e-11 6.7291e-10 6.5388e-10 ] 0.0000e+00 [ 0.0000e+00 ] 1.0000e+00
 3.355e+01 1.2458e-09 1.2458e-09 [ 1.4657e-79 2.0982e-75 2.8648e-58 1.1030e-11 2.5594e-11 6.1111e-10 5.9809e-10 ] 0.0000e+00 [ 0.0000e+00 ] 1.0000e+00
 3.366e+01 1.1343e-09 1.1343e-09 [ 6.1565e-80 9.0330e-76 1.3994e-58 9.7237e-12 2.2830e-11 5.5479e-10 5.4691e-10 ] 0.0000e+00 [ 0.0000e+00 ] 1.0000e+00
 3.377e+01 1.0324e-09 1.0324e-09 [ 2.5832e-80 3.8845e-76 6.8256e-59 8.5659e-12 2.0351e-11 5.0349e-10 4.9997e-10 ] 0.0000e+00 [ 0.0000e+00 ] 1.0000e+00
 3.389e+01 9.3936e-10 9.3936e-10 [ 1.0828e-80 1.6686e-76 3.3246e-59 7.5404e-12 1.8128e-11 4.5676e-10 4.5694e-10 ] 0.0000e+00 [ 0.0000e+00 ] 1.0000e+00
 3.400e+01 8.5448e-10 8.5448e-10 [ 4.5339e-81 7.1595e-77 1.6169e-59 6.6327e-12 1.6137e-11 4.1422e-10 4.1749e-10 ] 0.0000e+00 [ 0.0000e+00 ] 1.0000e+00
 3.411e+01 7.7703e-10 7.7703e-10 [ 1.8964e-81 3.0685e-77 7.8527e-60 5.8298e-12 1.4355e-11 3.7549e-10 3.8135e-10 ] 0.0000e+00 [ 0.0000e+00 ] 1.0000e+00
 3.423e+01 7.0638e-10 7.0638e-10 [ 7.9239e-82 1.3136e-77 3.8081e-60 5.1201e-12 1.2759e-11 3.4026e-10 3.4824e-10 ] 0.0000e+00 [ 0.0000e+00 ] 1.0000e+00
 3.434e+01 6.4195e-10 6.4195e-10 [ 3.3073e-82 5.6171e-78 1.8440e-60 4.4930e-12 1.1332e-11 3.0820e-10 3.1792e-10 ] 0.0000e+00 [ 0.0000e+00 ] 1.0000e+00
 3.445e+01 5.8321e-10 5.8321e-10 [ 1.3789e-82 2.3991e-78 8.9157e-61 3.9395e-12 1.0057e-11 2.7905e-10 2.9016e-10 ] 0.0000e+00 [ 0.0000e+00 ] 1.0000e+00
 3.457e+01 5.2967e-10 5.2967e-10 [ 5.7424e-83 1.0234e-78 4.3043e-61 3.4512e-12 8.9177e-12 2.5254e-10 2.6475e-10 ] 0.0000e+00 [ 0.0000e+00 ] 1.0000e+00
 3.468e+01 4.8088e-10 4.8088e-10 [ 2.3888e-83 4.3608e-79 2.0748e-61 3.0207e-12 7.9008e-12 2.2845e-10 2.4150e-10 ] 0.0000e+00 [ 0.0000e+00 ] 1.0000e+00
 3.479e+01 4.3643e-10 4.3643e-10 [ 9.9256e-84 1.8558e-79 9.9863e-62 2.6414e-12 6.9935e-12 2.0656e-10 2.2023e-10 ] 0.0000e+00 [ 0.0000e+00 ] 1.0000e+00
 3.491e+01 3.9594e-10 3.9594e-10 [ 4.1194e-84 7.8882e-80 4.7990e-62 2.3076e-12 6.1848e-12 1.8667e-10 2.0078e-10 ] 0.0000e+00 [ 0.0000e+00 ] 1.0000e+00
 3.502e+01 3.5908e-10 3.5908e-10 [ 1.7077e-84 3.3487e-80 2.3026e-62 2.0140e-12 5.4643e-12 1.6861e-10 1.8299e-10 ] 0.0000e+00 [ 0.0000e+00 ] 1.0000e+00
 3.513e+01 3.2553e-10 3.2553e-10 [ 7.0704e-85 1.4198e-80 1.1030e-62 1.7560e-12 4.8230e-12 1.5222e-10 1.6674e-10 ] 0.0000e+00 [ 0.0000e+00 ] 1.0000e+00
 3.525e+01 2.9499e-10 2.9499e-10 [ 2.9238e-85 6.0117e-81 5.2755e-63 1.5294e-12 4.2525e-12 1.3733e-10 1.5188e-10 ] 0.0000e+00 [ 0.0000e+00 ] 1.0000e+00
 3.536e+01 2.6721e-10 2.6721e-10 [ 1.2076e-85 2.5422e-81 2.5190e-63 1.3306e-12 3.7455e-12 1.2383e-10 1.3831e-10 ] 0.0000e+00 [ 0.0000e+00 ] 1.0000e+00
 3.547e+01 2.4194e-10 2.4194e-10 [ 4.9811e-86 1.0736e-81 1.2008e-63 1.1564e-12 3.2953e-12 1.1158e-10 1.2591e-10 ] 0.0000e+00 [ 0.0000e+00 ] 1.0000e+00
 3.559e+01 2.1896e-10 2.1896e-10 [ 2.0519e-86 4.5274e-82 5.7146e-64 1.0038e-12 2.8959e-12 1.0047e-10 1.1459e-10 ] 0.0000e+00 [ 0.0000e+00 ] 1.0000e+00
 3.570e+01 1.9806e-10 1.9806e-10 [ 8.4415e-87 1.9066e-82 2.7149e-64 8.7025e-13 2.5418e-12 9.0400e-11 1.0425e-10 ] 0.0000e+00 [ 0.0000e+00 ] 1.0000e+00
 3.581e+01 1.7907e-10 1.7907e-10 [ 3.4680e-87 8.0177e-83 1.2875e-64 7.5354e-13 2.2282e-12 8.1274e-11 9.4820e-11 ] 0.0000e+00 [ 0.0000e+00 ] 1.0000e+00
 3.593e+01 1.6182e-10 1.6182e-10 [ 1.4227e-87 3.3666e-83 6.0951e-65 6.5164e-13 1.9507e-12 7.3005e-11 8.6211e-11 ] 0.0000e+00 [ 0.0000e+00 ] 1.0000e+00
 3.604e+01 1.4614e-10 1.4614e-10 [ 5.8281e-88 1.4115e-83 2.8801e-65 5.6275e-13 1.7054e-12 6.5517e-11 7.8357e-11 ] 0.0000e+00 [ 0.0000e+00 ] 1.0000e+00
 3.615e+01 1.3190e-10 1.3190e-10 [ 2.3839e-88 5.9084e-84 1.3584e-65 4.8529e-13 1.4889e-12 5.8737e-11 7.1192e-11 ] 0.0000e+00 [ 0.0000e+00 ] 1.0000e+00
 3.627e+01 1.1898e-10 1.1898e-10 [ 9.7357e-89 2.4693e-84 6.3946e-66 4.1788e-13 1.2979e-12 5.2602e-11 6.4657e-11 ] 0.0000e+00 [ 0.0000e+00 ] 1.0000e+00
 3.638e+01 1.0724e-10 1.0724e-10 [ 3.9696e-89 1.0302e-84 3.0043e-66 3.5927e-13 1.1296e-12 4.7051e-11 5.8697e-11 ] 0.0000e+00 [ 0.0000e+00 ] 1.0000e+00
 3.649e+01 9.6584e-11 9.6584e-11 [ 1.6159e-89 4.2909e-85 1.4086e-66 3.0838e-13 9.8151e-13 4.2032e-11 5.3262e-11 ] 0.0000e+00 [ 0.0000e+00 ] 1.0000e+00
 3.661e+01 8.6917e-11 8.6917e-11 [ 6.5660e-90 1.7840e-85 6.5903e-67 2.6424e-13 8.5134e-13 3.7496e-11 4.8306e-11 ] 0.0000e+00 [ 0.0000e+00 ] 1.0000e+00
 3.672e+01 7.8146e-11 7.8146e-11 [ 2.6633e-90 7.4029e-86 3.0767e-67 2.2602e-13 7.3708e-13 3.3397e-11 4.3786e-11 ] 0.0000e+00 [ 0.0000e+00 ] 1.0000e+00
 3.683e+01 7.0190e-11 7.0190e-11 [ 1.0782e-90 3.0660e-86 1.4331e-67 1.9296e-13 6.3691e-13 2.9696e-11 3.9664e-11 ] 0.0000e+00 [ 0.0000e+00 ] 1.0000e+00
 3.695e+01 6.2974e-11 6.2974e-11 [ 4.3564e-91 1.2672e-86 6.6598e-68 1.6440e-13 5.4922e-13 2.6357e-11 3.5903e-11 ] 0.0000e+00 [ 0.0000e+00 ] 1.0000e+00
 3.706e+01 5.6430e-11 5.6430e-11 [ 1.7564e-91 5.2261e-87 3.0873e-68 1.3976e-13 4.7255e-13 2.3345e-11 3.2472e-11 ] 0.0000e+00 [ 0.0000e+00 ] 1.0000e+00
 3.717e+01 5.0497e-11 5.0497e-11 [ 7.0662e-92 2.1504e-87 1.4275e-68 1.1855e-13 4.0562e-13 2.0632e-11 2.9341e-11 ] 0.0000e+00 [ 0.0000e+00 ] 1.0000e+00
 3.729e+01 4.5118e-11 4.5118e-11 [ 2.8360e-92 8.8271e-88 6.5825e-69 1.0031e-13 3.4729e-13 1.8188e-11 2.6482e-11 ] 0.0000e+00 [ 0.0000e+00 ] 1.0000e+00
 3.740e+01 4.0241e-11 4.0241e-11 [ 1.1354e-92 3.6141e-88 3.0267e-69 8.4651e-14 2.9653e-13 1.5989e-11 2.3870e-11 ] 0.0000e+00 [ 0.0000e+00 ] 1.0000e+00
 3.751e+01 3.5820e-11 3.5820e-11 [ 4.5335e-93 1.4757e-88 1.3875e-69 7.1232e-14 2.5244e-13 1.4014e-11 2.1483e-11 ] 0.0000e+00 [ 0.0000e+00 ] 1.0000e+00
 3.763e+01 3.1812e-11 3.1812e-11 [ 1.8049e-93 6.0079e-89 6.3403e-70 5.9752e-14 2.1420e-13 1.2240e-11 1.9299e-11 ] 0.0000e+00 [ 0.0000e+00 ] 1.0000e+00
 3.774e+01 2.8179e-11 2.8179e-11 [ 7.1638e-94 2.4382e-89 2.8872e-70 4.9949e-14 1.8110e-13 1.0650e-11 1.7299e-11 ] 0.0000e+00 [ 0.0000e+00 ] 1.0000e+00
 3.785e+01 2.4886e-11 2.4886e-11 [ 2.8338e-94 9.8613e-90 1.3099e-70 4.1596e-14 1.5251e-13 9.2260e-12 1.5466e-11 ] 0.0000e+00 [ 0.0000e+00 ] 1.0000e+00
 3.797e+01 2.1900e-11 2.1900e-11 [ 1.1168e-94 3.9734e-90 5.9188e-71 3.4492e-14 1.2786e-13 7.9534e-12 1.3784e-11 ] 0.0000e+00 [ 0.0000e+00 ] 1.0000e+00
 3.808e+01 1.9192e-11 1.9192e-11 [ 4.3836e-95 1.5944e-90 2.6627e-71 2.8464e-14 1.0666e-13 6.8181e-12 1.2239e-11 ] 0.0000e+00 [ 0.0000e+00 ] 1.0000e+00
 3.819e+01 1.6737e-11 1.6737e-11 [ 1.7129e-95 6.3689e-91 1.1921e-71 2.3360e-14 8.8458e-14 5.8074e-12 1.0818e-11 ] 0.0000e+00 [ 0.0000e+00 ] 1.0000e+00
 3.831e+01 1.4511e-11 1.4511e-11 [ 6.6594e-96 2.5311e-91 5.3083e-72 1.9050e-14 7.2879e-14 4.9099e-12 9.5096e-12 ] 0.0000e+00 [ 0.0000e+00 ] 1.0000e+00
 3.842e+01 1.2494e-11 1.2494e-11 [ 2.5743e-96 1.0001e-91 2.3495e-72 1.5421e-14 5.9580e-14 4.1152e-12 8.3037e-12 ] 0.0000e+00 [ 0.0000e+00 ] 1.0000e+00
 3.853e+01 1.0666e-11 1.0666e-11 [ 9.8869e-97 3.9259e-92 1.0328e-72 1.2373e-14 4.8263e-14 3.4140e-12 7.1913e-12 ] 0.0000e+00 [ 0.0000e+00 ] 1.0000e+00
 3.865e+01 9.0112e-12 9.0112e-12 [ 3.7686e-97 1.5294e-92 4.5045e-73 9.8235e-15 3.8666e-14 2.7979e-12 6.1648e-12 ] 0.0000e+00 [ 0.0000e+00 ] 1.0000e+00
 3.876e+01 7.5155e-12 7.5155e-12 [ 1.4238e-97 5.9051e-93 1.9465e-73 7.6985e-15 3.0563e-14 2.2593e-12 5.2180e-12 ] 0.0000e+00 [ 0.0000e+00 ] 1.0000e+00
 3.887e+01 6.1672e-12 6.1672e-12 [ 5.3222e-98 2.2558e-93 8.3200e-74 5.9363e-15 2.3758e-14 1.7914e-12 4.3461e-12 ] 0.0000e+00 [ 0.0000e+00 ] 1.0000e+00
 3.899e+01 4.9566e-12 4.9566e-12 [ 1.9638e-98 8.5053e-94 3.5091e-74 4.4839e-15 1.8079e-14 1.3883e-12 3.5458e-12 ] 0.0000e+00 [ 0.0000e+00 ] 1.0000e+00
 3.910e+01 3.8766e-12 3.8766e-12 [ 7.1288e-99 3.1548e-94 1.4556e-74 3.2966e-15 1.3382e-14 1.0447e-12 2.8153e-12 ] 0.0000e+00 [ 0.0000e+00 ] 1.0000e+00
 3.921e+01 2.9227e-12 2.9227e-12 [ 2.5335e-99 1.1456e-94 5.9086e-75 2.3368e-15 9.5431e-15 7.5594e-13 2.1548e-12 ] 0.0000e+00 [ 0.0000e+00 ] 1.0000e+00
 3.933e+01 2.0930e-12 2.0930e-12 [ 8.7480e-100 4.0412e-95 2.3291e-75 1.5736e-15 6.4599e-15 5.1818e-13 1.5668e-12 ] 0.0000e+00 [ 0.0000e+00 ] 1.0000e+00
 3.944e+01 1.3891e-12 1.3891e-12 [ 2.8964e-100 1.3668e-95 8.7928e-76 9.8171e-16 4.0478e-15 3.2810e-13 1.0560e-12 ] 0.0000e+00 [ 0.0000e+00 ] 1.0000e+00
 3.955e+01 8.1601e-13 8.1601e-13 [ 8.9549e-101 4.3147e-96 3.0886e-76 5.4123e-16 2.2393e-15 1.8301e-13 6.3021e-13 ] 0.0000e+00 [ 0.0000e+00 ] 1.0000e+00
 3.967e+01 3.8304e-13 3.8304e-13 [ 2.4098e-101 1.1837e-96 9.3420e-77 2.3709e-16 9.8340e-16 8.0851e-14 3.0097e-13 ] 0.0000e+00 [ 0.0000e+00 ] 1.0000e+00
 3.978e+01 1.0437e-13 1.0437e-13 [ 4.2556e-102 2.1219e-97 1.8028e-77 5.8758e-17 2.4408e-16 2.0139e-14 8.3924e-14 ] 0.0000e+00 [ 0.0000e+00 ] 1.0000e+00
 3.989e+01 0.0000e+00 0.0000e+00 [ 0.0000e+00 0.0000e+00 0.0000e+00 0.0000e+00 0.0000e+00 0.0000e+00 0.0000e+00 ] 0.0000e+00 [ 0.0000e+00 ] 1.0000e+00
