 0.000e+00 0.0000e+00 0.0000e+00 [ 0.0000e+00 0.0000e+00 0.0000e+00 0.0000e+00 ] 0.0000e+00 [ 0.0000e+00 ] 1.0000e+00
 1.133e-01 9.2003e-03 9.2003e-03 [ 8.4691e-03 1.0852e-04 2.3914e-04 3.8345e-04 ] 0.0000e+00 [ 0.0000e+00 ] 9.9080e-01
 2.267e-01 1.6312e-02 1.6312e-02 [ 1.3369e-02 4.2651e-04 9.7055e-04 1.5453e-03 ] 0.0000e+00 [ 0.0000e+00 ] 9.8369e-01
 3.400e-01 2.3247e-02 2.3247e-02 [ 1.6546e-02 9.3069e-04 2.2330e-03 3.5372e-03 ] 0.0000e+00 [ 0.0000e+00 ] 9.7675e-01
 4.533e-01 3.0780e-02 3.0780e-02 [ 1.8656e-02 1.5836e-03 4.0873e-03 6.4525e-03 ] 0.0000e+00 [ 0.0000e+00 ] 9.6922e-01
 5.667e-01 3.9563e-02 3.9563e-02 [ 2.0186e-02 2.3380e-03 6.6163e-03 1.0423e-02 ] 0.0000e+00 [ 0.0000e+00 ] 9.6044e-01
 6.800e-01 5.0117e-02 5.0117e-02 [ 2.1434e-02 3.1425e-03 9.9238e-03 1.5617e-02 ] 0.0000e+00 [ 0.0000e+00 ] 9.4988e-01
 7.933e-01 6.2898e-02 6.2898e-02 [ 2.2589e-02 3.9470e-03 1.4132e-02 2.2230e-02 ] 0.0000e+00 [ 0.0000e+00 ] 9.3710e-01
 9.067e-01 7.8331e-02 7.8331e-02 [ 2.3777e-02 4.7068e-03 1.9376e-02 3.0471e-02 ] 0.0000e+00 [ 0.0000e+00 ] 9.2167e-01
 1.020e+00 9.6797e-02 9.6797e-02 [ 2.5081e-02 5.3858e-03 2.5789e-02 4.0541e-02 ] 0.0000e+00 [ 0.0000e+00 ] 9.0320e-01
 1.133e+00 1.1859e-01 1.1859e-01 [ 2.6557e-02 5.9572e-03 3.3481e-02 5.2593e-02 ] 0.0000e+00 [ 0.0000e+00 ] 8.8141e-01
 1.247e+00 1.4383e-01 1.4383e-01 [ 2.8233e-02 6.4036e-03 4.2510e-02 6.6686e-02 ] 0.0000e+00 [ 0.0000e+00 ] 8.5617e-01
 1.360e+00 1.7239e-01 1.7239e-01 [ 3.0106e-02 6.7165e-03 5.2844e-02 8.2727e-02 ] 0.0000e+00 [ 0.0000e+00 ] 8.2761e-01
 1.473e+00 2.0378e-01 2.0378e-01 [ 3.2136e-02 6.8949e-03 6.4322e-02 1.0042e-01 ] 0.0000e+00 [ 0.0000e+00 ] 7.9622e-01
 1.587e+00 2.3707e-01 2.3707e-01 [ 3.4243e-02 6.9460e-03 7.6629e-02 1.1926e-01 ] 0.0000e+00 [ 0.0000e+00 ] 7.6293e-01
 1.700e+00 2.7098e-01 2.7098e-01 [ 3.6306e-02 6.8840e-03 8.9301e-02 1.3849e-01 ] 0.0000e+00 [ 0.0000e+00 ] 7.2902e-01
 1.813e+00 3.0393e-01 3.0393e-01 [ 3.8180e-02 6.7305e-03 1.0176e-01 1.5726e-01 ] 0.0000e+00 [ 0.0000e+00 ] 6.9607e-01
 1.927e+00 3.3429e-01 3.3429e-01 [ 3.9712e-02 6.5125e-03 1.1339e-01 1.7467e-01 ] 0.0000e+00 [ 0.0000e+00 ] 6.6571e-01
 2.040e+00 3.6061e-01 3.6061e-01 [ 4.0775e-02 6.2601e-03 1.2363e-01 1.8994e-01 ] 0.0000e+00 [ 0.0000e+00 ] 6.3939e-01
 2.153e+00 3.8179e-01 3.8179e-01 [ 4.1283e-02 6.0034e-03 1.3204e-01 2.0247e-01 ] 0.0000e+00 [ 0.0000e+00 ] 6.1821e-01
 2.267e+00 3.9714e-01 3.9714e-01 [ 4.1203e-02 5.7693e-03 1.3831e-01 2.1186e-01 ] 0.0000e+00 [ 0.0000e+00 ] 6.0286e-01
 2.380e+00 4.0636e-01 4.0636e-01 [ 4.0555e-02 5.5788e-03 1.4229e-01 2.1794e-01 ] 0.0000e+00 [ 0.0000e+00 ] 5.9364e-01
 2.493e+00 4.0940e-01 4.0940e-01 [ 3.9393e-02 5.4470e-03 1.4392e-01 2.2064e-01 ] 0.0000e+00 [ 0.0000e+00 ] 5.9060e-01
 2.607e+00 4.0640e-01 4.0640e-01 [ 3.7798e-02 5.3820e-03 1.4325e-01 2.1997e-01 ] 0.0000e+00 [ 0.0000e+00 ] 5.9360e-01
 2.720e+00 3.9760e-01 3.9760e-01 [ 3.5861e-02 5.3866e-03 1.4035e-01 2.1600e-01 ] 0.0000e+00 [ 0.0000e+00 ] 6.0240e-01
 2.833e+00 3.8334e-01 3.8334e-01 [ 3.3676e-02 5.4587e-03 1.3535e-01 2.0886e-01 ] 0.0000e+00 [ 0.0000e+00 ] 6.1666e-01
 2.947e+00 3.6412e-01 3.6412e-01 [ 3.1334e-02 5.5925e-03 1.2845e-01 1.9874e-01 ] 0.0000e+00 [ 0.0000e+00 ] 6.3588e-01
 3.060e+00 3.4065e-01 3.4065e-01 [ 2.8923e-02 5.7793e-03 1.1994e-01 1.8601e-01 ] 0.0000e+00 [ 0.0000e+00 ] 6.5935e-01
 3.173e+00 3.1387e-01 3.1387e-01 [ 2.6524e-02 6.0094e-03 1.1019e-01 1.7114e-01 ] 0.0000e+00 [ 0.0000e+00 ] 6.8613e-01
 3.287e+00 2.8491e-01 2.8491e-01 [ 2.4206e-02 6.2724e-03 9.9647e-02 1.5478e-01 ] 0.0000e+00 [ 0.0000e+00 ] 7.1509e-01
 3.400e+00 2.5501e-01 2.5501e-01 [ 2.2025e-02 6.5592e-03 8.8783e-02 1.3765e-01 ] 0.0000e+00 [ 0.0000e+00 ] 7.4499e-01
 3.513e+00 2.2540e-01 2.2540e-01 [ 2.0019e-02 6.8620e-03 7.8054e-02 1.2047e-01 ] 0.0000e+00 [ 0.0000e+00 ] 7.7460e-01
 3.627e+00 1.9712e-01 1.9712e-01 [ 1.8208e-02 7.1752e-03 6.7843e-02 1.0389e-01 ] 0.0000e+00 [ 0.0000e+00 ] 8.0288e-01
 3.740e+00 1.7095e-01 1.7095e-01 [ 1.6594e-02 7.4945e-03 5.8434e-02 8.8432e-02 ] 0.0000e+00 [ 0.0000e+00 ] 8.2905e-01
 3.853e+00 1.4741e-01 1.4741e-01 [ 1.5168e-02 7.8171e-03 4.9995e-02 7.4428e-02 ] 0.0000e+00 [ 0.0000e+00 ] 8.5259e-01
 3.967e+00 1.2670e-01 1.2670e-01 [ 1.3910e-02 8.1404e-03 4.2596e-02 6.2053e-02 ] 0.0000e+00 [ 0.0000e+00 ] 8.7330e-01
 4.080e+00 1.0883e-01 1.0883e-01 [ 1.2799e-02 8.4620e-03 3.6224e-02 5.1343e-02 ] 0.0000e+00 [ 0.0000e+00 ] 8.9117e-01
 4.193e+00 9.3631e-02 9.3631e-02 [ 1.1810e-02 8.7792e-03 3.0812e-02 4.2230e-02 ] 0.0000e+00 [ 0.0000e+00 ] 9.0637e-01
 4.307e+00 8.0858e-02 8.0858e-02 [ 1.0922e-02 9.0889e-03 2.6265e-02 3.4582e-02 ] 0.0000e+00 [ 0.0000e+00 ] 9.1914e-01
 4.420e+00 7.0210e-02 7.0210e-02 [ 1.0117e-02 9.3880e-03 2.2471e-02 2.8234e-02 ] 0.0000e+00 [ 0.0000e+00 ] 9.2979e-01
 4.533e+00 6.1380e-02 6.1380e-02 [ 9.3786e-03 9.6732e-03 1.9319e-02 2.3009e-02 ] 0.0000e+00 [ 0.0000e+00 ] 9.3862e-01
 4.647e+00 5.4080e-02 5.4080e-02 [ 8.6947e-03 9.9415e-03 1.6707e-02 1.8736e-02 ] 0.0000e+00 [ 0.0000e+00 ] 9.4592e-01
 4.760e+00 4.8049e-02 4.8049e-02 [ 8.0561e-03 1.0190e-02 1.4544e-02 1.5259e-02 ] 0.0000e+00 [ 0.0000e+00 ] 9.5195e-01
 4.873e+00 4.3061e-02 4.3061e-02 [ 7.4557e-03 1.0418e-02 1.2749e-02 1.2438e-02 ] 0.0000e+00 [ 0.0000e+00 ] 9.5694e-01
 4.987e+00 3.8925e-02 3.8925e-02 [ 6.8887e-03 1.0624e-02 1.1258e-02 1.0155e-02 ] 0.0000e+00 [ 0.0000e+00 ] 9.6107e-01
 5.100e+00 3.5483e-02 3.5483e-02 [ 6.3516e-03 1.0807e-02 1.0014e-02 8.3097e-03 ] 0.0000e+00 [ 0.0000e+00 ] 9.6452e-01
 5.213e+00 3.2604e-02 3.2604e-02 [ 5.8421e-03 1.0969e-02 8.9745e-03 6.8187e-03 ] 0.0000e+00 [ 0.0000e+00 ] 9.6740e-01
 5.327e+00 3.0185e-02 3.0185e-02 [ 5.3589e-03 1.1110e-02 8.1027e-03 5.6136e-03 ] 0.0000e+00 [ 0.0000e+00 ] 9.6981e-01
 5.440e+00 2.8142e-02 2.8142e-02 [ 4.9011e-03 1.1232e-02 7.3699e-03 4.6388e-03 ] 0.0000e+00 [ 0.0000e+00 ] 9.7186e-01
 5.553e+00 2.6408e-02 2.6408e-02 [ 4.4681e-03 1.1338e-02 6.7534e-03 3.8490e-03 ] 0.0000e+00 [ 0.0000e+00 ] 9.7359e-01
 5.667e+00 2.4932e-02 2.4932e-02 [ 4.0598e-03 1.1429e-02 6.2354e-03 3.2081e-03 ] 0.0000e+00 [ 0.0000e+00 ] 9.7507e-01
 5.780e+00 2.3672e-02 2.3672e-02 [ 3.6759e-03 1.1507e-02 5.8017e-03 2.6867e-03 ] 0.0000e+00 [ 0.0000e+00 ] 9.7633e-01
 5.893e+00 2.2594e-02 2.2594e-02 [ 3.3164e-03 1.1575e-02 5.4416e-03 2.2615e-03 ] 0.0000e+00 [ 0.0000e+00 ] 9.7741e-01
 6.007e+00 2.1674e-02 2.1674e-02 [ 2.9809e-03 1.1633e-02 5.1466e-03 1.9136e-03 ] 0.0000e+00 [ 0.0000e+00 ] 9.7833e-01
 6.120e+00 2.0890e-02 2.0890e-02 [ 2.6693e-03 1.1683e-02 4.9102e-03 1.6280e-03 ] 0.0000e+00 [ 0.0000e+00 ] 9.7911e-01
 6.233e+00 2.0226e-02 2.0226e-02 [ 2.3810e-03 1.1724e-02 4.7278e-03 1.3929e-03 ] 0.0000e+00 [ 0.0000e+00 ] 9.7977e-01
 6.347e+00 1.9667e-02 1.9667e-02 [ 2.1154e-03 1.1758e-02 4.5956e-03 1.1984e-03 ] 0.0000e+00 [ 0.0000e+00 ] 9.8033e-01
 6.460e+00 1.9203e-02 1.9203e-02 [ 1.8720e-03 1.1783e-02 4.5111e-03 1.0369e-03 ] 0.0000e+00 [ 0.0000e+00 ] 9.8080e-01
 6.573e+00 1.8824e-02 1.8824e-02 [ 1.6499e-03 1.1800e-02 4.4722e-03 9.0237e-04 ] 0.0000e+00 [ 0.0000e+00 ] 9.8118e-01
 6.687e+00 1.8521e-02 1.8521e-02 [ 1.4482e-03 1.1806e-02 4.4775e-03 7.8969e-04 ] 0.0000e+00 [ 0.0000e+00 ] 9.8148e-01
 6.800e+00 1.8288e-02 1.8288e-02 [ 1.2659e-03 1.1801e-02 4.5262e-03 6.9493e-04 ] 0.0000e+00 [ 0.0000e+00 ] 9.8171e-01
 6.913e+00 1.8118e-02 1.8118e-02 [ 1.1019e-03 1.1784e-02 4.6175e-03 6.1489e-04 ] 0.0000e+00 [ 0.0000e+00 ] 9.8188e-01
 7.027e+00 1.8006e-02 1.8006e-02 [ 9.5503e-04 1.1753e-02 4.7509e-03 5.4698e-04 ] 0.0000e+00 [ 0.0000e+00 ] 9.8199e-01
 7.140e+00 1.7946e-02 1.7946e-02 [ 8.2422e-04 1.1706e-02 4.9260e-03 4.8909e-04 ] 0.0000e+00 [ 0.0000e+00 ] 9.8205e-01
 7.253e+00 1.7934e-02 1.7934e-02 [ 7.0824e-04 1.1644e-02 5.1426e-03 4.3955e-04 ] 0.0000e+00 [ 0.0000e+00 ] 9.8207e-01
 7.367e+00 1.7967e-02 1.7967e-02 [ 6.0592e-04 1.1564e-02 5.4002e-03 3.9696e-04 ] 0.0000e+00 [ 0.0000e+00 ] 9.8203e-01
 7.480e+00 1.8040e-02 1.8040e-02 [ 5.1609e-04 1.1465e-02 5.6984e-03 3.6021e-04 ] 0.0000e+00 [ 0.0000e+00 ] 9.8196e-01
 7.593e+00 1.8151e-02 1.8151e-02 [ 4.3761e-04 1.1348e-02 6.0368e-03 3.2837e-04 ] 0.0000e+00 [ 0.0000e+00 ] 9.8185e-01
 7.707e+00 1.8296e-02 1.8296e-02 [ 3.6938e-04 1.1211e-02 6.4147e-03 3.0069e-04 ] 0.0000e+00 [ 0.0000e+00 ] 9.8170e-01
 7.820e+00 1.8473e-02 1.8473e-02 [ 3.1037e-04 1.1054e-02 6.8315e-03 2.7655e-04 ] 0.0000e+00 [ 0.0000e+00 ] 9.8153e-01
 7.933e+00 1.8679e-02 1.8679e-02 [ 2.5958e-04 1.0878e-02 7.2863e-03 2.5544e-04 ] 0.0000e+00 [ 0.0000e+00 ] 9.8132e-01
 8.047e+00 1.8912e-02 1.8912e-02 [ 2.1609e-04 1.0681e-02 7.7778e-03 2.3694e-04 ] 0.0000e+00 [ 0.0000e+00 ] 9.8109e-01
 8.160e+00 1.9170e-02 1.9170e-02 [ 1.7903e-04 1.0466e-02 8.3050e-03 2.2069e-04 ] 0.0000e+00 [ 0.0000e+00 ] 9.8083e-01
 8.273e+00 1.9451e-02 1.9451e-02 [ 1.4762e-04 1.0231e-02 8.8663e-03 2.0641e-04 ] 0.0000e+00 [ 0.0000e+00 ] 9.8055e-01
 8.387e+00 1.9754e-02 1.9754e-02 [ 1.2114e-04 9.9784e-03 9.4602e-03 1.9386e-04 ] 0.0000e+00 [ 0.0000e+00 ] 9.8025e-01
 8.500e+00 2.0075e-02 2.0075e-02 [ 9.8923e-05 9.7086e-03 1.0085e-02 1.8284e-04 ] 0.0000e+00 [ 0.0000e+00 ] 9.7992e-01
 8.613e+00 2.0414e-02 2.0414e-02 [ 8.0384e-05 9.4227e-03 1.0738e-02 1.7318e-04 ] 0.0000e+00 [ 0.0000e+00 ] 9.7959e-01
 8.727e+00 2.0769e-02 2.0769e-02 [ 6.4996e-05 9.1220e-03 1.1418e-02 1.6474e-04 ] 0.0000e+00 [ 0.0000e+00 ] 9.7923e-01
 8.840e+00 2.1139e-02 2.1139e-02 [ 5.2290e-05 8.8077e-03 1.2121e-02 1.5741e-04 ] 0.0000e+00 [ 0.0000e+00 ] 9.7886e-01
 8.953e+00 2.1521e-02 2.1521e-02 [ 4.1857e-05 8.4814e-03 1.2847e-02 1.5109e-04 ] 0.0000e+00 [ 0.0000e+00 ] 9.7848e-01
 9.067e+00 2.1915e-02 2.1915e-02 [ 3.3335e-05 8.1447e-03 1.3591e-02 1.4570e-04 ] 0.0000e+00 [ 0.0000e+00 ] 9.7809e-01
 9.180e+00 2.2318e-02 2.2318e-02 [ 2.6413e-05 7.7992e-03 1.4351e-02 1.4119e-04 ] 0.0000e+00 [ 0.0000e+00 ] 9.7768e-01
 9.293e+00 2.2730e-02 2.2730e-02 [ 2.0821e-05 7.4468e-03 1.5125e-02 1.3749e-04 ] 0.0000e+00 [ 0.0000e+00 ] 9.7727e-01
 9.407e+00 2.3149e-02 2.3149e-02 [ 1.6328e-05 7.0892e-03 1.5909e-02 1.3458e-04 ] 0.0000e+00 [ 0.0000e+00 ] 9.7685e-01
 9.520e+00 2.3574e-02 2.3574e-02 [ 1.2738e-05 6.7284e-03 1.6700e-02 1.3241e-04 ] 0.0000e+00 [ 0.0000e+00 ] 9.7643e-01
 9.633e+00 2.4003e-02 2.4003e-02 [ 9.8864e-06 6.3661e-03 1.7496e-02 1.3097e-04 ] 0.0000e+00 [ 0.0000e+00 ] 9.7600e-01
 9.747e+00 2.4435e-02 2.4435e-02 [ 7.6331e-06 6.0042e-03 1.8293e-02 1.3023e-04 ] 0.0000e+00 [ 0.0000e+00 ] 9.7556e-01
 9.860e+00 2.4869e-02 2.4869e-02 [ 5.8628e-06 5.6446e-03 1.9088e-02 1.3019e-04 ] 0.0000e+00 [ 0.0000e+00 ] 9.7513e-01
 9.973e+00 2.5304e-02 2.5304e-02 [ 4.4798e-06 5.2891e-03 1.9879e-02 1.3084e-04 ] 0.0000e+00 [ 0.0000e+00 ] 9.7470e-01
 1.009e+01 2.5738e-02 2.5738e-02 [ 3.4053e-06 4.9395e-03 2.0663e-02 1.3218e-04 ] 0.0000e+00 [ 0.0000e+00 ] 9.7426e-01
 1.020e+01 2.6171e-02 2.6171e-02 [ 2.5752e-06 4.5972e-03 2.1437e-02 1.3421e-04 ] 0.0000e+00 [ 0.0000e+00 ] 9.7383e-01
 1.031e+01 2.6601e-02 2.6601e-02 [ 1.9375e-06 4.2639e-03 2.2198e-02 1.3693e-04 ] 0.0000e+00 [ 0.0000e+00 ] 9.7340e-01
 1.043e+01 2.7028e-02 2.7028e-02 [ 1.4503e-06 3.9410e-03 2.2945e-02 1.4037e-04 ] 0.0000e+00 [ 0.0000e+00 ] 9.7297e-01
 1.054e+01 2.7450e-02 2.7450e-02 [ 1.0801e-06 3.6296e-03 2.3675e-02 1.4452e-04 ] 0.0000e+00 [ 0.0000e+00 ] 9.7255e-01
 1.065e+01 2.7867e-02 2.7867e-02 [ 8.0043e-07 3.3309e-03 2.4386e-02 1.4940e-04 ] 0.0000e+00 [ 0.0000e+00 ] 9.7213e-01
 1.077e+01 2.8278e-02 2.8278e-02 [ 5.9023e-07 3.0458e-03 2.5077e-02 1.5502e-04 ] 0.0000e+00 [ 0.0000e+00 ] 9.7172e-01
 1.088e+01 2.8683e-02 2.8683e-02 [ 4.3312e-07 2.7750e-03 2.5746e-02 1.6141e-04 ] 0.0000e+00 [ 0.0000e+00 ] 9.7132e-01
 1.099e+01 2.9080e-02 2.9080e-02 [ 3.1630e-07 2.5191e-03 2.6392e-02 1.6857e-04 ] 0.0000e+00 [ 0.0000e+00 ] 9.7092e-01
 1.111e+01 2.9469e-02 2.9469e-02 [ 2.2990e-07 2.2785e-03 2.7014e-02 1.7654e-04 ] 0.0000e+00 [ 0.0000e+00 ] 9.7053e-01
 1.122e+01 2.9850e-02 2.9850e-02 [ 1.6633e-07 2.0534e-03 2.7611e-02 1.8532e-04 ] 0.0000e+00 [ 0.0000e+00 ] 9.7015e-01
 1.133e+01 3.0222e-02 3.0222e-02 [ 1.1979e-07 1.8437e-03 2.8183e-02 1.9494e-04 ] 0.0000e+00 [ 0.0000e+00 ] 9.6978e-01
 1.145e+01 3.0584e-02 3.0584e-02 [ 8.5883e-08 1.6495e-03 2.8729e-02 2.0542e-04 ] 0.0000e+00 [ 0.0000e+00 ] 9.6942e-01
 1.156e+01 3.0936e-02 3.0936e-02 [ 6.1308e-08 1.4704e-03 2.9249e-02 2.1678e-04 ] 0.0000e+00 [ 0.0000e+00 ] 9.6906e-01
 1.167e+01 3.1279e-02 3.1279e-02 [ 4.3578e-08 1.3060e-03 2.9744e-02 2.2906e-04 ] 0.0000e+00 [ 0.0000e+00 ] 9.6872e-01
 1.179e+01 3.1610e-02 3.1610e-02 [ 3.0847e-08 1.1559e-03 3.0212e-02 2.4227e-04 ] 0.0000e+00 [ 0.0000e+00 ] 9.6839e-01
 1.190e+01 3.1931e-02 3.1931e-02 [ 2.1747e-08 1.0195e-03 3.0655e-02 2.5645e-04 ] 0.0000e+00 [ 0.0000e+00 ] 9.6807e-01
 1.201e+01 3.2241e-02 3.2241e-02 [ 1.5270e-08 8.9604e-04 3.1074e-02 2.7161e-04 ] 0.0000e+00 [ 0.0000e+00 ] 9.6776e-01
 1.213e+01 3.2540e-02 3.2540e-02 [ 1.0682e-08 7.8486e-04 3.1468e-02 2.8781e-04 ] 0.0000e+00 [ 0.0000e+00 ] 9.6746e-01
 1.224e+01 3.2828e-02 3.2828e-02 [ 7.4438e-09 6.8516e-04 3.1838e-02 3.0506e-04 ] 0.0000e+00 [ 0.0000e+00 ] 9.6717e-01
 1.235e+01 3.3104e-02 3.3104e-02 [ 5.1684e-09 5.9616e-04 3.2185e-02 3.2341e-04 ] 0.0000e+00 [ 0.0000e+00 ] 9.6690e-01
 1.247e+01 3.3369e-02 3.3369e-02 [ 3.5758e-09 5.1704e-04 3.2509e-02 3.4290e-04 ] 0.0000e+00 [ 0.0000e+00 ] 9.6663e-01
 1.258e+01 3.3623e-02 3.3623e-02 [ 2.4654e-09 4.4701e-04 3.2812e-02 3.6358e-04 ] 0.0000e+00 [ 0.0000e+00 ] 9.6638e-01
 1.269e+01 3.3865e-02 3.3865e-02 [ 1.6940e-09 3.8528e-04 3.3094e-02 3.8549e-04 ] 0.0000e+00 [ 0.0000e+00 ] 9.6613e-01
 1.281e+01 3.4096e-02 3.4096e-02 [ 1.1602e-09 3.3107e-04 3.3356e-02 4.0868e-04 ] 0.0000e+00 [ 0.0000e+00 ] 9.6590e-01
 1.292e+01 3.4316e-02 3.4316e-02 [ 7.9197e-10 2.8367e-04 3.3599e-02 4.3322e-04 ] 0.0000e+00 [ 0.0000e+00 ] 9.6568e-01
 1.303e+01 3.4525e-02 3.4525e-02 [ 5.3891e-10 2.4236e-04 3.3824e-02 4.5917e-04 ] 0.0000e+00 [ 0.0000e+00 ] 9.6547e-01
 1.315e+01 3.4724e-02 3.4724e-02 [ 3.6556e-10 2.0650e-04 3.4031e-02 4.8661e-04 ] 0.0000e+00 [ 0.0000e+00 ] 9.6528e-01
 1.326e+01 3.4912e-02 3.4912e-02 [ 2.4721e-10 1.7548e-04 3.4221e-02 5.1560e-04 ] 0.0000e+00 [ 0.0000e+00 ] 9.6509e-01
 1.337e+01 3.5089e-02 3.5089e-02 [ 1.6667e-10 1.4873e-04 3.4394e-02 5.4624e-04 ] 0.0000e+00 [ 0.0000e+00 ] 9.6491e-01
 1.349e+01 3.5257e-02 3.5257e-02 [ 1.1203e-10 1.2575e-04 3.4553e-02 5.7861e-04 ] 0.0000e+00 [ 0.0000e+00 ] 9.6474e-01
 1.360e+01 3.5415e-02 3.5415e-02 [ 7.5073e-11 1.0607e-04 3.4696e-02 6.1282e-04 ] 0.0000e+00 [ 0.0000e+00 ] 9.6458e-01
 1.371e+01 3.5563e-02 3.5563e-02 [ 5.0158e-11 8.9264e-05 3.4825e-02 6.4898e-04 ] 0.0000e+00 [ 0.0000e+00 ] 9.6444e-01
 1.383e+01 3.5703e-02 3.5703e-02 [ 3.3412e-11 7.4954e-05 3.4941e-02 6.8720e-04 ] 0.0000e+00 [ 0.0000e+00 ] 9.6430e-01
 1.394e+01 3.5833e-02 3.5833e-02 [ 2.2190e-11 6.2806e-05 3.5043e-02 7.2761e-04 ] 0.0000e+00 [ 0.0000e+00 ] 9.6417e-01
 1.405e+01 3.5955e-02 3.5955e-02 [ 1.4692e-11 5.2519e-05 3.5132e-02 7.7034e-04 ] 0.0000e+00 [ 0.0000e+00 ] 9.6404e-01
 1.417e+01 3.6069e-02 3.6069e-02 [ 9.6986e-12 4.3832e-05 3.5210e-02 8.1553e-04 ] 0.0000e+00 [ 0.0000e+00 ] 9.6393e-01
 1.428e+01 3.6175e-02 3.6175e-02 [ 6.3823e-12 3.6514e-05 3.5275e-02 8.6335e-04 ] 0.0000e+00 [ 0.0000e+00 ] 9.6383e-01
 1.439e+01 3.6273e-02 3.6273e-02 [ 4.1869e-12 3.0364e-05 3.5328e-02 9.1394e-04 ] 0.0000e+00 [ 0.0000e+00 ] 9.6373e-01
 1.451e+01 3.6363e-02 3.6363e-02 [ 2.7380e-12 2.5206e-05 3.5371e-02 9.6749e-04 ] 0.0000e+00 [ 0.0000e+00 ] 9.6364e-01
 1.462e+01 3.6447e-02 3.6447e-02 [ 1.7848e-12 2.0890e-05 3.5402e-02 1.0242e-03 ] 0.0000e+00 [ 0.0000e+00 ] 9.6355e-01
 1.473e+01 3.6523e-02 3.6523e-02 [ 1.1596e-12 1.7286e-05 3.5422e-02 1.0842e-03 ] 0.0000e+00 [ 0.0000e+00 ] 9.6348e-01
 1.485e+01 3.6593e-02 3.6593e-02 [ 7.5089e-13 1.4282e-05 3.5431e-02 1.1477e-03 ] 0.0000e+00 [ 0.0000e+00 ] 9.6341e-01
 1.496e+01 3.6656e-02 3.6656e-02 [ 4.8460e-13 1.1783e-05 3.5429e-02 1.2150e-03 ] 0.0000e+00 [ 0.0000e+00 ] 9.6334e-01
 1.507e+01 3.6713e-02 3.6713e-02 [ 3.1166e-13 9.7074e-06 3.5417e-02 1.2862e-03 ] 0.0000e+00 [ 0.0000e+00 ] 9.6329e-01
 1.519e+01 3.6763e-02 3.6763e-02 [ 1.9973e-13 7.9867e-06 3.5394e-02 1.3617e-03 ] 0.0000e+00 [ 0.0000e+00 ] 9.6324e-01
 1.530e+01 3.6808e-02 3.6808e-02 [ 1.2755e-13 6.5622e-06 3.5360e-02 1.4415e-03 ] 0.0000e+00 [ 0.0000e+00 ] 9.6319e-01
 1.541e+01 3.6846e-02 3.6846e-02 [ 8.1151e-14 5.3849e-06 3.5315e-02 1.5260e-03 ] 0.0000e+00 [ 0.0000e+00 ] 9.6315e-01
 1.553e+01 3.6879e-02 3.6879e-02 [ 5.1441e-14 4.4132e-06 3.5259e-02 1.6155e-03 ] 0.0000e+00 [ 0.0000e+00 ] 9.6312e-01
 1.564e+01 3.6906e-02 3.6906e-02 [ 3.2484e-14 3.6123e-06 3.5192e-02 1.7102e-03 ] 0.0000e+00 [ 0.0000e+00 ] 9.6309e-01
 1.575e+01 3.6927e-02 3.6927e-02 [ 2.0435e-14 2.9531e-06 3.5113e-02 1.8104e-03 ] 0.0000e+00 [ 0.0000e+00 ] 9.6307e-01
 1.587e+01 3.6942e-02 3.6942e-02 [ 1.2805e-14 2.4113e-06 3.5023e-02 1.9163e-03 ] 0.0000e+00 [ 0.0000e+00 ] 9.6306e-01
 1.598e+01 3.6952e-02 3.6952e-02 [ 7.9918e-15 1.9664e-06 3.4921e-02 2.0284e-03 ] 0.0000e+00 [ 0.0000e+00 ] 9.6305e-01
 1.609e+01 3.6956e-02 3.6956e-02 [ 4.9679e-15 1.6017e-06 3.4807e-02 2.1469e-03 ] 0.0000e+00 [ 0.0000e+00 ] 9.6304e-01
 1.621e+01 3.6954e-02 3.6954e-02 [ 3.0757e-15 1.3029e-06 3.4680e-02 2.2723e-03 ] 0.0000e+00 [ 0.0000e+00 ] 9.6305e-01
 1.632e+01 3.6947e-02 3.6947e-02 [ 1.8964e-15 1.0586e-06 3.4541e-02 2.4047e-03 ] 0.0000e+00 [ 0.0000e+00 ] 9.6305e-01
 1.643e+01 3.6935e-02 3.6935e-02 [ 1.1644e-15 8.5894e-07 3.4389e-02 2.5448e-03 ] 0.0000e+00 [ 0.0000e+00 ] 9.6307e-01
 1.655e+01 3.6917e-02 3.6917e-02 [ 7.1199e-16 6.9604e-07 3.4224e-02 2.6928e-03 ] 0.0000e+00 [ 0.0000e+00 ] 9.6308e-01
 1.666e+01 3.6895e-02 3.6895e-02 [ 4.3354e-16 5.6327e-07 3.4045e-02 2.8493e-03 ] 0.0000e+00 [ 0.0000e+00 ] 9.6311e-01
 1.677e+01 3.6868e-02 3.6868e-02 [ 2.6288e-16 4.5520e-07 3.3853e-02 3.0147e-03 ] 0.0000e+00 [ 0.0000e+00 ] 9.6313e-01
 1.689e+01 3.6837e-02 3.6837e-02 [ 1.5874e-16 3.6734e-07 3.3647e-02 3.1898e-03 ] 0.0000e+00 [ 0.0000e+00 ] 9.6316e-01
 1.700e+01 3.6802e-02 3.6802e-02 [ 9.5461e-17 2.9600e-07 3.3427e-02 3.3750e-03 ] 0.0000e+00 [ 0.0000e+00 ] 9.6320e-01
 1.711e+01 3.6764e-02 3.6764e-02 [ 5.7172e-17 2.3815e-07 3.3193e-02 3.5712e-03 ] 0.0000e+00 [ 0.0000e+00 ] 9.6324e-01
 1.723e+01 3.6724e-02 3.6724e-02 [ 3.4104e-17 1.9131e-07 3.2945e-02 3.7791e-03 ] 0.0000e+00 [ 0.0000e+00 ] 9.6328e-01
 1.734e+01 3.6683e-02 3.6683e-02 [ 2.0265e-17 1.5343e-07 3.2683e-02 3.9998e-03 ] 0.0000e+00 [ 0.0000e+00 ] 9.6332e-01
 1.745e+01 3.6642e-02 3.6642e-02 [ 1.1996e-17 1.2284e-07 3.2407e-02 4.2343e-03 ] 0.0000e+00 [ 0.0000e+00 ] 9.6336e-01
 1.757e+01 3.6602e-02 3.6602e-02 [ 7.0763e-18 9.8184e-08 3.2118e-02 4.4840e-03 ] 0.0000e+00 [ 0.0000e+00 ] 9.6340e-01
 1.768e+01 3.6567e-02 3.6567e-02 [ 4.1603e-18 7.8334e-08 3.1816e-02 4.7503e-03 ] 0.0000e+00 [ 0.0000e+00 ] 9.6343e-01
 1.779e+01 3.6537e-02 3.6537e-02 [ 2.4386e-18 6.2381e-08 3.1502e-02 5.0352e-03 ] 0.0000e+00 [ 0.0000e+00 ] 9.6346e-01
 1.791e+01 3.6517e-02 3.6517e-02 [ 1.4257e-18 4.9581e-08 3.1176e-02 5.3406e-03 ] 0.0000e+00 [ 0.0000e+00 ] 9.6348e-01
 1.802e+01 3.6508e-02 3.6508e-02 [ 8.3167e-19 3.9330e-08 3.0839e-02 5.6691e-03 ] 0.0000e+00 [ 0.0000e+00 ] 9.6349e-01
 1.813e+01 3.6516e-02 3.6516e-02 [ 4.8439e-19 3.1134e-08 3.0492e-02 6.0238e-03 ] 0.0000e+00 [ 0.0000e+00 ] 9.6348e-01
 1.825e+01 3.6545e-02 3.6545e-02 [ 2.8186e-19 2.4594e-08 3.0137e-02 6.4081e-03 ] 0.0000e+00 [ 0.0000e+00 ] 9.6345e-01
 1.836e+01 3.6601e-02 3.6601e-02 [ 1.6399e-19 1.9386e-08 2.9774e-02 6.8264e-03 ] 0.0000e+00 [ 0.0000e+00 ] 9.6340e-01
 1.847e+01 3.6690e-02 3.6690e-02 [ 9.5492e-20 1.5246e-08 2.9406e-02 7.2838e-03 ] 0.0000e+00 [ 0.0000e+00 ] 9.6331e-01
 1.859e+01 3.6820e-02 3.6820e-02 [ 5.5713e-20 1.1963e-08 2.9034e-02 7.7864e-03 ] 0.0000e+00 [ 0.0000e+00 ] 9.6318e-01
 1.870e+01 3.7002e-02 3.7002e-02 [ 3.2608e-20 9.3642e-09 2.8660e-02 8.3415e-03 ] 0.0000e+00 [ 0.0000e+00 ] 9.6300e-01
 1.881e+01 3.7245e-02 3.7245e-02 [ 1.9172e-20 7.3123e-09 2.8287e-02 8.9578e-03 ] 0.0000e+00 [ 0.0000e+00 ] 9.6275e-01
 1.893e+01 3.7564e-02 3.7564e-02 [ 1.1340e-20 5.6957e-09 2.7918e-02 9.6460e-03 ] 0.0000e+00 [ 0.0000e+00 ] 9.6244e-01
 1.904e+01 3.7973e-02 3.7973e-02 [ 6.7589e-21 4.4251e-09 2.7555e-02 1.0418e-02 ] 0.0000e+00 [ 0.0000e+00 ] 9.6203e-01
 1.915e+01 3.8492e-02 3.8492e-02 [ 4.0651e-21 3.4290e-09 2.7201e-02 1.1290e-02 ] 0.0000e+00 [ 0.0000e+00 ] 9.6151e-01
 1.927e+01 3.9141e-02 3.9141e-02 [ 2.4707e-21 2.6499e-09 2.6862e-02 1.2279e-02 ] 0.0000e+00 [ 0.0000e+00 ] 9.6086e-01
 1.938e+01 3.9947e-02 3.9947e-02 [ 1.5194e-21 2.0421e-09 2.6541e-02 1.3407e-02 ] 0.0000e+00 [ 0.0000e+00 ] 9.6005e-01
 1.949e+01 4.0940e-02 4.0940e-02 [ 9.4626e-22 1.5694e-09 2.6242e-02 1.4698e-02 ] 0.0000e+00 [ 0.0000e+00 ] 9.5906e-01
 1.961e+01 4.2154e-02 4.2154e-02 [ 5.9719e-22 1.2025e-09 2.5970e-02 1.6184e-02 ] 0.0000e+00 [ 0.0000e+00 ] 9.5785e-01
 1.972e+01 4.3632e-02 4.3632e-02 [ 3.8200e-22 9.1876e-10 2.5733e-02 1.7899e-02 ] 0.0000e+00 [ 0.0000e+00 ] 9.5637e-01
 1.983e+01 4.5422e-02 4.5422e-02 [ 2.4763e-22 6.9983e-10 2.5536e-02 1.9886e-02 ] 0.0000e+00 [ 0.0000e+00 ] 9.5458e-01
 1.995e+01 4.7579e-02 4.7579e-02 [ 1.6261e-22 5.3143e-10 2.5385e-02 2.2194e-02 ] 0.0000e+00 [ 0.0000e+00 ] 9.5242e-01
 2.006e+01 5.0168e-02 5.0168e-02 [ 1.0808e-22 4.0229e-10 2.5290e-02 2.4878e-02 ] 0.0000e+00 [ 0.0000e+00 ] 9.4983e-01
 2.017e+01 5.3263e-02 5.3263e-02 [ 7.2652e-23 3.0356e-10 2.5258e-02 2.8005e-02 ] 0.0000e+00 [ 0.0000e+00 ] 9.4674e-01
 2.029e+01 5.6946e-02 5.6946e-02 [ 4.9345e-23 2.2832e-10 2.5298e-02 3.1648e-02 ] 0.0000e+00 [ 0.0000e+00 ] 9.4305e-01
 2.040e+01 6.1310e-02 6.1310e-02 [ 3.3830e-23 1.7116e-10 2.5421e-02 3.5889e-02 ] 0.0000e+00 [ 0.0000e+00 ] 9.3869e-01
 2.051e+01 6.6452e-02 6.6452e-02 [ 2.3389e-23 1.2787e-10 2.5635e-02 4.0817e-02 ] 0.0000e+00 [ 0.0000e+00 ] 9.3355e-01
 2.063e+01 7.2478e-02 7.2478e-02 [ 1.6294e-23 9.5205e-11 2.5952e-02 4.6527e-02 ] 0.0000e+00 [ 0.0000e+00 ] 9.2752e-01
 2.074e+01 7.9493e-02 7.9493e-02 [ 1.1429e-23 7.0635e-11 2.6378e-02 5.3115e-02 ] 0.0000e+00 [ 0.0000e+00 ] 9.2051e-01
 2.085e+01 8.7596e-02 8.7596e-02 [ 8.0655e-24 5.2218e-11 2.6924e-02 6.0673e-02 ] 0.0000e+00 [ 0.0000e+00 ] 9.1240e-01
 2.097e+01 9.6872e-02 9.6872e-02 [ 5.7229e-24 3.8462e-11 2.7592e-02 6.9280e-02 ] 0.0000e+00 [ 0.0000e+00 ] 9.0313e-01
 2.108e+01 1.0738e-01 1.0738e-01 [ 4.0804e-24 2.8225e-11 2.8386e-02 7.8993e-02 ] 0.0000e+00 [ 0.0000e+00 ] 8.9262e-01
 2.119e+01 1.1913e-01 1.1913e-01 [ 2.9217e-24 2.0633e-11 2.9300e-02 8.9834e-02 ] 0.0000e+00 [ 0.0000e+00 ] 8.8087e-01
 2.131e+01 1.3209e-01 1.3209e-01 [ 2.0998e-24 1.5025e-11 3.0323e-02 1.0177e-01 ] 0.0000e+00 [ 0.0000e+00 ] 8.6791e-01
 2.142e+01 1.4615e-01 1.4615e-01 [ 1.5137e-24 1.0899e-11 3.1437e-02 1.1471e-01 ] 0.0000e+00 [ 0.0000e+00 ] 8.5385e-01
 2.153e+01 1.6109e-01 1.6109e-01 [ 1.0939e-24 7.8743e-12 3.2611e-02 1.2848e-01 ] 0.0000e+00 [ 0.0000e+00 ] 8.3891e-01
 2.165e+01 1.7663e-01 1.7663e-01 [ 7.9198e-25 5.6667e-12 3.3807e-02 1.4282e-01 ] 0.0000e+00 [ 0.0000e+00 ] 8.2337e-01
 2.176e+01 1.9237e-01 1.9237e-01 [ 5.7405e-25 4.0621e-12 3.4976e-02 1.5740e-01 ] 0.0000e+00 [ 0.0000e+00 ] 8.0763e-01
 2.187e+01 2.0785e-01 2.0785e-01 [ 4.1627e-25 2.9010e-12 3.6064e-02 1.7178e-01 ] 0.0000e+00 [ 0.0000e+00 ] 7.9215e-01
 2.199e+01 2.2252e-01 2.2252e-01 [ 3.0179e-25 2.0645e-12 3.7011e-02 1.8551e-01 ] 0.0000e+00 [ 0.0000e+00 ] 7.7748e-01
 2.210e+01 2.3585e-01 2.3585e-01 [ 2.1858e-25 1.4645e-12 3.7757e-02 1.9809e-01 ] 0.0000e+00 [ 0.0000e+00 ] 7.6415e-01
 2.221e+01 2.4728e-01 2.4728e-01 [ 1.5806e-25 1.0359e-12 3.8249e-02 2.0903e-01 ] 0.0000e+00 [ 0.0000e+00 ] 7.5272e-01
 2.233e+01 2.5634e-01 2.5634e-01 [ 1.1403e-25 7.3109e-13 3.8441e-02 2.1790e-01 ] 0.0000e+00 [ 0.0000e+00 ] 7.4366e-01
 2.244e+01 2.6261e-01 2.6261e-01 [ 8.2022e-26 5.1502e-13 3.8298e-02 2.2431e-01 ] 0.0000e+00 [ 0.0000e+00 ] 7.3739e-01
 2.255e+01 2.6579e-01 2.6579e-01 [ 5.8789e-26 3.6237e-13 3.7801e-02 2.2799e-01 ] 0.0000e+00 [ 0.0000e+00 ] 7.3421e-01
 2.267e+01 2.6572e-01 2.6572e-01 [ 4.1963e-26 2.5480e-13 3.6946e-02 2.2877e-01 ] 0.0000e+00 [ 0.0000e+00 ] 7.3428e-01
 2.278e+01 2.6236e-01 2.6236e-01 [ 2.9814e-26 1.7915e-13 3.5744e-02 2.2662e-01 ] 0.0000e+00 [ 0.0000e+00 ] 7.3764e-01
 2.289e+01 2.5583e-01 2.5583e-01 [ 2.1074e-26 1.2600e-13 3.4223e-02 2.2160e-01 ] 0.0000e+00 [ 0.0000e+00 ] 7.4417e-01
 2.301e+01 2.4635e-01 2.4635e-01 [ 1.4814e-26 8.8706e-14 3.2424e-02 2.1393e-01 ] 0.0000e+00 [ 0.0000e+00 ] 7.5365e-01
 2.312e+01 2.3431e-01 2.3431e-01 [ 1.0353e-26 6.2530e-14 3.0402e-02 2.0391e-01 ] 0.0000e+00 [ 0.0000e+00 ] 7.6569e-01
 2.323e+01 2.2017e-01 2.2017e-01 [ 7.1920e-27 4.4155e-14 2.8219e-02 1.9195e-01 ] 0.0000e+00 [ 0.0000e+00 ] 7.7983e-01
 2.335e+01 2.0448e-01 2.0448e-01 [ 4.9652e-27 3.1246e-14 2.5941e-02 1.7854e-01 ] 0.0000e+00 [ 0.0000e+00 ] 7.9552e-01
 2.346e+01 1.8781e-01 1.8781e-01 [ 3.4065e-27 2.2165e-14 2.3635e-02 1.6418e-01 ] 0.0000e+00 [ 0.0000e+00 ] 8.1219e-01
 2.357e+01 1.7075e-01 1.7075e-01 [ 2.3226e-27 1.5768e-14 2.1364e-02 1.4938e-01 ] 0.0000e+00 [ 0.0000e+00 ] 8.2925e-01
 2.369e+01 1.5379e-01 1.5379e-01 [ 1.5739e-27 1.1251e-14 1.9178e-02 1.3461e-01 ] 0.0000e+00 [ 0.0000e+00 ] 8.4621e-01
 2.380e+01 1.3738e-01 1.3738e-01 [ 1.0601e-27 8.0547e-15 1.7120e-02 1.2026e-01 ] 0.0000e+00 [ 0.0000e+00 ] 8.6262e-01
 2.391e+01 1.2187e-01 1.2187e-01 [ 7.0971e-28 5.7859e-15 1.5217e-02 1.0665e-01 ] 0.0000e+00 [ 0.0000e+00 ] 8.7813e-01
 2.403e+01 1.0748e-01 1.0748e-01 [ 4.7235e-28 4.1705e-15 1.3486e-02 9.3994e-02 ] 0.0000e+00 [ 0.0000e+00 ] 8.9252e-01
 2.414e+01 9.4355e-02 9.4355e-02 [ 3.1253e-28 3.0161e-15 1.1932e-02 8.2423e-02 ] 0.0000e+00 [ 0.0000e+00 ] 9.0565e-01
 2.425e+01 8.2553e-02 8.2553e-02 [ 2.0558e-28 2.1882e-15 1.0553e-02 7.2000e-02 ] 0.0000e+00 [ 0.0000e+00 ] 9.1745e-01
 2.437e+01 7.2064e-02 7.2064e-02 [ 1.3445e-28 1.5922e-15 9.3400e-03 6.2724e-02 ] 0.0000e+00 [ 0.0000e+00 ] 9.2794e-01
 2.448e+01 6.2833e-02 6.2833e-02 [ 8.7414e-29 1.1615e-15 8.2810e-03 5.4552e-02 ] 0.0000e+00 [ 0.0000e+00 ] 9.3717e-01
 2.459e+01 5.4771e-02 5.4771e-02 [ 5.6502e-29 8.4926e-16 7.3611e-03 4.7410e-02 ] 0.0000e+00 [ 0.0000e+00 ] 9.4523e-01
 2.471e+01 4.7773e-02 4.7773e-02 [ 3.6306e-29 6.2211e-16 6.5651e-03 4.1208e-02 ] 0.0000e+00 [ 0.0000e+00 ] 9.5223e-01
 2.482e+01 4.1728e-02 4.1728e-02 [ 2.3191e-29 4.5639e-16 5.8779e-03 3.5850e-02 ] 0.0000e+00 [ 0.0000e+00 ] 9.5827e-01
 2.493e+01 3.6523e-02 3.6523e-02 [ 1.4726e-29 3.3518e-16 5.2854e-03 3.1238e-02 ] 0.0000e+00 [ 0.0000e+00 ] 9.6348e-01
 2.505e+01 3.2053e-02 3.2053e-02 [ 9.2946e-30 2.4633e-16 4.7745e-03 2.7278e-02 ] 0.0000e+00 [ 0.0000e+00 ] 9.6795e-01
 2.516e+01 2.8218e-02 2.8218e-02 [ 5.8316e-30 1.8110e-16 4.3337e-03 2.3884e-02 ] 0.0000e+00 [ 0.0000e+00 ] 9.7178e-01
 2.527e+01 2.4930e-02 2.4930e-02 [ 3.6369e-30 1.3315e-16 3.9527e-03 2.0978e-02 ] 0.0000e+00 [ 0.0000e+00 ] 9.7507e-01
 2.539e+01 2.2111e-02 2.2111e-02 [ 2.2546e-30 9.7862e-17 3.6227e-03 1.8488e-02 ] 0.0000e+00 [ 0.0000e+00 ] 9.7789e-01
 2.550e+01 1.9692e-02 1.9692e-02 [ 1.3893e-30 7.1888e-17 3.3362e-03 1.6356e-02 ] 0.0000e+00 [ 0.0000e+00 ] 9.8031e-01
 2.561e+01 1.7614e-02 1.7614e-02 [ 8.5106e-31 5.2765e-17 3.0867e-03 1.4527e-02 ] 0.0000e+00 [ 0.0000e+00 ] 9.8239e-01
 2.573e+01 1.5825e-02 1.5825e-02 [ 5.1824e-31 3.8688e-17 2.8685e-03 1.2956e-02 ] 0.0000e+00 [ 0.0000e+00 ] 9.8418e-01
 2.584e+01 1.4282e-02 1.4282e-02 [ 3.1372e-31 2.8332e-17 2.6771e-03 1.1605e-02 ] 0.0000e+00 [ 0.0000e+00 ] 9.8572e-01
 2.595e+01 1.2948e-02 1.2948e-02 [ 1.8880e-31 2.0718e-17 2.5084e-03 1.0440e-02 ] 0.0000e+00 [ 0.0000e+00 ] 9.8705e-01
 2.607e+01 1.1792e-02 1.1792e-02 [ 1.1297e-31 1.5126e-17 2.3592e-03 9.4329e-03 ] 0.0000e+00 [ 0.0000e+00 ] 9.8821e-01
 2.618e+01 1.0787e-02 1.0787e-02 [ 6.7204e-32 1.1024e-17 2.2265e-03 8.5606e-03 ] 0.0000e+00 [ 0.0000e+00 ] 9.8921e-01
 2.629e+01 9.9111e-03 9.9111e-03 [ 3.9752e-32 8.0199e-18 2.1081e-03 7.8029e-03 ] 0.0000e+00 [ 0.0000e+00 ] 9.9009e-01
 2.641e+01 9.1449e-03 9.1449e-03 [ 2.3382e-32 5.8226e-18 2.0020e-03 7.1429e-03 ] 0.0000e+00 [ 0.0000e+00 ] 9.9086e-01
 2.652e+01 8.4727e-03 8.4727e-03 [ 1.3677e-32 4.2186e-18 1.9063e-03 6.5664e-03 ] 0.0000e+00 [ 0.0000e+00 ] 9.9153e-01
 2.663e+01 7.8811e-03 7.8811e-03 [ 7.9562e-33 3.0498e-18 1.8197e-03 6.0614e-03 ] 0.0000e+00 [ 0.0000e+00 ] 9.9212e-01
 2.675e+01 7.3587e-03 7.3587e-03 [ 4.6032e-33 2.1998e-18 1.7410e-03 5.6177e-03 ] 0.0000e+00 [ 0.0000e+00 ] 9.9264e-01
 2.686e+01 6.8960e-03 6.8960e-03 [ 2.6490e-33 1.5830e-18 1.6691e-03 5.2268e-03 ] 0.0000e+00 [ 0.0000e+00 ] 9.9310e-01
 2.697e+01 6.4848e-03 6.4848e-03 [ 1.5164e-33 1.1365e-18 1.6031e-03 4.8816e-03 ] 0.0000e+00 [ 0.0000e+00 ] 9.9352e-01
 2.709e+01 6.1182e-03 6.1182e-03 [ 8.6350e-34 8.1385e-19 1.5424e-03 4.5759e-03 ] 0.0000e+00 [ 0.0000e+00 ] 9.9388e-01
 2.720e+01 5.7906e-03 5.7906e-03 [ 4.8920e-34 5.8136e-19 1.4861e-03 4.3045e-03 ] 0.0000e+00 [ 0.0000e+00 ] 9.9421e-01
 2.731e+01 5.4969e-03 5.4969e-03 [ 2.7574e-34 4.1423e-19 1.4338e-03 4.0631e-03 ] 0.0000e+00 [ 0.0000e+00 ] 9.9450e-01
 2.743e+01 5.2328e-03 5.2328e-03 [ 1.5465e-34 2.9438e-19 1.3850e-03 3.8478e-03 ] 0.0000e+00 [ 0.0000e+00 ] 9.9477e-01
 2.754e+01 4.9948e-03 4.9948e-03 [ 8.6307e-35 2.0865e-19 1.3393e-03 3.6555e-03 ] 0.0000e+00 [ 0.0000e+00 ] 9.9501e-01
 2.765e+01 4.7798e-03 4.7798e-03 [ 4.7933e-35 1.4750e-19 1.2963e-03 3.4835e-03 ] 0.0000e+00 [ 0.0000e+00 ] 9.9522e-01
 2.777e+01 4.5852e-03 4.5852e-03 [ 2.6494e-35 1.0399e-19 1.2558e-03 3.3294e-03 ] 0.0000e+00 [ 0.0000e+00 ] 9.9541e-01
 2.788e+01 4.4086e-03 4.4086e-03 [ 1.4575e-35 7.3113e-20 1.2174e-03 3.1912e-03 ] 0.0000e+00 [ 0.0000e+00 ] 9.9559e-01
 2.799e+01 4.2480e-03 4.2480e-03 [ 7.9813e-36 5.1264e-20 1.1809e-03 3.0671e-03 ] 0.0000e+00 [ 0.0000e+00 ] 9.9575e-01
 2.811e+01 4.1017e-03 4.1017e-03 [ 4.3505e-36 3.5846e-20 1.1461e-03 2.9556e-03 ] 0.0000e+00 [ 0.0000e+00 ] 9.9590e-01
 2.822e+01 3.9683e-03 3.9683e-03 [ 2.3608e-36 2.4995e-20 1.1129e-03 2.8554e-03 ] 0.0000e+00 [ 0.0000e+00 ] 9.9603e-01
 2.833e+01 3.8464e-03 3.8464e-03 [ 1.2754e-36 1.7381e-20 1.0810e-03 2.7654e-03 ] 0.0000e+00 [ 0.0000e+00 ] 9.9615e-01
 2.845e+01 3.7348e-03 3.7348e-03 [ 6.8604e-37 1.2052e-20 1.0503e-03 2.6846e-03 ] 0.0000e+00 [ 0.0000e+00 ] 9.9627e-01
 2.856e+01 3.6326e-03 3.6326e-03 [ 3.6744e-37 8.3340e-21 1.0207e-03 2.6119e-03 ] 0.0000e+00 [ 0.0000e+00 ] 9.9637e-01
 2.867e+01 3.5387e-03 3.5387e-03 [ 1.9597e-37 5.7466e-21 9.9202e-04 2.5467e-03 ] 0.0000e+00 [ 0.0000e+00 ] 9.9646e-01
 2.879e+01 3.4524e-03 3.4524e-03 [ 1.0408e-37 3.9514e-21 9.6424e-04 2.4882e-03 ] 0.0000e+00 [ 0.0000e+00 ] 9.9655e-01
 2.890e+01 3.3729e-03 3.3729e-03 [ 5.5056e-38 2.7094e-21 9.3722e-04 2.4357e-03 ] 0.0000e+00 [ 0.0000e+00 ] 9.9663e-01
 2.901e+01 3.2996e-03 3.2996e-03 [ 2.9005e-38 1.8525e-21 9.1089e-04 2.3887e-03 ] 0.0000e+00 [ 0.0000e+00 ] 9.9670e-01
 2.913e+01 3.2319e-03 3.2319e-03 [ 1.5220e-38 1.2631e-21 8.8516e-04 2.3467e-03 ] 0.0000e+00 [ 0.0000e+00 ] 9.9677e-01
 2.924e+01 3.1692e-03 3.1692e-03 [ 7.9558e-39 8.5882e-22 8.5998e-04 2.3092e-03 ] 0.0000e+00 [ 0.0000e+00 ] 9.9683e-01
 2.935e+01 3.1110e-03 3.1110e-03 [ 4.1427e-39 5.8229e-22 8.3528e-04 2.2757e-03 ] 0.0000e+00 [ 0.0000e+00 ] 9.9689e-01
 2.947e+01 3.0568e-03 3.0568e-03 [ 2.1490e-39 3.9370e-22 8.1102e-04 2.2458e-03 ] 0.0000e+00 [ 0.0000e+00 ] 9.9694e-01
 2.958e+01 3.0063e-03 3.0063e-03 [ 1.1106e-39 2.6545e-22 7.8715e-04 2.2191e-03 ] 0.0000e+00 [ 0.0000e+00 ] 9.9699e-01
 2.969e+01 2.9590e-03 2.9590e-03 [ 5.7191e-40 1.7848e-22 7.6362e-04 2.1954e-03 ] 0.0000e+00 [ 0.0000e+00 ] 9.9704e-01
 2.981e+01 2.9145e-03 2.9145e-03 [ 2.9344e-40 1.1967e-22 7.4041e-04 2.1741e-03 ] 0.0000e+00 [ 0.0000e+00 ] 9.9709e-01
 2.992e+01 2.8726e-03 2.8726e-03 [ 1.5003e-40 8.0018e-23 7.1750e-04 2.1551e-03 ] 0.0000e+00 [ 0.0000e+00 ] 9.9713e-01
 3.003e+01 2.8329e-03 2.8329e-03 [ 7.6440e-41 5.3358e-23 6.9485e-04 2.1381e-03 ] 0.0000e+00 [ 0.0000e+00 ] 9.9717e-01
 3.015e+01 2.7951e-03 2.7951e-03 [ 3.8813e-41 3.5484e-23 6.7245e-04 2.1226e-03 ] 0.0000e+00 [ 0.0000e+00 ] 9.9720e-01
 3.026e+01 2.7589e-03 2.7589e-03 [ 1.9641e-41 2.3533e-23 6.5029e-04 2.1087e-03 ] 0.0000e+00 [ 0.0000e+00 ] 9.9724e-01
 3.037e+01 2.7242e-03 2.7242e-03 [ 9.9064e-42 1.5565e-23 6.2837e-04 2.0958e-03 ] 0.0000e+00 [ 0.0000e+00 ] 9.9728e-01
 3.049e+01 2.6906e-03 2.6906e-03 [ 4.9802e-42 1.0267e-23 6.0668e-04 2.0839e-03 ] 0.0000e+00 [ 0.0000e+00 ] 9.9731e-01
 3.060e+01 2.6580e-03 2.6580e-03 [ 2.4957e-42 6.7546e-24 5.8522e-04 2.0727e-03 ] 0.0000e+00 [ 0.0000e+00 ] 9.9734e-01
 3.071e+01 2.6261e-03 2.6261e-03 [ 1.2467e-42 4.4320e-24 5.6400e-04 2.0621e-03 ] 0.0000e+00 [ 0.0000e+00 ] 9.9737e-01
 3.083e+01 2.5948e-03 2.5948e-03 [ 6.2082e-43 2.9004e-24 5.4303e-04 2.0517e-03 ] 0.0000e+00 [ 0.0000e+00 ] 9.9741e-01
 3.094e+01 2.5639e-03 2.5639e-03 [ 3.0821e-43 1.8931e-24 5.2231e-04 2.0416e-03 ] 0.0000e+00 [ 0.0000e+00 ] 9.9744e-01
 3.105e+01 2.5333e-03 2.5333e-03 [ 1.5256e-43 1.2325e-24 5.0185e-04 2.0314e-03 ] 0.0000e+00 [ 0.0000e+00 ] 9.9747e-01
 3.117e+01 2.5028e-03 2.5028e-03 [ 7.5286e-44 8.0032e-25 4.8168e-04 2.0211e-03 ] 0.0000e+00 [ 0.0000e+00 ] 9.9750e-01
 3.128e+01 2.4723e-03 2.4723e-03 [ 3.7046e-44 5.1838e-25 4.6182e-04 2.0105e-03 ] 0.0000e+00 [ 0.0000e+00 ] 9.9753e-01
 3.139e+01 2.4417e-03 2.4417e-03 [ 1.8177e-44 3.3491e-25 4.4226e-04 1.9994e-03 ] 0.0000e+00 [ 0.0000e+00 ] 9.9756e-01
 3.151e+01 2.4110e-03 2.4110e-03 [ 8.8931e-45 2.1584e-25 4.2305e-04 1.9879e-03 ] 0.0000e+00 [ 0.0000e+00 ] 9.9759e-01
 3.162e+01 2.3799e-03 2.3799e-03 [ 4.3390e-45 1.3876e-25 4.0419e-04 1.9758e-03 ] 0.0000e+00 [ 0.0000e+00 ] 9.9762e-01
 3.173e+01 2.3486e-03 2.3486e-03 [ 2.1112e-45 8.8989e-26 3.8570e-04 1.9629e-03 ] 0.0000e+00 [ 0.0000e+00 ] 9.9765e-01
 3.185e+01 2.3169e-03 2.3169e-03 [ 1.0245e-45 5.6931e-26 3.6761e-04 1.9492e-03 ] 0.0000e+00 [ 0.0000e+00 ] 9.9768e-01
 3.196e+01 2.2847e-03 2.2847e-03 [ 4.9583e-46 3.6335e-26 3.4993e-04 1.9348e-03 ] 0.0000e+00 [ 0.0000e+00 ] 9.9772e-01
 3.207e+01 2.2520e-03 2.2520e-03 [ 2.3934e-46 2.3135e-26 3.3268e-04 1.9194e-03 ] 0.0000e+00 [ 0.0000e+00 ] 9.9775e-01
 3.219e+01 2.2189e-03 2.2189e-03 [ 1.1524e-46 1.4696e-26 3.1587e-04 1.9030e-03 ] 0.0000e+00 [ 0.0000e+00 ] 9.9778e-01
 3.230e+01 2.1853e-03 2.1853e-03 [ 5.5341e-47 9.3139e-27 2.9953e-04 1.8857e-03 ] 0.0000e+00 [ 0.0000e+00 ] 9.9781e-01
 3.241e+01 2.1511e-03 2.1511e-03 [ 2.6511e-47 5.8893e-27 2.8366e-04 1.8674e-03 ] 0.0000e+00 [ 0.0000e+00 ] 9.9785e-01
 3.253e+01 2.1164e-03 2.1164e-03 [ 1.2669e-47 3.7155e-27 2.6828e-04 1.8481e-03 ] 0.0000e+00 [ 0.0000e+00 ] 9.9788e-01
 3.264e+01 2.0812e-03 2.0812e-03 [ 6.0396e-48 2.3388e-27 2.5340e-04 1.8278e-03 ] 0.0000e+00 [ 0.0000e+00 ] 9.9792e-01
 3.275e+01 2.0456e-03 2.0456e-03 [ 2.8724e-48 1.4690e-27 2.3902e-04 1.8065e-03 ] 0.0000e+00 [ 0.0000e+00 ] 9.9795e-01
 3.287e+01 2.0094e-03 2.0094e-03 [ 1.3628e-48 9.2065e-28 2.2516e-04 1.7842e-03 ] 0.0000e+00 [ 0.0000e+00 ] 9.9799e-01
 3.298e+01 1.9728e-03 1.9728e-03 [ 6.4513e-49 5.7576e-28 2.1182e-04 1.7609e-03 ] 0.0000e+00 [ 0.0000e+00 ] 9.9803e-01
 3.309e+01 1.9357e-03 1.9357e-03 [ 3.0469e-49 3.5930e-28 1.9900e-04 1.7367e-03 ] 0.0000e+00 [ 0.0000e+00 ] 9.9806e-01
 3.321e+01 1.8983e-03 1.8983e-03 [ 1.4358e-49 2.2375e-28 1.8671e-04 1.7116e-03 ] 0.0000e+00 [ 0.0000e+00 ] 9.9810e-01
 3.332e+01 1.8605e-03 1.8605e-03 [ 6.7512e-50 1.3905e-28 1.7494e-04 1.6855e-03 ] 0.0000e+00 [ 0.0000e+00 ] 9.9814e-01
 3.343e+01 1.8224e-03 1.8224e-03 [ 3.1675e-50 8.6236e-29 1.6369e-04 1.6587e-03 ] 0.0000e+00 [ 0.0000e+00 ] 9.9818e-01
 3.355e+01 1.7840e-03 1.7840e-03 [ 1.4829e-50 5.3373e-29 1.5296e-04 1.6310e-03 ] 0.0000e+00 [ 0.0000e+00 ] 9.9822e-01
 3.366e+01 1.7454e-03 1.7454e-03 [ 6.9279e-51 3.2968e-29 1.4274e-04 1.6027e-03 ] 0.0000e+00 [ 0.0000e+00 ] 9.9825e-01
 3.377e+01 1.7066e-03 1.7066e-03 [ 3.2299e-51 2.0324e-29 1.3303e-04 1.5736e-03 ] 0.0000e+00 [ 0.0000e+00 ] 9.9829e-01
 3.389e+01 1.6677e-03 1.6677e-03 [ 1.5027e-51 1.2504e-29 1.2381e-04 1.5439e-03 ] 0.0000e+00 [ 0.0000e+00 ] 9.9833e-01
 3.400e+01 1.6287e-03 1.6287e-03 [ 6.9772e-52 7.6787e-30 1.1507e-04 1.5136e-03 ] 0.0000e+00 [ 0.0000e+00 ] 9.9837e-01
 3.411e+01 1.5897e-03 1.5897e-03 [ 3.2332e-52 4.7062e-30 1.0681e-04 1.4829e-03 ] 0.0000e+00 [ 0.0000e+00 ] 9.9841e-01
 3.423e+01 1.5506e-03 1.5506e-03 [ 1.4953e-52 2.8790e-30 9.9009e-05 1.4516e-03 ] 0.0000e+00 [ 0.0000e+00 ] 9.9845e-01
 3.434e+01 1.5117e-03 1.5117e-03 [ 6.9020e-53 1.7579e-30 9.1657e-05 1.4200e-03 ] 0.0000e+00 [ 0.0000e+00 ] 9.9849e-01
 3.445e+01 1.4728e-03 1.4728e-03 [ 3.1798e-53 1.0713e-30 8.4740e-05 1.3881e-03 ] 0.0000e+00 [ 0.0000e+00 ] 9.9853e-01
 3.457e+01 1.4341e-03 1.4341e-03 [ 1.4622e-53 6.5173e-31 7.8242e-05 1.3559e-03 ] 0.0000e+00 [ 0.0000e+00 ] 9.9857e-01
 3.468e+01 1.3956e-03 1.3956e-03 [ 6.7113e-54 3.9574e-31 7.2147e-05 1.3235e-03 ] 0.0000e+00 [ 0.0000e+00 ] 9.9860e-01
 3.479e+01 1.3573e-03 1.3573e-03 [ 3.0748e-54 2.3986e-31 6.6441e-05 1.2909e-03 ] 0.0000e+00 [ 0.0000e+00 ] 9.9864e-01
 3.491e+01 1.3194e-03 1.3194e-03 [ 1.4062e-54 1.4512e-31 6.1108e-05 1.2583e-03 ] 0.0000e+00 [ 0.0000e+00 ] 9.9868e-01
 3.502e+01 1.2817e-03 1.2817e-03 [ 6.4195e-55 8.7641e-32 5.6130e-05 1.2256e-03 ] 0.0000e+00 [ 0.0000e+00 ] 9.9872e-01
 3.513e+01 1.2444e-03 1.2444e-03 [ 2.9255e-55 5.2833e-32 5.1492e-05 1.1929e-03 ] 0.0000e+00 [ 0.0000e+00 ] 9.9876e-01
 3.525e+01 1.2075e-03 1.2075e-03 [ 1.3309e-55 3.1793e-32 4.7177e-05 1.1604e-03 ] 0.0000e+00 [ 0.0000e+00 ] 9.9879e-01
 3.536e+01 1.1711e-03 1.1711e-03 [ 6.0444e-56 1.9098e-32 4.3169e-05 1.1279e-03 ] 0.0000e+00 [ 0.0000e+00 ] 9.9883e-01
 3.547e+01 1.1351e-03 1.1351e-03 [ 2.7405e-56 1.1451e-32 3.9452e-05 1.0957e-03 ] 0.0000e+00 [ 0.0000e+00 ] 9.9886e-01
 3.559e+01 1.0996e-03 1.0996e-03 [ 1.2405e-56 6.8543e-33 3.6010e-05 1.0636e-03 ] 0.0000e+00 [ 0.0000e+00 ] 9.9890e-01
 3.570e+01 1.0647e-03 1.0647e-03 [ 5.6059e-57 4.0954e-33 3.2828e-05 1.0319e-03 ] 0.0000e+00 [ 0.0000e+00 ] 9.9894e-01
 3.581e+01 1.0303e-03 1.0303e-03 [ 2.5293e-57 2.4427e-33 2.9890e-05 1.0004e-03 ] 0.0000e+00 [ 0.0000e+00 ] 9.9897e-01
 3.593e+01 9.9647e-04 9.9647e-04 [ 1.1394e-57 1.4543e-33 2.7181e-05 9.6929e-04 ] 0.0000e+00 [ 0.0000e+00 ] 9.9900e-01
 3.604e+01 9.6325e-04 9.6325e-04 [ 5.1246e-58 8.6433e-34 2.4688e-05 9.3857e-04 ] 0.0000e+00 [ 0.0000e+00 ] 9.9904e-01
 3.615e+01 9.3066e-04 9.3066e-04 [ 2.3013e-58 5.1278e-34 2.2397e-05 9.0826e-04 ] 0.0000e+00 [ 0.0000e+00 ] 9.9907e-01
 3.627e+01 8.9870e-04 8.9870e-04 [ 1.0319e-58 3.0367e-34 2.0294e-05 8.7840e-04 ] 0.0000e+00 [ 0.0000e+00 ] 9.9910e-01
 3.638e+01 8.6739e-04 8.6739e-04 [ 4.6200e-59 1.7951e-34 1.8366e-05 8.4902e-04 ] 0.0000e+00 [ 0.0000e+00 ] 9.9913e-01
 3.649e+01 8.3675e-04 8.3675e-04 [ 2.0654e-59 1.0593e-34 1.6602e-05 8.2014e-04 ] 0.0000e+00 [ 0.0000e+00 ] 9.9916e-01
 3.661e+01 8.0678e-04 8.0678e-04 [ 9.2202e-60 6.2396e-35 1.4990e-05 7.9179e-04 ] 0.0000e+00 [ 0.0000e+00 ] 9.9919e-01
 3.672e+01 7.7750e-04 7.7750e-04 [ 4.1100e-60 3.6687e-35 1.3518e-05 7.6398e-04 ] 0.0000e+00 [ 0.0000e+00 ] 9.9922e-01
 3.683e+01 7.4892e-04 7.4892e-04 [ 1.8295e-60 2.1531e-35 1.2177e-05 7.3674e-04 ] 0.0000e+00 [ 0.0000e+00 ] 9.9925e-01
 3.695e+01 7.2103e-04 7.2103e-04 [ 8.1323e-61 1.2614e-35 1.0956e-05 7.1007e-04 ] 0.0000e+00 [ 0.0000e+00 ] 9.9928e-01
 3.706e+01 6.9385e-04 6.9385e-04 [ 3.6099e-61 7.3763e-36 9.8468e-06 6.8400e-04 ] 0.0000e+00 [ 0.0000e+00 ] 9.9931e-01
 3.717e+01 6.6737e-04 6.6737e-04 [ 1.6002e-61 4.3055e-36 8.8395e-06 6.5853e-04 ] 0.0000e+00 [ 0.0000e+00 ] 9.9933e-01
 3.729e+01 6.4160e-04 6.4160e-04 [ 7.0842e-62 2.5085e-36 7.9263e-06 6.3368e-04 ] 0.0000e+00 [ 0.0000e+00 ] 9.9936e-01
 3.740e+01 6.1654e-04 6.1654e-04 [ 3.1320e-62 1.4588e-36 7.0995e-06 6.0944e-04 ] 0.0000e+00 [ 0.0000e+00 ] 9.9938e-01
 3.751e+01 5.9218e-04 5.9218e-04 [ 1.3829e-62 8.4683e-37 6.3519e-06 5.8583e-04 ] 0.0000e+00 [ 0.0000e+00 ] 9.9941e-01
 3.763e+01 5.6852e-04 5.6852e-04 [ 6.0979e-63 4.9066e-37 5.6767e-06 5.6284e-04 ] 0.0000e+00 [ 0.0000e+00 ] 9.9943e-01
 3.774e+01 5.4556e-04 5.4556e-04 [ 2.6855e-63 2.8376e-37 5.0677e-06 5.4049e-04 ] 0.0000e+00 [ 0.0000e+00 ] 9.9945e-01
 3.785e+01 5.2329e-04 5.2329e-04 [ 1.1812e-63 1.6380e-37 4.5192e-06 5.1877e-04 ] 0.0000e+00 [ 0.0000e+00 ] 9.9948e-01
 3.797e+01 5.0170e-04 5.0170e-04 [ 5.1890e-64 9.4375e-38 4.0256e-06 4.9767e-04 ] 0.0000e+00 [ 0.0000e+00 ] 9.9950e-01
 3.808e+01 4.8079e-04 4.8079e-04 [ 2.2767e-64 5.4273e-38 3.5821e-06 4.7721e-04 ] 0.0000e+00 [ 0.0000e+00 ] 9.9952e-01
 3.819e+01 4.6055e-04 4.6055e-04 [ 9.9774e-65 3.1153e-38 3.1841e-06 4.5737e-04 ] 0.0000e+00 [ 0.0000e+00 ] 9.9954e-01
 3.831e+01 4.4097e-04 4.4097e-04 [ 4.3672e-65 1.7848e-38 2.8273e-06 4.3814e-04 ] 0.0000e+00 [ 0.0000e+00 ] 9.9956e-01
 3.842e+01 4.2204e-04 4.2204e-04 [ 1.9093e-65 1.0206e-38 2.5078e-06 4.1953e-04 ] 0.0000e+00 [ 0.0000e+00 ] 9.9958e-01
 3.853e+01 4.0374e-04 4.0374e-04 [ 8.3379e-66 5.8252e-39 2.2222e-06 4.0152e-04 ] 0.0000e+00 [ 0.0000e+00 ] 9.9960e-01
 3.865e+01 3.8608e-04 3.8608e-04 [ 3.6369e-66 3.3185e-39 1.9670e-06 3.8411e-04 ] 0.0000e+00 [ 0.0000e+00 ] 9.9961e-01
 3.876e+01 3.6903e-04 3.6903e-04 [ 1.5846e-66 1.8868e-39 1.7393e-06 3.6729e-04 ] 0.0000e+00 [ 0.0000e+00 ] 9.9963e-01
 3.887e+01 3.5259e-04 3.5259e-04 [ 6.8962e-67 1.0708e-39 1.5364e-06 3.5105e-04 ] 0.0000e+00 [ 0.0000e+00 ] 9.9965e-01
 3.899e+01 3.3673e-04 3.3673e-04 [ 2.9980e-67 6.0654e-40 1.3558e-06 3.3538e-04 ] 0.0000e+00 [ 0.0000e+00 ] 9.9966e-01
 3.910e+01 3.2146e-04 3.2146e-04 [ 1.3019e-67 3.4292e-40 1.1952e-06 3.2027e-04 ] 0.0000e+00 [ 0.0000e+00 ] 9.9968e-01
 3.921e+01 3.0676e-04 3.0676e-04 [ 5.6476e-68 1.9350e-40 1.0525e-06 3.0570e-04 ] 0.0000e+00 [ 0.0000e+00 ] 9.9969e-01
 3.933e+01 2.9260e-04 2.9260e-04 [ 2.4473e-68 1.0898e-40 9.2599e-07 2.9168e-04 ] 0.0000e+00 [ 0.0000e+00 ] 9.9971e-01
 3.944e+01 2.7899e-04 2.7899e-04 [ 1.0594e-68 6.1266e-41 8.1385e-07 2.7817e-04 ] 0.0000e+00 [ 0.0000e+00 ] 9.9972e-01
 3.955e+01 2.6590e-04 2.6590e-04 [ 4.5811e-69 3.4375e-41 7.1459e-07 2.6518e-04 ] 0.0000e+00 [ 0.0000e+00 ] 9.9973e-01
 3.967e+01 2.5332e-04 2.5332e-04 [ 1.9790e-69 1.9251e-41 6.2682e-07 2.5269e-04 ] 0.0000e+00 [ 0.0000e+00 ] 9.9975e-01
 3.978e+01 2.4124e-04 2.4124e-04 [ 8.5406e-70 1.0761e-41 5.4930e-07 2.4069e-04 ] 0.0000e+00 [ 0.0000e+00 ] 9.9976e-01
 3.989e+01 2.2964e-04 2.2964e-04 [ 3.6821e-70 6.0036e-42 4.8089e-07 2.2916e-04 ] 0.0000e+00 [ 0.0000e+00 ] 9.9977e-01
 4.001e+01 2.1852e-04 2.1852e-04 [ 1.5859e-70 3.3432e-42 4.2060e-07 2.1810e-04 ] 0.0000e+00 [ 0.0000e+00 ] 9.9978e-01
 4.012e+01 2.0785e-04 2.0785e-04 [ 6.8240e-71 1.8582e-42 3.6751e-07 2.0748e-04 ] 0.0000e+00 [ 0.0000e+00 ] 9.9979e-01
 4.023e+01 1.9763e-04 1.9763e-04 [ 2.9335e-71 1.0309e-42 3.2082e-07 1.9731e-04 ] 0.0000e+00 [ 0.0000e+00 ] 9.9980e-01
 4.035e+01 1.8783e-04 1.8783e-04 [ 1.2599e-71 5.7088e-43 2.7980e-07 1.8755e-04 ] 0.0000e+00 [ 0.0000e+00 ] 9.9981e-01
 4.046e+01 1.7845e-04 1.7845e-04 [ 5.4058e-72 3.1554e-43 2.4379e-07 1.7821e-04 ] 0.0000e+00 [ 0.0000e+00 ] 9.9982e-01
 4.057e+01 1.6947e-04 1.6947e-04 [ 2.3174e-72 1.7409e-43 2.1221e-07 1.6926e-04 ] 0.0000e+00 [ 0.0000e+00 ] 9.9983e-01
 4.069e+01 1.6088e-04 1.6088e-04 [ 9.9251e-73 9.5868e-44 1.8456e-07 1.6070e-04 ] 0.0000e+00 [ 0.0000e+00 ] 9.9984e-01
 4.080e+01 1.5267e-04 1.5267e-04 [ 4.2470e-73 5.2697e-44 1.6036e-07 1.5251e-04 ] 0.0000e+00 [ 0.0000e+00 ] 9.9985e-01
 4.091e+01 1.4482e-04 1.4482e-04 [ 1.8157e-73 2.8914e-44 1.3920e-07 1.4468e-04 ] 0.0000e+00 [ 0.0000e+00 ] 9.9986e-01
 4.103e+01 1.3732e-04 1.3732e-04 [ 7.7560e-74 1.5835e-44 1.2072e-07 1.3720e-04 ] 0.0000e+00 [ 0.0000e+00 ] 9.9986e-01
 4.114e+01 1.3016e-04 1.3016e-04 [ 3.3102e-74 8.6570e-45 1.0461e-07 1.3006e-04 ] 0.0000e+00 [ 0.0000e+00 ] 9.9987e-01
 4.125e+01 1.2333e-04 1.2333e-04 [ 1.4115e-74 4.7242e-45 9.0557e-08 1.2324e-04 ] 0.0000e+00 [ 0.0000e+00 ] 9.9988e-01
 4.137e+01 1.1681e-04 1.1681e-04 [ 6.0141e-75 2.5734e-45 7.8324e-08 1.1673e-04 ] 0.0000e+00 [ 0.0000e+00 ] 9.9988e-01
 4.148e+01 1.1059e-04 1.1059e-04 [ 2.5603e-75 1.3993e-45 6.7682e-08 1.1052e-04 ] 0.0000e+00 [ 0.0000e+00 ] 9.9989e-01
 4.159e+01 1.0467e-04 1.0467e-04 [ 1.0890e-75 7.5953e-46 5.8434e-08 1.0461e-04 ] 0.0000e+00 [ 0.0000e+00 ] 9.9990e-01
 4.171e+01 9.9021e-05 9.9021e-05 [ 4.6286e-76 4.1154e-46 5.0405e-08 9.8970e-05 ] 0.0000e+00 [ 0.0000e+00 ] 9.9990e-01
 4.182e+01 9.3644e-05 9.3644e-05 [ 1.9657e-76 2.2260e-46 4.3441e-08 9.3601e-05 ] 0.0000e+00 [ 0.0000e+00 ] 9.9991e-01
 4.193e+01 8.8526e-05 8.8526e-05 [ 8.3412e-77 1.2019e-46 3.7406e-08 8.8489e-05 ] 0.0000e+00 [ 0.0000e+00 ] 9.9991e-01
 4.205e+01 8.3656e-05 8.3656e-05 [ 3.5367e-77 6.4785e-47 3.2181e-08 8.3624e-05 ] 0.0000e+00 [ 0.0000e+00 ] 9.9992e-01
 4.216e+01 7.9025e-05 7.9025e-05 [ 1.4985e-77 3.4860e-47 2.7662e-08 7.8997e-05 ] 0.0000e+00 [ 0.0000e+00 ] 9.9992e-01
 4.227e+01 7.4622e-05 7.4622e-05 [ 6.3439e-78 1.8726e-47 2.3757e-08 7.4598e-05 ] 0.0000e+00 [ 0.0000e+00 ] 9.9993e-01
 4.239e+01 7.0438e-05 7.0438e-05 [ 2.6837e-78 1.0042e-47 2.0385e-08 7.0417e-05 ] 0.0000e+00 [ 0.0000e+00 ] 9.9993e-01
 4.250e+01 6.6464e-05 6.6464e-05 [ 1.1345e-78 5.3758e-48 1.7477e-08 6.6446e-05 ] 0.0000e+00 [ 0.0000e+00 ] 9.9993e-01
 4.261e+01 6.2690e-05 6.2690e-05 [ 4.7923e-79 2.8731e-48 1.4971e-08 6.2675e-05 ] 0.0000e+00 [ 0.0000e+00 ] 9.9994e-01
 4.273e+01 5.9109e-05 5.9109e-05 [ 2.0229e-79 1.5330e-48 1.2813e-08 5.9096e-05 ] 0.0000e+00 [ 0.0000e+00 ] 9.9994e-01
 4.284e+01 5.5712e-05 5.5712e-05 [ 8.5326e-80 8.1661e-49 1.0957e-08 5.5701e-05 ] 0.0000e+00 [ 0.0000e+00 ] 9.9994e-01
 4.295e+01 5.2491e-05 5.2491e-05 [ 3.5966e-80 4.3428e-49 9.3622e-09 5.2481e-05 ] 0.0000e+00 [ 0.0000e+00 ] 9.9995e-01
 4.307e+01 4.9437e-05 4.9437e-05 [ 1.5149e-80 2.3058e-49 7.9926e-09 4.9429e-05 ] 0.0000e+00 [ 0.0000e+00 ] 9.9995e-01
 4.318e+01 4.6544e-05 4.6544e-05 [ 6.3767e-81 1.2223e-49 6.8176e-09 4.6537e-05 ] 0.0000e+00 [ 0.0000e+00 ] 9.9995e-01
 4.329e+01 4.3804e-05 4.3804e-05 [ 2.6823e-81 6.4687e-50 5.8105e-09 4.3798e-05 ] 0.0000e+00 [ 0.0000e+00 ] 9.9996e-01
 4.341e+01 4.1210e-05 4.1210e-05 [ 1.1275e-81 3.4180e-50 4.9481e-09 4.1205e-05 ] 0.0000e+00 [ 0.0000e+00 ] 9.9996e-01
 4.352e+01 3.8756e-05 3.8756e-05 [ 4.7363e-82 1.8032e-50 4.2102e-09 3.8752e-05 ] 0.0000e+00 [ 0.0000e+00 ] 9.9996e-01
 4.363e+01 3.6434e-05 3.6434e-05 [ 1.9883e-82 9.4981e-51 3.5794e-09 3.6431e-05 ] 0.0000e+00 [ 0.0000e+00 ] 9.9996e-01
 4.375e+01 3.4239e-05 3.4239e-05 [ 8.3413e-83 4.9952e-51 3.0405e-09 3.4236e-05 ] 0.0000e+00 [ 0.0000e+00 ] 9.9997e-01
 4.386e+01 3.2164e-05 3.2164e-05 [ 3.4971e-83 2.6230e-51 2.5807e-09 3.2162e-05 ] 0.0000e+00 [ 0.0000e+00 ] 9.9997e-01
 4.397e+01 3.0204e-05 3.0204e-05 [ 1.4652e-83 1.3752e-51 2.1887e-09 3.0202e-05 ] 0.0000e+00 [ 0.0000e+00 ] 9.9997e-01
 4.409e+01 2.8353e-05 2.8353e-05 [ 6.1353e-84 7.1991e-52 1.8547e-09 2.8351e-05 ] 0.0000e+00 [ 0.0000e+00 ] 9.9997e-01
 4.420e+01 2.6606e-05 2.6606e-05 [ 2.5674e-84 3.7630e-52 1.5704e-09 2.6604e-05 ] 0.0000e+00 [ 0.0000e+00 ] 9.9997e-01
 4.431e+01 2.4957e-05 2.4957e-05 [ 1.0737e-84 1.9640e-52 1.3286e-09 2.4956e-05 ] 0.0000e+00 [ 0.0000e+00 ] 9.9998e-01
 4.443e+01 2.3402e-05 2.3402e-05 [ 4.4875e-85 1.0236e-52 1.1231e-09 2.3401e-05 ] 0.0000e+00 [ 0.0000e+00 ] 9.9998e-01
 4.454e+01 2.1936e-05 2.1936e-05 [ 1.8744e-85 5.3264e-53 9.4865e-10 2.1935e-05 ] 0.0000e+00 [ 0.0000e+00 ] 9.9998e-01
 4.465e+01 2.0554e-05 2.0554e-05 [ 7.8249e-86 2.7677e-53 8.0065e-10 2.0553e-05 ] 0.0000e+00 [ 0.0000e+00 ] 9.9998e-01
 4.477e+01 1.9252e-05 1.9252e-05 [ 3.2646e-86 1.4361e-53 6.7521e-10 1.9251e-05 ] 0.0000e+00 [ 0.0000e+00 ] 9.9998e-01
 4.488e+01 1.8026e-05 1.8026e-05 [ 1.3612e-86 7.4406e-54 5.6898e-10 1.8026e-05 ] 0.0000e+00 [ 0.0000e+00 ] 9.9998e-01
 4.499e+01 1.6872e-05 1.6872e-05 [ 5.6726e-87 3.8496e-54 4.7907e-10 1.6872e-05 ] 0.0000e+00 [ 0.0000e+00 ] 9.9998e-01
 4.511e+01 1.5786e-05 1.5786e-05 [ 2.3626e-87 1.9889e-54 4.0306e-10 1.5786e-05 ] 0.0000e+00 [ 0.0000e+00 ] 9.9998e-01
 4.522e+01 1.4765e-05 1.4765e-05 [ 9.8344e-88 1.0261e-54 3.3884e-10 1.4765e-05 ] 0.0000e+00 [ 0.0000e+00 ] 9.9999e-01
 4.533e+01 1.3805e-05 1.3805e-05 [ 4.0914e-88 5.2868e-55 2.8463e-10 1.3804e-05 ] 0.0000e+00 [ 0.0000e+00 ] 9.9999e-01
 4.545e+01 1.2902e-05 1.2902e-05 [ 1.7012e-88 2.7200e-55 2.3891e-10 1.2902e-05 ] 0.0000e+00 [ 0.0000e+00 ] 9.9999e-01
 4.556e+01 1.2054e-05 1.2054e-05 [ 7.0697e-89 1.3975e-55 2.0038e-10 1.2054e-05 ] 0.0000e+00 [ 0.0000e+00 ] 9.9999e-01
 4.567e+01 1.1258e-05 1.1258e-05 [ 2.9364e-89 7.1708e-56 1.6793e-10 1.1258e-05 ] 0.0000e+00 [ 0.0000e+00 ] 9.9999e-01
 4.579e+01 1.0511e-05 1.0511e-05 [ 1.2190e-89 3.6744e-56 1.4063e-10 1.0510e-05 ] 0.0000e+00 [ 0.0000e+00 ] 9.9999e-01
 4.590e+01 9.8092e-06 9.8092e-06 [ 5.0577e-90 1.8803e-56 1.1767e-10 9.8091e-06 ] 0.0000e+00 [ 0.0000e+00 ] 9.9999e-01
 4.601e+01 9.1514e-06 9.1514e-06 [ 2.0974e-90 9.6090e-57 9.8391e-11 9.1513e-06 ] 0.0000e+00 [ 0.0000e+00 ] 9.9999e-01
 4.613e+01 8.5346e-06 8.5346e-06 [ 8.6935e-91 4.9042e-57 8.2205e-11 8.5345e-06 ] 0.0000e+00 [ 0.0000e+00 ] 9.9999e-01
 4.624e+01 7.9564e-06 7.9564e-06 [ 3.6015e-91 2.4997e-57 6.8630e-11 7.9564e-06 ] 0.0000e+00 [ 0.0000e+00 ] 9.9999e-01
 4.635e+01 7.4148e-06 7.4148e-06 [ 1.4912e-91 1.2725e-57 5.7253e-11 7.4147e-06 ] 0.0000e+00 [ 0.0000e+00 ] 9.9999e-01
 4.647e+01 6.9076e-06 6.9076e-06 [ 6.1716e-92 6.4694e-58 4.7725e-11 6.9075e-06 ] 0.0000e+00 [ 0.0000e+00 ] 9.9999e-01
 4.658e+01 6.4327e-06 6.4327e-06 [ 2.5529e-92 3.2849e-58 3.9754e-11 6.4326e-06 ] 0.0000e+00 [ 0.0000e+00 ] 9.9999e-01
 4.669e+01 5.9883e-06 5.9883e-06 [ 1.0555e-92 1.6658e-58 3.3088e-11 5.9883e-06 ] 0.0000e+00 [ 0.0000e+00 ] 9.9999e-01
 4.681e+01 5.5726e-06 5.5726e-06 [ 4.3620e-93 8.4371e-59 2.7520e-11 5.5726e-06 ] 0.0000e+00 [ 0.0000e+00 ] 9.9999e-01
 4.692e+01 5.1839e-06 5.1839e-06 [ 1.8017e-93 4.2680e-59 2.2872e-11 5.1839e-06 ] 0.0000e+00 [ 0.0000e+00 ] 9.9999e-01
 4.703e+01 4.8206e-06 4.8206e-06 [ 7.4387e-94 2.1564e-59 1.8994e-11 4.8206e-06 ] 0.0000e+00 [ 0.0000e+00 ] 1.0000e+00
 4.715e+01 4.4812e-06 4.4812e-06 [ 3.0697e-94 1.0881e-59 1.5763e-11 4.4811e-06 ] 0.0000e+00 [ 0.0000e+00 ] 1.0000e+00
 4.726e+01 4.1641e-06 4.1641e-06 [ 1.2662e-94 5.4844e-60 1.3071e-11 4.1641e-06 ] 0.0000e+00 [ 0.0000e+00 ] 1.0000e+00
 4.737e+01 3.8681e-06 3.8681e-06 [ 5.2204e-95 2.7609e-60 1.0831e-11 3.8681e-06 ] 0.0000e+00 [ 0.0000e+00 ] 1.0000e+00
 4.749e+01 3.5918e-06 3.5918e-06 [ 2.1513e-95 1.3882e-60 8.9681e-12 3.5918e-06 ] 0.0000e+00 [ 0.0000e+00 ] 1.0000e+00
 4.760e+01 3.3341e-06 3.3341e-06 [ 8.8617e-96 6.9720e-61 7.4202e-12 3.3341e-06 ] 0.0000e+00 [ 0.0000e+00 ] 1.0000e+00
 4.771e+01 3.0938e-06 3.0938e-06 [ 3.6487e-96 3.4974e-61 6.1350e-12 3.0938e-06 ] 0.0000e+00 [ 0.0000e+00 ] 1.0000e+00
 4.783e+01 2.8697e-06 2.8697e-06 [ 1.5016e-96 1.7524e-61 5.0687e-12 2.8697e-06 ] 0.0000e+00 [ 0.0000e+00 ] 1.0000e+00
 4.794e+01 2.6610e-06 2.6610e-06 [ 6.1773e-97 8.7703e-62 4.1846e-12 2.6610e-06 ] 0.0000e+00 [ 0.0000e+00 ] 1.0000e+00
 4.805e+01 2.4665e-06 2.4665e-06 [ 2.5401e-97 4.3844e-62 3.4523e-12 2.4665e-06 ] 0.0000e+00 [ 0.0000e+00 ] 1.0000e+00
 4.817e+01 2.2854e-06 2.2854e-06 [ 1.0440e-97 2.1893e-62 2.8460e-12 2.2854e-06 ] 0.0000e+00 [ 0.0000e+00 ] 1.0000e+00
 4.828e+01 2.1169e-06 2.1169e-06 [ 4.2893e-98 1.0920e-62 2.3445e-12 2.1169e-06 ] 0.0000e+00 [ 0.0000e+00 ] 1.0000e+00
 4.839e+01 1.9601e-06 1.9601e-06 [ 1.7615e-98 5.4407e-63 1.9300e-12 1.9601e-06 ] 0.0000e+00 [ 0.0000e+00 ] 1.0000e+00
 4.851e+01 1.8143e-06 1.8143e-06 [ 7.2310e-99 2.7078e-63 1.5876e-12 1.8143e-06 ] 0.0000e+00 [ 0.0000e+00 ] 1.0000e+00
 4.862e+01 1.6787e-06 1.6787e-06 [ 2.9671e-99 1.3461e-63 1.3050e-12 1.6787e-06 ] 0.0000e+00 [ 0.0000e+00 ] 1.0000e+00
 4.873e+01 1.5527e-06 1.5527e-06 [ 1.2170e-99 6.6850e-64 1.0719e-12 1.5527e-06 ] 0.0000e+00 [ 0.0000e+00 ] 1.0000e+00
 4.885e+01 1.4356e-06 1.4356e-06 [ 4.9897e-100 3.3162e-64 8.7988e-13 1.4356e-06 ] 0.0000e+00 [ 0.0000e+00 ] 1.0000e+00
 4.896e+01 1.3269e-06 1.3269e-06 [ 2.0450e-100 1.6433e-64 7.2171e-13 1.3269e-06 ] 0.0000e+00 [ 0.0000e+00 ] 1.0000e+00
 4.907e+01 1.2260e-06 1.2260e-06 [ 8.3777e-101 8.1346e-65 5.9155e-13 1.2260e-06 ] 0.0000e+00 [ 0.0000e+00 ] 1.0000e+00
 4.919e+01 1.1324e-06 1.1324e-06 [ 3.4308e-101 4.0225e-65 4.8452e-13 1.1324e-06 ] 0.0000e+00 [ 0.0000e+00 ] 1.0000e+00
 4.930e+01 1.0455e-06 1.0455e-06 [ 1.4044e-101 1.9871e-65 3.9658e-13 1.0455e-06 ] 0.0000e+00 [ 0.0000e+00 ] 1.0000e+00
 4.941e+01 9.6496e-07 9.6496e-07 [ 5.7466e-102 9.8056e-66 3.2436e-13 9.6496e-07 ] 0.0000e+00 [ 0.0000e+00 ] 1.0000e+00
 4.953e+01 8.9031e-07 8.9031e-07 [ 2.3506e-102 4.8339e-66 2.6511e-13 8.9030e-07 ] 0.0000e+00 [ 0.0000e+00 ] 1.0000e+00
 4.964e+01 8.2114e-07 8.2114e-07 [ 9.6111e-103 2.3805e-66 2.1653e-13 8.2114e-07 ] 0.0000e+00 [ 0.0000e+00 ] 1.0000e+00
 4.975e+01 7.5707e-07 7.5707e-07 [ 3.9283e-103 1.1711e-66 1.7673e-13 7.5707e-07 ] 0.0000e+00 [ 0.0000e+00 ] 1.0000e+00
 4.987e+01 6.9776e-07 6.9776e-07 [ 1.6050e-103 5.7559e-67 1.4414e-13 6.9776e-07 ] 0.0000e+00 [ 0.0000e+00 ] 1.0000e+00
 4.998e+01 6.4286e-07 6.4286e-07 [ 6.5552e-104 2.8261e-67 1.1748e-13 6.4286e-07 ] 0.0000e+00 [ 0.0000e+00 ] 1.0000e+00
 5.009e+01 5.9208e-07 5.9208e-07 [ 2.6763e-104 1.3862e-67 9.5683e-14 5.9208e-07 ] 0.0000e+00 [ 0.0000e+00 ] 1.0000e+00
 5.021e+01 5.4511e-07 5.4511e-07 [ 1.0923e-104 6.7930e-68 7.7876e-14 5.4511e-07 ] 0.0000e+00 [ 0.0000e+00 ] 1.0000e+00
 5.032e+01 5.0169e-07 5.0169e-07 [ 4.4561e-105 3.3255e-68 6.3338e-14 5.0169e-07 ] 0.0000e+00 [ 0.0000e+00 ] 1.0000e+00
 5.043e+01 4.6157e-07 4.6157e-07 [ 1.8173e-105 1.6265e-68 5.1479e-14 4.6157e-07 ] 0.0000e+00 [ 0.0000e+00 ] 1.0000e+00
 5.055e+01 4.2450e-07 4.2450e-07 [ 7.4090e-106 7.9473e-69 4.1811e-14 4.2450e-07 ] 0.0000e+00 [ 0.0000e+00 ] 1.0000e+00
 5.066e+01 3.9027e-07 3.9027e-07 [ 3.0195e-106 3.8795e-69 3.3935e-14 3.9027e-07 ] 0.0000e+00 [ 0.0000e+00 ] 1.0000e+00
 5.077e+01 3.5868e-07 3.5868e-07 [ 1.2301e-106 1.8920e-69 2.7524e-14 3.5868e-07 ] 0.0000e+00 [ 0.0000e+00 ] 1.0000e+00
 5.089e+01 3.2953e-07 3.2953e-07 [ 5.0098e-107 9.2189e-70 2.2309e-14 3.2953e-07 ] 0.0000e+00 [ 0.0000e+00 ] 1.0000e+00
 5.100e+01 3.0264e-07 3.0264e-07 [ 2.0396e-107 4.4877e-70 1.8069e-14 3.0264e-07 ] 0.0000e+00 [ 0.0000e+00 ] 1.0000e+00
 5.111e+01 2.7784e-07 2.7784e-07 [ 8.3005e-108 2.1826e-70 1.4625e-14 2.7784e-07 ] 0.0000e+00 [ 0.0000e+00 ] 1.0000e+00
 5.123e+01 2.5499e-07 2.5499e-07 [ 3.3770e-108 1.0605e-70 1.1829e-14 2.5499e-07 ] 0.0000e+00 [ 0.0000e+00 ] 1.0000e+00
 5.134e+01 2.3393e-07 2.3393e-07 [ 1.3734e-108 5.1486e-71 9.5615e-15 2.3393e-07 ] 0.0000e+00 [ 0.0000e+00 ] 1.0000e+00
 5.145e+01 2.1454e-07 2.1454e-07 [ 5.5838e-109 2.4972e-71 7.7232e-15 2.1454e-07 ] 0.0000e+00 [ 0.0000e+00 ] 1.0000e+00
 5.157e+01 1.9668e-07 1.9668e-07 [ 2.2694e-109 1.2102e-71 6.2340e-15 1.9668e-07 ] 0.0000e+00 [ 0.0000e+00 ] 1.0000e+00
 5.168e+01 1.8025e-07 1.8025e-07 [ 9.2206e-110 5.8593e-72 5.0286e-15 1.8025e-07 ] 0.0000e+00 [ 0.0000e+00 ] 1.0000e+00
 5.179e+01 1.6514e-07 1.6514e-07 [ 3.7451e-110 2.8344e-72 4.0535e-15 1.6514e-07 ] 0.0000e+00 [ 0.0000e+00 ] 1.0000e+00
 5.191e+01 1.5123e-07 1.5123e-07 [ 1.5206e-110 1.3700e-72 3.2652e-15 1.5123e-07 ] 0.0000e+00 [ 0.0000e+00 ] 1.0000e+00
 5.202e+01 1.3845e-07 1.3845e-07 [ 6.1722e-111 6.6157e-73 2.6285e-15 1.3845e-07 ] 0.0000e+00 [ 0.0000e+00 ] 1.0000e+00
 5.213e+01 1.2671e-07 1.2671e-07 [ 2.5045e-111 3.1920e-73 2.1145e-15 1.2671e-07 ] 0.0000e+00 [ 0.0000e+00 ] 1.0000e+00
 5.225e+01 1.1592e-07 1.1592e-07 [ 1.0159e-111 1.5388e-73 1.6998e-15 1.1592e-07 ] 0.0000e+00 [ 0.0000e+00 ] 1.0000e+00
 5.236e+01 1.0601e-07 1.0601e-07 [ 4.1197e-112 7.4123e-74 1.3656e-15 1.0601e-07 ] 0.0000e+00 [ 0.0000e+00 ] 1.0000e+00
 5.247e+01 9.6912e-08 9.6912e-08 [ 1.6701e-112 3.5674e-74 1.0963e-15 9.6912e-08 ] 0.0000e+00 [ 0.0000e+00 ] 1.0000e+00
 5.259e+01 8.8566e-08 8.8566e-08 [ 6.7681e-113 1.7155e-74 8.7957e-16 8.8566e-08 ] 0.0000e+00 [ 0.0000e+00 ] 1.0000e+00
 5.270e+01 8.0911e-08 8.0911e-08 [ 2.7420e-113 8.2424e-75 7.0519e-16 8.0911e-08 ] 0.0000e+00 [ 0.0000e+00 ] 1.0000e+00
 5.281e+01 7.3891e-08 7.3891e-08 [ 1.1105e-113 3.9571e-75 5.6500e-16 7.3891e-08 ] 0.0000e+00 [ 0.0000e+00 ] 1.0000e+00
 5.293e+01 6.7456e-08 6.7456e-08 [ 4.4964e-114 1.8982e-75 4.5238e-16 6.7456e-08 ] 0.0000e+00 [ 0.0000e+00 ] 1.0000e+00
 5.304e+01 6.1560e-08 6.1560e-08 [ 1.8200e-114 9.0981e-76 3.6197e-16 6.1560e-08 ] 0.0000e+00 [ 0.0000e+00 ] 1.0000e+00
 5.315e+01 5.6160e-08 5.6160e-08 [ 7.3645e-115 4.3573e-76 2.8943e-16 5.6160e-08 ] 0.0000e+00 [ 0.0000e+00 ] 1.0000e+00
 5.327e+01 5.1216e-08 5.1216e-08 [ 2.9791e-115 2.0851e-76 2.3127e-16 5.1216e-08 ] 0.0000e+00 [ 0.0000e+00 ] 1.0000e+00
 5.338e+01 4.6690e-08 4.6690e-08 [ 1.2047e-115 9.9704e-77 1.8468e-16 4.6690e-08 ] 0.0000e+00 [ 0.0000e+00 ] 1.0000e+00
 5.349e+01 4.2550e-08 4.2550e-08 [ 4.8705e-116 4.7637e-77 1.4738e-16 4.2550e-08 ] 0.0000e+00 [ 0.0000e+00 ] 1.0000e+00
 5.361e+01 3.8763e-08 3.8763e-08 [ 1.9685e-116 2.2743e-77 1.1753e-16 3.8763e-08 ] 0.0000e+00 [ 0.0000e+00 ] 1.0000e+00
 5.372e+01 3.5301e-08 3.5301e-08 [ 7.9536e-117 1.0849e-77 9.3667e-17 3.5301e-08 ] 0.0000e+00 [ 0.0000e+00 ] 1.0000e+00
 5.383e+01 3.2137e-08 3.2137e-08 [ 3.2127e-117 5.1716e-78 7.4599e-17 3.2137e-08 ] 0.0000e+00 [ 0.0000e+00 ] 1.0000e+00
 5.395e+01 2.9246e-08 2.9246e-08 [ 1.2973e-117 2.4633e-78 5.9374e-17 2.9246e-08 ] 0.0000e+00 [ 0.0000e+00 ] 1.0000e+00
 5.406e+01 2.6606e-08 2.6606e-08 [ 5.2372e-118 1.1724e-78 4.7225e-17 2.6606e-08 ] 0.0000e+00 [ 0.0000e+00 ] 1.0000e+00
 5.417e+01 2.4196e-08 2.4196e-08 [ 2.1136e-118 5.5759e-79 3.7537e-17 2.4196e-08 ] 0.0000e+00 [ 0.0000e+00 ] 1.0000e+00
 5.429e+01 2.1996e-08 2.1996e-08 [ 8.5278e-119 2.6499e-79 2.9817e-17 2.1996e-08 ] 0.0000e+00 [ 0.0000e+00 ] 1.0000e+00
 5.440e+01 1.9990e-08 1.9990e-08 [ 3.4397e-119 1.2584e-79 2.3669e-17 1.9990e-08 ] 0.0000e+00 [ 0.0000e+00 ] 1.0000e+00
 5.451e+01 1.8160e-08 1.8160e-08 [ 1.3870e-119 5.9714e-80 1.8776e-17 1.8160e-08 ] 0.0000e+00 [ 0.0000e+00 ] 1.0000e+00
 5.463e+01 1.6492e-08 1.6492e-08 [ 5.5915e-120 2.8316e-80 1.4885e-17 1.6492e-08 ] 0.0000e+00 [ 0.0000e+00 ] 1.0000e+00
 5.474e+01 1.4972e-08 1.4972e-08 [ 2.2535e-120 1.3417e-80 1.1793e-17 1.4972e-08 ] 0.0000e+00 [ 0.0000e+00 ] 1.0000e+00
 5.485e+01 1.3587e-08 1.3587e-08 [ 9.0793e-121 6.3530e-81 9.3370e-18 1.3587e-08 ] 0.0000e+00 [ 0.0000e+00 ] 1.0000e+00
 5.497e+01 1.2326e-08 1.2326e-08 [ 3.6571e-121 3.0060e-81 7.3877e-18 1.2326e-08 ] 0.0000e+00 [ 0.0000e+00 ] 1.0000e+00
 5.508e+01 1.1178e-08 1.1178e-08 [ 1.4727e-121 1.4213e-81 5.8415e-18 1.1178e-08 ] 0.0000e+00 [ 0.0000e+00 ] 1.0000e+00
 5.519e+01 1.0134e-08 1.0134e-08 [ 5.9286e-122 6.7153e-82 4.6159e-18 1.0134e-08 ] 0.0000e+00 [ 0.0000e+00 ] 1.0000e+00
 5.531e+01 9.1839e-09 9.1839e-09 [ 2.3861e-122 3.1706e-82 3.6451e-18 9.1839e-09 ] 0.0000e+00 [ 0.0000e+00 ] 1.0000e+00
 5.542e+01 8.3201e-09 8.3201e-09 [ 9.6006e-123 1.4960e-82 2.8766e-18 8.3201e-09 ] 0.0000e+00 [ 0.0000e+00 ] 1.0000e+00
 5.553e+01 7.5348e-09 7.5348e-09 [ 3.8619e-123 7.0534e-83 2.2687e-18 7.5348e-09 ] 0.0000e+00 [ 0.0000e+00 ] 1.0000e+00
 5.565e+01 6.8214e-09 6.8214e-09 [ 1.5530e-123 3.3234e-83 1.7881e-18 6.8214e-09 ] 0.0000e+00 [ 0.0000e+00 ] 1.0000e+00
 5.576e+01 6.1733e-09 6.1733e-09 [ 6.2439e-124 1.5648e-83 1.4084e-18 6.1733e-09 ] 0.0000e+00 [ 0.0000e+00 ] 1.0000e+00
 5.587e+01 5.5849e-09 5.5849e-09 [ 2.5096e-124 7.3627e-84 1.1086e-18 5.5849e-09 ] 0.0000e+00 [ 0.0000e+00 ] 1.0000e+00
 5.599e+01 5.0508e-09 5.0508e-09 [ 1.0085e-124 3.4620e-84 8.7204e-19 5.0508e-09 ] 0.0000e+00 [ 0.0000e+00 ] 1.0000e+00
 5.610e+01 4.5662e-09 4.5662e-09 [ 4.0512e-125 1.6267e-84 6.8553e-19 4.5662e-09 ] 0.0000e+00 [ 0.0000e+00 ] 1.0000e+00
 5.621e+01 4.1266e-09 4.1266e-09 [ 1.6271e-125 7.6387e-85 5.3857e-19 4.1266e-09 ] 0.0000e+00 [ 0.0000e+00 ] 1.0000e+00
 5.633e+01 3.7281e-09 3.7281e-09 [ 6.5330e-126 3.5846e-85 4.2284e-19 3.7281e-09 ] 0.0000e+00 [ 0.0000e+00 ] 1.0000e+00
 5.644e+01 3.3669e-09 3.3669e-09 [ 2.6225e-126 1.6810e-85 3.3177e-19 3.3669e-09 ] 0.0000e+00 [ 0.0000e+00 ] 1.0000e+00
 5.655e+01 3.0397e-09 3.0397e-09 [ 1.0524e-126 7.8778e-86 2.6014e-19 3.0397e-09 ] 0.0000e+00 [ 0.0000e+00 ] 1.0000e+00
 5.667e+01 2.7433e-09 2.7433e-09 [ 4.2225e-127 3.6895e-86 2.0385e-19 2.7433e-09 ] 0.0000e+00 [ 0.0000e+00 ] 1.0000e+00
 5.678e+01 2.4749e-09 2.4749e-09 [ 1.6937e-127 1.7268e-86 1.5964e-19 2.4749e-09 ] 0.0000e+00 [ 0.0000e+00 ] 1.0000e+00
 5.689e+01 2.2321e-09 2.2321e-09 [ 6.7920e-128 8.0769e-87 1.2493e-19 2.2321e-09 ] 0.0000e+00 [ 0.0000e+00 ] 1.0000e+00
 5.701e+01 2.0123e-09 2.0123e-09 [ 2.7230e-128 3.7754e-87 9.7713e-20 2.0123e-09 ] 0.0000e+00 [ 0.0000e+00 ] 1.0000e+00
 5.712e+01 1.8136e-09 1.8136e-09 [ 1.0914e-128 1.7636e-87 7.6374e-20 1.8136e-09 ] 0.0000e+00 [ 0.0000e+00 ] 1.0000e+00
 5.723e+01 1.6339e-09 1.6339e-09 [ 4.3734e-129 8.2333e-88 5.9658e-20 1.6339e-09 ] 0.0000e+00 [ 0.0000e+00 ] 1.0000e+00
 5.735e+01 1.4716e-09 1.4716e-09 [ 1.7521e-129 3.8412e-88 4.6570e-20 1.4716e-09 ] 0.0000e+00 [ 0.0000e+00 ] 1.0000e+00
 5.746e+01 1.3249e-09 1.3249e-09 [ 7.0173e-130 1.7910e-88 3.6331e-20 1.3249e-09 ] 0.0000e+00 [ 0.0000e+00 ] 1.0000e+00
 5.757e+01 1.1924e-09 1.1924e-09 [ 2.8099e-130 8.3454e-89 2.8325e-20 1.1924e-09 ] 0.0000e+00 [ 0.0000e+00 ] 1.0000e+00
 5.769e+01 1.0728e-09 1.0728e-09 [ 1.1248e-130 3.8863e-89 2.2069e-20 1.0728e-09 ] 0.0000e+00 [ 0.0000e+00 ] 1.0000e+00
 5.780e+01 9.6486e-10 9.6486e-10 [ 4.5019e-131 1.8086e-89 1.7184e-20 9.6486e-10 ] 0.0000e+00 [ 0.0000e+00 ] 1.0000e+00
 5.791e+01 8.6748e-10 8.6748e-10 [ 1.8013e-131 8.4121e-90 1.3372e-20 8.6748e-10 ] 0.0000e+00 [ 0.0000e+00 ] 1.0000e+00
 5.803e+01 7.7967e-10 7.7967e-10 [ 7.2060e-132 3.9101e-90 1.0399e-20 7.7967e-10 ] 0.0000e+00 [ 0.0000e+00 ] 1.0000e+00
 5.814e+01 7.0050e-10 7.0050e-10 [ 2.8819e-132 1.8164e-90 8.0822e-21 7.0050e-10 ] 0.0000e+00 [ 0.0000e+00 ] 1.0000e+00
 5.825e+01 6.2915e-10 6.2915e-10 [ 1.1523e-132 8.4331e-91 6.2774e-21 6.2915e-10 ] 0.0000e+00 [ 0.0000e+00 ] 1.0000e+00
 5.837e+01 5.6488e-10 5.6488e-10 [ 4.6064e-133 3.9129e-91 4.8726e-21 5.6488e-10 ] 0.0000e+00 [ 0.0000e+00 ] 1.0000e+00
 5.848e+01 5.0700e-10 5.0700e-10 [ 1.8409e-133 1.8144e-91 3.7798e-21 5.0700e-10 ] 0.0000e+00 [ 0.0000e+00 ] 1.0000e+00
 5.859e+01 4.5489e-10 4.5489e-10 [ 7.3556e-134 8.4088e-92 2.9302e-21 4.5489e-10 ] 0.0000e+00 [ 0.0000e+00 ] 1.0000e+00
 5.871e+01 4.0800e-10 4.0800e-10 [ 2.9383e-134 3.8947e-92 2.2702e-21 4.0800e-10 ] 0.0000e+00 [ 0.0000e+00 ] 1.0000e+00
 5.882e+01 3.6582e-10 3.6582e-10 [ 1.1735e-134 1.8029e-92 1.7577e-21 3.6582e-10 ] 0.0000e+00 [ 0.0000e+00 ] 1.0000e+00
 5.893e+01 3.2789e-10 3.2789e-10 [ 4.6854e-135 8.3405e-93 1.3601e-21 3.2789e-10 ] 0.0000e+00 [ 0.0000e+00 ] 1.0000e+00
 5.905e+01 2.9379e-10 2.9379e-10 [ 1.8704e-135 3.8563e-93 1.0518e-21 2.9379e-10 ] 0.0000e+00 [ 0.0000e+00 ] 1.0000e+00
 5.916e+01 2.6314e-10 2.6314e-10 [ 7.4644e-136 1.7820e-93 8.1283e-22 2.6314e-10 ] 0.0000e+00 [ 0.0000e+00 ] 1.0000e+00
 5.927e+01 2.3561e-10 2.3561e-10 [ 2.9783e-136 8.2298e-94 6.2778e-22 2.3561e-10 ] 0.0000e+00 [ 0.0000e+00 ] 1.0000e+00
 5.939e+01 2.1089e-10 2.1089e-10 [ 1.1881e-136 3.7987e-94 4.8456e-22 2.1089e-10 ] 0.0000e+00 [ 0.0000e+00 ] 1.0000e+00
 5.950e+01 1.8870e-10 1.8870e-10 [ 4.7383e-137 1.7524e-94 3.7378e-22 1.8870e-10 ] 0.0000e+00 [ 0.0000e+00 ] 1.0000e+00
 5.961e+01 1.6879e-10 1.6879e-10 [ 1.8893e-137 8.0792e-95 2.8815e-22 1.6879e-10 ] 0.0000e+00 [ 0.0000e+00 ] 1.0000e+00
 5.973e+01 1.5092e-10 1.5092e-10 [ 7.5313e-138 3.7229e-95 2.2200e-22 1.5092e-10 ] 0.0000e+00 [ 0.0000e+00 ] 1.0000e+00
 5.984e+01 1.3490e-10 1.3490e-10 [ 3.0016e-138 1.7145e-95 1.7093e-22 1.3490e-10 ] 0.0000e+00 [ 0.0000e+00 ] 1.0000e+00
 5.995e+01 1.2054e-10 1.2054e-10 [ 1.1960e-138 7.8916e-96 1.3152e-22 1.2054e-10 ] 0.0000e+00 [ 0.0000e+00 ] 1.0000e+00
 6.007e+01 1.0767e-10 1.0767e-10 [ 4.7644e-139 3.6303e-96 1.0114e-22 1.0767e-10 ] 0.0000e+00 [ 0.0000e+00 ] 1.0000e+00
 6.018e+01 9.6148e-11 9.6148e-11 [ 1.8975e-139 1.6691e-96 7.7728e-23 9.6148e-11 ] 0.0000e+00 [ 0.0000e+00 ] 1.0000e+00
 6.029e+01 8.5825e-11 8.5825e-11 [ 7.5557e-140 7.6701e-97 5.9699e-23 8.5825e-11 ] 0.0000e+00 [ 0.0000e+00 ] 1.0000e+00
 6.041e+01 7.6585e-11 7.6585e-11 [ 3.0079e-140 3.5227e-97 4.5823e-23 7.6585e-11 ] 0.0000e+00 [ 0.0000e+00 ] 1.0000e+00
 6.052e+01 6.8316e-11 6.8316e-11 [ 1.1972e-140 1.6170e-97 3.5151e-23 6.8316e-11 ] 0.0000e+00 [ 0.0000e+00 ] 1.0000e+00
 6.063e+01 6.0920e-11 6.0920e-11 [ 4.7638e-141 7.4186e-98 2.6948e-23 6.0920e-11 ] 0.0000e+00 [ 0.0000e+00 ] 1.0000e+00
 6.075e+01 5.4305e-11 5.4305e-11 [ 1.8952e-141 3.4017e-98 2.0646e-23 5.4305e-11 ] 0.0000e+00 [ 0.0000e+00 ] 1.0000e+00
 6.086e+01 4.8393e-11 4.8393e-11 [ 7.5378e-142 1.5590e-98 1.5809e-23 4.8393e-11 ] 0.0000e+00 [ 0.0000e+00 ] 1.0000e+00
 6.097e+01 4.3109e-11 4.3109e-11 [ 2.9974e-142 7.1408e-99 1.2097e-23 4.3109e-11 ] 0.0000e+00 [ 0.0000e+00 ] 1.0000e+00
 6.109e+01 3.8389e-11 3.8389e-11 [ 1.1917e-142 3.2691e-99 9.2512e-24 3.8389e-11 ] 0.0000e+00 [ 0.0000e+00 ] 1.0000e+00
 6.120e+01 3.4175e-11 3.4175e-11 [ 4.7366e-143 1.4958e-99 7.0705e-24 3.4175e-11 ] 0.0000e+00 [ 0.0000e+00 ] 1.0000e+00
 6.131e+01 3.0413e-11 3.0413e-11 [ 1.8823e-143 6.8409e-100 5.4005e-24 3.0413e-11 ] 0.0000e+00 [ 0.0000e+00 ] 1.0000e+00
 6.143e+01 2.7056e-11 2.7056e-11 [ 7.4784e-144 3.1269e-100 4.1225e-24 2.7056e-11 ] 0.0000e+00 [ 0.0000e+00 ] 1.0000e+00
 6.154e+01 2.4061e-11 2.4061e-11 [ 2.9705e-144 1.4285e-100 3.1450e-24 2.4061e-11 ] 0.0000e+00 [ 0.0000e+00 ] 1.0000e+00
 6.165e+01 2.1390e-11 2.1390e-11 [ 1.1797e-144 6.5230e-101 2.3978e-24 2.1390e-11 ] 0.0000e+00 [ 0.0000e+00 ] 1.0000e+00
 6.177e+01 1.9010e-11 1.9010e-11 [ 4.6838e-145 2.9770e-101 1.8270e-24 1.9010e-11 ] 0.0000e+00 [ 0.0000e+00 ] 1.0000e+00
 6.188e+01 1.6888e-11 1.6888e-11 [ 1.8592e-145 1.3579e-101 1.3912e-24 1.6888e-11 ] 0.0000e+00 [ 0.0000e+00 ] 1.0000e+00
 6.199e+01 1.4999e-11 1.4999e-11 [ 7.3786e-146 6.1911e-102 1.0587e-24 1.4999e-11 ] 0.0000e+00 [ 0.0000e+00 ] 1.0000e+00
 6.211e+01 1.3316e-11 1.3316e-11 [ 2.9277e-146 2.8212e-102 8.0524e-25 1.3316e-11 ] 0.0000e+00 [ 0.0000e+00 ] 1.0000e+00
 6.222e+01 1.1818e-11 1.1818e-11 [ 1.1614e-146 1.2849e-102 6.1206e-25 1.1818e-11 ] 0.0000e+00 [ 0.0000e+00 ] 1.0000e+00
 6.233e+01 1.0485e-11 1.0485e-11 [ 4.6061e-147 5.8493e-103 4.6494e-25 1.0485e-11 ] 0.0000e+00 [ 0.0000e+00 ] 1.0000e+00
 6.245e+01 9.2992e-12 9.2992e-12 [ 1.8264e-147 2.6614e-103 3.5297e-25 9.2992e-12 ] 0.0000e+00 [ 0.0000e+00 ] 1.0000e+00
 6.256e+01 8.2448e-12 8.2448e-12 [ 7.2404e-148 1.2103e-103 2.6780e-25 8.2448e-12 ] 0.0000e+00 [ 0.0000e+00 ] 1.0000e+00
 6.267e+01 7.3074e-12 7.3074e-12 [ 2.8697e-148 5.5015e-104 2.0306e-25 7.3074e-12 ] 0.0000e+00 [ 0.0000e+00 ] 1.0000e+00
 6.279e+01 6.4745e-12 6.4745e-12 [ 1.1371e-148 2.4994e-104 1.5388e-25 6.4745e-12 ] 0.0000e+00 [ 0.0000e+00 ] 1.0000e+00
 6.290e+01 5.7345e-12 5.7345e-12 [ 4.5050e-149 1.1350e-104 1.1654e-25 5.7345e-12 ] 0.0000e+00 [ 0.0000e+00 ] 1.0000e+00
 6.301e+01 5.0774e-12 5.0774e-12 [ 1.7844e-149 5.1512e-105 8.8203e-26 5.0774e-12 ] 0.0000e+00 [ 0.0000e+00 ] 1.0000e+00
 6.313e+01 4.4941e-12 4.4941e-12 [ 7.0660e-150 2.3368e-105 6.6718e-26 4.4941e-12 ] 0.0000e+00 [ 0.0000e+00 ] 1.0000e+00
 6.324e+01 3.9765e-12 3.9765e-12 [ 2.7975e-150 1.0596e-105 5.0436e-26 3.9765e-12 ] 0.0000e+00 [ 0.0000e+00 ] 1.0000e+00
 6.335e+01 3.5173e-12 3.5173e-12 [ 1.1073e-150 4.8020e-106 3.8104e-26 3.5173e-12 ] 0.0000e+00 [ 0.0000e+00 ] 1.0000e+00
 6.347e+01 3.1101e-12 3.1101e-12 [ 4.3820e-151 2.1752e-106 2.8771e-26 3.1101e-12 ] 0.0000e+00 [ 0.0000e+00 ] 1.0000e+00
 6.358e+01 2.7491e-12 2.7491e-12 [ 1.7337e-151 9.8484e-107 2.1710e-26 2.7491e-12 ] 0.0000e+00 [ 0.0000e+00 ] 1.0000e+00
 6.369e+01 2.4292e-12 2.4292e-12 [ 6.8580e-152 4.4568e-107 1.6372e-26 2.4292e-12 ] 0.0000e+00 [ 0.0000e+00 ] 1.0000e+00
 6.381e+01 2.1458e-12 2.1458e-12 [ 2.7122e-152 2.0159e-107 1.2339e-26 2.1458e-12 ] 0.0000e+00 [ 0.0000e+00 ] 1.0000e+00
 6.392e+01 1.8948e-12 1.8948e-12 [ 1.0724e-152 9.1140e-108 9.2941e-27 1.8948e-12 ] 0.0000e+00 [ 0.0000e+00 ] 1.0000e+00
 6.403e+01 1.6726e-12 1.6726e-12 [ 4.2390e-153 4.1185e-108 6.9963e-27 1.6726e-12 ] 0.0000e+00 [ 0.0000e+00 ] 1.0000e+00
 6.415e+01 1.4760e-12 1.4760e-12 [ 1.6753e-153 1.8602e-108 5.2634e-27 1.4760e-12 ] 0.0000e+00 [ 0.0000e+00 ] 1.0000e+00
 6.426e+01 1.3020e-12 1.3020e-12 [ 6.6196e-154 8.3979e-109 3.9573e-27 1.3020e-12 ] 0.0000e+00 [ 0.0000e+00 ] 1.0000e+00
 6.437e+01 1.1482e-12 1.1482e-12 [ 2.6150e-154 3.7894e-109 2.9735e-27 1.1482e-12 ] 0.0000e+00 [ 0.0000e+00 ] 1.0000e+00
 6.449e+01 1.0122e-12 1.0122e-12 [ 1.0328e-154 1.7091e-109 2.2330e-27 1.0122e-12 ] 0.0000e+00 [ 0.0000e+00 ] 1.0000e+00
 6.460e+01 8.9202e-13 8.9202e-13 [ 4.0780e-155 7.7049e-110 1.6758e-27 8.9202e-13 ] 0.0000e+00 [ 0.0000e+00 ] 1.0000e+00
 6.471e+01 7.8584e-13 7.8584e-13 [ 1.6099e-155 3.4718e-110 1.2569e-27 7.8584e-13 ] 0.0000e+00 [ 0.0000e+00 ] 1.0000e+00
 6.483e+01 6.9207e-13 6.9207e-13 [ 6.3539e-156 1.5636e-110 9.4219e-28 6.9207e-13 ] 0.0000e+00 [ 0.0000e+00 ] 1.0000e+00
 6.494e+01 6.0929e-13 6.0929e-13 [ 2.5072e-156 7.0389e-111 7.0582e-28 6.0929e-13 ] 0.0000e+00 [ 0.0000e+00 ] 1.0000e+00
 6.505e+01 5.3622e-13 5.3622e-13 [ 9.8910e-157 3.1672e-111 5.2844e-28 5.3622e-13 ] 0.0000e+00 [ 0.0000e+00 ] 1.0000e+00
 6.517e+01 4.7177e-13 4.7177e-13 [ 3.9012e-157 1.4244e-111 3.9539e-28 4.7177e-13 ] 0.0000e+00 [ 0.0000e+00 ] 1.0000e+00
 6.528e+01 4.1492e-13 4.1492e-13 [ 1.5383e-157 6.4032e-112 2.9566e-28 4.1492e-13 ] 0.0000e+00 [ 0.0000e+00 ] 1.0000e+00
 6.539e+01 3.6480e-13 3.6480e-13 [ 6.0645e-158 2.8771e-112 2.2096e-28 3.6480e-13 ] 0.0000e+00 [ 0.0000e+00 ] 1.0000e+00
 6.551e+01 3.2063e-13 3.2063e-13 [ 2.3903e-158 1.2921e-112 1.6503e-28 3.2063e-13 ] 0.0000e+00 [ 0.0000e+00 ] 1.0000e+00
 6.562e+01 2.8171e-13 2.8171e-13 [ 9.4190e-159 5.8003e-113 1.2318e-28 2.8171e-13 ] 0.0000e+00 [ 0.0000e+00 ] 1.0000e+00
 6.573e+01 2.4743e-13 2.4743e-13 [ 3.7107e-159 2.6025e-113 9.1886e-29 2.4743e-13 ] 0.0000e+00 [ 0.0000e+00 ] 1.0000e+00
 6.585e+01 2.1725e-13 2.1725e-13 [ 1.4615e-159 1.1672e-113 6.8502e-29 2.1725e-13 ] 0.0000e+00 [ 0.0000e+00 ] 1.0000e+00
 6.596e+01 1.9069e-13 1.9069e-13 [ 5.7551e-160 5.2319e-114 5.1038e-29 1.9069e-13 ] 0.0000e+00 [ 0.0000e+00 ] 1.0000e+00
 6.607e+01 1.6732e-13 1.6732e-13 [ 2.2657e-160 2.3442e-114 3.8003e-29 1.6732e-13 ] 0.0000e+00 [ 0.0000e+00 ] 1.0000e+00
 6.619e+01 1.4677e-13 1.4677e-13 [ 8.9175e-161 1.0498e-114 2.8280e-29 1.4677e-13 ] 0.0000e+00 [ 0.0000e+00 ] 1.0000e+00
 6.630e+01 1.2870e-13 1.2870e-13 [ 3.5090e-161 4.6994e-115 2.1032e-29 1.2870e-13 ] 0.0000e+00 [ 0.0000e+00 ] 1.0000e+00
 6.641e+01 1.1281e-13 1.1281e-13 [ 1.3805e-161 2.1027e-115 1.5631e-29 1.1281e-13 ] 0.0000e+00 [ 0.0000e+00 ] 1.0000e+00
 6.653e+01 9.8857e-14 9.8857e-14 [ 5.4294e-162 9.4034e-116 1.1611e-29 9.8857e-14 ] 0.0000e+00 [ 0.0000e+00 ] 1.0000e+00
 6.664e+01 8.6598e-14 8.6598e-14 [ 2.1349e-162 4.2034e-116 8.6190e-30 8.6598e-14 ] 0.0000e+00 [ 0.0000e+00 ] 1.0000e+00
 6.675e+01 7.5834e-14 7.5834e-14 [ 8.3927e-163 1.8780e-116 6.3942e-30 7.5834e-14 ] 0.0000e+00 [ 0.0000e+00 ] 1.0000e+00
 6.687e+01 6.6387e-14 6.6387e-14 [ 3.2985e-163 8.3871e-117 4.7408e-30 6.6387e-14 ] 0.0000e+00 [ 0.0000e+00 ] 1.0000e+00
 6.698e+01 5.8096e-14 5.8096e-14 [ 1.2961e-163 3.7438e-117 3.5127e-30 5.8096e-14 ] 0.0000e+00 [ 0.0000e+00 ] 1.0000e+00
 6.709e+01 5.0825e-14 5.0825e-14 [ 5.0912e-164 1.6704e-117 2.6011e-30 5.0825e-14 ] 0.0000e+00 [ 0.0000e+00 ] 1.0000e+00
 6.721e+01 4.4449e-14 4.4449e-14 [ 1.9995e-164 7.4491e-118 1.9249e-30 4.4449e-14 ] 0.0000e+00 [ 0.0000e+00 ] 1.0000e+00
 6.732e+01 3.8859e-14 3.8859e-14 [ 7.8505e-165 3.3204e-118 1.4237e-30 3.8859e-14 ] 0.0000e+00 [ 0.0000e+00 ] 1.0000e+00
 6.743e+01 3.3962e-14 3.3962e-14 [ 3.0815e-165 1.4794e-118 1.0522e-30 3.3962e-14 ] 0.0000e+00 [ 0.0000e+00 ] 1.0000e+00
 6.755e+01 2.9672e-14 2.9672e-14 [ 1.2093e-165 6.5880e-119 7.7725e-31 2.9672e-14 ] 0.0000e+00 [ 0.0000e+00 ] 1.0000e+00
 6.766e+01 2.5915e-14 2.5915e-14 [ 4.7444e-166 2.9324e-119 5.7376e-31 2.5915e-14 ] 0.0000e+00 [ 0.0000e+00 ] 1.0000e+00
 6.777e+01 2.2626e-14 2.2626e-14 [ 1.8609e-166 1.3047e-119 4.2328e-31 2.2626e-14 ] 0.0000e+00 [ 0.0000e+00 ] 1.0000e+00
 6.789e+01 1.9749e-14 1.9749e-14 [ 7.2970e-167 5.8017e-120 3.1207e-31 1.9749e-14 ] 0.0000e+00 [ 0.0000e+00 ] 1.0000e+00
 6.800e+01 1.7231e-14 1.7231e-14 [ 2.8606e-167 2.5788e-120 2.2993e-31 1.7231e-14 ] 0.0000e+00 [ 0.0000e+00 ] 1.0000e+00
 6.811e+01 1.5030e-14 1.5030e-14 [ 1.1211e-167 1.1457e-120 1.6931e-31 1.5030e-14 ] 0.0000e+00 [ 0.0000e+00 ] 1.0000e+00
 6.823e+01 1.3105e-14 1.3105e-14 [ 4.3926e-168 5.0874e-121 1.2459e-31 1.3105e-14 ] 0.0000e+00 [ 0.0000e+00 ] 1.0000e+00
 6.834e+01 1.1423e-14 1.1423e-14 [ 1.7206e-168 2.2580e-121 9.1620e-32 1.1423e-14 ] 0.0000e+00 [ 0.0000e+00 ] 1.0000e+00
 6.845e+01 9.9539e-15 9.9539e-15 [ 6.7380e-169 1.0017e-121 6.7333e-32 9.9539e-15 ] 0.0000e+00 [ 0.0000e+00 ] 1.0000e+00
 6.857e+01 8.6708e-15 8.6708e-15 [ 2.6379e-169 4.4419e-122 4.9453e-32 8.6708e-15 ] 0.0000e+00 [ 0.0000e+00 ] 1.0000e+00
 6.868e+01 7.5505e-15 7.5505e-15 [ 1.0324e-169 1.9687e-122 3.6297e-32 7.5505e-15 ] 0.0000e+00 [ 0.0000e+00 ] 1.0000e+00
 6.879e+01 6.5728e-15 6.5728e-15 [ 4.0396e-170 8.7209e-123 2.6623e-32 6.5728e-15 ] 0.0000e+00 [ 0.0000e+00 ] 1.0000e+00
 6.891e+01 5.7199e-15 5.7199e-15 [ 1.5802e-170 3.8614e-123 1.9515e-32 5.7199e-15 ] 0.0000e+00 [ 0.0000e+00 ] 1.0000e+00
 6.902e+01 4.9760e-15 4.9760e-15 [ 6.1793e-171 1.7089e-123 1.4296e-32 4.9760e-15 ] 0.0000e+00 [ 0.0000e+00 ] 1.0000e+00
 6.913e+01 4.3274e-15 4.3274e-15 [ 2.4157e-171 7.5591e-124 1.0465e-32 4.3274e-15 ] 0.0000e+00 [ 0.0000e+00 ] 1.0000e+00
 6.925e+01 3.7621e-15 3.7621e-15 [ 9.4413e-172 3.3421e-124 7.6558e-33 3.7621e-15 ] 0.0000e+00 [ 0.0000e+00 ] 1.0000e+00
 6.936e+01 3.2696e-15 3.2696e-15 [ 3.6889e-172 1.4769e-124 5.5970e-33 3.2696e-15 ] 0.0000e+00 [ 0.0000e+00 ] 1.0000e+00
 6.947e+01 2.8406e-15 2.8406e-15 [ 1.4409e-172 6.5232e-125 4.0891e-33 2.8406e-15 ] 0.0000e+00 [ 0.0000e+00 ] 1.0000e+00
 6.959e+01 2.4672e-15 2.4672e-15 [ 5.6263e-173 2.8797e-125 2.9854e-33 2.4672e-15 ] 0.0000e+00 [ 0.0000e+00 ] 1.0000e+00
 6.970e+01 2.1421e-15 2.1421e-15 [ 2.1963e-173 1.2707e-125 2.1781e-33 2.1421e-15 ] 0.0000e+00 [ 0.0000e+00 ] 1.0000e+00
 6.981e+01 1.8592e-15 1.8592e-15 [ 8.5708e-174 5.6040e-126 1.5881e-33 1.8592e-15 ] 0.0000e+00 [ 0.0000e+00 ] 1.0000e+00
 6.993e+01 1.6132e-15 1.6132e-15 [ 3.3437e-174 2.4702e-126 1.1571e-33 1.6132e-15 ] 0.0000e+00 [ 0.0000e+00 ] 1.0000e+00
 7.004e+01 1.3992e-15 1.3992e-15 [ 1.3040e-174 1.0883e-126 8.4246e-34 1.3992e-15 ] 0.0000e+00 [ 0.0000e+00 ] 1.0000e+00
 7.015e+01 1.2133e-15 1.2133e-15 [ 5.0841e-175 4.7924e-127 6.1297e-34 1.2133e-15 ] 0.0000e+00 [ 0.0000e+00 ] 1.0000e+00
 7.027e+01 1.0517e-15 1.0517e-15 [ 1.9815e-175 2.1093e-127 4.4567e-34 1.0517e-15 ] 0.0000e+00 [ 0.0000e+00 ] 1.0000e+00
 7.038e+01 9.1131e-16 9.1131e-16 [ 7.7205e-176 9.2786e-128 3.2381e-34 9.1131e-16 ] 0.0000e+00 [ 0.0000e+00 ] 1.0000e+00
 7.049e+01 7.8942e-16 7.8942e-16 [ 3.0071e-176 4.0795e-128 2.3510e-34 7.8942e-16 ] 0.0000e+00 [ 0.0000e+00 ] 1.0000e+00
 7.061e+01 6.8361e-16 6.8361e-16 [ 1.1709e-176 1.7927e-128 1.7058e-34 6.8361e-16 ] 0.0000e+00 [ 0.0000e+00 ] 1.0000e+00
 7.072e+01 5.9179e-16 5.9179e-16 [ 4.5574e-177 7.8737e-129 1.2367e-34 5.9179e-16 ] 0.0000e+00 [ 0.0000e+00 ] 1.0000e+00
 7.083e+01 5.1214e-16 5.1214e-16 [ 1.7733e-177 3.4563e-129 8.9595e-35 5.1214e-16 ] 0.0000e+00 [ 0.0000e+00 ] 1.0000e+00
 7.095e+01 4.4306e-16 4.4306e-16 [ 6.8976e-178 1.5164e-129 6.4862e-35 4.4306e-16 ] 0.0000e+00 [ 0.0000e+00 ] 1.0000e+00
 7.106e+01 3.8317e-16 3.8317e-16 [ 2.6820e-178 6.6497e-130 4.6922e-35 3.8317e-16 ] 0.0000e+00 [ 0.0000e+00 ] 1.0000e+00
 7.117e+01 3.3128e-16 3.3128e-16 [ 1.0425e-178 2.9143e-130 3.3919e-35 3.3128e-16 ] 0.0000e+00 [ 0.0000e+00 ] 1.0000e+00
 7.129e+01 2.8631e-16 2.8631e-16 [ 4.0506e-179 1.2766e-130 2.4501e-35 2.8631e-16 ] 0.0000e+00 [ 0.0000e+00 ] 1.0000e+00
 7.140e+01 2.4737e-16 2.4737e-16 [ 1.5733e-179 5.5886e-131 1.7684e-35 2.4737e-16 ] 0.0000e+00 [ 0.0000e+00 ] 1.0000e+00
 7.151e+01 2.1366e-16 2.1366e-16 [ 6.1087e-180 2.4453e-131 1.2755e-35 2.1366e-16 ] 0.0000e+00 [ 0.0000e+00 ] 1.0000e+00
 7.163e+01 1.8448e-16 1.8448e-16 [ 2.3709e-180 1.0693e-131 9.1919e-36 1.8448e-16 ] 0.0000e+00 [ 0.0000e+00 ] 1.0000e+00
 7.174e+01 1.5923e-16 1.5923e-16 [ 9.1985e-181 4.6734e-132 6.6192e-36 1.5923e-16 ] 0.0000e+00 [ 0.0000e+00 ] 1.0000e+00
 7.185e+01 1.3740e-16 1.3740e-16 [ 3.5674e-181 2.0414e-132 4.7629e-36 1.3740e-16 ] 0.0000e+00 [ 0.0000e+00 ] 1.0000e+00
 7.197e+01 1.1852e-16 1.1852e-16 [ 1.3830e-181 8.9117e-133 3.4244e-36 1.1852e-16 ] 0.0000e+00 [ 0.0000e+00 ] 1.0000e+00
 7.208e+01 1.0220e-16 1.0220e-16 [ 5.3592e-182 3.8881e-133 2.4601e-36 1.0220e-16 ] 0.0000e+00 [ 0.0000e+00 ] 1.0000e+00
 7.219e+01 8.8098e-17 8.8098e-17 [ 2.0759e-182 1.6954e-133 1.7659e-36 8.8098e-17 ] 0.0000e+00 [ 0.0000e+00 ] 1.0000e+00
 7.231e+01 7.5919e-17 7.5919e-17 [ 8.0380e-183 7.3883e-134 1.2665e-36 7.5919e-17 ] 0.0000e+00 [ 0.0000e+00 ] 1.0000e+00
 7.242e+01 6.5402e-17 6.5402e-17 [ 3.1110e-183 3.2178e-134 9.0764e-37 6.5402e-17 ] 0.0000e+00 [ 0.0000e+00 ] 1.0000e+00
 7.253e+01 5.6323e-17 5.6323e-17 [ 1.2035e-183 1.4006e-134 6.4990e-37 5.6323e-17 ] 0.0000e+00 [ 0.0000e+00 ] 1.0000e+00
 7.265e+01 4.8489e-17 4.8489e-17 [ 4.6541e-184 6.0923e-135 4.6495e-37 4.8489e-17 ] 0.0000e+00 [ 0.0000e+00 ] 1.0000e+00
 7.276e+01 4.1731e-17 4.1731e-17 [ 1.7989e-184 2.6485e-135 3.3235e-37 4.1731e-17 ] 0.0000e+00 [ 0.0000e+00 ] 1.0000e+00
 7.287e+01 3.5904e-17 3.5904e-17 [ 6.9502e-185 1.1506e-135 2.3736e-37 3.5904e-17 ] 0.0000e+00 [ 0.0000e+00 ] 1.0000e+00
 7.299e+01 3.0880e-17 3.0880e-17 [ 2.6840e-185 4.9957e-136 1.6937e-37 3.0880e-17 ] 0.0000e+00 [ 0.0000e+00 ] 1.0000e+00
 7.310e+01 2.6550e-17 2.6550e-17 [ 1.0360e-185 2.1676e-136 1.2075e-37 2.6550e-17 ] 0.0000e+00 [ 0.0000e+00 ] 1.0000e+00
 7.321e+01 2.2820e-17 2.2820e-17 [ 3.9969e-186 9.3988e-137 8.6007e-38 2.2820e-17 ] 0.0000e+00 [ 0.0000e+00 ] 1.0000e+00
 7.333e+01 1.9608e-17 1.9608e-17 [ 1.5413e-186 4.0727e-137 6.1205e-38 1.9608e-17 ] 0.0000e+00 [ 0.0000e+00 ] 1.0000e+00
 7.344e+01 1.6843e-17 1.6843e-17 [ 5.9404e-187 1.7636e-137 4.3515e-38 1.6843e-17 ] 0.0000e+00 [ 0.0000e+00 ] 1.0000e+00
 7.355e+01 1.4462e-17 1.4462e-17 [ 2.2884e-187 7.6316e-138 3.0909e-38 1.4462e-17 ] 0.0000e+00 [ 0.0000e+00 ] 1.0000e+00
 7.367e+01 1.2415e-17 1.2415e-17 [ 8.8108e-188 3.3001e-138 2.1934e-38 1.2415e-17 ] 0.0000e+00 [ 0.0000e+00 ] 1.0000e+00
 7.378e+01 1.0653e-17 1.0653e-17 [ 3.3905e-188 1.4261e-138 1.5549e-38 1.0653e-17 ] 0.0000e+00 [ 0.0000e+00 ] 1.0000e+00
 7.389e+01 9.1387e-18 9.1387e-18 [ 1.3040e-188 6.1580e-139 1.1013e-38 9.1387e-18 ] 0.0000e+00 [ 0.0000e+00 ] 1.0000e+00
 7.401e+01 7.8370e-18 7.8370e-18 [ 5.0124e-189 2.6572e-139 7.7918e-39 7.8370e-18 ] 0.0000e+00 [ 0.0000e+00 ] 1.0000e+00
 7.412e+01 6.7185e-18 6.7185e-18 [ 1.9256e-189 1.1457e-139 5.5074e-39 6.7185e-18 ] 0.0000e+00 [ 0.0000e+00 ] 1.0000e+00
 7.423e+01 5.7578e-18 5.7578e-18 [ 7.3931e-190 4.9362e-140 3.8887e-39 5.7578e-18 ] 0.0000e+00 [ 0.0000e+00 ] 1.0000e+00
 7.435e+01 4.9328e-18 4.9328e-18 [ 2.8367e-190 2.1251e-140 2.7428e-39 4.9328e-18 ] 0.0000e+00 [ 0.0000e+00 ] 1.0000e+00
 7.446e+01 4.2246e-18 4.2246e-18 [ 1.0878e-190 9.1417e-141 1.9325e-39 4.2246e-18 ] 0.0000e+00 [ 0.0000e+00 ] 1.0000e+00
 7.457e+01 3.6169e-18 3.6169e-18 [ 4.1686e-191 3.9293e-141 1.3602e-39 3.6169e-18 ] 0.0000e+00 [ 0.0000e+00 ] 1.0000e+00
 7.469e+01 3.0956e-18 3.0956e-18 [ 1.5964e-191 1.6875e-141 9.5624e-40 3.0956e-18 ] 0.0000e+00 [ 0.0000e+00 ] 1.0000e+00
 7.480e+01 2.6486e-18 2.6486e-18 [ 6.1094e-192 7.2412e-142 6.7150e-40 2.6486e-18 ] 0.0000e+00 [ 0.0000e+00 ] 1.0000e+00
 7.491e+01 2.2653e-18 2.2653e-18 [ 2.3364e-192 3.1045e-142 4.7101e-40 2.2653e-18 ] 0.0000e+00 [ 0.0000e+00 ] 1.0000e+00
 7.503e+01 1.9369e-18 1.9369e-18 [ 8.9286e-193 1.3298e-142 3.2999e-40 1.9369e-18 ] 0.0000e+00 [ 0.0000e+00 ] 1.0000e+00
 7.514e+01 1.6555e-18 1.6555e-18 [ 3.4095e-193 5.6910e-143 2.3091e-40 1.6555e-18 ] 0.0000e+00 [ 0.0000e+00 ] 1.0000e+00
 7.525e+01 1.4144e-18 1.4144e-18 [ 1.3009e-193 2.4332e-143 1.6138e-40 1.4144e-18 ] 0.0000e+00 [ 0.0000e+00 ] 1.0000e+00
 7.537e+01 1.2081e-18 1.2081e-18 [ 4.9599e-194 1.0393e-143 1.1264e-40 1.2081e-18 ] 0.0000e+00 [ 0.0000e+00 ] 1.0000e+00
 7.548e+01 1.0315e-18 1.0315e-18 [ 1.8894e-194 4.4349e-144 7.8520e-41 1.0315e-18 ] 0.0000e+00 [ 0.0000e+00 ] 1.0000e+00
 7.559e+01 8.8039e-19 8.8039e-19 [ 7.1911e-195 1.8905e-144 5.4662e-41 8.8039e-19 ] 0.0000e+00 [ 0.0000e+00 ] 1.0000e+00
 7.571e+01 7.5115e-19 7.5115e-19 [ 2.7345e-195 8.0498e-145 3.8001e-41 7.5115e-19 ] 0.0000e+00 [ 0.0000e+00 ] 1.0000e+00
 7.582e+01 6.4063e-19 6.4063e-19 [ 1.0388e-195 3.4239e-145 2.6381e-41 6.4063e-19 ] 0.0000e+00 [ 0.0000e+00 ] 1.0000e+00
 7.593e+01 5.4617e-19 5.4617e-19 [ 3.9426e-196 1.4547e-145 1.8287e-41 5.4617e-19 ] 0.0000e+00 [ 0.0000e+00 ] 1.0000e+00
 7.605e+01 4.6544e-19 4.6544e-19 [ 1.4947e-196 6.1730e-146 1.2658e-41 4.6544e-19 ] 0.0000e+00 [ 0.0000e+00 ] 1.0000e+00
 7.616e+01 3.9649e-19 3.9649e-19 [ 5.6609e-197 2.6163e-146 8.7478e-42 3.9649e-19 ] 0.0000e+00 [ 0.0000e+00 ] 1.0000e+00
 7.627e+01 3.3760e-19 3.3760e-19 [ 2.1415e-197 1.1074e-146 6.0358e-42 3.3760e-19 ] 0.0000e+00 [ 0.0000e+00 ] 1.0000e+00
 7.639e+01 2.8733e-19 2.8733e-19 [ 8.0913e-198 4.6811e-147 4.1576e-42 2.8733e-19 ] 0.0000e+00 [ 0.0000e+00 ] 1.0000e+00
 7.650e+01 2.4443e-19 2.4443e-19 [ 3.0534e-198 1.9759e-147 2.8589e-42 2.4443e-19 ] 0.0000e+00 [ 0.0000e+00 ] 1.0000e+00
 7.661e+01 2.0783e-19 2.0783e-19 [ 1.1507e-198 8.3283e-148 1.9623e-42 2.0783e-19 ] 0.0000e+00 [ 0.0000e+00 ] 1.0000e+00
 7.673e+01 1.7662e-19 1.7662e-19 [ 4.3304e-199 3.5048e-148 1.3444e-42 1.7662e-19 ] 0.0000e+00 [ 0.0000e+00 ] 1.0000e+00
 7.684e+01 1.5001e-19 1.5001e-19 [ 1.6273e-199 1.4725e-148 9.1921e-43 1.5001e-19 ] 0.0000e+00 [ 0.0000e+00 ] 1.0000e+00
 7.695e+01 1.2732e-19 1.2732e-19 [ 6.1050e-200 6.1755e-149 6.2720e-43 1.2732e-19 ] 0.0000e+00 [ 0.0000e+00 ] 1.0000e+00
 7.707e+01 1.0800e-19 1.0800e-19 [ 2.2865e-200 2.5852e-149 4.2702e-43 1.0800e-19 ] 0.0000e+00 [ 0.0000e+00 ] 1.0000e+00
 7.718e+01 9.1533e-20 9.1533e-20 [ 8.5483e-201 1.0801e-149 2.9006e-43 9.1533e-20 ] 0.0000e+00 [ 0.0000e+00 ] 1.0000e+00
 7.729e+01 7.7514e-20 7.7514e-20 [ 3.1896e-201 4.5031e-150 1.9655e-43 7.7514e-20 ] 0.0000e+00 [ 0.0000e+00 ] 1.0000e+00
 7.741e+01 6.5579e-20 6.5579e-20 [ 1.1876e-201 1.8732e-150 1.3284e-43 6.5579e-20 ] 0.0000e+00 [ 0.0000e+00 ] 1.0000e+00
 7.752e+01 5.5421e-20 5.5421e-20 [ 4.4118e-202 7.7731e-151 8.9530e-44 5.5421e-20 ] 0.0000e+00 [ 0.0000e+00 ] 1.0000e+00
 7.763e+01 4.6778e-20 4.6778e-20 [ 1.6348e-202 3.2170e-151 6.0162e-44 4.6778e-20 ] 0.0000e+00 [ 0.0000e+00 ] 1.0000e+00
 7.775e+01 3.9426e-20 3.9426e-20 [ 6.0416e-203 1.3276e-151 4.0297e-44 3.9426e-20 ] 0.0000e+00 [ 0.0000e+00 ] 1.0000e+00
 7.786e+01 3.3172e-20 3.3172e-20 [ 2.2260e-203 5.4616e-152 2.6898e-44 3.3172e-20 ] 0.0000e+00 [ 0.0000e+00 ] 1.0000e+00
 7.797e+01 2.7854e-20 2.7854e-20 [ 8.1747e-204 2.2391e-152 1.7886e-44 2.7854e-20 ] 0.0000e+00 [ 0.0000e+00 ] 1.0000e+00
 7.809e+01 2.3332e-20 2.3332e-20 [ 2.9910e-204 9.1444e-153 1.1843e-44 2.3332e-20 ] 0.0000e+00 [ 0.0000e+00 ] 1.0000e+00
 7.820e+01 1.9486e-20 1.9486e-20 [ 1.0898e-204 3.7186e-153 7.8061e-45 1.9486e-20 ] 0.0000e+00 [ 0.0000e+00 ] 1.0000e+00
 7.831e+01 1.6216e-20 1.6216e-20 [ 3.9525e-205 1.5049e-153 5.1185e-45 1.6216e-20 ] 0.0000e+00 [ 0.0000e+00 ] 1.0000e+00
 7.843e+01 1.3434e-20 1.3434e-20 [ 1.4258e-205 6.0571e-154 3.3367e-45 1.3434e-20 ] 0.0000e+00 [ 0.0000e+00 ] 1.0000e+00
 7.854e+01 1.1067e-20 1.1067e-20 [ 5.1120e-206 2.4226e-154 2.1606e-45 1.1067e-20 ] 0.0000e+00 [ 0.0000e+00 ] 1.0000e+00
 7.865e+01 9.0520e-21 9.0520e-21 [ 1.8197e-206 9.6185e-155 1.3882e-45 9.0520e-21 ] 0.0000e+00 [ 0.0000e+00 ] 1.0000e+00
 7.877e+01 7.3355e-21 7.3355e-21 [ 6.4225e-207 3.7859e-155 8.8377e-46 7.3355e-21 ] 0.0000e+00 [ 0.0000e+00 ] 1.0000e+00
 7.888e+01 5.8728e-21 5.8728e-21 [ 2.2436e-207 1.4747e-155 5.5639e-46 5.8728e-21 ] 0.0000e+00 [ 0.0000e+00 ] 1.0000e+00
 7.899e+01 4.6260e-21 4.6260e-21 [ 7.7393e-208 5.6716e-156 3.4544e-46 4.6260e-21 ] 0.0000e+00 [ 0.0000e+00 ] 1.0000e+00
 7.911e+01 3.5641e-21 3.5641e-21 [ 2.6273e-208 2.1464e-156 2.1061e-46 3.5641e-21 ] 0.0000e+00 [ 0.0000e+00 ] 1.0000e+00
 7.922e+01 2.6621e-21 2.6621e-21 [ 8.7354e-209 7.9537e-157 1.2527e-46 2.6621e-21 ] 0.0000e+00 [ 0.0000e+00 ] 1.0000e+00
 7.933e+01 1.9006e-21 1.9006e-21 [ 2.8229e-209 2.8641e-157 7.1860e-47 1.9006e-21 ] 0.0000e+00 [ 0.0000e+00 ] 1.0000e+00
 7.945e+01 1.2666e-21 1.2666e-21 [ 8.7523e-210 9.8893e-158 3.8938e-47 1.2666e-21 ] 0.0000e+00 [ 0.0000e+00 ] 1.0000e+00
 7.956e+01 7.5345e-22 7.5345e-22 [ 2.5373e-210 3.1864e-158 1.9099e-47 7.5345e-22 ] 0.0000e+00 [ 0.0000e+00 ] 1.0000e+00
 7.967e+01 3.6232e-22 3.6232e-22 [ 6.4298e-211 8.9110e-159 7.6617e-48 3.6232e-22 ] 0.0000e+00 [ 0.0000e+00 ] 1.0000e+00
 7.979e+01 1.0366e-22 1.0366e-22 [ 1.0832e-211 1.6212e-159 1.7975e-48 1.0366e-22 ] 0.0000e+00 [ 0.0000e+00 ] 1.0000e+00
 7.990e+01 0.0000e+00 0.0000e+00 [ 0.0000e+00 0.0000e+00 0.0000e+00 0.0000e+00 ] 0.0000e+00 [ 0.0000e+00 ] 1.0000e+00
