 0.000e+00 0.0000e+00 0.0000e+00 [ 0.0000e+00 0.0000e+00 0.0000e+00 0.0000e+00 ] 0.0000e+00 [ 0.0000e+00 ] 1.0000e+00
 1.133e-01 2.3314e-03 2.3314e-03 [ 2.2239e-03 5.8507e-05 4.1695e-05 7.3843e-06 ] 0.0000e+00 [ 0.0000e+00 ] 9.9767e-01
 2.267e-01 4.5088e-03 4.5088e-03 [ 4.0850e-03 2.2925e-04 1.6532e-04 2.9243e-05 ] 0.0000e+00 [ 0.0000e+00 ] 9.9549e-01
 3.400e-01 6.5351e-03 6.5351e-03 [ 5.6054e-03 4.9827e-04 3.6644e-04 6.5027e-05 ] 0.0000e+00 [ 0.0000e+00 ] 9.9346e-01
 4.533e-01 8.4616e-03 8.4616e-03 [ 6.8659e-03 8.4406e-04 6.3766e-04 1.1400e-04 ] 0.0000e+00 [ 0.0000e+00 ] 9.9154e-01
 5.667e-01 1.0288e-02 1.0288e-02 [ 7.9030e-03 1.2403e-03 9.6912e-04 1.7524e-04 ] 0.0000e+00 [ 0.0000e+00 ] 9.8971e-01
 6.800e-01 1.1995e-02 1.1995e-02 [ 8.7397e-03 1.6590e-03 1.3490e-03 2.4764e-04 ] 0.0000e+00 [ 0.0000e+00 ] 9.8800e-01
 7.933e-01 1.3559e-02 1.3559e-02 [ 9.3910e-03 2.0740e-03 1.7644e-03 3.2992e-04 ] 0.0000e+00 [ 0.0000e+00 ] 9.8644e-01
 9.067e-01 1.4954e-02 1.4954e-02 [ 9.8684e-03 2.4630e-03 2.2020e-03 4.2070e-04 ] 0.0000e+00 [ 0.0000e+00 ] 9.8505e-01
 1.020e+00 1.6159e-02 1.6159e-02 [ 1.0182e-02 2.8092e-03 2.6490e-03 5.1849e-04 ] 0.0000e+00 [ 0.0000e+00 ] 9.8384e-01
 1.133e+00 1.7162e-02 1.7162e-02 [ 1.0345e-02 3.1021e-03 3.0936e-03 6.2177e-04 ] 0.0000e+00 [ 0.0000e+00 ] 9.8284e-01
 1.247e+00 1.7960e-02 1.7960e-02 [ 1.0368e-02 3.3369e-03 3.5256e-03 7.2901e-04 ] 0.0000e+00 [ 0.0000e+00 ] 9.8204e-01
 1.360e+00 1.8558e-02 1.8558e-02 [ 1.0269e-02 3.5137e-03 3.9365e-03 8.3876e-04 ] 0.0000e+00 [ 0.0000e+00 ] 9.8144e-01
 1.473e+00 1.8969e-02 1.8969e-02 [ 1.0063e-02 3.6363e-03 4.3201e-03 9.4963e-04 ] 0.0000e+00 [ 0.0000e+00 ] 9.8103e-01
 1.587e+00 1.9214e-02 1.9214e-02 [ 9.7707e-03 3.7111e-03 4.6718e-03 1.0604e-03 ] 0.0000e+00 [ 0.0000e+00 ] 9.8079e-01
 1.700e+00 1.9314e-02 1.9314e-02 [ 9.4093e-03 3.7456e-03 4.9893e-03 1.1699e-03 ] 0.0000e+00 [ 0.0000e+00 ] 9.8069e-01
 1.813e+00 1.9294e-02 1.9294e-02 [ 8.9974e-03 3.7478e-03 5.2713e-03 1.2772e-03 ] 0.0000e+00 [ 0.0000e+00 ] 9.8071e-01
 1.927e+00 1.9177e-02 1.9177e-02 [ 8.5519e-03 3.7255e-03 5.5185e-03 1.3815e-03 ] 0.0000e+00 [ 0.0000e+00 ] 9.8082e-01
 2.040e+00 1.8988e-02 1.8988e-02 [ 8.0878e-03 3.6858e-03 5.7321e-03 1.4821e-03 ] 0.0000e+00 [ 0.0000e+00 ] 9.8101e-01
 2.153e+00 1.8746e-02 1.8746e-02 [ 7.6180e-03 3.6345e-03 5.9144e-03 1.5786e-03 ] 0.0000e+00 [ 0.0000e+00 ] 9.8125e-01
 2.267e+00 1.8468e-02 1.8468e-02 [ 7.1527e-03 3.5768e-03 6.0681e-03 1.6706e-03 ] 0.0000e+00 [ 0.0000e+00 ] 9.8153e-01
 2.380e+00 1.8171e-02 1.8171e-02 [ 6.7000e-03 3.5166e-03 6.1962e-03 1.7578e-03 ] 0.0000e+00 [ 0.0000e+00 ] 9.8183e-01
 2.493e+00 1.7865e-02 1.7865e-02 [ 6.2656e-03 3.4568e-03 6.3019e-03 1.8402e-03 ] 0.0000e+00 [ 0.0000e+00 ] 9.8214e-01
 2.607e+00 1.7559e-02 1.7559e-02 [ 5.8531e-03 3.3996e-03 6.3881e-03 1.9178e-03 ] 0.0000e+00 [ 0.0000e+00 ] 9.8244e-01
 2.720e+00 1.7260e-02 1.7260e-02 [ 5.4647e-03 3.3464e-03 6.4581e-03 1.9904e-03 ] 0.0000e+00 [ 0.0000e+00 ] 9.8274e-01
 2.833e+00 1.6972e-02 1.6972e-02 [ 5.1009e-03 3.2981e-03 6.5145e-03 2.0583e-03 ] 0.0000e+00 [ 0.0000e+00 ] 9.8303e-01
 2.947e+00 1.6698e-02 1.6698e-02 [ 4.7616e-03 3.2551e-03 6.5599e-03 2.1216e-03 ] 0.0000e+00 [ 0.0000e+00 ] 9.8330e-01
 3.060e+00 1.6441e-02 1.6441e-02 [ 4.4458e-03 3.2175e-03 6.5968e-03 2.1804e-03 ] 0.0000e+00 [ 0.0000e+00 ] 9.8356e-01
 3.173e+00 1.6199e-02 1.6199e-02 [ 4.1520e-03 3.1850e-03 6.6272e-03 2.2351e-03 ] 0.0000e+00 [ 0.0000e+00 ] 9.8380e-01
 3.287e+00 1.5975e-02 1.5975e-02 [ 3.8785e-03 3.1573e-03 6.6530e-03 2.2859e-03 ] 0.0000e+00 [ 0.0000e+00 ] 9.8403e-01
 3.400e+00 1.5766e-02 1.5766e-02 [ 3.6236e-03 3.1339e-03 6.6757e-03 2.3329e-03 ] 0.0000e+00 [ 0.0000e+00 ] 9.8423e-01
 3.513e+00 1.5573e-02 1.5573e-02 [ 3.3855e-03 3.1142e-03 6.6968e-03 2.3766e-03 ] 0.0000e+00 [ 0.0000e+00 ] 9.8443e-01
 3.627e+00 1.5395e-02 1.5395e-02 [ 3.1627e-03 3.0977e-03 6.7174e-03 2.4172e-03 ] 0.0000e+00 [ 0.0000e+00 ] 9.8461e-01
 3.740e+00 1.5231e-02 1.5231e-02 [ 2.9536e-03 3.0838e-03 6.7385e-03 2.4550e-03 ] 0.0000e+00 [ 0.0000e+00 ] 9.8477e-01
 3.853e+00 1.5080e-02 1.5080e-02 [ 2.7569e-03 3.0718e-03 6.7611e-03 2.4902e-03 ] 0.0000e+00 [ 0.0000e+00 ] 9.8492e-01
 3.967e+00 1.4942e-02 1.4942e-02 [ 2.5716e-03 3.0612e-03 6.7857e-03 2.5233e-03 ] 0.0000e+00 [ 0.0000e+00 ] 9.8506e-01
 4.080e+00 1.4815e-02 1.4815e-02 [ 2.3965e-03 3.0515e-03 6.8130e-03 2.5544e-03 ] 0.0000e+00 [ 0.0000e+00 ] 9.8518e-01
 4.193e+00 1.4700e-02 1.4700e-02 [ 2.2310e-03 3.0421e-03 6.8434e-03 2.5839e-03 ] 0.0000e+00 [ 0.0000e+00 ] 9.8530e-01
 4.307e+00 1.4596e-02 1.4596e-02 [ 2.0743e-03 3.0326e-03 6.8773e-03 2.6120e-03 ] 0.0000e+00 [ 0.0000e+00 ] 9.8540e-01
 4.420e+00 1.4503e-02 1.4503e-02 [ 1.9259e-03 3.0227e-03 6.9151e-03 2.6392e-03 ] 0.0000e+00 [ 0.0000e+00 ] 9.8550e-01
 4.533e+00 1.4419e-02 1.4419e-02 [ 1.7853e-03 3.0118e-03 6.9569e-03 2.6655e-03 ] 0.0000e+00 [ 0.0000e+00 ] 9.8558e-01
 4.647e+00 1.4346e-02 1.4346e-02 [ 1.6521e-03 2.9997e-03 7.0030e-03 2.6913e-03 ] 0.0000e+00 [ 0.0000e+00 ] 9.8565e-01
 4.760e+00 1.4282e-02 1.4282e-02 [ 1.5260e-03 2.9861e-03 7.0535e-03 2.7169e-03 ] 0.0000e+00 [ 0.0000e+00 ] 9.8572e-01
 4.873e+00 1.4228e-02 1.4228e-02 [ 1.4067e-03 2.9708e-03 7.1084e-03 2.7424e-03 ] 0.0000e+00 [ 0.0000e+00 ] 9.8577e-01
 4.987e+00 1.4183e-02 1.4183e-02 [ 1.2940e-03 2.9534e-03 7.1677e-03 2.7682e-03 ] 0.0000e+00 [ 0.0000e+00 ] 9.8582e-01
 5.100e+00 1.4148e-02 1.4148e-02 [ 1.1877e-03 2.9339e-03 7.2317e-03 2.7945e-03 ] 0.0000e+00 [ 0.0000e+00 ] 9.8585e-01
 5.213e+00 1.4121e-02 1.4121e-02 [ 1.0876e-03 2.9121e-03 7.3001e-03 2.8214e-03 ] 0.0000e+00 [ 0.0000e+00 ] 9.8588e-01
 5.327e+00 1.4104e-02 1.4104e-02 [ 9.9355e-04 2.8878e-03 7.3730e-03 2.8492e-03 ] 0.0000e+00 [ 0.0000e+00 ] 9.8590e-01
 5.440e+00 1.4095e-02 1.4095e-02 [ 9.0531e-04 2.8609e-03 7.4503e-03 2.8782e-03 ] 0.0000e+00 [ 0.0000e+00 ] 9.8591e-01
 5.553e+00 1.4095e-02 1.4095e-02 [ 8.2275e-04 2.8315e-03 7.5320e-03 2.9084e-03 ] 0.0000e+00 [ 0.0000e+00 ] 9.8591e-01
 5.667e+00 1.4103e-02 1.4103e-02 [ 7.4568e-04 2.7994e-03 7.6179e-03 2.9401e-03 ] 0.0000e+00 [ 0.0000e+00 ] 9.8590e-01
 5.780e+00 1.4120e-02 1.4120e-02 [ 6.7395e-04 2.7646e-03 7.7080e-03 2.9734e-03 ] 0.0000e+00 [ 0.0000e+00 ] 9.8588e-01
 5.893e+00 1.4145e-02 1.4145e-02 [ 6.0735e-04 2.7271e-03 7.8021e-03 3.0086e-03 ] 0.0000e+00 [ 0.0000e+00 ] 9.8585e-01
 6.007e+00 1.4179e-02 1.4179e-02 [ 5.4572e-04 2.6870e-03 7.9002e-03 3.0457e-03 ] 0.0000e+00 [ 0.0000e+00 ] 9.8582e-01
 6.120e+00 1.4220e-02 1.4220e-02 [ 4.8884e-04 2.6443e-03 8.0020e-03 3.0849e-03 ] 0.0000e+00 [ 0.0000e+00 ] 9.8578e-01
 6.233e+00 1.4269e-02 1.4269e-02 [ 4.3653e-04 2.5990e-03 8.1073e-03 3.1263e-03 ] 0.0000e+00 [ 0.0000e+00 ] 9.8573e-01
 6.347e+00 1.4326e-02 1.4326e-02 [ 3.8857e-04 2.5513e-03 8.2162e-03 3.1701e-03 ] 0.0000e+00 [ 0.0000e+00 ] 9.8567e-01
 6.460e+00 1.4391e-02 1.4391e-02 [ 3.4475e-04 2.5011e-03 8.3282e-03 3.2164e-03 ] 0.0000e+00 [ 0.0000e+00 ] 9.8561e-01
 6.573e+00 1.4462e-02 1.4462e-02 [ 3.0485e-04 2.4488e-03 8.4433e-03 3.2653e-03 ] 0.0000e+00 [ 0.0000e+00 ] 9.8554e-01
 6.687e+00 1.4541e-02 1.4541e-02 [ 2.6865e-04 2.3943e-03 8.5613e-03 3.3168e-03 ] 0.0000e+00 [ 0.0000e+00 ] 9.8546e-01
 6.800e+00 1.4627e-02 1.4627e-02 [ 2.3594e-04 2.3378e-03 8.6818e-03 3.3711e-03 ] 0.0000e+00 [ 0.0000e+00 ] 9.8537e-01
 6.913e+00 1.4719e-02 1.4719e-02 [ 2.0648e-04 2.2794e-03 8.8047e-03 3.4283e-03 ] 0.0000e+00 [ 0.0000e+00 ] 9.8528e-01
 7.027e+00 1.4818e-02 1.4818e-02 [ 1.8005e-04 2.2194e-03 8.9297e-03 3.4884e-03 ] 0.0000e+00 [ 0.0000e+00 ] 9.8518e-01
 7.140e+00 1.4922e-02 1.4922e-02 [ 1.5643e-04 2.1579e-03 9.0566e-03 3.5515e-03 ] 0.0000e+00 [ 0.0000e+00 ] 9.8508e-01
 7.253e+00 1.5033e-02 1.5033e-02 [ 1.3542e-04 2.0951e-03 9.1850e-03 3.6177e-03 ] 0.0000e+00 [ 0.0000e+00 ] 9.8497e-01
 7.367e+00 1.5149e-02 1.5149e-02 [ 1.1679e-04 2.0311e-03 9.3147e-03 3.6869e-03 ] 0.0000e+00 [ 0.0000e+00 ] 9.8485e-01
 7.480e+00 1.5271e-02 1.5271e-02 [ 1.0035e-04 1.9661e-03 9.4454e-03 3.7593e-03 ] 0.0000e+00 [ 0.0000e+00 ] 9.8473e-01
 7.593e+00 1.5398e-02 1.5398e-02 [ 8.5892e-05 1.9003e-03 9.5768e-03 3.8348e-03 ] 0.0000e+00 [ 0.0000e+00 ] 9.8460e-01
 7.707e+00 1.5529e-02 1.5529e-02 [ 7.3237e-05 1.8340e-03 9.7085e-03 3.9135e-03 ] 0.0000e+00 [ 0.0000e+00 ] 9.8447e-01
 7.820e+00 1.5665e-02 1.5665e-02 [ 6.2205e-05 1.7672e-03 9.8403e-03 3.9954e-03 ] 0.0000e+00 [ 0.0000e+00 ] 9.8433e-01
 7.933e+00 1.5805e-02 1.5805e-02 [ 5.2630e-05 1.7002e-03 9.9718e-03 4.0804e-03 ] 0.0000e+00 [ 0.0000e+00 ] 9.8419e-01
 8.047e+00 1.5949e-02 1.5949e-02 [ 4.4355e-05 1.6332e-03 1.0103e-02 4.1686e-03 ] 0.0000e+00 [ 0.0000e+00 ] 9.8405e-01
 8.160e+00 1.6096e-02 1.6096e-02 [ 3.7234e-05 1.5664e-03 1.0232e-02 4.2599e-03 ] 0.0000e+00 [ 0.0000e+00 ] 9.8390e-01
 8.273e+00 1.6246e-02 1.6246e-02 [ 3.1133e-05 1.4999e-03 1.0361e-02 4.3543e-03 ] 0.0000e+00 [ 0.0000e+00 ] 9.8375e-01
 8.387e+00 1.6399e-02 1.6399e-02 [ 2.5929e-05 1.4338e-03 1.0488e-02 4.4518e-03 ] 0.0000e+00 [ 0.0000e+00 ] 9.8360e-01
 8.500e+00 1.6555e-02 1.6555e-02 [ 2.1508e-05 1.3684e-03 1.0613e-02 4.5522e-03 ] 0.0000e+00 [ 0.0000e+00 ] 9.8345e-01
 8.613e+00 1.6712e-02 1.6712e-02 [ 1.7771e-05 1.3039e-03 1.0735e-02 4.6556e-03 ] 0.0000e+00 [ 0.0000e+00 ] 9.8329e-01
 8.727e+00 1.6871e-02 1.6871e-02 [ 1.4625e-05 1.2403e-03 1.0855e-02 4.7618e-03 ] 0.0000e+00 [ 0.0000e+00 ] 9.8313e-01
 8.840e+00 1.7032e-02 1.7032e-02 [ 1.1987e-05 1.1778e-03 1.0971e-02 4.8707e-03 ] 0.0000e+00 [ 0.0000e+00 ] 9.8297e-01
 8.953e+00 1.7193e-02 1.7193e-02 [ 9.7867e-06 1.1166e-03 1.1085e-02 4.9824e-03 ] 0.0000e+00 [ 0.0000e+00 ] 9.8281e-01
 9.067e+00 1.7356e-02 1.7356e-02 [ 7.9583e-06 1.0567e-03 1.1194e-02 5.0965e-03 ] 0.0000e+00 [ 0.0000e+00 ] 9.8264e-01
 9.180e+00 1.7518e-02 1.7518e-02 [ 6.4460e-06 9.9831e-04 1.1300e-02 5.2131e-03 ] 0.0000e+00 [ 0.0000e+00 ] 9.8248e-01
 9.293e+00 1.7680e-02 1.7680e-02 [ 5.2004e-06 9.4149e-04 1.1402e-02 5.3320e-03 ] 0.0000e+00 [ 0.0000e+00 ] 9.8232e-01
 9.407e+00 1.7842e-02 1.7842e-02 [ 4.1790e-06 8.8633e-04 1.1499e-02 5.4531e-03 ] 0.0000e+00 [ 0.0000e+00 ] 9.8216e-01
 9.520e+00 1.8003e-02 1.8003e-02 [ 3.3451e-06 8.3291e-04 1.1591e-02 5.5762e-03 ] 0.0000e+00 [ 0.0000e+00 ] 9.8200e-01
 9.633e+00 1.8163e-02 1.8163e-02 [ 2.6672e-06 7.8130e-04 1.1678e-02 5.7012e-03 ] 0.0000e+00 [ 0.0000e+00 ] 9.8184e-01
 9.747e+00 1.8322e-02 1.8322e-02 [ 2.1184e-06 7.3157e-04 1.1760e-02 5.8279e-03 ] 0.0000e+00 [ 0.0000e+00 ] 9.8168e-01
 9.860e+00 1.8478e-02 1.8478e-02 [ 1.6761e-06 6.8375e-04 1.1837e-02 5.9561e-03 ] 0.0000e+00 [ 0.0000e+00 ] 9.8152e-01
 9.973e+00 1.8633e-02 1.8633e-02 [ 1.3210e-06 6.3789e-04 1.1908e-02 6.0858e-03 ] 0.0000e+00 [ 0.0000e+00 ] 9.8137e-01
 1.009e+01 1.8786e-02 1.8786e-02 [ 1.0372e-06 5.9400e-04 1.1974e-02 6.2166e-03 ] 0.0000e+00 [ 0.0000e+00 ] 9.8121e-01
 1.020e+01 1.8935e-02 1.8935e-02 [ 8.1135e-07 5.5210e-04 1.2034e-02 6.3485e-03 ] 0.0000e+00 [ 0.0000e+00 ] 9.8106e-01
 1.031e+01 1.9082e-02 1.9082e-02 [ 6.3227e-07 5.1220e-04 1.2088e-02 6.4813e-03 ] 0.0000e+00 [ 0.0000e+00 ] 9.8092e-01
 1.043e+01 1.9226e-02 1.9226e-02 [ 4.9089e-07 4.7429e-04 1.2136e-02 6.6148e-03 ] 0.0000e+00 [ 0.0000e+00 ] 9.8077e-01
 1.054e+01 1.9366e-02 1.9366e-02 [ 3.7972e-07 4.3835e-04 1.2179e-02 6.7488e-03 ] 0.0000e+00 [ 0.0000e+00 ] 9.8063e-01
 1.065e+01 1.9503e-02 1.9503e-02 [ 2.9266e-07 4.0437e-04 1.2215e-02 6.8831e-03 ] 0.0000e+00 [ 0.0000e+00 ] 9.8050e-01
 1.077e+01 1.9636e-02 1.9636e-02 [ 2.2474e-07 3.7231e-04 1.2246e-02 7.0176e-03 ] 0.0000e+00 [ 0.0000e+00 ] 9.8036e-01
 1.088e+01 1.9765e-02 1.9765e-02 [ 1.7196e-07 3.4214e-04 1.2271e-02 7.1521e-03 ] 0.0000e+00 [ 0.0000e+00 ] 9.8024e-01
 1.099e+01 1.9890e-02 1.9890e-02 [ 1.3111e-07 3.1381e-04 1.2290e-02 7.2864e-03 ] 0.0000e+00 [ 0.0000e+00 ] 9.8011e-01
 1.111e+01 2.0011e-02 2.0011e-02 [ 9.9617e-08 2.8727e-04 1.2303e-02 7.4204e-03 ] 0.0000e+00 [ 0.0000e+00 ] 9.7999e-01
 1.122e+01 2.0127e-02 2.0127e-02 [ 7.5422e-08 2.6247e-04 1.2311e-02 7.5539e-03 ] 0.0000e+00 [ 0.0000e+00 ] 9.7987e-01
 1.133e+01 2.0239e-02 2.0239e-02 [ 5.6906e-08 2.3934e-04 1.2313e-02 7.6867e-03 ] 0.0000e+00 [ 0.0000e+00 ] 9.7976e-01
 1.145e+01 2.0346e-02 2.0346e-02 [ 4.2789e-08 2.1783e-04 1.2310e-02 7.8187e-03 ] 0.0000e+00 [ 0.0000e+00 ] 9.7965e-01
 1.156e+01 2.0449e-02 2.0449e-02 [ 3.2065e-08 1.9786e-04 1.2301e-02 7.9498e-03 ] 0.0000e+00 [ 0.0000e+00 ] 9.7955e-01
 1.167e+01 2.0547e-02 2.0547e-02 [ 2.3948e-08 1.7938e-04 1.2288e-02 8.0798e-03 ] 0.0000e+00 [ 0.0000e+00 ] 9.7945e-01
 1.179e+01 2.0640e-02 2.0640e-02 [ 1.7826e-08 1.6230e-04 1.2270e-02 8.2085e-03 ] 0.0000e+00 [ 0.0000e+00 ] 9.7936e-01
 1.190e+01 2.0729e-02 2.0729e-02 [ 1.3225e-08 1.4656e-04 1.2247e-02 8.3360e-03 ] 0.0000e+00 [ 0.0000e+00 ] 9.7927e-01
 1.201e+01 2.0813e-02 2.0813e-02 [ 9.7801e-09 1.3209e-04 1.2219e-02 8.4620e-03 ] 0.0000e+00 [ 0.0000e+00 ] 9.7919e-01
 1.213e+01 2.0892e-02 2.0892e-02 [ 7.2089e-09 1.1881e-04 1.2187e-02 8.5864e-03 ] 0.0000e+00 [ 0.0000e+00 ] 9.7911e-01
 1.224e+01 2.0967e-02 2.0967e-02 [ 5.2967e-09 1.0666e-04 1.2151e-02 8.7093e-03 ] 0.0000e+00 [ 0.0000e+00 ] 9.7903e-01
 1.235e+01 2.1037e-02 2.1037e-02 [ 3.8793e-09 9.5558e-05 1.2111e-02 8.8303e-03 ] 0.0000e+00 [ 0.0000e+00 ] 9.7896e-01
 1.247e+01 2.1103e-02 2.1103e-02 [ 2.8323e-09 8.5445e-05 1.2067e-02 8.9496e-03 ] 0.0000e+00 [ 0.0000e+00 ] 9.7890e-01
 1.258e+01 2.1164e-02 2.1164e-02 [ 2.0614e-09 7.6251e-05 1.2020e-02 9.0670e-03 ] 0.0000e+00 [ 0.0000e+00 ] 9.7884e-01
 1.269e+01 2.1220e-02 2.1220e-02 [ 1.4956e-09 6.7912e-05 1.1970e-02 9.1825e-03 ] 0.0000e+00 [ 0.0000e+00 ] 9.7878e-01
 1.281e+01 2.1272e-02 2.1272e-02 [ 1.0819e-09 6.0364e-05 1.1916e-02 9.2959e-03 ] 0.0000e+00 [ 0.0000e+00 ] 9.7873e-01
 1.292e+01 2.1320e-02 2.1320e-02 [ 7.8016e-10 5.3549e-05 1.1859e-02 9.4073e-03 ] 0.0000e+00 [ 0.0000e+00 ] 9.7868e-01
 1.303e+01 2.1364e-02 2.1364e-02 [ 5.6090e-10 4.7409e-05 1.1800e-02 9.5167e-03 ] 0.0000e+00 [ 0.0000e+00 ] 9.7864e-01
 1.315e+01 2.1404e-02 2.1404e-02 [ 4.0205e-10 4.1889e-05 1.1738e-02 9.6239e-03 ] 0.0000e+00 [ 0.0000e+00 ] 9.7860e-01
 1.326e+01 2.1439e-02 2.1439e-02 [ 2.8733e-10 3.6938e-05 1.1673e-02 9.7290e-03 ] 0.0000e+00 [ 0.0000e+00 ] 9.7856e-01
 1.337e+01 2.1471e-02 2.1471e-02 [ 2.0474e-10 3.2507e-05 1.1607e-02 9.8320e-03 ] 0.0000e+00 [ 0.0000e+00 ] 9.7853e-01
 1.349e+01 2.1499e-02 2.1499e-02 [ 1.4546e-10 2.8551e-05 1.1538e-02 9.9328e-03 ] 0.0000e+00 [ 0.0000e+00 ] 9.7850e-01
 1.360e+01 2.1523e-02 2.1523e-02 [ 1.0305e-10 2.5026e-05 1.1467e-02 1.0031e-02 ] 0.0000e+00 [ 0.0000e+00 ] 9.7848e-01
 1.371e+01 2.1544e-02 2.1544e-02 [ 7.2789e-11 2.1892e-05 1.1395e-02 1.0128e-02 ] 0.0000e+00 [ 0.0000e+00 ] 9.7846e-01
 1.383e+01 2.1562e-02 2.1562e-02 [ 5.1268e-11 1.9112e-05 1.1320e-02 1.0222e-02 ] 0.0000e+00 [ 0.0000e+00 ] 9.7844e-01
 1.394e+01 2.1576e-02 2.1576e-02 [ 3.6007e-11 1.6651e-05 1.1245e-02 1.0314e-02 ] 0.0000e+00 [ 0.0000e+00 ] 9.7842e-01
 1.405e+01 2.1587e-02 2.1587e-02 [ 2.5218e-11 1.4478e-05 1.1168e-02 1.0404e-02 ] 0.0000e+00 [ 0.0000e+00 ] 9.7841e-01
 1.417e+01 2.1594e-02 2.1594e-02 [ 1.7612e-11 1.2563e-05 1.1090e-02 1.0492e-02 ] 0.0000e+00 [ 0.0000e+00 ] 9.7841e-01
 1.428e+01 2.1599e-02 2.1599e-02 [ 1.2266e-11 1.0880e-05 1.1010e-02 1.0578e-02 ] 0.0000e+00 [ 0.0000e+00 ] 9.7840e-01
 1.439e+01 2.1601e-02 2.1601e-02 [ 8.5188e-12 9.4028e-06 1.0930e-02 1.0661e-02 ] 0.0000e+00 [ 0.0000e+00 ] 9.7840e-01
 1.451e+01 2.1600e-02 2.1600e-02 [ 5.9002e-12 8.1098e-06 1.0849e-02 1.0743e-02 ] 0.0000e+00 [ 0.0000e+00 ] 9.7840e-01
 1.462e+01 2.1596e-02 2.1596e-02 [ 4.0754e-12 6.9804e-06 1.0767e-02 1.0823e-02 ] 0.0000e+00 [ 0.0000e+00 ] 9.7840e-01
 1.473e+01 2.1590e-02 2.1590e-02 [ 2.8073e-12 5.9961e-06 1.0684e-02 1.0900e-02 ] 0.0000e+00 [ 0.0000e+00 ] 9.7841e-01
 1.485e+01 2.1581e-02 2.1581e-02 [ 1.9286e-12 5.1401e-06 1.0600e-02 1.0976e-02 ] 0.0000e+00 [ 0.0000e+00 ] 9.7842e-01
 1.496e+01 2.1570e-02 2.1570e-02 [ 1.3214e-12 4.3973e-06 1.0516e-02 1.1050e-02 ] 0.0000e+00 [ 0.0000e+00 ] 9.7843e-01
 1.507e+01 2.1557e-02 2.1557e-02 [ 9.0295e-13 3.7542e-06 1.0432e-02 1.1121e-02 ] 0.0000e+00 [ 0.0000e+00 ] 9.7844e-01
 1.519e+01 2.1541e-02 2.1541e-02 [ 6.1539e-13 3.1986e-06 1.0347e-02 1.1191e-02 ] 0.0000e+00 [ 0.0000e+00 ] 9.7846e-01
 1.530e+01 2.1524e-02 2.1524e-02 [ 4.1830e-13 2.7196e-06 1.0261e-02 1.1260e-02 ] 0.0000e+00 [ 0.0000e+00 ] 9.7848e-01
 1.541e+01 2.1504e-02 2.1504e-02 [ 2.8360e-13 2.3076e-06 1.0175e-02 1.1326e-02 ] 0.0000e+00 [ 0.0000e+00 ] 9.7850e-01
 1.553e+01 2.1482e-02 2.1482e-02 [ 1.9177e-13 1.9540e-06 1.0089e-02 1.1391e-02 ] 0.0000e+00 [ 0.0000e+00 ] 9.7852e-01
 1.564e+01 2.1458e-02 2.1458e-02 [ 1.2934e-13 1.6512e-06 1.0003e-02 1.1454e-02 ] 0.0000e+00 [ 0.0000e+00 ] 9.7854e-01
 1.575e+01 2.1433e-02 2.1433e-02 [ 8.7016e-14 1.3925e-06 9.9164e-03 1.1515e-02 ] 0.0000e+00 [ 0.0000e+00 ] 9.7857e-01
 1.587e+01 2.1406e-02 2.1406e-02 [ 5.8391e-14 1.1718e-06 9.8297e-03 1.1575e-02 ] 0.0000e+00 [ 0.0000e+00 ] 9.7859e-01
 1.598e+01 2.1377e-02 2.1377e-02 [ 3.9084e-14 9.8414e-07 9.7428e-03 1.1633e-02 ] 0.0000e+00 [ 0.0000e+00 ] 9.7862e-01
 1.609e+01 2.1346e-02 2.1346e-02 [ 2.6095e-14 8.2480e-07 9.6558e-03 1.1690e-02 ] 0.0000e+00 [ 0.0000e+00 ] 9.7865e-01
 1.621e+01 2.1314e-02 2.1314e-02 [ 1.7379e-14 6.8983e-07 9.5687e-03 1.1745e-02 ] 0.0000e+00 [ 0.0000e+00 ] 9.7869e-01
 1.632e+01 2.1280e-02 2.1280e-02 [ 1.1546e-14 5.7575e-07 9.4816e-03 1.1798e-02 ] 0.0000e+00 [ 0.0000e+00 ] 9.7872e-01
 1.643e+01 2.1245e-02 2.1245e-02 [ 7.6517e-15 4.7954e-07 9.3944e-03 1.1850e-02 ] 0.0000e+00 [ 0.0000e+00 ] 9.7875e-01
 1.655e+01 2.1209e-02 2.1209e-02 [ 5.0585e-15 3.9858e-07 9.3071e-03 1.1901e-02 ] 0.0000e+00 [ 0.0000e+00 ] 9.7879e-01
 1.666e+01 2.1171e-02 2.1171e-02 [ 3.3361e-15 3.3060e-07 9.2199e-03 1.1951e-02 ] 0.0000e+00 [ 0.0000e+00 ] 9.7883e-01
 1.677e+01 2.1132e-02 2.1132e-02 [ 2.1948e-15 2.7365e-07 9.1327e-03 1.1999e-02 ] 0.0000e+00 [ 0.0000e+00 ] 9.7887e-01
 1.689e+01 2.1092e-02 2.1092e-02 [ 1.4405e-15 2.2603e-07 9.0455e-03 1.2046e-02 ] 0.0000e+00 [ 0.0000e+00 ] 9.7891e-01
 1.700e+01 2.1050e-02 2.1050e-02 [ 9.4319e-16 1.8632e-07 8.9583e-03 1.2092e-02 ] 0.0000e+00 [ 0.0000e+00 ] 9.7895e-01
 1.711e+01 2.1007e-02 2.1007e-02 [ 6.1611e-16 1.5326e-07 8.8712e-03 1.2136e-02 ] 0.0000e+00 [ 0.0000e+00 ] 9.7899e-01
 1.723e+01 2.0963e-02 2.0963e-02 [ 4.0150e-16 1.2581e-07 8.7841e-03 1.2179e-02 ] 0.0000e+00 [ 0.0000e+00 ] 9.7904e-01
 1.734e+01 2.0918e-02 2.0918e-02 [ 2.6104e-16 1.0305e-07 8.6971e-03 1.2221e-02 ] 0.0000e+00 [ 0.0000e+00 ] 9.7908e-01
 1.745e+01 2.0872e-02 2.0872e-02 [ 1.6932e-16 8.4242e-08 8.6102e-03 1.2262e-02 ] 0.0000e+00 [ 0.0000e+00 ] 9.7913e-01
 1.757e+01 2.0825e-02 2.0825e-02 [ 1.0958e-16 6.8720e-08 8.5233e-03 1.2302e-02 ] 0.0000e+00 [ 0.0000e+00 ] 9.7917e-01
 1.768e+01 2.0777e-02 2.0777e-02 [ 7.0752e-17 5.5941e-08 8.4365e-03 1.2341e-02 ] 0.0000e+00 [ 0.0000e+00 ] 9.7922e-01
 1.779e+01 2.0728e-02 2.0728e-02 [ 4.5579e-17 4.5443e-08 8.3497e-03 1.2378e-02 ] 0.0000e+00 [ 0.0000e+00 ] 9.7927e-01
 1.791e+01 2.0678e-02 2.0678e-02 [ 2.9295e-17 3.6838e-08 8.2631e-03 1.2415e-02 ] 0.0000e+00 [ 0.0000e+00 ] 9.7932e-01
 1.802e+01 2.0627e-02 2.0627e-02 [ 1.8787e-17 2.9801e-08 8.1766e-03 1.2451e-02 ] 0.0000e+00 [ 0.0000e+00 ] 9.7937e-01
 1.813e+01 2.0576e-02 2.0576e-02 [ 1.2021e-17 2.4057e-08 8.0901e-03 1.2486e-02 ] 0.0000e+00 [ 0.0000e+00 ] 9.7942e-01
 1.825e+01 2.0523e-02 2.0523e-02 [ 7.6751e-18 1.9380e-08 8.0037e-03 1.2519e-02 ] 0.0000e+00 [ 0.0000e+00 ] 9.7948e-01
 1.836e+01 2.0470e-02 2.0470e-02 [ 4.8894e-18 1.5580e-08 7.9175e-03 1.2552e-02 ] 0.0000e+00 [ 0.0000e+00 ] 9.7953e-01
 1.847e+01 2.0415e-02 2.0415e-02 [ 3.1079e-18 1.2498e-08 7.8313e-03 1.2584e-02 ] 0.0000e+00 [ 0.0000e+00 ] 9.7958e-01
 1.859e+01 2.0360e-02 2.0360e-02 [ 1.9712e-18 1.0005e-08 7.7452e-03 1.2615e-02 ] 0.0000e+00 [ 0.0000e+00 ] 9.7964e-01
 1.870e+01 2.0304e-02 2.0304e-02 [ 1.2476e-18 7.9931e-09 7.6593e-03 1.2645e-02 ] 0.0000e+00 [ 0.0000e+00 ] 9.7970e-01
 1.881e+01 2.0248e-02 2.0248e-02 [ 7.8789e-19 6.3722e-09 7.5734e-03 1.2674e-02 ] 0.0000e+00 [ 0.0000e+00 ] 9.7975e-01
 1.893e+01 2.0190e-02 2.0190e-02 [ 4.9652e-19 5.0694e-09 7.4876e-03 1.2703e-02 ] 0.0000e+00 [ 0.0000e+00 ] 9.7981e-01
 1.904e+01 2.0132e-02 2.0132e-02 [ 3.1223e-19 4.0245e-09 7.4020e-03 1.2730e-02 ] 0.0000e+00 [ 0.0000e+00 ] 9.7987e-01
 1.915e+01 2.0073e-02 2.0073e-02 [ 1.9593e-19 3.1883e-09 7.3164e-03 1.2757e-02 ] 0.0000e+00 [ 0.0000e+00 ] 9.7993e-01
 1.927e+01 2.0013e-02 2.0013e-02 [ 1.2269e-19 2.5206e-09 7.2310e-03 1.2783e-02 ] 0.0000e+00 [ 0.0000e+00 ] 9.7999e-01
 1.938e+01 1.9953e-02 1.9953e-02 [ 7.6670e-20 1.9886e-09 7.1456e-03 1.2808e-02 ] 0.0000e+00 [ 0.0000e+00 ] 9.8005e-01
 1.949e+01 1.9892e-02 1.9892e-02 [ 4.7811e-20 1.5655e-09 7.0604e-03 1.2832e-02 ] 0.0000e+00 [ 0.0000e+00 ] 9.8011e-01
 1.961e+01 1.9830e-02 1.9830e-02 [ 2.9754e-20 1.2300e-09 6.9753e-03 1.2855e-02 ] 0.0000e+00 [ 0.0000e+00 ] 9.8017e-01
 1.972e+01 1.9768e-02 1.9768e-02 [ 1.8478e-20 9.6429e-10 6.8903e-03 1.2878e-02 ] 0.0000e+00 [ 0.0000e+00 ] 9.8023e-01
 1.983e+01 1.9705e-02 1.9705e-02 [ 1.1452e-20 7.5443e-10 6.8054e-03 1.2900e-02 ] 0.0000e+00 [ 0.0000e+00 ] 9.8030e-01
 1.995e+01 1.9641e-02 1.9641e-02 [ 7.0834e-21 5.8901e-10 6.7206e-03 1.2921e-02 ] 0.0000e+00 [ 0.0000e+00 ] 9.8036e-01
 2.006e+01 1.9577e-02 1.9577e-02 [ 4.3723e-21 4.5891e-10 6.6359e-03 1.2941e-02 ] 0.0000e+00 [ 0.0000e+00 ] 9.8042e-01
 2.017e+01 1.9512e-02 1.9512e-02 [ 2.6935e-21 3.5680e-10 6.5514e-03 1.2960e-02 ] 0.0000e+00 [ 0.0000e+00 ] 9.8049e-01
 2.029e+01 1.9446e-02 1.9446e-02 [ 1.6559e-21 2.7683e-10 6.4669e-03 1.2979e-02 ] 0.0000e+00 [ 0.0000e+00 ] 9.8055e-01
 2.040e+01 1.9379e-02 1.9379e-02 [ 1.0160e-21 2.1434e-10 6.3826e-03 1.2997e-02 ] 0.0000e+00 [ 0.0000e+00 ] 9.8062e-01
 2.051e+01 1.9312e-02 1.9312e-02 [ 6.2219e-22 1.6561e-10 6.2985e-03 1.3014e-02 ] 0.0000e+00 [ 0.0000e+00 ] 9.8069e-01
 2.063e+01 1.9244e-02 1.9244e-02 [ 3.8026e-22 1.2770e-10 6.2144e-03 1.3030e-02 ] 0.0000e+00 [ 0.0000e+00 ] 9.8076e-01
 2.074e+01 1.9176e-02 1.9176e-02 [ 2.3194e-22 9.8257e-11 6.1305e-03 1.3045e-02 ] 0.0000e+00 [ 0.0000e+00 ] 9.8082e-01
 2.085e+01 1.9107e-02 1.9107e-02 [ 1.4120e-22 7.5447e-11 6.0467e-03 1.3060e-02 ] 0.0000e+00 [ 0.0000e+00 ] 9.8089e-01
 2.097e+01 1.9037e-02 1.9037e-02 [ 8.5794e-23 5.7813e-11 5.9631e-03 1.3074e-02 ] 0.0000e+00 [ 0.0000e+00 ] 9.8096e-01
 2.108e+01 1.8966e-02 1.8966e-02 [ 5.2028e-23 4.4209e-11 5.8796e-03 1.3087e-02 ] 0.0000e+00 [ 0.0000e+00 ] 9.8103e-01
 2.119e+01 1.8895e-02 1.8895e-02 [ 3.1490e-23 3.3736e-11 5.7963e-03 1.3099e-02 ] 0.0000e+00 [ 0.0000e+00 ] 9.8111e-01
 2.131e+01 1.8823e-02 1.8823e-02 [ 1.9023e-23 2.5690e-11 5.7131e-03 1.3110e-02 ] 0.0000e+00 [ 0.0000e+00 ] 9.8118e-01
 2.142e+01 1.8750e-02 1.8750e-02 [ 1.1470e-23 1.9523e-11 5.6300e-03 1.3120e-02 ] 0.0000e+00 [ 0.0000e+00 ] 9.8125e-01
 2.153e+01 1.8677e-02 1.8677e-02 [ 6.9026e-24 1.4806e-11 5.5472e-03 1.3130e-02 ] 0.0000e+00 [ 0.0000e+00 ] 9.8132e-01
 2.165e+01 1.8603e-02 1.8603e-02 [ 4.1461e-24 1.1205e-11 5.4645e-03 1.3138e-02 ] 0.0000e+00 [ 0.0000e+00 ] 9.8140e-01
 2.176e+01 1.8528e-02 1.8528e-02 [ 2.4857e-24 8.4630e-12 5.3820e-03 1.3146e-02 ] 0.0000e+00 [ 0.0000e+00 ] 9.8147e-01
 2.187e+01 1.8452e-02 1.8452e-02 [ 1.4875e-24 6.3785e-12 5.2997e-03 1.3153e-02 ] 0.0000e+00 [ 0.0000e+00 ] 9.8155e-01
 2.199e+01 1.8376e-02 1.8376e-02 [ 8.8843e-25 4.7976e-12 5.2175e-03 1.3158e-02 ] 0.0000e+00 [ 0.0000e+00 ] 9.8162e-01
 2.210e+01 1.8299e-02 1.8299e-02 [ 5.2965e-25 3.6011e-12 5.1356e-03 1.3163e-02 ] 0.0000e+00 [ 0.0000e+00 ] 9.8170e-01
 2.221e+01 1.8221e-02 1.8221e-02 [ 3.1517e-25 2.6974e-12 5.0539e-03 1.3167e-02 ] 0.0000e+00 [ 0.0000e+00 ] 9.8178e-01
 2.233e+01 1.8142e-02 1.8142e-02 [ 1.8719e-25 2.0163e-12 4.9724e-03 1.3169e-02 ] 0.0000e+00 [ 0.0000e+00 ] 9.8186e-01
 2.244e+01 1.8062e-02 1.8062e-02 [ 1.1098e-25 1.5042e-12 4.8911e-03 1.3171e-02 ] 0.0000e+00 [ 0.0000e+00 ] 9.8194e-01
 2.255e+01 1.7981e-02 1.7981e-02 [ 6.5671e-26 1.1198e-12 4.8100e-03 1.3171e-02 ] 0.0000e+00 [ 0.0000e+00 ] 9.8202e-01
 2.267e+01 1.7900e-02 1.7900e-02 [ 3.8789e-26 8.3191e-13 4.7292e-03 1.3171e-02 ] 0.0000e+00 [ 0.0000e+00 ] 9.8210e-01
 2.278e+01 1.7817e-02 1.7817e-02 [ 2.2869e-26 6.1678e-13 4.6486e-03 1.3169e-02 ] 0.0000e+00 [ 0.0000e+00 ] 9.8218e-01
 2.289e+01 1.7734e-02 1.7734e-02 [ 1.3458e-26 4.5634e-13 4.5683e-03 1.3166e-02 ] 0.0000e+00 [ 0.0000e+00 ] 9.8227e-01
 2.301e+01 1.7650e-02 1.7650e-02 [ 7.9053e-27 3.3695e-13 4.4883e-03 1.3162e-02 ] 0.0000e+00 [ 0.0000e+00 ] 9.8235e-01
 2.312e+01 1.7565e-02 1.7565e-02 [ 4.6351e-27 2.4829e-13 4.4086e-03 1.3156e-02 ] 0.0000e+00 [ 0.0000e+00 ] 9.8244e-01
 2.323e+01 1.7478e-02 1.7478e-02 [ 2.7127e-27 1.8258e-13 4.3291e-03 1.3149e-02 ] 0.0000e+00 [ 0.0000e+00 ] 9.8252e-01
 2.335e+01 1.7391e-02 1.7391e-02 [ 1.5847e-27 1.3399e-13 4.2500e-03 1.3141e-02 ] 0.0000e+00 [ 0.0000e+00 ] 9.8261e-01
 2.346e+01 1.7303e-02 1.7303e-02 [ 9.2408e-28 9.8126e-14 4.1712e-03 1.3132e-02 ] 0.0000e+00 [ 0.0000e+00 ] 9.8270e-01
 2.357e+01 1.7213e-02 1.7213e-02 [ 5.3787e-28 7.1717e-14 4.0927e-03 1.3121e-02 ] 0.0000e+00 [ 0.0000e+00 ] 9.8279e-01
 2.369e+01 1.7123e-02 1.7123e-02 [ 3.1249e-28 5.2309e-14 4.0146e-03 1.3108e-02 ] 0.0000e+00 [ 0.0000e+00 ] 9.8288e-01
 2.380e+01 1.7031e-02 1.7031e-02 [ 1.8123e-28 3.8075e-14 3.9368e-03 1.3094e-02 ] 0.0000e+00 [ 0.0000e+00 ] 9.8297e-01
 2.391e+01 1.6938e-02 1.6938e-02 [ 1.0491e-28 2.7658e-14 3.8594e-03 1.3079e-02 ] 0.0000e+00 [ 0.0000e+00 ] 9.8306e-01
 2.403e+01 1.6844e-02 1.6844e-02 [ 6.0616e-29 2.0050e-14 3.7824e-03 1.3062e-02 ] 0.0000e+00 [ 0.0000e+00 ] 9.8316e-01
 2.414e+01 1.6749e-02 1.6749e-02 [ 3.4961e-29 1.4505e-14 3.7057e-03 1.3043e-02 ] 0.0000e+00 [ 0.0000e+00 ] 9.8325e-01
 2.425e+01 1.6652e-02 1.6652e-02 [ 2.0127e-29 1.0473e-14 3.6295e-03 1.3023e-02 ] 0.0000e+00 [ 0.0000e+00 ] 9.8335e-01
 2.437e+01 1.6555e-02 1.6555e-02 [ 1.1566e-29 7.5459e-15 3.5538e-03 1.3001e-02 ] 0.0000e+00 [ 0.0000e+00 ] 9.8345e-01
 2.448e+01 1.6456e-02 1.6456e-02 [ 6.6345e-30 5.4259e-15 3.4785e-03 1.2977e-02 ] 0.0000e+00 [ 0.0000e+00 ] 9.8354e-01
 2.459e+01 1.6355e-02 1.6355e-02 [ 3.7986e-30 3.8937e-15 3.4036e-03 1.2951e-02 ] 0.0000e+00 [ 0.0000e+00 ] 9.8364e-01
 2.471e+01 1.6253e-02 1.6253e-02 [ 2.1709e-30 2.7884e-15 3.3292e-03 1.2924e-02 ] 0.0000e+00 [ 0.0000e+00 ] 9.8375e-01
 2.482e+01 1.6150e-02 1.6150e-02 [ 1.2384e-30 1.9929e-15 3.2554e-03 1.2895e-02 ] 0.0000e+00 [ 0.0000e+00 ] 9.8385e-01
 2.493e+01 1.6045e-02 1.6045e-02 [ 7.0516e-31 1.4214e-15 3.1820e-03 1.2863e-02 ] 0.0000e+00 [ 0.0000e+00 ] 9.8395e-01
 2.505e+01 1.5939e-02 1.5939e-02 [ 4.0078e-31 1.0118e-15 3.1092e-03 1.2830e-02 ] 0.0000e+00 [ 0.0000e+00 ] 9.8406e-01
 2.516e+01 1.5832e-02 1.5832e-02 [ 2.2737e-31 7.1872e-16 3.0369e-03 1.2795e-02 ] 0.0000e+00 [ 0.0000e+00 ] 9.8417e-01
 2.527e+01 1.5723e-02 1.5723e-02 [ 1.2875e-31 5.0952e-16 2.9652e-03 1.2758e-02 ] 0.0000e+00 [ 0.0000e+00 ] 9.8428e-01
 2.539e+01 1.5612e-02 1.5612e-02 [ 7.2770e-32 3.6048e-16 2.8940e-03 1.2718e-02 ] 0.0000e+00 [ 0.0000e+00 ] 9.8439e-01
 2.550e+01 1.5500e-02 1.5500e-02 [ 4.1054e-32 2.5452e-16 2.8235e-03 1.2676e-02 ] 0.0000e+00 [ 0.0000e+00 ] 9.8450e-01
 2.561e+01 1.5386e-02 1.5386e-02 [ 2.3118e-32 1.7934e-16 2.7536e-03 1.2632e-02 ] 0.0000e+00 [ 0.0000e+00 ] 9.8461e-01
 2.573e+01 1.5271e-02 1.5271e-02 [ 1.2994e-32 1.2611e-16 2.6843e-03 1.2586e-02 ] 0.0000e+00 [ 0.0000e+00 ] 9.8473e-01
 2.584e+01 1.5154e-02 1.5154e-02 [ 7.2896e-33 8.8505e-17 2.6157e-03 1.2538e-02 ] 0.0000e+00 [ 0.0000e+00 ] 9.8485e-01
 2.595e+01 1.5035e-02 1.5035e-02 [ 4.0819e-33 6.1986e-17 2.5477e-03 1.2487e-02 ] 0.0000e+00 [ 0.0000e+00 ] 9.8497e-01
 2.607e+01 1.4914e-02 1.4914e-02 [ 2.2814e-33 4.3325e-17 2.4805e-03 1.2434e-02 ] 0.0000e+00 [ 0.0000e+00 ] 9.8509e-01
 2.618e+01 1.4792e-02 1.4792e-02 [ 1.2726e-33 3.0221e-17 2.4139e-03 1.2378e-02 ] 0.0000e+00 [ 0.0000e+00 ] 9.8521e-01
 2.629e+01 1.4669e-02 1.4669e-02 [ 7.0859e-34 2.1038e-17 2.3481e-03 1.2320e-02 ] 0.0000e+00 [ 0.0000e+00 ] 9.8533e-01
 2.641e+01 1.4543e-02 1.4543e-02 [ 3.9379e-34 1.4615e-17 2.2830e-03 1.2260e-02 ] 0.0000e+00 [ 0.0000e+00 ] 9.8546e-01
 2.652e+01 1.4416e-02 1.4416e-02 [ 2.1842e-34 1.0133e-17 2.2187e-03 1.2197e-02 ] 0.0000e+00 [ 0.0000e+00 ] 9.8558e-01
 2.663e+01 1.4287e-02 1.4287e-02 [ 1.2092e-34 7.0111e-18 2.1552e-03 1.2131e-02 ] 0.0000e+00 [ 0.0000e+00 ] 9.8571e-01
 2.675e+01 1.4156e-02 1.4156e-02 [ 6.6814e-35 4.8413e-18 2.0925e-03 1.2063e-02 ] 0.0000e+00 [ 0.0000e+00 ] 9.8584e-01
 2.686e+01 1.4023e-02 1.4023e-02 [ 3.6847e-35 3.3362e-18 2.0306e-03 1.1993e-02 ] 0.0000e+00 [ 0.0000e+00 ] 9.8598e-01
 2.697e+01 1.3889e-02 1.3889e-02 [ 2.0281e-35 2.2944e-18 1.9696e-03 1.1919e-02 ] 0.0000e+00 [ 0.0000e+00 ] 9.8611e-01
 2.709e+01 1.3753e-02 1.3753e-02 [ 1.1141e-35 1.5747e-18 1.9094e-03 1.1843e-02 ] 0.0000e+00 [ 0.0000e+00 ] 9.8625e-01
 2.720e+01 1.3615e-02 1.3615e-02 [ 6.1085e-36 1.0786e-18 1.8501e-03 1.1765e-02 ] 0.0000e+00 [ 0.0000e+00 ] 9.8639e-01
 2.731e+01 1.3475e-02 1.3475e-02 [ 3.3426e-36 7.3728e-19 1.7916e-03 1.1684e-02 ] 0.0000e+00 [ 0.0000e+00 ] 9.8652e-01
 2.743e+01 1.3334e-02 1.3334e-02 [ 1.8255e-36 5.0295e-19 1.7341e-03 1.1600e-02 ] 0.0000e+00 [ 0.0000e+00 ] 9.8667e-01
 2.754e+01 1.3191e-02 1.3191e-02 [ 9.9498e-37 3.4241e-19 1.6775e-03 1.1513e-02 ] 0.0000e+00 [ 0.0000e+00 ] 9.8681e-01
 2.765e+01 1.3046e-02 1.3046e-02 [ 5.4124e-37 2.3263e-19 1.6219e-03 1.1424e-02 ] 0.0000e+00 [ 0.0000e+00 ] 9.8695e-01
 2.777e+01 1.2899e-02 1.2899e-02 [ 2.9384e-37 1.5773e-19 1.5671e-03 1.1332e-02 ] 0.0000e+00 [ 0.0000e+00 ] 9.8710e-01
 2.788e+01 1.2751e-02 1.2751e-02 [ 1.5920e-37 1.0673e-19 1.5134e-03 1.1237e-02 ] 0.0000e+00 [ 0.0000e+00 ] 9.8725e-01
 2.799e+01 1.2601e-02 1.2601e-02 [ 8.6085e-38 7.2074e-20 1.4606e-03 1.1140e-02 ] 0.0000e+00 [ 0.0000e+00 ] 9.8740e-01
 2.811e+01 1.2449e-02 1.2449e-02 [ 4.6455e-38 4.8571e-20 1.4089e-03 1.1040e-02 ] 0.0000e+00 [ 0.0000e+00 ] 9.8755e-01
 2.822e+01 1.2296e-02 1.2296e-02 [ 2.5018e-38 3.2666e-20 1.3581e-03 1.0938e-02 ] 0.0000e+00 [ 0.0000e+00 ] 9.8770e-01
 2.833e+01 1.2141e-02 1.2141e-02 [ 1.3446e-38 2.1925e-20 1.3083e-03 1.0833e-02 ] 0.0000e+00 [ 0.0000e+00 ] 9.8786e-01
 2.845e+01 1.1985e-02 1.1985e-02 [ 7.2122e-39 1.4685e-20 1.2596e-03 1.0725e-02 ] 0.0000e+00 [ 0.0000e+00 ] 9.8802e-01
 2.856e+01 1.1827e-02 1.1827e-02 [ 3.8605e-39 9.8162e-21 1.2119e-03 1.0615e-02 ] 0.0000e+00 [ 0.0000e+00 ] 9.8817e-01
 2.867e+01 1.1668e-02 1.1668e-02 [ 2.0622e-39 6.5482e-21 1.1653e-03 1.0503e-02 ] 0.0000e+00 [ 0.0000e+00 ] 9.8833e-01
 2.879e+01 1.1507e-02 1.1507e-02 [ 1.0993e-39 4.3593e-21 1.1197e-03 1.0388e-02 ] 0.0000e+00 [ 0.0000e+00 ] 9.8849e-01
 2.890e+01 1.1345e-02 1.1345e-02 [ 5.8481e-40 2.8961e-21 1.0751e-03 1.0270e-02 ] 0.0000e+00 [ 0.0000e+00 ] 9.8865e-01
 2.901e+01 1.1182e-02 1.1182e-02 [ 3.1046e-40 1.9201e-21 1.0317e-03 1.0150e-02 ] 0.0000e+00 [ 0.0000e+00 ] 9.8882e-01
 2.913e+01 1.1018e-02 1.1018e-02 [ 1.6448e-40 1.2704e-21 9.8927e-04 1.0028e-02 ] 0.0000e+00 [ 0.0000e+00 ] 9.8898e-01
 2.924e+01 1.0852e-02 1.0852e-02 [ 8.6954e-41 8.3887e-22 9.4795e-04 9.9040e-03 ] 0.0000e+00 [ 0.0000e+00 ] 9.8915e-01
 2.935e+01 1.0685e-02 1.0685e-02 [ 4.5874e-41 5.5277e-22 9.0770e-04 9.7775e-03 ] 0.0000e+00 [ 0.0000e+00 ] 9.8931e-01
 2.947e+01 1.0518e-02 1.0518e-02 [ 2.4151e-41 3.6349e-22 8.6854e-04 9.6490e-03 ] 0.0000e+00 [ 0.0000e+00 ] 9.8948e-01
 2.958e+01 1.0349e-02 1.0349e-02 [ 1.2688e-41 2.3854e-22 8.3045e-04 9.5185e-03 ] 0.0000e+00 [ 0.0000e+00 ] 9.8965e-01
 2.969e+01 1.0179e-02 1.0179e-02 [ 6.6516e-42 1.5622e-22 7.9344e-04 9.3860e-03 ] 0.0000e+00 [ 0.0000e+00 ] 9.8982e-01
 2.981e+01 1.0009e-02 1.0009e-02 [ 3.4797e-42 1.0210e-22 7.5750e-04 9.2517e-03 ] 0.0000e+00 [ 0.0000e+00 ] 9.8999e-01
 2.992e+01 9.8383e-03 9.8383e-03 [ 1.8165e-42 6.6588e-23 7.2264e-04 9.1157e-03 ] 0.0000e+00 [ 0.0000e+00 ] 9.9016e-01
 3.003e+01 9.6668e-03 9.6668e-03 [ 9.4627e-43 4.3340e-23 6.8885e-04 8.9779e-03 ] 0.0000e+00 [ 0.0000e+00 ] 9.9033e-01
 3.015e+01 9.4947e-03 9.4947e-03 [ 4.9188e-43 2.8150e-23 6.5612e-04 8.8386e-03 ] 0.0000e+00 [ 0.0000e+00 ] 9.9051e-01
 3.026e+01 9.3223e-03 9.3223e-03 [ 2.5514e-43 1.8246e-23 6.2445e-04 8.6978e-03 ] 0.0000e+00 [ 0.0000e+00 ] 9.9068e-01
 3.037e+01 9.1495e-03 9.1495e-03 [ 1.3206e-43 1.1803e-23 5.9384e-04 8.5557e-03 ] 0.0000e+00 [ 0.0000e+00 ] 9.9085e-01
 3.049e+01 8.9765e-03 8.9765e-03 [ 6.8206e-44 7.6188e-24 5.6426e-04 8.4123e-03 ] 0.0000e+00 [ 0.0000e+00 ] 9.9102e-01
 3.060e+01 8.8034e-03 8.8034e-03 [ 3.5152e-44 4.9078e-24 5.3571e-04 8.2677e-03 ] 0.0000e+00 [ 0.0000e+00 ] 9.9120e-01
 3.071e+01 8.6303e-03 8.6303e-03 [ 1.8077e-44 3.1550e-24 5.0818e-04 8.1221e-03 ] 0.0000e+00 [ 0.0000e+00 ] 9.9137e-01
 3.083e+01 8.4572e-03 8.4572e-03 [ 9.2766e-45 2.0240e-24 4.8166e-04 7.9755e-03 ] 0.0000e+00 [ 0.0000e+00 ] 9.9154e-01
 3.094e+01 8.2843e-03 8.2843e-03 [ 4.7501e-45 1.2957e-24 4.5613e-04 7.8281e-03 ] 0.0000e+00 [ 0.0000e+00 ] 9.9172e-01
 3.105e+01 8.1116e-03 8.1116e-03 [ 2.4270e-45 8.2780e-25 4.3159e-04 7.6801e-03 ] 0.0000e+00 [ 0.0000e+00 ] 9.9189e-01
 3.117e+01 7.9394e-03 7.9394e-03 [ 1.2374e-45 5.2775e-25 4.0801e-04 7.5314e-03 ] 0.0000e+00 [ 0.0000e+00 ] 9.9206e-01
 3.128e+01 7.7676e-03 7.7676e-03 [ 6.2952e-46 3.3577e-25 3.8538e-04 7.3822e-03 ] 0.0000e+00 [ 0.0000e+00 ] 9.9223e-01
 3.139e+01 7.5964e-03 7.5964e-03 [ 3.1957e-46 2.1318e-25 3.6367e-04 7.2328e-03 ] 0.0000e+00 [ 0.0000e+00 ] 9.9240e-01
 3.151e+01 7.4259e-03 7.4259e-03 [ 1.6187e-46 1.3506e-25 3.4289e-04 7.0830e-03 ] 0.0000e+00 [ 0.0000e+00 ] 9.9257e-01
 3.162e+01 7.2562e-03 7.2562e-03 [ 8.1817e-47 8.5397e-26 3.2300e-04 6.9332e-03 ] 0.0000e+00 [ 0.0000e+00 ] 9.9274e-01
 3.173e+01 7.0874e-03 7.0874e-03 [ 4.1264e-47 5.3881e-26 3.0398e-04 6.7834e-03 ] 0.0000e+00 [ 0.0000e+00 ] 9.9291e-01
 3.185e+01 6.9196e-03 6.9196e-03 [ 2.0767e-47 3.3926e-26 2.8582e-04 6.6337e-03 ] 0.0000e+00 [ 0.0000e+00 ] 9.9308e-01
 3.196e+01 6.7528e-03 6.7528e-03 [ 1.0428e-47 2.1317e-26 2.6850e-04 6.4843e-03 ] 0.0000e+00 [ 0.0000e+00 ] 9.9325e-01
 3.207e+01 6.5873e-03 6.5873e-03 [ 5.2254e-48 1.3366e-26 2.5199e-04 6.3353e-03 ] 0.0000e+00 [ 0.0000e+00 ] 9.9341e-01
 3.219e+01 6.4230e-03 6.4230e-03 [ 2.6127e-48 8.3635e-27 2.3627e-04 6.1867e-03 ] 0.0000e+00 [ 0.0000e+00 ] 9.9358e-01
 3.230e+01 6.2601e-03 6.2601e-03 [ 1.3035e-48 5.2224e-27 2.2132e-04 6.0388e-03 ] 0.0000e+00 [ 0.0000e+00 ] 9.9374e-01
 3.241e+01 6.0987e-03 6.0987e-03 [ 6.4893e-49 3.2542e-27 2.0712e-04 5.8915e-03 ] 0.0000e+00 [ 0.0000e+00 ] 9.9390e-01
 3.253e+01 5.9388e-03 5.9388e-03 [ 3.2236e-49 2.0235e-27 1.9364e-04 5.7451e-03 ] 0.0000e+00 [ 0.0000e+00 ] 9.9406e-01
 3.264e+01 5.7805e-03 5.7805e-03 [ 1.5979e-49 1.2557e-27 1.8086e-04 5.5997e-03 ] 0.0000e+00 [ 0.0000e+00 ] 9.9422e-01
 3.275e+01 5.6240e-03 5.6240e-03 [ 7.9039e-50 7.7758e-28 1.6876e-04 5.4553e-03 ] 0.0000e+00 [ 0.0000e+00 ] 9.9438e-01
 3.287e+01 5.4693e-03 5.4693e-03 [ 3.9011e-50 4.8051e-28 1.5732e-04 5.3120e-03 ] 0.0000e+00 [ 0.0000e+00 ] 9.9453e-01
 3.298e+01 5.3165e-03 5.3165e-03 [ 1.9213e-50 2.9632e-28 1.4650e-04 5.1700e-03 ] 0.0000e+00 [ 0.0000e+00 ] 9.9468e-01
 3.309e+01 5.1656e-03 5.1656e-03 [ 9.4427e-51 1.8236e-28 1.3630e-04 5.0293e-03 ] 0.0000e+00 [ 0.0000e+00 ] 9.9483e-01
 3.321e+01 5.0168e-03 5.0168e-03 [ 4.6308e-51 1.1199e-28 1.2667e-04 4.8901e-03 ] 0.0000e+00 [ 0.0000e+00 ] 9.9498e-01
 3.332e+01 4.8700e-03 4.8700e-03 [ 2.2662e-51 6.8633e-29 1.1761e-04 4.7524e-03 ] 0.0000e+00 [ 0.0000e+00 ] 9.9513e-01
 3.343e+01 4.7255e-03 4.7255e-03 [ 1.1067e-51 4.1975e-29 1.0909e-04 4.6164e-03 ] 0.0000e+00 [ 0.0000e+00 ] 9.9527e-01
 3.355e+01 4.5831e-03 4.5831e-03 [ 5.3928e-52 2.5618e-29 1.0108e-04 4.4820e-03 ] 0.0000e+00 [ 0.0000e+00 ] 9.9542e-01
 3.366e+01 4.4430e-03 4.4430e-03 [ 2.6224e-52 1.5603e-29 9.3562e-05 4.3494e-03 ] 0.0000e+00 [ 0.0000e+00 ] 9.9556e-01
 3.377e+01 4.3052e-03 4.3052e-03 [ 1.2725e-52 9.4833e-30 8.6515e-05 4.2187e-03 ] 0.0000e+00 [ 0.0000e+00 ] 9.9569e-01
 3.389e+01 4.1698e-03 4.1698e-03 [ 6.1621e-53 5.7520e-30 7.9917e-05 4.0899e-03 ] 0.0000e+00 [ 0.0000e+00 ] 9.9583e-01
 3.400e+01 4.0369e-03 4.0369e-03 [ 2.9777e-53 3.4817e-30 7.3746e-05 3.9631e-03 ] 0.0000e+00 [ 0.0000e+00 ] 9.9596e-01
 3.411e+01 3.9064e-03 3.9064e-03 [ 1.4360e-53 2.1031e-30 6.7980e-05 3.8384e-03 ] 0.0000e+00 [ 0.0000e+00 ] 9.9609e-01
 3.423e+01 3.7783e-03 3.7783e-03 [ 6.9104e-54 1.2678e-30 6.2601e-05 3.7157e-03 ] 0.0000e+00 [ 0.0000e+00 ] 9.9622e-01
 3.434e+01 3.6528e-03 3.6528e-03 [ 3.3187e-54 7.6266e-31 5.7586e-05 3.5953e-03 ] 0.0000e+00 [ 0.0000e+00 ] 9.9635e-01
 3.445e+01 3.5299e-03 3.5299e-03 [ 1.5905e-54 4.5786e-31 5.2918e-05 3.4770e-03 ] 0.0000e+00 [ 0.0000e+00 ] 9.9647e-01
 3.457e+01 3.4096e-03 3.4096e-03 [ 7.6073e-55 2.7431e-31 4.8578e-05 3.3610e-03 ] 0.0000e+00 [ 0.0000e+00 ] 9.9659e-01
 3.468e+01 3.2918e-03 3.2918e-03 [ 3.6311e-55 1.6401e-31 4.4546e-05 3.2472e-03 ] 0.0000e+00 [ 0.0000e+00 ] 9.9671e-01
 3.479e+01 3.1767e-03 3.1767e-03 [ 1.7297e-55 9.7859e-32 4.0806e-05 3.1358e-03 ] 0.0000e+00 [ 0.0000e+00 ] 9.9682e-01
 3.491e+01 3.0641e-03 3.0641e-03 [ 8.2232e-56 5.8271e-32 3.7341e-05 3.0268e-03 ] 0.0000e+00 [ 0.0000e+00 ] 9.9694e-01
 3.502e+01 2.9543e-03 2.9543e-03 [ 3.9016e-56 3.4628e-32 3.4134e-05 2.9201e-03 ] 0.0000e+00 [ 0.0000e+00 ] 9.9705e-01
 3.513e+01 2.8470e-03 2.8470e-03 [ 1.8475e-56 2.0536e-32 3.1169e-05 2.8158e-03 ] 0.0000e+00 [ 0.0000e+00 ] 9.9715e-01
 3.525e+01 2.7424e-03 2.7424e-03 [ 8.7308e-57 1.2155e-32 2.8431e-05 2.7140e-03 ] 0.0000e+00 [ 0.0000e+00 ] 9.9726e-01
 3.536e+01 2.6405e-03 2.6405e-03 [ 4.1180e-57 7.1794e-33 2.5907e-05 2.6146e-03 ] 0.0000e+00 [ 0.0000e+00 ] 9.9736e-01
 3.547e+01 2.5411e-03 2.5411e-03 [ 1.9385e-57 4.2321e-33 2.3581e-05 2.5176e-03 ] 0.0000e+00 [ 0.0000e+00 ] 9.9746e-01
 3.559e+01 2.4444e-03 2.4444e-03 [ 9.1079e-58 2.4898e-33 2.1442e-05 2.4230e-03 ] 0.0000e+00 [ 0.0000e+00 ] 9.9756e-01
 3.570e+01 2.3504e-03 2.3504e-03 [ 4.2710e-58 1.4618e-33 1.9476e-05 2.3309e-03 ] 0.0000e+00 [ 0.0000e+00 ] 9.9765e-01
 3.581e+01 2.2589e-03 2.2589e-03 [ 1.9990e-58 8.5656e-34 1.7671e-05 2.2412e-03 ] 0.0000e+00 [ 0.0000e+00 ] 9.9774e-01
 3.593e+01 2.1700e-03 2.1700e-03 [ 9.3386e-59 5.0092e-34 1.6017e-05 2.1540e-03 ] 0.0000e+00 [ 0.0000e+00 ] 9.9783e-01
 3.604e+01 2.0836e-03 2.0836e-03 [ 4.3544e-59 2.9236e-34 1.4502e-05 2.0691e-03 ] 0.0000e+00 [ 0.0000e+00 ] 9.9792e-01
 3.615e+01 1.9998e-03 1.9998e-03 [ 2.0266e-59 1.7029e-34 1.3116e-05 1.9867e-03 ] 0.0000e+00 [ 0.0000e+00 ] 9.9800e-01
 3.627e+01 1.9185e-03 1.9185e-03 [ 9.4147e-60 9.9001e-35 1.1850e-05 1.9067e-03 ] 0.0000e+00 [ 0.0000e+00 ] 9.9808e-01
 3.638e+01 1.8397e-03 1.8397e-03 [ 4.3656e-60 5.7441e-35 1.0695e-05 1.8290e-03 ] 0.0000e+00 [ 0.0000e+00 ] 9.9816e-01
 3.649e+01 1.7633e-03 1.7633e-03 [ 2.0207e-60 3.3263e-35 9.6422e-06 1.7537e-03 ] 0.0000e+00 [ 0.0000e+00 ] 9.9824e-01
 3.661e+01 1.6894e-03 1.6894e-03 [ 9.3361e-61 1.9225e-35 8.6839e-06 1.6807e-03 ] 0.0000e+00 [ 0.0000e+00 ] 9.9831e-01
 3.672e+01 1.6178e-03 1.6178e-03 [ 4.3058e-61 1.1089e-35 7.8125e-06 1.6100e-03 ] 0.0000e+00 [ 0.0000e+00 ] 9.9838e-01
 3.683e+01 1.5486e-03 1.5486e-03 [ 1.9824e-61 6.3845e-36 7.0212e-06 1.5415e-03 ] 0.0000e+00 [ 0.0000e+00 ] 9.9845e-01
 3.695e+01 1.4816e-03 1.4816e-03 [ 9.1105e-62 3.6687e-36 6.3033e-06 1.4753e-03 ] 0.0000e+00 [ 0.0000e+00 ] 9.9852e-01
 3.706e+01 1.4170e-03 1.4170e-03 [ 4.1797e-62 2.1041e-36 5.6529e-06 1.4113e-03 ] 0.0000e+00 [ 0.0000e+00 ] 9.9858e-01
 3.717e+01 1.3545e-03 1.3545e-03 [ 1.9143e-62 1.2044e-36 5.0642e-06 1.3495e-03 ] 0.0000e+00 [ 0.0000e+00 ] 9.9865e-01
 3.729e+01 1.2943e-03 1.2943e-03 [ 8.7521e-63 6.8816e-37 4.5321e-06 1.2898e-03 ] 0.0000e+00 [ 0.0000e+00 ] 9.9871e-01
 3.740e+01 1.2362e-03 1.2362e-03 [ 3.9948e-63 3.9244e-37 4.0516e-06 1.2321e-03 ] 0.0000e+00 [ 0.0000e+00 ] 9.9876e-01
 3.751e+01 1.1802e-03 1.1802e-03 [ 1.8203e-63 2.2338e-37 3.6183e-06 1.1766e-03 ] 0.0000e+00 [ 0.0000e+00 ] 9.9882e-01
 3.763e+01 1.1262e-03 1.1262e-03 [ 8.2809e-64 1.2691e-37 3.2280e-06 1.1230e-03 ] 0.0000e+00 [ 0.0000e+00 ] 9.9887e-01
 3.774e+01 1.0743e-03 1.0743e-03 [ 3.7609e-64 7.1968e-38 2.8767e-06 1.0714e-03 ] 0.0000e+00 [ 0.0000e+00 ] 9.9893e-01
 3.785e+01 1.0242e-03 1.0242e-03 [ 1.7053e-64 4.0736e-38 2.5611e-06 1.0217e-03 ] 0.0000e+00 [ 0.0000e+00 ] 9.9898e-01
 3.797e+01 9.7615e-04 9.7615e-04 [ 7.7201e-65 2.3016e-38 2.2777e-06 9.7387e-04 ] 0.0000e+00 [ 0.0000e+00 ] 9.9902e-01
 3.808e+01 9.2991e-04 9.2991e-04 [ 3.4894e-65 1.2980e-38 2.0235e-06 9.2789e-04 ] 0.0000e+00 [ 0.0000e+00 ] 9.9907e-01
 3.819e+01 8.8549e-04 8.8549e-04 [ 1.5747e-65 7.3068e-39 1.7959e-06 8.8369e-04 ] 0.0000e+00 [ 0.0000e+00 ] 9.9911e-01
 3.831e+01 8.4283e-04 8.4283e-04 [ 7.0950e-66 4.1058e-39 1.5922e-06 8.4123e-04 ] 0.0000e+00 [ 0.0000e+00 ] 9.9916e-01
 3.842e+01 8.0188e-04 8.0188e-04 [ 3.1919e-66 2.3030e-39 1.4102e-06 8.0047e-04 ] 0.0000e+00 [ 0.0000e+00 ] 9.9920e-01
 3.853e+01 7.6260e-04 7.6260e-04 [ 1.4338e-66 1.2894e-39 1.2478e-06 7.6136e-04 ] 0.0000e+00 [ 0.0000e+00 ] 9.9924e-01
 3.865e+01 7.2495e-04 7.2495e-04 [ 6.4309e-67 7.2066e-40 1.1029e-06 7.2384e-04 ] 0.0000e+00 [ 0.0000e+00 ] 9.9928e-01
 3.876e+01 6.8886e-04 6.8886e-04 [ 2.8801e-67 4.0207e-40 9.7382e-07 6.8789e-04 ] 0.0000e+00 [ 0.0000e+00 ] 9.9931e-01
 3.887e+01 6.5430e-04 6.5430e-04 [ 1.2880e-67 2.2392e-40 8.5901e-07 6.5344e-04 ] 0.0000e+00 [ 0.0000e+00 ] 9.9935e-01
 3.899e+01 6.2121e-04 6.2121e-04 [ 5.7515e-68 1.2449e-40 7.5697e-07 6.2045e-04 ] 0.0000e+00 [ 0.0000e+00 ] 9.9938e-01
 3.910e+01 5.8955e-04 5.8955e-04 [ 2.5646e-68 6.9091e-41 6.6638e-07 5.8889e-04 ] 0.0000e+00 [ 0.0000e+00 ] 9.9941e-01
 3.921e+01 5.5928e-04 5.5928e-04 [ 1.1420e-68 3.8279e-41 5.8604e-07 5.5869e-04 ] 0.0000e+00 [ 0.0000e+00 ] 9.9944e-01
 3.933e+01 5.3034e-04 5.3034e-04 [ 5.0778e-69 2.1171e-41 5.1488e-07 5.2983e-04 ] 0.0000e+00 [ 0.0000e+00 ] 9.9947e-01
 3.944e+01 5.0270e-04 5.0270e-04 [ 2.2548e-69 1.1689e-41 4.5191e-07 5.0225e-04 ] 0.0000e+00 [ 0.0000e+00 ] 9.9950e-01
 3.955e+01 4.7630e-04 4.7630e-04 [ 9.9984e-70 6.4432e-42 3.9625e-07 4.7590e-04 ] 0.0000e+00 [ 0.0000e+00 ] 9.9952e-01
 3.967e+01 4.5111e-04 4.5111e-04 [ 4.4276e-70 3.5455e-42 3.4711e-07 4.5076e-04 ] 0.0000e+00 [ 0.0000e+00 ] 9.9955e-01
 3.978e+01 4.2707e-04 4.2707e-04 [ 1.9581e-70 1.9477e-42 3.0376e-07 4.2677e-04 ] 0.0000e+00 [ 0.0000e+00 ] 9.9957e-01
 3.989e+01 4.0416e-04 4.0416e-04 [ 8.6483e-71 1.0682e-42 2.6557e-07 4.0389e-04 ] 0.0000e+00 [ 0.0000e+00 ] 9.9960e-01
 4.001e+01 3.8232e-04 3.8232e-04 [ 3.8147e-71 5.8488e-43 2.3195e-07 3.8208e-04 ] 0.0000e+00 [ 0.0000e+00 ] 9.9962e-01
 4.012e+01 3.6151e-04 3.6151e-04 [ 1.6805e-71 3.1972e-43 2.0239e-07 3.6131e-04 ] 0.0000e+00 [ 0.0000e+00 ] 9.9964e-01
 4.023e+01 3.4171e-04 3.4171e-04 [ 7.3936e-72 1.7448e-43 1.7643e-07 3.4153e-04 ] 0.0000e+00 [ 0.0000e+00 ] 9.9966e-01
 4.035e+01 3.2286e-04 3.2286e-04 [ 3.2489e-72 9.5070e-44 1.5365e-07 3.2270e-04 ] 0.0000e+00 [ 0.0000e+00 ] 9.9968e-01
 4.046e+01 3.0493e-04 3.0493e-04 [ 1.4259e-72 5.1717e-44 1.3369e-07 3.0479e-04 ] 0.0000e+00 [ 0.0000e+00 ] 9.9970e-01
 4.057e+01 2.8788e-04 2.8788e-04 [ 6.2504e-73 2.8088e-44 1.1621e-07 2.8777e-04 ] 0.0000e+00 [ 0.0000e+00 ] 9.9971e-01
 4.069e+01 2.7168e-04 2.7168e-04 [ 2.7366e-73 1.5231e-44 1.0092e-07 2.7158e-04 ] 0.0000e+00 [ 0.0000e+00 ] 9.9973e-01
 4.080e+01 2.5629e-04 2.5629e-04 [ 1.1967e-73 8.2463e-45 8.7554e-08 2.5621e-04 ] 0.0000e+00 [ 0.0000e+00 ] 9.9974e-01
 4.091e+01 2.4168e-04 2.4168e-04 [ 5.2273e-74 4.4576e-45 7.5891e-08 2.4161e-04 ] 0.0000e+00 [ 0.0000e+00 ] 9.9976e-01
 4.103e+01 2.2782e-04 2.2782e-04 [ 2.2807e-74 2.4059e-45 6.5720e-08 2.2775e-04 ] 0.0000e+00 [ 0.0000e+00 ] 9.9977e-01
 4.114e+01 2.1467e-04 2.1467e-04 [ 9.9392e-75 1.2965e-45 5.6859e-08 2.1461e-04 ] 0.0000e+00 [ 0.0000e+00 ] 9.9979e-01
 4.125e+01 2.0220e-04 2.0220e-04 [ 4.3267e-75 6.9763e-46 4.9148e-08 2.0215e-04 ] 0.0000e+00 [ 0.0000e+00 ] 9.9980e-01
 4.137e+01 1.9038e-04 1.9038e-04 [ 1.8814e-75 3.7481e-46 4.2443e-08 1.9034e-04 ] 0.0000e+00 [ 0.0000e+00 ] 9.9981e-01
 4.148e+01 1.7918e-04 1.7918e-04 [ 8.1721e-76 2.0107e-46 3.6620e-08 1.7915e-04 ] 0.0000e+00 [ 0.0000e+00 ] 9.9982e-01
 4.159e+01 1.6858e-04 1.6858e-04 [ 3.5459e-76 1.0770e-46 3.1567e-08 1.6855e-04 ] 0.0000e+00 [ 0.0000e+00 ] 9.9983e-01
 4.171e+01 1.5855e-04 1.5855e-04 [ 1.5369e-76 5.7605e-47 2.7186e-08 1.5852e-04 ] 0.0000e+00 [ 0.0000e+00 ] 9.9984e-01
 4.182e+01 1.4905e-04 1.4905e-04 [ 6.6547e-77 3.0765e-47 2.3392e-08 1.4903e-04 ] 0.0000e+00 [ 0.0000e+00 ] 9.9985e-01
 4.193e+01 1.4008e-04 1.4008e-04 [ 2.8785e-77 1.6407e-47 2.0110e-08 1.4006e-04 ] 0.0000e+00 [ 0.0000e+00 ] 9.9986e-01
 4.205e+01 1.3159e-04 1.3159e-04 [ 1.2438e-77 8.7369e-48 1.7273e-08 1.3158e-04 ] 0.0000e+00 [ 0.0000e+00 ] 9.9987e-01
 4.216e+01 1.2358e-04 1.2358e-04 [ 5.3692e-78 4.6459e-48 1.4823e-08 1.2356e-04 ] 0.0000e+00 [ 0.0000e+00 ] 9.9988e-01
 4.227e+01 1.1600e-04 1.1600e-04 [ 2.3155e-78 2.4670e-48 1.2709e-08 1.1599e-04 ] 0.0000e+00 [ 0.0000e+00 ] 9.9988e-01
 4.239e+01 1.0886e-04 1.0886e-04 [ 9.9759e-79 1.3081e-48 1.0887e-08 1.0885e-04 ] 0.0000e+00 [ 0.0000e+00 ] 9.9989e-01
 4.250e+01 1.0211e-04 1.0211e-04 [ 4.2939e-79 6.9266e-49 9.3180e-09 1.0210e-04 ] 0.0000e+00 [ 0.0000e+00 ] 9.9990e-01
 4.261e+01 9.5749e-05 9.5749e-05 [ 1.8465e-79 3.6626e-49 7.9682e-09 9.5741e-05 ] 0.0000e+00 [ 0.0000e+00 ] 9.9990e-01
 4.273e+01 8.9750e-05 8.9750e-05 [ 7.9327e-80 1.9340e-49 6.8081e-09 8.9743e-05 ] 0.0000e+00 [ 0.0000e+00 ] 9.9991e-01
 4.284e+01 8.4096e-05 8.4096e-05 [ 3.4050e-80 1.0198e-49 5.8118e-09 8.4090e-05 ] 0.0000e+00 [ 0.0000e+00 ] 9.9992e-01
 4.295e+01 7.8770e-05 7.8770e-05 [ 1.4602e-80 5.3704e-50 4.9571e-09 7.8765e-05 ] 0.0000e+00 [ 0.0000e+00 ] 9.9992e-01
 4.307e+01 7.3755e-05 7.3755e-05 [ 6.2563e-81 2.8242e-50 4.2245e-09 7.3750e-05 ] 0.0000e+00 [ 0.0000e+00 ] 9.9993e-01
 4.318e+01 6.9034e-05 6.9034e-05 [ 2.6783e-81 1.4833e-50 3.5971e-09 6.9030e-05 ] 0.0000e+00 [ 0.0000e+00 ] 9.9993e-01
 4.329e+01 6.4591e-05 6.4591e-05 [ 1.1455e-81 7.7796e-51 3.0603e-09 6.4588e-05 ] 0.0000e+00 [ 0.0000e+00 ] 9.9994e-01
 4.341e+01 6.0413e-05 6.0413e-05 [ 4.8955e-82 4.0750e-51 2.6014e-09 6.0411e-05 ] 0.0000e+00 [ 0.0000e+00 ] 9.9994e-01
 4.352e+01 5.6485e-05 5.6485e-05 [ 2.0904e-82 2.1317e-51 2.2094e-09 5.6483e-05 ] 0.0000e+00 [ 0.0000e+00 ] 9.9994e-01
 4.363e+01 5.2794e-05 5.2794e-05 [ 8.9185e-83 1.1137e-51 1.8750e-09 5.2792e-05 ] 0.0000e+00 [ 0.0000e+00 ] 9.9995e-01
 4.375e+01 4.9326e-05 4.9326e-05 [ 3.8019e-83 5.8110e-52 1.5899e-09 4.9325e-05 ] 0.0000e+00 [ 0.0000e+00 ] 9.9995e-01
 4.386e+01 4.6070e-05 4.6070e-05 [ 1.6195e-83 3.0282e-52 1.3470e-09 4.6068e-05 ] 0.0000e+00 [ 0.0000e+00 ] 9.9995e-01
 4.397e+01 4.3013e-05 4.3013e-05 [ 6.8928e-84 1.5760e-52 1.1403e-09 4.3012e-05 ] 0.0000e+00 [ 0.0000e+00 ] 9.9996e-01
 4.409e+01 4.0145e-05 4.0145e-05 [ 2.9314e-84 8.1921e-53 9.6447e-10 4.0144e-05 ] 0.0000e+00 [ 0.0000e+00 ] 9.9996e-01
 4.420e+01 3.7455e-05 3.7455e-05 [ 1.2458e-84 4.2530e-53 8.1512e-10 3.7454e-05 ] 0.0000e+00 [ 0.0000e+00 ] 9.9996e-01
 4.431e+01 3.4933e-05 3.4933e-05 [ 5.2900e-85 2.2052e-53 6.8834e-10 3.4932e-05 ] 0.0000e+00 [ 0.0000e+00 ] 9.9997e-01
 4.443e+01 3.2569e-05 3.2569e-05 [ 2.2447e-85 1.1421e-53 5.8081e-10 3.2569e-05 ] 0.0000e+00 [ 0.0000e+00 ] 9.9997e-01
 4.454e+01 3.0355e-05 3.0355e-05 [ 9.5179e-86 5.9073e-54 4.8969e-10 3.0354e-05 ] 0.0000e+00 [ 0.0000e+00 ] 9.9997e-01
 4.465e+01 2.8281e-05 2.8281e-05 [ 4.0328e-86 3.0519e-54 4.1253e-10 2.8281e-05 ] 0.0000e+00 [ 0.0000e+00 ] 9.9997e-01
 4.477e+01 2.6340e-05 2.6340e-05 [ 1.7075e-86 1.5749e-54 3.4725e-10 2.6340e-05 ] 0.0000e+00 [ 0.0000e+00 ] 9.9997e-01
 4.488e+01 2.4523e-05 2.4523e-05 [ 7.2248e-87 8.1169e-55 2.9207e-10 2.4523e-05 ] 0.0000e+00 [ 0.0000e+00 ] 9.9998e-01
 4.499e+01 2.2824e-05 2.2824e-05 [ 3.0548e-87 4.1786e-55 2.4547e-10 2.2824e-05 ] 0.0000e+00 [ 0.0000e+00 ] 9.9998e-01
 4.511e+01 2.1235e-05 2.1235e-05 [ 1.2907e-87 2.1487e-55 2.0614e-10 2.1235e-05 ] 0.0000e+00 [ 0.0000e+00 ] 9.9998e-01
 4.522e+01 1.9750e-05 1.9750e-05 [ 5.4501e-88 1.1036e-55 1.7298e-10 1.9750e-05 ] 0.0000e+00 [ 0.0000e+00 ] 9.9998e-01
 4.533e+01 1.8363e-05 1.8363e-05 [ 2.2997e-88 5.6616e-56 1.4504e-10 1.8363e-05 ] 0.0000e+00 [ 0.0000e+00 ] 9.9998e-01
 4.545e+01 1.7067e-05 1.7067e-05 [ 9.6978e-89 2.9012e-56 1.2151e-10 1.7067e-05 ] 0.0000e+00 [ 0.0000e+00 ] 9.9998e-01
 4.556e+01 1.5857e-05 1.5857e-05 [ 4.0868e-89 1.4850e-56 1.0173e-10 1.5857e-05 ] 0.0000e+00 [ 0.0000e+00 ] 9.9998e-01
 4.567e+01 1.4728e-05 1.4728e-05 [ 1.7212e-89 7.5928e-57 8.5099e-11 1.4728e-05 ] 0.0000e+00 [ 0.0000e+00 ] 9.9999e-01
 4.579e+01 1.3674e-05 1.3674e-05 [ 7.2441e-90 3.8778e-57 7.1134e-11 1.3674e-05 ] 0.0000e+00 [ 0.0000e+00 ] 9.9999e-01
 4.590e+01 1.2692e-05 1.2692e-05 [ 3.0471e-90 1.9783e-57 5.9415e-11 1.2692e-05 ] 0.0000e+00 [ 0.0000e+00 ] 9.9999e-01
 4.601e+01 1.1776e-05 1.1776e-05 [ 1.2809e-90 1.0082e-57 4.9589e-11 1.1776e-05 ] 0.0000e+00 [ 0.0000e+00 ] 9.9999e-01
 4.613e+01 1.0922e-05 1.0922e-05 [ 5.3813e-91 5.1322e-58 4.1357e-11 1.0922e-05 ] 0.0000e+00 [ 0.0000e+00 ] 9.9999e-01
 4.624e+01 1.0127e-05 1.0127e-05 [ 2.2594e-91 2.6098e-58 3.4466e-11 1.0127e-05 ] 0.0000e+00 [ 0.0000e+00 ] 9.9999e-01
 4.635e+01 9.3866e-06 9.3866e-06 [ 9.4810e-92 1.3257e-58 2.8701e-11 9.3866e-06 ] 0.0000e+00 [ 0.0000e+00 ] 9.9999e-01
 4.647e+01 8.6974e-06 8.6974e-06 [ 3.9762e-92 6.7269e-59 2.3883e-11 8.6973e-06 ] 0.0000e+00 [ 0.0000e+00 ] 9.9999e-01
 4.658e+01 8.0560e-06 8.0560e-06 [ 1.6666e-92 3.4098e-59 1.9859e-11 8.0560e-06 ] 0.0000e+00 [ 0.0000e+00 ] 9.9999e-01
 4.669e+01 7.4594e-06 7.4594e-06 [ 6.9814e-93 1.7266e-59 1.6500e-11 7.4593e-06 ] 0.0000e+00 [ 0.0000e+00 ] 9.9999e-01
 4.681e+01 6.9046e-06 6.9046e-06 [ 2.9229e-93 8.7342e-60 1.3700e-11 6.9046e-06 ] 0.0000e+00 [ 0.0000e+00 ] 9.9999e-01
 4.692e+01 6.3889e-06 6.3889e-06 [ 1.2231e-93 4.4137e-60 1.1366e-11 6.3889e-06 ] 0.0000e+00 [ 0.0000e+00 ] 9.9999e-01
 4.703e+01 5.9097e-06 5.9097e-06 [ 5.1152e-94 2.2281e-60 9.4234e-12 5.9097e-06 ] 0.0000e+00 [ 0.0000e+00 ] 9.9999e-01
 4.715e+01 5.4647e-06 5.4647e-06 [ 2.1381e-94 1.1237e-60 7.8068e-12 5.4647e-06 ] 0.0000e+00 [ 0.0000e+00 ] 9.9999e-01
 4.726e+01 5.0514e-06 5.0514e-06 [ 8.9325e-95 5.6610e-61 6.4629e-12 5.0514e-06 ] 0.0000e+00 [ 0.0000e+00 ] 9.9999e-01
 4.737e+01 4.6678e-06 4.6678e-06 [ 3.7299e-95 2.8492e-61 5.3465e-12 4.6678e-06 ] 0.0000e+00 [ 0.0000e+00 ] 1.0000e+00
 4.749e+01 4.3119e-06 4.3119e-06 [ 1.5566e-95 1.4326e-61 4.4197e-12 4.3119e-06 ] 0.0000e+00 [ 0.0000e+00 ] 1.0000e+00
 4.760e+01 3.9818e-06 3.9818e-06 [ 6.4933e-96 7.1963e-62 3.6510e-12 3.9818e-06 ] 0.0000e+00 [ 0.0000e+00 ] 1.0000e+00
 4.771e+01 3.6758e-06 3.6758e-06 [ 2.7072e-96 3.6113e-62 3.0138e-12 3.6758e-06 ] 0.0000e+00 [ 0.0000e+00 ] 1.0000e+00
 4.783e+01 3.3921e-06 3.3921e-06 [ 1.1282e-96 1.8105e-62 2.4860e-12 3.3921e-06 ] 0.0000e+00 [ 0.0000e+00 ] 1.0000e+00
 4.794e+01 3.1293e-06 3.1293e-06 [ 4.6990e-97 9.0683e-63 2.0492e-12 3.1293e-06 ] 0.0000e+00 [ 0.0000e+00 ] 1.0000e+00
 4.805e+01 2.8858e-06 2.8858e-06 [ 1.9563e-97 4.5377e-63 1.6880e-12 2.8858e-06 ] 0.0000e+00 [ 0.0000e+00 ] 1.0000e+00
 4.817e+01 2.6604e-06 2.6604e-06 [ 8.1404e-98 2.2685e-63 1.3894e-12 2.6604e-06 ] 0.0000e+00 [ 0.0000e+00 ] 1.0000e+00
 4.828e+01 2.4518e-06 2.4518e-06 [ 3.3858e-98 1.1330e-63 1.1429e-12 2.4518e-06 ] 0.0000e+00 [ 0.0000e+00 ] 1.0000e+00
 4.839e+01 2.2588e-06 2.2588e-06 [ 1.4076e-98 5.6535e-64 9.3942e-13 2.2588e-06 ] 0.0000e+00 [ 0.0000e+00 ] 1.0000e+00
 4.851e+01 2.0803e-06 2.0803e-06 [ 5.8490e-99 2.8185e-64 7.7164e-13 2.0803e-06 ] 0.0000e+00 [ 0.0000e+00 ] 1.0000e+00
 4.862e+01 1.9153e-06 1.9153e-06 [ 2.4294e-99 1.4038e-64 6.3339e-13 1.9153e-06 ] 0.0000e+00 [ 0.0000e+00 ] 1.0000e+00
 4.873e+01 1.7628e-06 1.7628e-06 [ 1.0086e-99 6.9856e-65 5.1954e-13 1.7628e-06 ] 0.0000e+00 [ 0.0000e+00 ] 1.0000e+00
 4.885e+01 1.6218e-06 1.6218e-06 [ 4.1855e-100 3.4730e-65 4.2586e-13 1.6218e-06 ] 0.0000e+00 [ 0.0000e+00 ] 1.0000e+00
 4.896e+01 1.4917e-06 1.4917e-06 [ 1.7362e-100 1.7252e-65 3.4883e-13 1.4917e-06 ] 0.0000e+00 [ 0.0000e+00 ] 1.0000e+00
 4.907e+01 1.3715e-06 1.3715e-06 [ 7.1985e-101 8.5617e-66 2.8554e-13 1.3715e-06 ] 0.0000e+00 [ 0.0000e+00 ] 1.0000e+00
 4.919e+01 1.2606e-06 1.2606e-06 [ 2.9834e-101 4.2453e-66 2.3357e-13 1.2606e-06 ] 0.0000e+00 [ 0.0000e+00 ] 1.0000e+00
 4.930e+01 1.1583e-06 1.1583e-06 [ 1.2359e-101 2.1032e-66 1.9093e-13 1.1583e-06 ] 0.0000e+00 [ 0.0000e+00 ] 1.0000e+00
 4.941e+01 1.0639e-06 1.0639e-06 [ 5.1179e-102 1.0410e-66 1.5597e-13 1.0639e-06 ] 0.0000e+00 [ 0.0000e+00 ] 1.0000e+00
 4.953e+01 9.7690e-07 9.7690e-07 [ 2.1184e-102 5.1484e-67 1.2732e-13 9.7690e-07 ] 0.0000e+00 [ 0.0000e+00 ] 1.0000e+00
 4.964e+01 8.9672e-07 8.9672e-07 [ 8.7650e-103 2.5440e-67 1.0386e-13 8.9672e-07 ] 0.0000e+00 [ 0.0000e+00 ] 1.0000e+00
 4.975e+01 8.2284e-07 8.2284e-07 [ 3.6251e-103 1.2560e-67 8.4669e-14 8.2284e-07 ] 0.0000e+00 [ 0.0000e+00 ] 1.0000e+00
 4.987e+01 7.5480e-07 7.5480e-07 [ 1.4987e-103 6.1956e-68 6.8977e-14 7.5480e-07 ] 0.0000e+00 [ 0.0000e+00 ] 1.0000e+00
 4.998e+01 6.9215e-07 6.9215e-07 [ 6.1934e-104 3.0537e-68 5.6155e-14 6.9215e-07 ] 0.0000e+00 [ 0.0000e+00 ] 1.0000e+00
 5.009e+01 6.3450e-07 6.3450e-07 [ 2.5585e-104 1.5038e-68 4.5686e-14 6.3450e-07 ] 0.0000e+00 [ 0.0000e+00 ] 1.0000e+00
 5.021e+01 5.8145e-07 5.8145e-07 [ 1.0565e-104 7.3995e-69 3.7144e-14 5.8145e-07 ] 0.0000e+00 [ 0.0000e+00 ] 1.0000e+00
 5.032e+01 5.3266e-07 5.3266e-07 [ 4.3609e-105 3.6380e-69 3.0178e-14 5.3266e-07 ] 0.0000e+00 [ 0.0000e+00 ] 1.0000e+00
 5.043e+01 4.8781e-07 4.8781e-07 [ 1.7994e-105 1.7871e-69 2.4503e-14 4.8781e-07 ] 0.0000e+00 [ 0.0000e+00 ] 1.0000e+00
 5.055e+01 4.4658e-07 4.4658e-07 [ 7.4218e-106 8.7720e-70 1.9881e-14 4.4658e-07 ] 0.0000e+00 [ 0.0000e+00 ] 1.0000e+00
 5.066e+01 4.0871e-07 4.0871e-07 [ 3.0601e-106 4.3022e-70 1.6121e-14 4.0871e-07 ] 0.0000e+00 [ 0.0000e+00 ] 1.0000e+00
 5.077e+01 3.7392e-07 3.7392e-07 [ 1.2612e-106 2.1083e-70 1.3063e-14 3.7392e-07 ] 0.0000e+00 [ 0.0000e+00 ] 1.0000e+00
 5.089e+01 3.4198e-07 3.4198e-07 [ 5.1964e-107 1.0324e-70 1.0578e-14 3.4198e-07 ] 0.0000e+00 [ 0.0000e+00 ] 1.0000e+00
 5.100e+01 3.1267e-07 3.1267e-07 [ 2.1402e-107 5.0510e-71 8.5606e-15 3.1267e-07 ] 0.0000e+00 [ 0.0000e+00 ] 1.0000e+00
 5.111e+01 2.8577e-07 2.8577e-07 [ 8.8112e-108 2.4694e-71 6.9231e-15 2.8577e-07 ] 0.0000e+00 [ 0.0000e+00 ] 1.0000e+00
 5.123e+01 2.6110e-07 2.6110e-07 [ 3.6264e-108 1.2063e-71 5.5952e-15 2.6110e-07 ] 0.0000e+00 [ 0.0000e+00 ] 1.0000e+00
 5.134e+01 2.3849e-07 2.3849e-07 [ 1.4919e-108 5.8882e-72 4.5190e-15 2.3849e-07 ] 0.0000e+00 [ 0.0000e+00 ] 1.0000e+00
 5.145e+01 2.1776e-07 2.1776e-07 [ 6.1360e-109 2.8719e-72 3.6474e-15 2.1776e-07 ] 0.0000e+00 [ 0.0000e+00 ] 1.0000e+00
 5.157e+01 1.9876e-07 1.9876e-07 [ 2.5227e-109 1.3997e-72 2.9420e-15 1.9876e-07 ] 0.0000e+00 [ 0.0000e+00 ] 1.0000e+00
 5.168e+01 1.8137e-07 1.8137e-07 [ 1.0368e-109 6.8165e-73 2.3715e-15 1.8137e-07 ] 0.0000e+00 [ 0.0000e+00 ] 1.0000e+00
 5.179e+01 1.6544e-07 1.6544e-07 [ 4.2597e-110 3.3171e-73 1.9104e-15 1.6544e-07 ] 0.0000e+00 [ 0.0000e+00 ] 1.0000e+00
 5.191e+01 1.5086e-07 1.5086e-07 [ 1.7495e-110 1.6130e-73 1.5379e-15 1.5086e-07 ] 0.0000e+00 [ 0.0000e+00 ] 1.0000e+00
 5.202e+01 1.3752e-07 1.3752e-07 [ 7.1831e-111 7.8373e-74 1.2373e-15 1.3752e-07 ] 0.0000e+00 [ 0.0000e+00 ] 1.0000e+00
 5.213e+01 1.2532e-07 1.2532e-07 [ 2.9482e-111 3.8053e-74 9.9478e-16 1.2532e-07 ] 0.0000e+00 [ 0.0000e+00 ] 1.0000e+00
 5.225e+01 1.1416e-07 1.1416e-07 [ 1.2097e-111 1.8462e-74 7.9928e-16 1.1416e-07 ] 0.0000e+00 [ 0.0000e+00 ] 1.0000e+00
 5.236e+01 1.0396e-07 1.0396e-07 [ 4.9617e-112 8.9507e-75 6.4180e-16 1.0396e-07 ] 0.0000e+00 [ 0.0000e+00 ] 1.0000e+00
 5.247e+01 9.4646e-08 9.4646e-08 [ 2.0345e-112 4.3362e-75 5.1501e-16 9.4646e-08 ] 0.0000e+00 [ 0.0000e+00 ] 1.0000e+00
 5.259e+01 8.6135e-08 8.6135e-08 [ 8.3394e-113 2.0992e-75 4.1300e-16 8.6135e-08 ] 0.0000e+00 [ 0.0000e+00 ] 1.0000e+00
 5.270e+01 7.8364e-08 7.8364e-08 [ 3.4173e-113 1.0155e-75 3.3099e-16 7.8364e-08 ] 0.0000e+00 [ 0.0000e+00 ] 1.0000e+00
 5.281e+01 7.1271e-08 7.1271e-08 [ 1.3999e-113 4.9090e-76 2.6509e-16 7.1271e-08 ] 0.0000e+00 [ 0.0000e+00 ] 1.0000e+00
 5.293e+01 6.4798e-08 6.4798e-08 [ 5.7327e-114 2.3713e-76 2.1218e-16 6.4798e-08 ] 0.0000e+00 [ 0.0000e+00 ] 1.0000e+00
 5.304e+01 5.8894e-08 5.8894e-08 [ 2.3469e-114 1.1447e-76 1.6972e-16 5.8894e-08 ] 0.0000e+00 [ 0.0000e+00 ] 1.0000e+00
 5.315e+01 5.3510e-08 5.3510e-08 [ 9.6052e-115 5.5216e-77 1.3567e-16 5.3510e-08 ] 0.0000e+00 [ 0.0000e+00 ] 1.0000e+00
 5.327e+01 4.8603e-08 4.8603e-08 [ 3.9298e-115 2.6616e-77 1.0839e-16 4.8603e-08 ] 0.0000e+00 [ 0.0000e+00 ] 1.0000e+00
 5.338e+01 4.4131e-08 4.4131e-08 [ 1.6074e-115 1.2821e-77 8.6534e-17 4.4131e-08 ] 0.0000e+00 [ 0.0000e+00 ] 1.0000e+00
 5.349e+01 4.0057e-08 4.0057e-08 [ 6.5724e-116 6.1713e-78 6.9043e-17 4.0057e-08 ] 0.0000e+00 [ 0.0000e+00 ] 1.0000e+00
 5.361e+01 3.6348e-08 3.6348e-08 [ 2.6866e-116 2.9686e-78 5.5053e-17 3.6348e-08 ] 0.0000e+00 [ 0.0000e+00 ] 1.0000e+00
 5.372e+01 3.2971e-08 3.2971e-08 [ 1.0979e-116 1.4270e-78 4.3870e-17 3.2971e-08 ] 0.0000e+00 [ 0.0000e+00 ] 1.0000e+00
 5.383e+01 2.9898e-08 2.9898e-08 [ 4.4851e-117 6.8547e-79 3.4937e-17 2.9898e-08 ] 0.0000e+00 [ 0.0000e+00 ] 1.0000e+00
 5.395e+01 2.7103e-08 2.7103e-08 [ 1.8317e-117 3.2905e-79 2.7805e-17 2.7103e-08 ] 0.0000e+00 [ 0.0000e+00 ] 1.0000e+00
 5.406e+01 2.4561e-08 2.4561e-08 [ 7.4787e-118 1.5785e-79 2.2115e-17 2.4561e-08 ] 0.0000e+00 [ 0.0000e+00 ] 1.0000e+00
 5.417e+01 2.2250e-08 2.2250e-08 [ 3.0526e-118 7.5671e-80 1.7579e-17 2.2250e-08 ] 0.0000e+00 [ 0.0000e+00 ] 1.0000e+00
 5.429e+01 2.0150e-08 2.0150e-08 [ 1.2456e-118 3.6251e-80 1.3964e-17 2.0150e-08 ] 0.0000e+00 [ 0.0000e+00 ] 1.0000e+00
 5.440e+01 1.8242e-08 1.8242e-08 [ 5.0813e-119 1.7355e-80 1.1086e-17 1.8242e-08 ] 0.0000e+00 [ 0.0000e+00 ] 1.0000e+00
 5.451e+01 1.6509e-08 1.6509e-08 [ 2.0723e-119 8.3031e-81 8.7957e-18 1.6509e-08 ] 0.0000e+00 [ 0.0000e+00 ] 1.0000e+00
 5.463e+01 1.4936e-08 1.4936e-08 [ 8.4487e-120 3.9698e-81 6.9741e-18 1.4936e-08 ] 0.0000e+00 [ 0.0000e+00 ] 1.0000e+00
 5.474e+01 1.3509e-08 1.3509e-08 [ 3.4436e-120 1.8968e-81 5.5264e-18 1.3509e-08 ] 0.0000e+00 [ 0.0000e+00 ] 1.0000e+00
 5.485e+01 1.2214e-08 1.2214e-08 [ 1.4032e-120 9.0568e-82 4.3764e-18 1.2214e-08 ] 0.0000e+00 [ 0.0000e+00 ] 1.0000e+00
 5.497e+01 1.1039e-08 1.1039e-08 [ 5.7161e-121 4.3217e-82 3.4636e-18 1.1039e-08 ] 0.0000e+00 [ 0.0000e+00 ] 1.0000e+00
 5.508e+01 9.9744e-09 9.9744e-09 [ 2.3279e-121 2.0609e-82 2.7395e-18 9.9744e-09 ] 0.0000e+00 [ 0.0000e+00 ] 1.0000e+00
 5.519e+01 9.0094e-09 9.0094e-09 [ 9.4779e-122 9.8212e-83 2.1655e-18 9.0094e-09 ] 0.0000e+00 [ 0.0000e+00 ] 1.0000e+00
 5.531e+01 8.1350e-09 8.1350e-09 [ 3.8578e-122 4.6774e-83 1.7107e-18 8.1350e-09 ] 0.0000e+00 [ 0.0000e+00 ] 1.0000e+00
 5.542e+01 7.3432e-09 7.3432e-09 [ 1.5698e-122 2.2262e-83 1.3506e-18 7.3432e-09 ] 0.0000e+00 [ 0.0000e+00 ] 1.0000e+00
 5.553e+01 6.6262e-09 6.6262e-09 [ 6.3862e-123 1.0589e-83 1.0656e-18 6.6262e-09 ] 0.0000e+00 [ 0.0000e+00 ] 1.0000e+00
 5.565e+01 5.9773e-09 5.9773e-09 [ 2.5973e-123 5.0333e-84 8.4023e-19 5.9773e-09 ] 0.0000e+00 [ 0.0000e+00 ] 1.0000e+00
 5.576e+01 5.3901e-09 5.3901e-09 [ 1.0561e-123 2.3911e-84 6.6214e-19 5.3901e-09 ] 0.0000e+00 [ 0.0000e+00 ] 1.0000e+00
 5.587e+01 4.8591e-09 4.8591e-09 [ 4.2927e-124 1.1352e-84 5.2147e-19 4.8591e-09 ] 0.0000e+00 [ 0.0000e+00 ] 1.0000e+00
 5.599e+01 4.3789e-09 4.3789e-09 [ 1.7445e-124 5.3859e-85 4.1044e-19 4.3789e-09 ] 0.0000e+00 [ 0.0000e+00 ] 1.0000e+00
 5.610e+01 3.9449e-09 3.9449e-09 [ 7.0874e-125 2.5538e-85 3.2285e-19 3.9449e-09 ] 0.0000e+00 [ 0.0000e+00 ] 1.0000e+00
 5.621e+01 3.5528e-09 3.5528e-09 [ 2.8787e-125 1.2102e-85 2.5380e-19 3.5528e-09 ] 0.0000e+00 [ 0.0000e+00 ] 1.0000e+00
 5.633e+01 3.1986e-09 3.1986e-09 [ 1.1689e-125 5.7311e-86 1.9939e-19 3.1986e-09 ] 0.0000e+00 [ 0.0000e+00 ] 1.0000e+00
 5.644e+01 2.8788e-09 2.8788e-09 [ 4.7454e-126 2.7125e-86 1.5656e-19 2.8788e-09 ] 0.0000e+00 [ 0.0000e+00 ] 1.0000e+00
 5.655e+01 2.5901e-09 2.5901e-09 [ 1.9260e-126 1.2830e-86 1.2285e-19 2.5901e-09 ] 0.0000e+00 [ 0.0000e+00 ] 1.0000e+00
 5.667e+01 2.3296e-09 2.3296e-09 [ 7.8147e-127 6.0650e-87 9.6340e-20 2.3296e-09 ] 0.0000e+00 [ 0.0000e+00 ] 1.0000e+00
 5.678e+01 2.0946e-09 2.0946e-09 [ 3.1700e-127 2.8653e-87 7.5505e-20 2.0946e-09 ] 0.0000e+00 [ 0.0000e+00 ] 1.0000e+00
 5.689e+01 1.8827e-09 1.8827e-09 [ 1.2856e-127 1.3529e-87 5.9141e-20 1.8827e-09 ] 0.0000e+00 [ 0.0000e+00 ] 1.0000e+00
 5.701e+01 1.6917e-09 1.6917e-09 [ 5.2125e-128 6.3837e-88 4.6296e-20 1.6917e-09 ] 0.0000e+00 [ 0.0000e+00 ] 1.0000e+00
 5.712e+01 1.5195e-09 1.5195e-09 [ 2.1129e-128 3.0105e-88 3.6218e-20 1.5195e-09 ] 0.0000e+00 [ 0.0000e+00 ] 1.0000e+00
 5.723e+01 1.3645e-09 1.3645e-09 [ 8.5623e-129 1.4189e-88 2.8318e-20 1.3645e-09 ] 0.0000e+00 [ 0.0000e+00 ] 1.0000e+00
 5.735e+01 1.2248e-09 1.2248e-09 [ 3.4690e-129 6.6834e-89 2.2127e-20 1.2248e-09 ] 0.0000e+00 [ 0.0000e+00 ] 1.0000e+00
 5.746e+01 1.0991e-09 1.0991e-09 [ 1.4051e-129 3.1462e-89 1.7280e-20 1.0991e-09 ] 0.0000e+00 [ 0.0000e+00 ] 1.0000e+00
 5.757e+01 9.8601e-10 9.8601e-10 [ 5.6899e-130 1.4803e-89 1.3486e-20 9.8601e-10 ] 0.0000e+00 [ 0.0000e+00 ] 1.0000e+00
 5.769e+01 8.8424e-10 8.8424e-10 [ 2.3035e-130 6.9603e-90 1.0519e-20 8.8424e-10 ] 0.0000e+00 [ 0.0000e+00 ] 1.0000e+00
 5.780e+01 7.9272e-10 7.9272e-10 [ 9.3236e-131 3.2709e-90 8.1996e-21 7.9272e-10 ] 0.0000e+00 [ 0.0000e+00 ] 1.0000e+00
 5.791e+01 7.1044e-10 7.1044e-10 [ 3.7728e-131 1.5363e-90 6.3880e-21 7.1044e-10 ] 0.0000e+00 [ 0.0000e+00 ] 1.0000e+00
 5.803e+01 6.3649e-10 6.3649e-10 [ 1.5263e-131 7.2112e-91 4.9737e-21 6.3649e-10 ] 0.0000e+00 [ 0.0000e+00 ] 1.0000e+00
 5.814e+01 5.7005e-10 5.7005e-10 [ 6.1733e-132 3.3830e-91 3.8702e-21 5.7005e-10 ] 0.0000e+00 [ 0.0000e+00 ] 1.0000e+00
 5.825e+01 5.1039e-10 5.1039e-10 [ 2.4962e-132 1.5862e-91 3.0097e-21 5.1039e-10 ] 0.0000e+00 [ 0.0000e+00 ] 1.0000e+00
 5.837e+01 4.5681e-10 4.5681e-10 [ 1.0091e-132 7.4328e-92 2.3392e-21 4.5681e-10 ] 0.0000e+00 [ 0.0000e+00 ] 1.0000e+00
 5.848e+01 4.0873e-10 4.0873e-10 [ 4.0787e-133 3.4811e-92 1.8169e-21 4.0873e-10 ] 0.0000e+00 [ 0.0000e+00 ] 1.0000e+00
 5.859e+01 3.6559e-10 3.6559e-10 [ 1.6481e-133 1.6294e-92 1.4105e-21 3.6559e-10 ] 0.0000e+00 [ 0.0000e+00 ] 1.0000e+00
 5.871e+01 3.2690e-10 3.2690e-10 [ 6.6579e-134 7.6226e-93 1.0943e-21 3.2690e-10 ] 0.0000e+00 [ 0.0000e+00 ] 1.0000e+00
 5.882e+01 2.9221e-10 2.9221e-10 [ 2.6890e-134 3.5640e-93 8.4847e-22 2.9221e-10 ] 0.0000e+00 [ 0.0000e+00 ] 1.0000e+00
 5.893e+01 2.6111e-10 2.6111e-10 [ 1.0858e-134 1.6654e-93 6.5749e-22 2.6111e-10 ] 0.0000e+00 [ 0.0000e+00 ] 1.0000e+00
 5.905e+01 2.3325e-10 2.3325e-10 [ 4.3834e-135 7.7783e-94 5.0920e-22 2.3325e-10 ] 0.0000e+00 [ 0.0000e+00 ] 1.0000e+00
 5.916e+01 2.0829e-10 2.0829e-10 [ 1.7691e-135 3.6308e-94 3.9412e-22 2.0829e-10 ] 0.0000e+00 [ 0.0000e+00 ] 1.0000e+00
 5.927e+01 1.8595e-10 1.8595e-10 [ 7.1387e-136 1.6939e-94 3.0487e-22 1.8595e-10 ] 0.0000e+00 [ 0.0000e+00 ] 1.0000e+00
 5.939e+01 1.6594e-10 1.6594e-10 [ 2.8799e-136 7.8980e-95 2.3569e-22 1.6594e-10 ] 0.0000e+00 [ 0.0000e+00 ] 1.0000e+00
 5.950e+01 1.4804e-10 1.4804e-10 [ 1.1615e-136 3.6807e-95 1.8211e-22 1.4804e-10 ] 0.0000e+00 [ 0.0000e+00 ] 1.0000e+00
 5.961e+01 1.3203e-10 1.3203e-10 [ 4.6836e-137 1.7143e-95 1.4062e-22 1.3203e-10 ] 0.0000e+00 [ 0.0000e+00 ] 1.0000e+00
 5.973e+01 1.1771e-10 1.1771e-10 [ 1.8882e-137 7.9806e-96 1.0852e-22 1.1771e-10 ] 0.0000e+00 [ 0.0000e+00 ] 1.0000e+00
 5.984e+01 1.0491e-10 1.0491e-10 [ 7.6102e-138 3.7132e-96 8.3701e-23 1.0491e-10 ] 0.0000e+00 [ 0.0000e+00 ] 1.0000e+00
 5.995e+01 9.3475e-11 9.3475e-11 [ 3.0666e-138 1.7267e-96 6.4519e-23 9.3475e-11 ] 0.0000e+00 [ 0.0000e+00 ] 1.0000e+00
 6.007e+01 8.3257e-11 8.3257e-11 [ 1.2354e-138 8.0253e-97 4.9705e-23 8.3257e-11 ] 0.0000e+00 [ 0.0000e+00 ] 1.0000e+00
 6.018e+01 7.4132e-11 7.4132e-11 [ 4.9760e-139 3.7280e-97 3.8269e-23 7.4132e-11 ] 0.0000e+00 [ 0.0000e+00 ] 1.0000e+00
 6.029e+01 6.5985e-11 6.5985e-11 [ 2.0038e-139 1.7308e-97 2.9448e-23 6.5985e-11 ] 0.0000e+00 [ 0.0000e+00 ] 1.0000e+00
 6.041e+01 5.8715e-11 5.8715e-11 [ 8.0670e-140 8.0318e-98 2.2647e-23 5.8715e-11 ] 0.0000e+00 [ 0.0000e+00 ] 1.0000e+00
 6.052e+01 5.2229e-11 5.2229e-11 [ 3.2470e-140 3.7251e-98 1.7406e-23 5.2229e-11 ] 0.0000e+00 [ 0.0000e+00 ] 1.0000e+00
 6.063e+01 4.6444e-11 4.6444e-11 [ 1.3066e-140 1.7268e-98 1.3370e-23 4.6444e-11 ] 0.0000e+00 [ 0.0000e+00 ] 1.0000e+00
 6.075e+01 4.1287e-11 4.1287e-11 [ 5.2569e-141 8.0006e-99 1.0264e-23 4.1287e-11 ] 0.0000e+00 [ 0.0000e+00 ] 1.0000e+00
 6.086e+01 3.6690e-11 3.6690e-11 [ 2.1145e-141 3.7049e-99 7.8755e-24 3.6690e-11 ] 0.0000e+00 [ 0.0000e+00 ] 1.0000e+00
 6.097e+01 3.2595e-11 3.2595e-11 [ 8.5035e-142 1.7148e-99 6.0391e-24 3.2595e-11 ] 0.0000e+00 [ 0.0000e+00 ] 1.0000e+00
 6.109e+01 2.8947e-11 2.8947e-11 [ 3.4189e-142 7.9324e-100 4.6282e-24 2.8947e-11 ] 0.0000e+00 [ 0.0000e+00 ] 1.0000e+00
 6.120e+01 2.5699e-11 2.5699e-11 [ 1.3743e-142 3.6677e-100 3.5448e-24 2.5699e-11 ] 0.0000e+00 [ 0.0000e+00 ] 1.0000e+00
 6.131e+01 2.2809e-11 2.2809e-11 [ 5.5229e-143 1.6949e-100 2.7135e-24 2.2809e-11 ] 0.0000e+00 [ 0.0000e+00 ] 1.0000e+00
 6.143e+01 2.0236e-11 2.0236e-11 [ 2.2191e-143 7.8286e-101 2.0760e-24 2.0236e-11 ] 0.0000e+00 [ 0.0000e+00 ] 1.0000e+00
 6.154e+01 1.7949e-11 1.7949e-11 [ 8.9140e-144 3.6141e-101 1.5873e-24 1.7949e-11 ] 0.0000e+00 [ 0.0000e+00 ] 1.0000e+00
 6.165e+01 1.5914e-11 1.5914e-11 [ 3.5800e-144 1.6676e-101 1.2130e-24 1.5914e-11 ] 0.0000e+00 [ 0.0000e+00 ] 1.0000e+00
 6.177e+01 1.4106e-11 1.4106e-11 [ 1.4375e-144 7.6910e-102 9.2637e-25 1.4106e-11 ] 0.0000e+00 [ 0.0000e+00 ] 1.0000e+00
 6.188e+01 1.2499e-11 1.2499e-11 [ 5.7705e-145 3.5452e-102 7.0709e-25 1.2499e-11 ] 0.0000e+00 [ 0.0000e+00 ] 1.0000e+00
 6.199e+01 1.1071e-11 1.1071e-11 [ 2.3160e-145 1.6334e-102 5.3940e-25 1.1071e-11 ] 0.0000e+00 [ 0.0000e+00 ] 1.0000e+00
 6.211e+01 9.8039e-12 9.8039e-12 [ 9.2931e-146 7.5217e-103 4.1125e-25 9.8039e-12 ] 0.0000e+00 [ 0.0000e+00 ] 1.0000e+00
 6.222e+01 8.6786e-12 8.6786e-12 [ 3.7281e-146 3.4620e-103 3.1336e-25 8.6786e-12 ] 0.0000e+00 [ 0.0000e+00 ] 1.0000e+00
 6.233e+01 7.6800e-12 7.6800e-12 [ 1.4953e-146 1.5926e-103 2.3863e-25 7.6800e-12 ] 0.0000e+00 [ 0.0000e+00 ] 1.0000e+00
 6.245e+01 6.7941e-12 6.7941e-12 [ 5.9961e-147 7.3232e-104 1.8163e-25 6.7941e-12 ] 0.0000e+00 [ 0.0000e+00 ] 1.0000e+00
 6.256e+01 6.0085e-12 6.0085e-12 [ 2.4039e-147 3.3656e-104 1.3816e-25 6.0085e-12 ] 0.0000e+00 [ 0.0000e+00 ] 1.0000e+00
 6.267e+01 5.3119e-12 5.3119e-12 [ 9.6352e-148 1.5460e-104 1.0503e-25 5.3119e-12 ] 0.0000e+00 [ 0.0000e+00 ] 1.0000e+00
 6.279e+01 4.6947e-12 4.6947e-12 [ 3.8612e-148 7.0982e-105 7.9803e-26 4.6947e-12 ] 0.0000e+00 [ 0.0000e+00 ] 1.0000e+00
 6.290e+01 4.1478e-12 4.1478e-12 [ 1.5470e-148 3.2574e-105 6.0600e-26 4.1478e-12 ] 0.0000e+00 [ 0.0000e+00 ] 1.0000e+00
 6.301e+01 3.6634e-12 3.6634e-12 [ 6.1964e-149 1.4941e-105 4.5991e-26 3.6634e-12 ] 0.0000e+00 [ 0.0000e+00 ] 1.0000e+00
 6.313e+01 3.2346e-12 3.2346e-12 [ 2.4815e-149 6.8499e-106 3.4884e-26 3.2346e-12 ] 0.0000e+00 [ 0.0000e+00 ] 1.0000e+00
 6.324e+01 2.8550e-12 2.8550e-12 [ 9.9354e-150 3.1389e-106 2.6445e-26 2.8550e-12 ] 0.0000e+00 [ 0.0000e+00 ] 1.0000e+00
 6.335e+01 2.5191e-12 2.5191e-12 [ 3.9771e-150 1.4376e-106 2.0036e-26 2.5191e-12 ] 0.0000e+00 [ 0.0000e+00 ] 1.0000e+00
 6.347e+01 2.2221e-12 2.2221e-12 [ 1.5917e-150 6.5814e-107 1.5171e-26 2.2221e-12 ] 0.0000e+00 [ 0.0000e+00 ] 1.0000e+00
 6.358e+01 1.9594e-12 1.9594e-12 [ 6.3685e-151 3.0115e-107 1.1481e-26 1.9594e-12 ] 0.0000e+00 [ 0.0000e+00 ] 1.0000e+00
 6.369e+01 1.7273e-12 1.7273e-12 [ 2.5476e-151 1.3773e-107 8.6837e-27 1.7273e-12 ] 0.0000e+00 [ 0.0000e+00 ] 1.0000e+00
 6.381e+01 1.5221e-12 1.5221e-12 [ 1.0189e-151 6.2959e-108 6.5641e-27 1.5221e-12 ] 0.0000e+00 [ 0.0000e+00 ] 1.0000e+00
 6.392e+01 1.3409e-12 1.3409e-12 [ 4.0740e-152 2.8767e-108 4.9591e-27 1.3409e-12 ] 0.0000e+00 [ 0.0000e+00 ] 1.0000e+00
 6.403e+01 1.1809e-12 1.1809e-12 [ 1.6286e-152 1.3137e-108 3.7444e-27 1.1809e-12 ] 0.0000e+00 [ 0.0000e+00 ] 1.0000e+00
 6.415e+01 1.0396e-12 1.0396e-12 [ 6.5093e-153 5.9968e-109 2.8256e-27 1.0396e-12 ] 0.0000e+00 [ 0.0000e+00 ] 1.0000e+00
 6.426e+01 9.1497e-13 9.1497e-13 [ 2.6010e-153 2.7361e-109 2.1311e-27 9.1497e-13 ] 0.0000e+00 [ 0.0000e+00 ] 1.0000e+00
 6.437e+01 8.0500e-13 8.0500e-13 [ 1.0391e-153 1.2477e-109 1.6064e-27 8.0500e-13 ] 0.0000e+00 [ 0.0000e+00 ] 1.0000e+00
 6.449e+01 7.0802e-13 7.0802e-13 [ 4.1502e-154 5.6874e-110 1.2101e-27 7.0802e-13 ] 0.0000e+00 [ 0.0000e+00 ] 1.0000e+00
 6.460e+01 6.2253e-13 6.2253e-13 [ 1.6573e-154 2.5912e-110 9.1114e-28 6.2253e-13 ] 0.0000e+00 [ 0.0000e+00 ] 1.0000e+00
 6.471e+01 5.4718e-13 5.4718e-13 [ 6.6163e-155 1.1800e-110 6.8562e-28 5.4718e-13 ] 0.0000e+00 [ 0.0000e+00 ] 1.0000e+00
 6.483e+01 4.8079e-13 4.8079e-13 [ 2.6408e-155 5.3708e-111 5.1563e-28 4.8079e-13 ] 0.0000e+00 [ 0.0000e+00 ] 1.0000e+00
 6.494e+01 4.2233e-13 4.2233e-13 [ 1.0538e-155 2.4435e-111 3.8756e-28 4.2233e-13 ] 0.0000e+00 [ 0.0000e+00 ] 1.0000e+00
 6.505e+01 3.7085e-13 3.7085e-13 [ 4.2042e-156 1.1111e-111 2.9114e-28 3.7085e-13 ] 0.0000e+00 [ 0.0000e+00 ] 1.0000e+00
 6.517e+01 3.2555e-13 3.2555e-13 [ 1.6769e-156 5.0502e-112 2.1858e-28 3.2555e-13 ] 0.0000e+00 [ 0.0000e+00 ] 1.0000e+00
 6.528e+01 2.8568e-13 2.8568e-13 [ 6.6872e-157 2.2943e-112 1.6401e-28 2.8568e-13 ] 0.0000e+00 [ 0.0000e+00 ] 1.0000e+00
 6.539e+01 2.5062e-13 2.5062e-13 [ 2.6661e-157 1.0418e-112 1.2300e-28 2.5062e-13 ] 0.0000e+00 [ 0.0000e+00 ] 1.0000e+00
 6.551e+01 2.1979e-13 2.1979e-13 [ 1.0627e-157 4.7286e-113 9.2186e-29 2.1979e-13 ] 0.0000e+00 [ 0.0000e+00 ] 1.0000e+00
 6.562e+01 1.9269e-13 1.9269e-13 [ 4.2347e-158 2.1451e-113 6.9054e-29 1.9269e-13 ] 0.0000e+00 [ 0.0000e+00 ] 1.0000e+00
 6.573e+01 1.6888e-13 1.6888e-13 [ 1.6871e-158 9.7270e-114 5.1697e-29 1.6888e-13 ] 0.0000e+00 [ 0.0000e+00 ] 1.0000e+00
 6.585e+01 1.4796e-13 1.4796e-13 [ 6.7201e-159 4.4085e-114 3.8680e-29 1.4796e-13 ] 0.0000e+00 [ 0.0000e+00 ] 1.0000e+00
 6.596e+01 1.2960e-13 1.2960e-13 [ 2.6761e-159 1.9971e-114 2.8925e-29 1.2960e-13 ] 0.0000e+00 [ 0.0000e+00 ] 1.0000e+00
 6.607e+01 1.1347e-13 1.1347e-13 [ 1.0654e-159 9.0430e-115 2.1617e-29 1.1347e-13 ] 0.0000e+00 [ 0.0000e+00 ] 1.0000e+00
 6.619e+01 9.9322e-14 9.9322e-14 [ 4.2407e-160 4.0927e-115 1.6147e-29 9.9322e-14 ] 0.0000e+00 [ 0.0000e+00 ] 1.0000e+00
 6.630e+01 8.6909e-14 8.6909e-14 [ 1.6875e-160 1.8514e-115 1.2053e-29 8.6909e-14 ] 0.0000e+00 [ 0.0000e+00 ] 1.0000e+00
 6.641e+01 7.6022e-14 7.6022e-14 [ 6.7137e-161 8.3713e-116 8.9927e-30 7.6022e-14 ] 0.0000e+00 [ 0.0000e+00 ] 1.0000e+00
 6.653e+01 6.6478e-14 6.6478e-14 [ 2.6703e-161 3.7834e-116 6.7054e-30 6.6478e-14 ] 0.0000e+00 [ 0.0000e+00 ] 1.0000e+00
 6.664e+01 5.8114e-14 5.8114e-14 [ 1.0619e-161 1.7090e-116 4.9970e-30 5.8114e-14 ] 0.0000e+00 [ 0.0000e+00 ] 1.0000e+00
 6.675e+01 5.0786e-14 5.0786e-14 [ 4.2215e-162 7.7166e-117 3.7217e-30 5.0786e-14 ] 0.0000e+00 [ 0.0000e+00 ] 1.0000e+00
 6.687e+01 4.4367e-14 4.4367e-14 [ 1.6778e-162 3.4825e-117 2.7702e-30 4.4367e-14 ] 0.0000e+00 [ 0.0000e+00 ] 1.0000e+00
 6.698e+01 3.8748e-14 3.8748e-14 [ 6.6670e-163 1.5709e-117 2.0608e-30 3.8748e-14 ] 0.0000e+00 [ 0.0000e+00 ] 1.0000e+00
 6.709e+01 3.3829e-14 3.3829e-14 [ 2.6485e-163 7.0827e-118 1.5322e-30 3.3829e-14 ] 0.0000e+00 [ 0.0000e+00 ] 1.0000e+00
 6.721e+01 2.9526e-14 2.9526e-14 [ 1.0519e-163 3.1918e-118 1.1385e-30 2.9526e-14 ] 0.0000e+00 [ 0.0000e+00 ] 1.0000e+00
 6.732e+01 2.5761e-14 2.5761e-14 [ 4.1766e-164 1.4377e-118 8.4549e-31 2.5761e-14 ] 0.0000e+00 [ 0.0000e+00 ] 1.0000e+00
 6.743e+01 2.2469e-14 2.2469e-14 [ 1.6579e-164 6.4730e-119 6.2751e-31 2.2469e-14 ] 0.0000e+00 [ 0.0000e+00 ] 1.0000e+00
 6.755e+01 1.9592e-14 1.9592e-14 [ 6.5796e-165 2.9129e-119 4.6546e-31 1.9592e-14 ] 0.0000e+00 [ 0.0000e+00 ] 1.0000e+00
 6.766e+01 1.7078e-14 1.7078e-14 [ 2.6105e-165 1.3102e-119 3.4505e-31 1.7078e-14 ] 0.0000e+00 [ 0.0000e+00 ] 1.0000e+00
 6.777e+01 1.4881e-14 1.4881e-14 [ 1.0355e-165 5.8903e-120 2.5564e-31 1.4881e-14 ] 0.0000e+00 [ 0.0000e+00 ] 1.0000e+00
 6.789e+01 1.2963e-14 1.2963e-14 [ 4.1061e-166 2.6469e-120 1.8928e-31 1.2963e-14 ] 0.0000e+00 [ 0.0000e+00 ] 1.0000e+00
 6.800e+01 1.1289e-14 1.1289e-14 [ 1.6278e-166 1.1888e-120 1.4007e-31 1.1289e-14 ] 0.0000e+00 [ 0.0000e+00 ] 1.0000e+00
 6.811e+01 9.8275e-15 9.8275e-15 [ 6.4517e-167 5.3369e-121 1.0359e-31 9.8275e-15 ] 0.0000e+00 [ 0.0000e+00 ] 1.0000e+00
 6.823e+01 8.5527e-15 8.5527e-15 [ 2.5564e-167 2.3947e-121 7.6564e-32 8.5527e-15 ] 0.0000e+00 [ 0.0000e+00 ] 1.0000e+00
 6.834e+01 7.4408e-15 7.4408e-15 [ 1.0126e-167 1.0740e-121 5.6555e-32 7.4408e-15 ] 0.0000e+00 [ 0.0000e+00 ] 1.0000e+00
 6.845e+01 6.4714e-15 6.4714e-15 [ 4.0103e-168 4.8143e-122 4.1750e-32 6.4714e-15 ] 0.0000e+00 [ 0.0000e+00 ] 1.0000e+00
 6.857e+01 5.6265e-15 5.6265e-15 [ 1.5877e-168 2.1571e-122 3.0802e-32 5.6265e-15 ] 0.0000e+00 [ 0.0000e+00 ] 1.0000e+00
 6.868e+01 4.8904e-15 4.8904e-15 [ 6.2841e-169 9.6599e-123 2.2711e-32 4.8904e-15 ] 0.0000e+00 [ 0.0000e+00 ] 1.0000e+00
 6.879e+01 4.2492e-15 4.2492e-15 [ 2.4865e-169 4.3239e-123 1.6735e-32 4.2492e-15 ] 0.0000e+00 [ 0.0000e+00 ] 1.0000e+00
 6.891e+01 3.6909e-15 3.6909e-15 [ 9.8361e-170 1.9344e-123 1.2324e-32 3.6909e-15 ] 0.0000e+00 [ 0.0000e+00 ] 1.0000e+00
 6.902e+01 3.2050e-15 3.2050e-15 [ 3.8898e-170 8.6501e-124 9.0702e-33 3.2050e-15 ] 0.0000e+00 [ 0.0000e+00 ] 1.0000e+00
 6.913e+01 2.7821e-15 2.7821e-15 [ 1.5378e-170 3.8661e-124 6.6712e-33 2.7821e-15 ] 0.0000e+00 [ 0.0000e+00 ] 1.0000e+00
 6.925e+01 2.4143e-15 2.4143e-15 [ 6.0781e-171 1.7270e-124 4.9036e-33 2.4143e-15 ] 0.0000e+00 [ 0.0000e+00 ] 1.0000e+00
 6.936e+01 2.0944e-15 2.0944e-15 [ 2.4016e-171 7.7111e-125 3.6021e-33 2.0944e-15 ] 0.0000e+00 [ 0.0000e+00 ] 1.0000e+00
 6.947e+01 1.8163e-15 1.8163e-15 [ 9.4862e-172 3.4412e-125 2.6444e-33 1.8163e-15 ] 0.0000e+00 [ 0.0000e+00 ] 1.0000e+00
 6.959e+01 1.5747e-15 1.5747e-15 [ 3.7459e-172 1.5349e-125 1.9401e-33 1.5747e-15 ] 0.0000e+00 [ 0.0000e+00 ] 1.0000e+00
 6.970e+01 1.3647e-15 1.3647e-15 [ 1.4788e-172 6.8429e-126 1.4224e-33 1.3647e-15 ] 0.0000e+00 [ 0.0000e+00 ] 1.0000e+00
 6.981e+01 1.1824e-15 1.1824e-15 [ 5.8358e-173 3.0491e-126 1.0422e-33 1.1824e-15 ] 0.0000e+00 [ 0.0000e+00 ] 1.0000e+00
 6.993e+01 1.0241e-15 1.0241e-15 [ 2.3023e-173 1.3579e-126 7.6317e-34 1.0241e-15 ] 0.0000e+00 [ 0.0000e+00 ] 1.0000e+00
 7.004e+01 8.8675e-16 8.8675e-16 [ 9.0803e-174 6.0446e-127 5.5846e-34 8.8675e-16 ] 0.0000e+00 [ 0.0000e+00 ] 1.0000e+00
 7.015e+01 7.6755e-16 7.6755e-16 [ 3.5801e-174 2.6892e-127 4.0839e-34 7.6755e-16 ] 0.0000e+00 [ 0.0000e+00 ] 1.0000e+00
 7.027e+01 6.6417e-16 6.6417e-16 [ 1.4111e-174 1.1958e-127 2.9845e-34 6.6417e-16 ] 0.0000e+00 [ 0.0000e+00 ] 1.0000e+00
 7.038e+01 5.7453e-16 5.7453e-16 [ 5.5599e-175 5.3144e-128 2.1796e-34 5.7453e-16 ] 0.0000e+00 [ 0.0000e+00 ] 1.0000e+00
 7.049e+01 4.9683e-16 4.9683e-16 [ 2.1900e-175 2.3606e-128 1.5907e-34 4.9683e-16 ] 0.0000e+00 [ 0.0000e+00 ] 1.0000e+00
 7.061e+01 4.2950e-16 4.2950e-16 [ 8.6231e-176 1.0480e-128 1.1602e-34 4.2950e-16 ] 0.0000e+00 [ 0.0000e+00 ] 1.0000e+00
 7.072e+01 3.7118e-16 3.7118e-16 [ 3.3942e-176 4.6502e-129 8.4556e-35 3.7118e-16 ] 0.0000e+00 [ 0.0000e+00 ] 1.0000e+00
 7.083e+01 3.2067e-16 3.2067e-16 [ 1.3356e-176 2.0623e-129 6.1585e-35 3.2067e-16 ] 0.0000e+00 [ 0.0000e+00 ] 1.0000e+00
 7.095e+01 2.7695e-16 2.7695e-16 [ 5.2536e-177 9.1408e-130 4.4823e-35 2.7695e-16 ] 0.0000e+00 [ 0.0000e+00 ] 1.0000e+00
 7.106e+01 2.3912e-16 2.3912e-16 [ 2.0658e-177 4.0493e-130 3.2600e-35 2.3912e-16 ] 0.0000e+00 [ 0.0000e+00 ] 1.0000e+00
 7.117e+01 2.0639e-16 2.0639e-16 [ 8.1201e-178 1.7928e-130 2.3694e-35 2.0639e-16 ] 0.0000e+00 [ 0.0000e+00 ] 1.0000e+00
 7.129e+01 1.7808e-16 1.7808e-16 [ 3.1907e-178 7.9334e-131 1.7209e-35 1.7808e-16 ] 0.0000e+00 [ 0.0000e+00 ] 1.0000e+00
 7.140e+01 1.5361e-16 1.5361e-16 [ 1.2533e-178 3.5086e-131 1.2489e-35 1.5361e-16 ] 0.0000e+00 [ 0.0000e+00 ] 1.0000e+00
 7.151e+01 1.3245e-16 1.3245e-16 [ 4.9208e-179 1.5508e-131 9.0577e-36 1.3245e-16 ] 0.0000e+00 [ 0.0000e+00 ] 1.0000e+00
 7.163e+01 1.1418e-16 1.1418e-16 [ 1.9314e-179 6.8509e-132 6.5642e-36 1.1418e-16 ] 0.0000e+00 [ 0.0000e+00 ] 1.0000e+00
 7.174e+01 9.8394e-17 9.8394e-17 [ 7.5777e-180 3.0247e-132 4.7536e-36 9.8394e-17 ] 0.0000e+00 [ 0.0000e+00 ] 1.0000e+00
 7.185e+01 8.4764e-17 8.4764e-17 [ 2.9719e-180 1.3346e-132 3.4398e-36 8.4764e-17 ] 0.0000e+00 [ 0.0000e+00 ] 1.0000e+00
 7.197e+01 7.2999e-17 7.2999e-17 [ 1.1651e-180 5.8856e-133 2.4873e-36 7.2999e-17 ] 0.0000e+00 [ 0.0000e+00 ] 1.0000e+00
 7.208e+01 6.2848e-17 6.2848e-17 [ 4.5659e-181 2.5939e-133 1.7971e-36 6.2848e-17 ] 0.0000e+00 [ 0.0000e+00 ] 1.0000e+00
 7.219e+01 5.4091e-17 5.4091e-17 [ 1.7885e-181 1.1425e-133 1.2975e-36 5.4091e-17 ] 0.0000e+00 [ 0.0000e+00 ] 1.0000e+00
 7.231e+01 4.6539e-17 4.6539e-17 [ 7.0032e-182 5.0294e-134 9.3602e-37 4.6539e-17 ] 0.0000e+00 [ 0.0000e+00 ] 1.0000e+00
 7.242e+01 4.0030e-17 4.0030e-17 [ 2.7410e-182 2.2126e-134 6.7472e-37 4.0030e-17 ] 0.0000e+00 [ 0.0000e+00 ] 1.0000e+00
 7.253e+01 3.4419e-17 3.4419e-17 [ 1.0724e-182 9.7279e-135 4.8598e-37 3.4419e-17 ] 0.0000e+00 [ 0.0000e+00 ] 1.0000e+00
 7.265e+01 2.9586e-17 2.9586e-17 [ 4.1935e-183 4.2743e-135 3.4975e-37 2.9586e-17 ] 0.0000e+00 [ 0.0000e+00 ] 1.0000e+00
 7.276e+01 2.5424e-17 2.5424e-17 [ 1.6392e-183 1.8769e-135 2.5150e-37 2.5424e-17 ] 0.0000e+00 [ 0.0000e+00 ] 1.0000e+00
 7.287e+01 2.1840e-17 2.1840e-17 [ 6.4042e-184 8.2363e-136 1.8071e-37 2.1840e-17 ] 0.0000e+00 [ 0.0000e+00 ] 1.0000e+00
 7.299e+01 1.8755e-17 1.8755e-17 [ 2.5010e-184 3.6120e-136 1.2973e-37 1.8755e-17 ] 0.0000e+00 [ 0.0000e+00 ] 1.0000e+00
 7.310e+01 1.6101e-17 1.6101e-17 [ 9.7624e-185 1.5830e-136 9.3052e-38 1.6101e-17 ] 0.0000e+00 [ 0.0000e+00 ] 1.0000e+00
 7.321e+01 1.3818e-17 1.3818e-17 [ 3.8088e-185 6.9329e-137 6.6687e-38 1.3818e-17 ] 0.0000e+00 [ 0.0000e+00 ] 1.0000e+00
 7.333e+01 1.1856e-17 1.1856e-17 [ 1.4853e-185 3.0343e-137 4.7751e-38 1.1856e-17 ] 0.0000e+00 [ 0.0000e+00 ] 1.0000e+00
 7.344e+01 1.0168e-17 1.0168e-17 [ 5.7890e-186 1.3271e-137 3.4161e-38 1.0168e-17 ] 0.0000e+00 [ 0.0000e+00 ] 1.0000e+00
 7.355e+01 8.7184e-18 8.7184e-18 [ 2.2552e-186 5.8005e-138 2.4417e-38 8.7184e-18 ] 0.0000e+00 [ 0.0000e+00 ] 1.0000e+00
 7.367e+01 7.4728e-18 7.4728e-18 [ 8.7808e-187 2.5334e-138 1.7437e-38 7.4728e-18 ] 0.0000e+00 [ 0.0000e+00 ] 1.0000e+00
 7.378e+01 6.4032e-18 6.4032e-18 [ 3.4170e-187 1.1057e-138 1.2440e-38 6.4032e-18 ] 0.0000e+00 [ 0.0000e+00 ] 1.0000e+00
 7.389e+01 5.4850e-18 5.4850e-18 [ 1.3290e-187 4.8223e-139 8.8671e-39 5.4850e-18 ] 0.0000e+00 [ 0.0000e+00 ] 1.0000e+00
 7.401e+01 4.6969e-18 4.6969e-18 [ 5.1661e-188 2.1016e-139 6.3142e-39 4.6969e-18 ] 0.0000e+00 [ 0.0000e+00 ] 1.0000e+00
 7.412e+01 4.0208e-18 4.0208e-18 [ 2.0070e-188 9.1518e-140 4.4919e-39 4.0208e-18 ] 0.0000e+00 [ 0.0000e+00 ] 1.0000e+00
 7.423e+01 3.4409e-18 3.4409e-18 [ 7.7922e-189 3.9823e-140 3.1924e-39 3.4409e-18 ] 0.0000e+00 [ 0.0000e+00 ] 1.0000e+00
 7.435e+01 2.9437e-18 2.9437e-18 [ 3.0236e-189 1.7315e-140 2.2665e-39 2.9437e-18 ] 0.0000e+00 [ 0.0000e+00 ] 1.0000e+00
 7.446e+01 2.5175e-18 2.5175e-18 [ 1.1725e-189 7.5225e-141 1.6075e-39 2.5175e-18 ] 0.0000e+00 [ 0.0000e+00 ] 1.0000e+00
 7.457e+01 2.1524e-18 2.1524e-18 [ 4.5437e-190 3.2655e-141 1.1389e-39 2.1524e-18 ] 0.0000e+00 [ 0.0000e+00 ] 1.0000e+00
 7.469e+01 1.8396e-18 1.8396e-18 [ 1.7597e-190 1.4163e-141 8.0606e-40 1.8396e-18 ] 0.0000e+00 [ 0.0000e+00 ] 1.0000e+00
 7.480e+01 1.5717e-18 1.5717e-18 [ 6.8100e-191 6.1377e-142 5.6986e-40 1.5717e-18 ] 0.0000e+00 [ 0.0000e+00 ] 1.0000e+00
 7.491e+01 1.3424e-18 1.3424e-18 [ 2.6337e-191 2.6575e-142 4.0243e-40 1.3424e-18 ] 0.0000e+00 [ 0.0000e+00 ] 1.0000e+00
 7.503e+01 1.1462e-18 1.1462e-18 [ 1.0178e-191 1.1496e-142 2.8386e-40 1.1462e-18 ] 0.0000e+00 [ 0.0000e+00 ] 1.0000e+00
 7.514e+01 9.7836e-19 9.7836e-19 [ 3.9303e-192 4.9683e-143 2.0000e-40 9.7836e-19 ] 0.0000e+00 [ 0.0000e+00 ] 1.0000e+00
 7.525e+01 8.3480e-19 8.3480e-19 [ 1.5165e-192 2.1452e-143 1.4074e-40 8.3480e-19 ] 0.0000e+00 [ 0.0000e+00 ] 1.0000e+00
 7.537e+01 7.1206e-19 7.1206e-19 [ 5.8470e-193 9.2533e-144 9.8918e-41 7.1206e-19 ] 0.0000e+00 [ 0.0000e+00 ] 1.0000e+00
 7.548e+01 6.0716e-19 6.0716e-19 [ 2.2524e-193 3.9874e-144 6.9436e-41 6.0716e-19 ] 0.0000e+00 [ 0.0000e+00 ] 1.0000e+00
 7.559e+01 5.1753e-19 5.1753e-19 [ 8.6692e-194 1.7164e-144 4.8679e-41 5.1753e-19 ] 0.0000e+00 [ 0.0000e+00 ] 1.0000e+00
 7.571e+01 4.4097e-19 4.4097e-19 [ 3.3336e-194 7.3807e-145 3.4081e-41 4.4097e-19 ] 0.0000e+00 [ 0.0000e+00 ] 1.0000e+00
 7.582e+01 3.7560e-19 3.7560e-19 [ 1.2807e-194 3.1702e-145 2.3828e-41 3.7560e-19 ] 0.0000e+00 [ 0.0000e+00 ] 1.0000e+00
 7.593e+01 3.1980e-19 3.1980e-19 [ 4.9152e-195 1.3601e-145 1.6636e-41 3.1980e-19 ] 0.0000e+00 [ 0.0000e+00 ] 1.0000e+00
 7.605e+01 2.7218e-19 2.7218e-19 [ 1.8845e-195 5.8282e-146 1.1598e-41 2.7218e-19 ] 0.0000e+00 [ 0.0000e+00 ] 1.0000e+00
 7.616e+01 2.3156e-19 2.3156e-19 [ 7.2173e-196 2.4943e-146 8.0733e-42 2.3156e-19 ] 0.0000e+00 [ 0.0000e+00 ] 1.0000e+00
 7.627e+01 1.9692e-19 1.9692e-19 [ 2.7610e-196 1.0661e-146 5.6110e-42 1.9692e-19 ] 0.0000e+00 [ 0.0000e+00 ] 1.0000e+00
 7.639e+01 1.6739e-19 1.6739e-19 [ 1.0549e-196 4.5506e-147 3.8933e-42 1.6739e-19 ] 0.0000e+00 [ 0.0000e+00 ] 1.0000e+00
 7.650e+01 1.4222e-19 1.4222e-19 [ 4.0258e-197 1.9396e-147 2.6969e-42 1.4222e-19 ] 0.0000e+00 [ 0.0000e+00 ] 1.0000e+00
 7.661e+01 1.2078e-19 1.2078e-19 [ 1.5342e-197 8.2550e-148 1.8649e-42 1.2078e-19 ] 0.0000e+00 [ 0.0000e+00 ] 1.0000e+00
 7.673e+01 1.0251e-19 1.0251e-19 [ 5.8388e-198 3.5078e-148 1.2871e-42 1.0251e-19 ] 0.0000e+00 [ 0.0000e+00 ] 1.0000e+00
 7.684e+01 8.6962e-20 8.6962e-20 [ 2.2188e-198 1.4881e-148 8.8668e-43 8.6962e-20 ] 0.0000e+00 [ 0.0000e+00 ] 1.0000e+00
 7.695e+01 7.3724e-20 7.3724e-20 [ 8.4178e-199 6.3017e-149 6.0957e-43 7.3724e-20 ] 0.0000e+00 [ 0.0000e+00 ] 1.0000e+00
 7.707e+01 6.2459e-20 6.2459e-20 [ 3.1883e-199 2.6637e-149 4.1817e-43 6.2459e-20 ] 0.0000e+00 [ 0.0000e+00 ] 1.0000e+00
 7.718e+01 5.2876e-20 5.2876e-20 [ 1.2054e-199 1.1237e-149 2.8621e-43 5.2876e-20 ] 0.0000e+00 [ 0.0000e+00 ] 1.0000e+00
 7.729e+01 4.4726e-20 4.4726e-20 [ 4.5481e-200 4.7304e-150 1.9543e-43 4.4726e-20 ] 0.0000e+00 [ 0.0000e+00 ] 1.0000e+00
 7.741e+01 3.7797e-20 3.7797e-20 [ 1.7125e-200 1.9868e-150 1.3310e-43 3.7797e-20 ] 0.0000e+00 [ 0.0000e+00 ] 1.0000e+00
 7.752e+01 3.1907e-20 3.1907e-20 [ 6.4332e-201 8.3243e-151 9.0403e-44 3.1907e-20 ] 0.0000e+00 [ 0.0000e+00 ] 1.0000e+00
 7.763e+01 2.6901e-20 2.6901e-20 [ 2.4107e-201 3.4785e-151 6.1222e-44 2.6901e-20 ] 0.0000e+00 [ 0.0000e+00 ] 1.0000e+00
 7.775e+01 2.2649e-20 2.2649e-20 [ 9.0092e-202 1.4494e-151 4.1329e-44 2.2649e-20 ] 0.0000e+00 [ 0.0000e+00 ] 1.0000e+00
 7.786e+01 1.9036e-20 1.9036e-20 [ 3.3568e-202 6.0202e-152 2.7804e-44 1.9036e-20 ] 0.0000e+00 [ 0.0000e+00 ] 1.0000e+00
 7.797e+01 1.5968e-20 1.5968e-20 [ 1.2466e-202 2.4919e-152 1.8635e-44 1.5968e-20 ] 0.0000e+00 [ 0.0000e+00 ] 1.0000e+00
 7.809e+01 1.3362e-20 1.3362e-20 [ 4.6124e-203 1.0275e-152 1.2438e-44 1.3362e-20 ] 0.0000e+00 [ 0.0000e+00 ] 1.0000e+00
 7.820e+01 1.1149e-20 1.1149e-20 [ 1.6995e-203 4.2186e-153 8.2636e-45 1.1149e-20 ] 0.0000e+00 [ 0.0000e+00 ] 1.0000e+00
 7.831e+01 9.2696e-21 9.2696e-21 [ 6.2331e-204 1.7237e-153 5.4621e-45 9.2696e-21 ] 0.0000e+00 [ 0.0000e+00 ] 1.0000e+00
 7.843e+01 7.6727e-21 7.6727e-21 [ 2.2738e-204 7.0043e-154 3.5894e-45 7.6727e-21 ] 0.0000e+00 [ 0.0000e+00 ] 1.0000e+00
 7.854e+01 6.3155e-21 6.3155e-21 [ 8.2441e-205 2.8283e-154 2.3431e-45 6.3155e-21 ] 0.0000e+00 [ 0.0000e+00 ] 1.0000e+00
 7.865e+01 5.1616e-21 5.1616e-21 [ 2.9676e-205 1.1337e-154 1.5178e-45 5.1616e-21 ] 0.0000e+00 [ 0.0000e+00 ] 1.0000e+00
 7.877e+01 4.1799e-21 4.1799e-21 [ 1.0592e-205 4.5053e-155 9.7415e-46 4.1799e-21 ] 0.0000e+00 [ 0.0000e+00 ] 1.0000e+00
 7.888e+01 3.3442e-21 3.3442e-21 [ 3.7417e-206 1.7718e-155 6.1829e-46 3.3442e-21 ] 0.0000e+00 [ 0.0000e+00 ] 1.0000e+00
 7.899e+01 2.6328e-21 2.6328e-21 [ 1.3052e-206 6.8791e-156 3.8698e-46 2.6328e-21 ] 0.0000e+00 [ 0.0000e+00 ] 1.0000e+00
 7.911e+01 2.0276e-21 2.0276e-21 [ 4.4809e-207 2.6282e-156 2.3783e-46 2.0276e-21 ] 0.0000e+00 [ 0.0000e+00 ] 1.0000e+00
 7.922e+01 1.5139e-21 1.5139e-21 [ 1.5066e-207 9.8323e-157 1.4255e-46 1.5139e-21 ] 0.0000e+00 [ 0.0000e+00 ] 1.0000e+00
 7.933e+01 1.0806e-21 1.0806e-21 [ 4.9233e-208 3.5743e-157 8.2382e-47 1.0806e-21 ] 0.0000e+00 [ 0.0000e+00 ] 1.0000e+00
 7.945e+01 7.2008e-22 7.2008e-22 [ 1.5436e-208 1.2458e-157 4.4941e-47 7.2008e-22 ] 0.0000e+00 [ 0.0000e+00 ] 1.0000e+00
 7.956e+01 4.2841e-22 4.2841e-22 [ 4.5243e-209 4.0513e-158 2.2173e-47 4.2841e-22 ] 0.0000e+00 [ 0.0000e+00 ] 1.0000e+00
 7.967e+01 2.0609e-22 2.0609e-22 [ 1.1584e-209 1.1426e-158 8.9353e-48 2.0609e-22 ] 0.0000e+00 [ 0.0000e+00 ] 1.0000e+00
 7.979e+01 5.9015e-23 5.9015e-23 [ 1.9677e-210 2.0923e-159 2.1024e-48 5.9015e-23 ] 0.0000e+00 [ 0.0000e+00 ] 1.0000e+00
 7.990e+01 0.0000e+00 0.0000e+00 [ 0.0000e+00 0.0000e+00 0.0000e+00 0.0000e+00 ] 0.0000e+00 [ 0.0000e+00 ] 1.0000e+00
