 0.000e+00 0.0000e+00 0.0000e+00 [ 0.0000e+00 0.0000e+00 0.0000e+00 0.0000e+00 0.0000e+00 0.0000e+00 0.0000e+00 ] 0.0000e+00 [ 0.0000e+00 ] 1.0000e+00
 1.133e-01 5.5445e-03 5.5445e-03 [ 4.0350e-03 4.1458e-05 8.1304e-05 8.2331e-04 1.0678e-04 3.5488e-04 1.0180e-04 ] 0.0000e+00 [ 0.0000e+00 ] 9.9446e-01
 2.267e-01 1.2563e-02 1.2563e-02 [ 6.2859e-03 1.7463e-04 3.3636e-04 3.4665e-03 4.4012e-04 1.4618e-03 3.9798e-04 ] 0.0000e+00 [ 0.0000e+00 ] 9.8744e-01
 3.400e-01 2.2758e-02 2.2758e-02 [ 7.6845e-03 4.2686e-04 7.9850e-04 8.4662e-03 1.0385e-03 3.4457e-03 8.9776e-04 ] 0.0000e+00 [ 0.0000e+00 ] 9.7724e-01
 4.533e-01 3.8026e-02 3.8026e-02 [ 8.7584e-03 8.4727e-04 1.5238e-03 1.6781e-02 1.9654e-03 6.5126e-03 1.6379e-03 ] 0.0000e+00 [ 0.0000e+00 ] 9.6197e-01
 5.667e-01 6.0739e-02 6.0739e-02 [ 9.8501e-03 1.5112e-03 2.5900e-03 2.9864e-02 3.3061e-03 1.0938e-02 2.6795e-03 ] 0.0000e+00 [ 0.0000e+00 ] 9.3926e-01
 6.800e-01 9.3805e-02 9.3805e-02 [ 1.1229e-02 2.5221e-03 4.0893e-03 4.9677e-02 5.1565e-03 1.7030e-02 4.1011e-03 ] 0.0000e+00 [ 0.0000e+00 ] 9.0620e-01
 7.933e-01 1.4035e-01 1.4035e-01 [ 1.3143e-02 4.0032e-03 6.1067e-03 7.8493e-02 7.5942e-03 2.5033e-02 5.9786e-03 ] 0.0000e+00 [ 0.0000e+00 ] 8.5965e-01
 9.067e-01 2.0273e-01 2.0273e-01 [ 1.5805e-02 6.0663e-03 8.6755e-03 1.1826e-01 1.0626e-02 3.4956e-02 8.3456e-03 ] 0.0000e+00 [ 0.0000e+00 ] 7.9727e-01
 1.020e+00 2.8068e-01 2.8068e-01 [ 1.9310e-02 8.7471e-03 1.1711e-02 1.6932e-01 1.4115e-02 4.6342e-02 1.1132e-02 ] 0.0000e+00 [ 0.0000e+00 ] 7.1932e-01
 1.133e+00 3.6930e-01 3.6930e-01 [ 2.3494e-02 1.1922e-02 1.4959e-02 2.2897e-01 1.7734e-02 5.8112e-02 1.4113e-02 ] 0.0000e+00 [ 0.0000e+00 ] 6.3070e-01
 1.247e+00 4.5874e-01 4.5874e-01 [ 2.7850e-02 1.5275e-02 1.8024e-02 2.9089e-01 2.1020e-02 6.8760e-02 1.6929e-02 ] 0.0000e+00 [ 0.0000e+00 ] 5.4126e-01
 1.360e+00 5.3754e-01 5.3754e-01 [ 3.1650e-02 1.8391e-02 2.0529e-02 3.4720e-01 2.3568e-02 7.6978e-02 1.9229e-02 ] 0.0000e+00 [ 0.0000e+00 ] 4.6246e-01
 1.473e+00 5.9800e-01 5.9800e-01 [ 3.4274e-02 2.0949e-02 2.2297e-02 3.9210e-01 2.5227e-02 8.2309e-02 2.0845e-02 ] 0.0000e+00 [ 0.0000e+00 ] 4.0200e-01
 1.587e+00 6.3884e-01 6.3884e-01 [ 3.5458e-02 2.2845e-02 2.3408e-02 4.2393e-01 2.6137e-02 8.5225e-02 2.1840e-02 ] 0.0000e+00 [ 0.0000e+00 ] 3.6116e-01
 1.700e+00 6.6333e-01 6.6333e-01 [ 3.5275e-02 2.4145e-02 2.4074e-02 4.4422e-01 2.6571e-02 8.6640e-02 2.2406e-02 ] 0.0000e+00 [ 0.0000e+00 ] 3.3667e-01
 1.813e+00 6.7581e-01 6.7581e-01 [ 3.3961e-02 2.4976e-02 2.4512e-02 4.5544e-01 2.6786e-02 8.7397e-02 2.2739e-02 ] 0.0000e+00 [ 0.0000e+00 ] 3.2419e-01
 1.927e+00 6.7955e-01 6.7955e-01 [ 3.1773e-02 2.5438e-02 2.4868e-02 4.5951e-01 2.6949e-02 8.8040e-02 2.2972e-02 ] 0.0000e+00 [ 0.0000e+00 ] 3.2045e-01
 2.040e+00 6.7603e-01 6.7603e-01 [ 2.8936e-02 2.5578e-02 2.5203e-02 4.5725e-01 2.7124e-02 8.8778e-02 2.3159e-02 ] 0.0000e+00 [ 0.0000e+00 ] 3.2397e-01
 2.153e+00 6.6491e-01 6.6491e-01 [ 2.5625e-02 2.5374e-02 2.5495e-02 4.4834e-01 2.7284e-02 8.9509e-02 2.3278e-02 ] 0.0000e+00 [ 0.0000e+00 ] 3.3509e-01
 2.267e+00 6.4413e-01 6.4413e-01 [ 2.1980e-02 2.4744e-02 2.5632e-02 4.3142e-01 2.7306e-02 8.9815e-02 2.3230e-02 ] 0.0000e+00 [ 0.0000e+00 ] 3.5587e-01
 2.380e+00 6.1040e-01 6.1040e-01 [ 1.8138e-02 2.3561e-02 2.5420e-02 4.0450e-01 2.6974e-02 8.8967e-02 2.2845e-02 ] 0.0000e+00 [ 0.0000e+00 ] 3.8960e-01
 2.493e+00 5.6052e-01 5.6052e-01 [ 1.4267e-02 2.1704e-02 2.4611e-02 3.6594e-01 2.6022e-02 8.6055e-02 2.1916e-02 ] 0.0000e+00 [ 0.0000e+00 ] 4.3948e-01
 2.607e+00 4.9377e-01 4.9377e-01 [ 1.0598e-02 1.9158e-02 2.3009e-02 3.1615e-01 2.4231e-02 8.0331e-02 2.0295e-02 ] 0.0000e+00 [ 0.0000e+00 ] 5.0623e-01
 2.720e+00 4.1425e-01 4.1425e-01 [ 7.3913e-03 1.6098e-02 2.0603e-02 2.5886e-01 2.1584e-02 7.1712e-02 1.8007e-02 ] 0.0000e+00 [ 0.0000e+00 ] 5.8575e-01
 2.833e+00 3.3045e-01 3.3045e-01 [ 4.8420e-03 1.2871e-02 1.7626e-02 2.0048e-01 1.8330e-02 6.1008e-02 1.5284e-02 ] 0.0000e+00 [ 0.0000e+00 ] 6.6955e-01
 2.947e+00 2.5176e-01 2.5176e-01 [ 3.0008e-03 9.8487e-03 1.4462e-02 1.4750e-01 1.4881e-02 4.9592e-02 1.2473e-02 ] 0.0000e+00 [ 0.0000e+00 ] 7.4824e-01
 3.060e+00 1.8475e-01 1.8475e-01 [ 1.7794e-03 7.2842e-03 1.1472e-02 1.0393e-01 1.1627e-02 3.8783e-02 9.8762e-03 ] 0.0000e+00 [ 0.0000e+00 ] 8.1525e-01
 3.173e+00 1.3188e-01 1.3188e-01 [ 1.0224e-03 5.2656e-03 8.8782e-03 7.0805e-02 8.8174e-03 2.9424e-02 7.6680e-03 ] 0.0000e+00 [ 0.0000e+00 ] 8.6812e-01
 3.287e+00 9.2405e-02 9.2405e-02 [ 5.7579e-04 3.7583e-03 6.7623e-03 4.7047e-02 6.5403e-03 2.1827e-02 5.8946e-03 ] 0.0000e+00 [ 0.0000e+00 ] 9.0759e-01
 3.400e+00 6.4036e-02 6.4036e-02 [ 3.2098e-04 2.6707e-03 5.1044e-03 3.0707e-02 4.7754e-03 1.5936e-02 4.5220e-03 ] 0.0000e+00 [ 0.0000e+00 ] 9.3596e-01
 3.513e+00 4.4150e-02 4.4150e-02 [ 1.7851e-04 1.9016e-03 3.8385e-03 1.9793e-02 3.4487e-03 1.1507e-02 3.4819e-03 ] 0.0000e+00 [ 0.0000e+00 ] 9.5585e-01
 3.627e+00 3.0420e-02 3.0420e-02 [ 9.9671e-05 1.3627e-03 2.8861e-03 1.2649e-02 2.4719e-03 8.2491e-03 2.7015e-03 ] 0.0000e+00 [ 0.0000e+00 ] 9.6958e-01
 3.740e+00 2.1020e-02 2.1020e-02 [ 5.6143e-05 9.8590e-04 2.1751e-03 8.0373e-03 1.7625e-03 5.8858e-03 2.1169e-03 ] 0.0000e+00 [ 0.0000e+00 ] 9.7898e-01
 3.853e+00 1.4604e-02 1.4604e-02 [ 3.2030e-05 7.2150e-04 1.6456e-03 5.0876e-03 1.2521e-03 4.1881e-03 1.6772e-03 ] 0.0000e+00 [ 0.0000e+00 ] 9.8540e-01
 3.967e+00 1.0225e-02 1.0225e-02 [ 1.8563e-05 5.3462e-04 1.2511e-03 3.2130e-03 8.8722e-04 2.9762e-03 1.3439e-03 ] 0.0000e+00 [ 0.0000e+00 ] 9.8978e-01
 4.080e+00 7.2255e-03 7.2255e-03 [ 1.0953e-05 4.0121e-04 9.5609e-04 2.0266e-03 6.2741e-04 2.1146e-03 1.0886e-03 ] 0.0000e+00 [ 0.0000e+00 ] 9.9277e-01
 4.193e+00 5.1612e-03 5.1612e-03 [ 6.5896e-06 3.0486e-04 7.3463e-04 1.2778e-03 4.4297e-04 1.5036e-03 8.9070e-04 ] 0.0000e+00 [ 0.0000e+00 ] 9.9484e-01
 4.307e+00 3.7305e-03 3.7305e-03 [ 4.0450e-06 2.3438e-04 5.6750e-04 8.0599e-04 3.1232e-04 1.0709e-03 7.3544e-04 ] 0.0000e+00 [ 0.0000e+00 ] 9.9627e-01
 4.420e+00 2.7308e-03 2.7308e-03 [ 2.5333e-06 1.8214e-04 4.4065e-04 5.0889e-04 2.1993e-04 7.6451e-04 6.1213e-04 ] 0.0000e+00 [ 0.0000e+00 ] 9.9727e-01
 4.533e+00 2.0255e-03 2.0255e-03 [ 1.6175e-06 1.4289e-04 3.4381e-04 3.2185e-04 1.5468e-04 5.4758e-04 5.1306e-04 ] 0.0000e+00 [ 0.0000e+00 ] 9.9797e-01
 4.647e+00 1.5226e-03 1.5226e-03 [ 1.0516e-06 1.1302e-04 2.6945e-04 2.0402e-04 1.0865e-04 3.9380e-04 4.3258e-04 ] 0.0000e+00 [ 0.0000e+00 ] 9.9848e-01
 4.760e+00 1.1598e-03 1.1598e-03 [ 6.9483e-07 8.9998e-05 2.1202e-04 1.2971e-04 7.6229e-05 2.8462e-04 3.6655e-04 ] 0.0000e+00 [ 0.0000e+00 ] 9.9884e-01
 4.873e+00 8.9496e-04 8.9496e-04 [ 4.6568e-07 7.2054e-05 1.6742e-04 8.2773e-05 5.3411e-05 2.0693e-04 3.1191e-04 ] 0.0000e+00 [ 0.0000e+00 ] 9.9911e-01
 4.987e+00 6.9908e-04 6.9908e-04 [ 3.1586e-07 5.7923e-05 1.3261e-04 5.3055e-05 3.7372e-05 1.5147e-04 2.6633e-04 ] 0.0000e+00 [ 0.0000e+00 ] 9.9930e-01
 5.100e+00 5.5230e-04 5.5230e-04 [ 2.1635e-07 4.6695e-05 1.0530e-04 3.4183e-05 2.6113e-05 1.1174e-04 2.2806e-04 ] 0.0000e+00 [ 0.0000e+00 ] 9.9945e-01
 5.213e+00 4.4089e-04 4.4089e-04 [ 1.4932e-07 3.7707e-05 8.3780e-05 2.2157e-05 1.8219e-05 8.3144e-05 1.9573e-04 ] 0.0000e+00 [ 0.0000e+00 ] 9.9956e-01
 5.327e+00 3.5522e-04 3.5522e-04 [ 1.0364e-07 3.0468e-05 6.6757e-05 1.4459e-05 1.2692e-05 6.2449e-05 1.6829e-04 ] 0.0000e+00 [ 0.0000e+00 ] 9.9964e-01
 5.440e+00 2.8854e-04 2.8854e-04 [ 7.2210e-08 2.4612e-05 5.3242e-05 9.5074e-06 8.8279e-06 4.7377e-05 1.4490e-04 ] 0.0000e+00 [ 0.0000e+00 ] 9.9971e-01
 5.553e+00 2.3603e-04 2.3603e-04 [ 5.0425e-08 1.9858e-05 4.2479e-05 6.3027e-06 6.1306e-06 3.6319e-05 1.2489e-04 ] 0.0000e+00 [ 0.0000e+00 ] 9.9976e-01
 5.667e+00 1.9425e-04 1.9425e-04 [ 3.5243e-08 1.5993e-05 3.3888e-05 4.2149e-06 4.2505e-06 2.8139e-05 1.0773e-04 ] 0.0000e+00 [ 0.0000e+00 ] 9.9981e-01
 5.780e+00 1.6069e-04 1.6069e-04 [ 2.4623e-08 1.2848e-05 2.7016e-05 2.8445e-06 2.9421e-06 2.2033e-05 9.2981e-05 ] 0.0000e+00 [ 0.0000e+00 ] 9.9984e-01
 5.893e+00 1.3349e-04 1.3349e-04 [ 1.7180e-08 1.0289e-05 2.1514e-05 1.9376e-06 2.0332e-06 1.7429e-05 8.0275e-05 ] 0.0000e+00 [ 0.0000e+00 ] 9.9987e-01
 6.007e+00 1.1130e-04 1.1130e-04 [ 1.1960e-08 8.2107e-06 1.7104e-05 1.3323e-06 1.4027e-06 1.3922e-05 6.9314e-05 ] 0.0000e+00 [ 0.0000e+00 ] 9.9989e-01
 6.120e+00 9.3065e-05 9.3065e-05 [ 8.3008e-09 6.5257e-06 1.3571e-05 9.2441e-07 9.6613e-07 1.1221e-05 5.9849e-05 ] 0.0000e+00 [ 0.0000e+00 ] 9.9991e-01
 6.233e+00 7.8010e-05 7.8010e-05 [ 5.7406e-09 5.1637e-06 1.0741e-05 6.4701e-07 6.6436e-07 9.1190e-06 5.1669e-05 ] 0.0000e+00 [ 0.0000e+00 ] 9.9992e-01
 6.347e+00 6.5521e-05 6.5521e-05 [ 3.9536e-09 4.0667e-06 8.4767e-06 4.5655e-07 4.5611e-07 7.4651e-06 4.4596e-05 ] 0.0000e+00 [ 0.0000e+00 ] 9.9993e-01
 6.460e+00 5.5123e-05 5.5123e-05 [ 2.7105e-09 3.1867e-06 6.6686e-06 3.2455e-07 3.1264e-07 6.1504e-06 3.8477e-05 ] 0.0000e+00 [ 0.0000e+00 ] 9.9994e-01
 6.573e+00 4.6439e-05 4.6439e-05 [ 1.8490e-09 2.4840e-06 5.2278e-06 2.3225e-07 2.1397e-07 5.0954e-06 3.3184e-05 ] 0.0000e+00 [ 0.0000e+00 ] 9.9995e-01
 6.687e+00 3.9169e-05 3.9169e-05 [ 1.2547e-09 1.9257e-06 4.0827e-06 1.6716e-07 1.4622e-07 4.2411e-06 2.8605e-05 ] 0.0000e+00 [ 0.0000e+00 ] 9.9996e-01
 6.800e+00 3.3069e-05 3.3069e-05 [ 8.4670e-10 1.4845e-06 3.1756e-06 1.2090e-07 9.9781e-08 3.5438e-06 2.4644e-05 ] 0.0000e+00 [ 0.0000e+00 ] 9.9997e-01
 6.913e+00 2.7943e-05 2.7943e-05 [ 5.6808e-10 1.1378e-06 2.4595e-06 8.7797e-08 6.7996e-08 2.9708e-06 2.1219e-05 ] 0.0000e+00 [ 0.0000e+00 ] 9.9997e-01
 7.027e+00 2.3629e-05 2.3629e-05 [ 3.7887e-10 8.6691e-07 1.8964e-06 6.3967e-08 4.6276e-08 2.4969e-06 1.8258e-05 ] 0.0000e+00 [ 0.0000e+00 ] 9.9998e-01
 7.140e+00 1.9993e-05 1.9993e-05 [ 2.5113e-10 6.5654e-07 1.4554e-06 4.6722e-08 3.1456e-08 2.1029e-06 1.5700e-05 ] 0.0000e+00 [ 0.0000e+00 ] 9.9998e-01
 7.253e+00 1.6927e-05 1.6927e-05 [ 1.6542e-10 4.9420e-07 1.1117e-06 3.4189e-08 2.1359e-08 1.7741e-06 1.3491e-05 ] 0.0000e+00 [ 0.0000e+00 ] 9.9998e-01
 7.367e+00 1.4338e-05 1.4338e-05 [ 1.0826e-10 3.6971e-07 8.4494e-07 2.5049e-08 1.4488e-08 1.4985e-06 1.1585e-05 ] 0.0000e+00 [ 0.0000e+00 ] 9.9999e-01
 7.480e+00 1.2150e-05 1.2150e-05 [ 7.0398e-11 2.7487e-07 6.3901e-07 1.8365e-08 9.8193e-09 1.2669e-06 9.9406e-06 ] 0.0000e+00 [ 0.0000e+00 ] 9.9999e-01
 7.593e+00 1.0300e-05 1.0300e-05 [ 4.5474e-11 2.0308e-07 4.8082e-07 1.3467e-08 6.6505e-09 1.0719e-06 8.5237e-06 ] 0.0000e+00 [ 0.0000e+00 ] 9.9999e-01
 7.707e+00 8.7342e-06 8.7342e-06 [ 2.9179e-11 1.4910e-07 3.5993e-07 9.8737e-09 4.5020e-09 9.0731e-07 7.3034e-06 ] 0.0000e+00 [ 0.0000e+00 ] 9.9999e-01
 7.820e+00 7.4086e-06 7.4086e-06 [ 1.8598e-11 1.0878e-07 2.6804e-07 7.2350e-09 3.0467e-09 7.6822e-07 6.2533e-06 ] 0.0000e+00 [ 0.0000e+00 ] 9.9999e-01
 7.933e+00 6.2856e-06 6.2856e-06 [ 1.1773e-11 7.8868e-08 1.9856e-07 5.2969e-09 2.0617e-09 6.5055e-07 5.3502e-06 ] 0.0000e+00 [ 0.0000e+00 ] 9.9999e-01
 8.047e+00 5.3337e-06 5.3337e-06 [ 7.4022e-12 5.6822e-08 1.4633e-07 3.8735e-09 1.3955e-09 5.5094e-07 4.5743e-06 ] 0.0000e+00 [ 0.0000e+00 ] 9.9999e-01
 8.160e+00 4.5264e-06 4.5264e-06 [ 4.6222e-12 4.0683e-08 1.0727e-07 2.8287e-09 9.4503e-10 4.6655e-07 3.9081e-06 ] 0.0000e+00 [ 0.0000e+00 ] 1.0000e+00
 8.273e+00 3.8415e-06 3.8415e-06 [ 2.8665e-12 2.8946e-08 7.8224e-08 2.0625e-09 6.4058e-10 3.9505e-07 3.3366e-06 ] 0.0000e+00 [ 0.0000e+00 ] 1.0000e+00
 8.387e+00 3.2602e-06 3.2602e-06 [ 1.7654e-12 2.0467e-08 5.6746e-08 1.5013e-09 4.3479e-10 3.3445e-07 2.8466e-06 ] 0.0000e+00 [ 0.0000e+00 ] 1.0000e+00
 8.500e+00 2.7668e-06 2.7668e-06 [ 1.0798e-12 1.4383e-08 4.0950e-08 1.0907e-09 2.9564e-10 2.8308e-07 2.4270e-06 ] 0.0000e+00 [ 0.0000e+00 ] 1.0000e+00
 8.613e+00 2.3478e-06 2.3478e-06 [ 6.5585e-13 1.0045e-08 2.9399e-08 7.9080e-10 2.0149e-10 2.3955e-07 2.0678e-06 ] 0.0000e+00 [ 0.0000e+00 ] 1.0000e+00
 8.727e+00 1.9920e-06 1.9920e-06 [ 3.9561e-13 6.9732e-09 2.0997e-08 5.7216e-10 1.3773e-10 2.0266e-07 1.7607e-06 ] 0.0000e+00 [ 0.0000e+00 ] 1.0000e+00
 8.840e+00 1.6898e-06 1.6898e-06 [ 2.3698e-13 4.8113e-09 1.4920e-08 4.1306e-10 9.4475e-11 1.7140e-07 1.4982e-06 ] 0.0000e+00 [ 0.0000e+00 ] 1.0000e+00
 8.953e+00 1.4331e-06 1.4331e-06 [ 1.4098e-13 3.2998e-09 1.0549e-08 2.9753e-10 6.5078e-11 1.4493e-07 1.2740e-06 ] 0.0000e+00 [ 0.0000e+00 ] 1.0000e+00
 9.067e+00 1.2151e-06 1.2151e-06 [ 8.3286e-14 2.2497e-09 7.4207e-09 2.1381e-10 4.5049e-11 1.2250e-07 1.0827e-06 ] 0.0000e+00 [ 0.0000e+00 ] 1.0000e+00
 9.180e+00 1.0300e-06 1.0300e-06 [ 4.8865e-14 1.5247e-09 5.1944e-09 1.5328e-10 3.1359e-11 1.0352e-07 9.1959e-07 ] 0.0000e+00 [ 0.0000e+00 ] 1.0000e+00
 9.293e+00 8.7283e-07 8.7283e-07 [ 2.8472e-14 1.0274e-09 3.6183e-09 1.0962e-10 2.1967e-11 8.7450e-08 7.8060e-07 ] 0.0000e+00 [ 0.0000e+00 ] 1.0000e+00
 9.407e+00 7.3939e-07 7.3939e-07 [ 1.6476e-14 6.8824e-10 2.5083e-09 7.8198e-11 1.5495e-11 7.3854e-08 6.6225e-07 ] 0.0000e+00 [ 0.0000e+00 ] 1.0000e+00
 9.520e+00 6.2614e-07 6.2614e-07 [ 9.4694e-15 4.5842e-10 1.7305e-09 5.5645e-11 1.1011e-11 6.2355e-08 5.6153e-07 ] 0.0000e+00 [ 0.0000e+00 ] 1.0000e+00
 9.633e+00 5.3005e-07 5.3005e-07 [ 5.4052e-15 3.0362e-10 1.1884e-09 3.9496e-11 7.8869e-12 5.2631e-08 4.7588e-07 ] 0.0000e+00 [ 0.0000e+00 ] 1.0000e+00
 9.747e+00 4.4854e-07 4.4854e-07 [ 3.0644e-15 1.9997e-10 8.1228e-10 2.7963e-11 5.6957e-12 4.4411e-08 4.0309e-07 ] 0.0000e+00 [ 0.0000e+00 ] 1.0000e+00
 9.860e+00 3.7943e-07 3.7943e-07 [ 1.7256e-15 1.3097e-10 5.5269e-10 1.9746e-11 4.1477e-12 3.7466e-08 3.4126e-07 ] 0.0000e+00 [ 0.0000e+00 ] 1.0000e+00
 9.973e+00 3.2085e-07 3.2085e-07 [ 9.6513e-16 8.5314e-11 3.7438e-10 1.3908e-11 3.0456e-12 3.1598e-08 2.8878e-07 ] 0.0000e+00 [ 0.0000e+00 ] 1.0000e+00
 1.009e+01 2.7121e-07 2.7121e-07 [ 5.3619e-16 5.5272e-11 2.5249e-10 9.7708e-12 2.2546e-12 2.6643e-08 2.4425e-07 ] 0.0000e+00 [ 0.0000e+00 ] 1.0000e+00
 1.020e+01 2.2917e-07 2.2917e-07 [ 2.9591e-16 3.5617e-11 1.6954e-10 6.8465e-12 1.6820e-12 2.2459e-08 2.0650e-07 ] 0.0000e+00 [ 0.0000e+00 ] 1.0000e+00
 1.031e+01 1.9357e-07 1.9357e-07 [ 1.6222e-16 2.2830e-11 1.1336e-10 4.7850e-12 1.2641e-12 1.8928e-08 1.7450e-07 ] 0.0000e+00 [ 0.0000e+00 ] 1.0000e+00
 1.043e+01 1.6345e-07 1.6345e-07 [ 8.8344e-17 1.4558e-11 7.5482e-11 3.3355e-12 9.5641e-13 1.5948e-08 1.4741e-07 ] 0.0000e+00 [ 0.0000e+00 ] 1.0000e+00
 1.054e+01 1.3796e-07 1.3796e-07 [ 4.7797e-17 9.2346e-12 5.0054e-11 2.3191e-12 7.2808e-13 1.3435e-08 1.2446e-07 ] 0.0000e+00 [ 0.0000e+00 ] 1.0000e+00
 1.065e+01 1.1641e-07 1.1641e-07 [ 2.5691e-17 5.8281e-12 3.3058e-11 1.6083e-12 5.5730e-13 1.1315e-08 1.0505e-07 ] 0.0000e+00 [ 0.0000e+00 ] 1.0000e+00
 1.077e+01 9.8191e-08 9.8191e-08 [ 1.3720e-17 3.6597e-12 2.1748e-11 1.1125e-12 4.2864e-13 9.5279e-09 8.8636e-08 ] 0.0000e+00 [ 0.0000e+00 ] 1.0000e+00
 1.088e+01 8.2797e-08 8.2797e-08 [ 7.2801e-18 2.2866e-12 1.4251e-11 7.6757e-13 3.3106e-13 8.0214e-09 7.4758e-08 ] 0.0000e+00 [ 0.0000e+00 ] 1.0000e+00
 1.099e+01 6.9794e-08 6.9794e-08 [ 3.8383e-18 1.4216e-12 9.3036e-12 5.2824e-13 2.5662e-13 6.7517e-09 6.3031e-08 ] 0.0000e+00 [ 0.0000e+00 ] 1.0000e+00
 1.111e+01 5.8815e-08 5.8815e-08 [ 2.0109e-18 8.7956e-13 6.0510e-12 3.6262e-13 1.9952e-13 5.6820e-09 5.3125e-08 ] 0.0000e+00 [ 0.0000e+00 ] 1.0000e+00
 1.122e+01 4.9548e-08 4.9548e-08 [ 1.0469e-18 5.4157e-13 3.9212e-12 2.4830e-13 1.5552e-13 4.7808e-09 4.4762e-08 ] 0.0000e+00 [ 0.0000e+00 ] 1.0000e+00
 1.133e+01 4.1729e-08 4.1729e-08 [ 5.4160e-19 3.3188e-13 2.5319e-12 1.6960e-13 1.2147e-13 4.0218e-09 3.7704e-08 ] 0.0000e+00 [ 0.0000e+00 ] 1.0000e+00
 1.145e+01 3.5135e-08 3.5135e-08 [ 2.7847e-19 2.0242e-13 1.6291e-12 1.1556e-13 9.5042e-14 3.3827e-09 3.1750e-08 ] 0.0000e+00 [ 0.0000e+00 ] 1.0000e+00
 1.156e+01 2.9574e-08 2.9574e-08 [ 1.4230e-19 1.2289e-13 1.0447e-12 7.8551e-14 7.4463e-14 2.8447e-09 2.6728e-08 ] 0.0000e+00 [ 0.0000e+00 ] 1.0000e+00
 1.167e+01 2.4887e-08 2.4887e-08 [ 7.2275e-20 7.4263e-14 6.6763e-13 5.3265e-14 5.8402e-14 2.3918e-09 2.2495e-08 ] 0.0000e+00 [ 0.0000e+00 ] 1.0000e+00
 1.179e+01 2.0938e-08 2.0938e-08 [ 3.6487e-20 4.4674e-14 4.2527e-13 3.6034e-14 4.5843e-14 2.0106e-09 1.8927e-08 ] 0.0000e+00 [ 0.0000e+00 ] 1.0000e+00
 1.190e+01 1.7611e-08 1.7611e-08 [ 1.8310e-20 2.6754e-14 2.7002e-13 2.4321e-14 3.6006e-14 1.6899e-09 1.5921e-08 ] 0.0000e+00 [ 0.0000e+00 ] 1.0000e+00
 1.201e+01 1.4810e-08 1.4810e-08 [ 9.1341e-21 1.5952e-14 1.7090e-13 1.6378e-14 2.8293e-14 1.4201e-09 1.3389e-08 ] 0.0000e+00 [ 0.0000e+00 ] 1.0000e+00
 1.213e+01 1.2451e-08 1.2451e-08 [ 4.5298e-21 9.4692e-15 1.0783e-13 1.1004e-14 2.2238e-14 1.1931e-09 1.1258e-08 ] 0.0000e+00 [ 0.0000e+00 ] 1.0000e+00
 1.224e+01 1.0466e-08 1.0466e-08 [ 2.2334e-21 5.5967e-15 6.7835e-14 7.3781e-15 1.7482e-14 1.0023e-09 9.4636e-09 ] 0.0000e+00 [ 0.0000e+00 ] 1.0000e+00
 1.235e+01 8.7955e-09 8.7955e-09 [ 1.0948e-21 3.2938e-15 4.2546e-14 4.9365e-15 1.3744e-14 8.4176e-10 7.9537e-09 ] 0.0000e+00 [ 0.0000e+00 ] 1.0000e+00
 1.247e+01 7.3903e-09 7.3903e-09 [ 5.3361e-22 1.9302e-15 2.6608e-14 3.2963e-15 1.0805e-14 7.0683e-10 6.6834e-09 ] 0.0000e+00 [ 0.0000e+00 ] 1.0000e+00
 1.258e+01 6.2084e-09 6.2084e-09 [ 2.5861e-22 1.1264e-15 1.6593e-14 2.1969e-15 8.4944e-15 5.9341e-10 5.6150e-09 ] 0.0000e+00 [ 0.0000e+00 ] 1.0000e+00
 1.269e+01 5.2146e-09 5.2146e-09 [ 1.2464e-22 6.5464e-16 1.0319e-14 1.4615e-15 6.6768e-15 4.9808e-10 4.7165e-09 ] 0.0000e+00 [ 0.0000e+00 ] 1.0000e+00
 1.281e+01 4.3791e-09 4.3791e-09 [ 5.9735e-23 3.7890e-16 6.3994e-15 9.7070e-16 5.2472e-15 4.1798e-10 3.9611e-09 ] 0.0000e+00 [ 0.0000e+00 ] 1.0000e+00
 1.292e+01 3.6769e-09 3.6769e-09 [ 2.8472e-23 2.1841e-16 3.9582e-15 6.4373e-16 4.1228e-15 3.5068e-10 3.3262e-09 ] 0.0000e+00 [ 0.0000e+00 ] 1.0000e+00
 1.303e+01 3.0868e-09 3.0868e-09 [ 1.3497e-23 1.2540e-16 2.4418e-15 4.2633e-16 3.2386e-15 2.9415e-10 2.7926e-09 ] 0.0000e+00 [ 0.0000e+00 ] 1.0000e+00
 1.315e+01 2.5910e-09 2.5910e-09 [ 6.3642e-24 7.1712e-17 1.5025e-15 2.8203e-16 2.5434e-15 2.4668e-10 2.3443e-09 ] 0.0000e+00 [ 0.0000e+00 ] 1.0000e+00
 1.326e+01 2.1745e-09 2.1745e-09 [ 2.9849e-24 4.0849e-17 9.2222e-16 1.8641e-16 1.9970e-15 2.0681e-10 1.9677e-09 ] 0.0000e+00 [ 0.0000e+00 ] 1.0000e+00
 1.337e+01 1.8247e-09 1.8247e-09 [ 1.3926e-24 2.3179e-17 5.6465e-16 1.2314e-16 1.5674e-15 1.7335e-10 1.6514e-09 ] 0.0000e+00 [ 0.0000e+00 ] 1.0000e+00
 1.349e+01 1.5310e-09 1.5310e-09 [ 6.4632e-25 1.3102e-17 3.4488e-16 8.1320e-17 1.2300e-15 1.4526e-10 1.3857e-09 ] 0.0000e+00 [ 0.0000e+00 ] 1.0000e+00
 1.360e+01 1.2843e-09 1.2843e-09 [ 2.9843e-25 7.3776e-18 2.1015e-16 5.3712e-17 9.6488e-16 1.2168e-10 1.1627e-09 ] 0.0000e+00 [ 0.0000e+00 ] 1.0000e+00
 1.371e+01 1.0773e-09 1.0773e-09 [ 1.3709e-25 4.1388e-18 1.2776e-16 3.5499e-17 7.5670e-16 1.0191e-10 9.7539e-10 ] 0.0000e+00 [ 0.0000e+00 ] 1.0000e+00
 1.383e+01 9.0351e-10 9.0351e-10 [ 6.2662e-26 2.3132e-18 7.7489e-17 2.3488e-17 5.9326e-16 8.5321e-11 8.1819e-10 ] 0.0000e+00 [ 0.0000e+00 ] 1.0000e+00
 1.394e+01 7.5766e-10 7.5766e-10 [ 2.8499e-26 1.2881e-18 4.6894e-17 1.5568e-17 4.6499e-16 7.1411e-11 6.8625e-10 ] 0.0000e+00 [ 0.0000e+00 ] 1.0000e+00
 1.405e+01 6.3528e-10 6.3528e-10 [ 1.2898e-26 7.1467e-19 2.8317e-17 1.0344e-17 3.6435e-16 5.9750e-11 5.7553e-10 ] 0.0000e+00 [ 0.0000e+00 ] 1.0000e+00
 1.417e+01 5.3260e-10 5.3260e-10 [ 5.8087e-27 3.9509e-19 1.7062e-17 6.8949e-18 2.8541e-16 4.9976e-11 4.8262e-10 ] 0.0000e+00 [ 0.0000e+00 ] 1.0000e+00
 1.428e+01 4.4645e-10 4.4645e-10 [ 2.6035e-27 2.1764e-19 1.0258e-17 4.6144e-18 2.2351e-16 4.1787e-11 4.0467e-10 ] 0.0000e+00 [ 0.0000e+00 ] 1.0000e+00
 1.439e+01 3.7420e-10 3.7420e-10 [ 1.1614e-27 1.1946e-19 6.1547e-18 3.1033e-18 1.7499e-16 3.4927e-11 3.3927e-10 ] 0.0000e+00 [ 0.0000e+00 ] 1.0000e+00
 1.451e+01 3.1359e-10 3.1359e-10 [ 5.1564e-28 6.5346e-20 3.6850e-18 2.0992e-18 1.3696e-16 2.9182e-11 2.8441e-10 ] 0.0000e+00 [ 0.0000e+00 ] 1.0000e+00
 1.462e+01 2.6277e-10 2.6277e-10 [ 2.2788e-28 3.5620e-20 2.2019e-18 1.4296e-18 1.0717e-16 2.4373e-11 2.3840e-10 ] 0.0000e+00 [ 0.0000e+00 ] 1.0000e+00
 1.473e+01 2.2016e-10 2.2016e-10 [ 1.0024e-28 1.9350e-20 1.3130e-18 9.8095e-19 8.3839e-17 2.0348e-11 1.9981e-10 ] 0.0000e+00 [ 0.0000e+00 ] 1.0000e+00
 1.485e+01 1.8443e-10 1.8443e-10 [ 4.3899e-29 1.0476e-20 7.8140e-19 6.7874e-19 6.5569e-17 1.6981e-11 1.6745e-10 ] 0.0000e+00 [ 0.0000e+00 ] 1.0000e+00
 1.496e+01 1.5448e-10 1.5448e-10 [ 1.9138e-29 5.6523e-21 4.6412e-19 4.7385e-19 5.1268e-17 1.4165e-11 1.4032e-10 ] 0.0000e+00 [ 0.0000e+00 ] 1.0000e+00
 1.507e+01 1.2938e-10 1.2938e-10 [ 8.3066e-30 3.0396e-21 2.7514e-19 3.3393e-19 4.0077e-17 1.1811e-11 1.1757e-10 ] 0.0000e+00 [ 0.0000e+00 ] 1.0000e+00
 1.519e+01 1.0834e-10 1.0834e-10 [ 3.5896e-30 1.6292e-21 1.6279e-19 2.3760e-19 3.1321e-17 9.8438e-12 9.8492e-11 ] 0.0000e+00 [ 0.0000e+00 ] 1.0000e+00
 1.530e+01 9.0704e-11 9.0704e-11 [ 1.5446e-30 8.7037e-22 9.6137e-20 1.7069e-19 2.4472e-17 8.2005e-12 8.2503e-11 ] 0.0000e+00 [ 0.0000e+00 ] 1.0000e+00
 1.541e+01 7.5930e-11 7.5930e-11 [ 6.6177e-31 4.6347e-22 5.6667e-20 1.2378e-19 1.9117e-17 6.8283e-12 6.9102e-11 ] 0.0000e+00 [ 0.0000e+00 ] 1.0000e+00
 1.553e+01 6.3552e-11 6.3552e-11 [ 2.8234e-31 2.4601e-22 3.3340e-20 9.0570e-20 1.4930e-17 5.6830e-12 5.7869e-11 ] 0.0000e+00 [ 0.0000e+00 ] 1.0000e+00
 1.564e+01 5.3184e-11 5.3184e-11 [ 1.1996e-31 1.3016e-22 1.9580e-20 6.6828e-20 1.1658e-17 4.7274e-12 4.8456e-11 ] 0.0000e+00 [ 0.0000e+00 ] 1.0000e+00
 1.575e+01 4.4499e-11 4.4499e-11 [ 5.0762e-32 6.8651e-23 1.1477e-20 4.9689e-20 9.1013e-18 3.9306e-12 4.0569e-11 ] 0.0000e+00 [ 0.0000e+00 ] 1.0000e+00
 1.587e+01 3.7226e-11 3.7226e-11 [ 2.1393e-32 3.6095e-23 6.7158e-21 3.7203e-20 7.1037e-18 3.2663e-12 3.3960e-11 ] 0.0000e+00 [ 0.0000e+00 ] 1.0000e+00
 1.598e+01 3.1136e-11 3.1136e-11 [ 8.9796e-33 1.8919e-23 3.9226e-21 2.8024e-20 5.5435e-18 2.7129e-12 2.8424e-11 ] 0.0000e+00 [ 0.0000e+00 ] 1.0000e+00
 1.609e+01 2.6038e-11 2.6038e-11 [ 3.7543e-33 9.8858e-24 2.2870e-21 2.1223e-20 4.3251e-18 2.2521e-12 2.3786e-11 ] 0.0000e+00 [ 0.0000e+00 ] 1.0000e+00
 1.621e+01 2.1770e-11 2.1770e-11 [ 1.5636e-33 5.1499e-24 1.3310e-21 1.6146e-20 3.3739e-18 1.8685e-12 1.9901e-11 ] 0.0000e+00 [ 0.0000e+00 ] 1.0000e+00
 1.632e+01 1.8198e-11 1.8198e-11 [ 6.4868e-34 2.6747e-24 7.7330e-22 1.2331e-20 2.6315e-18 1.5494e-12 1.6648e-11 ] 0.0000e+00 [ 0.0000e+00 ] 1.0000e+00
 1.643e+01 1.5208e-11 1.5208e-11 [ 2.6810e-34 1.3850e-24 4.4848e-22 9.4489e-21 2.0520e-18 1.2841e-12 1.3924e-11 ] 0.0000e+00 [ 0.0000e+00 ] 1.0000e+00
 1.655e+01 1.2707e-11 1.2707e-11 [ 1.1039e-34 7.1501e-25 2.5964e-22 7.2598e-21 1.5999e-18 1.0636e-12 1.1644e-11 ] 0.0000e+00 [ 0.0000e+00 ] 1.0000e+00
 1.666e+01 1.0615e-11 1.0615e-11 [ 4.5287e-35 3.6804e-25 1.5006e-22 5.5904e-21 1.2472e-18 8.8041e-13 9.7344e-12 ] 0.0000e+00 [ 0.0000e+00 ] 1.0000e+00
 1.677e+01 8.8649e-12 8.8649e-12 [ 1.8511e-35 1.8889e-25 8.6572e-23 4.3128e-21 9.7208e-19 7.2836e-13 8.1365e-12 ] 0.0000e+00 [ 0.0000e+00 ] 1.0000e+00
 1.689e+01 7.4016e-12 7.4016e-12 [ 7.5389e-36 9.6665e-26 4.9860e-23 3.3322e-21 7.5754e-19 6.0222e-13 6.7994e-12 ] 0.0000e+00 [ 0.0000e+00 ] 1.0000e+00
 1.700e+01 6.1783e-12 6.1783e-12 [ 3.0595e-36 4.9325e-26 2.8667e-23 2.5776e-21 5.9026e-19 4.9762e-13 5.6807e-12 ] 0.0000e+00 [ 0.0000e+00 ] 1.0000e+00
 1.711e+01 5.1557e-12 5.1557e-12 [ 1.2373e-36 2.5097e-26 1.6453e-23 1.9958e-21 4.5986e-19 4.1093e-13 4.7448e-12 ] 0.0000e+00 [ 0.0000e+00 ] 1.0000e+00
 1.723e+01 4.3012e-12 4.3012e-12 [ 4.9865e-37 1.2733e-26 9.4275e-24 1.5465e-21 3.5821e-19 3.3914e-13 3.9621e-12 ] 0.0000e+00 [ 0.0000e+00 ] 1.0000e+00
 1.734e+01 3.5873e-12 3.5873e-12 [ 2.0028e-37 6.4424e-27 5.3925e-24 1.1991e-21 2.7899e-19 2.7971e-13 3.3076e-12 ] 0.0000e+00 [ 0.0000e+00 ] 1.0000e+00
 1.745e+01 2.9910e-12 2.9910e-12 [ 8.0170e-38 3.2503e-27 3.0793e-24 9.3016e-22 2.1727e-19 2.3056e-13 2.7604e-12 ] 0.0000e+00 [ 0.0000e+00 ] 1.0000e+00
 1.757e+01 2.4930e-12 2.4930e-12 [ 3.1985e-38 1.6353e-27 1.7554e-24 7.2181e-22 1.6917e-19 1.8991e-13 2.3031e-12 ] 0.0000e+00 [ 0.0000e+00 ] 1.0000e+00
 1.768e+01 2.0773e-12 2.0773e-12 [ 1.2719e-38 8.2052e-28 9.9895e-25 5.6029e-22 1.3171e-19 1.5634e-13 1.9209e-12 ] 0.0000e+00 [ 0.0000e+00 ] 1.0000e+00
 1.779e+01 1.7303e-12 1.7303e-12 [ 5.0416e-39 4.1057e-28 5.6753e-25 4.3500e-22 1.0253e-19 1.2861e-13 1.6017e-12 ] 0.0000e+00 [ 0.0000e+00 ] 1.0000e+00
 1.791e+01 1.4408e-12 1.4408e-12 [ 1.9920e-39 2.0488e-28 3.2189e-25 3.3778e-22 7.9806e-20 1.0574e-13 1.3351e-12 ] 0.0000e+00 [ 0.0000e+00 ] 1.0000e+00
 1.802e+01 1.1993e-12 1.1993e-12 [ 7.8461e-40 1.0196e-28 1.8225e-25 2.6232e-22 6.2111e-20 8.6873e-14 1.1125e-12 ] 0.0000e+00 [ 0.0000e+00 ] 1.0000e+00
 1.813e+01 9.9796e-13 9.9796e-13 [ 3.0808e-40 5.0609e-29 1.0302e-25 2.0374e-22 4.8334e-20 7.1327e-14 9.2663e-13 ] 0.0000e+00 [ 0.0000e+00 ] 1.0000e+00
 1.825e+01 8.3009e-13 8.3009e-13 [ 1.2060e-40 2.5053e-29 5.8135e-26 1.5824e-22 3.7609e-20 5.8524e-14 7.7157e-13 ] 0.0000e+00 [ 0.0000e+00 ] 1.0000e+00
 1.836e+01 6.9020e-13 6.9020e-13 [ 4.7068e-41 1.2369e-29 3.2750e-26 1.2291e-22 2.9261e-20 4.7988e-14 6.4222e-13 ] 0.0000e+00 [ 0.0000e+00 ] 1.0000e+00
 1.847e+01 5.7367e-13 5.7367e-13 [ 1.8315e-41 6.0911e-30 1.8419e-26 9.5467e-23 2.2763e-20 3.9322e-14 5.3435e-13 ] 0.0000e+00 [ 0.0000e+00 ] 1.0000e+00
 1.859e+01 4.7662e-13 4.7662e-13 [ 7.1059e-42 2.9917e-30 1.0342e-26 7.4152e-23 1.7707e-20 3.2199e-14 4.4442e-13 ] 0.0000e+00 [ 0.0000e+00 ] 1.0000e+00
 1.870e+01 3.9583e-13 3.9583e-13 [ 2.7490e-42 1.4656e-30 5.7967e-27 5.7595e-23 1.3772e-20 2.6349e-14 3.6948e-13 ] 0.0000e+00 [ 0.0000e+00 ] 1.0000e+00
 1.881e+01 3.2859e-13 3.2859e-13 [ 1.0604e-42 7.1615e-31 3.2437e-27 4.4734e-23 1.0711e-20 2.1547e-14 3.0705e-13 ] 0.0000e+00 [ 0.0000e+00 ] 1.0000e+00
 1.893e+01 2.7266e-13 2.7266e-13 [ 4.0792e-43 3.4905e-31 1.8121e-27 3.4744e-23 8.3293e-21 1.7608e-14 2.5505e-13 ] 0.0000e+00 [ 0.0000e+00 ] 1.0000e+00
 1.904e+01 2.2616e-13 2.2616e-13 [ 1.5648e-43 1.6969e-31 1.0106e-27 2.6984e-23 6.4767e-21 1.4380e-14 2.1178e-13 ] 0.0000e+00 [ 0.0000e+00 ] 1.0000e+00
 1.915e+01 1.8750e-13 1.8750e-13 [ 5.9862e-44 8.2293e-32 5.6268e-28 2.0957e-23 5.0358e-21 1.1735e-14 1.7576e-13 ] 0.0000e+00 [ 0.0000e+00 ] 1.0000e+00
 1.927e+01 1.5538e-13 1.5538e-13 [ 2.2839e-44 3.9808e-32 3.1276e-28 1.6275e-23 3.9151e-21 9.5708e-15 1.4581e-13 ] 0.0000e+00 [ 0.0000e+00 ] 1.0000e+00
 1.938e+01 1.2870e-13 1.2870e-13 [ 8.6905e-45 1.9209e-32 1.7356e-28 1.2639e-23 3.0435e-21 7.8002e-15 1.2090e-13 ] 0.0000e+00 [ 0.0000e+00 ] 1.0000e+00
 1.949e+01 1.0656e-13 1.0656e-13 [ 3.2982e-45 9.2466e-33 9.6149e-29 9.8148e-24 2.3658e-21 6.3528e-15 1.0020e-13 ] 0.0000e+00 [ 0.0000e+00 ] 1.0000e+00
 1.961e+01 8.8180e-14 8.8180e-14 [ 1.2485e-45 4.4401e-33 5.3176e-29 7.6213e-24 1.8389e-21 5.1705e-15 8.3010e-14 ] 0.0000e+00 [ 0.0000e+00 ] 1.0000e+00
 1.972e+01 7.2938e-14 7.2938e-14 [ 4.7138e-46 2.1269e-33 2.9361e-29 5.9179e-24 1.4292e-21 4.2053e-15 6.8732e-14 ] 0.0000e+00 [ 0.0000e+00 ] 1.0000e+00
 1.983e+01 6.0300e-14 6.0300e-14 [ 1.7753e-46 1.0164e-33 1.6184e-29 4.5950e-24 1.1107e-21 3.4181e-15 5.6882e-14 ] 0.0000e+00 [ 0.0000e+00 ] 1.0000e+00
 1.995e+01 4.9828e-14 4.9828e-14 [ 6.6696e-47 4.8454e-34 8.9063e-30 3.5677e-24 8.6316e-22 2.7763e-15 4.7052e-14 ] 0.0000e+00 [ 0.0000e+00 ] 1.0000e+00
 2.006e+01 4.1154e-14 4.1154e-14 [ 2.4995e-47 2.3044e-34 4.8930e-30 2.7699e-24 6.7072e-22 2.2535e-15 3.8900e-14 ] 0.0000e+00 [ 0.0000e+00 ] 1.0000e+00
 2.017e+01 3.3972e-14 3.3972e-14 [ 9.3448e-48 1.0934e-34 2.6837e-30 2.1505e-24 5.2115e-22 1.8279e-15 3.2144e-14 ] 0.0000e+00 [ 0.0000e+00 ] 1.0000e+00
 2.029e+01 2.8030e-14 2.8030e-14 [ 3.4854e-48 5.1757e-35 1.4695e-30 1.6695e-24 4.0491e-22 1.4817e-15 2.6548e-14 ] 0.0000e+00 [ 0.0000e+00 ] 1.0000e+00
 2.040e+01 2.3115e-14 2.3115e-14 [ 1.2969e-48 2.4442e-35 8.0329e-31 1.2961e-24 3.1458e-22 1.2003e-15 2.1914e-14 ] 0.0000e+00 [ 0.0000e+00 ] 1.0000e+00
 2.051e+01 1.9051e-14 1.9051e-14 [ 4.8146e-49 1.1516e-35 4.3839e-31 1.0061e-24 2.4439e-22 9.7170e-16 1.8080e-14 ] 0.0000e+00 [ 0.0000e+00 ] 1.0000e+00
 2.063e+01 1.5694e-14 1.5694e-14 [ 1.7833e-49 5.4137e-36 2.3885e-31 7.8101e-25 1.8984e-22 7.8610e-16 1.4908e-14 ] 0.0000e+00 [ 0.0000e+00 ] 1.0000e+00
 2.074e+01 1.2921e-14 1.2921e-14 [ 6.5903e-50 2.5391e-36 1.2992e-31 6.0625e-25 1.4747e-22 6.3553e-16 1.2286e-14 ] 0.0000e+00 [ 0.0000e+00 ] 1.0000e+00
 2.085e+01 1.0633e-14 1.0633e-14 [ 2.4301e-50 1.1881e-36 7.0551e-32 4.7057e-25 1.1454e-22 5.1347e-16 1.0119e-14 ] 0.0000e+00 [ 0.0000e+00 ] 1.0000e+00
 2.097e+01 8.7450e-15 8.7450e-15 [ 8.9411e-51 5.5473e-37 3.8248e-32 3.6525e-25 8.8965e-23 4.1458e-16 8.3304e-15 ] 0.0000e+00 [ 0.0000e+00 ] 1.0000e+00
 2.108e+01 7.1883e-15 7.1883e-15 [ 3.2826e-51 2.5842e-37 2.0702e-32 2.8350e-25 6.9095e-23 3.3452e-16 6.8538e-15 ] 0.0000e+00 [ 0.0000e+00 ] 1.0000e+00
 2.119e+01 5.9054e-15 5.9054e-15 [ 1.2026e-51 1.2011e-37 1.1186e-32 2.2003e-25 5.3660e-23 2.6974e-16 5.6357e-15 ] 0.0000e+00 [ 0.0000e+00 ] 1.0000e+00
 2.131e+01 4.8488e-15 4.8488e-15 [ 4.3966e-52 5.5707e-38 6.0343e-33 1.7077e-25 4.1671e-23 2.1737e-16 4.6314e-15 ] 0.0000e+00 [ 0.0000e+00 ] 1.0000e+00
 2.142e+01 3.9790e-15 3.9790e-15 [ 1.6040e-52 2.5779e-38 3.2498e-33 1.3253e-25 3.2360e-23 1.7506e-16 3.8040e-15 ] 0.0000e+00 [ 0.0000e+00 ] 1.0000e+00
 2.153e+01 3.2634e-15 3.2634e-15 [ 5.8401e-53 1.1903e-38 1.7474e-33 1.0286e-25 2.5128e-23 1.4089e-16 3.1225e-15 ] 0.0000e+00 [ 0.0000e+00 ] 1.0000e+00
 2.165e+01 2.6750e-15 2.6750e-15 [ 2.1220e-53 5.4844e-39 9.3797e-34 7.9823e-26 1.9511e-23 1.1332e-16 2.5617e-15 ] 0.0000e+00 [ 0.0000e+00 ] 1.0000e+00
 2.176e+01 2.1914e-15 2.1914e-15 [ 7.6951e-54 2.5215e-39 5.0266e-34 6.1945e-26 1.5149e-23 9.1091e-17 2.1003e-15 ] 0.0000e+00 [ 0.0000e+00 ] 1.0000e+00
 2.187e+01 1.7942e-15 1.7942e-15 [ 2.7850e-54 1.1568e-39 2.6894e-34 4.8071e-26 1.1762e-23 7.3176e-17 1.7210e-15 ] 0.0000e+00 [ 0.0000e+00 ] 1.0000e+00
 2.199e+01 1.4682e-15 1.4682e-15 [ 1.0060e-54 5.2957e-40 1.4365e-34 3.7303e-26 9.1318e-24 5.8748e-17 1.4094e-15 ] 0.0000e+00 [ 0.0000e+00 ] 1.0000e+00
 2.210e+01 1.2007e-15 1.2007e-15 [ 3.6271e-55 2.4192e-40 7.6607e-35 2.8946e-26 7.0895e-24 4.7136e-17 1.1536e-15 ] 0.0000e+00 [ 0.0000e+00 ] 1.0000e+00
 2.221e+01 9.8137e-16 9.8137e-16 [ 1.3052e-55 1.1028e-40 4.0786e-35 2.2461e-26 5.5037e-24 3.7797e-17 9.4357e-16 ] 0.0000e+00 [ 0.0000e+00 ] 1.0000e+00
 2.233e+01 8.0164e-16 8.0164e-16 [ 4.6882e-56 5.0169e-41 2.1679e-35 1.7429e-26 4.2725e-24 3.0290e-17 7.7135e-16 ] 0.0000e+00 [ 0.0000e+00 ] 1.0000e+00
 2.244e+01 6.5445e-16 6.5445e-16 [ 1.6809e-56 2.2775e-41 1.1504e-35 1.3523e-26 3.3166e-24 2.4259e-17 6.3019e-16 ] 0.0000e+00 [ 0.0000e+00 ] 1.0000e+00
 2.255e+01 5.3397e-16 5.3397e-16 [ 6.0155e-57 1.0318e-41 6.0949e-36 1.0493e-26 2.5745e-24 1.9418e-17 5.1455e-16 ] 0.0000e+00 [ 0.0000e+00 ] 1.0000e+00
 2.267e+01 4.3542e-16 4.3542e-16 [ 2.1490e-57 4.6646e-42 3.2238e-36 8.1414e-27 1.9983e-24 1.5534e-17 4.1988e-16 ] 0.0000e+00 [ 0.0000e+00 ] 1.0000e+00
 2.278e+01 3.5485e-16 3.5485e-16 [ 7.6638e-58 2.1046e-42 1.7024e-36 6.3168e-27 1.5511e-24 1.2420e-17 3.4243e-16 ] 0.0000e+00 [ 0.0000e+00 ] 1.0000e+00
 2.289e+01 2.8901e-16 2.8901e-16 [ 2.7283e-58 9.4762e-43 8.9753e-37 4.9010e-27 1.2039e-24 9.9240e-18 2.7909e-16 ] 0.0000e+00 [ 0.0000e+00 ] 1.0000e+00
 2.301e+01 2.3526e-16 2.3526e-16 [ 9.6961e-59 4.2582e-43 4.7242e-37 3.8025e-27 9.3441e-25 7.9254e-18 2.2733e-16 ] 0.0000e+00 [ 0.0000e+00 ] 1.0000e+00
 2.312e+01 1.9139e-16 1.9139e-16 [ 3.4401e-59 1.9096e-43 2.4826e-37 2.9501e-27 7.2521e-25 6.3257e-18 1.8506e-16 ] 0.0000e+00 [ 0.0000e+00 ] 1.0000e+00
 2.323e+01 1.5561e-16 1.5561e-16 [ 1.2185e-59 8.5470e-44 1.3025e-37 2.2888e-27 5.6284e-25 5.0462e-18 1.5056e-16 ] 0.0000e+00 [ 0.0000e+00 ] 1.0000e+00
 2.335e+01 1.2644e-16 1.2644e-16 [ 4.3087e-60 3.8178e-44 6.8227e-38 1.7757e-27 4.3680e-25 4.0233e-18 1.2242e-16 ] 0.0000e+00 [ 0.0000e+00 ] 1.0000e+00
 2.346e+01 1.0268e-16 1.0268e-16 [ 1.5212e-60 1.7020e-44 3.5680e-38 1.3776e-27 3.3898e-25 3.2060e-18 9.9476e-17 ] 0.0000e+00 [ 0.0000e+00 ] 1.0000e+00
 2.357e+01 8.3339e-17 8.3339e-17 [ 5.3617e-61 7.5729e-45 1.8629e-38 1.0687e-27 2.6306e-25 2.5534e-18 8.0786e-17 ] 0.0000e+00 [ 0.0000e+00 ] 1.0000e+00
 2.369e+01 6.7600e-17 6.7600e-17 [ 1.8869e-61 3.3629e-45 9.7112e-39 8.2907e-28 2.0414e-25 2.0325e-18 6.5567e-17 ] 0.0000e+00 [ 0.0000e+00 ] 1.0000e+00
 2.380e+01 5.4801e-17 5.4801e-17 [ 6.6299e-62 1.4905e-45 5.0541e-39 6.4316e-28 1.5841e-25 1.6171e-18 5.3184e-17 ] 0.0000e+00 [ 0.0000e+00 ] 1.0000e+00
 2.391e+01 4.4400e-17 4.4400e-17 [ 2.3260e-62 6.5935e-46 2.6262e-39 4.9894e-28 1.2293e-25 1.2859e-18 4.3114e-17 ] 0.0000e+00 [ 0.0000e+00 ] 1.0000e+00
 2.403e+01 3.5952e-17 3.5952e-17 [ 8.1477e-63 2.9112e-46 1.3624e-39 3.8705e-28 9.5386e-26 1.0220e-18 3.4930e-17 ] 0.0000e+00 [ 0.0000e+00 ] 1.0000e+00
 2.414e+01 2.9094e-17 2.9094e-17 [ 2.8498e-63 1.2830e-46 7.0566e-40 3.0025e-28 7.4015e-26 8.1192e-19 2.8282e-17 ] 0.0000e+00 [ 0.0000e+00 ] 1.0000e+00
 2.425e+01 2.3531e-17 2.3531e-17 [ 9.9529e-64 5.6432e-47 3.6491e-40 2.3291e-28 5.7430e-26 6.4467e-19 2.2886e-17 ] 0.0000e+00 [ 0.0000e+00 ] 1.0000e+00
 2.437e+01 1.9021e-17 1.9021e-17 [ 3.4709e-64 2.4776e-47 1.8840e-40 1.8067e-28 4.4561e-26 5.1163e-19 1.8509e-17 ] 0.0000e+00 [ 0.0000e+00 ] 1.0000e+00
 2.448e+01 1.5366e-17 1.5366e-17 [ 1.2087e-64 1.0858e-47 9.7118e-41 1.4015e-28 3.4575e-26 4.0584e-19 1.4960e-17 ] 0.0000e+00 [ 0.0000e+00 ] 1.0000e+00
 2.459e+01 1.2406e-17 1.2406e-17 [ 4.2031e-65 4.7493e-48 4.9983e-41 1.0871e-28 2.6826e-26 3.2178e-19 1.2085e-17 ] 0.0000e+00 [ 0.0000e+00 ] 1.0000e+00
 2.471e+01 1.0011e-17 1.0011e-17 [ 1.4595e-65 2.0736e-48 2.5683e-41 8.4325e-29 2.0813e-26 2.5501e-19 9.7561e-18 ] 0.0000e+00 [ 0.0000e+00 ] 1.0000e+00
 2.482e+01 8.0737e-18 8.0737e-18 [ 5.0610e-66 9.0371e-49 1.3176e-41 6.5409e-29 1.6148e-26 2.0200e-19 7.8717e-18 ] 0.0000e+00 [ 0.0000e+00 ] 1.0000e+00
 2.493e+01 6.5076e-18 6.5076e-18 [ 1.7525e-66 3.9314e-49 6.7492e-42 5.0736e-29 1.2528e-26 1.5994e-19 6.3476e-18 ] 0.0000e+00 [ 0.0000e+00 ] 1.0000e+00
 2.505e+01 5.2423e-18 5.2423e-18 [ 6.0605e-67 1.7072e-49 3.4517e-42 3.9354e-29 9.7198e-27 1.2658e-19 5.1157e-18 ] 0.0000e+00 [ 0.0000e+00 ] 1.0000e+00
 2.516e+01 4.2206e-18 4.2206e-18 [ 2.0930e-67 7.4000e-50 1.7625e-42 3.0525e-29 7.5407e-27 1.0014e-19 4.1205e-18 ] 0.0000e+00 [ 0.0000e+00 ] 1.0000e+00
 2.527e+01 3.3962e-18 3.3962e-18 [ 7.2186e-68 3.2020e-50 8.9851e-43 2.3677e-29 5.8501e-27 7.9183e-20 3.3170e-18 ] 0.0000e+00 [ 0.0000e+00 ] 1.0000e+00
 2.539e+01 2.7313e-18 2.7313e-18 [ 2.4864e-68 1.3830e-50 4.5735e-43 1.8364e-29 4.5384e-27 6.2587e-20 2.6687e-18 ] 0.0000e+00 [ 0.0000e+00 ] 1.0000e+00
 2.550e+01 2.1953e-18 2.1953e-18 [ 8.5530e-69 5.9632e-51 2.3243e-43 1.4244e-29 3.5208e-27 4.9448e-20 2.1459e-18 ] 0.0000e+00 [ 0.0000e+00 ] 1.0000e+00
 2.561e+01 1.7636e-18 1.7636e-18 [ 2.9384e-69 2.5666e-51 1.1794e-43 1.1048e-29 2.7313e-27 3.9051e-20 1.7245e-18 ] 0.0000e+00 [ 0.0000e+00 ] 1.0000e+00
 2.573e+01 1.4160e-18 1.4160e-18 [ 1.0082e-69 1.1028e-51 5.9753e-44 8.5690e-30 2.1188e-27 3.0828e-20 1.3851e-18 ] 0.0000e+00 [ 0.0000e+00 ] 1.0000e+00
 2.584e+01 1.1363e-18 1.1363e-18 [ 3.4552e-70 4.7302e-52 3.0226e-44 6.6462e-30 1.6437e-27 2.4327e-20 1.1119e-18 ] 0.0000e+00 [ 0.0000e+00 ] 1.0000e+00
 2.595e+01 9.1132e-19 9.1132e-19 [ 1.1826e-70 2.0255e-52 1.5266e-44 5.1549e-30 1.2751e-27 1.9189e-20 8.9213e-19 ] 0.0000e+00 [ 0.0000e+00 ] 1.0000e+00
 2.607e+01 7.3052e-19 7.3052e-19 [ 4.0428e-71 8.6580e-53 7.6981e-45 3.9981e-30 9.8909e-28 1.5131e-20 7.1538e-19 ] 0.0000e+00 [ 0.0000e+00 ] 1.0000e+00
 2.618e+01 5.8527e-19 5.8527e-19 [ 1.3804e-71 3.6947e-53 3.8760e-45 3.1009e-30 7.6725e-28 1.1926e-20 5.7335e-19 ] 0.0000e+00 [ 0.0000e+00 ] 1.0000e+00
 2.629e+01 4.6866e-19 4.6866e-19 [ 4.7076e-72 1.5740e-53 1.9485e-45 2.4050e-30 5.9516e-28 9.3969e-21 4.5926e-19 ] 0.0000e+00 [ 0.0000e+00 ] 1.0000e+00
 2.641e+01 3.7508e-19 3.7508e-19 [ 1.6036e-72 6.6944e-54 9.7807e-46 1.8653e-30 4.6166e-28 7.4013e-21 3.6768e-19 ] 0.0000e+00 [ 0.0000e+00 ] 1.0000e+00
 2.652e+01 3.0004e-19 3.0004e-19 [ 5.4559e-73 2.8424e-54 4.9019e-46 1.4467e-30 3.5810e-28 5.8273e-21 2.9421e-19 ] 0.0000e+00 [ 0.0000e+00 ] 1.0000e+00
 2.663e+01 2.3988e-19 2.3988e-19 [ 1.8542e-73 1.2049e-54 2.4529e-46 1.1220e-30 2.7777e-28 4.5865e-21 2.3530e-19 ] 0.0000e+00 [ 0.0000e+00 ] 1.0000e+00
 2.675e+01 1.9169e-19 1.9169e-19 [ 6.2941e-74 5.0990e-55 1.2256e-46 8.7018e-31 2.1546e-28 3.6087e-21 1.8808e-19 ] 0.0000e+00 [ 0.0000e+00 ] 1.0000e+00
 2.686e+01 1.5310e-19 1.5310e-19 [ 2.1342e-74 2.1544e-55 6.1143e-47 6.7488e-31 1.6712e-28 2.8383e-21 1.5026e-19 ] 0.0000e+00 [ 0.0000e+00 ] 1.0000e+00
 2.697e+01 1.2222e-19 1.2222e-19 [ 7.2285e-75 9.0876e-56 3.0457e-47 5.2340e-31 1.2963e-28 2.2317e-21 1.1999e-19 ] 0.0000e+00 [ 0.0000e+00 ] 1.0000e+00
 2.709e+01 9.7520e-20 9.7520e-20 [ 2.4456e-75 3.8271e-56 1.5148e-47 4.0593e-31 1.0055e-28 1.7541e-21 9.5766e-20 ] 0.0000e+00 [ 0.0000e+00 ] 1.0000e+00
 2.720e+01 7.7773e-20 7.7773e-20 [ 8.2651e-76 1.6092e-56 7.5229e-48 3.1481e-31 7.7988e-29 1.3783e-21 7.6395e-20 ] 0.0000e+00 [ 0.0000e+00 ] 1.0000e+00
 2.731e+01 6.1994e-20 6.1994e-20 [ 2.7903e-76 6.7552e-57 3.7303e-48 2.4415e-31 6.0490e-29 1.0827e-21 6.0911e-20 ] 0.0000e+00 [ 0.0000e+00 ] 1.0000e+00
 2.743e+01 4.9393e-20 4.9393e-20 [ 9.4099e-77 2.8313e-57 1.8470e-48 1.8935e-31 4.6917e-29 8.5020e-22 4.8542e-20 ] 0.0000e+00 [ 0.0000e+00 ] 1.0000e+00
 2.754e+01 3.9334e-20 3.9334e-20 [ 3.1700e-77 1.1848e-57 9.1308e-49 1.4685e-31 3.6390e-29 6.6743e-22 3.8666e-20 ] 0.0000e+00 [ 0.0000e+00 ] 1.0000e+00
 2.765e+01 3.1309e-20 3.1309e-20 [ 1.0668e-77 4.9503e-58 4.5073e-49 1.1388e-31 2.8224e-29 5.2380e-22 3.0785e-20 ] 0.0000e+00 [ 0.0000e+00 ] 1.0000e+00
 2.777e+01 2.4909e-20 2.4909e-20 [ 3.5865e-78 2.0651e-58 2.2216e-49 8.8320e-32 2.1891e-29 4.1096e-22 2.4498e-20 ] 0.0000e+00 [ 0.0000e+00 ] 1.0000e+00
 2.788e+01 1.9808e-20 1.9808e-20 [ 1.2045e-78 8.6014e-59 1.0934e-49 6.8494e-32 1.6979e-29 3.2234e-22 1.9486e-20 ] 0.0000e+00 [ 0.0000e+00 ] 1.0000e+00
 2.799e+01 1.5745e-20 1.5745e-20 [ 4.0411e-79 3.5771e-59 5.3731e-50 5.3118e-32 1.3168e-29 2.5275e-22 1.5492e-20 ] 0.0000e+00 [ 0.0000e+00 ] 1.0000e+00
 2.811e+01 1.2510e-20 1.2510e-20 [ 1.3545e-79 1.4854e-59 2.6365e-50 4.1194e-32 1.0213e-29 1.9814e-22 1.2311e-20 ] 0.0000e+00 [ 0.0000e+00 ] 1.0000e+00
 2.822e+01 9.9344e-21 9.9344e-21 [ 4.5352e-80 6.1584e-60 1.2918e-50 3.1946e-32 7.9212e-30 1.5528e-22 9.7791e-21 ] 0.0000e+00 [ 0.0000e+00 ] 1.0000e+00
 2.833e+01 7.8859e-21 7.8859e-21 [ 1.5171e-80 2.5495e-60 6.3200e-51 2.4775e-32 6.1435e-30 1.2166e-22 7.7642e-21 ] 0.0000e+00 [ 0.0000e+00 ] 1.0000e+00
 2.845e+01 6.2570e-21 6.2570e-21 [ 5.0699e-81 1.0539e-60 3.0875e-51 1.9213e-32 4.7647e-30 9.5299e-23 6.1617e-21 ] 0.0000e+00 [ 0.0000e+00 ] 1.0000e+00
 2.856e+01 4.9624e-21 4.9624e-21 [ 1.6927e-81 4.3498e-61 1.5061e-51 1.4900e-32 3.6953e-30 7.4629e-23 4.8878e-21 ] 0.0000e+00 [ 0.0000e+00 ] 1.0000e+00
 2.867e+01 3.9340e-21 3.9340e-21 [ 5.6460e-82 1.7927e-61 7.3358e-52 1.1555e-32 2.8659e-30 5.8428e-23 3.8756e-21 ] 0.0000e+00 [ 0.0000e+00 ] 1.0000e+00
 2.879e+01 3.1174e-21 3.1174e-21 [ 1.8815e-82 7.3774e-62 3.5679e-52 8.9605e-33 2.2227e-30 4.5733e-23 3.0717e-21 ] 0.0000e+00 [ 0.0000e+00 ] 1.0000e+00
 2.890e+01 2.4693e-21 2.4693e-21 [ 6.2640e-83 3.0315e-62 1.7328e-52 6.9488e-33 1.7238e-30 3.5788e-23 2.4335e-21 ] 0.0000e+00 [ 0.0000e+00 ] 1.0000e+00
 2.901e+01 1.9551e-21 1.9551e-21 [ 2.0836e-83 1.2439e-62 8.4033e-53 5.3888e-33 1.3369e-30 2.7999e-23 1.9271e-21 ] 0.0000e+00 [ 0.0000e+00 ] 1.0000e+00
 2.913e+01 1.5473e-21 1.5473e-21 [ 6.9241e-84 5.0967e-63 4.0693e-53 4.1789e-33 1.0368e-30 2.1900e-23 1.5254e-21 ] 0.0000e+00 [ 0.0000e+00 ] 1.0000e+00
 2.924e+01 1.2241e-21 1.2241e-21 [ 2.2990e-84 2.0853e-63 1.9677e-53 3.2407e-33 8.0409e-31 1.7126e-23 1.2070e-21 ] 0.0000e+00 [ 0.0000e+00 ] 1.0000e+00
 2.935e+01 9.6807e-22 9.6807e-22 [ 7.6263e-85 8.5195e-64 9.5010e-54 2.5131e-33 6.2360e-31 1.3390e-23 9.5468e-22 ] 0.0000e+00 [ 0.0000e+00 ] 1.0000e+00
 2.947e+01 7.6526e-22 7.6526e-22 [ 2.5276e-85 3.4758e-64 4.5809e-54 1.9489e-33 4.8362e-31 1.0466e-23 7.5479e-22 ] 0.0000e+00 [ 0.0000e+00 ] 1.0000e+00
 2.958e+01 6.0470e-22 6.0470e-22 [ 8.3701e-86 1.4160e-64 2.2055e-54 1.5113e-33 3.7506e-31 8.1797e-24 5.9652e-22 ] 0.0000e+00 [ 0.0000e+00 ] 1.0000e+00
 2.969e+01 4.7765e-22 4.7765e-22 [ 2.7693e-86 5.7608e-65 1.0604e-54 1.1720e-33 2.9086e-31 6.3912e-24 4.7126e-22 ] 0.0000e+00 [ 0.0000e+00 ] 1.0000e+00
 2.981e+01 3.7715e-22 3.7715e-22 [ 9.1546e-87 2.3404e-65 5.0906e-55 9.0883e-34 2.2557e-31 4.9928e-24 3.7216e-22 ] 0.0000e+00 [ 0.0000e+00 ] 1.0000e+00
 2.992e+01 2.9769e-22 2.9769e-22 [ 3.0237e-87 9.4947e-66 2.4404e-55 7.0477e-34 1.7493e-31 3.8996e-24 2.9379e-22 ] 0.0000e+00 [ 0.0000e+00 ] 1.0000e+00
 3.003e+01 2.3488e-22 2.3488e-22 [ 9.9787e-88 3.8466e-66 1.1683e-55 5.4653e-34 1.3566e-31 3.0452e-24 2.3183e-22 ] 0.0000e+00 [ 0.0000e+00 ] 1.0000e+00
 3.015e+01 1.8526e-22 1.8526e-22 [ 3.2904e-88 1.5563e-66 5.5848e-56 4.2381e-34 1.0521e-31 2.3776e-24 1.8288e-22 ] 0.0000e+00 [ 0.0000e+00 ] 1.0000e+00
 3.026e+01 1.4607e-22 1.4607e-22 [ 1.0841e-88 6.2878e-67 2.6660e-56 3.2865e-34 8.1589e-32 1.8560e-24 1.4421e-22 ] 0.0000e+00 [ 0.0000e+00 ] 1.0000e+00
 3.037e+01 1.1513e-22 1.1513e-22 [ 3.5688e-89 2.5370e-67 1.2708e-56 2.5486e-34 6.3272e-32 1.4486e-24 1.1368e-22 ] 0.0000e+00 [ 0.0000e+00 ] 1.0000e+00
 3.049e+01 9.0708e-23 9.0708e-23 [ 1.1739e-89 1.0222e-67 6.0495e-57 1.9763e-34 4.9067e-32 1.1304e-24 8.9577e-23 ] 0.0000e+00 [ 0.0000e+00 ] 1.0000e+00
 3.060e+01 7.1445e-23 7.1445e-23 [ 3.8582e-90 4.1135e-68 2.8756e-57 1.5326e-34 3.8052e-32 8.8194e-25 7.0563e-23 ] 0.0000e+00 [ 0.0000e+00 ] 1.0000e+00
 3.071e+01 5.6254e-23 5.6254e-23 [ 1.2671e-90 1.6531e-68 1.3650e-57 1.1884e-34 2.9509e-32 6.8799e-25 5.5566e-23 ] 0.0000e+00 [ 0.0000e+00 ] 1.0000e+00
 3.083e+01 4.4278e-23 4.4278e-23 [ 4.1578e-91 6.6342e-69 6.4706e-58 9.2158e-35 2.2884e-32 5.3661e-25 4.3742e-23 ] 0.0000e+00 [ 0.0000e+00 ] 1.0000e+00
 3.094e+01 3.4841e-23 3.4841e-23 [ 1.3633e-91 2.6590e-69 3.0630e-58 7.1464e-35 1.7746e-32 4.1847e-25 3.4422e-23 ] 0.0000e+00 [ 0.0000e+00 ] 1.0000e+00
 3.105e+01 2.7406e-23 2.7406e-23 [ 4.4667e-92 1.0643e-69 1.4479e-58 5.5417e-35 1.3762e-32 3.2629e-25 2.7080e-23 ] 0.0000e+00 [ 0.0000e+00 ] 1.0000e+00
 3.117e+01 2.1551e-23 2.1551e-23 [ 1.4623e-92 4.2548e-70 6.8349e-59 4.2973e-35 1.0672e-32 2.5438e-25 2.1297e-23 ] 0.0000e+00 [ 0.0000e+00 ] 1.0000e+00
 3.128e+01 1.6942e-23 1.6942e-23 [ 4.7838e-93 1.6987e-70 3.2220e-59 3.3324e-35 8.2759e-33 1.9828e-25 1.6744e-23 ] 0.0000e+00 [ 0.0000e+00 ] 1.0000e+00
 3.139e+01 1.3314e-23 1.3314e-23 [ 1.5638e-93 6.7731e-71 1.5168e-59 2.5841e-35 6.4178e-33 1.5454e-25 1.3160e-23 ] 0.0000e+00 [ 0.0000e+00 ] 1.0000e+00
 3.151e+01 1.0460e-23 1.0460e-23 [ 5.1081e-94 2.6972e-71 7.1308e-60 2.0038e-35 4.9768e-33 1.2043e-25 1.0340e-23 ] 0.0000e+00 [ 0.0000e+00 ] 1.0000e+00
 3.162e+01 8.2159e-24 8.2159e-24 [ 1.6673e-94 1.0727e-71 3.3477e-60 1.5538e-35 3.8594e-33 9.3833e-26 8.1220e-24 ] 0.0000e+00 [ 0.0000e+00 ] 1.0000e+00
 3.173e+01 6.4511e-24 6.4511e-24 [ 5.4381e-95 4.2609e-72 1.5695e-60 1.2049e-35 2.9928e-33 7.3102e-26 6.3780e-24 ] 0.0000e+00 [ 0.0000e+00 ] 1.0000e+00
 3.185e+01 5.0639e-24 5.0639e-24 [ 1.7724e-95 1.6904e-72 7.3484e-61 9.3435e-36 2.3209e-33 5.6944e-26 5.0070e-24 ] 0.0000e+00 [ 0.0000e+00 ] 1.0000e+00
 3.196e+01 3.9739e-24 3.9739e-24 [ 5.7727e-96 6.6976e-73 3.4359e-61 7.2453e-36 1.7997e-33 4.4352e-26 3.9296e-24 ] 0.0000e+00 [ 0.0000e+00 ] 1.0000e+00
 3.207e+01 3.1177e-24 3.1177e-24 [ 1.8788e-96 2.6504e-73 1.6043e-61 5.6183e-36 1.3956e-33 3.4540e-26 3.0832e-24 ] 0.0000e+00 [ 0.0000e+00 ] 1.0000e+00
 3.219e+01 2.4453e-24 2.4453e-24 [ 6.1103e-97 1.0476e-73 7.4810e-62 4.3567e-36 1.0823e-33 2.6896e-26 2.4184e-24 ] 0.0000e+00 [ 0.0000e+00 ] 1.0000e+00
 3.230e+01 1.9174e-24 1.9174e-24 [ 1.9858e-97 4.1353e-74 3.4838e-62 3.3783e-36 8.3925e-34 2.0941e-26 1.8965e-24 ] 0.0000e+00 [ 0.0000e+00 ] 1.0000e+00
 3.241e+01 1.5031e-24 1.5031e-24 [ 6.4495e-98 1.6304e-74 1.6201e-62 2.6197e-36 6.5081e-34 1.6302e-26 1.4868e-24 ] 0.0000e+00 [ 0.0000e+00 ] 1.0000e+00
 3.253e+01 1.1780e-24 1.1780e-24 [ 2.0932e-98 6.4206e-75 7.5245e-63 2.0314e-36 5.0467e-34 1.2690e-26 1.1653e-24 ] 0.0000e+00 [ 0.0000e+00 ] 1.0000e+00
 3.264e+01 9.2302e-25 9.2302e-25 [ 6.7887e-99 2.5254e-75 3.4900e-63 1.5752e-36 3.9135e-34 9.8771e-27 9.1315e-25 ] 0.0000e+00 [ 0.0000e+00 ] 1.0000e+00
 3.275e+01 7.2304e-25 7.2304e-25 [ 2.2002e-99 9.9211e-76 1.6166e-63 1.2215e-36 3.0347e-34 7.6868e-27 7.1535e-25 ] 0.0000e+00 [ 0.0000e+00 ] 1.0000e+00
 3.287e+01 5.6625e-25 5.6625e-25 [ 7.1263e-100 3.8929e-76 7.4783e-64 9.4717e-37 2.3533e-34 5.9817e-27 5.6027e-25 ] 0.0000e+00 [ 0.0000e+00 ] 1.0000e+00
 3.298e+01 4.4335e-25 4.4335e-25 [ 2.3065e-100 1.5257e-76 3.4548e-64 7.3446e-37 1.8249e-34 4.6543e-27 4.3870e-25 ] 0.0000e+00 [ 0.0000e+00 ] 1.0000e+00
 3.309e+01 3.4705e-25 3.4705e-25 [ 7.4606e-101 5.9726e-77 1.5940e-64 5.6953e-37 1.4151e-34 3.6211e-27 3.4343e-25 ] 0.0000e+00 [ 0.0000e+00 ] 1.0000e+00
 3.321e+01 2.7161e-25 2.7161e-25 [ 2.4116e-101 2.3353e-77 7.3447e-65 4.4163e-37 1.0973e-34 2.8170e-27 2.6879e-25 ] 0.0000e+00 [ 0.0000e+00 ] 1.0000e+00
 3.332e+01 2.1251e-25 2.1251e-25 [ 7.7901e-102 9.1205e-78 3.3798e-65 3.4245e-37 8.5092e-35 2.1913e-27 2.1032e-25 ] 0.0000e+00 [ 0.0000e+00 ] 1.0000e+00
 3.343e+01 1.6624e-25 1.6624e-25 [ 2.5148e-102 3.5579e-78 1.5533e-65 2.6555e-37 6.5984e-35 1.7044e-27 1.6454e-25 ] 0.0000e+00 [ 0.0000e+00 ] 1.0000e+00
 3.355e+01 1.3002e-25 1.3002e-25 [ 8.1131e-103 1.3863e-78 7.1293e-66 2.0591e-37 5.1167e-35 1.3256e-27 1.2869e-25 ] 0.0000e+00 [ 0.0000e+00 ] 1.0000e+00
 3.366e+01 1.0167e-25 1.0167e-25 [ 2.6157e-103 5.3956e-79 3.2680e-66 1.5967e-37 3.9677e-35 1.0309e-27 1.0063e-25 ] 0.0000e+00 [ 0.0000e+00 ] 1.0000e+00
 3.377e+01 7.9480e-26 7.9480e-26 [ 8.4279e-104 2.0976e-79 1.4961e-66 1.2381e-37 3.0767e-35 8.0160e-28 7.8678e-26 ] 0.0000e+00 [ 0.0000e+00 ] 1.0000e+00
 3.389e+01 6.2123e-26 6.2123e-26 [ 2.7138e-104 8.1455e-80 6.8401e-67 9.6007e-38 2.3858e-35 6.2328e-28 6.1500e-26 ] 0.0000e+00 [ 0.0000e+00 ] 1.0000e+00
 3.400e+01 4.8547e-26 4.8547e-26 [ 8.7330e-105 3.1596e-80 3.1234e-67 7.4446e-38 1.8501e-35 4.8459e-28 4.8062e-26 ] 0.0000e+00 [ 0.0000e+00 ] 1.0000e+00
 3.411e+01 3.7930e-26 3.7930e-26 [ 2.8085e-105 1.2242e-80 1.4244e-67 5.7728e-38 1.4346e-35 3.7673e-28 3.7554e-26 ] 0.0000e+00 [ 0.0000e+00 ] 1.0000e+00
 3.423e+01 2.9630e-26 2.9630e-26 [ 9.0267e-106 4.7379e-81 6.4875e-68 4.4763e-38 1.1124e-35 2.9285e-28 2.9337e-26 ] 0.0000e+00 [ 0.0000e+00 ] 1.0000e+00
 3.434e+01 2.3142e-26 2.3142e-26 [ 2.8995e-106 1.8317e-81 2.9511e-68 3.4710e-38 8.6263e-36 2.2764e-28 2.2914e-26 ] 0.0000e+00 [ 0.0000e+00 ] 1.0000e+00
 3.445e+01 1.8071e-26 1.8071e-26 [ 9.3076e-107 7.0734e-82 1.3407e-68 2.6915e-38 6.6891e-36 1.7693e-28 1.7894e-26 ] 0.0000e+00 [ 0.0000e+00 ] 1.0000e+00
 3.457e+01 1.4109e-26 1.4109e-26 [ 2.9861e-107 2.7286e-82 6.0833e-69 2.0871e-38 5.1870e-36 1.3751e-28 1.3971e-26 ] 0.0000e+00 [ 0.0000e+00 ] 1.0000e+00
 3.468e+01 1.1014e-26 1.1014e-26 [ 9.5743e-108 1.0514e-82 2.7568e-69 1.6184e-38 4.0222e-36 1.0687e-28 1.0907e-26 ] 0.0000e+00 [ 0.0000e+00 ] 1.0000e+00
 3.479e+01 8.5959e-27 8.5959e-27 [ 3.0680e-108 4.0471e-83 1.2477e-69 1.2549e-38 3.1189e-36 8.3046e-29 8.5128e-27 ] 0.0000e+00 [ 0.0000e+00 ] 1.0000e+00
 3.491e+01 6.7078e-27 6.7078e-27 [ 9.8253e-109 1.5561e-83 5.6401e-70 9.7308e-39 2.4185e-36 6.4531e-29 6.6433e-27 ] 0.0000e+00 [ 0.0000e+00 ] 1.0000e+00
 3.502e+01 5.2336e-27 5.2336e-27 [ 3.1448e-109 5.9771e-84 2.5464e-70 7.5455e-39 1.8754e-36 5.0141e-29 5.1834e-27 ] 0.0000e+00 [ 0.0000e+00 ] 1.0000e+00
 3.513e+01 4.0827e-27 4.0827e-27 [ 1.0059e-109 2.2933e-84 1.1482e-70 5.8509e-39 1.4542e-36 3.8957e-29 4.0438e-27 ] 0.0000e+00 [ 0.0000e+00 ] 1.0000e+00
 3.525e+01 3.1844e-27 3.1844e-27 [ 3.2160e-110 8.7900e-85 5.1711e-71 4.5369e-39 1.1276e-36 3.0266e-29 3.1542e-27 ] 0.0000e+00 [ 0.0000e+00 ] 1.0000e+00
 3.536e+01 2.4834e-27 2.4834e-27 [ 1.0276e-110 3.3655e-85 2.3260e-71 3.5180e-39 8.7441e-37 2.3513e-29 2.4599e-27 ] 0.0000e+00 [ 0.0000e+00 ] 1.0000e+00
 3.547e+01 1.9364e-27 1.9364e-27 [ 3.2813e-111 1.2873e-85 1.0450e-71 2.7279e-39 6.7804e-37 1.8265e-29 1.9182e-27 ] 0.0000e+00 [ 0.0000e+00 ] 1.0000e+00
 3.559e+01 1.5097e-27 1.5097e-27 [ 1.0473e-111 4.9185e-86 4.6889e-72 2.1153e-39 5.2577e-37 1.4188e-29 1.4955e-27 ] 0.0000e+00 [ 0.0000e+00 ] 1.0000e+00
 3.570e+01 1.1769e-27 1.1769e-27 [ 3.3405e-112 1.8774e-86 2.1014e-72 1.6402e-39 4.0769e-37 1.1021e-29 1.1658e-27 ] 0.0000e+00 [ 0.0000e+00 ] 1.0000e+00
 3.581e+01 9.1726e-28 9.1726e-28 [ 1.0650e-112 7.1585e-87 9.4063e-73 1.2718e-39 3.1614e-37 8.5597e-30 9.0870e-28 ] 0.0000e+00 [ 0.0000e+00 ] 1.0000e+00
 3.593e+01 7.1483e-28 7.1483e-28 [ 3.3933e-113 2.7268e-87 4.2053e-73 9.8621e-40 2.4514e-37 6.6480e-30 7.0818e-28 ] 0.0000e+00 [ 0.0000e+00 ] 1.0000e+00
 3.604e+01 5.5700e-28 5.5700e-28 [ 1.0806e-113 1.0376e-87 1.8779e-73 7.6472e-40 1.9009e-37 5.1630e-30 5.5184e-28 ] 0.0000e+00 [ 0.0000e+00 ] 1.0000e+00
 3.615e+01 4.3396e-28 4.3396e-28 [ 3.4393e-114 3.9445e-88 8.3753e-74 5.9298e-40 1.4740e-37 4.0096e-30 4.2995e-28 ] 0.0000e+00 [ 0.0000e+00 ] 1.0000e+00
 3.627e+01 3.3806e-28 3.3806e-28 [ 1.0941e-114 1.4980e-88 3.7310e-74 4.5980e-40 1.1430e-37 3.1137e-30 3.3495e-28 ] 0.0000e+00 [ 0.0000e+00 ] 1.0000e+00
 3.638e+01 2.6332e-28 2.6332e-28 [ 3.4785e-115 5.6831e-89 1.6601e-74 3.5654e-40 8.8627e-38 2.4178e-30 2.6090e-28 ] 0.0000e+00 [ 0.0000e+00 ] 1.0000e+00
 3.649e+01 2.0508e-28 2.0508e-28 [ 1.1054e-115 2.1540e-89 7.3775e-75 2.7646e-40 6.8723e-38 1.8774e-30 2.0320e-28 ] 0.0000e+00 [ 0.0000e+00 ] 1.0000e+00
 3.661e+01 1.5970e-28 1.5970e-28 [ 3.5106e-116 8.1557e-90 3.2748e-75 2.1437e-40 5.3290e-38 1.4577e-30 1.5824e-28 ] 0.0000e+00 [ 0.0000e+00 ] 1.0000e+00
 3.672e+01 1.2435e-28 1.2435e-28 [ 1.1144e-116 3.0851e-90 1.4519e-75 1.6623e-40 4.1322e-38 1.1318e-30 1.2322e-28 ] 0.0000e+00 [ 0.0000e+00 ] 1.0000e+00
 3.683e+01 9.6812e-29 9.6812e-29 [ 3.5357e-117 1.1658e-90 6.4299e-76 1.2890e-40 3.2042e-38 8.7875e-31 9.5933e-29 ] 0.0000e+00 [ 0.0000e+00 ] 1.0000e+00
 3.695e+01 7.5365e-29 7.5365e-29 [ 1.1212e-117 4.4014e-91 2.8441e-76 9.9948e-41 2.4846e-38 6.8223e-31 7.4683e-29 ] 0.0000e+00 [ 0.0000e+00 ] 1.0000e+00
 3.706e+01 5.8663e-29 5.8663e-29 [ 3.5536e-118 1.6601e-91 1.2566e-76 7.7501e-41 1.9266e-38 5.2965e-31 5.8133e-29 ] 0.0000e+00 [ 0.0000e+00 ] 1.0000e+00
 3.717e+01 4.5658e-29 4.5658e-29 [ 1.1257e-118 6.2554e-92 5.5455e-77 6.0095e-41 1.4939e-38 4.1117e-31 4.5246e-29 ] 0.0000e+00 [ 0.0000e+00 ] 1.0000e+00
 3.729e+01 3.5532e-29 3.5532e-29 [ 3.5643e-119 2.3548e-92 2.4445e-77 4.6598e-41 1.1584e-38 3.1918e-31 3.5213e-29 ] 0.0000e+00 [ 0.0000e+00 ] 1.0000e+00
 3.740e+01 2.7649e-29 2.7649e-29 [ 1.1280e-119 8.8563e-93 1.0763e-77 3.6133e-41 8.9824e-39 2.4777e-31 2.7401e-29 ] 0.0000e+00 [ 0.0000e+00 ] 1.0000e+00
 3.751e+01 2.1513e-29 2.1513e-29 [ 3.5679e-120 3.3277e-93 4.7337e-78 2.8018e-41 6.9651e-39 1.9233e-31 2.1321e-29 ] 0.0000e+00 [ 0.0000e+00 ] 1.0000e+00
 3.763e+01 1.6737e-29 1.6737e-29 [ 1.1280e-120 1.2492e-93 2.0796e-78 2.1725e-41 5.4009e-39 1.4929e-31 1.6588e-29 ] 0.0000e+00 [ 0.0000e+00 ] 1.0000e+00
 3.774e+01 1.3020e-29 1.3020e-29 [ 3.5644e-121 4.6848e-94 9.1261e-79 1.6846e-41 4.1879e-39 1.1587e-31 1.2904e-29 ] 0.0000e+00 [ 0.0000e+00 ] 1.0000e+00
 3.785e+01 1.0128e-29 1.0128e-29 [ 1.1258e-121 1.7554e-94 4.0005e-79 1.3063e-41 3.2474e-39 8.9936e-32 1.0038e-29 ] 0.0000e+00 [ 0.0000e+00 ] 1.0000e+00
 3.797e+01 7.8774e-30 7.8774e-30 [ 3.5539e-122 6.5711e-95 1.7518e-79 1.0129e-41 2.5181e-39 6.9803e-32 7.8076e-30 ] 0.0000e+00 [ 0.0000e+00 ] 1.0000e+00
 3.808e+01 6.1265e-30 6.1265e-30 [ 1.1214e-122 2.4576e-95 7.6631e-80 7.8540e-42 1.9525e-39 5.4175e-32 6.0723e-30 ] 0.0000e+00 [ 0.0000e+00 ] 1.0000e+00
 3.819e+01 4.7643e-30 4.7643e-30 [ 3.5367e-123 9.1832e-96 3.3488e-80 6.0901e-42 1.5140e-39 4.2045e-32 4.7223e-30 ] 0.0000e+00 [ 0.0000e+00 ] 1.0000e+00
 3.831e+01 3.7047e-30 3.7047e-30 [ 1.1149e-123 3.4283e-96 1.4620e-80 4.7223e-42 1.1740e-39 3.2630e-32 3.6721e-30 ] 0.0000e+00 [ 0.0000e+00 ] 1.0000e+00
 3.842e+01 2.8806e-30 2.8806e-30 [ 3.5128e-124 1.2787e-96 6.3768e-81 3.6617e-42 9.1034e-40 2.5323e-32 2.8552e-30 ] 0.0000e+00 [ 0.0000e+00 ] 1.0000e+00
 3.853e+01 2.2396e-30 2.2396e-30 [ 1.1063e-124 4.7651e-97 2.7790e-81 2.8394e-42 7.0589e-40 1.9651e-32 2.2199e-30 ] 0.0000e+00 [ 0.0000e+00 ] 1.0000e+00
 3.865e+01 1.7411e-30 1.7411e-30 [ 3.4825e-125 1.7742e-97 1.2101e-81 2.2017e-42 5.4735e-40 1.5250e-32 1.7258e-30 ] 0.0000e+00 [ 0.0000e+00 ] 1.0000e+00
 3.876e+01 1.3535e-30 1.3535e-30 [ 1.0957e-125 6.5997e-98 5.2661e-82 1.7072e-42 4.2443e-40 1.1834e-32 1.3416e-30 ] 0.0000e+00 [ 0.0000e+00 ] 1.0000e+00
 3.887e+01 1.0520e-30 1.0520e-30 [ 3.4461e-126 2.4529e-98 2.2903e-82 1.3238e-42 3.2910e-40 9.1828e-33 1.0429e-30 ] 0.0000e+00 [ 0.0000e+00 ] 1.0000e+00
 3.899e+01 8.1771e-31 8.1771e-31 [ 1.0833e-126 9.1084e-99 9.9571e-83 1.0265e-42 2.5519e-40 7.1255e-33 8.1058e-31 ] 0.0000e+00 [ 0.0000e+00 ] 1.0000e+00
 3.910e+01 6.3553e-31 6.3553e-31 [ 3.4038e-127 3.3794e-99 4.3280e-83 7.9593e-43 1.9788e-40 5.5290e-33 6.3000e-31 ] 0.0000e+00 [ 0.0000e+00 ] 1.0000e+00
 3.921e+01 4.9390e-31 4.9390e-31 [ 1.0690e-127 1.2527e-99 1.8813e-83 6.1717e-43 1.5344e-40 4.2901e-33 4.8961e-31 ] 0.0000e+00 [ 0.0000e+00 ] 1.0000e+00
 3.933e+01 3.8381e-31 3.8381e-31 [ 3.3560e-128 4.6398e-100 8.1811e-84 4.7856e-43 1.1898e-40 3.3288e-33 3.8048e-31 ] 0.0000e+00 [ 0.0000e+00 ] 1.0000e+00
 3.944e+01 2.9824e-31 2.9824e-31 [ 1.0531e-128 1.7170e-100 3.5604e-84 3.7108e-43 9.2256e-41 2.5828e-33 2.9566e-31 ] 0.0000e+00 [ 0.0000e+00 ] 1.0000e+00
 3.955e+01 2.3173e-31 2.3173e-31 [ 3.3029e-129 6.3486e-101 1.5515e-84 2.8774e-43 7.1536e-41 2.0039e-33 2.2973e-31 ] 0.0000e+00 [ 0.0000e+00 ] 1.0000e+00
 3.967e+01 1.8005e-31 1.8005e-31 [ 1.0355e-129 2.3454e-101 6.7741e-85 2.2312e-43 5.5470e-41 1.5548e-33 1.7849e-31 ] 0.0000e+00 [ 0.0000e+00 ] 1.0000e+00
 3.978e+01 1.3988e-31 1.3988e-31 [ 3.2449e-130 8.6577e-102 2.9656e-85 1.7301e-43 4.3012e-41 1.2063e-33 1.3868e-31 ] 0.0000e+00 [ 0.0000e+00 ] 1.0000e+00
 3.989e+01 1.0867e-31 1.0867e-31 [ 1.0164e-130 3.1932e-102 1.3030e-85 1.3415e-43 3.3352e-41 9.3589e-34 1.0774e-31 ] 0.0000e+00 [ 0.0000e+00 ] 1.0000e+00
 4.001e+01 8.4419e-32 8.4419e-32 [ 3.1824e-131 1.1768e-102 5.7524e-86 1.0402e-43 2.5861e-41 7.2609e-34 8.3693e-32 ] 0.0000e+00 [ 0.0000e+00 ] 1.0000e+00
 4.012e+01 6.5576e-32 6.5576e-32 [ 9.9597e-132 4.3334e-103 2.5547e-86 8.0660e-44 2.0053e-41 5.6331e-34 6.5013e-32 ] 0.0000e+00 [ 0.0000e+00 ] 1.0000e+00
 4.023e+01 5.0936e-32 5.0936e-32 [ 3.1157e-132 1.5944e-103 1.1431e-86 6.2545e-44 1.5549e-41 4.3702e-34 5.0499e-32 ] 0.0000e+00 [ 0.0000e+00 ] 1.0000e+00
 4.035e+01 3.9563e-32 3.9563e-32 [ 9.7427e-133 5.8621e-104 5.1604e-87 4.8498e-44 1.2057e-41 3.3904e-34 3.9224e-32 ] 0.0000e+00 [ 0.0000e+00 ] 1.0000e+00
 4.046e+01 3.0727e-32 3.0727e-32 [ 3.0452e-133 2.1536e-104 2.3544e-87 3.7606e-44 9.3492e-42 2.6302e-34 3.0464e-32 ] 0.0000e+00 [ 0.0000e+00 ] 1.0000e+00
 4.057e+01 2.3864e-32 2.3864e-32 [ 9.5143e-134 7.9063e-105 1.0872e-87 2.9160e-44 7.2495e-42 2.0404e-34 2.3660e-32 ] 0.0000e+00 [ 0.0000e+00 ] 1.0000e+00
 4.069e+01 1.8533e-32 1.8533e-32 [ 2.9713e-134 2.9005e-105 5.0885e-88 2.2611e-44 5.6213e-42 1.5829e-34 1.8374e-32 ] 0.0000e+00 [ 0.0000e+00 ] 1.0000e+00
 4.080e+01 1.4392e-32 1.4392e-32 [ 9.2757e-135 1.0634e-105 2.4162e-88 1.7533e-44 4.3588e-42 1.2279e-34 1.4269e-32 ] 0.0000e+00 [ 0.0000e+00 ] 1.0000e+00
 4.091e+01 1.1176e-32 1.1176e-32 [ 2.8944e-135 3.8960e-106 1.1647e-88 1.3596e-44 3.3799e-42 9.5252e-35 1.1081e-32 ] 0.0000e+00 [ 0.0000e+00 ] 1.0000e+00
 4.103e+01 8.6780e-33 8.6780e-33 [ 9.0283e-136 1.4266e-106 5.7002e-89 1.0542e-44 2.6208e-42 7.3889e-35 8.6041e-33 ] 0.0000e+00 [ 0.0000e+00 ] 1.0000e+00
 4.114e+01 6.7382e-33 6.7382e-33 [ 2.8149e-136 5.2215e-107 2.8311e-89 8.1747e-45 2.0322e-42 5.7317e-35 6.6809e-33 ] 0.0000e+00 [ 0.0000e+00 ] 1.0000e+00
 4.125e+01 5.2318e-33 5.2318e-33 [ 8.7731e-137 1.9103e-107 1.4257e-89 6.3389e-45 1.5758e-42 4.4461e-35 5.1873e-33 ] 0.0000e+00 [ 0.0000e+00 ] 1.0000e+00
 4.137e+01 4.0620e-33 4.0620e-33 [ 2.7332e-137 6.9868e-108 7.2709e-90 4.9153e-45 1.2219e-42 3.4489e-35 4.0275e-33 ] 0.0000e+00 [ 0.0000e+00 ] 1.0000e+00
 4.148e+01 3.1536e-33 3.1536e-33 [ 8.5115e-138 2.5550e-108 3.7496e-90 3.8115e-45 9.4743e-43 2.6752e-35 3.1269e-33 ] 0.0000e+00 [ 0.0000e+00 ] 1.0000e+00
 4.159e+01 2.4483e-33 2.4483e-33 [ 2.6496e-138 9.3438e-109 1.9522e-90 2.9555e-45 7.3465e-43 2.0751e-35 2.4276e-33 ] 0.0000e+00 [ 0.0000e+00 ] 1.0000e+00
 4.171e+01 1.9007e-33 1.9007e-33 [ 8.2447e-139 3.4180e-109 1.0246e-90 2.2918e-45 5.6965e-43 1.6096e-35 1.8846e-33 ] 0.0000e+00 [ 0.0000e+00 ] 1.0000e+00
 4.182e+01 1.4755e-33 1.4755e-33 [ 2.5645e-139 1.2510e-109 5.4126e-91 1.7772e-45 4.4171e-43 1.2485e-35 1.4630e-33 ] 0.0000e+00 [ 0.0000e+00 ] 1.0000e+00
 4.193e+01 1.1454e-33 1.1454e-33 [ 7.9739e-140 4.5831e-110 2.8743e-91 1.3781e-45 3.4251e-43 9.6842e-36 1.1357e-33 ] 0.0000e+00 [ 0.0000e+00 ] 1.0000e+00
 4.205e+01 8.8909e-34 8.8909e-34 [ 2.4784e-140 1.6813e-110 1.5326e-91 1.0686e-45 2.6558e-43 7.5115e-36 8.8158e-34 ] 0.0000e+00 [ 0.0000e+00 ] 1.0000e+00
 4.216e+01 6.9013e-34 6.9013e-34 [ 7.7002e-141 6.1802e-111 8.1967e-92 8.2867e-46 2.0593e-43 5.8262e-36 6.8430e-34 ] 0.0000e+00 [ 0.0000e+00 ] 1.0000e+00
 4.227e+01 5.3567e-34 5.3567e-34 [ 2.3916e-141 2.2778e-111 4.3938e-92 6.4259e-46 1.5968e-43 4.5190e-36 5.3115e-34 ] 0.0000e+00 [ 0.0000e+00 ] 1.0000e+00
 4.239e+01 4.1577e-34 4.1577e-34 [ 7.4251e-142 8.4246e-112 2.3590e-92 4.9831e-46 1.2382e-43 3.5051e-36 4.1227e-34 ] 0.0000e+00 [ 0.0000e+00 ] 1.0000e+00
 4.250e+01 3.2270e-34 3.2270e-34 [ 2.3045e-142 3.1301e-112 1.2679e-92 3.8642e-46 9.6010e-44 2.7186e-36 3.1998e-34 ] 0.0000e+00 [ 0.0000e+00 ] 1.0000e+00
 4.261e+01 2.5046e-34 2.5046e-34 [ 7.1498e-143 1.1696e-112 6.8186e-93 2.9966e-46 7.4447e-44 2.1086e-36 2.4835e-34 ] 0.0000e+00 [ 0.0000e+00 ] 1.0000e+00
 4.273e+01 1.9438e-34 1.9438e-34 [ 2.2175e-143 4.4015e-113 3.6679e-93 2.3238e-46 5.7727e-44 1.6354e-36 1.9275e-34 ] 0.0000e+00 [ 0.0000e+00 ] 1.0000e+00
 4.284e+01 1.5086e-34 1.5086e-34 [ 6.8756e-144 1.6706e-113 1.9731e-93 1.8021e-46 4.4762e-44 1.2684e-36 1.4959e-34 ] 0.0000e+00 [ 0.0000e+00 ] 1.0000e+00
 4.295e+01 1.1707e-34 1.1707e-34 [ 2.1312e-144 6.4053e-114 1.0611e-93 1.3976e-46 3.4709e-44 9.8379e-37 1.1609e-34 ] 0.0000e+00 [ 0.0000e+00 ] 1.0000e+00
 4.307e+01 9.0854e-35 9.0854e-35 [ 6.6043e-145 2.4847e-114 5.7047e-94 1.0838e-46 2.6913e-44 7.6302e-37 9.0091e-35 ] 0.0000e+00 [ 0.0000e+00 ] 1.0000e+00
 4.318e+01 7.0505e-35 7.0505e-35 [ 2.0461e-145 9.7655e-115 3.0653e-94 8.4057e-47 2.0869e-44 5.9178e-37 6.9913e-35 ] 0.0000e+00 [ 0.0000e+00 ] 1.0000e+00
 4.329e+01 5.4713e-35 5.4713e-35 [ 6.3378e-146 3.8932e-115 1.6460e-94 6.5190e-47 1.6182e-44 4.5897e-37 5.4254e-35 ] 0.0000e+00 [ 0.0000e+00 ] 1.0000e+00
 4.341e+01 4.2456e-35 4.2456e-35 [ 1.9629e-146 1.5756e-115 8.8329e-95 5.0560e-47 1.2547e-44 3.5597e-37 4.2100e-35 ] 0.0000e+00 [ 0.0000e+00 ] 1.0000e+00
 4.352e+01 3.2945e-35 3.2945e-35 [ 6.0787e-147 6.4755e-116 4.7363e-95 3.9214e-47 9.7294e-45 2.7608e-37 3.2669e-35 ] 0.0000e+00 [ 0.0000e+00 ] 1.0000e+00
 4.363e+01 2.5564e-35 2.5564e-35 [ 1.8825e-147 2.7020e-116 2.5376e-95 3.0415e-47 7.5443e-45 2.1411e-37 2.5350e-35 ] 0.0000e+00 [ 0.0000e+00 ] 1.0000e+00
 4.375e+01 1.9836e-35 1.9836e-35 [ 5.8305e-148 1.1439e-116 1.3585e-95 2.3591e-47 5.8499e-45 1.6606e-37 1.9670e-35 ] 0.0000e+00 [ 0.0000e+00 ] 1.0000e+00
 4.386e+01 1.5391e-35 1.5391e-35 [ 1.8063e-148 4.9082e-117 7.2660e-96 1.8299e-47 4.5361e-45 1.2879e-37 1.5262e-35 ] 0.0000e+00 [ 0.0000e+00 ] 1.0000e+00
 4.397e+01 1.1942e-35 1.1942e-35 [ 5.5982e-149 2.1315e-117 3.8829e-96 1.4195e-47 3.5173e-45 9.9880e-38 1.1842e-35 ] 0.0000e+00 [ 0.0000e+00 ] 1.0000e+00
 4.409e+01 9.2657e-36 9.2657e-36 [ 1.7361e-149 9.3545e-118 2.0731e-96 1.1011e-47 2.7274e-45 7.7461e-38 9.1882e-36 ] 0.0000e+00 [ 0.0000e+00 ] 1.0000e+00
 4.420e+01 7.1890e-36 7.1890e-36 [ 5.3892e-150 4.1423e-118 1.1058e-96 8.5423e-48 2.1148e-45 6.0074e-38 7.1290e-36 ] 0.0000e+00 [ 0.0000e+00 ] 1.0000e+00
 4.431e+01 5.5777e-36 5.5777e-36 [ 1.6750e-150 1.8480e-118 5.8933e-97 6.6274e-48 1.6399e-45 4.6589e-38 5.5311e-36 ] 0.0000e+00 [ 0.0000e+00 ] 1.0000e+00
 4.443e+01 4.3275e-36 4.3275e-36 [ 5.2146e-151 8.2947e-119 3.1378e-97 5.1420e-48 1.2716e-45 3.6132e-38 4.2913e-36 ] 0.0000e+00 [ 0.0000e+00 ] 1.0000e+00
 4.454e+01 3.3574e-36 3.3574e-36 [ 1.6271e-151 3.7411e-119 1.6691e-97 3.9899e-48 9.8599e-46 2.8021e-38 3.3294e-36 ] 0.0000e+00 [ 0.0000e+00 ] 1.0000e+00
 4.465e+01 2.6047e-36 2.6047e-36 [ 5.0917e-152 1.6937e-119 8.8704e-98 3.0961e-48 7.6455e-46 2.1731e-38 2.5830e-36 ] 0.0000e+00 [ 0.0000e+00 ] 1.0000e+00
 4.477e+01 2.0208e-36 2.0208e-36 [ 1.5993e-152 7.6904e-120 4.7097e-98 2.4028e-48 5.9284e-46 1.6853e-38 2.0039e-36 ] 0.0000e+00 [ 0.0000e+00 ] 1.0000e+00
 4.488e+01 1.5677e-36 1.5677e-36 [ 5.0468e-153 3.4995e-120 2.4982e-98 1.8649e-48 4.5970e-46 1.3070e-38 1.5547e-36 ] 0.0000e+00 [ 0.0000e+00 ] 1.0000e+00
 4.499e+01 1.2162e-36 1.2162e-36 [ 1.6019e-153 1.5949e-120 1.3239e-98 1.4476e-48 3.5646e-46 1.0136e-38 1.2061e-36 ] 0.0000e+00 [ 0.0000e+00 ] 1.0000e+00
 4.511e+01 9.4351e-37 9.4351e-37 [ 5.1209e-154 7.2770e-121 7.0095e-99 1.1238e-48 2.7641e-46 7.8602e-39 9.3565e-37 ] 0.0000e+00 [ 0.0000e+00 ] 1.0000e+00
 4.522e+01 7.3194e-37 7.3194e-37 [ 1.6511e-154 3.3225e-121 3.7077e-99 8.7258e-49 2.1433e-46 6.0957e-39 7.2584e-37 ] 0.0000e+00 [ 0.0000e+00 ] 1.0000e+00
 4.533e+01 5.6780e-37 5.6780e-37 [ 5.3775e-155 1.5176e-121 1.9594e-99 6.7761e-49 1.6620e-46 4.7272e-39 5.6308e-37 ] 0.0000e+00 [ 0.0000e+00 ] 1.0000e+00
 4.545e+01 4.4047e-37 4.4047e-37 [ 1.7718e-155 6.9332e-122 1.0345e-99 5.2629e-49 1.2887e-46 3.6659e-39 4.3680e-37 ] 0.0000e+00 [ 0.0000e+00 ] 1.0000e+00
 4.556e+01 3.4169e-37 3.4169e-37 [ 5.9149e-156 3.1673e-122 5.4566e-100 4.0885e-49 9.9933e-47 2.8429e-39 3.3884e-37 ] 0.0000e+00 [ 0.0000e+00 ] 1.0000e+00
 4.567e+01 2.6505e-37 2.6505e-37 [ 2.0029e-156 1.4467e-122 2.8755e-100 3.1767e-49 7.7491e-47 2.2047e-39 2.6285e-37 ] 0.0000e+00 [ 0.0000e+00 ] 1.0000e+00
 4.579e+01 2.0560e-37 2.0560e-37 [ 6.8859e-157 6.6060e-123 1.5139e-100 2.4689e-49 6.0089e-47 1.7097e-39 2.0389e-37 ] 0.0000e+00 [ 0.0000e+00 ] 1.0000e+00
 4.590e+01 1.5949e-37 1.5949e-37 [ 2.4044e-157 3.0153e-123 7.9632e-101 1.9193e-49 4.6596e-47 1.3259e-39 1.5816e-37 ] 0.0000e+00 [ 0.0000e+00 ] 1.0000e+00
 4.601e+01 1.2371e-37 1.2371e-37 [ 8.5269e-158 1.3758e-123 4.1847e-101 1.4925e-49 3.6132e-47 1.0282e-39 1.2269e-37 ] 0.0000e+00 [ 0.0000e+00 ] 1.0000e+00
 4.613e+01 9.5963e-38 9.5963e-38 [ 3.0694e-158 6.2737e-124 2.1971e-101 1.1609e-49 2.8019e-47 7.9734e-40 9.5166e-38 ] 0.0000e+00 [ 0.0000e+00 ] 1.0000e+00
 4.624e+01 7.4436e-38 7.4436e-38 [ 1.1204e-158 2.8594e-124 1.1524e-101 9.0335e-50 2.1727e-47 6.1832e-40 7.3818e-38 ] 0.0000e+00 [ 0.0000e+00 ] 1.0000e+00
 4.635e+01 5.7738e-38 5.7738e-38 [ 4.1418e-159 1.3025e-124 6.0394e-102 7.0319e-50 1.6849e-47 4.7949e-40 5.7258e-38 ] 0.0000e+00 [ 0.0000e+00 ] 1.0000e+00
 4.647e+01 4.4785e-38 4.4785e-38 [ 1.5483e-159 5.9295e-125 3.1620e-102 5.4761e-50 1.3066e-47 3.7184e-40 4.4413e-38 ] 0.0000e+00 [ 0.0000e+00 ] 1.0000e+00
 4.658e+01 3.4737e-38 3.4737e-38 [ 5.8437e-160 2.6976e-125 1.6540e-102 4.2666e-50 1.0132e-47 2.8835e-40 3.4449e-38 ] 0.0000e+00 [ 0.0000e+00 ] 1.0000e+00
 4.669e+01 2.6944e-38 2.6944e-38 [ 2.2236e-160 1.2265e-125 8.6438e-103 3.3259e-50 7.8573e-48 2.2361e-40 2.6720e-38 ] 0.0000e+00 [ 0.0000e+00 ] 1.0000e+00
 4.681e+01 2.0899e-38 2.0899e-38 [ 8.5176e-161 5.5731e-126 4.5131e-103 2.5940e-50 6.0933e-48 1.7340e-40 2.0725e-38 ] 0.0000e+00 [ 0.0000e+00 ] 1.0000e+00
 4.692e+01 1.6210e-38 1.6210e-38 [ 3.2806e-161 2.5306e-126 2.3542e-103 2.0245e-50 4.7254e-48 1.3447e-40 1.6075e-38 ] 0.0000e+00 [ 0.0000e+00 ] 1.0000e+00
 4.703e+01 1.2573e-38 1.2573e-38 [ 1.2691e-161 1.1483e-126 1.2269e-103 1.5811e-50 3.6646e-48 1.0427e-40 1.2468e-38 ] 0.0000e+00 [ 0.0000e+00 ] 1.0000e+00
 4.715e+01 9.7515e-39 9.7515e-39 [ 4.9263e-162 5.2074e-127 6.3883e-104 1.2357e-50 2.8420e-48 8.0860e-41 9.6707e-39 ] 0.0000e+00 [ 0.0000e+00 ] 1.0000e+00
 4.726e+01 7.5634e-39 7.5634e-39 [ 1.9174e-162 2.3599e-127 3.3232e-104 9.6648e-51 2.2041e-48 6.2704e-41 7.5007e-39 ] 0.0000e+00 [ 0.0000e+00 ] 1.0000e+00
 4.737e+01 5.8662e-39 5.8662e-39 [ 7.4778e-163 1.0687e-127 1.7272e-104 7.5660e-51 1.7094e-48 4.8624e-41 5.8176e-39 ] 0.0000e+00 [ 0.0000e+00 ] 1.0000e+00
 4.749e+01 4.5498e-39 4.5498e-39 [ 2.9209e-163 4.8365e-128 8.9684e-105 5.9286e-51 1.3258e-48 3.7706e-41 4.5121e-39 ] 0.0000e+00 [ 0.0000e+00 ] 1.0000e+00
 4.760e+01 3.5288e-39 3.5288e-39 [ 1.1422e-163 2.1873e-128 4.6526e-105 4.6503e-51 1.0283e-48 2.9240e-41 3.4995e-39 ] 0.0000e+00 [ 0.0000e+00 ] 1.0000e+00
 4.771e+01 2.7369e-39 2.7369e-39 [ 4.4701e-164 9.8856e-129 2.4114e-105 3.6516e-51 7.9759e-49 2.2674e-41 2.7142e-39 ] 0.0000e+00 [ 0.0000e+00 ] 1.0000e+00
 4.783e+01 2.1227e-39 2.1227e-39 [ 1.7504e-164 4.4648e-129 1.2487e-105 2.8708e-51 6.1866e-49 1.7583e-41 2.1051e-39 ] 0.0000e+00 [ 0.0000e+00 ] 1.0000e+00
 4.794e+01 1.6463e-39 1.6463e-39 [ 6.8562e-165 2.0151e-129 6.4603e-106 2.2599e-51 4.7989e-49 1.3634e-41 1.6327e-39 ] 0.0000e+00 [ 0.0000e+00 ] 1.0000e+00
 4.805e+01 1.2768e-39 1.2768e-39 [ 2.6861e-165 9.0886e-130 3.3392e-106 1.7813e-51 3.7226e-49 1.0573e-41 1.2662e-39 ] 0.0000e+00 [ 0.0000e+00 ] 1.0000e+00
 4.817e+01 9.9025e-40 9.9025e-40 [ 1.0524e-165 4.0964e-130 1.7244e-106 1.4062e-51 2.8878e-49 8.1987e-42 9.8205e-40 ] 0.0000e+00 [ 0.0000e+00 ] 1.0000e+00
 4.828e+01 7.6800e-40 7.6800e-40 [ 4.1229e-166 1.8451e-130 8.8969e-107 1.1118e-51 2.2404e-49 6.3576e-42 7.6164e-40 ] 0.0000e+00 [ 0.0000e+00 ] 1.0000e+00
 4.839e+01 5.9563e-40 5.9563e-40 [ 1.6150e-166 8.3047e-131 4.5861e-107 8.8044e-52 1.7382e-49 4.9300e-42 5.9070e-40 ] 0.0000e+00 [ 0.0000e+00 ] 1.0000e+00
 4.851e+01 4.6194e-40 4.6194e-40 [ 6.3253e-167 3.7354e-131 2.3618e-107 6.9844e-52 1.3487e-49 3.8229e-42 4.5811e-40 ] 0.0000e+00 [ 0.0000e+00 ] 1.0000e+00
 4.862e+01 3.5825e-40 3.5825e-40 [ 2.4767e-167 1.6790e-131 1.2152e-107 5.5508e-52 1.0465e-49 2.9645e-42 3.5529e-40 ] 0.0000e+00 [ 0.0000e+00 ] 1.0000e+00
 4.873e+01 2.7784e-40 2.7784e-40 [ 9.6950e-168 7.5419e-132 6.2470e-108 4.4198e-52 8.1211e-50 2.2988e-42 2.7554e-40 ] 0.0000e+00 [ 0.0000e+00 ] 1.0000e+00
 4.885e+01 2.1548e-40 2.1548e-40 [ 3.7939e-168 3.3853e-132 3.2084e-108 3.5262e-52 6.3027e-50 1.7826e-42 2.1369e-40 ] 0.0000e+00 [ 0.0000e+00 ] 1.0000e+00
 4.896e+01 1.6711e-40 1.6711e-40 [ 1.4842e-168 1.5185e-132 1.6463e-108 2.8191e-52 4.8919e-50 1.3823e-42 1.6573e-40 ] 0.0000e+00 [ 0.0000e+00 ] 1.0000e+00
 4.907e+01 1.2960e-40 1.2960e-40 [ 5.8041e-169 6.8070e-133 8.4397e-109 2.2586e-52 3.7974e-50 1.0719e-42 1.2853e-40 ] 0.0000e+00 [ 0.0000e+00 ] 1.0000e+00
 4.919e+01 1.0051e-40 1.0051e-40 [ 2.2689e-169 3.0492e-133 4.3227e-109 1.8135e-52 2.9481e-50 8.3117e-43 9.9675e-41 ] 0.0000e+00 [ 0.0000e+00 ] 1.0000e+00
 4.930e+01 7.7945e-41 7.7945e-41 [ 8.8664e-170 1.3649e-133 2.2120e-109 1.4593e-52 2.2891e-50 6.4452e-43 7.7300e-41 ] 0.0000e+00 [ 0.0000e+00 ] 1.0000e+00
 4.941e+01 6.0448e-41 6.0448e-41 [ 3.4634e-170 6.1058e-134 1.1309e-109 1.1770e-52 1.7776e-50 4.9978e-43 5.9948e-41 ] 0.0000e+00 [ 0.0000e+00 ] 1.0000e+00
 4.953e+01 4.6878e-41 4.6878e-41 [ 1.3524e-170 2.7294e-134 5.7762e-110 9.5151e-53 1.3807e-50 3.8755e-43 4.6490e-41 ] 0.0000e+00 [ 0.0000e+00 ] 1.0000e+00
 4.964e+01 3.6354e-41 3.6354e-41 [ 5.2784e-171 1.2193e-134 2.9476e-110 7.7098e-53 1.0726e-50 3.0052e-43 3.6054e-41 ] 0.0000e+00 [ 0.0000e+00 ] 1.0000e+00
 4.975e+01 2.8193e-41 2.8193e-41 [ 2.0594e-171 5.4428e-135 1.5028e-110 6.2614e-53 8.3343e-51 2.3303e-43 2.7960e-41 ] 0.0000e+00 [ 0.0000e+00 ] 1.0000e+00
 4.987e+01 2.1864e-41 2.1864e-41 [ 8.0315e-172 2.4280e-135 7.6549e-111 5.0969e-53 6.4773e-51 1.8070e-43 2.1683e-41 ] 0.0000e+00 [ 0.0000e+00 ] 1.0000e+00
 4.998e+01 1.6956e-41 1.6956e-41 [ 3.1309e-172 1.0823e-135 3.8956e-111 4.1584e-53 5.0353e-51 1.4012e-43 1.6815e-41 ] 0.0000e+00 [ 0.0000e+00 ] 1.0000e+00
 5.009e+01 1.3149e-41 1.3149e-41 [ 1.2200e-172 4.8215e-136 1.9806e-111 3.4002e-53 3.9154e-51 1.0865e-43 1.3040e-41 ] 0.0000e+00 [ 0.0000e+00 ] 1.0000e+00
 5.021e+01 1.0197e-41 1.0197e-41 [ 4.7518e-173 2.1463e-136 1.0061e-111 2.7864e-53 3.0456e-51 8.4253e-44 1.0113e-41 ] 0.0000e+00 [ 0.0000e+00 ] 1.0000e+00
 5.032e+01 7.9077e-42 7.9077e-42 [ 1.8500e-173 9.5477e-137 5.1057e-112 2.2883e-53 2.3697e-51 6.5332e-44 7.8423e-42 ] 0.0000e+00 [ 0.0000e+00 ] 1.0000e+00
 5.043e+01 6.1323e-42 6.1323e-42 [ 7.1995e-174 4.2442e-137 2.5887e-112 1.8831e-53 1.8445e-51 5.0660e-44 6.0817e-42 ] 0.0000e+00 [ 0.0000e+00 ] 1.0000e+00
 5.055e+01 4.7555e-42 4.7555e-42 [ 2.8005e-174 1.8853e-137 1.3113e-112 1.5527e-53 1.4363e-51 3.9283e-44 4.7163e-42 ] 0.0000e+00 [ 0.0000e+00 ] 1.0000e+00
 5.066e+01 3.6878e-42 3.6878e-42 [ 1.0889e-174 8.3690e-138 6.6362e-113 1.2827e-53 1.1189e-51 3.0461e-44 3.6574e-42 ] 0.0000e+00 [ 0.0000e+00 ] 1.0000e+00
 5.077e+01 2.8599e-42 2.8599e-42 [ 4.2318e-175 3.7123e-138 3.3553e-113 1.0616e-53 8.7212e-52 2.3620e-44 2.8362e-42 ] 0.0000e+00 [ 0.0000e+00 ] 1.0000e+00
 5.089e+01 2.2178e-42 2.2178e-42 [ 1.6439e-175 1.6456e-138 1.6948e-113 8.8003e-54 6.8009e-52 1.8316e-44 2.1994e-42 ] 0.0000e+00 [ 0.0000e+00 ] 1.0000e+00
 5.100e+01 1.7198e-42 1.7198e-42 [ 6.3830e-176 7.2889e-139 8.5531e-114 7.3071e-54 5.3066e-52 1.4203e-44 1.7056e-42 ] 0.0000e+00 [ 0.0000e+00 ] 1.0000e+00
 5.111e+01 1.3337e-42 1.3337e-42 [ 2.4773e-176 3.2263e-139 4.3123e-114 6.0764e-54 4.1431e-52 1.1013e-44 1.3227e-42 ] 0.0000e+00 [ 0.0000e+00 ] 1.0000e+00
 5.123e+01 1.0342e-42 1.0342e-42 [ 9.6101e-177 1.4270e-139 2.1721e-114 5.0599e-54 3.2370e-52 8.5397e-45 1.0257e-42 ] 0.0000e+00 [ 0.0000e+00 ] 1.0000e+00
 5.134e+01 8.0202e-43 8.0202e-43 [ 3.7262e-177 6.3071e-140 1.0931e-114 4.2188e-54 2.5309e-52 6.6219e-45 7.9540e-43 ] 0.0000e+00 [ 0.0000e+00 ] 1.0000e+00
 5.145e+01 6.2194e-43 6.2194e-43 [ 1.4441e-177 2.7856e-140 5.4953e-115 3.5216e-54 1.9804e-52 5.1348e-45 6.1681e-43 ] 0.0000e+00 [ 0.0000e+00 ] 1.0000e+00
 5.157e+01 4.8229e-43 4.8229e-43 [ 5.5942e-178 1.2294e-140 2.7601e-115 2.9428e-54 1.5510e-52 3.9816e-45 4.7831e-43 ] 0.0000e+00 [ 0.0000e+00 ] 1.0000e+00
 5.168e+01 3.7400e-43 3.7400e-43 [ 2.1660e-178 5.4217e-141 1.3850e-115 2.4614e-54 1.2158e-52 3.0874e-45 3.7092e-43 ] 0.0000e+00 [ 0.0000e+00 ] 1.0000e+00
 5.179e+01 2.9002e-43 2.9002e-43 [ 8.3823e-179 2.3893e-141 6.9430e-116 2.0606e-54 9.5405e-53 2.3940e-45 2.8763e-43 ] 0.0000e+00 [ 0.0000e+00 ] 1.0000e+00
 5.191e+01 2.2490e-43 2.2490e-43 [ 3.2423e-179 1.0521e-141 3.4772e-116 1.7263e-54 7.4944e-53 1.8564e-45 2.2305e-43 ] 0.0000e+00 [ 0.0000e+00 ] 1.0000e+00
 5.202e+01 1.7440e-43 1.7440e-43 [ 1.2535e-179 4.6295e-142 1.7397e-116 1.4472e-54 5.8938e-53 1.4395e-45 1.7296e-43 ] 0.0000e+00 [ 0.0000e+00 ] 1.0000e+00
 5.213e+01 1.3524e-43 1.3524e-43 [ 4.8437e-180 2.0355e-142 8.6959e-117 1.2139e-54 4.6408e-53 1.1162e-45 1.3413e-43 ] 0.0000e+00 [ 0.0000e+00 ] 1.0000e+00
 5.225e+01 1.0487e-43 1.0487e-43 [ 1.8707e-180 8.9431e-143 4.3423e-117 1.0187e-54 3.6589e-53 8.6551e-46 1.0401e-43 ] 0.0000e+00 [ 0.0000e+00 ] 1.0000e+00
 5.236e+01 8.1325e-44 8.1325e-44 [ 7.2212e-181 3.9261e-143 2.1662e-117 8.5520e-55 2.8888e-53 6.7113e-46 8.0654e-44 ] 0.0000e+00 [ 0.0000e+00 ] 1.0000e+00
 5.247e+01 6.3064e-44 6.3064e-44 [ 2.7860e-181 1.7223e-143 1.0796e-117 7.1818e-55 2.2841e-53 5.2041e-46 6.2544e-44 ] 0.0000e+00 [ 0.0000e+00 ] 1.0000e+00
 5.259e+01 4.8903e-44 4.8903e-44 [ 1.0743e-181 7.5493e-144 5.3748e-118 6.0325e-55 1.8087e-53 4.0353e-46 4.8499e-44 ] 0.0000e+00 [ 0.0000e+00 ] 1.0000e+00
 5.270e+01 3.7922e-44 3.7922e-44 [ 4.1403e-182 3.3065e-144 2.6733e-118 5.0679e-55 1.4345e-53 3.1290e-46 3.7609e-44 ] 0.0000e+00 [ 0.0000e+00 ] 1.0000e+00
 5.281e+01 2.9406e-44 2.9406e-44 [ 1.5948e-182 1.4470e-144 1.3283e-118 4.2579e-55 1.1397e-53 2.4263e-46 2.9164e-44 ] 0.0000e+00 [ 0.0000e+00 ] 1.0000e+00
 5.293e+01 2.2803e-44 2.2803e-44 [ 6.1393e-183 6.3276e-145 6.5930e-119 3.5775e-55 9.0701e-54 1.8814e-46 2.2615e-44 ] 0.0000e+00 [ 0.0000e+00 ] 1.0000e+00
 5.304e+01 1.7683e-44 1.7683e-44 [ 2.3621e-183 2.7647e-145 3.2692e-119 3.0056e-55 7.2312e-54 1.4588e-46 1.7537e-44 ] 0.0000e+00 [ 0.0000e+00 ] 1.0000e+00
 5.315e+01 1.3712e-44 1.3712e-44 [ 9.0829e-184 1.2070e-145 1.6194e-119 2.5249e-55 5.7757e-54 1.1312e-46 1.3599e-44 ] 0.0000e+00 [ 0.0000e+00 ] 1.0000e+00
 5.327e+01 1.0633e-44 1.0633e-44 [ 3.4906e-184 5.2651e-146 8.0130e-120 2.1207e-55 4.6218e-54 8.7714e-47 1.0545e-44 ] 0.0000e+00 [ 0.0000e+00 ] 1.0000e+00
 5.338e+01 8.2451e-45 8.2451e-45 [ 1.3406e-184 2.2948e-146 3.9609e-120 1.7809e-55 3.7055e-54 6.8014e-47 8.1771e-45 ] 0.0000e+00 [ 0.0000e+00 ] 1.0000e+00
 5.349e+01 6.3936e-45 6.3936e-45 [ 5.1459e-185 9.9934e-147 1.9558e-120 1.4950e-55 2.9765e-54 5.2738e-47 6.3408e-45 ] 0.0000e+00 [ 0.0000e+00 ] 1.0000e+00
 5.361e+01 4.9578e-45 4.9578e-45 [ 1.9740e-185 4.3482e-147 9.6472e-121 1.2547e-55 2.3955e-54 4.0893e-47 4.9169e-45 ] 0.0000e+00 [ 0.0000e+00 ] 1.0000e+00
 5.372e+01 3.8445e-45 3.8445e-45 [ 7.5676e-186 1.8903e-147 4.7534e-121 1.0526e-55 1.9317e-54 3.1708e-47 3.8128e-45 ] 0.0000e+00 [ 0.0000e+00 ] 1.0000e+00
 5.383e+01 2.9812e-45 2.9812e-45 [ 2.8993e-186 8.2105e-148 2.3396e-121 8.8266e-56 1.5606e-54 2.4586e-47 2.9566e-45 ] 0.0000e+00 [ 0.0000e+00 ] 1.0000e+00
 5.395e+01 2.3117e-45 2.3117e-45 [ 1.1100e-186 3.5630e-148 1.1502e-121 7.3982e-56 1.2632e-54 1.9063e-47 2.2926e-45 ] 0.0000e+00 [ 0.0000e+00 ] 1.0000e+00
 5.406e+01 1.7926e-45 1.7926e-45 [ 4.2471e-187 1.5448e-148 5.6488e-122 6.1978e-56 1.0243e-54 1.4781e-47 1.7778e-45 ] 0.0000e+00 [ 0.0000e+00 ] 1.0000e+00
 5.417e+01 1.3900e-45 1.3900e-45 [ 1.6239e-187 6.6918e-149 2.7710e-122 5.1892e-56 8.3210e-55 1.1461e-47 1.3786e-45 ] 0.0000e+00 [ 0.0000e+00 ] 1.0000e+00
 5.429e+01 1.0779e-45 1.0779e-45 [ 6.2045e-188 2.8960e-149 1.3578e-122 4.3422e-56 6.7711e-55 8.8860e-48 1.0690e-45 ] 0.0000e+00 [ 0.0000e+00 ] 1.0000e+00
 5.440e+01 8.3581e-46 8.3581e-46 [ 2.3689e-188 1.2521e-149 6.6451e-123 3.6310e-56 5.5189e-55 6.8895e-48 8.2892e-46 ] 0.0000e+00 [ 0.0000e+00 ] 1.0000e+00
 5.451e+01 6.4811e-46 6.4811e-46 [ 9.0382e-189 5.4084e-150 3.2484e-123 3.0343e-56 4.5052e-55 5.3415e-48 6.4277e-46 ] 0.0000e+00 [ 0.0000e+00 ] 1.0000e+00
 5.463e+01 5.0256e-46 5.0256e-46 [ 3.4458e-189 2.3338e-150 1.5861e-123 2.5337e-56 3.6831e-55 4.1411e-48 4.9842e-46 ] 0.0000e+00 [ 0.0000e+00 ] 1.0000e+00
 5.474e+01 3.8970e-46 3.8970e-46 [ 1.3127e-189 1.0061e-150 7.7348e-124 2.1141e-56 3.0150e-55 3.2104e-48 3.8649e-46 ] 0.0000e+00 [ 0.0000e+00 ] 1.0000e+00
 5.485e+01 3.0219e-46 3.0219e-46 [ 4.9966e-190 4.3326e-151 3.7674e-124 1.7626e-56 2.4711e-55 2.4887e-48 2.9970e-46 ] 0.0000e+00 [ 0.0000e+00 ] 1.0000e+00
 5.497e+01 2.3432e-46 2.3432e-46 [ 1.9004e-190 1.8639e-151 1.8327e-124 1.4682e-56 2.0276e-55 1.9291e-48 2.3239e-46 ] 0.0000e+00 [ 0.0000e+00 ] 1.0000e+00
 5.508e+01 1.8170e-46 1.8170e-46 [ 7.2218e-191 8.0099e-152 8.9041e-125 1.2219e-56 1.6654e-55 1.4952e-48 1.8020e-46 ] 0.0000e+00 [ 0.0000e+00 ] 1.0000e+00
 5.519e+01 1.4089e-46 1.4089e-46 [ 2.7420e-191 3.4384e-152 4.3204e-125 1.0160e-56 1.3690e-55 1.1588e-48 1.3973e-46 ] 0.0000e+00 [ 0.0000e+00 ] 1.0000e+00
 5.531e+01 1.0925e-46 1.0925e-46 [ 1.0402e-191 1.4744e-152 2.0935e-125 8.4391e-57 1.1261e-55 8.9793e-49 1.0835e-46 ] 0.0000e+00 [ 0.0000e+00 ] 1.0000e+00
 5.542e+01 8.4715e-47 8.4715e-47 [ 3.9423e-192 6.3147e-153 1.0131e-125 7.0025e-57 9.2692e-56 6.9570e-49 8.4020e-47 ] 0.0000e+00 [ 0.0000e+00 ] 1.0000e+00
 5.553e+01 6.5689e-47 6.5689e-47 [ 1.4927e-192 2.7014e-153 4.8957e-126 5.8041e-57 7.6329e-56 5.3892e-49 6.5151e-47 ] 0.0000e+00 [ 0.0000e+00 ] 1.0000e+00
 5.565e+01 5.0936e-47 5.0936e-47 [ 5.6464e-193 1.1542e-153 2.3624e-126 4.8053e-57 6.2873e-56 4.1738e-49 5.0519e-47 ] 0.0000e+00 [ 0.0000e+00 ] 1.0000e+00
 5.576e+01 3.9496e-47 3.9496e-47 [ 2.1336e-193 4.9256e-154 1.1384e-126 3.9737e-57 5.1797e-56 3.2317e-49 3.9173e-47 ] 0.0000e+00 [ 0.0000e+00 ] 1.0000e+00
 5.587e+01 3.0625e-47 3.0625e-47 [ 8.0538e-194 2.0992e-154 5.4770e-127 3.2819e-57 4.2674e-56 2.5014e-49 3.0375e-47 ] 0.0000e+00 [ 0.0000e+00 ] 1.0000e+00
 5.599e+01 2.3747e-47 2.3747e-47 [ 3.0367e-194 8.9348e-155 2.6311e-127 2.7069e-57 3.5153e-56 1.9354e-49 2.3553e-47 ] 0.0000e+00 [ 0.0000e+00 ] 1.0000e+00
 5.610e+01 1.8413e-47 1.8413e-47 [ 1.1437e-194 3.7976e-155 1.2620e-127 2.2297e-57 2.8949e-56 1.4969e-49 1.8263e-47 ] 0.0000e+00 [ 0.0000e+00 ] 1.0000e+00
 5.621e+01 1.4277e-47 1.4277e-47 [ 4.3019e-195 1.6118e-155 6.0430e-128 1.8339e-57 2.3831e-56 1.1571e-49 1.4161e-47 ] 0.0000e+00 [ 0.0000e+00 ] 1.0000e+00
 5.633e+01 1.1070e-47 1.1070e-47 [ 1.6161e-195 6.8306e-156 2.8888e-128 1.5061e-57 1.9606e-56 8.9388e-50 1.0980e-47 ] 0.0000e+00 [ 0.0000e+00 ] 1.0000e+00
 5.644e+01 8.5827e-48 8.5827e-48 [ 6.0632e-196 2.8903e-156 1.3785e-128 1.2350e-57 1.6119e-56 6.9006e-50 8.5137e-48 ] 0.0000e+00 [ 0.0000e+00 ] 1.0000e+00
 5.655e+01 6.6543e-48 6.6543e-48 [ 2.2716e-196 1.2210e-156 6.5663e-129 1.0109e-57 1.3241e-56 5.3228e-50 6.6011e-48 ] 0.0000e+00 [ 0.0000e+00 ] 1.0000e+00
 5.667e+01 5.1590e-48 5.1590e-48 [ 8.4976e-197 5.1492e-157 3.1218e-129 8.2610e-58 1.0866e-56 4.1019e-50 5.1180e-48 ] 0.0000e+00 [ 0.0000e+00 ] 1.0000e+00
 5.678e+01 3.9995e-48 3.9995e-48 [ 3.1739e-197 2.1677e-157 1.4812e-129 6.7380e-58 8.9059e-57 3.1576e-50 3.9679e-48 ] 0.0000e+00 [ 0.0000e+00 ] 1.0000e+00
 5.689e+01 3.1004e-48 3.1004e-48 [ 1.1835e-197 9.1082e-158 7.0133e-130 5.4850e-58 7.2898e-57 2.4277e-50 3.0761e-48 ] 0.0000e+00 [ 0.0000e+00 ] 1.0000e+00
 5.701e+01 2.4032e-48 2.4032e-48 [ 4.4051e-198 3.8195e-158 3.3135e-130 4.4557e-58 5.9580e-57 1.8638e-50 2.3846e-48 ] 0.0000e+00 [ 0.0000e+00 ] 1.0000e+00
 5.712e+01 1.8626e-48 1.8626e-48 [ 1.6365e-198 1.5983e-158 1.5619e-130 3.6115e-58 4.8611e-57 1.4286e-50 1.8483e-48 ] 0.0000e+00 [ 0.0000e+00 ] 1.0000e+00
 5.723e+01 1.4434e-48 1.4434e-48 [ 6.0676e-199 6.6735e-159 7.3440e-131 2.9203e-58 3.9587e-57 1.0930e-50 1.4325e-48 ] 0.0000e+00 [ 0.0000e+00 ] 1.0000e+00
 5.735e+01 1.1183e-48 1.1183e-48 [ 2.2447e-199 2.7797e-159 3.4443e-131 2.3554e-58 3.2169e-57 8.3449e-51 1.1100e-48 ] 0.0000e+00 [ 0.0000e+00 ] 1.0000e+00
 5.746e+01 8.6628e-49 8.6628e-49 [ 8.2845e-200 1.1548e-159 1.6109e-131 1.8946e-58 2.6080e-57 6.3563e-51 8.5993e-49 ] 0.0000e+00 [ 0.0000e+00 ] 1.0000e+00
 5.757e+01 6.7083e-49 6.7083e-49 [ 3.0498e-200 4.7845e-160 7.5117e-132 1.5194e-58 2.1087e-57 4.8287e-51 6.6600e-49 ] 0.0000e+00 [ 0.0000e+00 ] 1.0000e+00
 5.769e+01 5.1928e-49 5.1928e-49 [ 1.1196e-200 1.9763e-160 3.4916e-132 1.2146e-58 1.7000e-57 3.6572e-51 5.1562e-49 ] 0.0000e+00 [ 0.0000e+00 ] 1.0000e+00
 5.780e+01 4.0176e-49 4.0176e-49 [ 4.0974e-201 8.1367e-161 1.6173e-132 9.6748e-59 1.3660e-57 2.7606e-51 3.9899e-49 ] 0.0000e+00 [ 0.0000e+00 ] 1.0000e+00
 5.791e+01 3.1062e-49 3.1062e-49 [ 1.4945e-201 3.3380e-161 7.4631e-133 7.6762e-59 1.0936e-57 2.0759e-51 3.0855e-49 ] 0.0000e+00 [ 0.0000e+00 ] 1.0000e+00
 5.803e+01 2.3995e-49 2.3995e-49 [ 5.4306e-202 1.3639e-161 3.4296e-133 6.0638e-59 8.7175e-58 1.5543e-51 2.3840e-49 ] 0.0000e+00 [ 0.0000e+00 ] 1.0000e+00
 5.814e+01 1.8514e-49 1.8514e-49 [ 1.9650e-202 5.5487e-162 1.5688e-133 4.7664e-59 6.9157e-58 1.1581e-51 1.8399e-49 ] 0.0000e+00 [ 0.0000e+00 ] 1.0000e+00
 5.825e+01 1.4264e-49 1.4264e-49 [ 7.0767e-203 2.2461e-162 7.1391e-134 3.7254e-59 5.4556e-58 8.5805e-52 1.4178e-49 ] 0.0000e+00 [ 0.0000e+00 ] 1.0000e+00
 5.837e+01 1.0966e-49 1.0966e-49 [ 2.5348e-203 9.0416e-163 3.2300e-134 2.8926e-59 4.2756e-58 6.3167e-52 1.0903e-49 ] 0.0000e+00 [ 0.0000e+00 ] 1.0000e+00
 5.848e+01 8.4077e-50 8.4077e-50 [ 9.0232e-204 3.6163e-163 1.4518e-134 2.2287e-59 3.3247e-58 4.6153e-52 8.3616e-50 ] 0.0000e+00 [ 0.0000e+00 ] 1.0000e+00
 5.859e+01 6.4220e-50 6.4220e-50 [ 3.1888e-204 1.4356e-163 6.4753e-135 1.7012e-59 2.5609e-58 3.3424e-52 6.3886e-50 ] 0.0000e+00 [ 0.0000e+00 ] 1.0000e+00
 5.871e+01 4.8798e-50 4.8798e-50 [ 1.1173e-204 5.6493e-164 2.8623e-135 1.2838e-59 1.9498e-58 2.3949e-52 4.8559e-50 ] 0.0000e+00 [ 0.0000e+00 ] 1.0000e+00
 5.882e+01 3.6811e-50 3.6811e-50 [ 3.8743e-205 2.1998e-164 1.2517e-135 9.5506e-60 1.4629e-58 1.6934e-52 3.6641e-50 ] 0.0000e+00 [ 0.0000e+00 ] 1.0000e+00
 5.893e+01 2.7481e-50 2.7481e-50 [ 1.3265e-205 8.4558e-165 5.4028e-136 6.9752e-60 1.0772e-58 1.1775e-52 2.7364e-50 ] 0.0000e+00 [ 0.0000e+00 ] 1.0000e+00
 5.905e+01 2.0208e-50 2.0208e-50 [ 4.4696e-206 3.1980e-165 2.2939e-136 4.9713e-60 7.7356e-59 8.0088e-53 2.0128e-50 ] 0.0000e+00 [ 0.0000e+00 ] 1.0000e+00
 5.916e+01 1.4526e-50 1.4526e-50 [ 1.4748e-206 1.1842e-165 9.5335e-137 3.4265e-60 5.3689e-59 5.2845e-53 1.4474e-50 ] 0.0000e+00 [ 0.0000e+00 ] 1.0000e+00
 5.927e+01 1.0082e-50 1.0082e-50 [ 4.7297e-207 4.2604e-166 3.8478e-137 2.2512e-60 3.5491e-59 3.3374e-53 1.0049e-50 ] 0.0000e+00 [ 0.0000e+00 ] 1.0000e+00
 5.939e+01 6.6101e-51 6.6101e-51 [ 1.4552e-207 1.4696e-166 1.4873e-137 1.3755e-60 2.1800e-59 1.9703e-53 6.5904e-51 ] 0.0000e+00 [ 0.0000e+00 ] 1.0000e+00
 5.950e+01 3.9253e-51 3.9253e-51 [ 4.1864e-208 4.7302e-167 5.3457e-138 7.4580e-61 1.1870e-59 1.0387e-53 3.9149e-51 ] 0.0000e+00 [ 0.0000e+00 ] 1.0000e+00
 5.961e+01 1.9209e-51 1.9209e-51 [ 1.0532e-208 1.3214e-167 1.6508e-138 3.2276e-61 5.1530e-60 4.4018e-54 1.9165e-51 ] 0.0000e+00 [ 0.0000e+00 ] 1.0000e+00
 5.973e+01 5.7910e-52 5.7910e-52 [ 1.7639e-209 2.4019e-168 3.2350e-139 7.9400e-62 1.2701e-60 1.0689e-54 5.7803e-52 ] 0.0000e+00 [ 0.0000e+00 ] 1.0000e+00
 5.984e+01 0.0000e+00 0.0000e+00 [ 0.0000e+00 0.0000e+00 0.0000e+00 0.0000e+00 0.0000e+00 0.0000e+00 0.0000e+00 ] 0.0000e+00 [ 0.0000e+00 ] 1.0000e+00
