 0.000e+00 0.0000e+00 0.0000e+00 [ 0.0000e+00 0.0000e+00 0.0000e+00 0.0000e+00 ] 0.0000e+00 [ 0.0000e+00 ] 1.0000e+00
 1.133e-01 7.3591e-03 7.3591e-03 [ 7.0060e-03 1.3912e-04 1.6008e-04 5.3859e-05 ] 0.0000e+00 [ 0.0000e+00 ] 9.9264e-01
 2.267e-01 1.3613e-02 1.3613e-02 [ 1.2217e-02 5.4627e-04 6.3647e-04 2.1384e-04 ] 0.0000e+00 [ 0.0000e+00 ] 9.8639e-01
 3.400e-01 1.9626e-02 1.9626e-02 [ 1.6542e-02 1.1908e-03 1.4162e-03 4.7697e-04 ] 0.0000e+00 [ 0.0000e+00 ] 9.8037e-01
 4.533e-01 2.5420e-02 2.5420e-02 [ 2.0081e-02 2.0243e-03 2.4759e-03 8.3888e-04 ] 0.0000e+00 [ 0.0000e+00 ] 9.7458e-01
 5.667e-01 3.1056e-02 3.1056e-02 [ 2.2995e-02 2.9857e-03 3.7819e-03 1.2935e-03 ] 0.0000e+00 [ 0.0000e+00 ] 9.6894e-01
 6.800e-01 3.6512e-02 3.6512e-02 [ 2.5379e-02 4.0088e-03 5.2915e-03 1.8328e-03 ] 0.0000e+00 [ 0.0000e+00 ] 9.6349e-01
 7.933e-01 4.1718e-02 4.1718e-02 [ 2.7286e-02 5.0293e-03 6.9549e-03 2.4471e-03 ] 0.0000e+00 [ 0.0000e+00 ] 9.5828e-01
 9.067e-01 4.6582e-02 4.6582e-02 [ 2.8748e-02 5.9911e-03 8.7183e-03 3.1246e-03 ] 0.0000e+00 [ 0.0000e+00 ] 9.5342e-01
 1.020e+00 5.1013e-02 5.1013e-02 [ 2.9784e-02 6.8503e-03 1.0526e-02 3.8524e-03 ] 0.0000e+00 [ 0.0000e+00 ] 9.4899e-01
 1.133e+00 5.4933e-02 5.4933e-02 [ 3.0413e-02 7.5776e-03 1.2326e-02 4.6164e-03 ] 0.0000e+00 [ 0.0000e+00 ] 9.4507e-01
 1.247e+00 5.8285e-02 5.8285e-02 [ 3.0657e-02 8.1582e-03 1.4068e-02 5.4022e-03 ] 0.0000e+00 [ 0.0000e+00 ] 9.4172e-01
 1.360e+00 6.1039e-02 6.1039e-02 [ 3.0545e-02 8.5898e-03 1.5709e-02 6.1953e-03 ] 0.0000e+00 [ 0.0000e+00 ] 9.3896e-01
 1.473e+00 6.3194e-02 6.3194e-02 [ 3.0114e-02 8.8806e-03 1.7217e-02 6.9819e-03 ] 0.0000e+00 [ 0.0000e+00 ] 9.3681e-01
 1.587e+00 6.4771e-02 6.4771e-02 [ 2.9410e-02 9.0458e-03 1.8566e-02 7.7492e-03 ] 0.0000e+00 [ 0.0000e+00 ] 9.3523e-01
 1.700e+00 6.5811e-02 6.5811e-02 [ 2.8481e-02 9.1048e-03 1.9740e-02 8.4859e-03 ] 0.0000e+00 [ 0.0000e+00 ] 9.3419e-01
 1.813e+00 6.6370e-02 6.6370e-02 [ 2.7378e-02 9.0787e-03 2.0730e-02 9.1825e-03 ] 0.0000e+00 [ 0.0000e+00 ] 9.3363e-01
 1.927e+00 6.6510e-02 6.6510e-02 [ 2.6153e-02 8.9884e-03 2.1538e-02 9.8310e-03 ] 0.0000e+00 [ 0.0000e+00 ] 9.3349e-01
 2.040e+00 6.6299e-02 6.6299e-02 [ 2.4851e-02 8.8535e-03 2.2169e-02 1.0426e-02 ] 0.0000e+00 [ 0.0000e+00 ] 9.3370e-01
 2.153e+00 6.5801e-02 6.5801e-02 [ 2.3514e-02 8.6907e-03 2.2633e-02 1.0963e-02 ] 0.0000e+00 [ 0.0000e+00 ] 9.3420e-01
 2.267e+00 6.5077e-02 6.5077e-02 [ 2.2177e-02 8.5142e-03 2.2946e-02 1.1440e-02 ] 0.0000e+00 [ 0.0000e+00 ] 9.3492e-01
 2.380e+00 6.4182e-02 6.4182e-02 [ 2.0868e-02 8.3353e-03 2.3123e-02 1.1856e-02 ] 0.0000e+00 [ 0.0000e+00 ] 9.3582e-01
 2.493e+00 6.3162e-02 6.3162e-02 [ 1.9605e-02 8.1626e-03 2.3182e-02 1.2212e-02 ] 0.0000e+00 [ 0.0000e+00 ] 9.3684e-01
 2.607e+00 6.2055e-02 6.2055e-02 [ 1.8402e-02 8.0023e-03 2.3141e-02 1.2509e-02 ] 0.0000e+00 [ 0.0000e+00 ] 9.3794e-01
 2.720e+00 6.0894e-02 6.0894e-02 [ 1.7268e-02 7.8586e-03 2.3017e-02 1.2750e-02 ] 0.0000e+00 [ 0.0000e+00 ] 9.3911e-01
 2.833e+00 5.9702e-02 5.9702e-02 [ 1.6205e-02 7.7339e-03 2.2826e-02 1.2937e-02 ] 0.0000e+00 [ 0.0000e+00 ] 9.4030e-01
 2.947e+00 5.8499e-02 5.8499e-02 [ 1.5213e-02 7.6293e-03 2.2583e-02 1.3074e-02 ] 0.0000e+00 [ 0.0000e+00 ] 9.4150e-01
 3.060e+00 5.7300e-02 5.7300e-02 [ 1.4290e-02 7.5450e-03 2.2301e-02 1.3164e-02 ] 0.0000e+00 [ 0.0000e+00 ] 9.4270e-01
 3.173e+00 5.6115e-02 5.6115e-02 [ 1.3430e-02 7.4803e-03 2.1993e-02 1.3212e-02 ] 0.0000e+00 [ 0.0000e+00 ] 9.4389e-01
 3.287e+00 5.4951e-02 5.4951e-02 [ 1.2628e-02 7.4338e-03 2.1667e-02 1.3221e-02 ] 0.0000e+00 [ 0.0000e+00 ] 9.4505e-01
 3.400e+00 5.3815e-02 5.3815e-02 [ 1.1880e-02 7.4040e-03 2.1334e-02 1.3196e-02 ] 0.0000e+00 [ 0.0000e+00 ] 9.4619e-01
 3.513e+00 5.2710e-02 5.2710e-02 [ 1.1179e-02 7.3890e-03 2.1001e-02 1.3141e-02 ] 0.0000e+00 [ 0.0000e+00 ] 9.4729e-01
 3.627e+00 5.1639e-02 5.1639e-02 [ 1.0520e-02 7.3869e-03 2.0674e-02 1.3059e-02 ] 0.0000e+00 [ 0.0000e+00 ] 9.4836e-01
 3.740e+00 5.0605e-02 5.0605e-02 [ 9.8987e-03 7.3955e-03 2.0358e-02 1.2954e-02 ] 0.0000e+00 [ 0.0000e+00 ] 9.4939e-01
 3.853e+00 4.9610e-02 4.9610e-02 [ 9.3109e-03 7.4129e-03 2.0057e-02 1.2829e-02 ] 0.0000e+00 [ 0.0000e+00 ] 9.5039e-01
 3.967e+00 4.8653e-02 4.8653e-02 [ 8.7533e-03 7.4371e-03 1.9775e-02 1.2688e-02 ] 0.0000e+00 [ 0.0000e+00 ] 9.5135e-01
 4.080e+00 4.7737e-02 4.7737e-02 [ 8.2228e-03 7.4662e-03 1.9514e-02 1.2534e-02 ] 0.0000e+00 [ 0.0000e+00 ] 9.5226e-01
 4.193e+00 4.6862e-02 4.6862e-02 [ 7.7172e-03 7.4986e-03 1.9277e-02 1.2369e-02 ] 0.0000e+00 [ 0.0000e+00 ] 9.5314e-01
 4.307e+00 4.6028e-02 4.6028e-02 [ 7.2346e-03 7.5325e-03 1.9064e-02 1.2198e-02 ] 0.0000e+00 [ 0.0000e+00 ] 9.5397e-01
 4.420e+00 4.5237e-02 4.5237e-02 [ 6.7735e-03 7.5664e-03 1.8877e-02 1.2020e-02 ] 0.0000e+00 [ 0.0000e+00 ] 9.5476e-01
 4.533e+00 4.4488e-02 4.4488e-02 [ 6.3327e-03 7.5991e-03 1.8716e-02 1.1841e-02 ] 0.0000e+00 [ 0.0000e+00 ] 9.5551e-01
 4.647e+00 4.3781e-02 4.3781e-02 [ 5.9112e-03 7.6293e-03 1.8581e-02 1.1660e-02 ] 0.0000e+00 [ 0.0000e+00 ] 9.5622e-01
 4.760e+00 4.3117e-02 4.3117e-02 [ 5.5085e-03 7.6558e-03 1.8473e-02 1.1480e-02 ] 0.0000e+00 [ 0.0000e+00 ] 9.5688e-01
 4.873e+00 4.2496e-02 4.2496e-02 [ 5.1239e-03 7.6778e-03 1.8392e-02 1.1303e-02 ] 0.0000e+00 [ 0.0000e+00 ] 9.5750e-01
 4.987e+00 4.1917e-02 4.1917e-02 [ 4.7570e-03 7.6944e-03 1.8336e-02 1.1130e-02 ] 0.0000e+00 [ 0.0000e+00 ] 9.5808e-01
 5.100e+00 4.1380e-02 4.1380e-02 [ 4.4075e-03 7.7047e-03 1.8306e-02 1.0962e-02 ] 0.0000e+00 [ 0.0000e+00 ] 9.5862e-01
 5.213e+00 4.0884e-02 4.0884e-02 [ 4.0751e-03 7.7083e-03 1.8300e-02 1.0801e-02 ] 0.0000e+00 [ 0.0000e+00 ] 9.5912e-01
 5.327e+00 4.0430e-02 4.0430e-02 [ 3.7594e-03 7.7046e-03 1.8319e-02 1.0647e-02 ] 0.0000e+00 [ 0.0000e+00 ] 9.5957e-01
 5.440e+00 4.0016e-02 4.0016e-02 [ 3.4603e-03 7.6931e-03 1.8362e-02 1.0501e-02 ] 0.0000e+00 [ 0.0000e+00 ] 9.5998e-01
 5.553e+00 3.9643e-02 3.9643e-02 [ 3.1774e-03 7.6734e-03 1.8427e-02 1.0365e-02 ] 0.0000e+00 [ 0.0000e+00 ] 9.6036e-01
 5.667e+00 3.9308e-02 3.9308e-02 [ 2.9106e-03 7.6455e-03 1.8514e-02 1.0239e-02 ] 0.0000e+00 [ 0.0000e+00 ] 9.6069e-01
 5.780e+00 3.9013e-02 3.9013e-02 [ 2.6594e-03 7.6089e-03 1.8622e-02 1.0122e-02 ] 0.0000e+00 [ 0.0000e+00 ] 9.6099e-01
 5.893e+00 3.8754e-02 3.8754e-02 [ 2.4237e-03 7.5637e-03 1.8750e-02 1.0017e-02 ] 0.0000e+00 [ 0.0000e+00 ] 9.6125e-01
 6.007e+00 3.8533e-02 3.8533e-02 [ 2.2029e-03 7.5097e-03 1.8898e-02 9.9225e-03 ] 0.0000e+00 [ 0.0000e+00 ] 9.6147e-01
 6.120e+00 3.8348e-02 3.8348e-02 [ 1.9969e-03 7.4471e-03 1.9064e-02 9.8395e-03 ] 0.0000e+00 [ 0.0000e+00 ] 9.6165e-01
 6.233e+00 3.8198e-02 3.8198e-02 [ 1.8050e-03 7.3758e-03 1.9249e-02 9.7681e-03 ] 0.0000e+00 [ 0.0000e+00 ] 9.6180e-01
 6.347e+00 3.8081e-02 3.8081e-02 [ 1.6270e-03 7.2960e-03 1.9450e-02 9.7087e-03 ] 0.0000e+00 [ 0.0000e+00 ] 9.6192e-01
 6.460e+00 3.7998e-02 3.7998e-02 [ 1.4622e-03 7.2078e-03 1.9667e-02 9.6612e-03 ] 0.0000e+00 [ 0.0000e+00 ] 9.6200e-01
 6.573e+00 3.7947e-02 3.7947e-02 [ 1.3102e-03 7.1116e-03 1.9900e-02 9.6259e-03 ] 0.0000e+00 [ 0.0000e+00 ] 9.6205e-01
 6.687e+00 3.7927e-02 3.7927e-02 [ 1.1704e-03 7.0075e-03 2.0147e-02 9.6028e-03 ] 0.0000e+00 [ 0.0000e+00 ] 9.6207e-01
 6.800e+00 3.7938e-02 3.7938e-02 [ 1.0423e-03 6.8959e-03 2.0408e-02 9.5919e-03 ] 0.0000e+00 [ 0.0000e+00 ] 9.6206e-01
 6.913e+00 3.7977e-02 3.7977e-02 [ 9.2537e-04 6.7770e-03 2.0681e-02 9.5934e-03 ] 0.0000e+00 [ 0.0000e+00 ] 9.6202e-01
 7.027e+00 3.8045e-02 3.8045e-02 [ 8.1889e-04 6.6514e-03 2.0967e-02 9.6073e-03 ] 0.0000e+00 [ 0.0000e+00 ] 9.6196e-01
 7.140e+00 3.8139e-02 3.8139e-02 [ 7.2232e-04 6.5193e-03 2.1264e-02 9.6335e-03 ] 0.0000e+00 [ 0.0000e+00 ] 9.6186e-01
 7.253e+00 3.8260e-02 3.8260e-02 [ 6.3505e-04 6.3812e-03 2.1572e-02 9.6721e-03 ] 0.0000e+00 [ 0.0000e+00 ] 9.6174e-01
 7.367e+00 3.8406e-02 3.8406e-02 [ 5.5646e-04 6.2375e-03 2.1889e-02 9.7230e-03 ] 0.0000e+00 [ 0.0000e+00 ] 9.6159e-01
 7.480e+00 3.8576e-02 3.8576e-02 [ 4.8595e-04 6.0888e-03 2.2215e-02 9.7862e-03 ] 0.0000e+00 [ 0.0000e+00 ] 9.6142e-01
 7.593e+00 3.8769e-02 3.8769e-02 [ 4.2293e-04 5.9354e-03 2.2549e-02 9.8616e-03 ] 0.0000e+00 [ 0.0000e+00 ] 9.6123e-01
 7.707e+00 3.8983e-02 3.8983e-02 [ 3.6682e-04 5.7779e-03 2.2889e-02 9.9493e-03 ] 0.0000e+00 [ 0.0000e+00 ] 9.6102e-01
 7.820e+00 3.9219e-02 3.9219e-02 [ 3.1704e-04 5.6167e-03 2.3237e-02 1.0049e-02 ] 0.0000e+00 [ 0.0000e+00 ] 9.6078e-01
 7.933e+00 3.9475e-02 3.9475e-02 [ 2.7307e-04 5.4523e-03 2.3589e-02 1.0161e-02 ] 0.0000e+00 [ 0.0000e+00 ] 9.6052e-01
 8.047e+00 3.9750e-02 3.9750e-02 [ 2.3436e-04 5.2854e-03 2.3946e-02 1.0285e-02 ] 0.0000e+00 [ 0.0000e+00 ] 9.6025e-01
 8.160e+00 4.0043e-02 4.0043e-02 [ 2.0042e-04 5.1162e-03 2.4306e-02 1.0421e-02 ] 0.0000e+00 [ 0.0000e+00 ] 9.5996e-01
 8.273e+00 4.0353e-02 4.0353e-02 [ 1.7079e-04 4.9454e-03 2.4669e-02 1.0568e-02 ] 0.0000e+00 [ 0.0000e+00 ] 9.5965e-01
 8.387e+00 4.0679e-02 4.0679e-02 [ 1.4502e-04 4.7734e-03 2.5033e-02 1.0728e-02 ] 0.0000e+00 [ 0.0000e+00 ] 9.5932e-01
 8.500e+00 4.1020e-02 4.1020e-02 [ 1.2269e-04 4.6008e-03 2.5398e-02 1.0898e-02 ] 0.0000e+00 [ 0.0000e+00 ] 9.5898e-01
 8.613e+00 4.1375e-02 4.1375e-02 [ 1.0343e-04 4.4279e-03 2.5763e-02 1.1081e-02 ] 0.0000e+00 [ 0.0000e+00 ] 9.5862e-01
 8.727e+00 4.1743e-02 4.1743e-02 [ 8.6871e-05 4.2552e-03 2.6127e-02 1.1274e-02 ] 0.0000e+00 [ 0.0000e+00 ] 9.5826e-01
 8.840e+00 4.2123e-02 4.2123e-02 [ 7.2703e-05 4.0832e-03 2.6489e-02 1.1479e-02 ] 0.0000e+00 [ 0.0000e+00 ] 9.5788e-01
 8.953e+00 4.2514e-02 4.2514e-02 [ 6.0625e-05 3.9123e-03 2.6847e-02 1.1694e-02 ] 0.0000e+00 [ 0.0000e+00 ] 9.5749e-01
 9.067e+00 4.2915e-02 4.2915e-02 [ 5.0371e-05 3.7429e-03 2.7201e-02 1.1920e-02 ] 0.0000e+00 [ 0.0000e+00 ] 9.5709e-01
 9.180e+00 4.3324e-02 4.3324e-02 [ 4.1700e-05 3.5755e-03 2.7551e-02 1.2157e-02 ] 0.0000e+00 [ 0.0000e+00 ] 9.5668e-01
 9.293e+00 4.3742e-02 4.3742e-02 [ 3.4397e-05 3.4102e-03 2.7894e-02 1.2403e-02 ] 0.0000e+00 [ 0.0000e+00 ] 9.5626e-01
 9.407e+00 4.4166e-02 4.4166e-02 [ 2.8271e-05 3.2476e-03 2.8231e-02 1.2659e-02 ] 0.0000e+00 [ 0.0000e+00 ] 9.5583e-01
 9.520e+00 4.4596e-02 4.4596e-02 [ 2.3153e-05 3.0880e-03 2.8560e-02 1.2925e-02 ] 0.0000e+00 [ 0.0000e+00 ] 9.5540e-01
 9.633e+00 4.5031e-02 4.5031e-02 [ 1.8894e-05 2.9316e-03 2.8881e-02 1.3200e-02 ] 0.0000e+00 [ 0.0000e+00 ] 9.5497e-01
 9.747e+00 4.5470e-02 4.5470e-02 [ 1.5363e-05 2.7787e-03 2.9192e-02 1.3484e-02 ] 0.0000e+00 [ 0.0000e+00 ] 9.5453e-01
 9.860e+00 4.5911e-02 4.5911e-02 [ 1.2449e-05 2.6296e-03 2.9493e-02 1.3776e-02 ] 0.0000e+00 [ 0.0000e+00 ] 9.5409e-01
 9.973e+00 4.6354e-02 4.6354e-02 [ 1.0051e-05 2.4845e-03 2.9784e-02 1.4075e-02 ] 0.0000e+00 [ 0.0000e+00 ] 9.5365e-01
 1.009e+01 4.6797e-02 4.6797e-02 [ 8.0874e-06 2.3436e-03 3.0062e-02 1.4383e-02 ] 0.0000e+00 [ 0.0000e+00 ] 9.5320e-01
 1.020e+01 4.7240e-02 4.7240e-02 [ 6.4846e-06 2.2071e-03 3.0329e-02 1.4697e-02 ] 0.0000e+00 [ 0.0000e+00 ] 9.5276e-01
 1.031e+01 4.7682e-02 4.7682e-02 [ 5.1816e-06 2.0752e-03 3.0583e-02 1.5018e-02 ] 0.0000e+00 [ 0.0000e+00 ] 9.5232e-01
 1.043e+01 4.8121e-02 4.8121e-02 [ 4.1263e-06 1.9479e-03 3.0824e-02 1.5346e-02 ] 0.0000e+00 [ 0.0000e+00 ] 9.5188e-01
 1.054e+01 4.8557e-02 4.8557e-02 [ 3.2748e-06 1.8254e-03 3.1051e-02 1.5678e-02 ] 0.0000e+00 [ 0.0000e+00 ] 9.5144e-01
 1.065e+01 4.8989e-02 4.8989e-02 [ 2.5903e-06 1.7077e-03 3.1263e-02 1.6016e-02 ] 0.0000e+00 [ 0.0000e+00 ] 9.5101e-01
 1.077e+01 4.9416e-02 4.9416e-02 [ 2.0420e-06 1.5950e-03 3.1461e-02 1.6358e-02 ] 0.0000e+00 [ 0.0000e+00 ] 9.5058e-01
 1.088e+01 4.9837e-02 4.9837e-02 [ 1.6045e-06 1.4871e-03 3.1645e-02 1.6704e-02 ] 0.0000e+00 [ 0.0000e+00 ] 9.5016e-01
 1.099e+01 5.0251e-02 5.0251e-02 [ 1.2566e-06 1.3842e-03 3.1813e-02 1.7053e-02 ] 0.0000e+00 [ 0.0000e+00 ] 9.4975e-01
 1.111e+01 5.0658e-02 5.0658e-02 [ 9.8091e-07 1.2863e-03 3.1966e-02 1.7405e-02 ] 0.0000e+00 [ 0.0000e+00 ] 9.4934e-01
 1.122e+01 5.1056e-02 5.1056e-02 [ 7.6327e-07 1.1932e-03 3.2103e-02 1.7759e-02 ] 0.0000e+00 [ 0.0000e+00 ] 9.4894e-01
 1.133e+01 5.1445e-02 5.1445e-02 [ 5.9203e-07 1.1049e-03 3.2225e-02 1.8115e-02 ] 0.0000e+00 [ 0.0000e+00 ] 9.4855e-01
 1.145e+01 5.1825e-02 5.1825e-02 [ 4.5776e-07 1.0214e-03 3.2331e-02 1.8472e-02 ] 0.0000e+00 [ 0.0000e+00 ] 9.4818e-01
 1.156e+01 5.2194e-02 5.2194e-02 [ 3.5284e-07 9.4261e-04 3.2423e-02 1.8829e-02 ] 0.0000e+00 [ 0.0000e+00 ] 9.4781e-01
 1.167e+01 5.2553e-02 5.2553e-02 [ 2.7113e-07 8.6837e-04 3.2498e-02 1.9186e-02 ] 0.0000e+00 [ 0.0000e+00 ] 9.4745e-01
 1.179e+01 5.2900e-02 5.2900e-02 [ 2.0771e-07 7.9857e-04 3.2559e-02 1.9542e-02 ] 0.0000e+00 [ 0.0000e+00 ] 9.4710e-01
 1.190e+01 5.3235e-02 5.3235e-02 [ 1.5864e-07 7.3310e-04 3.2605e-02 1.9897e-02 ] 0.0000e+00 [ 0.0000e+00 ] 9.4676e-01
 1.201e+01 5.3558e-02 5.3558e-02 [ 1.2080e-07 6.7182e-04 3.2636e-02 2.0250e-02 ] 0.0000e+00 [ 0.0000e+00 ] 9.4644e-01
 1.213e+01 5.3869e-02 5.3869e-02 [ 9.1709e-08 6.1458e-04 3.2653e-02 2.0601e-02 ] 0.0000e+00 [ 0.0000e+00 ] 9.4613e-01
 1.224e+01 5.4166e-02 5.4166e-02 [ 6.9421e-08 5.6123e-04 3.2655e-02 2.0950e-02 ] 0.0000e+00 [ 0.0000e+00 ] 9.4583e-01
 1.235e+01 5.4451e-02 5.4451e-02 [ 5.2397e-08 5.1160e-04 3.2645e-02 2.1295e-02 ] 0.0000e+00 [ 0.0000e+00 ] 9.4555e-01
 1.247e+01 5.4722e-02 5.4722e-02 [ 3.9433e-08 4.6554e-04 3.2621e-02 2.1636e-02 ] 0.0000e+00 [ 0.0000e+00 ] 9.4528e-01
 1.258e+01 5.4980e-02 5.4980e-02 [ 2.9592e-08 4.2287e-04 3.2584e-02 2.1974e-02 ] 0.0000e+00 [ 0.0000e+00 ] 9.4502e-01
 1.269e+01 5.5225e-02 5.5225e-02 [ 2.2144e-08 3.8343e-04 3.2535e-02 2.2307e-02 ] 0.0000e+00 [ 0.0000e+00 ] 9.4478e-01
 1.281e+01 5.5455e-02 5.5455e-02 [ 1.6524e-08 3.4705e-04 3.2474e-02 2.2635e-02 ] 0.0000e+00 [ 0.0000e+00 ] 9.4454e-01
 1.292e+01 5.5673e-02 5.5673e-02 [ 1.2296e-08 3.1356e-04 3.2401e-02 2.2958e-02 ] 0.0000e+00 [ 0.0000e+00 ] 9.4433e-01
 1.303e+01 5.5876e-02 5.5876e-02 [ 9.1246e-09 2.8280e-04 3.2318e-02 2.3275e-02 ] 0.0000e+00 [ 0.0000e+00 ] 9.4412e-01
 1.315e+01 5.6066e-02 5.6066e-02 [ 6.7526e-09 2.5459e-04 3.2225e-02 2.3587e-02 ] 0.0000e+00 [ 0.0000e+00 ] 9.4393e-01
 1.326e+01 5.6243e-02 5.6243e-02 [ 4.9836e-09 2.2879e-04 3.2121e-02 2.3893e-02 ] 0.0000e+00 [ 0.0000e+00 ] 9.4376e-01
 1.337e+01 5.6406e-02 5.6406e-02 [ 3.6682e-09 2.0524e-04 3.2009e-02 2.4192e-02 ] 0.0000e+00 [ 0.0000e+00 ] 9.4359e-01
 1.349e+01 5.6556e-02 5.6556e-02 [ 2.6927e-09 1.8378e-04 3.1888e-02 2.4485e-02 ] 0.0000e+00 [ 0.0000e+00 ] 9.4344e-01
 1.360e+01 5.6694e-02 5.6694e-02 [ 1.9714e-09 1.6427e-04 3.1758e-02 2.4772e-02 ] 0.0000e+00 [ 0.0000e+00 ] 9.4331e-01
 1.371e+01 5.6819e-02 5.6819e-02 [ 1.4395e-09 1.4656e-04 3.1621e-02 2.5051e-02 ] 0.0000e+00 [ 0.0000e+00 ] 9.4318e-01
 1.383e+01 5.6931e-02 5.6931e-02 [ 1.0484e-09 1.3053e-04 3.1476e-02 2.5324e-02 ] 0.0000e+00 [ 0.0000e+00 ] 9.4307e-01
 1.394e+01 5.7031e-02 5.7031e-02 [ 7.6155e-10 1.1604e-04 3.1325e-02 2.5590e-02 ] 0.0000e+00 [ 0.0000e+00 ] 9.4297e-01
 1.405e+01 5.7119e-02 5.7119e-02 [ 5.5176e-10 1.0297e-04 3.1167e-02 2.5849e-02 ] 0.0000e+00 [ 0.0000e+00 ] 9.4288e-01
 1.417e+01 5.7196e-02 5.7196e-02 [ 3.9874e-10 9.1204e-05 3.1004e-02 2.6101e-02 ] 0.0000e+00 [ 0.0000e+00 ] 9.4280e-01
 1.428e+01 5.7261e-02 5.7261e-02 [ 2.8743e-10 8.0638e-05 3.0835e-02 2.6346e-02 ] 0.0000e+00 [ 0.0000e+00 ] 9.4274e-01
 1.439e+01 5.7315e-02 5.7315e-02 [ 2.0666e-10 7.1166e-05 3.0661e-02 2.6583e-02 ] 0.0000e+00 [ 0.0000e+00 ] 9.4268e-01
 1.451e+01 5.7359e-02 5.7359e-02 [ 1.4822e-10 6.2692e-05 3.0482e-02 2.6814e-02 ] 0.0000e+00 [ 0.0000e+00 ] 9.4264e-01
 1.462e+01 5.7392e-02 5.7392e-02 [ 1.0604e-10 5.5125e-05 3.0300e-02 2.7037e-02 ] 0.0000e+00 [ 0.0000e+00 ] 9.4261e-01
 1.473e+01 5.7415e-02 5.7415e-02 [ 7.5674e-11 4.8384e-05 3.0113e-02 2.7254e-02 ] 0.0000e+00 [ 0.0000e+00 ] 9.4258e-01
 1.485e+01 5.7429e-02 5.7429e-02 [ 5.3871e-11 4.2388e-05 2.9924e-02 2.7463e-02 ] 0.0000e+00 [ 0.0000e+00 ] 9.4257e-01
 1.496e+01 5.7433e-02 5.7433e-02 [ 3.8256e-11 3.7068e-05 2.9730e-02 2.7666e-02 ] 0.0000e+00 [ 0.0000e+00 ] 9.4257e-01
 1.507e+01 5.7429e-02 5.7429e-02 [ 2.7101e-11 3.2355e-05 2.9535e-02 2.7862e-02 ] 0.0000e+00 [ 0.0000e+00 ] 9.4257e-01
 1.519e+01 5.7415e-02 5.7415e-02 [ 1.9153e-11 2.8190e-05 2.9336e-02 2.8051e-02 ] 0.0000e+00 [ 0.0000e+00 ] 9.4258e-01
 1.530e+01 5.7393e-02 5.7393e-02 [ 1.3503e-11 2.4515e-05 2.9136e-02 2.8233e-02 ] 0.0000e+00 [ 0.0000e+00 ] 9.4261e-01
 1.541e+01 5.7364e-02 5.7364e-02 [ 9.4966e-12 2.1280e-05 2.8933e-02 2.8409e-02 ] 0.0000e+00 [ 0.0000e+00 ] 9.4264e-01
 1.553e+01 5.7326e-02 5.7326e-02 [ 6.6633e-12 1.8437e-05 2.8729e-02 2.8579e-02 ] 0.0000e+00 [ 0.0000e+00 ] 9.4267e-01
 1.564e+01 5.7281e-02 5.7281e-02 [ 4.6642e-12 1.5945e-05 2.8523e-02 2.8742e-02 ] 0.0000e+00 [ 0.0000e+00 ] 9.4272e-01
 1.575e+01 5.7229e-02 5.7229e-02 [ 3.2572e-12 1.3764e-05 2.8316e-02 2.8900e-02 ] 0.0000e+00 [ 0.0000e+00 ] 9.4277e-01
 1.587e+01 5.7171e-02 5.7171e-02 [ 2.2694e-12 1.1859e-05 2.8107e-02 2.9051e-02 ] 0.0000e+00 [ 0.0000e+00 ] 9.4283e-01
 1.598e+01 5.7105e-02 5.7105e-02 [ 1.5774e-12 1.0198e-05 2.7898e-02 2.9197e-02 ] 0.0000e+00 [ 0.0000e+00 ] 9.4289e-01
 1.609e+01 5.7034e-02 5.7034e-02 [ 1.0939e-12 8.7540e-06 2.7688e-02 2.9337e-02 ] 0.0000e+00 [ 0.0000e+00 ] 9.4297e-01
 1.621e+01 5.6956e-02 5.6956e-02 [ 7.5691e-13 7.5001e-06 2.7478e-02 2.9471e-02 ] 0.0000e+00 [ 0.0000e+00 ] 9.4304e-01
 1.632e+01 5.6873e-02 5.6873e-02 [ 5.2252e-13 6.4138e-06 2.7266e-02 2.9600e-02 ] 0.0000e+00 [ 0.0000e+00 ] 9.4313e-01
 1.643e+01 5.6785e-02 5.6785e-02 [ 3.5989e-13 5.4745e-06 2.7055e-02 2.9724e-02 ] 0.0000e+00 [ 0.0000e+00 ] 9.4322e-01
 1.655e+01 5.6691e-02 5.6691e-02 [ 2.4732e-13 4.6640e-06 2.6843e-02 2.9843e-02 ] 0.0000e+00 [ 0.0000e+00 ] 9.4331e-01
 1.666e+01 5.6592e-02 5.6592e-02 [ 1.6958e-13 3.9660e-06 2.6631e-02 2.9957e-02 ] 0.0000e+00 [ 0.0000e+00 ] 9.4341e-01
 1.677e+01 5.6489e-02 5.6489e-02 [ 1.1602e-13 3.3661e-06 2.6419e-02 3.0066e-02 ] 0.0000e+00 [ 0.0000e+00 ] 9.4351e-01
 1.689e+01 5.6381e-02 5.6381e-02 [ 7.9201e-14 2.8516e-06 2.6207e-02 3.0171e-02 ] 0.0000e+00 [ 0.0000e+00 ] 9.4362e-01
 1.700e+01 5.6269e-02 5.6269e-02 [ 5.3947e-14 2.4111e-06 2.5996e-02 3.0271e-02 ] 0.0000e+00 [ 0.0000e+00 ] 9.4373e-01
 1.711e+01 5.6153e-02 5.6153e-02 [ 3.6665e-14 2.0348e-06 2.5784e-02 3.0367e-02 ] 0.0000e+00 [ 0.0000e+00 ] 9.4385e-01
 1.723e+01 5.6032e-02 5.6032e-02 [ 2.4865e-14 1.7140e-06 2.5572e-02 3.0458e-02 ] 0.0000e+00 [ 0.0000e+00 ] 9.4397e-01
 1.734e+01 5.5908e-02 5.5908e-02 [ 1.6827e-14 1.4410e-06 2.5361e-02 3.0546e-02 ] 0.0000e+00 [ 0.0000e+00 ] 9.4409e-01
 1.745e+01 5.5781e-02 5.5781e-02 [ 1.1362e-14 1.2092e-06 2.5151e-02 3.0629e-02 ] 0.0000e+00 [ 0.0000e+00 ] 9.4422e-01
 1.757e+01 5.5650e-02 5.5650e-02 [ 7.6563e-15 1.0128e-06 2.4940e-02 3.0709e-02 ] 0.0000e+00 [ 0.0000e+00 ] 9.4435e-01
 1.768e+01 5.5516e-02 5.5516e-02 [ 5.1481e-15 8.4662e-07 2.4730e-02 3.0785e-02 ] 0.0000e+00 [ 0.0000e+00 ] 9.4448e-01
 1.779e+01 5.5379e-02 5.5379e-02 [ 3.4543e-15 7.0639e-07 2.4521e-02 3.0858e-02 ] 0.0000e+00 [ 0.0000e+00 ] 9.4462e-01
 1.791e+01 5.5239e-02 5.5239e-02 [ 2.3129e-15 5.8826e-07 2.4312e-02 3.0927e-02 ] 0.0000e+00 [ 0.0000e+00 ] 9.4476e-01
 1.802e+01 5.5096e-02 5.5096e-02 [ 1.5455e-15 4.8895e-07 2.4103e-02 3.0993e-02 ] 0.0000e+00 [ 0.0000e+00 ] 9.4490e-01
 1.813e+01 5.4951e-02 5.4951e-02 [ 1.0305e-15 4.0563e-07 2.3895e-02 3.1056e-02 ] 0.0000e+00 [ 0.0000e+00 ] 9.4505e-01
 1.825e+01 5.4803e-02 5.4803e-02 [ 6.8576e-16 3.3587e-07 2.3688e-02 3.1115e-02 ] 0.0000e+00 [ 0.0000e+00 ] 9.4520e-01
 1.836e+01 5.4653e-02 5.4653e-02 [ 4.5540e-16 2.7757e-07 2.3481e-02 3.1172e-02 ] 0.0000e+00 [ 0.0000e+00 ] 9.4535e-01
 1.847e+01 5.4501e-02 5.4501e-02 [ 3.0181e-16 2.2896e-07 2.3274e-02 3.1226e-02 ] 0.0000e+00 [ 0.0000e+00 ] 9.4550e-01
 1.859e+01 5.4346e-02 5.4346e-02 [ 1.9962e-16 1.8850e-07 2.3069e-02 3.1277e-02 ] 0.0000e+00 [ 0.0000e+00 ] 9.4565e-01
 1.870e+01 5.4189e-02 5.4189e-02 [ 1.3177e-16 1.5489e-07 2.2863e-02 3.1326e-02 ] 0.0000e+00 [ 0.0000e+00 ] 9.4581e-01
 1.881e+01 5.4031e-02 5.4031e-02 [ 8.6807e-17 1.2703e-07 2.2659e-02 3.1372e-02 ] 0.0000e+00 [ 0.0000e+00 ] 9.4597e-01
 1.893e+01 5.3871e-02 5.3871e-02 [ 5.7074e-17 1.0398e-07 2.2455e-02 3.1416e-02 ] 0.0000e+00 [ 0.0000e+00 ] 9.4613e-01
 1.904e+01 5.3708e-02 5.3708e-02 [ 3.7451e-17 8.4952e-08 2.2251e-02 3.1457e-02 ] 0.0000e+00 [ 0.0000e+00 ] 9.4629e-01
 1.915e+01 5.3545e-02 5.3545e-02 [ 2.4527e-17 6.9273e-08 2.2048e-02 3.1496e-02 ] 0.0000e+00 [ 0.0000e+00 ] 9.4646e-01
 1.927e+01 5.3379e-02 5.3379e-02 [ 1.6032e-17 5.6380e-08 2.1846e-02 3.1533e-02 ] 0.0000e+00 [ 0.0000e+00 ] 9.4662e-01
 1.938e+01 5.3213e-02 5.3213e-02 [ 1.0459e-17 4.5798e-08 2.1644e-02 3.1568e-02 ] 0.0000e+00 [ 0.0000e+00 ] 9.4679e-01
 1.949e+01 5.3044e-02 5.3044e-02 [ 6.8105e-18 3.7132e-08 2.1443e-02 3.1601e-02 ] 0.0000e+00 [ 0.0000e+00 ] 9.4696e-01
 1.961e+01 5.2875e-02 5.2875e-02 [ 4.4262e-18 3.0047e-08 2.1243e-02 3.1632e-02 ] 0.0000e+00 [ 0.0000e+00 ] 9.4713e-01
 1.972e+01 5.2704e-02 5.2704e-02 [ 2.8712e-18 2.4268e-08 2.1043e-02 3.1661e-02 ] 0.0000e+00 [ 0.0000e+00 ] 9.4730e-01
 1.983e+01 5.2532e-02 5.2532e-02 [ 1.8591e-18 1.9563e-08 2.0843e-02 3.1689e-02 ] 0.0000e+00 [ 0.0000e+00 ] 9.4747e-01
 1.995e+01 5.2359e-02 5.2359e-02 [ 1.2015e-18 1.5740e-08 2.0645e-02 3.1715e-02 ] 0.0000e+00 [ 0.0000e+00 ] 9.4764e-01
 2.006e+01 5.2185e-02 5.2185e-02 [ 7.7503e-19 1.2640e-08 2.0446e-02 3.1739e-02 ] 0.0000e+00 [ 0.0000e+00 ] 9.4781e-01
 2.017e+01 5.2010e-02 5.2010e-02 [ 4.9904e-19 1.0131e-08 2.0249e-02 3.1761e-02 ] 0.0000e+00 [ 0.0000e+00 ] 9.4799e-01
 2.029e+01 5.1834e-02 5.1834e-02 [ 3.2074e-19 8.1049e-09 2.0051e-02 3.1782e-02 ] 0.0000e+00 [ 0.0000e+00 ] 9.4817e-01
 2.040e+01 5.1657e-02 5.1657e-02 [ 2.0577e-19 6.4714e-09 1.9855e-02 3.1802e-02 ] 0.0000e+00 [ 0.0000e+00 ] 9.4834e-01
 2.051e+01 5.1479e-02 5.1479e-02 [ 1.3178e-19 5.1573e-09 1.9659e-02 3.1820e-02 ] 0.0000e+00 [ 0.0000e+00 ] 9.4852e-01
 2.063e+01 5.1300e-02 5.1300e-02 [ 8.4239e-20 4.1022e-09 1.9463e-02 3.1837e-02 ] 0.0000e+00 [ 0.0000e+00 ] 9.4870e-01
 2.074e+01 5.1121e-02 5.1121e-02 [ 5.3755e-20 3.2567e-09 1.9268e-02 3.1853e-02 ] 0.0000e+00 [ 0.0000e+00 ] 9.4888e-01
 2.085e+01 5.0941e-02 5.0941e-02 [ 3.4241e-20 2.5806e-09 1.9073e-02 3.1868e-02 ] 0.0000e+00 [ 0.0000e+00 ] 9.4906e-01
 2.097e+01 5.0760e-02 5.0760e-02 [ 2.1773e-20 2.0410e-09 1.8879e-02 3.1881e-02 ] 0.0000e+00 [ 0.0000e+00 ] 9.4924e-01
 2.108e+01 5.0579e-02 5.0579e-02 [ 1.3821e-20 1.6111e-09 1.8686e-02 3.1893e-02 ] 0.0000e+00 [ 0.0000e+00 ] 9.4942e-01
 2.119e+01 5.0397e-02 5.0397e-02 [ 8.7578e-21 1.2693e-09 1.8493e-02 3.1905e-02 ] 0.0000e+00 [ 0.0000e+00 ] 9.4960e-01
 2.131e+01 5.0215e-02 5.0215e-02 [ 5.5400e-21 9.9820e-10 1.8300e-02 3.1915e-02 ] 0.0000e+00 [ 0.0000e+00 ] 9.4979e-01
 2.142e+01 5.0032e-02 5.0032e-02 [ 3.4985e-21 7.8348e-10 1.8108e-02 3.1924e-02 ] 0.0000e+00 [ 0.0000e+00 ] 9.4997e-01
 2.153e+01 4.9849e-02 4.9849e-02 [ 2.2055e-21 6.1379e-10 1.7916e-02 3.1933e-02 ] 0.0000e+00 [ 0.0000e+00 ] 9.5015e-01
 2.165e+01 4.9665e-02 4.9665e-02 [ 1.3880e-21 4.7994e-10 1.7725e-02 3.1940e-02 ] 0.0000e+00 [ 0.0000e+00 ] 9.5033e-01
 2.176e+01 4.9481e-02 4.9481e-02 [ 8.7209e-22 3.7457e-10 1.7534e-02 3.1947e-02 ] 0.0000e+00 [ 0.0000e+00 ] 9.5052e-01
 2.187e+01 4.9296e-02 4.9296e-02 [ 5.4701e-22 2.9178e-10 1.7344e-02 3.1952e-02 ] 0.0000e+00 [ 0.0000e+00 ] 9.5070e-01
 2.199e+01 4.9111e-02 4.9111e-02 [ 3.4254e-22 2.2686e-10 1.7154e-02 3.1957e-02 ] 0.0000e+00 [ 0.0000e+00 ] 9.5089e-01
 2.210e+01 4.8926e-02 4.8926e-02 [ 2.1415e-22 1.7605e-10 1.6965e-02 3.1962e-02 ] 0.0000e+00 [ 0.0000e+00 ] 9.5107e-01
 2.221e+01 4.8741e-02 4.8741e-02 [ 1.3366e-22 1.3637e-10 1.6776e-02 3.1965e-02 ] 0.0000e+00 [ 0.0000e+00 ] 9.5126e-01
 2.233e+01 4.8555e-02 4.8555e-02 [ 8.3285e-23 1.0543e-10 1.6587e-02 3.1968e-02 ] 0.0000e+00 [ 0.0000e+00 ] 9.5145e-01
 2.244e+01 4.8369e-02 4.8369e-02 [ 5.1812e-23 8.1355e-11 1.6399e-02 3.1970e-02 ] 0.0000e+00 [ 0.0000e+00 ] 9.5163e-01
 2.255e+01 4.8182e-02 4.8182e-02 [ 3.2181e-23 6.2661e-11 1.6211e-02 3.1971e-02 ] 0.0000e+00 [ 0.0000e+00 ] 9.5182e-01
 2.267e+01 4.7996e-02 4.7996e-02 [ 1.9955e-23 4.8173e-11 1.6024e-02 3.1972e-02 ] 0.0000e+00 [ 0.0000e+00 ] 9.5200e-01
 2.278e+01 4.7809e-02 4.7809e-02 [ 1.2355e-23 3.6965e-11 1.5837e-02 3.1972e-02 ] 0.0000e+00 [ 0.0000e+00 ] 9.5219e-01
 2.289e+01 4.7622e-02 4.7622e-02 [ 7.6368e-24 2.8312e-11 1.5650e-02 3.1972e-02 ] 0.0000e+00 [ 0.0000e+00 ] 9.5238e-01
 2.301e+01 4.7435e-02 4.7435e-02 [ 4.7130e-24 2.1643e-11 1.5464e-02 3.1971e-02 ] 0.0000e+00 [ 0.0000e+00 ] 9.5257e-01
 2.312e+01 4.7247e-02 4.7247e-02 [ 2.9041e-24 1.6515e-11 1.5278e-02 3.1969e-02 ] 0.0000e+00 [ 0.0000e+00 ] 9.5275e-01
 2.323e+01 4.7060e-02 4.7060e-02 [ 1.7866e-24 1.2578e-11 1.5093e-02 3.1967e-02 ] 0.0000e+00 [ 0.0000e+00 ] 9.5294e-01
 2.335e+01 4.6872e-02 4.6872e-02 [ 1.0974e-24 9.5622e-12 1.4908e-02 3.1964e-02 ] 0.0000e+00 [ 0.0000e+00 ] 9.5313e-01
 2.346e+01 4.6684e-02 4.6684e-02 [ 6.7306e-25 7.2558e-12 1.4723e-02 3.1961e-02 ] 0.0000e+00 [ 0.0000e+00 ] 9.5332e-01
 2.357e+01 4.6496e-02 4.6496e-02 [ 4.1215e-25 5.4954e-12 1.4539e-02 3.1957e-02 ] 0.0000e+00 [ 0.0000e+00 ] 9.5350e-01
 2.369e+01 4.6308e-02 4.6308e-02 [ 2.5199e-25 4.1545e-12 1.4355e-02 3.1952e-02 ] 0.0000e+00 [ 0.0000e+00 ] 9.5369e-01
 2.380e+01 4.6119e-02 4.6119e-02 [ 1.5383e-25 3.1349e-12 1.4172e-02 3.1947e-02 ] 0.0000e+00 [ 0.0000e+00 ] 9.5388e-01
 2.391e+01 4.5931e-02 4.5931e-02 [ 9.3768e-26 2.3612e-12 1.3989e-02 3.1941e-02 ] 0.0000e+00 [ 0.0000e+00 ] 9.5407e-01
 2.403e+01 4.5742e-02 4.5742e-02 [ 5.7069e-26 1.7752e-12 1.3807e-02 3.1935e-02 ] 0.0000e+00 [ 0.0000e+00 ] 9.5426e-01
 2.414e+01 4.5553e-02 4.5553e-02 [ 3.4680e-26 1.3321e-12 1.3625e-02 3.1928e-02 ] 0.0000e+00 [ 0.0000e+00 ] 9.5445e-01
 2.425e+01 4.5363e-02 4.5363e-02 [ 2.1043e-26 9.9782e-13 1.3443e-02 3.1921e-02 ] 0.0000e+00 [ 0.0000e+00 ] 9.5464e-01
 2.437e+01 4.5174e-02 4.5174e-02 [ 1.2749e-26 7.4603e-13 1.3262e-02 3.1912e-02 ] 0.0000e+00 [ 0.0000e+00 ] 9.5483e-01
 2.448e+01 4.4984e-02 4.4984e-02 [ 7.7128e-27 5.5676e-13 1.3081e-02 3.1903e-02 ] 0.0000e+00 [ 0.0000e+00 ] 9.5502e-01
 2.459e+01 4.4794e-02 4.4794e-02 [ 4.6590e-27 4.1475e-13 1.2900e-02 3.1894e-02 ] 0.0000e+00 [ 0.0000e+00 ] 9.5521e-01
 2.471e+01 4.4604e-02 4.4604e-02 [ 2.8101e-27 3.0839e-13 1.2720e-02 3.1883e-02 ] 0.0000e+00 [ 0.0000e+00 ] 9.5540e-01
 2.482e+01 4.4413e-02 4.4413e-02 [ 1.6924e-27 2.2889e-13 1.2541e-02 3.1872e-02 ] 0.0000e+00 [ 0.0000e+00 ] 9.5559e-01
 2.493e+01 4.4222e-02 4.4222e-02 [ 1.0178e-27 1.6957e-13 1.2362e-02 3.1860e-02 ] 0.0000e+00 [ 0.0000e+00 ] 9.5578e-01
 2.505e+01 4.4031e-02 4.4031e-02 [ 6.1115e-28 1.2540e-13 1.2183e-02 3.1848e-02 ] 0.0000e+00 [ 0.0000e+00 ] 9.5597e-01
 2.516e+01 4.3839e-02 4.3839e-02 [ 3.6644e-28 9.2565e-14 1.2005e-02 3.1834e-02 ] 0.0000e+00 [ 0.0000e+00 ] 9.5616e-01
 2.527e+01 4.3647e-02 4.3647e-02 [ 2.1940e-28 6.8203e-14 1.1827e-02 3.1820e-02 ] 0.0000e+00 [ 0.0000e+00 ] 9.5635e-01
 2.539e+01 4.3455e-02 4.3455e-02 [ 1.3116e-28 5.0162e-14 1.1650e-02 3.1804e-02 ] 0.0000e+00 [ 0.0000e+00 ] 9.5655e-01
 2.550e+01 4.3262e-02 4.3262e-02 [ 7.8301e-29 3.6827e-14 1.1474e-02 3.1788e-02 ] 0.0000e+00 [ 0.0000e+00 ] 9.5674e-01
 2.561e+01 4.3068e-02 4.3068e-02 [ 4.6675e-29 2.6988e-14 1.1298e-02 3.1771e-02 ] 0.0000e+00 [ 0.0000e+00 ] 9.5693e-01
 2.573e+01 4.2874e-02 4.2874e-02 [ 2.7782e-29 1.9742e-14 1.1122e-02 3.1752e-02 ] 0.0000e+00 [ 0.0000e+00 ] 9.5713e-01
 2.584e+01 4.2680e-02 4.2680e-02 [ 1.6513e-29 1.4415e-14 1.0947e-02 3.1732e-02 ] 0.0000e+00 [ 0.0000e+00 ] 9.5732e-01
 2.595e+01 4.2484e-02 4.2484e-02 [ 9.8001e-30 1.0507e-14 1.0773e-02 3.1712e-02 ] 0.0000e+00 [ 0.0000e+00 ] 9.5752e-01
 2.607e+01 4.2288e-02 4.2288e-02 [ 5.8079e-30 7.6442e-15 1.0599e-02 3.1690e-02 ] 0.0000e+00 [ 0.0000e+00 ] 9.5771e-01
 2.618e+01 4.2092e-02 4.2092e-02 [ 3.4370e-30 5.5517e-15 1.0426e-02 3.1666e-02 ] 0.0000e+00 [ 0.0000e+00 ] 9.5791e-01
 2.629e+01 4.1894e-02 4.1894e-02 [ 2.0310e-30 4.0247e-15 1.0253e-02 3.1641e-02 ] 0.0000e+00 [ 0.0000e+00 ] 9.5811e-01
 2.641e+01 4.1696e-02 4.1696e-02 [ 1.1984e-30 2.9125e-15 1.0081e-02 3.1615e-02 ] 0.0000e+00 [ 0.0000e+00 ] 9.5830e-01
 2.652e+01 4.1497e-02 4.1497e-02 [ 7.0611e-31 2.1039e-15 9.9096e-03 3.1587e-02 ] 0.0000e+00 [ 0.0000e+00 ] 9.5850e-01
 2.663e+01 4.1297e-02 4.1297e-02 [ 4.1544e-31 1.5171e-15 9.7389e-03 3.1558e-02 ] 0.0000e+00 [ 0.0000e+00 ] 9.5870e-01
 2.675e+01 4.1096e-02 4.1096e-02 [ 2.4407e-31 1.0920e-15 9.5690e-03 3.1527e-02 ] 0.0000e+00 [ 0.0000e+00 ] 9.5890e-01
 2.686e+01 4.0894e-02 4.0894e-02 [ 1.4319e-31 7.8460e-16 9.3997e-03 3.1494e-02 ] 0.0000e+00 [ 0.0000e+00 ] 9.5911e-01
 2.697e+01 4.0691e-02 4.0691e-02 [ 8.3880e-32 5.6275e-16 9.2312e-03 3.1460e-02 ] 0.0000e+00 [ 0.0000e+00 ] 9.5931e-01
 2.709e+01 4.0487e-02 4.0487e-02 [ 4.9066e-32 4.0291e-16 9.0635e-03 3.1423e-02 ] 0.0000e+00 [ 0.0000e+00 ] 9.5951e-01
 2.720e+01 4.0282e-02 4.0282e-02 [ 2.8660e-32 2.8796e-16 8.8966e-03 3.1385e-02 ] 0.0000e+00 [ 0.0000e+00 ] 9.5972e-01
 2.731e+01 4.0075e-02 4.0075e-02 [ 1.6716e-32 2.0544e-16 8.7304e-03 3.1344e-02 ] 0.0000e+00 [ 0.0000e+00 ] 9.5993e-01
 2.743e+01 3.9867e-02 3.9867e-02 [ 9.7355e-33 1.4631e-16 8.5652e-03 3.1302e-02 ] 0.0000e+00 [ 0.0000e+00 ] 9.6013e-01
 2.754e+01 3.9658e-02 3.9658e-02 [ 5.6618e-33 1.0401e-16 8.4007e-03 3.1257e-02 ] 0.0000e+00 [ 0.0000e+00 ] 9.6034e-01
 2.765e+01 3.9447e-02 3.9447e-02 [ 3.2879e-33 7.3815e-17 8.2372e-03 3.1209e-02 ] 0.0000e+00 [ 0.0000e+00 ] 9.6055e-01
 2.777e+01 3.9234e-02 3.9234e-02 [ 1.9065e-33 5.2292e-17 8.0746e-03 3.1160e-02 ] 0.0000e+00 [ 0.0000e+00 ] 9.6077e-01
 2.788e+01 3.9020e-02 3.9020e-02 [ 1.1039e-33 3.6979e-17 7.9130e-03 3.1107e-02 ] 0.0000e+00 [ 0.0000e+00 ] 9.6098e-01
 2.799e+01 3.8805e-02 3.8805e-02 [ 6.3826e-34 2.6105e-17 7.7523e-03 3.1052e-02 ] 0.0000e+00 [ 0.0000e+00 ] 9.6120e-01
 2.811e+01 3.8587e-02 3.8587e-02 [ 3.6848e-34 1.8396e-17 7.5926e-03 3.0995e-02 ] 0.0000e+00 [ 0.0000e+00 ] 9.6141e-01
 2.822e+01 3.8368e-02 3.8368e-02 [ 2.1242e-34 1.2941e-17 7.4340e-03 3.0934e-02 ] 0.0000e+00 [ 0.0000e+00 ] 9.6163e-01
 2.833e+01 3.8147e-02 3.8147e-02 [ 1.2227e-34 9.0876e-18 7.2764e-03 3.0871e-02 ] 0.0000e+00 [ 0.0000e+00 ] 9.6185e-01
 2.845e+01 3.7924e-02 3.7924e-02 [ 7.0277e-35 6.3704e-18 7.1199e-03 3.0804e-02 ] 0.0000e+00 [ 0.0000e+00 ] 9.6208e-01
 2.856e+01 3.7699e-02 3.7699e-02 [ 4.0333e-35 4.4579e-18 6.9646e-03 3.0734e-02 ] 0.0000e+00 [ 0.0000e+00 ] 9.6230e-01
 2.867e+01 3.7472e-02 3.7472e-02 [ 2.3113e-35 3.1142e-18 6.8104e-03 3.0661e-02 ] 0.0000e+00 [ 0.0000e+00 ] 9.6253e-01
 2.879e+01 3.7243e-02 3.7243e-02 [ 1.3225e-35 2.1716e-18 6.6574e-03 3.0585e-02 ] 0.0000e+00 [ 0.0000e+00 ] 9.6276e-01
 2.890e+01 3.7011e-02 3.7011e-02 [ 7.5561e-36 1.5118e-18 6.5056e-03 3.0505e-02 ] 0.0000e+00 [ 0.0000e+00 ] 9.6299e-01
 2.901e+01 3.6777e-02 3.6777e-02 [ 4.3106e-36 1.0506e-18 6.3551e-03 3.0422e-02 ] 0.0000e+00 [ 0.0000e+00 ] 9.6322e-01
 2.913e+01 3.6541e-02 3.6541e-02 [ 2.4554e-36 7.2880e-19 6.2059e-03 3.0335e-02 ] 0.0000e+00 [ 0.0000e+00 ] 9.6346e-01
 2.924e+01 3.6302e-02 3.6302e-02 [ 1.3965e-36 5.0471e-19 6.0580e-03 3.0244e-02 ] 0.0000e+00 [ 0.0000e+00 ] 9.6370e-01
 2.935e+01 3.6061e-02 3.6061e-02 [ 7.9307e-37 3.4891e-19 5.9115e-03 3.0149e-02 ] 0.0000e+00 [ 0.0000e+00 ] 9.6394e-01
 2.947e+01 3.5817e-02 3.5817e-02 [ 4.4969e-37 2.4079e-19 5.7663e-03 3.0051e-02 ] 0.0000e+00 [ 0.0000e+00 ] 9.6418e-01
 2.958e+01 3.5570e-02 3.5570e-02 [ 2.5459e-37 1.6589e-19 5.6226e-03 2.9948e-02 ] 0.0000e+00 [ 0.0000e+00 ] 9.6443e-01
 2.969e+01 3.5321e-02 3.5321e-02 [ 1.4391e-37 1.1409e-19 5.4803e-03 2.9841e-02 ] 0.0000e+00 [ 0.0000e+00 ] 9.6468e-01
 2.981e+01 3.5069e-02 3.5069e-02 [ 8.1224e-38 7.8328e-20 5.3396e-03 2.9729e-02 ] 0.0000e+00 [ 0.0000e+00 ] 9.6493e-01
 2.992e+01 3.4814e-02 3.4814e-02 [ 4.5771e-38 5.3683e-20 5.2003e-03 2.9614e-02 ] 0.0000e+00 [ 0.0000e+00 ] 9.6519e-01
 3.003e+01 3.4556e-02 3.4556e-02 [ 2.5753e-38 3.6729e-20 5.0627e-03 2.9494e-02 ] 0.0000e+00 [ 0.0000e+00 ] 9.6544e-01
 3.015e+01 3.4295e-02 3.4295e-02 [ 1.4467e-38 2.5086e-20 4.9266e-03 2.9369e-02 ] 0.0000e+00 [ 0.0000e+00 ] 9.6570e-01
 3.026e+01 3.4032e-02 3.4032e-02 [ 8.1138e-39 1.7104e-20 4.7921e-03 2.9239e-02 ] 0.0000e+00 [ 0.0000e+00 ] 9.6597e-01
 3.037e+01 3.3765e-02 3.3765e-02 [ 4.5435e-39 1.1642e-20 4.6593e-03 2.9105e-02 ] 0.0000e+00 [ 0.0000e+00 ] 9.6624e-01
 3.049e+01 3.3495e-02 3.3495e-02 [ 2.5402e-39 7.9107e-21 4.5282e-03 2.8966e-02 ] 0.0000e+00 [ 0.0000e+00 ] 9.6651e-01
 3.060e+01 3.3221e-02 3.3221e-02 [ 1.4179e-39 5.3660e-21 4.3988e-03 2.8822e-02 ] 0.0000e+00 [ 0.0000e+00 ] 9.6678e-01
 3.071e+01 3.2945e-02 3.2945e-02 [ 7.9017e-40 3.6336e-21 4.2712e-03 2.8674e-02 ] 0.0000e+00 [ 0.0000e+00 ] 9.6706e-01
 3.083e+01 3.2665e-02 3.2665e-02 [ 4.3963e-40 2.4562e-21 4.1453e-03 2.8520e-02 ] 0.0000e+00 [ 0.0000e+00 ] 9.6733e-01
 3.094e+01 3.2382e-02 3.2382e-02 [ 2.4420e-40 1.6575e-21 4.0213e-03 2.8361e-02 ] 0.0000e+00 [ 0.0000e+00 ] 9.6762e-01
 3.105e+01 3.2096e-02 3.2096e-02 [ 1.3542e-40 1.1166e-21 3.8991e-03 2.8197e-02 ] 0.0000e+00 [ 0.0000e+00 ] 9.6790e-01
 3.117e+01 3.1806e-02 3.1806e-02 [ 7.4977e-41 7.5093e-22 3.7788e-03 2.8027e-02 ] 0.0000e+00 [ 0.0000e+00 ] 9.6819e-01
 3.128e+01 3.1513e-02 3.1513e-02 [ 4.1442e-41 5.0414e-22 3.6604e-03 2.7853e-02 ] 0.0000e+00 [ 0.0000e+00 ] 9.6849e-01
 3.139e+01 3.1216e-02 3.1216e-02 [ 2.2868e-41 3.3787e-22 3.5439e-03 2.7673e-02 ] 0.0000e+00 [ 0.0000e+00 ] 9.6878e-01
 3.151e+01 3.0917e-02 3.0917e-02 [ 1.2598e-41 2.2605e-22 3.4293e-03 2.7487e-02 ] 0.0000e+00 [ 0.0000e+00 ] 9.6908e-01
 3.162e+01 3.0613e-02 3.0613e-02 [ 6.9280e-42 1.5098e-22 3.3168e-03 2.7297e-02 ] 0.0000e+00 [ 0.0000e+00 ] 9.6939e-01
 3.173e+01 3.0307e-02 3.0307e-02 [ 3.8036e-42 1.0067e-22 3.2062e-03 2.7101e-02 ] 0.0000e+00 [ 0.0000e+00 ] 9.6969e-01
 3.185e+01 2.9997e-02 2.9997e-02 [ 2.0847e-42 6.7005e-23 3.0977e-03 2.6899e-02 ] 0.0000e+00 [ 0.0000e+00 ] 9.7000e-01
 3.196e+01 2.9683e-02 2.9683e-02 [ 1.1406e-42 4.4523e-23 2.9911e-03 2.6692e-02 ] 0.0000e+00 [ 0.0000e+00 ] 9.7032e-01
 3.207e+01 2.9367e-02 2.9367e-02 [ 6.2302e-43 2.9533e-23 2.8867e-03 2.6480e-02 ] 0.0000e+00 [ 0.0000e+00 ] 9.7063e-01
 3.219e+01 2.9047e-02 2.9047e-02 [ 3.3970e-43 1.9556e-23 2.7843e-03 2.6262e-02 ] 0.0000e+00 [ 0.0000e+00 ] 9.7095e-01
 3.230e+01 2.8723e-02 2.8723e-02 [ 1.8490e-43 1.2927e-23 2.6840e-03 2.6039e-02 ] 0.0000e+00 [ 0.0000e+00 ] 9.7128e-01
 3.241e+01 2.8397e-02 2.8397e-02 [ 1.0047e-43 8.5310e-24 2.5858e-03 2.5811e-02 ] 0.0000e+00 [ 0.0000e+00 ] 9.7160e-01
 3.253e+01 2.8067e-02 2.8067e-02 [ 5.4492e-44 5.6200e-24 2.4898e-03 2.5577e-02 ] 0.0000e+00 [ 0.0000e+00 ] 9.7193e-01
 3.264e+01 2.7734e-02 2.7734e-02 [ 2.9503e-44 3.6959e-24 2.3958e-03 2.5338e-02 ] 0.0000e+00 [ 0.0000e+00 ] 9.7227e-01
 3.275e+01 2.7398e-02 2.7398e-02 [ 1.5946e-44 2.4264e-24 2.3041e-03 2.5094e-02 ] 0.0000e+00 [ 0.0000e+00 ] 9.7260e-01
 3.287e+01 2.7059e-02 2.7059e-02 [ 8.6025e-45 1.5902e-24 2.2144e-03 2.4845e-02 ] 0.0000e+00 [ 0.0000e+00 ] 9.7294e-01
 3.298e+01 2.6717e-02 2.6717e-02 [ 4.6327e-45 1.0404e-24 2.1269e-03 2.4590e-02 ] 0.0000e+00 [ 0.0000e+00 ] 9.7328e-01
 3.309e+01 2.6373e-02 2.6373e-02 [ 2.4903e-45 6.7949e-25 2.0416e-03 2.4331e-02 ] 0.0000e+00 [ 0.0000e+00 ] 9.7363e-01
 3.321e+01 2.6025e-02 2.6025e-02 [ 1.3362e-45 4.4302e-25 1.9584e-03 2.4067e-02 ] 0.0000e+00 [ 0.0000e+00 ] 9.7397e-01
 3.332e+01 2.5675e-02 2.5675e-02 [ 7.1566e-46 2.8834e-25 1.8774e-03 2.3798e-02 ] 0.0000e+00 [ 0.0000e+00 ] 9.7433e-01
 3.343e+01 2.5322e-02 2.5322e-02 [ 3.8260e-46 1.8735e-25 1.7985e-03 2.3524e-02 ] 0.0000e+00 [ 0.0000e+00 ] 9.7468e-01
 3.355e+01 2.4967e-02 2.4967e-02 [ 2.0416e-46 1.2152e-25 1.7218e-03 2.3245e-02 ] 0.0000e+00 [ 0.0000e+00 ] 9.7503e-01
 3.366e+01 2.4610e-02 2.4610e-02 [ 1.0874e-46 7.8681e-26 1.6473e-03 2.2962e-02 ] 0.0000e+00 [ 0.0000e+00 ] 9.7539e-01
 3.377e+01 2.4250e-02 2.4250e-02 [ 5.7810e-47 5.0857e-26 1.5749e-03 2.2675e-02 ] 0.0000e+00 [ 0.0000e+00 ] 9.7575e-01
 3.389e+01 2.3888e-02 2.3888e-02 [ 3.0676e-47 3.2815e-26 1.5046e-03 2.2384e-02 ] 0.0000e+00 [ 0.0000e+00 ] 9.7611e-01
 3.400e+01 2.3524e-02 2.3524e-02 [ 1.6247e-47 2.1137e-26 1.4364e-03 2.2088e-02 ] 0.0000e+00 [ 0.0000e+00 ] 9.7648e-01
 3.411e+01 2.3159e-02 2.3159e-02 [ 8.5888e-48 1.3591e-26 1.3703e-03 2.1789e-02 ] 0.0000e+00 [ 0.0000e+00 ] 9.7684e-01
 3.423e+01 2.2792e-02 2.2792e-02 [ 4.5317e-48 8.7242e-27 1.3064e-03 2.1485e-02 ] 0.0000e+00 [ 0.0000e+00 ] 9.7721e-01
 3.434e+01 2.2423e-02 2.2423e-02 [ 2.3865e-48 5.5902e-27 1.2444e-03 2.1179e-02 ] 0.0000e+00 [ 0.0000e+00 ] 9.7758e-01
 3.445e+01 2.2053e-02 2.2053e-02 [ 1.2544e-48 3.5758e-27 1.1846e-03 2.0869e-02 ] 0.0000e+00 [ 0.0000e+00 ] 9.7795e-01
 3.457e+01 2.1682e-02 2.1682e-02 [ 6.5805e-49 2.2833e-27 1.1267e-03 2.0556e-02 ] 0.0000e+00 [ 0.0000e+00 ] 9.7832e-01
 3.468e+01 2.1310e-02 2.1310e-02 [ 3.4455e-49 1.4554e-27 1.0709e-03 2.0239e-02 ] 0.0000e+00 [ 0.0000e+00 ] 9.7869e-01
 3.479e+01 2.0937e-02 2.0937e-02 [ 1.8005e-49 9.2610e-28 1.0171e-03 1.9920e-02 ] 0.0000e+00 [ 0.0000e+00 ] 9.7906e-01
 3.491e+01 2.0564e-02 2.0564e-02 [ 9.3909e-50 5.8826e-28 9.6517e-04 1.9599e-02 ] 0.0000e+00 [ 0.0000e+00 ] 9.7944e-01
 3.502e+01 2.0190e-02 2.0190e-02 [ 4.8883e-50 3.7300e-28 9.1520e-04 1.9275e-02 ] 0.0000e+00 [ 0.0000e+00 ] 9.7981e-01
 3.513e+01 1.9816e-02 1.9816e-02 [ 2.5396e-50 2.3610e-28 8.6712e-04 1.8949e-02 ] 0.0000e+00 [ 0.0000e+00 ] 9.8018e-01
 3.525e+01 1.9442e-02 1.9442e-02 [ 1.3168e-50 1.4918e-28 8.2091e-04 1.8621e-02 ] 0.0000e+00 [ 0.0000e+00 ] 9.8056e-01
 3.536e+01 1.9068e-02 1.9068e-02 [ 6.8141e-51 9.4096e-29 7.7652e-04 1.8291e-02 ] 0.0000e+00 [ 0.0000e+00 ] 9.8093e-01
 3.547e+01 1.8694e-02 1.8694e-02 [ 3.5192e-51 5.9247e-29 7.3393e-04 1.7960e-02 ] 0.0000e+00 [ 0.0000e+00 ] 9.8131e-01
 3.559e+01 1.8321e-02 1.8321e-02 [ 1.8139e-51 3.7238e-29 6.9309e-04 1.7628e-02 ] 0.0000e+00 [ 0.0000e+00 ] 9.8168e-01
 3.570e+01 1.7948e-02 1.7948e-02 [ 9.3311e-52 2.3364e-29 6.5398e-04 1.7294e-02 ] 0.0000e+00 [ 0.0000e+00 ] 9.8205e-01
 3.581e+01 1.7577e-02 1.7577e-02 [ 4.7905e-52 1.4633e-29 6.1655e-04 1.6960e-02 ] 0.0000e+00 [ 0.0000e+00 ] 9.8242e-01
 3.593e+01 1.7207e-02 1.7207e-02 [ 2.4545e-52 9.1486e-30 5.8077e-04 1.6626e-02 ] 0.0000e+00 [ 0.0000e+00 ] 9.8279e-01
 3.604e+01 1.6837e-02 1.6837e-02 [ 1.2551e-52 5.7096e-30 5.4658e-04 1.6291e-02 ] 0.0000e+00 [ 0.0000e+00 ] 9.8316e-01
 3.615e+01 1.6470e-02 1.6470e-02 [ 6.4048e-53 3.5570e-30 5.1396e-04 1.5956e-02 ] 0.0000e+00 [ 0.0000e+00 ] 9.8353e-01
 3.627e+01 1.6104e-02 1.6104e-02 [ 3.2619e-53 2.2121e-30 4.8286e-04 1.5621e-02 ] 0.0000e+00 [ 0.0000e+00 ] 9.8390e-01
 3.638e+01 1.5740e-02 1.5740e-02 [ 1.6579e-53 1.3732e-30 4.5324e-04 1.5287e-02 ] 0.0000e+00 [ 0.0000e+00 ] 9.8426e-01
 3.649e+01 1.5378e-02 1.5378e-02 [ 8.4097e-54 8.5095e-31 4.2506e-04 1.4953e-02 ] 0.0000e+00 [ 0.0000e+00 ] 9.8462e-01
 3.661e+01 1.5019e-02 1.5019e-02 [ 4.2572e-54 5.2638e-31 3.9826e-04 1.4621e-02 ] 0.0000e+00 [ 0.0000e+00 ] 9.8498e-01
 3.672e+01 1.4662e-02 1.4662e-02 [ 2.1507e-54 3.2502e-31 3.7282e-04 1.4289e-02 ] 0.0000e+00 [ 0.0000e+00 ] 9.8534e-01
 3.683e+01 1.4307e-02 1.4307e-02 [ 1.0844e-54 2.0034e-31 3.4868e-04 1.3959e-02 ] 0.0000e+00 [ 0.0000e+00 ] 9.8569e-01
 3.695e+01 1.3956e-02 1.3956e-02 [ 5.4561e-55 1.2326e-31 3.2580e-04 1.3630e-02 ] 0.0000e+00 [ 0.0000e+00 ] 9.8604e-01
 3.706e+01 1.3607e-02 1.3607e-02 [ 2.7397e-55 7.5703e-32 3.0414e-04 1.3303e-02 ] 0.0000e+00 [ 0.0000e+00 ] 9.8639e-01
 3.717e+01 1.3262e-02 1.3262e-02 [ 1.3730e-55 4.6412e-32 2.8365e-04 1.2979e-02 ] 0.0000e+00 [ 0.0000e+00 ] 9.8674e-01
 3.729e+01 1.2920e-02 1.2920e-02 [ 6.8664e-56 2.8403e-32 2.6429e-04 1.2656e-02 ] 0.0000e+00 [ 0.0000e+00 ] 9.8708e-01
 3.740e+01 1.2582e-02 1.2582e-02 [ 3.4271e-56 1.7351e-32 2.4602e-04 1.2336e-02 ] 0.0000e+00 [ 0.0000e+00 ] 9.8742e-01
 3.751e+01 1.2248e-02 1.2248e-02 [ 1.7070e-56 1.0580e-32 2.2879e-04 1.2019e-02 ] 0.0000e+00 [ 0.0000e+00 ] 9.8775e-01
 3.763e+01 1.1917e-02 1.1917e-02 [ 8.4853e-57 6.4402e-33 2.1257e-04 1.1704e-02 ] 0.0000e+00 [ 0.0000e+00 ] 9.8808e-01
 3.774e+01 1.1590e-02 1.1590e-02 [ 4.2094e-57 3.9131e-33 1.9730e-04 1.1393e-02 ] 0.0000e+00 [ 0.0000e+00 ] 9.8841e-01
 3.785e+01 1.1268e-02 1.1268e-02 [ 2.0840e-57 2.3733e-33 1.8295e-04 1.1085e-02 ] 0.0000e+00 [ 0.0000e+00 ] 9.8873e-01
 3.797e+01 1.0949e-02 1.0949e-02 [ 1.0297e-57 1.4369e-33 1.6948e-04 1.0780e-02 ] 0.0000e+00 [ 0.0000e+00 ] 9.8905e-01
 3.808e+01 1.0635e-02 1.0635e-02 [ 5.0773e-58 8.6835e-34 1.5684e-04 1.0479e-02 ] 0.0000e+00 [ 0.0000e+00 ] 9.8936e-01
 3.819e+01 1.0326e-02 1.0326e-02 [ 2.4985e-58 5.2383e-34 1.4500e-04 1.0181e-02 ] 0.0000e+00 [ 0.0000e+00 ] 9.8967e-01
 3.831e+01 1.0021e-02 1.0021e-02 [ 1.2271e-58 3.1543e-34 1.3392e-04 9.8875e-03 ] 0.0000e+00 [ 0.0000e+00 ] 9.8998e-01
 3.842e+01 9.7216e-03 9.7216e-03 [ 6.0141e-59 1.8960e-34 1.2357e-04 9.5980e-03 ] 0.0000e+00 [ 0.0000e+00 ] 9.9028e-01
 3.853e+01 9.4266e-03 9.4266e-03 [ 2.9418e-59 1.1376e-34 1.1390e-04 9.3127e-03 ] 0.0000e+00 [ 0.0000e+00 ] 9.9057e-01
 3.865e+01 9.1365e-03 9.1365e-03 [ 1.4361e-59 6.8133e-35 1.0488e-04 9.0316e-03 ] 0.0000e+00 [ 0.0000e+00 ] 9.9086e-01
 3.876e+01 8.8515e-03 8.8515e-03 [ 6.9964e-60 4.0733e-35 9.6475e-05 8.7550e-03 ] 0.0000e+00 [ 0.0000e+00 ] 9.9115e-01
 3.887e+01 8.5716e-03 8.5716e-03 [ 3.4018e-60 2.4308e-35 8.8653e-05 8.4829e-03 ] 0.0000e+00 [ 0.0000e+00 ] 9.9143e-01
 3.899e+01 8.2968e-03 8.2968e-03 [ 1.6508e-60 1.4480e-35 8.1383e-05 8.2155e-03 ] 0.0000e+00 [ 0.0000e+00 ] 9.9170e-01
 3.910e+01 8.0274e-03 8.0274e-03 [ 7.9948e-61 8.6102e-36 7.4631e-05 7.9528e-03 ] 0.0000e+00 [ 0.0000e+00 ] 9.9197e-01
 3.921e+01 7.7632e-03 7.7632e-03 [ 3.8643e-61 5.1106e-36 6.8369e-05 7.6949e-03 ] 0.0000e+00 [ 0.0000e+00 ] 9.9224e-01
 3.933e+01 7.5045e-03 7.5045e-03 [ 1.8641e-61 3.0280e-36 6.2567e-05 7.4419e-03 ] 0.0000e+00 [ 0.0000e+00 ] 9.9250e-01
 3.944e+01 7.2511e-03 7.2511e-03 [ 8.9749e-62 1.7908e-36 5.7198e-05 7.1939e-03 ] 0.0000e+00 [ 0.0000e+00 ] 9.9275e-01
 3.955e+01 7.0031e-03 7.0031e-03 [ 4.3125e-62 1.0572e-36 5.2235e-05 6.9509e-03 ] 0.0000e+00 [ 0.0000e+00 ] 9.9300e-01
 3.967e+01 6.7607e-03 6.7607e-03 [ 2.0682e-62 6.2302e-37 4.7653e-05 6.7130e-03 ] 0.0000e+00 [ 0.0000e+00 ] 9.9324e-01
 3.978e+01 6.5237e-03 6.5237e-03 [ 9.8995e-63 3.6649e-37 4.3427e-05 6.4802e-03 ] 0.0000e+00 [ 0.0000e+00 ] 9.9348e-01
 3.989e+01 6.2922e-03 6.2922e-03 [ 4.7293e-63 2.1520e-37 3.9534e-05 6.2526e-03 ] 0.0000e+00 [ 0.0000e+00 ] 9.9371e-01
 4.001e+01 6.0662e-03 6.0662e-03 [ 2.2550e-63 1.2614e-37 3.5952e-05 6.0302e-03 ] 0.0000e+00 [ 0.0000e+00 ] 9.9393e-01
 4.012e+01 5.8456e-03 5.8456e-03 [ 1.0731e-63 7.3802e-38 3.2660e-05 5.8130e-03 ] 0.0000e+00 [ 0.0000e+00 ] 9.9415e-01
 4.023e+01 5.6306e-03 5.6306e-03 [ 5.0974e-64 4.3104e-38 2.9638e-05 5.6010e-03 ] 0.0000e+00 [ 0.0000e+00 ] 9.9437e-01
 4.035e+01 5.4211e-03 5.4211e-03 [ 2.4167e-64 2.5130e-38 2.6867e-05 5.3942e-03 ] 0.0000e+00 [ 0.0000e+00 ] 9.9458e-01
 4.046e+01 5.2170e-03 5.2170e-03 [ 1.1436e-64 1.4625e-38 2.4329e-05 5.1927e-03 ] 0.0000e+00 [ 0.0000e+00 ] 9.9478e-01
 4.057e+01 5.0183e-03 5.0183e-03 [ 5.4013e-65 8.4959e-39 2.2007e-05 4.9963e-03 ] 0.0000e+00 [ 0.0000e+00 ] 9.9498e-01
 4.069e+01 4.8251e-03 4.8251e-03 [ 2.5464e-65 4.9267e-39 1.9885e-05 4.8052e-03 ] 0.0000e+00 [ 0.0000e+00 ] 9.9517e-01
 4.080e+01 4.6372e-03 4.6372e-03 [ 1.1982e-65 2.8519e-39 1.7949e-05 4.6192e-03 ] 0.0000e+00 [ 0.0000e+00 ] 9.9536e-01
 4.091e+01 4.4546e-03 4.4546e-03 [ 5.6280e-66 1.6480e-39 1.6184e-05 4.4384e-03 ] 0.0000e+00 [ 0.0000e+00 ] 9.9555e-01
 4.103e+01 4.2773e-03 4.2773e-03 [ 2.6386e-66 9.5059e-40 1.4577e-05 4.2627e-03 ] 0.0000e+00 [ 0.0000e+00 ] 9.9572e-01
 4.114e+01 4.1052e-03 4.1052e-03 [ 1.2348e-66 5.4736e-40 1.3116e-05 4.0921e-03 ] 0.0000e+00 [ 0.0000e+00 ] 9.9589e-01
 4.125e+01 3.9382e-03 3.9382e-03 [ 5.7684e-67 3.1462e-40 1.1788e-05 3.9264e-03 ] 0.0000e+00 [ 0.0000e+00 ] 9.9606e-01
 4.137e+01 3.7764e-03 3.7764e-03 [ 2.6898e-67 1.8052e-40 1.0583e-05 3.7658e-03 ] 0.0000e+00 [ 0.0000e+00 ] 9.9622e-01
 4.148e+01 3.6195e-03 3.6195e-03 [ 1.2520e-67 1.0340e-40 9.4913e-06 3.6101e-03 ] 0.0000e+00 [ 0.0000e+00 ] 9.9638e-01
 4.159e+01 3.4677e-03 3.4677e-03 [ 5.8173e-68 5.9121e-41 8.5030e-06 3.4592e-03 ] 0.0000e+00 [ 0.0000e+00 ] 9.9653e-01
 4.171e+01 3.3207e-03 3.3207e-03 [ 2.6982e-68 3.3745e-41 7.6094e-06 3.3131e-03 ] 0.0000e+00 [ 0.0000e+00 ] 9.9668e-01
 4.182e+01 3.1785e-03 3.1785e-03 [ 1.2493e-68 1.9227e-41 6.8023e-06 3.1717e-03 ] 0.0000e+00 [ 0.0000e+00 ] 9.9682e-01
 4.193e+01 3.0411e-03 3.0411e-03 [ 5.7744e-69 1.0936e-41 6.0744e-06 3.0350e-03 ] 0.0000e+00 [ 0.0000e+00 ] 9.9696e-01
 4.205e+01 2.9083e-03 2.9083e-03 [ 2.6644e-69 6.2098e-42 5.4185e-06 2.9028e-03 ] 0.0000e+00 [ 0.0000e+00 ] 9.9709e-01
 4.216e+01 2.7800e-03 2.7800e-03 [ 1.2273e-69 3.5199e-42 4.8282e-06 2.7752e-03 ] 0.0000e+00 [ 0.0000e+00 ] 9.9722e-01
 4.227e+01 2.6562e-03 2.6562e-03 [ 5.6437e-70 1.9918e-42 4.2976e-06 2.6519e-03 ] 0.0000e+00 [ 0.0000e+00 ] 9.9734e-01
 4.239e+01 2.5369e-03 2.5369e-03 [ 2.5909e-70 1.1251e-42 3.8212e-06 2.5330e-03 ] 0.0000e+00 [ 0.0000e+00 ] 9.9746e-01
 4.250e+01 2.4218e-03 2.4218e-03 [ 1.1874e-70 6.3447e-43 3.3939e-06 2.4184e-03 ] 0.0000e+00 [ 0.0000e+00 ] 9.9758e-01
 4.261e+01 2.3109e-03 2.3109e-03 [ 5.4330e-71 3.5718e-43 3.0112e-06 2.3078e-03 ] 0.0000e+00 [ 0.0000e+00 ] 9.9769e-01
 4.273e+01 2.2041e-03 2.2041e-03 [ 2.4818e-71 2.0074e-43 2.6688e-06 2.2014e-03 ] 0.0000e+00 [ 0.0000e+00 ] 9.9780e-01
 4.284e+01 2.1013e-03 2.1013e-03 [ 1.1318e-71 1.1262e-43 2.3628e-06 2.0989e-03 ] 0.0000e+00 [ 0.0000e+00 ] 9.9790e-01
 4.295e+01 2.0024e-03 2.0024e-03 [ 5.1535e-72 6.3081e-44 2.0897e-06 2.0003e-03 ] 0.0000e+00 [ 0.0000e+00 ] 9.9800e-01
 4.307e+01 1.9073e-03 1.9073e-03 [ 2.3428e-72 3.5273e-44 1.8461e-06 1.9055e-03 ] 0.0000e+00 [ 0.0000e+00 ] 9.9809e-01
 4.318e+01 1.8160e-03 1.8160e-03 [ 1.0633e-72 1.9690e-44 1.6292e-06 1.8143e-03 ] 0.0000e+00 [ 0.0000e+00 ] 9.9818e-01
 4.329e+01 1.7282e-03 1.7282e-03 [ 4.8187e-73 1.0973e-44 1.4363e-06 1.7268e-03 ] 0.0000e+00 [ 0.0000e+00 ] 9.9827e-01
 4.341e+01 1.6440e-03 1.6440e-03 [ 2.1803e-73 6.1052e-45 1.2649e-06 1.6427e-03 ] 0.0000e+00 [ 0.0000e+00 ] 9.9836e-01
 4.352e+01 1.5632e-03 1.5632e-03 [ 9.8499e-74 3.3911e-45 1.1127e-06 1.5621e-03 ] 0.0000e+00 [ 0.0000e+00 ] 9.9844e-01
 4.363e+01 1.4857e-03 1.4857e-03 [ 4.4431e-74 1.8805e-45 9.7782e-07 1.4848e-03 ] 0.0000e+00 [ 0.0000e+00 ] 9.9851e-01
 4.375e+01 1.4115e-03 1.4115e-03 [ 2.0012e-74 1.0411e-45 8.5838e-07 1.4106e-03 ] 0.0000e+00 [ 0.0000e+00 ] 9.9859e-01
 4.386e+01 1.3404e-03 1.3404e-03 [ 9.0000e-75 5.7544e-46 7.5273e-07 1.3396e-03 ] 0.0000e+00 [ 0.0000e+00 ] 9.9866e-01
 4.397e+01 1.2723e-03 1.2723e-03 [ 4.0416e-75 3.1754e-46 6.5939e-07 1.2716e-03 ] 0.0000e+00 [ 0.0000e+00 ] 9.9873e-01
 4.409e+01 1.2072e-03 1.2072e-03 [ 1.8123e-75 1.7495e-46 5.7702e-07 1.2066e-03 ] 0.0000e+00 [ 0.0000e+00 ] 9.9879e-01
 4.420e+01 1.1449e-03 1.1449e-03 [ 8.1147e-76 9.6228e-47 5.0442e-07 1.1444e-03 ] 0.0000e+00 [ 0.0000e+00 ] 9.9886e-01
 4.431e+01 1.0853e-03 1.0853e-03 [ 3.6283e-76 5.2845e-47 4.4049e-07 1.0849e-03 ] 0.0000e+00 [ 0.0000e+00 ] 9.9891e-01
 4.443e+01 1.0284e-03 1.0284e-03 [ 1.6200e-76 2.8974e-47 3.8426e-07 1.0280e-03 ] 0.0000e+00 [ 0.0000e+00 ] 9.9897e-01
 4.454e+01 9.7410e-04 9.7410e-04 [ 7.2229e-77 1.5861e-47 3.3486e-07 9.7376e-04 ] 0.0000e+00 [ 0.0000e+00 ] 9.9903e-01
 4.465e+01 9.2225e-04 9.2225e-04 [ 3.2160e-77 8.6689e-48 2.9151e-07 9.2196e-04 ] 0.0000e+00 [ 0.0000e+00 ] 9.9908e-01
 4.477e+01 8.7279e-04 8.7279e-04 [ 1.4299e-77 4.7306e-48 2.5351e-07 8.7254e-04 ] 0.0000e+00 [ 0.0000e+00 ] 9.9913e-01
 4.488e+01 8.2564e-04 8.2564e-04 [ 6.3495e-78 2.5775e-48 2.2024e-07 8.2542e-04 ] 0.0000e+00 [ 0.0000e+00 ] 9.9917e-01
 4.499e+01 7.8070e-04 7.8070e-04 [ 2.8156e-78 1.4021e-48 1.9114e-07 7.8051e-04 ] 0.0000e+00 [ 0.0000e+00 ] 9.9922e-01
 4.511e+01 7.3790e-04 7.3790e-04 [ 1.2469e-78 7.6158e-49 1.6571e-07 7.3774e-04 ] 0.0000e+00 [ 0.0000e+00 ] 9.9926e-01
 4.522e+01 6.9716e-04 6.9716e-04 [ 5.5147e-79 4.1302e-49 1.4352e-07 6.9701e-04 ] 0.0000e+00 [ 0.0000e+00 ] 9.9930e-01
 4.533e+01 6.5838e-04 6.5838e-04 [ 2.4359e-79 2.2365e-49 1.2418e-07 6.5826e-04 ] 0.0000e+00 [ 0.0000e+00 ] 9.9934e-01
 4.545e+01 6.2151e-04 6.2151e-04 [ 1.0746e-79 1.2092e-49 1.0733e-07 6.2140e-04 ] 0.0000e+00 [ 0.0000e+00 ] 9.9938e-01
 4.556e+01 5.8646e-04 5.8646e-04 [ 4.7343e-80 6.5279e-50 9.2678e-08 5.8637e-04 ] 0.0000e+00 [ 0.0000e+00 ] 9.9941e-01
 4.567e+01 5.5316e-04 5.5316e-04 [ 2.0833e-80 3.5188e-50 7.9945e-08 5.5308e-04 ] 0.0000e+00 [ 0.0000e+00 ] 9.9945e-01
 4.579e+01 5.2153e-04 5.2153e-04 [ 9.1558e-81 1.8940e-50 6.8892e-08 5.2146e-04 ] 0.0000e+00 [ 0.0000e+00 ] 9.9948e-01
 4.590e+01 4.9151e-04 4.9151e-04 [ 4.0190e-81 1.0179e-50 5.9308e-08 4.9145e-04 ] 0.0000e+00 [ 0.0000e+00 ] 9.9951e-01
 4.601e+01 4.6303e-04 4.6303e-04 [ 1.7620e-81 5.4625e-51 5.1006e-08 4.6298e-04 ] 0.0000e+00 [ 0.0000e+00 ] 9.9954e-01
 4.613e+01 4.3602e-04 4.3602e-04 [ 7.7161e-82 2.9272e-51 4.3823e-08 4.3597e-04 ] 0.0000e+00 [ 0.0000e+00 ] 9.9956e-01
 4.624e+01 4.1042e-04 4.1042e-04 [ 3.3750e-82 1.5663e-51 3.7615e-08 4.1038e-04 ] 0.0000e+00 [ 0.0000e+00 ] 9.9959e-01
 4.635e+01 3.8616e-04 3.8616e-04 [ 1.4745e-82 8.3686e-52 3.2254e-08 3.8613e-04 ] 0.0000e+00 [ 0.0000e+00 ] 9.9961e-01
 4.647e+01 3.6319e-04 3.6319e-04 [ 6.4346e-83 4.4650e-52 2.7631e-08 3.6316e-04 ] 0.0000e+00 [ 0.0000e+00 ] 9.9964e-01
 4.658e+01 3.4145e-04 3.4145e-04 [ 2.8048e-83 2.3788e-52 2.3647e-08 3.4143e-04 ] 0.0000e+00 [ 0.0000e+00 ] 9.9966e-01
 4.669e+01 3.2088e-04 3.2088e-04 [ 1.2213e-83 1.2656e-52 2.0218e-08 3.2086e-04 ] 0.0000e+00 [ 0.0000e+00 ] 9.9968e-01
 4.681e+01 3.0144e-04 3.0144e-04 [ 5.3116e-84 6.7236e-53 1.7269e-08 3.0142e-04 ] 0.0000e+00 [ 0.0000e+00 ] 9.9970e-01
 4.692e+01 2.8305e-04 2.8305e-04 [ 2.3077e-84 3.5670e-53 1.4736e-08 2.8304e-04 ] 0.0000e+00 [ 0.0000e+00 ] 9.9972e-01
 4.703e+01 2.6568e-04 2.6568e-04 [ 1.0015e-84 1.8897e-53 1.2563e-08 2.6567e-04 ] 0.0000e+00 [ 0.0000e+00 ] 9.9973e-01
 4.715e+01 2.4928e-04 2.4928e-04 [ 4.3421e-85 9.9977e-54 1.0700e-08 2.4927e-04 ] 0.0000e+00 [ 0.0000e+00 ] 9.9975e-01
 4.726e+01 2.3380e-04 2.3380e-04 [ 1.8805e-85 5.2820e-54 9.1047e-09 2.3379e-04 ] 0.0000e+00 [ 0.0000e+00 ] 9.9977e-01
 4.737e+01 2.1920e-04 2.1920e-04 [ 8.1357e-86 2.7868e-54 7.7399e-09 2.1919e-04 ] 0.0000e+00 [ 0.0000e+00 ] 9.9978e-01
 4.749e+01 2.0542e-04 2.0542e-04 [ 3.5163e-86 1.4683e-54 6.5734e-09 2.0542e-04 ] 0.0000e+00 [ 0.0000e+00 ] 9.9979e-01
 4.760e+01 1.9244e-04 1.9244e-04 [ 1.5182e-86 7.7261e-55 5.5775e-09 1.9243e-04 ] 0.0000e+00 [ 0.0000e+00 ] 9.9981e-01
 4.771e+01 1.8020e-04 1.8020e-04 [ 6.5487e-87 4.0599e-55 4.7281e-09 1.8020e-04 ] 0.0000e+00 [ 0.0000e+00 ] 9.9982e-01
 4.783e+01 1.6868e-04 1.6868e-04 [ 2.8220e-87 2.1305e-55 4.0043e-09 1.6868e-04 ] 0.0000e+00 [ 0.0000e+00 ] 9.9983e-01
 4.794e+01 1.5784e-04 1.5784e-04 [ 1.2149e-87 1.1166e-55 3.3882e-09 1.5783e-04 ] 0.0000e+00 [ 0.0000e+00 ] 9.9984e-01
 4.805e+01 1.4763e-04 1.4763e-04 [ 5.2252e-88 5.8442e-56 2.8643e-09 1.4763e-04 ] 0.0000e+00 [ 0.0000e+00 ] 9.9985e-01
 4.817e+01 1.3803e-04 1.3803e-04 [ 2.2453e-88 3.0549e-56 2.4191e-09 1.3803e-04 ] 0.0000e+00 [ 0.0000e+00 ] 9.9986e-01
 4.828e+01 1.2901e-04 1.2901e-04 [ 9.6389e-89 1.5948e-56 2.0413e-09 1.2900e-04 ] 0.0000e+00 [ 0.0000e+00 ] 9.9987e-01
 4.839e+01 1.2052e-04 1.2052e-04 [ 4.1342e-89 8.3150e-57 1.7209e-09 1.2052e-04 ] 0.0000e+00 [ 0.0000e+00 ] 9.9988e-01
 4.851e+01 1.1256e-04 1.1256e-04 [ 1.7716e-89 4.3298e-57 1.4495e-09 1.1256e-04 ] 0.0000e+00 [ 0.0000e+00 ] 9.9989e-01
 4.862e+01 1.0508e-04 1.0508e-04 [ 7.5851e-90 2.2518e-57 1.2198e-09 1.0508e-04 ] 0.0000e+00 [ 0.0000e+00 ] 9.9989e-01
 4.873e+01 9.8058e-05 9.8058e-05 [ 3.2447e-90 1.1696e-57 1.0255e-09 9.8057e-05 ] 0.0000e+00 [ 0.0000e+00 ] 9.9990e-01
 4.885e+01 9.1472e-05 9.1472e-05 [ 1.3868e-90 6.0674e-58 8.6148e-10 9.1471e-05 ] 0.0000e+00 [ 0.0000e+00 ] 9.9991e-01
 4.896e+01 8.5297e-05 8.5297e-05 [ 5.9221e-91 3.1436e-58 7.2302e-10 8.5296e-05 ] 0.0000e+00 [ 0.0000e+00 ] 9.9991e-01
 4.907e+01 7.9508e-05 7.9508e-05 [ 2.5269e-91 1.6268e-58 6.0627e-10 7.9507e-05 ] 0.0000e+00 [ 0.0000e+00 ] 9.9992e-01
 4.919e+01 7.4084e-05 7.4084e-05 [ 1.0773e-91 8.4083e-59 5.0793e-10 7.4083e-05 ] 0.0000e+00 [ 0.0000e+00 ] 9.9993e-01
 4.930e+01 6.9004e-05 6.9004e-05 [ 4.5890e-92 4.3407e-59 4.2517e-10 6.9004e-05 ] 0.0000e+00 [ 0.0000e+00 ] 9.9993e-01
 4.941e+01 6.4249e-05 6.4249e-05 [ 1.9533e-92 2.2381e-59 3.5558e-10 6.4249e-05 ] 0.0000e+00 [ 0.0000e+00 ] 9.9994e-01
 4.953e+01 5.9799e-05 5.9799e-05 [ 8.3074e-93 1.1526e-59 2.9713e-10 5.9799e-05 ] 0.0000e+00 [ 0.0000e+00 ] 9.9994e-01
 4.964e+01 5.5636e-05 5.5636e-05 [ 3.5304e-93 5.9292e-60 2.4807e-10 5.5636e-05 ] 0.0000e+00 [ 0.0000e+00 ] 9.9994e-01
 4.975e+01 5.1744e-05 5.1744e-05 [ 1.4992e-93 3.0464e-60 2.0693e-10 5.1744e-05 ] 0.0000e+00 [ 0.0000e+00 ] 9.9995e-01
 4.987e+01 4.8107e-05 4.8107e-05 [ 6.3614e-94 1.5634e-60 1.7247e-10 4.8107e-05 ] 0.0000e+00 [ 0.0000e+00 ] 9.9995e-01
 4.998e+01 4.4709e-05 4.4709e-05 [ 2.6973e-94 8.0141e-61 1.4362e-10 4.4708e-05 ] 0.0000e+00 [ 0.0000e+00 ] 9.9996e-01
 5.009e+01 4.1535e-05 4.1535e-05 [ 1.1428e-94 4.1034e-61 1.1950e-10 4.1535e-05 ] 0.0000e+00 [ 0.0000e+00 ] 9.9996e-01
 5.021e+01 3.8572e-05 3.8572e-05 [ 4.8386e-95 2.0986e-61 9.9341e-11 3.8572e-05 ] 0.0000e+00 [ 0.0000e+00 ] 9.9996e-01
 5.032e+01 3.5808e-05 3.5808e-05 [ 2.0471e-95 1.0721e-61 8.2516e-11 3.5808e-05 ] 0.0000e+00 [ 0.0000e+00 ] 9.9996e-01
 5.043e+01 3.3230e-05 3.3230e-05 [ 8.6549e-96 5.4709e-62 6.8483e-11 3.3230e-05 ] 0.0000e+00 [ 0.0000e+00 ] 9.9997e-01
 5.055e+01 3.0826e-05 3.0826e-05 [ 3.6566e-96 2.7886e-62 5.6790e-11 3.0826e-05 ] 0.0000e+00 [ 0.0000e+00 ] 9.9997e-01
 5.066e+01 2.8585e-05 2.8585e-05 [ 1.5438e-96 1.4199e-62 4.7054e-11 2.8585e-05 ] 0.0000e+00 [ 0.0000e+00 ] 9.9997e-01
 5.077e+01 2.6498e-05 2.6498e-05 [ 6.5135e-97 7.2216e-63 3.8954e-11 2.6498e-05 ] 0.0000e+00 [ 0.0000e+00 ] 9.9997e-01
 5.089e+01 2.4554e-05 2.4554e-05 [ 2.7463e-97 3.6689e-63 3.2223e-11 2.4554e-05 ] 0.0000e+00 [ 0.0000e+00 ] 9.9998e-01
 5.100e+01 2.2745e-05 2.2745e-05 [ 1.1572e-97 1.8620e-63 2.6633e-11 2.2745e-05 ] 0.0000e+00 [ 0.0000e+00 ] 9.9998e-01
 5.111e+01 2.1061e-05 2.1061e-05 [ 4.8726e-98 9.4398e-64 2.1995e-11 2.1061e-05 ] 0.0000e+00 [ 0.0000e+00 ] 9.9998e-01
 5.123e+01 1.9495e-05 1.9495e-05 [ 2.0504e-98 4.7806e-64 1.8149e-11 1.9495e-05 ] 0.0000e+00 [ 0.0000e+00 ] 9.9998e-01
 5.134e+01 1.8039e-05 1.8039e-05 [ 8.6230e-99 2.4185e-64 1.4964e-11 1.8039e-05 ] 0.0000e+00 [ 0.0000e+00 ] 9.9998e-01
 5.145e+01 1.6685e-05 1.6685e-05 [ 3.6241e-99 1.2222e-64 1.2328e-11 1.6685e-05 ] 0.0000e+00 [ 0.0000e+00 ] 9.9998e-01
 5.157e+01 1.5428e-05 1.5428e-05 [ 1.5222e-99 6.1704e-65 1.0148e-11 1.5428e-05 ] 0.0000e+00 [ 0.0000e+00 ] 9.9998e-01
 5.168e+01 1.4260e-05 1.4260e-05 [ 6.3898e-100 3.1119e-65 8.3473e-12 1.4260e-05 ] 0.0000e+00 [ 0.0000e+00 ] 9.9999e-01
 5.179e+01 1.3176e-05 1.3176e-05 [ 2.6807e-100 1.5678e-65 6.8604e-12 1.3176e-05 ] 0.0000e+00 [ 0.0000e+00 ] 9.9999e-01
 5.191e+01 1.2170e-05 1.2170e-05 [ 1.1239e-100 7.8908e-66 5.6340e-12 1.2170e-05 ] 0.0000e+00 [ 0.0000e+00 ] 9.9999e-01
 5.202e+01 1.1237e-05 1.1237e-05 [ 4.7096e-101 3.9675e-66 4.6231e-12 1.1237e-05 ] 0.0000e+00 [ 0.0000e+00 ] 9.9999e-01
 5.213e+01 1.0371e-05 1.0371e-05 [ 1.9723e-101 1.9929e-66 3.7906e-12 1.0371e-05 ] 0.0000e+00 [ 0.0000e+00 ] 9.9999e-01
 5.225e+01 9.5693e-06 9.5693e-06 [ 8.2552e-102 1.0000e-66 3.1057e-12 9.5693e-06 ] 0.0000e+00 [ 0.0000e+00 ] 9.9999e-01
 5.236e+01 8.8261e-06 8.8261e-06 [ 3.4533e-102 5.0131e-67 2.5425e-12 8.8261e-06 ] 0.0000e+00 [ 0.0000e+00 ] 9.9999e-01
 5.247e+01 8.1378e-06 8.1378e-06 [ 1.4438e-102 2.5107e-67 2.0798e-12 8.1378e-06 ] 0.0000e+00 [ 0.0000e+00 ] 9.9999e-01
 5.259e+01 7.5004e-06 7.5004e-06 [ 6.0331e-103 1.2562e-67 1.7000e-12 7.5004e-06 ] 0.0000e+00 [ 0.0000e+00 ] 9.9999e-01
 5.270e+01 6.9106e-06 6.9106e-06 [ 2.5197e-103 6.2790e-68 1.3885e-12 6.9106e-06 ] 0.0000e+00 [ 0.0000e+00 ] 9.9999e-01
 5.281e+01 6.3649e-06 6.3649e-06 [ 1.0518e-103 3.1356e-68 1.1332e-12 6.3649e-06 ] 0.0000e+00 [ 0.0000e+00 ] 9.9999e-01
 5.293e+01 5.8602e-06 5.8602e-06 [ 4.3879e-104 1.5644e-68 9.2415e-13 5.8602e-06 ] 0.0000e+00 [ 0.0000e+00 ] 9.9999e-01
 5.304e+01 5.3936e-06 5.3936e-06 [ 1.8297e-104 7.7975e-69 7.5309e-13 5.3936e-06 ] 0.0000e+00 [ 0.0000e+00 ] 9.9999e-01
 5.315e+01 4.9625e-06 4.9625e-06 [ 7.6258e-105 3.8830e-69 6.1323e-13 4.9625e-06 ] 0.0000e+00 [ 0.0000e+00 ] 1.0000e+00
 5.327e+01 4.5642e-06 4.5642e-06 [ 3.1767e-105 1.9318e-69 4.9896e-13 4.5642e-06 ] 0.0000e+00 [ 0.0000e+00 ] 1.0000e+00
 5.338e+01 4.1964e-06 4.1964e-06 [ 1.3226e-105 9.6023e-70 4.0569e-13 4.1964e-06 ] 0.0000e+00 [ 0.0000e+00 ] 1.0000e+00
 5.349e+01 3.8569e-06 3.8569e-06 [ 5.5043e-106 4.7686e-70 3.2960e-13 3.8569e-06 ] 0.0000e+00 [ 0.0000e+00 ] 1.0000e+00
 5.361e+01 3.5436e-06 3.5436e-06 [ 2.2896e-106 2.3660e-70 2.6758e-13 3.5436e-06 ] 0.0000e+00 [ 0.0000e+00 ] 1.0000e+00
 5.372e+01 3.2546e-06 3.2546e-06 [ 9.5191e-107 1.1728e-70 2.1707e-13 3.2546e-06 ] 0.0000e+00 [ 0.0000e+00 ] 1.0000e+00
 5.383e+01 2.9882e-06 2.9882e-06 [ 3.9558e-107 5.8087e-71 1.7597e-13 2.9882e-06 ] 0.0000e+00 [ 0.0000e+00 ] 1.0000e+00
 5.395e+01 2.7426e-06 2.7426e-06 [ 1.6432e-107 2.8744e-71 1.4254e-13 2.7426e-06 ] 0.0000e+00 [ 0.0000e+00 ] 1.0000e+00
 5.406e+01 2.5163e-06 2.5163e-06 [ 6.8222e-108 1.4211e-71 1.1538e-13 2.5163e-06 ] 0.0000e+00 [ 0.0000e+00 ] 1.0000e+00
 5.417e+01 2.3079e-06 2.3079e-06 [ 2.8312e-108 7.0197e-72 9.3327e-14 2.3079e-06 ] 0.0000e+00 [ 0.0000e+00 ] 1.0000e+00
 5.429e+01 2.1160e-06 2.1160e-06 [ 1.1744e-108 3.4645e-72 7.5433e-14 2.1160e-06 ] 0.0000e+00 [ 0.0000e+00 ] 1.0000e+00
 5.440e+01 1.9394e-06 1.9394e-06 [ 4.8695e-109 1.7084e-72 6.0926e-14 1.9394e-06 ] 0.0000e+00 [ 0.0000e+00 ] 1.0000e+00
 5.451e+01 1.7769e-06 1.7769e-06 [ 2.0182e-109 8.4173e-73 4.9173e-14 1.7769e-06 ] 0.0000e+00 [ 0.0000e+00 ] 1.0000e+00
 5.463e+01 1.6275e-06 1.6275e-06 [ 8.3609e-110 4.1437e-73 3.9659e-14 1.6275e-06 ] 0.0000e+00 [ 0.0000e+00 ] 1.0000e+00
 5.474e+01 1.4901e-06 1.4901e-06 [ 3.4622e-110 2.0382e-73 3.1962e-14 1.4901e-06 ] 0.0000e+00 [ 0.0000e+00 ] 1.0000e+00
 5.485e+01 1.3638e-06 1.3638e-06 [ 1.4331e-110 1.0017e-73 2.5741e-14 1.3638e-06 ] 0.0000e+00 [ 0.0000e+00 ] 1.0000e+00
 5.497e+01 1.2478e-06 1.2478e-06 [ 5.9296e-111 4.9187e-74 2.0716e-14 1.2478e-06 ] 0.0000e+00 [ 0.0000e+00 ] 1.0000e+00
 5.508e+01 1.1413e-06 1.1413e-06 [ 2.4524e-111 2.4133e-74 1.6660e-14 1.1413e-06 ] 0.0000e+00 [ 0.0000e+00 ] 1.0000e+00
 5.519e+01 1.0435e-06 1.0435e-06 [ 1.0139e-111 1.1831e-74 1.3388e-14 1.0435e-06 ] 0.0000e+00 [ 0.0000e+00 ] 1.0000e+00
 5.531e+01 9.5381e-07 9.5381e-07 [ 4.1899e-112 5.7956e-75 1.0752e-14 9.5381e-07 ] 0.0000e+00 [ 0.0000e+00 ] 1.0000e+00
 5.542e+01 8.7149e-07 8.7149e-07 [ 1.7308e-112 2.8367e-75 8.6283e-15 8.7149e-07 ] 0.0000e+00 [ 0.0000e+00 ] 1.0000e+00
 5.553e+01 7.9600e-07 7.9600e-07 [ 7.1472e-113 1.3873e-75 6.9194e-15 7.9600e-07 ] 0.0000e+00 [ 0.0000e+00 ] 1.0000e+00
 5.565e+01 7.2680e-07 7.2680e-07 [ 2.9502e-113 6.7794e-76 5.5450e-15 7.2680e-07 ] 0.0000e+00 [ 0.0000e+00 ] 1.0000e+00
 5.576e+01 6.6339e-07 6.6339e-07 [ 1.2173e-113 3.3103e-76 4.4406e-15 6.6339e-07 ] 0.0000e+00 [ 0.0000e+00 ] 1.0000e+00
 5.587e+01 6.0531e-07 6.0531e-07 [ 5.0209e-114 1.6151e-76 3.5536e-15 6.0531e-07 ] 0.0000e+00 [ 0.0000e+00 ] 1.0000e+00
 5.599e+01 5.5212e-07 5.5212e-07 [ 2.0702e-114 7.8742e-77 2.8418e-15 5.5212e-07 ] 0.0000e+00 [ 0.0000e+00 ] 1.0000e+00
 5.610e+01 5.0343e-07 5.0343e-07 [ 8.5325e-115 3.8359e-77 2.2710e-15 5.0343e-07 ] 0.0000e+00 [ 0.0000e+00 ] 1.0000e+00
 5.621e+01 4.5888e-07 4.5888e-07 [ 3.5155e-115 1.8672e-77 1.8136e-15 4.5888e-07 ] 0.0000e+00 [ 0.0000e+00 ] 1.0000e+00
 5.633e+01 4.1813e-07 4.1813e-07 [ 1.4479e-115 9.0823e-78 1.4474e-15 4.1813e-07 ] 0.0000e+00 [ 0.0000e+00 ] 1.0000e+00
 5.644e+01 3.8086e-07 3.8086e-07 [ 5.9613e-116 4.4143e-78 1.1543e-15 3.8086e-07 ] 0.0000e+00 [ 0.0000e+00 ] 1.0000e+00
 5.655e+01 3.4680e-07 3.4680e-07 [ 2.4535e-116 2.1439e-78 9.1991e-16 3.4680e-07 ] 0.0000e+00 [ 0.0000e+00 ] 1.0000e+00
 5.667e+01 3.1568e-07 3.1568e-07 [ 1.0094e-116 1.0405e-78 7.3263e-16 3.1568e-07 ] 0.0000e+00 [ 0.0000e+00 ] 1.0000e+00
 5.678e+01 2.8725e-07 2.8725e-07 [ 4.1517e-117 5.0456e-79 5.8307e-16 2.8725e-07 ] 0.0000e+00 [ 0.0000e+00 ] 1.0000e+00
 5.689e+01 2.6130e-07 2.6130e-07 [ 1.7070e-117 2.4451e-79 4.6374e-16 2.6130e-07 ] 0.0000e+00 [ 0.0000e+00 ] 1.0000e+00
 5.701e+01 2.3760e-07 2.3760e-07 [ 7.0159e-118 1.1840e-79 3.6857e-16 2.3760e-07 ] 0.0000e+00 [ 0.0000e+00 ] 1.0000e+00
 5.712e+01 2.1599e-07 2.1599e-07 [ 2.8827e-118 5.7290e-80 2.9274e-16 2.1599e-07 ] 0.0000e+00 [ 0.0000e+00 ] 1.0000e+00
 5.723e+01 1.9627e-07 1.9627e-07 [ 1.1840e-118 2.7702e-80 2.3235e-16 1.9627e-07 ] 0.0000e+00 [ 0.0000e+00 ] 1.0000e+00
 5.735e+01 1.7829e-07 1.7829e-07 [ 4.8617e-119 1.3385e-80 1.8430e-16 1.7829e-07 ] 0.0000e+00 [ 0.0000e+00 ] 1.0000e+00
 5.746e+01 1.6191e-07 1.6191e-07 [ 1.9956e-119 6.4627e-81 1.4609e-16 1.6191e-07 ] 0.0000e+00 [ 0.0000e+00 ] 1.0000e+00
 5.757e+01 1.4698e-07 1.4698e-07 [ 8.1888e-120 3.1182e-81 1.1572e-16 1.4698e-07 ] 0.0000e+00 [ 0.0000e+00 ] 1.0000e+00
 5.769e+01 1.3338e-07 1.3338e-07 [ 3.3591e-120 1.5034e-81 9.1602e-17 1.3338e-07 ] 0.0000e+00 [ 0.0000e+00 ] 1.0000e+00
 5.780e+01 1.2100e-07 1.2100e-07 [ 1.3775e-120 7.2438e-82 7.2463e-17 1.2100e-07 ] 0.0000e+00 [ 0.0000e+00 ] 1.0000e+00
 5.791e+01 1.0973e-07 1.0973e-07 [ 5.6473e-121 3.4877e-82 5.7286e-17 1.0973e-07 ] 0.0000e+00 [ 0.0000e+00 ] 1.0000e+00
 5.803e+01 9.9472e-08 9.9472e-08 [ 2.3144e-121 1.6781e-82 4.5257e-17 9.9472e-08 ] 0.0000e+00 [ 0.0000e+00 ] 1.0000e+00
 5.814e+01 9.0147e-08 9.0147e-08 [ 9.4825e-122 8.0684e-83 3.5730e-17 9.0147e-08 ] 0.0000e+00 [ 0.0000e+00 ] 1.0000e+00
 5.825e+01 8.1667e-08 8.1667e-08 [ 3.8839e-122 3.8767e-83 2.8191e-17 8.1667e-08 ] 0.0000e+00 [ 0.0000e+00 ] 1.0000e+00
 5.837e+01 7.3961e-08 7.3961e-08 [ 1.5903e-122 1.8614e-83 2.2227e-17 7.3961e-08 ] 0.0000e+00 [ 0.0000e+00 ] 1.0000e+00
 5.848e+01 6.6959e-08 6.6959e-08 [ 6.5097e-123 8.9316e-84 1.7514e-17 6.6959e-08 ] 0.0000e+00 [ 0.0000e+00 ] 1.0000e+00
 5.859e+01 6.0599e-08 6.0599e-08 [ 2.6639e-123 4.2827e-84 1.3791e-17 6.0599e-08 ] 0.0000e+00 [ 0.0000e+00 ] 1.0000e+00
 5.871e+01 5.4825e-08 5.4825e-08 [ 1.0898e-123 2.0522e-84 1.0852e-17 5.4825e-08 ] 0.0000e+00 [ 0.0000e+00 ] 1.0000e+00
 5.882e+01 4.9584e-08 4.9584e-08 [ 4.4571e-124 9.8273e-85 8.5344e-18 4.9584e-08 ] 0.0000e+00 [ 0.0000e+00 ] 1.0000e+00
 5.893e+01 4.4830e-08 4.4830e-08 [ 1.8224e-124 4.7028e-85 6.7071e-18 4.4830e-08 ] 0.0000e+00 [ 0.0000e+00 ] 1.0000e+00
 5.905e+01 4.0517e-08 4.0517e-08 [ 7.4490e-125 2.2490e-85 5.2677e-18 4.0517e-08 ] 0.0000e+00 [ 0.0000e+00 ] 1.0000e+00
 5.916e+01 3.6607e-08 3.6607e-08 [ 3.0439e-125 1.0749e-85 4.1345e-18 3.6607e-08 ] 0.0000e+00 [ 0.0000e+00 ] 1.0000e+00
 5.927e+01 3.3063e-08 3.3063e-08 [ 1.2435e-125 5.1336e-86 3.2430e-18 3.3063e-08 ] 0.0000e+00 [ 0.0000e+00 ] 1.0000e+00
 5.939e+01 2.9852e-08 2.9852e-08 [ 5.0786e-126 2.4502e-86 2.5421e-18 2.9852e-08 ] 0.0000e+00 [ 0.0000e+00 ] 1.0000e+00
 5.950e+01 2.6944e-08 2.6944e-08 [ 2.0736e-126 1.1687e-86 1.9914e-18 2.6944e-08 ] 0.0000e+00 [ 0.0000e+00 ] 1.0000e+00
 5.961e+01 2.4311e-08 2.4311e-08 [ 8.4640e-127 5.5711e-87 1.5589e-18 2.4311e-08 ] 0.0000e+00 [ 0.0000e+00 ] 1.0000e+00
 5.973e+01 2.1928e-08 2.1928e-08 [ 3.4539e-127 2.6540e-87 1.2197e-18 2.1928e-08 ] 0.0000e+00 [ 0.0000e+00 ] 1.0000e+00
 5.984e+01 1.9772e-08 1.9772e-08 [ 1.4091e-127 1.2635e-87 9.5360e-19 1.9772e-08 ] 0.0000e+00 [ 0.0000e+00 ] 1.0000e+00
 5.995e+01 1.7822e-08 1.7822e-08 [ 5.7470e-128 6.0114e-88 7.4511e-19 1.7822e-08 ] 0.0000e+00 [ 0.0000e+00 ] 1.0000e+00
 6.007e+01 1.6059e-08 1.6059e-08 [ 2.3433e-128 2.8583e-88 5.8183e-19 1.6059e-08 ] 0.0000e+00 [ 0.0000e+00 ] 1.0000e+00
 6.018e+01 1.4465e-08 1.4465e-08 [ 9.5524e-129 1.3582e-88 4.5404e-19 1.4465e-08 ] 0.0000e+00 [ 0.0000e+00 ] 1.0000e+00
 6.029e+01 1.3025e-08 1.3025e-08 [ 3.8929e-129 6.4498e-89 3.5409e-19 1.3025e-08 ] 0.0000e+00 [ 0.0000e+00 ] 1.0000e+00
 6.041e+01 1.1725e-08 1.1725e-08 [ 1.5861e-129 3.0610e-89 2.7597e-19 1.1725e-08 ] 0.0000e+00 [ 0.0000e+00 ] 1.0000e+00
 6.052e+01 1.0551e-08 1.0551e-08 [ 6.4605e-130 1.4518e-89 2.1495e-19 1.0551e-08 ] 0.0000e+00 [ 0.0000e+00 ] 1.0000e+00
 6.063e+01 9.4908e-09 9.4908e-09 [ 2.6308e-130 6.8817e-90 1.6732e-19 9.4908e-09 ] 0.0000e+00 [ 0.0000e+00 ] 1.0000e+00
 6.075e+01 8.5346e-09 8.5346e-09 [ 1.0710e-130 3.2600e-90 1.3016e-19 8.5346e-09 ] 0.0000e+00 [ 0.0000e+00 ] 1.0000e+00
 6.086e+01 7.6722e-09 7.6722e-09 [ 4.3593e-131 1.5434e-90 1.0119e-19 7.6722e-09 ] 0.0000e+00 [ 0.0000e+00 ] 1.0000e+00
 6.097e+01 6.8946e-09 6.8946e-09 [ 1.7738e-131 7.3023e-91 7.8616e-20 6.8946e-09 ] 0.0000e+00 [ 0.0000e+00 ] 1.0000e+00
 6.109e+01 6.1938e-09 6.1938e-09 [ 7.2160e-132 3.4529e-91 6.1041e-20 6.1938e-09 ] 0.0000e+00 [ 0.0000e+00 ] 1.0000e+00
 6.120e+01 5.5623e-09 5.5623e-09 [ 2.9348e-132 1.6318e-91 4.7365e-20 5.5623e-09 ] 0.0000e+00 [ 0.0000e+00 ] 1.0000e+00
 6.131e+01 4.9936e-09 4.9936e-09 [ 1.1933e-132 7.7066e-92 3.6731e-20 4.9936e-09 ] 0.0000e+00 [ 0.0000e+00 ] 1.0000e+00
 6.143e+01 4.4815e-09 4.4815e-09 [ 4.8507e-133 3.6376e-92 2.8466e-20 4.4815e-09 ] 0.0000e+00 [ 0.0000e+00 ] 1.0000e+00
 6.154e+01 4.0205e-09 4.0205e-09 [ 1.9714e-133 1.7160e-92 2.2047e-20 4.0205e-09 ] 0.0000e+00 [ 0.0000e+00 ] 1.0000e+00
 6.165e+01 3.6058e-09 3.6058e-09 [ 8.0097e-134 8.0900e-93 1.7065e-20 3.6058e-09 ] 0.0000e+00 [ 0.0000e+00 ] 1.0000e+00
 6.177e+01 3.2328e-09 3.2328e-09 [ 3.2536e-134 3.8118e-93 1.3201e-20 3.2328e-09 ] 0.0000e+00 [ 0.0000e+00 ] 1.0000e+00
 6.188e+01 2.8974e-09 2.8974e-09 [ 1.3213e-134 1.7950e-93 1.0205e-20 2.8974e-09 ] 0.0000e+00 [ 0.0000e+00 ] 1.0000e+00
 6.199e+01 2.5959e-09 2.5959e-09 [ 5.3645e-135 8.4477e-94 7.8845e-21 2.5959e-09 ] 0.0000e+00 [ 0.0000e+00 ] 1.0000e+00
 6.211e+01 2.3250e-09 2.3250e-09 [ 2.1775e-135 3.9734e-94 6.0878e-21 2.3250e-09 ] 0.0000e+00 [ 0.0000e+00 ] 1.0000e+00
 6.222e+01 2.0817e-09 2.0817e-09 [ 8.8365e-136 1.8678e-94 4.6976e-21 2.0817e-09 ] 0.0000e+00 [ 0.0000e+00 ] 1.0000e+00
 6.233e+01 1.8632e-09 1.8632e-09 [ 3.5851e-136 8.7752e-95 3.6226e-21 1.8632e-09 ] 0.0000e+00 [ 0.0000e+00 ] 1.0000e+00
 6.245e+01 1.6671e-09 1.6671e-09 [ 1.4542e-136 4.1203e-95 2.7919e-21 1.6671e-09 ] 0.0000e+00 [ 0.0000e+00 ] 1.0000e+00
 6.256e+01 1.4912e-09 1.4912e-09 [ 5.8970e-137 1.9336e-95 2.1504e-21 1.4912e-09 ] 0.0000e+00 [ 0.0000e+00 ] 1.0000e+00
 6.267e+01 1.3333e-09 1.3333e-09 [ 2.3908e-137 9.0685e-96 1.6553e-21 1.3333e-09 ] 0.0000e+00 [ 0.0000e+00 ] 1.0000e+00
 6.279e+01 1.1918e-09 1.1918e-09 [ 9.6905e-138 4.2508e-96 1.2734e-21 1.1918e-09 ] 0.0000e+00 [ 0.0000e+00 ] 1.0000e+00
 6.290e+01 1.0650e-09 1.0650e-09 [ 3.9269e-138 1.9914e-96 9.7898e-22 1.0650e-09 ] 0.0000e+00 [ 0.0000e+00 ] 1.0000e+00
 6.301e+01 9.5129e-10 9.5129e-10 [ 1.5909e-138 9.3239e-97 7.5219e-22 9.5129e-10 ] 0.0000e+00 [ 0.0000e+00 ] 1.0000e+00
 6.313e+01 8.4947e-10 8.4947e-10 [ 6.4439e-139 4.3631e-97 5.7758e-22 8.4947e-10 ] 0.0000e+00 [ 0.0000e+00 ] 1.0000e+00
 6.324e+01 7.5829e-10 7.5829e-10 [ 2.6094e-139 2.0405e-97 4.4324e-22 7.5829e-10 ] 0.0000e+00 [ 0.0000e+00 ] 1.0000e+00
 6.335e+01 6.7668e-10 6.7668e-10 [ 1.0564e-139 9.5380e-98 3.3994e-22 6.7668e-10 ] 0.0000e+00 [ 0.0000e+00 ] 1.0000e+00
 6.347e+01 6.0364e-10 6.0364e-10 [ 4.2760e-140 4.4558e-98 2.6055e-22 6.0364e-10 ] 0.0000e+00 [ 0.0000e+00 ] 1.0000e+00
 6.358e+01 5.3832e-10 5.3832e-10 [ 1.7303e-140 2.0804e-98 1.9958e-22 5.3832e-10 ] 0.0000e+00 [ 0.0000e+00 ] 1.0000e+00
 6.369e+01 4.7990e-10 4.7990e-10 [ 7.0003e-141 9.7083e-99 1.5279e-22 4.7990e-10 ] 0.0000e+00 [ 0.0000e+00 ] 1.0000e+00
 6.381e+01 4.2768e-10 4.2768e-10 [ 2.8314e-141 4.5278e-99 1.1690e-22 4.2768e-10 ] 0.0000e+00 [ 0.0000e+00 ] 1.0000e+00
 6.392e+01 3.8101e-10 3.8101e-10 [ 1.1450e-141 2.1106e-99 8.9380e-23 3.8101e-10 ] 0.0000e+00 [ 0.0000e+00 ] 1.0000e+00
 6.403e+01 3.3933e-10 3.3933e-10 [ 4.6289e-142 9.8325e-100 6.8299e-23 3.3933e-10 ] 0.0000e+00 [ 0.0000e+00 ] 1.0000e+00
 6.415e+01 3.0210e-10 3.0210e-10 [ 1.8709e-142 4.5782e-100 5.2159e-23 3.0210e-10 ] 0.0000e+00 [ 0.0000e+00 ] 1.0000e+00
 6.426e+01 2.6887e-10 2.6887e-10 [ 7.5603e-143 2.1305e-100 3.9809e-23 2.6887e-10 ] 0.0000e+00 [ 0.0000e+00 ] 1.0000e+00
 6.437e+01 2.3921e-10 2.3921e-10 [ 3.0544e-143 9.9094e-101 3.0365e-23 2.3921e-10 ] 0.0000e+00 [ 0.0000e+00 ] 1.0000e+00
 6.449e+01 2.1276e-10 2.1276e-10 [ 1.2337e-143 4.6064e-101 2.3148e-23 2.1276e-10 ] 0.0000e+00 [ 0.0000e+00 ] 1.0000e+00
 6.460e+01 1.8917e-10 1.8917e-10 [ 4.9817e-144 2.1402e-101 1.7635e-23 1.8917e-10 ] 0.0000e+00 [ 0.0000e+00 ] 1.0000e+00
 6.471e+01 1.6814e-10 1.6814e-10 [ 2.0112e-144 9.9380e-102 1.3427e-23 1.6814e-10 ] 0.0000e+00 [ 0.0000e+00 ] 1.0000e+00
 6.483e+01 1.4939e-10 1.4939e-10 [ 8.1175e-145 4.6122e-102 1.0217e-23 1.4939e-10 ] 0.0000e+00 [ 0.0000e+00 ] 1.0000e+00
 6.494e+01 1.3269e-10 1.3269e-10 [ 3.2756e-145 2.1394e-102 7.7696e-24 1.3269e-10 ] 0.0000e+00 [ 0.0000e+00 ] 1.0000e+00
 6.505e+01 1.1782e-10 1.1782e-10 [ 1.3215e-145 9.9182e-103 5.9050e-24 1.1782e-10 ] 0.0000e+00 [ 0.0000e+00 ] 1.0000e+00
 6.517e+01 1.0459e-10 1.0459e-10 [ 5.3300e-146 4.5956e-103 4.4851e-24 1.0459e-10 ] 0.0000e+00 [ 0.0000e+00 ] 1.0000e+00
 6.528e+01 9.2803e-11 9.2803e-11 [ 2.1493e-146 2.1282e-103 3.4046e-24 9.2803e-11 ] 0.0000e+00 [ 0.0000e+00 ] 1.0000e+00
 6.539e+01 8.2322e-11 8.2322e-11 [ 8.6647e-147 9.8505e-104 2.5829e-24 8.2322e-11 ] 0.0000e+00 [ 0.0000e+00 ] 1.0000e+00
 6.551e+01 7.2999e-11 7.2999e-11 [ 3.4923e-147 4.5569e-104 1.9583e-24 7.2999e-11 ] 0.0000e+00 [ 0.0000e+00 ] 1.0000e+00
 6.562e+01 6.4711e-11 6.4711e-11 [ 1.4072e-147 2.1069e-104 1.4838e-24 6.4711e-11 ] 0.0000e+00 [ 0.0000e+00 ] 1.0000e+00
 6.573e+01 5.7345e-11 5.7345e-11 [ 5.6690e-148 9.7361e-105 1.1237e-24 5.7345e-11 ] 0.0000e+00 [ 0.0000e+00 ] 1.0000e+00
 6.585e+01 5.0801e-11 5.0801e-11 [ 2.2833e-148 4.4967e-105 8.5039e-25 5.0801e-11 ] 0.0000e+00 [ 0.0000e+00 ] 1.0000e+00
 6.596e+01 4.4989e-11 4.4989e-11 [ 9.1938e-149 2.0758e-105 6.4319e-25 4.4989e-11 ] 0.0000e+00 [ 0.0000e+00 ] 1.0000e+00
 6.607e+01 3.9828e-11 3.9828e-11 [ 3.7011e-149 9.5768e-106 4.8619e-25 3.9828e-11 ] 0.0000e+00 [ 0.0000e+00 ] 1.0000e+00
 6.619e+01 3.5248e-11 3.5248e-11 [ 1.4896e-149 4.4161e-106 3.6728e-25 3.5248e-11 ] 0.0000e+00 [ 0.0000e+00 ] 1.0000e+00
 6.630e+01 3.1184e-11 3.1184e-11 [ 5.9935e-150 2.0353e-106 2.7729e-25 3.1184e-11 ] 0.0000e+00 [ 0.0000e+00 ] 1.0000e+00
 6.641e+01 2.7580e-11 2.7580e-11 [ 2.4110e-150 9.3749e-107 2.0922e-25 2.7580e-11 ] 0.0000e+00 [ 0.0000e+00 ] 1.0000e+00
 6.653e+01 2.4384e-11 2.4384e-11 [ 9.6964e-151 4.3161e-107 1.5777e-25 2.4384e-11 ] 0.0000e+00 [ 0.0000e+00 ] 1.0000e+00
 6.664e+01 2.1551e-11 2.1551e-11 [ 3.8986e-151 1.9860e-107 1.1889e-25 2.1551e-11 ] 0.0000e+00 [ 0.0000e+00 ] 1.0000e+00
 6.675e+01 1.9041e-11 1.9041e-11 [ 1.5671e-151 9.1333e-108 8.9545e-26 1.9041e-11 ] 0.0000e+00 [ 0.0000e+00 ] 1.0000e+00
 6.687e+01 1.6818e-11 1.6818e-11 [ 6.2979e-152 4.1981e-108 6.7400e-26 1.6818e-11 ] 0.0000e+00 [ 0.0000e+00 ] 1.0000e+00
 6.698e+01 1.4850e-11 1.4850e-11 [ 2.5303e-152 1.9286e-108 5.0700e-26 1.4850e-11 ] 0.0000e+00 [ 0.0000e+00 ] 1.0000e+00
 6.709e+01 1.3107e-11 1.3107e-11 [ 1.0163e-152 8.8552e-109 3.8115e-26 1.3107e-11 ] 0.0000e+00 [ 0.0000e+00 ] 1.0000e+00
 6.721e+01 1.1565e-11 1.1565e-11 [ 4.0813e-153 4.0637e-109 2.8636e-26 1.1565e-11 ] 0.0000e+00 [ 0.0000e+00 ] 1.0000e+00
 6.732e+01 1.0202e-11 1.0202e-11 [ 1.6385e-153 1.8639e-109 2.1501e-26 1.0202e-11 ] 0.0000e+00 [ 0.0000e+00 ] 1.0000e+00
 6.743e+01 8.9957e-12 8.9957e-12 [ 6.5762e-154 8.5444e-110 1.6134e-26 8.9957e-12 ] 0.0000e+00 [ 0.0000e+00 ] 1.0000e+00
 6.755e+01 7.9297e-12 7.9297e-12 [ 2.6387e-154 3.9148e-110 1.2100e-26 7.9297e-12 ] 0.0000e+00 [ 0.0000e+00 ] 1.0000e+00
 6.766e+01 6.9878e-12 6.9878e-12 [ 1.0585e-154 1.7927e-110 9.0682e-27 6.9878e-12 ] 0.0000e+00 [ 0.0000e+00 ] 1.0000e+00
 6.777e+01 6.1556e-12 6.1556e-12 [ 4.2452e-155 8.2048e-111 6.7921e-27 6.1556e-12 ] 0.0000e+00 [ 0.0000e+00 ] 1.0000e+00
 6.789e+01 5.4208e-12 5.4208e-12 [ 1.7021e-155 3.7532e-111 5.0841e-27 5.4208e-12 ] 0.0000e+00 [ 0.0000e+00 ] 1.0000e+00
 6.800e+01 4.7722e-12 4.7722e-12 [ 6.8225e-156 1.7159e-111 3.8033e-27 4.7722e-12 ] 0.0000e+00 [ 0.0000e+00 ] 1.0000e+00
 6.811e+01 4.1998e-12 4.1998e-12 [ 2.7340e-156 7.8407e-112 2.8433e-27 4.1998e-12 ] 0.0000e+00 [ 0.0000e+00 ] 1.0000e+00
 6.823e+01 3.6948e-12 3.6948e-12 [ 1.0953e-156 3.5808e-112 2.1243e-27 3.6948e-12 ] 0.0000e+00 [ 0.0000e+00 ] 1.0000e+00
 6.834e+01 3.2494e-12 3.2494e-12 [ 4.3867e-157 1.6344e-112 1.5862e-27 3.2494e-12 ] 0.0000e+00 [ 0.0000e+00 ] 1.0000e+00
 6.845e+01 2.8568e-12 2.8568e-12 [ 1.7564e-157 7.4563e-113 1.1836e-27 2.8568e-12 ] 0.0000e+00 [ 0.0000e+00 ] 1.0000e+00
 6.857e+01 2.5109e-12 2.5109e-12 [ 7.0307e-158 3.3997e-113 8.8261e-28 2.5109e-12 ] 0.0000e+00 [ 0.0000e+00 ] 1.0000e+00
 6.868e+01 2.2060e-12 2.2060e-12 [ 2.8135e-158 1.5493e-113 6.5776e-28 2.2060e-12 ] 0.0000e+00 [ 0.0000e+00 ] 1.0000e+00
 6.879e+01 1.9376e-12 1.9376e-12 [ 1.1256e-158 7.0561e-114 4.8988e-28 1.9376e-12 ] 0.0000e+00 [ 0.0000e+00 ] 1.0000e+00
 6.891e+01 1.7013e-12 1.7013e-12 [ 4.5018e-159 3.2120e-114 3.6461e-28 1.7013e-12 ] 0.0000e+00 [ 0.0000e+00 ] 1.0000e+00
 6.902e+01 1.4933e-12 1.4933e-12 [ 1.8000e-159 1.4613e-114 2.7120e-28 1.4933e-12 ] 0.0000e+00 [ 0.0000e+00 ] 1.0000e+00
 6.913e+01 1.3103e-12 1.3103e-12 [ 7.1948e-160 6.6446e-115 2.0159e-28 1.3103e-12 ] 0.0000e+00 [ 0.0000e+00 ] 1.0000e+00
 6.925e+01 1.1493e-12 1.1493e-12 [ 2.8751e-160 3.0196e-115 1.4975e-28 1.1493e-12 ] 0.0000e+00 [ 0.0000e+00 ] 1.0000e+00
 6.936e+01 1.0078e-12 1.0078e-12 [ 1.1485e-160 1.3715e-115 1.1117e-28 1.0078e-12 ] 0.0000e+00 [ 0.0000e+00 ] 1.0000e+00
 6.947e+01 8.8341e-13 8.8341e-13 [ 4.5869e-161 6.2259e-116 8.2473e-29 8.8341e-13 ] 0.0000e+00 [ 0.0000e+00 ] 1.0000e+00
 6.959e+01 7.7413e-13 7.7413e-13 [ 1.8313e-161 2.8247e-116 6.1144e-29 7.7413e-13 ] 0.0000e+00 [ 0.0000e+00 ] 1.0000e+00
 6.970e+01 6.7815e-13 6.7815e-13 [ 7.3090e-162 1.2808e-116 4.5301e-29 6.7815e-13 ] 0.0000e+00 [ 0.0000e+00 ] 1.0000e+00
 6.981e+01 5.9387e-13 5.9387e-13 [ 2.9163e-162 5.8044e-117 3.3540e-29 5.9387e-13 ] 0.0000e+00 [ 0.0000e+00 ] 1.0000e+00
 6.993e+01 5.1989e-13 5.1989e-13 [ 1.1632e-162 2.6290e-117 2.4816e-29 5.1989e-13 ] 0.0000e+00 [ 0.0000e+00 ] 1.0000e+00
 7.004e+01 4.5498e-13 4.5498e-13 [ 4.6384e-163 1.1901e-117 1.8349e-29 4.5498e-13 ] 0.0000e+00 [ 0.0000e+00 ] 1.0000e+00
 7.015e+01 3.9805e-13 3.9805e-13 [ 1.8490e-163 5.3840e-118 1.3558e-29 3.9805e-13 ] 0.0000e+00 [ 0.0000e+00 ] 1.0000e+00
 7.027e+01 3.4812e-13 3.4812e-13 [ 7.3682e-164 2.4344e-118 1.0011e-29 3.4812e-13 ] 0.0000e+00 [ 0.0000e+00 ] 1.0000e+00
 7.038e+01 3.0436e-13 3.0436e-13 [ 2.9352e-164 1.1001e-118 7.3868e-30 3.0436e-13 ] 0.0000e+00 [ 0.0000e+00 ] 1.0000e+00
 7.049e+01 2.6601e-13 2.6601e-13 [ 1.1689e-164 4.9683e-119 5.4467e-30 2.6601e-13 ] 0.0000e+00 [ 0.0000e+00 ] 1.0000e+00
 7.061e+01 2.3242e-13 2.3242e-13 [ 4.6534e-165 2.2425e-119 4.0134e-30 2.3242e-13 ] 0.0000e+00 [ 0.0000e+00 ] 1.0000e+00
 7.072e+01 2.0300e-13 2.0300e-13 [ 1.8519e-165 1.0116e-119 2.9552e-30 2.0300e-13 ] 0.0000e+00 [ 0.0000e+00 ] 1.0000e+00
 7.083e+01 1.7725e-13 1.7725e-13 [ 7.3675e-166 4.5607e-120 2.1744e-30 1.7725e-13 ] 0.0000e+00 [ 0.0000e+00 ] 1.0000e+00
 7.095e+01 1.5471e-13 1.5471e-13 [ 2.9300e-166 2.0549e-120 1.5988e-30 1.5471e-13 ] 0.0000e+00 [ 0.0000e+00 ] 1.0000e+00
 7.106e+01 1.3500e-13 1.3500e-13 [ 1.1648e-166 9.2533e-121 1.1747e-30 1.3500e-13 ] 0.0000e+00 [ 0.0000e+00 ] 1.0000e+00
 7.117e+01 1.1776e-13 1.1776e-13 [ 4.6292e-167 4.1643e-121 8.6247e-31 1.1776e-13 ] 0.0000e+00 [ 0.0000e+00 ] 1.0000e+00
 7.129e+01 1.0268e-13 1.0268e-13 [ 1.8390e-167 1.8729e-121 6.3277e-31 1.0268e-13 ] 0.0000e+00 [ 0.0000e+00 ] 1.0000e+00
 7.140e+01 8.9511e-14 8.9511e-14 [ 7.3032e-168 8.4187e-122 4.6390e-31 8.9511e-14 ] 0.0000e+00 [ 0.0000e+00 ] 1.0000e+00
 7.151e+01 7.8003e-14 7.8003e-14 [ 2.8992e-168 3.7818e-122 3.3984e-31 7.8003e-14 ] 0.0000e+00 [ 0.0000e+00 ] 1.0000e+00
 7.163e+01 6.7952e-14 6.7952e-14 [ 1.1505e-168 1.6978e-122 2.4877e-31 6.7952e-14 ] 0.0000e+00 [ 0.0000e+00 ] 1.0000e+00
 7.174e+01 5.9176e-14 5.9176e-14 [ 4.5636e-169 7.6172e-123 1.8197e-31 5.9176e-14 ] 0.0000e+00 [ 0.0000e+00 ] 1.0000e+00
 7.185e+01 5.1518e-14 5.1518e-14 [ 1.8096e-169 3.4154e-123 1.3300e-31 5.1518e-14 ] 0.0000e+00 [ 0.0000e+00 ] 1.0000e+00
 7.197e+01 4.4835e-14 4.4835e-14 [ 7.1725e-170 1.5304e-123 9.7135e-32 4.4835e-14 ] 0.0000e+00 [ 0.0000e+00 ] 1.0000e+00
 7.208e+01 3.9007e-14 3.9007e-14 [ 2.8418e-170 6.8532e-124 7.0885e-32 3.9007e-14 ] 0.0000e+00 [ 0.0000e+00 ] 1.0000e+00
 7.219e+01 3.3926e-14 3.3926e-14 [ 1.1255e-170 3.0669e-124 5.1688e-32 3.3926e-14 ] 0.0000e+00 [ 0.0000e+00 ] 1.0000e+00
 7.231e+01 2.9496e-14 2.9496e-14 [ 4.4555e-171 1.3716e-124 3.7660e-32 2.9496e-14 ] 0.0000e+00 [ 0.0000e+00 ] 1.0000e+00
 7.242e+01 2.5637e-14 2.5637e-14 [ 1.7631e-171 6.1303e-125 2.7417e-32 2.5637e-14 ] 0.0000e+00 [ 0.0000e+00 ] 1.0000e+00
 7.253e+01 2.2275e-14 2.2275e-14 [ 6.9737e-172 2.7380e-125 1.9943e-32 2.2275e-14 ] 0.0000e+00 [ 0.0000e+00 ] 1.0000e+00
 7.265e+01 1.9348e-14 1.9348e-14 [ 2.7572e-172 1.2221e-125 1.4495e-32 1.9348e-14 ] 0.0000e+00 [ 0.0000e+00 ] 1.0000e+00
 7.276e+01 1.6800e-14 1.6800e-14 [ 1.0896e-172 5.4510e-126 1.0526e-32 1.6800e-14 ] 0.0000e+00 [ 0.0000e+00 ] 1.0000e+00
 7.287e+01 1.4583e-14 1.4583e-14 [ 4.3042e-173 2.4297e-126 7.6377e-33 1.4583e-14 ] 0.0000e+00 [ 0.0000e+00 ] 1.0000e+00
 7.299e+01 1.2654e-14 1.2654e-14 [ 1.6994e-173 1.0823e-126 5.5371e-33 1.2654e-14 ] 0.0000e+00 [ 0.0000e+00 ] 1.0000e+00
 7.310e+01 1.0977e-14 1.0977e-14 [ 6.7067e-174 4.8173e-127 4.0106e-33 1.0977e-14 ] 0.0000e+00 [ 0.0000e+00 ] 1.0000e+00
 7.321e+01 9.5186e-15 9.5186e-15 [ 2.6455e-174 2.1427e-127 2.9025e-33 9.5186e-15 ] 0.0000e+00 [ 0.0000e+00 ] 1.0000e+00
 7.333e+01 8.2515e-15 8.2515e-15 [ 1.0430e-174 9.5241e-128 2.0986e-33 8.2515e-15 ] 0.0000e+00 [ 0.0000e+00 ] 1.0000e+00
 7.344e+01 7.1507e-15 7.1507e-15 [ 4.1102e-175 4.2302e-128 1.5160e-33 7.1507e-15 ] 0.0000e+00 [ 0.0000e+00 ] 1.0000e+00
 7.355e+01 6.1948e-15 6.1948e-15 [ 1.6188e-175 1.8775e-128 1.0941e-33 6.1948e-15 ] 0.0000e+00 [ 0.0000e+00 ] 1.0000e+00
 7.367e+01 5.3649e-15 5.3649e-15 [ 6.3726e-176 8.3266e-129 7.8893e-34 5.3649e-15 ] 0.0000e+00 [ 0.0000e+00 ] 1.0000e+00
 7.378e+01 4.6446e-15 4.6446e-15 [ 2.5073e-176 3.6900e-129 5.6832e-34 4.6446e-15 ] 0.0000e+00 [ 0.0000e+00 ] 1.0000e+00
 7.389e+01 4.0197e-15 4.0197e-15 [ 9.8593e-177 1.6340e-129 4.0900e-34 4.0197e-15 ] 0.0000e+00 [ 0.0000e+00 ] 1.0000e+00
 7.401e+01 3.4778e-15 3.4778e-15 [ 3.8748e-177 7.2300e-130 2.9406e-34 3.4778e-15 ] 0.0000e+00 [ 0.0000e+00 ] 1.0000e+00
 7.412e+01 3.0079e-15 3.0079e-15 [ 1.5219e-177 3.1965e-130 2.1121e-34 3.0079e-15 ] 0.0000e+00 [ 0.0000e+00 ] 1.0000e+00
 7.423e+01 2.6006e-15 2.6006e-15 [ 5.9742e-178 1.4121e-130 1.5155e-34 2.6006e-15 ] 0.0000e+00 [ 0.0000e+00 ] 1.0000e+00
 7.435e+01 2.2477e-15 2.2477e-15 [ 2.3437e-178 6.2328e-131 1.0863e-34 2.2477e-15 ] 0.0000e+00 [ 0.0000e+00 ] 1.0000e+00
 7.446e+01 1.9421e-15 1.9421e-15 [ 9.1889e-179 2.7488e-131 7.7784e-35 1.9421e-15 ] 0.0000e+00 [ 0.0000e+00 ] 1.0000e+00
 7.457e+01 1.6774e-15 1.6774e-15 [ 3.6003e-179 1.2112e-131 5.5637e-35 1.6774e-15 ] 0.0000e+00 [ 0.0000e+00 ] 1.0000e+00
 7.469e+01 1.4483e-15 1.4483e-15 [ 1.4097e-179 5.3324e-132 3.9753e-35 1.4483e-15 ] 0.0000e+00 [ 0.0000e+00 ] 1.0000e+00
 7.480e+01 1.2501e-15 1.2501e-15 [ 5.5158e-180 2.3455e-132 2.8372e-35 1.2501e-15 ] 0.0000e+00 [ 0.0000e+00 ] 1.0000e+00
 7.491e+01 1.0787e-15 1.0787e-15 [ 2.1567e-180 1.0307e-132 2.0226e-35 1.0787e-15 ] 0.0000e+00 [ 0.0000e+00 ] 1.0000e+00
 7.503e+01 9.3039e-16 9.3039e-16 [ 8.4267e-181 4.5253e-133 1.4402e-35 9.3039e-16 ] 0.0000e+00 [ 0.0000e+00 ] 1.0000e+00
 7.514e+01 8.0222e-16 8.0222e-16 [ 3.2900e-181 1.9848e-133 1.0243e-35 8.0222e-16 ] 0.0000e+00 [ 0.0000e+00 ] 1.0000e+00
 7.525e+01 6.9146e-16 6.9146e-16 [ 1.2835e-181 8.6971e-134 7.2765e-36 6.9146e-16 ] 0.0000e+00 [ 0.0000e+00 ] 1.0000e+00
 7.537e+01 5.9578e-16 5.9578e-16 [ 5.0031e-182 3.8070e-134 5.1625e-36 5.9578e-16 ] 0.0000e+00 [ 0.0000e+00 ] 1.0000e+00
 7.548e+01 5.1314e-16 5.1314e-16 [ 1.9486e-182 1.6647e-134 3.6580e-36 5.1314e-16 ] 0.0000e+00 [ 0.0000e+00 ] 1.0000e+00
 7.559e+01 4.4181e-16 4.4181e-16 [ 7.5828e-183 7.2712e-135 2.5886e-36 4.4181e-16 ] 0.0000e+00 [ 0.0000e+00 ] 1.0000e+00
 7.571e+01 3.8024e-16 3.8024e-16 [ 2.9481e-183 3.1725e-135 1.8293e-36 3.8024e-16 ] 0.0000e+00 [ 0.0000e+00 ] 1.0000e+00
 7.582e+01 3.2713e-16 3.2713e-16 [ 1.1451e-183 1.3826e-135 1.2910e-36 3.2713e-16 ] 0.0000e+00 [ 0.0000e+00 ] 1.0000e+00
 7.593e+01 2.8132e-16 2.8132e-16 [ 4.4433e-184 6.0182e-136 9.0974e-37 2.8132e-16 ] 0.0000e+00 [ 0.0000e+00 ] 1.0000e+00
 7.605e+01 2.4182e-16 2.4182e-16 [ 1.7224e-184 2.6164e-136 6.4014e-37 2.4182e-16 ] 0.0000e+00 [ 0.0000e+00 ] 1.0000e+00
 7.616e+01 2.0778e-16 2.0778e-16 [ 6.6693e-185 1.1360e-136 4.4975e-37 2.0778e-16 ] 0.0000e+00 [ 0.0000e+00 ] 1.0000e+00
 7.627e+01 1.7845e-16 1.7845e-16 [ 2.5795e-185 4.9258e-137 3.1549e-37 1.7845e-16 ] 0.0000e+00 [ 0.0000e+00 ] 1.0000e+00
 7.639e+01 1.5318e-16 1.5318e-16 [ 9.9651e-186 2.1328e-137 2.2094e-37 1.5318e-16 ] 0.0000e+00 [ 0.0000e+00 ] 1.0000e+00
 7.650e+01 1.3143e-16 1.3143e-16 [ 3.8448e-186 9.2217e-138 1.5446e-37 1.3143e-16 ] 0.0000e+00 [ 0.0000e+00 ] 1.0000e+00
 7.661e+01 1.1270e-16 1.1270e-16 [ 1.4815e-186 3.9810e-138 1.0780e-37 1.1270e-16 ] 0.0000e+00 [ 0.0000e+00 ] 1.0000e+00
 7.673e+01 9.6589e-17 9.6589e-17 [ 5.7003e-187 1.7159e-138 7.5089e-38 9.6589e-17 ] 0.0000e+00 [ 0.0000e+00 ] 1.0000e+00
 7.684e+01 8.2727e-17 8.2727e-17 [ 2.1900e-187 7.3830e-139 5.2203e-38 8.2727e-17 ] 0.0000e+00 [ 0.0000e+00 ] 1.0000e+00
 7.695e+01 7.0807e-17 7.0807e-17 [ 8.4008e-188 3.1711e-139 3.6218e-38 7.0807e-17 ] 0.0000e+00 [ 0.0000e+00 ] 1.0000e+00
 7.707e+01 6.0559e-17 6.0559e-17 [ 3.2170e-188 1.3594e-139 2.5074e-38 6.0559e-17 ] 0.0000e+00 [ 0.0000e+00 ] 1.0000e+00
 7.718e+01 5.1752e-17 5.1752e-17 [ 1.2297e-188 5.8160e-140 1.7319e-38 5.1752e-17 ] 0.0000e+00 [ 0.0000e+00 ] 1.0000e+00
 7.729e+01 4.4184e-17 4.4184e-17 [ 4.6911e-189 2.4829e-140 1.1934e-38 4.4184e-17 ] 0.0000e+00 [ 0.0000e+00 ] 1.0000e+00
 7.741e+01 3.7684e-17 3.7684e-17 [ 1.7858e-189 1.0575e-140 8.2021e-39 3.7684e-17 ] 0.0000e+00 [ 0.0000e+00 ] 1.0000e+00
 7.752e+01 3.2102e-17 3.2102e-17 [ 6.7830e-190 4.4931e-141 5.6217e-39 3.2102e-17 ] 0.0000e+00 [ 0.0000e+00 ] 1.0000e+00
 7.763e+01 2.7310e-17 2.7310e-17 [ 2.5699e-190 1.9038e-141 3.8418e-39 2.7310e-17 ] 0.0000e+00 [ 0.0000e+00 ] 1.0000e+00
 7.775e+01 2.3196e-17 2.3196e-17 [ 9.7104e-191 8.0436e-142 2.6170e-39 2.3196e-17 ] 0.0000e+00 [ 0.0000e+00 ] 1.0000e+00
 7.786e+01 1.9666e-17 1.9666e-17 [ 3.6581e-191 3.3875e-142 1.7766e-39 1.9666e-17 ] 0.0000e+00 [ 0.0000e+00 ] 1.0000e+00
 7.797e+01 1.6636e-17 1.6636e-17 [ 1.3735e-191 1.4217e-142 1.2015e-39 1.6636e-17 ] 0.0000e+00 [ 0.0000e+00 ] 1.0000e+00
 7.809e+01 1.4036e-17 1.4036e-17 [ 5.1381e-192 5.9433e-143 8.0917e-40 1.4036e-17 ] 0.0000e+00 [ 0.0000e+00 ] 1.0000e+00
 7.820e+01 1.1805e-17 1.1805e-17 [ 1.9142e-192 2.4739e-143 5.4246e-40 1.1805e-17 ] 0.0000e+00 [ 0.0000e+00 ] 1.0000e+00
 7.831e+01 9.8906e-18 9.8906e-18 [ 7.0980e-193 1.0247e-143 3.6178e-40 9.8906e-18 ] 0.0000e+00 [ 0.0000e+00 ] 1.0000e+00
 7.843e+01 8.2468e-18 8.2468e-18 [ 2.6180e-193 4.2214e-144 2.3988e-40 8.2468e-18 ] 0.0000e+00 [ 0.0000e+00 ] 1.0000e+00
 7.854e+01 6.8352e-18 6.8352e-18 [ 9.5971e-194 1.7280e-144 1.5800e-40 6.8352e-18 ] 0.0000e+00 [ 0.0000e+00 ] 1.0000e+00
 7.865e+01 5.6224e-18 5.6224e-18 [ 3.4928e-194 7.0213e-145 1.0326e-40 5.6224e-18 ] 0.0000e+00 [ 0.0000e+00 ] 1.0000e+00
 7.877e+01 4.5799e-18 4.5799e-18 [ 1.2604e-194 2.8282e-145 6.6861e-41 4.5799e-18 ] 0.0000e+00 [ 0.0000e+00 ] 1.0000e+00
 7.888e+01 3.6837e-18 3.6837e-18 [ 4.5020e-195 1.1274e-145 4.2811e-41 3.6837e-18 ] 0.0000e+00 [ 0.0000e+00 ] 1.0000e+00
 7.899e+01 2.9132e-18 2.9132e-18 [ 1.5878e-195 4.4366e-146 2.7028e-41 2.9132e-18 ] 0.0000e+00 [ 0.0000e+00 ] 1.0000e+00
 7.911e+01 2.2518e-18 2.2518e-18 [ 5.5113e-196 1.7180e-146 1.6752e-41 2.2518e-18 ] 0.0000e+00 [ 0.0000e+00 ] 1.0000e+00
 7.922e+01 1.6859e-18 1.6859e-18 [ 1.8735e-196 6.5139e-147 1.0123e-41 1.6859e-18 ] 0.0000e+00 [ 0.0000e+00 ] 1.0000e+00
 7.933e+01 1.2054e-18 1.2054e-18 [ 6.1902e-197 2.3998e-147 5.8956e-42 1.2054e-18 ] 0.0000e+00 [ 0.0000e+00 ] 1.0000e+00
 7.945e+01 8.0361e-19 8.0361e-19 [ 1.9622e-197 8.4762e-148 3.2389e-42 8.0361e-19 ] 0.0000e+00 [ 0.0000e+00 ] 1.0000e+00
 7.956e+01 4.7760e-19 4.7760e-19 [ 5.8138e-198 2.7921e-148 1.6076e-42 4.7760e-19 ] 0.0000e+00 [ 0.0000e+00 ] 1.0000e+00
 7.967e+01 2.2907e-19 2.2907e-19 [ 1.5038e-198 7.9683e-149 6.5088e-43 2.2907e-19 ] 0.0000e+00 [ 0.0000e+00 ] 1.0000e+00
 7.979e+01 6.5161e-20 6.5161e-20 [ 2.5750e-199 1.4723e-149 1.5360e-43 6.5161e-20 ] 0.0000e+00 [ 0.0000e+00 ] 1.0000e+00
 7.990e+01 0.0000e+00 0.0000e+00 [ 0.0000e+00 0.0000e+00 0.0000e+00 0.0000e+00 ] 0.0000e+00 [ 0.0000e+00 ] 1.0000e+00
