 0.000e+00 0.0000e+00 0.0000e+00 [ 0.0000e+00 0.0000e+00 0.0000e+00 0.0000e+00 0.0000e+00 0.0000e+00 0.0000e+00 ] 0.0000e+00 [ 0.0000e+00 ] 1.0000e+00
 1.133e-01 1.4993e-03 1.4993e-03 [ 1.3297e-03 2.8699e-06 1.1080e-05 1.1141e-04 7.4533e-06 2.4045e-05 1.2779e-05 ] 0.0000e+00 [ 0.0000e+00 ] 9.9850e-01
 2.267e-01 3.1081e-03 3.1081e-03 [ 2.4300e-03 1.1479e-05 4.4376e-05 4.4741e-04 2.9924e-05 9.6443e-05 4.8495e-05 ] 0.0000e+00 [ 0.0000e+00 ] 9.9689e-01
 3.400e-01 4.8314e-03 4.8314e-03 [ 3.3029e-03 2.5820e-05 1.0003e-04 1.0130e-03 6.7729e-05 2.1792e-04 1.0399e-04 ] 0.0000e+00 [ 0.0000e+00 ] 9.9517e-01
 4.533e-01 6.7317e-03 6.7317e-03 [ 4.0039e-03 4.5860e-05 1.7821e-04 1.8160e-03 1.2136e-04 3.8959e-04 1.7674e-04 ] 0.0000e+00 [ 0.0000e+00 ] 9.9327e-01
 5.667e-01 8.8499e-03 8.8499e-03 [ 4.5639e-03 7.1535e-05 2.7910e-04 2.8664e-03 1.9145e-04 6.1284e-04 2.6473e-04 ] 0.0000e+00 [ 0.0000e+00 ] 9.9115e-01
 6.800e-01 1.1223e-02 1.1223e-02 [ 5.0071e-03 1.0274e-04 4.0283e-04 4.1757e-03 2.7877e-04 8.8923e-04 3.6636e-04 ] 0.0000e+00 [ 0.0000e+00 ] 9.8878e-01
 7.933e-01 1.3883e-02 1.3883e-02 [ 5.3524e-03 1.3930e-04 5.4944e-04 5.7566e-03 3.8415e-04 1.2204e-03 4.8040e-04 ] 0.0000e+00 [ 0.0000e+00 ] 9.8612e-01
 9.067e-01 1.6859e-02 1.6859e-02 [ 5.6147e-03 1.8098e-04 7.1881e-04 7.6218e-03 5.0848e-04 1.6079e-03 6.0589e-04 ] 0.0000e+00 [ 0.0000e+00 ] 9.8314e-01
 1.020e+00 2.0174e-02 2.0174e-02 [ 5.8053e-03 2.2746e-04 9.1059e-04 9.7831e-03 6.5260e-04 2.0531e-03 7.4212e-04 ] 0.0000e+00 [ 0.0000e+00 ] 9.7983e-01
 1.133e+00 2.3848e-02 2.3848e-02 [ 5.9330e-03 2.7829e-04 1.1241e-03 1.2250e-02 8.1727e-04 2.5569e-03 8.8848e-04 ] 0.0000e+00 [ 0.0000e+00 ] 9.7615e-01
 1.247e+00 2.7891e-02 2.7891e-02 [ 6.0044e-03 3.3293e-04 1.3583e-03 1.5029e-02 1.0031e-03 3.1195e-03 1.0445e-03 ] 0.0000e+00 [ 0.0000e+00 ] 9.7211e-01
 1.360e+00 3.2307e-02 3.2307e-02 [ 6.0246e-03 3.9065e-04 1.6115e-03 1.8120e-02 1.2104e-03 3.7402e-03 1.2097e-03 ] 0.0000e+00 [ 0.0000e+00 ] 9.6769e-01
 1.473e+00 3.7085e-02 3.7085e-02 [ 5.9973e-03 4.5060e-04 1.8815e-03 2.1516e-02 1.4390e-03 4.4172e-03 1.3835e-03 ] 0.0000e+00 [ 0.0000e+00 ] 9.6291e-01
 1.587e+00 4.2206e-02 4.2206e-02 [ 5.9256e-03 5.1174e-04 2.1653e-03 2.5202e-02 1.6885e-03 5.1472e-03 1.5653e-03 ] 0.0000e+00 [ 0.0000e+00 ] 9.5779e-01
 1.700e+00 4.7630e-02 4.7630e-02 [ 5.8118e-03 5.7282e-04 2.4589e-03 2.9150e-02 1.9576e-03 5.9252e-03 1.7542e-03 ] 0.0000e+00 [ 0.0000e+00 ] 9.5237e-01
 1.813e+00 5.3305e-02 5.3305e-02 [ 5.6579e-03 6.3245e-04 2.7577e-03 3.3319e-02 2.2443e-03 6.7442e-03 1.9489e-03 ] 0.0000e+00 [ 0.0000e+00 ] 9.4669e-01
 1.927e+00 5.9156e-02 5.9156e-02 [ 5.4661e-03 6.8907e-04 3.0557e-03 3.7656e-02 2.5459e-03 7.5951e-03 2.1481e-03 ] 0.0000e+00 [ 0.0000e+00 ] 9.4084e-01
 2.040e+00 6.5093e-02 6.5093e-02 [ 5.2387e-03 7.4101e-04 3.3465e-03 4.2092e-02 2.8587e-03 8.4668e-03 2.3497e-03 ] 0.0000e+00 [ 0.0000e+00 ] 9.3491e-01
 2.153e+00 7.1006e-02 7.1006e-02 [ 4.9786e-03 7.8656e-04 3.6227e-03 4.6543e-02 3.1782e-03 9.3460e-03 2.5515e-03 ] 0.0000e+00 [ 0.0000e+00 ] 9.2899e-01
 2.267e+00 7.6771e-02 7.6771e-02 [ 4.6893e-03 8.2404e-04 3.8764e-03 5.0914e-02 3.4989e-03 1.0218e-02 2.7508e-03 ] 0.0000e+00 [ 0.0000e+00 ] 9.2323e-01
 2.380e+00 8.2252e-02 8.2252e-02 [ 4.3751e-03 8.5191e-04 4.0995e-03 5.5101e-02 3.8146e-03 1.1065e-02 2.9444e-03 ] 0.0000e+00 [ 0.0000e+00 ] 9.1775e-01
 2.493e+00 8.7308e-02 8.7308e-02 [ 4.0411e-03 8.6888e-04 4.2843e-03 5.8994e-02 4.1188e-03 1.1872e-02 3.1292e-03 ] 0.0000e+00 [ 0.0000e+00 ] 9.1269e-01
 2.607e+00 9.1802e-02 9.1802e-02 [ 3.6932e-03 8.7402e-04 4.4236e-03 6.2486e-02 4.4043e-03 1.2620e-02 3.3014e-03 ] 0.0000e+00 [ 0.0000e+00 ] 9.0820e-01
 2.720e+00 9.5604e-02 9.5604e-02 [ 3.3377e-03 8.6685e-04 4.5117e-03 6.5473e-02 4.6641e-03 1.3292e-02 3.4577e-03 ] 0.0000e+00 [ 0.0000e+00 ] 9.0440e-01
 2.833e+00 9.8601e-02 9.8601e-02 [ 2.9814e-03 8.4743e-04 4.5443e-03 6.7867e-02 4.8918e-03 1.3874e-02 3.5947e-03 ] 0.0000e+00 [ 0.0000e+00 ] 9.0140e-01
 2.947e+00 1.0071e-01 1.0071e-01 [ 2.6311e-03 8.1634e-04 4.5193e-03 6.9598e-02 5.0813e-03 1.4352e-02 3.7094e-03 ] 0.0000e+00 [ 0.0000e+00 ] 8.9929e-01
 3.060e+00 1.0186e-01 1.0186e-01 [ 2.2931e-03 7.7473e-04 4.4369e-03 7.0617e-02 5.2278e-03 1.4715e-02 3.7993e-03 ] 0.0000e+00 [ 0.0000e+00 ] 8.9814e-01
 3.173e+00 1.0205e-01 1.0205e-01 [ 1.9731e-03 7.2420e-04 4.2996e-03 7.0903e-02 5.3278e-03 1.4958e-02 3.8625e-03 ] 0.0000e+00 [ 0.0000e+00 ] 8.9795e-01
 3.287e+00 1.0127e-01 1.0127e-01 [ 1.6758e-03 6.6670e-04 4.1122e-03 7.0462e-02 5.3790e-03 1.5075e-02 3.8979e-03 ] 0.0000e+00 [ 0.0000e+00 ] 8.9873e-01
 3.400e+00 9.9572e-02 9.9572e-02 [ 1.4048e-03 6.0443e-04 3.8815e-03 6.9326e-02 5.3811e-03 1.5069e-02 3.9051e-03 ] 0.0000e+00 [ 0.0000e+00 ] 9.0043e-01
 3.513e+00 9.7032e-02 9.7032e-02 [ 1.1622e-03 5.3964e-04 3.6160e-03 6.7551e-02 5.3350e-03 1.4944e-02 3.8848e-03 ] 0.0000e+00 [ 0.0000e+00 ] 9.0297e-01
 3.627e+00 9.3746e-02 9.3746e-02 [ 9.4896e-04 4.7450e-04 3.3249e-03 6.5210e-02 5.2434e-03 1.4705e-02 3.8382e-03 ] 0.0000e+00 [ 0.0000e+00 ] 9.0625e-01
 3.740e+00 8.9831e-02 8.9831e-02 [ 7.6483e-04 4.1096e-04 3.0180e-03 6.2395e-02 5.1101e-03 1.4365e-02 3.7672e-03 ] 0.0000e+00 [ 0.0000e+00 ] 9.1017e-01
 3.853e+00 8.5415e-02 8.5415e-02 [ 6.0857e-04 3.5066e-04 2.7047e-03 5.9201e-02 4.9401e-03 1.3935e-02 3.6744e-03 ] 0.0000e+00 [ 0.0000e+00 ] 9.1459e-01
 3.967e+00 8.0626e-02 8.0626e-02 [ 4.7818e-04 2.9485e-04 2.3939e-03 5.5728e-02 4.7390e-03 1.3429e-02 3.5628e-03 ] 0.0000e+00 [ 0.0000e+00 ] 9.1937e-01
 4.080e+00 7.5593e-02 7.5593e-02 [ 3.7114e-04 2.4439e-04 2.0932e-03 5.2074e-02 4.5129e-03 1.2861e-02 3.4354e-03 ] 0.0000e+00 [ 0.0000e+00 ] 9.2441e-01
 4.193e+00 7.0433e-02 7.0433e-02 [ 2.8462e-04 1.9976e-04 1.8087e-03 4.8329e-02 4.2680e-03 1.2247e-02 3.2956e-03 ] 0.0000e+00 [ 0.0000e+00 ] 9.2957e-01
 4.307e+00 6.5252e-02 6.5252e-02 [ 2.1575e-04 1.6107e-04 1.5451e-03 4.4574e-02 4.0104e-03 1.1599e-02 3.1466e-03 ] 0.0000e+00 [ 0.0000e+00 ] 9.3475e-01
 4.420e+00 6.0141e-02 6.0141e-02 [ 1.6170e-04 1.2817e-04 1.3055e-03 4.0876e-02 3.7456e-03 1.0932e-02 2.9914e-03 ] 0.0000e+00 [ 0.0000e+00 ] 9.3986e-01
 4.533e+00 5.5174e-02 5.5174e-02 [ 1.1988e-04 1.0071e-04 1.0915e-03 3.7293e-02 3.4790e-03 1.0257e-02 2.8329e-03 ] 0.0000e+00 [ 0.0000e+00 ] 9.4483e-01
 4.647e+00 5.0410e-02 5.0410e-02 [ 8.7942e-05 7.8162e-05 9.0334e-04 3.3867e-02 3.2147e-03 9.5850e-03 2.6735e-03 ] 0.0000e+00 [ 0.0000e+00 ] 9.4959e-01
 4.760e+00 4.5890e-02 4.5890e-02 [ 6.3857e-05 5.9953e-05 7.4048e-04 3.0630e-02 2.9568e-03 8.9240e-03 2.5153e-03 ] 0.0000e+00 [ 0.0000e+00 ] 9.5411e-01
 4.873e+00 4.1645e-02 4.1645e-02 [ 4.5913e-05 4.5468e-05 6.0147e-04 2.7602e-02 2.7080e-03 8.2813e-03 2.3601e-03 ] 0.0000e+00 [ 0.0000e+00 ] 9.5836e-01
 4.987e+00 3.7690e-02 3.7690e-02 [ 3.2698e-05 3.4110e-05 4.8436e-04 2.4796e-02 2.4707e-03 7.6626e-03 2.2092e-03 ] 0.0000e+00 [ 0.0000e+00 ] 9.6231e-01
 5.100e+00 3.4032e-02 3.4032e-02 [ 2.3074e-05 2.5324e-05 3.8687e-04 2.2214e-02 2.2466e-03 7.0720e-03 2.0639e-03 ] 0.0000e+00 [ 0.0000e+00 ] 9.6597e-01
 5.213e+00 3.0670e-02 3.0670e-02 [ 1.6138e-05 1.8616e-05 3.0664e-04 1.9855e-02 2.0367e-03 6.5123e-03 1.9248e-03 ] 0.0000e+00 [ 0.0000e+00 ] 9.6933e-01
 5.327e+00 2.7597e-02 2.7597e-02 [ 1.1190e-05 1.3554e-05 2.4130e-04 1.7711e-02 1.8415e-03 5.9853e-03 1.7925e-03 ] 0.0000e+00 [ 0.0000e+00 ] 9.7240e-01
 5.440e+00 2.4800e-02 2.4800e-02 [ 7.6954e-06 9.7798e-06 1.8860e-04 1.5774e-02 1.6612e-03 5.4918e-03 1.6673e-03 ] 0.0000e+00 [ 0.0000e+00 ] 9.7520e-01
 5.553e+00 2.2265e-02 2.2265e-02 [ 5.2496e-06 6.9954e-06 1.4647e-04 1.4029e-02 1.4956e-03 5.0320e-03 1.5493e-03 ] 0.0000e+00 [ 0.0000e+00 ] 9.7774e-01
 5.667e+00 1.9975e-02 1.9975e-02 [ 3.5534e-06 4.9623e-06 1.1308e-04 1.2465e-02 1.3444e-03 4.6053e-03 1.4385e-03 ] 0.0000e+00 [ 0.0000e+00 ] 9.8003e-01
 5.780e+00 1.7911e-02 1.7911e-02 [ 2.3873e-06 3.4924e-06 8.6811e-05 1.1066e-02 1.2068e-03 4.2109e-03 1.3349e-03 ] 0.0000e+00 [ 0.0000e+00 ] 9.8209e-01
 5.893e+00 1.6056e-02 1.6056e-02 [ 1.5922e-06 2.4393e-06 6.6299e-05 9.8184e-03 1.0821e-03 3.8473e-03 1.2381e-03 ] 0.0000e+00 [ 0.0000e+00 ] 9.8394e-01
 6.007e+00 1.4392e-02 1.4392e-02 [ 1.0545e-06 1.6915e-06 5.0385e-05 8.7082e-03 9.6949e-04 3.5132e-03 1.1480e-03 ] 0.0000e+00 [ 0.0000e+00 ] 9.8561e-01
 6.120e+00 1.2901e-02 1.2901e-02 [ 6.9364e-07 1.1649e-06 3.8116e-05 7.7220e-03 8.6810e-04 3.2067e-03 1.0643e-03 ] 0.0000e+00 [ 0.0000e+00 ] 9.8710e-01
 6.233e+00 1.1567e-02 1.1567e-02 [ 4.5330e-07 7.9698e-07 2.8710e-05 6.8471e-03 7.7702e-04 2.9262e-03 9.8648e-04 ] 0.0000e+00 [ 0.0000e+00 ] 9.8843e-01
 6.347e+00 1.0374e-02 1.0374e-02 [ 2.9436e-07 5.4184e-07 2.1538e-05 6.0719e-03 6.9538e-04 2.6699e-03 9.1434e-04 ] 0.0000e+00 [ 0.0000e+00 ] 9.8963e-01
 6.460e+00 9.3081e-03 9.3081e-03 [ 1.8999e-07 3.6617e-07 1.6095e-05 5.3856e-03 6.2233e-04 2.4360e-03 8.4751e-04 ] 0.0000e+00 [ 0.0000e+00 ] 9.9069e-01
 6.573e+00 8.3563e-03 8.3563e-03 [ 1.2190e-07 2.4604e-07 1.1985e-05 4.7784e-03 5.5705e-04 2.2228e-03 7.8563e-04 ] 0.0000e+00 [ 0.0000e+00 ] 9.9164e-01
 6.687e+00 7.5064e-03 7.5064e-03 [ 7.7773e-08 1.6441e-07 8.8936e-06 4.2415e-03 4.9879e-04 2.0287e-03 7.2836e-04 ] 0.0000e+00 [ 0.0000e+00 ] 9.9249e-01
 6.800e+00 6.7477e-03 6.7477e-03 [ 4.9348e-08 1.0929e-07 6.5782e-06 3.7667e-03 4.4685e-04 1.8520e-03 6.7539e-04 ] 0.0000e+00 [ 0.0000e+00 ] 9.9325e-01
 6.913e+00 6.0702e-03 6.0702e-03 [ 3.1147e-08 7.2282e-08 4.8505e-06 3.3471e-03 4.0056e-04 1.6912e-03 6.2639e-04 ] 0.0000e+00 [ 0.0000e+00 ] 9.9393e-01
 7.027e+00 5.4652e-03 5.4652e-03 [ 1.9560e-08 4.7575e-08 3.5660e-06 2.9761e-03 3.5933e-04 1.5450e-03 5.8107e-04 ] 0.0000e+00 [ 0.0000e+00 ] 9.9454e-01
 7.140e+00 4.9246e-03 4.9246e-03 [ 1.2223e-08 3.1169e-08 2.6142e-06 2.6481e-03 3.2261e-04 1.4121e-03 5.3917e-04 ] 0.0000e+00 [ 0.0000e+00 ] 9.9508e-01
 7.253e+00 4.4415e-03 4.4415e-03 [ 7.6027e-09 2.0330e-08 1.9112e-06 2.3579e-03 2.8992e-04 1.2913e-03 5.0041e-04 ] 0.0000e+00 [ 0.0000e+00 ] 9.9556e-01
 7.367e+00 4.0095e-03 4.0095e-03 [ 4.7074e-09 1.3203e-08 1.3935e-06 2.1013e-03 2.6080e-04 1.1815e-03 4.6456e-04 ] 0.0000e+00 [ 0.0000e+00 ] 9.9599e-01
 7.480e+00 3.6230e-03 3.6230e-03 [ 2.9020e-09 8.5393e-09 1.0135e-06 1.8741e-03 2.3487e-04 1.0816e-03 4.3139e-04 ] 0.0000e+00 [ 0.0000e+00 ] 9.9638e-01
 7.593e+00 3.2769e-03 3.2769e-03 [ 1.7815e-09 5.5010e-09 7.3522e-07 1.6729e-03 2.1177e-04 9.9077e-04 4.0070e-04 ] 0.0000e+00 [ 0.0000e+00 ] 9.9672e-01
 7.707e+00 2.9668e-03 2.9668e-03 [ 1.0892e-09 3.5301e-09 5.3208e-07 1.4946e-03 1.9117e-04 9.0813e-04 3.7229e-04 ] 0.0000e+00 [ 0.0000e+00 ] 9.9703e-01
 7.820e+00 2.6887e-03 2.6887e-03 [ 6.6331e-10 2.2569e-09 3.8415e-07 1.3366e-03 1.7279e-04 8.3291e-04 3.4599e-04 ] 0.0000e+00 [ 0.0000e+00 ] 9.9731e-01
 7.933e+00 2.4391e-03 2.4391e-03 [ 4.0243e-10 1.4376e-09 2.7671e-07 1.1964e-03 1.5639e-04 7.6443e-04 3.2163e-04 ] 0.0000e+00 [ 0.0000e+00 ] 9.9756e-01
 8.047e+00 2.2149e-03 2.2149e-03 [ 2.4326e-10 9.1257e-10 1.9886e-07 1.0719e-03 1.4173e-04 7.0205e-04 2.9906e-04 ] 0.0000e+00 [ 0.0000e+00 ] 9.9779e-01
 8.160e+00 2.0134e-03 2.0134e-03 [ 1.4652e-10 5.7728e-10 1.4260e-07 9.6130e-04 1.2863e-04 6.4519e-04 2.7815e-04 ] 0.0000e+00 [ 0.0000e+00 ] 9.9799e-01
 8.273e+00 1.8321e-03 1.8321e-03 [ 8.7947e-11 3.6396e-10 1.0203e-07 8.6296e-04 1.1690e-04 5.9333e-04 2.5876e-04 ] 0.0000e+00 [ 0.0000e+00 ] 9.9817e-01
 8.387e+00 1.6687e-03 1.6687e-03 [ 5.2612e-11 2.2871e-10 7.2842e-08 7.7546e-04 1.0639e-04 5.4601e-04 2.4077e-04 ] 0.0000e+00 [ 0.0000e+00 ] 9.9833e-01
 8.500e+00 1.5214e-03 1.5214e-03 [ 3.1371e-11 1.4326e-10 5.1894e-08 6.9753e-04 9.6958e-05 5.0281e-04 2.2409e-04 ] 0.0000e+00 [ 0.0000e+00 ] 9.9848e-01
 8.613e+00 1.3886e-03 1.3886e-03 [ 1.8645e-11 8.9454e-11 3.6892e-08 6.2808e-04 8.8493e-05 4.6333e-04 2.0861e-04 ] 0.0000e+00 [ 0.0000e+00 ] 9.9861e-01
 8.727e+00 1.2685e-03 1.2685e-03 [ 1.1047e-11 5.5683e-11 2.6172e-08 5.6612e-04 8.0882e-05 4.2724e-04 1.9424e-04 ] 0.0000e+00 [ 0.0000e+00 ] 9.9873e-01
 8.840e+00 1.1600e-03 1.1600e-03 [ 6.5253e-12 3.4555e-11 1.8529e-08 5.1079e-04 7.4030e-05 3.9422e-04 1.8090e-04 ] 0.0000e+00 [ 0.0000e+00 ] 9.9884e-01
 8.953e+00 1.0617e-03 1.0617e-03 [ 3.8427e-12 2.1379e-11 1.3091e-08 4.6136e-04 6.7855e-05 3.6399e-04 1.6851e-04 ] 0.0000e+00 [ 0.0000e+00 ] 9.9894e-01
 9.067e+00 9.7272e-04 9.7272e-04 [ 2.2562e-12 1.3187e-11 9.2306e-09 4.1714e-04 6.2282e-05 3.3630e-04 1.5699e-04 ] 0.0000e+00 [ 0.0000e+00 ] 9.9903e-01
 9.180e+00 8.9201e-04 8.9201e-04 [ 1.3208e-12 8.1106e-12 6.4954e-09 3.7755e-04 5.7245e-05 3.1091e-04 1.4629e-04 ] 0.0000e+00 [ 0.0000e+00 ] 9.9911e-01
 9.293e+00 8.1874e-04 8.1874e-04 [ 7.7103e-13 4.9736e-12 4.5616e-09 3.4208e-04 5.2688e-05 2.8763e-04 1.3634e-04 ] 0.0000e+00 [ 0.0000e+00 ] 9.9918e-01
 9.407e+00 7.5216e-04 7.5216e-04 [ 4.4879e-13 3.0411e-12 3.1972e-09 3.1026e-04 4.8558e-05 2.6625e-04 1.2709e-04 ] 0.0000e+00 [ 0.0000e+00 ] 9.9925e-01
 9.520e+00 6.9161e-04 6.9161e-04 [ 2.6049e-13 1.8542e-12 2.2366e-09 2.8170e-04 4.4810e-05 2.4662e-04 1.1849e-04 ] 0.0000e+00 [ 0.0000e+00 ] 9.9931e-01
 9.633e+00 6.3649e-04 6.3649e-04 [ 1.5077e-13 1.1272e-12 1.5615e-09 2.5603e-04 4.1405e-05 2.2857e-04 1.1049e-04 ] 0.0000e+00 [ 0.0000e+00 ] 9.9936e-01
 9.747e+00 5.8626e-04 5.8626e-04 [ 8.7024e-14 6.8336e-13 1.0881e-09 2.3294e-04 3.8307e-05 2.1197e-04 1.0304e-04 ] 0.0000e+00 [ 0.0000e+00 ] 9.9941e-01
 9.860e+00 5.4045e-04 5.4045e-04 [ 5.0091e-14 4.1310e-13 7.5678e-10 2.1216e-04 3.5483e-05 1.9669e-04 9.6112e-05 ] 0.0000e+00 [ 0.0000e+00 ] 9.9946e-01
 9.973e+00 4.9863e-04 4.9863e-04 [ 2.8754e-14 2.4903e-13 5.2533e-10 1.9343e-04 3.2907e-05 1.8263e-04 8.9663e-05 ] 0.0000e+00 [ 0.0000e+00 ] 9.9950e-01
 1.009e+01 4.6041e-04 4.6041e-04 [ 1.6461e-14 1.4970e-13 3.6399e-10 1.7653e-04 3.0553e-05 1.6967e-04 8.3659e-05 ] 0.0000e+00 [ 0.0000e+00 ] 9.9954e-01
 1.020e+01 4.2546e-04 4.2546e-04 [ 9.3981e-15 8.9744e-14 2.5172e-10 1.6128e-04 2.8399e-05 1.5771e-04 7.8068e-05 ] 0.0000e+00 [ 0.0000e+00 ] 9.9957e-01
 1.031e+01 3.9347e-04 3.9347e-04 [ 5.3513e-15 5.3651e-14 1.7376e-10 1.4749e-04 2.6426e-05 1.4669e-04 7.2862e-05 ] 0.0000e+00 [ 0.0000e+00 ] 9.9961e-01
 1.043e+01 3.6415e-04 3.6415e-04 [ 3.0389e-15 3.1987e-14 1.1972e-10 1.3501e-04 2.4615e-05 1.3651e-04 6.8014e-05 ] 0.0000e+00 [ 0.0000e+00 ] 9.9964e-01
 1.054e+01 3.3728e-04 3.3728e-04 [ 1.7212e-15 1.9018e-14 8.2333e-11 1.2371e-04 2.2951e-05 1.2711e-04 6.3497e-05 ] 0.0000e+00 [ 0.0000e+00 ] 9.9966e-01
 1.065e+01 3.1261e-04 3.1261e-04 [ 9.7228e-16 1.1277e-14 5.6519e-11 1.1347e-04 2.1421e-05 1.1842e-04 5.9290e-05 ] 0.0000e+00 [ 0.0000e+00 ] 9.9969e-01
 1.077e+01 2.8995e-04 2.8995e-04 [ 5.4780e-16 6.6688e-15 3.8728e-11 1.0418e-04 2.0011e-05 1.1039e-04 5.5369e-05 ] 0.0000e+00 [ 0.0000e+00 ] 9.9971e-01
 1.088e+01 2.6912e-04 2.6912e-04 [ 3.0783e-16 3.9331e-15 2.6489e-11 9.5737e-05 1.8711e-05 1.0296e-04 5.1717e-05 ] 0.0000e+00 [ 0.0000e+00 ] 9.9973e-01
 1.099e+01 2.4996e-04 2.4996e-04 [ 1.7254e-16 2.3135e-15 1.8085e-11 8.8062e-05 1.7510e-05 9.6080e-05 4.8313e-05 ] 0.0000e+00 [ 0.0000e+00 ] 9.9975e-01
 1.111e+01 2.3232e-04 2.3232e-04 [ 9.6460e-17 1.3572e-15 1.2325e-11 8.1075e-05 1.6400e-05 8.9707e-05 4.5140e-05 ] 0.0000e+00 [ 0.0000e+00 ] 9.9977e-01
 1.122e+01 2.1607e-04 2.1607e-04 [ 5.3790e-17 7.9412e-16 8.3849e-12 7.4710e-05 1.5372e-05 8.3801e-05 4.2183e-05 ] 0.0000e+00 [ 0.0000e+00 ] 9.9978e-01
 1.133e+01 2.0108e-04 2.0108e-04 [ 2.9919e-17 4.6344e-16 5.6941e-12 6.8905e-05 1.4419e-05 7.8325e-05 3.9426e-05 ] 0.0000e+00 [ 0.0000e+00 ] 9.9980e-01
 1.145e+01 1.8724e-04 1.8724e-04 [ 1.6600e-17 2.6975e-16 3.8600e-12 6.3605e-05 1.3535e-05 7.3244e-05 3.6857e-05 ] 0.0000e+00 [ 0.0000e+00 ] 9.9981e-01
 1.156e+01 1.7446e-04 1.7446e-04 [ 9.1871e-18 1.5661e-16 2.6120e-12 5.8761e-05 1.2713e-05 6.8528e-05 3.4461e-05 ] 0.0000e+00 [ 0.0000e+00 ] 9.9983e-01
 1.167e+01 1.6265e-04 1.6265e-04 [ 5.0719e-18 9.0692e-17 1.7644e-12 5.4331e-05 1.1949e-05 6.4148e-05 3.2226e-05 ] 0.0000e+00 [ 0.0000e+00 ] 9.9984e-01
 1.179e+01 1.5173e-04 1.5173e-04 [ 2.7932e-18 5.2385e-17 1.1898e-12 5.0274e-05 1.1238e-05 6.0077e-05 3.0143e-05 ] 0.0000e+00 [ 0.0000e+00 ] 9.9985e-01
 1.190e+01 1.4162e-04 1.4162e-04 [ 1.5345e-18 3.0182e-17 8.0089e-13 4.6555e-05 1.0575e-05 5.6293e-05 2.8200e-05 ] 0.0000e+00 [ 0.0000e+00 ] 9.9986e-01
 1.201e+01 1.3226e-04 1.3226e-04 [ 8.4098e-19 1.7346e-17 5.3818e-13 4.3143e-05 9.9568e-06 5.2772e-05 2.6388e-05 ] 0.0000e+00 [ 0.0000e+00 ] 9.9987e-01
 1.213e+01 1.2358e-04 1.2358e-04 [ 4.5979e-19 9.9444e-18 3.6101e-13 4.0010e-05 9.3793e-06 4.9494e-05 2.4697e-05 ] 0.0000e+00 [ 0.0000e+00 ] 9.9988e-01
 1.224e+01 1.1553e-04 1.1553e-04 [ 2.5079e-19 5.6870e-18 2.4175e-13 3.7129e-05 8.8395e-06 4.6442e-05 2.3120e-05 ] 0.0000e+00 [ 0.0000e+00 ] 9.9988e-01
 1.235e+01 1.0806e-04 1.0806e-04 [ 1.3646e-19 3.2443e-18 1.6161e-13 3.4479e-05 8.3345e-06 4.3598e-05 2.1649e-05 ] 0.0000e+00 [ 0.0000e+00 ] 9.9989e-01
 1.247e+01 1.0112e-04 1.0112e-04 [ 7.4083e-20 1.8463e-18 1.0785e-13 3.2038e-05 7.8617e-06 4.0947e-05 2.0276e-05 ] 0.0000e+00 [ 0.0000e+00 ] 9.9990e-01
 1.258e+01 9.4673e-05 9.4673e-05 [ 4.0125e-20 1.0482e-18 7.1845e-14 2.9787e-05 7.4186e-06 3.8473e-05 1.8994e-05 ] 0.0000e+00 [ 0.0000e+00 ] 9.9991e-01
 1.269e+01 8.8676e-05 8.8676e-05 [ 2.1682e-20 5.9366e-19 4.7780e-14 2.7710e-05 7.0030e-06 3.6164e-05 1.7798e-05 ] 0.0000e+00 [ 0.0000e+00 ] 9.9991e-01
 1.281e+01 8.3096e-05 8.3096e-05 [ 1.1690e-20 3.3543e-19 3.1721e-14 2.5793e-05 6.6129e-06 3.4009e-05 1.6681e-05 ] 0.0000e+00 [ 0.0000e+00 ] 9.9992e-01
 1.292e+01 7.7900e-05 7.7900e-05 [ 6.2883e-21 1.8908e-19 2.1023e-14 2.4020e-05 6.2465e-06 3.1994e-05 1.5639e-05 ] 0.0000e+00 [ 0.0000e+00 ] 9.9992e-01
 1.303e+01 7.3059e-05 7.3059e-05 [ 3.3751e-21 1.0633e-19 1.3910e-14 2.2380e-05 5.9021e-06 3.0111e-05 1.4665e-05 ] 0.0000e+00 [ 0.0000e+00 ] 9.9993e-01
 1.315e+01 6.8546e-05 6.8546e-05 [ 1.8075e-21 5.9661e-20 9.1870e-15 2.0861e-05 5.5781e-06 2.8350e-05 1.3756e-05 ] 0.0000e+00 [ 0.0000e+00 ] 9.9993e-01
 1.326e+01 6.4336e-05 6.4336e-05 [ 9.6583e-22 3.3397e-20 6.0574e-15 1.9454e-05 5.2733e-06 2.6702e-05 1.2907e-05 ] 0.0000e+00 [ 0.0000e+00 ] 9.9994e-01
 1.337e+01 6.0407e-05 6.0407e-05 [ 5.1497e-22 1.8652e-20 3.9871e-15 1.8149e-05 4.9862e-06 2.5158e-05 1.2113e-05 ] 0.0000e+00 [ 0.0000e+00 ] 9.9994e-01
 1.349e+01 5.6738e-05 5.6738e-05 [ 2.7398e-22 1.0394e-20 2.6198e-15 1.6938e-05 4.7156e-06 2.3712e-05 1.1372e-05 ] 0.0000e+00 [ 0.0000e+00 ] 9.9994e-01
 1.360e+01 5.3310e-05 5.3310e-05 [ 1.4546e-22 5.7786e-21 1.7185e-15 1.5813e-05 4.4606e-06 2.2357e-05 1.0679e-05 ] 0.0000e+00 [ 0.0000e+00 ] 9.9995e-01
 1.371e+01 5.0105e-05 5.0105e-05 [ 7.7058e-23 3.2056e-21 1.1253e-15 1.4768e-05 4.2200e-06 2.1086e-05 1.0030e-05 ] 0.0000e+00 [ 0.0000e+00 ] 9.9995e-01
 1.383e+01 4.7107e-05 4.7107e-05 [ 4.0737e-23 1.7743e-21 7.3557e-16 1.3796e-05 3.9929e-06 1.9894e-05 9.4245e-06 ] 0.0000e+00 [ 0.0000e+00 ] 9.9995e-01
 1.394e+01 4.4301e-05 4.4301e-05 [ 2.1490e-23 9.7988e-22 4.7999e-16 1.2891e-05 3.7786e-06 1.8774e-05 8.8576e-06 ] 0.0000e+00 [ 0.0000e+00 ] 9.9996e-01
 1.405e+01 4.1675e-05 4.1675e-05 [ 1.1313e-23 5.3997e-22 3.1267e-16 1.2049e-05 3.5761e-06 1.7723e-05 8.3272e-06 ] 0.0000e+00 [ 0.0000e+00 ] 9.9996e-01
 1.417e+01 3.9214e-05 3.9214e-05 [ 5.9435e-24 2.9691e-22 2.0332e-16 1.1264e-05 3.3847e-06 1.6735e-05 7.8309e-06 ] 0.0000e+00 [ 0.0000e+00 ] 9.9996e-01
 1.428e+01 3.6908e-05 3.6908e-05 [ 3.1161e-24 1.6290e-22 1.3198e-16 1.0532e-05 3.2039e-06 1.5806e-05 7.3663e-06 ] 0.0000e+00 [ 0.0000e+00 ] 9.9996e-01
 1.439e+01 3.4746e-05 3.4746e-05 [ 1.6304e-24 8.9184e-23 8.5521e-17 9.8492e-06 3.0329e-06 1.4933e-05 6.9313e-06 ] 0.0000e+00 [ 0.0000e+00 ] 9.9997e-01
 1.451e+01 3.2718e-05 3.2718e-05 [ 8.5129e-25 4.8721e-23 5.5318e-17 9.2123e-06 2.8711e-06 1.4111e-05 6.5238e-06 ] 0.0000e+00 [ 0.0000e+00 ] 9.9997e-01
 1.462e+01 3.0814e-05 3.0814e-05 [ 4.4361e-25 2.6560e-23 3.5719e-17 8.6176e-06 2.7180e-06 1.3337e-05 6.1420e-06 ] 0.0000e+00 [ 0.0000e+00 ] 9.9997e-01
 1.473e+01 2.9028e-05 2.9028e-05 [ 2.3070e-25 1.4448e-23 2.3022e-17 8.0621e-06 2.5731e-06 1.2608e-05 5.7843e-06 ] 0.0000e+00 [ 0.0000e+00 ] 9.9997e-01
 1.485e+01 2.7349e-05 2.7349e-05 [ 1.1974e-25 7.8425e-24 1.4812e-17 7.5431e-06 2.4360e-06 1.1921e-05 5.4488e-06 ] 0.0000e+00 [ 0.0000e+00 ] 9.9997e-01
 1.496e+01 2.5773e-05 2.5773e-05 [ 6.2025e-26 4.2481e-24 9.5129e-18 7.0579e-06 2.3061e-06 1.1274e-05 5.1343e-06 ] 0.0000e+00 [ 0.0000e+00 ] 9.9997e-01
 1.507e+01 2.4291e-05 2.4291e-05 [ 3.2066e-26 2.2963e-24 6.0985e-18 6.6043e-06 2.1831e-06 1.0664e-05 4.8392e-06 ] 0.0000e+00 [ 0.0000e+00 ] 9.9998e-01
 1.519e+01 2.2897e-05 2.2897e-05 [ 1.6545e-26 1.2386e-24 3.9025e-18 6.1800e-06 2.0666e-06 1.0088e-05 4.5623e-06 ] 0.0000e+00 [ 0.0000e+00 ] 9.9998e-01
 1.530e+01 2.1586e-05 2.1586e-05 [ 8.5201e-27 6.6675e-25 2.4927e-18 5.7830e-06 1.9562e-06 9.5450e-06 4.3023e-06 ] 0.0000e+00 [ 0.0000e+00 ] 9.9998e-01
 1.541e+01 2.0353e-05 2.0353e-05 [ 4.3791e-27 3.5816e-25 1.5893e-18 5.4115e-06 1.8516e-06 9.0321e-06 4.0582e-06 ] 0.0000e+00 [ 0.0000e+00 ] 9.9998e-01
 1.553e+01 1.9193e-05 1.9193e-05 [ 2.2464e-27 1.9200e-25 1.0114e-18 5.0637e-06 1.7525e-06 8.5479e-06 3.8289e-06 ] 0.0000e+00 [ 0.0000e+00 ] 9.9998e-01
 1.564e+01 1.8100e-05 1.8100e-05 [ 1.1501e-27 1.0271e-25 6.4247e-19 4.7381e-06 1.6585e-06 8.0904e-06 3.6135e-06 ] 0.0000e+00 [ 0.0000e+00 ] 9.9998e-01
 1.575e+01 1.7072e-05 1.7072e-05 [ 5.8772e-28 5.4833e-26 4.0736e-19 4.4331e-06 1.5695e-06 7.6581e-06 3.4109e-06 ] 0.0000e+00 [ 0.0000e+00 ] 9.9998e-01
 1.587e+01 1.6103e-05 1.6103e-05 [ 2.9976e-28 2.9213e-26 2.5780e-19 4.1476e-06 1.4850e-06 7.2496e-06 3.2205e-06 ] 0.0000e+00 [ 0.0000e+00 ] 9.9998e-01
 1.598e+01 1.5190e-05 1.5190e-05 [ 1.5260e-28 1.5532e-26 1.6284e-19 3.8801e-06 1.4050e-06 6.8633e-06 3.0413e-06 ] 0.0000e+00 [ 0.0000e+00 ] 9.9998e-01
 1.609e+01 1.4329e-05 1.4329e-05 [ 7.7539e-29 8.2415e-27 1.0267e-19 3.6295e-06 1.3291e-06 6.4980e-06 2.8727e-06 ] 0.0000e+00 [ 0.0000e+00 ] 9.9999e-01
 1.621e+01 1.3518e-05 1.3518e-05 [ 3.9324e-29 4.3641e-27 6.4610e-20 3.3947e-06 1.2572e-06 6.1524e-06 2.7140e-06 ] 0.0000e+00 [ 0.0000e+00 ] 9.9999e-01
 1.632e+01 1.2754e-05 1.2754e-05 [ 1.9906e-29 2.3063e-27 4.0581e-20 3.1748e-06 1.1890e-06 5.8254e-06 2.5646e-06 ] 0.0000e+00 [ 0.0000e+00 ] 9.9999e-01
 1.643e+01 1.2033e-05 1.2033e-05 [ 1.0058e-29 1.2163e-27 2.5440e-20 2.9687e-06 1.1243e-06 5.5159e-06 2.4239e-06 ] 0.0000e+00 [ 0.0000e+00 ] 9.9999e-01
 1.655e+01 1.1353e-05 1.1353e-05 [ 5.0724e-30 6.4020e-28 1.5918e-20 2.7756e-06 1.0630e-06 5.2230e-06 2.2912e-06 ] 0.0000e+00 [ 0.0000e+00 ] 9.9999e-01
 1.666e+01 1.0711e-05 1.0711e-05 [ 2.5534e-30 3.3629e-28 9.9404e-21 2.5947e-06 1.0049e-06 4.9456e-06 2.1662e-06 ] 0.0000e+00 [ 0.0000e+00 ] 9.9999e-01
 1.677e+01 1.0106e-05 1.0106e-05 [ 1.2830e-30 1.7630e-28 6.1956e-21 2.4251e-06 9.4978e-07 4.6830e-06 2.0484e-06 ] 0.0000e+00 [ 0.0000e+00 ] 9.9999e-01
 1.689e+01 9.5353e-06 9.5353e-06 [ 6.4346e-31 9.2240e-29 3.8542e-21 2.2663e-06 8.9755e-07 4.4343e-06 1.9372e-06 ] 0.0000e+00 [ 0.0000e+00 ] 9.9999e-01
 1.700e+01 8.9965e-06 8.9965e-06 [ 3.2213e-31 4.8164e-29 2.3929e-21 2.1175e-06 8.4803e-07 4.1986e-06 1.8323e-06 ] 0.0000e+00 [ 0.0000e+00 ] 9.9999e-01
 1.711e+01 8.4879e-06 8.4879e-06 [ 1.6097e-31 2.5100e-29 1.4828e-21 1.9781e-06 8.0110e-07 3.9754e-06 1.7333e-06 ] 0.0000e+00 [ 0.0000e+00 ] 9.9999e-01
 1.723e+01 8.0079e-06 8.0079e-06 [ 8.0291e-32 1.3055e-29 9.1700e-22 1.8475e-06 7.5662e-07 3.7639e-06 1.6399e-06 ] 0.0000e+00 [ 0.0000e+00 ] 9.9999e-01
 1.734e+01 7.5548e-06 7.5548e-06 [ 3.9976e-32 6.7766e-30 5.6600e-22 1.7252e-06 7.1448e-07 3.5635e-06 1.5516e-06 ] 0.0000e+00 [ 0.0000e+00 ] 9.9999e-01
 1.745e+01 7.1270e-06 7.1270e-06 [ 1.9868e-32 3.5108e-30 3.4866e-22 1.6106e-06 6.7454e-07 3.3735e-06 1.4683e-06 ] 0.0000e+00 [ 0.0000e+00 ] 9.9999e-01
 1.757e+01 6.7231e-06 6.7231e-06 [ 9.8565e-33 1.8153e-30 2.1436e-22 1.5034e-06 6.3670e-07 3.1935e-06 1.3895e-06 ] 0.0000e+00 [ 0.0000e+00 ] 9.9999e-01
 1.768e+01 6.3417e-06 6.3417e-06 [ 4.8811e-33 9.3682e-31 1.3152e-22 1.4029e-06 6.0085e-07 3.0229e-06 1.3151e-06 ] 0.0000e+00 [ 0.0000e+00 ] 9.9999e-01
 1.779e+01 5.9817e-06 5.9817e-06 [ 2.4129e-33 4.8253e-31 8.0541e-23 1.3089e-06 5.6690e-07 2.8611e-06 1.2448e-06 ] 0.0000e+00 [ 0.0000e+00 ] 9.9999e-01
 1.791e+01 5.6416e-06 5.6416e-06 [ 1.1906e-33 2.4806e-31 4.9222e-23 1.2209e-06 5.3475e-07 2.7078e-06 1.1782e-06 ] 0.0000e+00 [ 0.0000e+00 ] 9.9999e-01
 1.802e+01 5.3206e-06 5.3206e-06 [ 5.8649e-34 1.2727e-31 3.0023e-23 1.1385e-06 5.0430e-07 2.5624e-06 1.1153e-06 ] 0.0000e+00 [ 0.0000e+00 ] 9.9999e-01
 1.813e+01 5.0174e-06 5.0174e-06 [ 2.8839e-34 6.5179e-32 1.8275e-23 1.0615e-06 4.7548e-07 2.4246e-06 1.0558e-06 ] 0.0000e+00 [ 0.0000e+00 ] 1.0000e+00
 1.825e+01 4.7310e-06 4.7310e-06 [ 1.4156e-34 3.3315e-32 1.1102e-23 9.8936e-07 4.4820e-07 2.2939e-06 9.9954e-07 ] 0.0000e+00 [ 0.0000e+00 ] 1.0000e+00
 1.836e+01 4.4607e-06 4.4607e-06 [ 6.9362e-35 1.6996e-32 6.7313e-24 9.2192e-07 4.2238e-07 2.1701e-06 9.4627e-07 ] 0.0000e+00 [ 0.0000e+00 ] 1.0000e+00
 1.847e+01 4.2053e-06 4.2053e-06 [ 3.3929e-35 8.6547e-33 4.0730e-24 8.5886e-07 3.9794e-07 2.0527e-06 8.9585e-07 ] 0.0000e+00 [ 0.0000e+00 ] 1.0000e+00
 1.859e+01 3.9642e-06 3.9642e-06 [ 1.6567e-35 4.3988e-33 2.4596e-24 7.9990e-07 3.7483e-07 1.9414e-06 8.4812e-07 ] 0.0000e+00 [ 0.0000e+00 ] 1.0000e+00
 1.870e+01 3.7365e-06 3.7365e-06 [ 8.0761e-36 2.2315e-33 1.4823e-24 7.4479e-07 3.5297e-07 1.8358e-06 8.0293e-07 ] 0.0000e+00 [ 0.0000e+00 ] 1.0000e+00
 1.881e+01 3.5215e-06 3.5215e-06 [ 3.9301e-36 1.1299e-33 8.9158e-25 6.9329e-07 3.3230e-07 1.7358e-06 7.6014e-07 ] 0.0000e+00 [ 0.0000e+00 ] 1.0000e+00
 1.893e+01 3.3185e-06 3.3185e-06 [ 1.9093e-36 5.7110e-34 5.3518e-25 6.4517e-07 3.1275e-07 1.6410e-06 7.1961e-07 ] 0.0000e+00 [ 0.0000e+00 ] 1.0000e+00
 1.904e+01 3.1269e-06 3.1269e-06 [ 9.2596e-37 2.8811e-34 3.2061e-25 6.0022e-07 2.9428e-07 1.5511e-06 6.8123e-07 ] 0.0000e+00 [ 0.0000e+00 ] 1.0000e+00
 1.915e+01 2.9459e-06 2.9459e-06 [ 4.4832e-37 1.4509e-34 1.9168e-25 5.5825e-07 2.7682e-07 1.4660e-06 6.4487e-07 ] 0.0000e+00 [ 0.0000e+00 ] 1.0000e+00
 1.927e+01 2.7751e-06 2.7751e-06 [ 2.1670e-37 7.2927e-35 1.1437e-25 5.1907e-07 2.6033e-07 1.3852e-06 6.1043e-07 ] 0.0000e+00 [ 0.0000e+00 ] 1.0000e+00
 1.938e+01 2.6138e-06 2.6138e-06 [ 1.0457e-37 3.6590e-35 6.8108e-26 4.8249e-07 2.4475e-07 1.3087e-06 5.7779e-07 ] 0.0000e+00 [ 0.0000e+00 ] 1.0000e+00
 1.949e+01 2.4615e-06 2.4615e-06 [ 5.0376e-38 1.8326e-35 4.0477e-26 4.4837e-07 2.3004e-07 1.2363e-06 5.4687e-07 ] 0.0000e+00 [ 0.0000e+00 ] 1.0000e+00
 1.961e+01 2.3178e-06 2.3178e-06 [ 2.4229e-38 9.1617e-36 2.4008e-26 4.1653e-07 2.1615e-07 1.1676e-06 5.1757e-07 ] 0.0000e+00 [ 0.0000e+00 ] 1.0000e+00
 1.972e+01 2.1822e-06 2.1822e-06 [ 1.1634e-38 4.5721e-36 1.4211e-26 3.8684e-07 2.0304e-07 1.1025e-06 4.8980e-07 ] 0.0000e+00 [ 0.0000e+00 ] 1.0000e+00
 1.983e+01 2.0542e-06 2.0542e-06 [ 5.5774e-39 2.2776e-36 8.3956e-27 3.5916e-07 1.9067e-07 1.0409e-06 4.6349e-07 ] 0.0000e+00 [ 0.0000e+00 ] 1.0000e+00
 1.995e+01 1.9335e-06 1.9335e-06 [ 2.6694e-39 1.1326e-36 4.9500e-27 3.3336e-07 1.7900e-07 9.8256e-07 4.3856e-07 ] 0.0000e+00 [ 0.0000e+00 ] 1.0000e+00
 2.006e+01 1.8195e-06 1.8195e-06 [ 1.2756e-39 5.6225e-37 2.9128e-27 3.0932e-07 1.6800e-07 9.2729e-07 4.1492e-07 ] 0.0000e+00 [ 0.0000e+00 ] 1.0000e+00
 2.017e+01 1.7120e-06 1.7120e-06 [ 6.0858e-40 2.7862e-37 1.7106e-27 2.8692e-07 1.5762e-07 8.7496e-07 3.9252e-07 ] 0.0000e+00 [ 0.0000e+00 ] 1.0000e+00
 2.029e+01 1.6106e-06 1.6106e-06 [ 2.8988e-40 1.3783e-37 1.0026e-27 2.6607e-07 1.4784e-07 8.2541e-07 3.7130e-07 ] 0.0000e+00 [ 0.0000e+00 ] 1.0000e+00
 2.040e+01 1.5150e-06 1.5150e-06 [ 1.3786e-40 6.8065e-38 5.8650e-28 2.4665e-07 1.3863e-07 7.7852e-07 3.5118e-07 ] 0.0000e+00 [ 0.0000e+00 ] 1.0000e+00
 2.051e+01 1.4248e-06 1.4248e-06 [ 6.5463e-41 3.3556e-38 3.4241e-28 2.2858e-07 1.2995e-07 7.3413e-07 3.3211e-07 ] 0.0000e+00 [ 0.0000e+00 ] 1.0000e+00
 2.063e+01 1.3397e-06 1.3397e-06 [ 3.1036e-41 1.6515e-38 1.9952e-28 2.1177e-07 1.2177e-07 6.9214e-07 3.1404e-07 ] 0.0000e+00 [ 0.0000e+00 ] 1.0000e+00
 2.074e+01 1.2595e-06 1.2595e-06 [ 1.4692e-41 8.1141e-39 1.1603e-28 1.9613e-07 1.1408e-07 6.5240e-07 2.9692e-07 ] 0.0000e+00 [ 0.0000e+00 ] 1.0000e+00
 2.085e+01 1.1839e-06 1.1839e-06 [ 6.9438e-42 3.9800e-39 6.7345e-29 1.8159e-07 1.0683e-07 6.1481e-07 2.8069e-07 ] 0.0000e+00 [ 0.0000e+00 ] 1.0000e+00
 2.097e+01 1.1127e-06 1.1127e-06 [ 3.2770e-42 1.9489e-39 3.9013e-29 1.6807e-07 1.0002e-07 5.7926e-07 2.6532e-07 ] 0.0000e+00 [ 0.0000e+00 ] 1.0000e+00
 2.108e+01 1.0455e-06 1.0455e-06 [ 1.5441e-42 9.5278e-40 2.2556e-29 1.5551e-07 9.3610e-08 5.4564e-07 2.5075e-07 ] 0.0000e+00 [ 0.0000e+00 ] 1.0000e+00
 2.119e+01 9.8223e-07 9.8223e-07 [ 7.2651e-43 4.6503e-40 1.3016e-29 1.4384e-07 8.7583e-08 5.1386e-07 2.3694e-07 ] 0.0000e+00 [ 0.0000e+00 ] 1.0000e+00
 2.131e+01 9.2261e-07 9.2261e-07 [ 3.4132e-43 2.2660e-40 7.4968e-30 1.3301e-07 8.1918e-08 4.8382e-07 2.2387e-07 ] 0.0000e+00 [ 0.0000e+00 ] 1.0000e+00
 2.142e+01 8.6645e-07 8.6645e-07 [ 1.6011e-43 1.1024e-40 4.3096e-30 1.2295e-07 7.6594e-08 4.5543e-07 2.1148e-07 ] 0.0000e+00 [ 0.0000e+00 ] 1.0000e+00
 2.153e+01 8.1355e-07 8.1355e-07 [ 7.4999e-44 5.3541e-41 2.4727e-30 1.1361e-07 7.1593e-08 4.2860e-07 1.9974e-07 ] 0.0000e+00 [ 0.0000e+00 ] 1.0000e+00
 2.165e+01 7.6373e-07 7.6373e-07 [ 3.5079e-44 2.5964e-41 1.4160e-30 1.0495e-07 6.6896e-08 4.0326e-07 1.8863e-07 ] 0.0000e+00 [ 0.0000e+00 ] 1.0000e+00
 2.176e+01 7.1683e-07 7.1683e-07 [ 1.6384e-44 1.2570e-41 8.0939e-31 9.6916e-08 6.2487e-08 3.7933e-07 1.7810e-07 ] 0.0000e+00 [ 0.0000e+00 ] 1.0000e+00
 2.187e+01 6.7268e-07 6.7268e-07 [ 7.6412e-45 6.0765e-42 4.6176e-31 8.9468e-08 5.8349e-08 3.5673e-07 1.6813e-07 ] 0.0000e+00 [ 0.0000e+00 ] 1.0000e+00
 2.199e+01 6.3112e-07 6.3112e-07 [ 3.5586e-45 2.9327e-42 2.6295e-31 8.2564e-08 5.4467e-08 3.3539e-07 1.5870e-07 ] 0.0000e+00 [ 0.0000e+00 ] 1.0000e+00
 2.210e+01 5.9201e-07 5.9201e-07 [ 1.6550e-45 1.4133e-42 1.4945e-31 7.6168e-08 5.0826e-08 3.1525e-07 1.4976e-07 ] 0.0000e+00 [ 0.0000e+00 ] 1.0000e+00
 2.221e+01 5.5521e-07 5.5521e-07 [ 7.6857e-46 6.7998e-43 8.4788e-32 7.0244e-08 4.7412e-08 2.9625e-07 1.4130e-07 ] 0.0000e+00 [ 0.0000e+00 ] 1.0000e+00
 2.233e+01 5.2060e-07 5.2060e-07 [ 3.5643e-46 3.2667e-43 4.8013e-32 6.4759e-08 4.4213e-08 2.7832e-07 1.3330e-07 ] 0.0000e+00 [ 0.0000e+00 ] 1.0000e+00
 2.244e+01 4.8804e-07 4.8804e-07 [ 1.6507e-46 1.5670e-43 2.7138e-32 5.9683e-08 4.1216e-08 2.6141e-07 1.2572e-07 ] 0.0000e+00 [ 0.0000e+00 ] 1.0000e+00
 2.255e+01 4.5742e-07 4.5742e-07 [ 7.6339e-47 7.5051e-44 1.5311e-32 5.4985e-08 3.8409e-08 2.4547e-07 1.1856e-07 ] 0.0000e+00 [ 0.0000e+00 ] 1.0000e+00
 2.267e+01 4.2864e-07 4.2864e-07 [ 3.5257e-47 3.5893e-44 8.6225e-33 5.0640e-08 3.5781e-08 2.3044e-07 1.1178e-07 ] 0.0000e+00 [ 0.0000e+00 ] 1.0000e+00
 2.278e+01 4.0158e-07 4.0158e-07 [ 1.6261e-47 1.7140e-44 4.8470e-33 4.6623e-08 3.3321e-08 2.1627e-07 1.0536e-07 ] 0.0000e+00 [ 0.0000e+00 ] 1.0000e+00
 2.289e+01 3.7615e-07 3.7615e-07 [ 7.4900e-48 8.1727e-45 2.7197e-33 4.2909e-08 3.1019e-08 2.0292e-07 9.9296e-08 ] 0.0000e+00 [ 0.0000e+00 ] 1.0000e+00
 2.301e+01 3.5225e-07 3.5225e-07 [ 3.4453e-48 3.8913e-45 1.5233e-33 3.9478e-08 2.8867e-08 1.9035e-07 9.3560e-08 ] 0.0000e+00 [ 0.0000e+00 ] 1.0000e+00
 2.312e+01 3.2981e-07 3.2981e-07 [ 1.5827e-48 1.8501e-45 8.5167e-34 3.6309e-08 2.6854e-08 1.7851e-07 8.8137e-08 ] 0.0000e+00 [ 0.0000e+00 ] 1.0000e+00
 2.323e+01 3.0872e-07 3.0872e-07 [ 7.2612e-49 8.7832e-46 4.7531e-34 3.3382e-08 2.4973e-08 1.6736e-07 8.3011e-08 ] 0.0000e+00 [ 0.0000e+00 ] 1.0000e+00
 2.335e+01 2.8892e-07 2.8892e-07 [ 3.3270e-49 4.1639e-46 2.6480e-34 3.0681e-08 2.3216e-08 1.5686e-07 7.8166e-08 ] 0.0000e+00 [ 0.0000e+00 ] 1.0000e+00
 2.346e+01 2.7033e-07 2.7033e-07 [ 1.5224e-49 1.9712e-46 1.4726e-34 2.8189e-08 2.1575e-08 1.4698e-07 7.3589e-08 ] 0.0000e+00 [ 0.0000e+00 ] 1.0000e+00
 2.357e+01 2.5289e-07 2.5289e-07 [ 6.9574e-50 9.3186e-47 8.1749e-35 2.5890e-08 2.0043e-08 1.3769e-07 6.9264e-08 ] 0.0000e+00 [ 0.0000e+00 ] 1.0000e+00
 2.369e+01 2.3651e-07 2.3651e-07 [ 3.1756e-50 4.3991e-47 4.5302e-35 2.3770e-08 1.8613e-08 1.2895e-07 6.5179e-08 ] 0.0000e+00 [ 0.0000e+00 ] 1.0000e+00
 2.380e+01 2.2115e-07 2.2115e-07 [ 1.4476e-50 2.0738e-47 2.5061e-35 2.1817e-08 1.7279e-08 1.2073e-07 6.1321e-08 ] 0.0000e+00 [ 0.0000e+00 ] 1.0000e+00
 2.391e+01 2.0673e-07 2.0673e-07 [ 6.5906e-51 9.7631e-48 1.3840e-35 2.0017e-08 1.6034e-08 1.1300e-07 5.7678e-08 ] 0.0000e+00 [ 0.0000e+00 ] 1.0000e+00
 2.403e+01 1.9322e-07 1.9322e-07 [ 2.9969e-51 4.5900e-48 7.6298e-36 1.8358e-08 1.4874e-08 1.0574e-07 5.4240e-08 ] 0.0000e+00 [ 0.0000e+00 ] 1.0000e+00
 2.414e+01 1.8054e-07 1.8054e-07 [ 1.3611e-51 2.1550e-48 4.1990e-36 1.6832e-08 1.3794e-08 9.8922e-08 5.0994e-08 ] 0.0000e+00 [ 0.0000e+00 ] 1.0000e+00
 2.425e+01 1.6866e-07 1.6866e-07 [ 6.1738e-52 1.0104e-48 2.3069e-36 1.5427e-08 1.2787e-08 9.2514e-08 4.7932e-08 ] 0.0000e+00 [ 0.0000e+00 ] 1.0000e+00
 2.437e+01 1.5752e-07 1.5752e-07 [ 2.7971e-52 4.7311e-49 1.2653e-36 1.4134e-08 1.1849e-08 8.6497e-08 4.5043e-08 ] 0.0000e+00 [ 0.0000e+00 ] 1.0000e+00
 2.448e+01 1.4709e-07 1.4709e-07 [ 1.2657e-52 2.2124e-49 6.9281e-37 1.2945e-08 1.0976e-08 8.0849e-08 4.2319e-08 ] 0.0000e+00 [ 0.0000e+00 ] 1.0000e+00
 2.459e+01 1.3731e-07 1.3731e-07 [ 5.7207e-53 1.0332e-49 3.7870e-37 1.1852e-08 1.0164e-08 7.5549e-08 3.9749e-08 ] 0.0000e+00 [ 0.0000e+00 ] 1.0000e+00
 2.471e+01 1.2816e-07 1.2816e-07 [ 2.5826e-53 4.8188e-50 2.0666e-37 1.0847e-08 9.4083e-09 7.0575e-08 3.7327e-08 ] 0.0000e+00 [ 0.0000e+00 ] 1.0000e+00
 2.482e+01 1.1958e-07 1.1958e-07 [ 1.1645e-53 2.2446e-50 1.1259e-37 9.9239e-09 8.7057e-09 6.5911e-08 3.5044e-08 ] 0.0000e+00 [ 0.0000e+00 ] 1.0000e+00
 2.493e+01 1.1156e-07 1.1156e-07 [ 5.2449e-54 1.0442e-50 6.1239e-38 9.0761e-09 8.0528e-09 6.1537e-08 3.2892e-08 ] 0.0000e+00 [ 0.0000e+00 ] 1.0000e+00
 2.505e+01 1.0405e-07 1.0405e-07 [ 2.3595e-54 4.8515e-51 3.3253e-38 8.2978e-09 7.4460e-09 5.7437e-08 3.0866e-08 ] 0.0000e+00 [ 0.0000e+00 ] 1.0000e+00
 2.516e+01 9.7017e-08 9.7017e-08 [ 1.0603e-54 2.2512e-51 1.8027e-38 7.5835e-09 6.8825e-09 5.3594e-08 2.8956e-08 ] 0.0000e+00 [ 0.0000e+00 ] 1.0000e+00
 2.527e+01 9.0441e-08 9.0441e-08 [ 4.7589e-55 1.0433e-51 9.7572e-39 6.9282e-09 6.3593e-09 4.9995e-08 2.7158e-08 ] 0.0000e+00 [ 0.0000e+00 ] 1.0000e+00
 2.539e+01 8.4290e-08 8.4290e-08 [ 2.1336e-55 4.8293e-52 5.2725e-39 6.3273e-09 5.8738e-09 4.6623e-08 2.5466e-08 ] 0.0000e+00 [ 0.0000e+00 ] 1.0000e+00
 2.550e+01 7.8539e-08 7.8539e-08 [ 9.5553e-56 2.2326e-52 2.8445e-39 5.7764e-09 5.4233e-09 4.3466e-08 2.3873e-08 ] 0.0000e+00 [ 0.0000e+00 ] 1.0000e+00
 2.561e+01 7.3162e-08 7.3162e-08 [ 4.2746e-56 1.0309e-52 1.5322e-39 5.2716e-09 5.0055e-09 4.0511e-08 2.2374e-08 ] 0.0000e+00 [ 0.0000e+00 ] 1.0000e+00
 2.573e+01 6.8137e-08 6.8137e-08 [ 1.9101e-56 4.7541e-53 8.2397e-40 4.8092e-09 4.6182e-09 3.7746e-08 2.0963e-08 ] 0.0000e+00 [ 0.0000e+00 ] 1.0000e+00
 2.584e+01 6.3442e-08 6.3442e-08 [ 8.5262e-57 2.1899e-53 4.4241e-40 4.3857e-09 4.2593e-09 3.5160e-08 1.9637e-08 ] 0.0000e+00 [ 0.0000e+00 ] 1.0000e+00
 2.595e+01 5.9056e-08 5.9056e-08 [ 3.8017e-57 1.0075e-53 2.3717e-40 3.9981e-09 3.9269e-09 3.2741e-08 1.8390e-08 ] 0.0000e+00 [ 0.0000e+00 ] 1.0000e+00
 2.607e+01 5.4959e-08 5.4959e-08 [ 1.6933e-57 4.6298e-54 1.2695e-40 3.6434e-09 3.6190e-09 3.0479e-08 1.7217e-08 ] 0.0000e+00 [ 0.0000e+00 ] 1.0000e+00
 2.618e+01 5.1134e-08 5.1134e-08 [ 7.5343e-58 2.1251e-54 6.7843e-41 3.3190e-09 3.3341e-09 2.8366e-08 1.6116e-08 ] 0.0000e+00 [ 0.0000e+00 ] 1.0000e+00
 2.629e+01 4.7564e-08 4.7564e-08 [ 3.3488e-58 9.7426e-55 3.6201e-41 3.0224e-09 3.0704e-09 2.6391e-08 1.5080e-08 ] 0.0000e+00 [ 0.0000e+00 ] 1.0000e+00
 2.641e+01 4.4232e-08 4.4232e-08 [ 1.4869e-58 4.4614e-55 1.9287e-41 2.7513e-09 2.8266e-09 2.4546e-08 1.4108e-08 ] 0.0000e+00 [ 0.0000e+00 ] 1.0000e+00
 2.652e+01 4.1123e-08 4.1123e-08 [ 6.5950e-59 2.0407e-55 1.0260e-41 2.5036e-09 2.6012e-09 2.2824e-08 1.3195e-08 ] 0.0000e+00 [ 0.0000e+00 ] 1.0000e+00
 2.663e+01 3.8223e-08 3.8223e-08 [ 2.9222e-59 9.3235e-56 5.4497e-42 2.2773e-09 2.3928e-09 2.1216e-08 1.2337e-08 ] 0.0000e+00 [ 0.0000e+00 ] 1.0000e+00
 2.675e+01 3.5519e-08 3.5519e-08 [ 1.2935e-59 4.2550e-56 2.8903e-42 2.0708e-09 2.2003e-09 1.9715e-08 1.1533e-08 ] 0.0000e+00 [ 0.0000e+00 ] 1.0000e+00
 2.686e+01 3.2997e-08 3.2997e-08 [ 5.7196e-60 1.9397e-56 1.5306e-42 1.8823e-09 2.0226e-09 1.8315e-08 1.0777e-08 ] 0.0000e+00 [ 0.0000e+00 ] 1.0000e+00
 2.697e+01 3.0647e-08 3.0647e-08 [ 2.5266e-60 8.8324e-57 8.0932e-43 1.7103e-09 1.8585e-09 1.7010e-08 1.0069e-08 ] 0.0000e+00 [ 0.0000e+00 ] 1.0000e+00
 2.709e+01 2.8458e-08 2.8458e-08 [ 1.1150e-60 4.0174e-57 4.2731e-43 1.5535e-09 1.7071e-09 1.5792e-08 9.4048e-09 ] 0.0000e+00 [ 0.0000e+00 ] 1.0000e+00
 2.720e+01 2.6418e-08 2.6418e-08 [ 4.9158e-61 1.8253e-57 2.2528e-43 1.4105e-09 1.5674e-09 1.4658e-08 8.7819e-09 ] 0.0000e+00 [ 0.0000e+00 ] 1.0000e+00
 2.731e+01 2.4518e-08 2.4518e-08 [ 2.1651e-61 8.2845e-58 1.1860e-43 1.2802e-09 1.4386e-09 1.3601e-08 8.1981e-09 ] 0.0000e+00 [ 0.0000e+00 ] 1.0000e+00
 2.743e+01 2.2748e-08 2.2748e-08 [ 9.5268e-62 3.7560e-58 6.2344e-44 1.1615e-09 1.3199e-09 1.2616e-08 7.6510e-09 ] 0.0000e+00 [ 0.0000e+00 ] 1.0000e+00
 2.754e+01 2.1101e-08 2.1101e-08 [ 4.1879e-62 1.7010e-58 3.2725e-44 1.0535e-09 1.2106e-09 1.1699e-08 7.1385e-09 ] 0.0000e+00 [ 0.0000e+00 ] 1.0000e+00
 2.765e+01 1.9569e-08 1.9569e-08 [ 1.8392e-62 7.6957e-59 1.7153e-44 9.5511e-10 1.1099e-09 1.0845e-08 6.6585e-09 ] 0.0000e+00 [ 0.0000e+00 ] 1.0000e+00
 2.777e+01 1.8143e-08 1.8143e-08 [ 8.0694e-63 3.4780e-59 8.9780e-45 8.6561e-10 1.0172e-09 1.0051e-08 6.2091e-09 ] 0.0000e+00 [ 0.0000e+00 ] 1.0000e+00
 2.788e+01 1.6816e-08 1.6816e-08 [ 3.5371e-63 1.5702e-59 4.6925e-45 7.8421e-10 9.3183e-10 9.3120e-09 5.7884e-09 ] 0.0000e+00 [ 0.0000e+00 ] 1.0000e+00
 2.799e+01 1.5583e-08 1.5583e-08 [ 1.5490e-63 7.0815e-60 2.4491e-45 7.1020e-10 8.5335e-10 8.6247e-09 5.3947e-09 ] 0.0000e+00 [ 0.0000e+00 ] 1.0000e+00
 2.811e+01 1.4436e-08 1.4436e-08 [ 6.7773e-64 3.1905e-60 1.2765e-45 6.4294e-10 7.8118e-10 7.9857e-09 5.0264e-09 ] 0.0000e+00 [ 0.0000e+00 ] 1.0000e+00
 2.822e+01 1.3370e-08 1.3370e-08 [ 2.9625e-64 1.4359e-60 6.6436e-46 5.8183e-10 7.1484e-10 7.3918e-09 4.6820e-09 ] 0.0000e+00 [ 0.0000e+00 ] 1.0000e+00
 2.833e+01 1.2380e-08 1.2380e-08 [ 1.2938e-64 6.4563e-61 3.4529e-46 5.2634e-10 6.5389e-10 6.8400e-09 4.3599e-09 ] 0.0000e+00 [ 0.0000e+00 ] 1.0000e+00
 2.845e+01 1.1460e-08 1.1460e-08 [ 5.6452e-65 2.9000e-61 1.7922e-46 4.7596e-10 5.9792e-10 6.3275e-09 4.0589e-09 ] 0.0000e+00 [ 0.0000e+00 ] 1.0000e+00
 2.856e+01 1.0606e-08 1.0606e-08 [ 2.4610e-65 1.3013e-61 9.2891e-47 4.3024e-10 5.4652e-10 5.8515e-09 3.7776e-09 ] 0.0000e+00 [ 0.0000e+00 ] 1.0000e+00
 2.867e+01 9.8127e-09 9.8127e-09 [ 1.0719e-65 5.8334e-62 4.8081e-47 3.8877e-10 4.9936e-10 5.4098e-09 3.5148e-09 ] 0.0000e+00 [ 0.0000e+00 ] 1.0000e+00
 2.879e+01 9.0764e-09 9.0764e-09 [ 4.6644e-66 2.6125e-62 2.4854e-47 3.5117e-10 4.5609e-10 4.9998e-09 3.2694e-09 ] 0.0000e+00 [ 0.0000e+00 ] 1.0000e+00
 2.890e+01 8.3932e-09 8.3932e-09 [ 2.0280e-66 1.1688e-62 1.2830e-47 3.1708e-10 4.1642e-10 4.6195e-09 3.0402e-09 ] 0.0000e+00 [ 0.0000e+00 ] 1.0000e+00
 2.901e+01 7.7594e-09 7.7594e-09 [ 8.8097e-67 5.2243e-63 6.6140e-48 2.8620e-10 3.8005e-10 4.2668e-09 2.8264e-09 ] 0.0000e+00 [ 0.0000e+00 ] 1.0000e+00
 2.913e+01 7.1715e-09 7.1715e-09 [ 3.8236e-67 2.3329e-63 3.4051e-48 2.5823e-10 3.4673e-10 3.9398e-09 2.6268e-09 ] 0.0000e+00 [ 0.0000e+00 ] 1.0000e+00
 2.924e+01 6.6265e-09 6.6265e-09 [ 1.6582e-67 1.0408e-63 1.7507e-48 2.3290e-10 3.1621e-10 3.6368e-09 2.4406e-09 ] 0.0000e+00 [ 0.0000e+00 ] 1.0000e+00
 2.935e+01 6.1212e-09 6.1212e-09 [ 7.1846e-68 4.6387e-64 8.9897e-49 2.0998e-10 2.8826e-10 3.3560e-09 2.2670e-09 ] 0.0000e+00 [ 0.0000e+00 ] 1.0000e+00
 2.947e+01 5.6530e-09 5.6530e-09 [ 3.1104e-68 2.0655e-64 4.6100e-49 1.8925e-10 2.6269e-10 3.0960e-09 2.1051e-09 ] 0.0000e+00 [ 0.0000e+00 ] 1.0000e+00
 2.958e+01 5.2192e-09 5.2192e-09 [ 1.3454e-68 9.1888e-65 2.3610e-49 1.7050e-10 2.3929e-10 2.8552e-09 1.9542e-09 ] 0.0000e+00 [ 0.0000e+00 ] 1.0000e+00
 2.969e+01 4.8174e-09 4.8174e-09 [ 5.8150e-69 4.0841e-65 1.2076e-49 1.5354e-10 2.1790e-10 2.6323e-09 1.8137e-09 ] 0.0000e+00 [ 0.0000e+00 ] 1.0000e+00
 2.981e+01 4.4454e-09 4.4454e-09 [ 2.5112e-69 1.8135e-65 6.1687e-50 1.3823e-10 1.9834e-10 2.4261e-09 1.6827e-09 ] 0.0000e+00 [ 0.0000e+00 ] 1.0000e+00
 2.992e+01 4.1010e-09 4.1010e-09 [ 1.0836e-69 8.0457e-66 3.1471e-50 1.2439e-10 1.8047e-10 2.2354e-09 1.5608e-09 ] 0.0000e+00 [ 0.0000e+00 ] 1.0000e+00
 3.003e+01 3.7823e-09 3.7823e-09 [ 4.6717e-70 3.5663e-66 1.6035e-50 1.1190e-10 1.6414e-10 2.0590e-09 1.4473e-09 ] 0.0000e+00 [ 0.0000e+00 ] 1.0000e+00
 3.015e+01 3.4874e-09 3.4874e-09 [ 2.0125e-70 1.5793e-66 8.1602e-51 1.0062e-10 1.4924e-10 1.8960e-09 1.3416e-09 ] 0.0000e+00 [ 0.0000e+00 ] 1.0000e+00
 3.026e+01 3.2147e-09 3.2147e-09 [ 8.6630e-71 6.9879e-67 4.1474e-51 9.0446e-11 1.3564e-10 1.7453e-09 1.2433e-09 ] 0.0000e+00 [ 0.0000e+00 ] 1.0000e+00
 3.037e+01 2.9625e-09 2.9625e-09 [ 3.7260e-71 3.0891e-67 2.1053e-51 8.1270e-11 1.2323e-10 1.6061e-09 1.1519e-09 ] 0.0000e+00 [ 0.0000e+00 ] 1.0000e+00
 3.049e+01 2.7293e-09 2.7293e-09 [ 1.6013e-71 1.3644e-67 1.0673e-51 7.2998e-11 1.1191e-10 1.4775e-09 1.0669e-09 ] 0.0000e+00 [ 0.0000e+00 ] 1.0000e+00
 3.060e+01 2.5138e-09 2.5138e-09 [ 6.8767e-72 6.0211e-68 5.4046e-52 6.5542e-11 1.0160e-10 1.3588e-09 9.8786e-10 ] 0.0000e+00 [ 0.0000e+00 ] 1.0000e+00
 3.071e+01 2.3147e-09 2.3147e-09 [ 2.9508e-72 2.6548e-68 2.7334e-52 5.8826e-11 9.2195e-11 1.2493e-09 9.1443e-10 ] 0.0000e+00 [ 0.0000e+00 ] 1.0000e+00
 3.083e+01 2.1308e-09 2.1308e-09 [ 1.2652e-72 1.1695e-68 1.3807e-52 5.2779e-11 8.3632e-11 1.1482e-09 8.4621e-10 ] 0.0000e+00 [ 0.0000e+00 ] 1.0000e+00
 3.094e+01 1.9610e-09 1.9610e-09 [ 5.4208e-73 5.1479e-69 6.9659e-53 4.7335e-11 7.5836e-11 1.0550e-09 7.8285e-10 ] 0.0000e+00 [ 0.0000e+00 ] 1.0000e+00
 3.105e+01 1.8042e-09 1.8042e-09 [ 2.3207e-73 2.2640e-69 3.5102e-53 4.2436e-11 6.8741e-11 9.6905e-10 7.2402e-10 ] 0.0000e+00 [ 0.0000e+00 ] 1.0000e+00
 3.117e+01 1.6596e-09 1.6596e-09 [ 9.9280e-74 9.9487e-70 1.7667e-53 3.8030e-11 6.2285e-11 8.8983e-10 6.6942e-10 ] 0.0000e+00 [ 0.0000e+00 ] 1.0000e+00
 3.128e+01 1.5261e-09 1.5261e-09 [ 4.2440e-74 4.3681e-70 8.8817e-54 3.4069e-11 5.6414e-11 8.1683e-10 6.1876e-10 ] 0.0000e+00 [ 0.0000e+00 ] 1.0000e+00
 3.139e+01 1.4029e-09 1.4029e-09 [ 1.8129e-74 1.9163e-70 4.4597e-54 3.0509e-11 5.1077e-11 7.4958e-10 5.7176e-10 ] 0.0000e+00 [ 0.0000e+00 ] 1.0000e+00
 3.151e+01 1.2894e-09 1.2894e-09 [ 7.7381e-75 8.3997e-71 2.2367e-54 2.7310e-11 4.6227e-11 6.8766e-10 5.2818e-10 ] 0.0000e+00 [ 0.0000e+00 ] 1.0000e+00
 3.162e+01 1.1847e-09 1.1847e-09 [ 3.3005e-75 3.6789e-71 1.1205e-54 2.4438e-11 4.1822e-11 6.3066e-10 4.8778e-10 ] 0.0000e+00 [ 0.0000e+00 ] 1.0000e+00
 3.173e+01 1.0882e-09 1.0882e-09 [ 1.4068e-75 1.6100e-71 5.6064e-55 2.1859e-11 3.7822e-11 5.7820e-10 4.5033e-10 ] 0.0000e+00 [ 0.0000e+00 ] 1.0000e+00
 3.185e+01 9.9932e-10 9.9932e-10 [ 5.9916e-76 7.0401e-72 2.8021e-55 1.9545e-11 3.4192e-11 5.2994e-10 4.1564e-10 ] 0.0000e+00 [ 0.0000e+00 ] 1.0000e+00
 3.196e+01 9.1743e-10 9.1743e-10 [ 2.5501e-76 3.0760e-72 1.3988e-55 1.7469e-11 3.0898e-11 4.8556e-10 3.8351e-10 ] 0.0000e+00 [ 0.0000e+00 ] 1.0000e+00
 3.207e+01 8.4203e-10 8.4203e-10 [ 1.0846e-76 1.3429e-72 6.9754e-56 1.5608e-11 2.7911e-11 4.4476e-10 3.5376e-10 ] 0.0000e+00 [ 0.0000e+00 ] 1.0000e+00
 3.219e+01 7.7261e-10 7.7261e-10 [ 4.6095e-77 5.8584e-73 3.4744e-56 1.3940e-11 2.5203e-11 4.0725e-10 3.2622e-10 ] 0.0000e+00 [ 0.0000e+00 ] 1.0000e+00
 3.230e+01 7.0872e-10 7.0872e-10 [ 1.9577e-77 2.5537e-73 1.7286e-56 1.2445e-11 2.2749e-11 3.7280e-10 3.0073e-10 ] 0.0000e+00 [ 0.0000e+00 ] 1.0000e+00
 3.241e+01 6.4994e-10 6.4994e-10 [ 8.3088e-78 1.1123e-73 8.5906e-57 1.1107e-11 2.0526e-11 3.4115e-10 2.7716e-10 ] 0.0000e+00 [ 0.0000e+00 ] 1.0000e+00
 3.253e+01 5.9587e-10 5.9587e-10 [ 3.5239e-78 4.8409e-74 4.2645e-57 9.9084e-12 1.8513e-11 3.1210e-10 2.5535e-10 ] 0.0000e+00 [ 0.0000e+00 ] 1.0000e+00
 3.264e+01 5.4615e-10 5.4615e-10 [ 1.4936e-78 2.1053e-74 2.1147e-57 8.8360e-12 1.6691e-11 2.8542e-10 2.3520e-10 ] 0.0000e+00 [ 0.0000e+00 ] 1.0000e+00
 3.275e+01 5.0044e-10 5.0044e-10 [ 6.3258e-79 9.1489e-75 1.0475e-57 7.8766e-12 1.5043e-11 2.6095e-10 2.1657e-10 ] 0.0000e+00 [ 0.0000e+00 ] 1.0000e+00
 3.287e+01 4.5843e-10 4.5843e-10 [ 2.6774e-79 3.9728e-75 5.1826e-58 7.0187e-12 1.3552e-11 2.3850e-10 1.9935e-10 ] 0.0000e+00 [ 0.0000e+00 ] 1.0000e+00
 3.298e+01 4.1983e-10 4.1983e-10 [ 1.1325e-79 1.7238e-75 2.5615e-58 6.2519e-12 1.2205e-11 2.1792e-10 1.8345e-10 ] 0.0000e+00 [ 0.0000e+00 ] 1.0000e+00
 3.309e+01 3.8437e-10 3.8437e-10 [ 4.7869e-80 7.4744e-76 1.2647e-58 5.5667e-12 1.0987e-11 1.9905e-10 1.6877e-10 ] 0.0000e+00 [ 0.0000e+00 ] 1.0000e+00
 3.321e+01 3.5181e-10 3.5181e-10 [ 2.0220e-80 3.2384e-76 6.2371e-59 4.9547e-12 9.8866e-12 1.8175e-10 1.5522e-10 ] 0.0000e+00 [ 0.0000e+00 ] 1.0000e+00
 3.332e+01 3.2192e-10 3.2192e-10 [ 8.5357e-81 1.4021e-76 3.0728e-59 4.4084e-12 8.8932e-12 1.6591e-10 1.4271e-10 ] 0.0000e+00 [ 0.0000e+00 ] 1.0000e+00
 3.343e+01 2.9449e-10 2.9449e-10 [ 3.6008e-81 6.0660e-77 1.5122e-59 3.9207e-12 7.9966e-12 1.5140e-10 1.3117e-10 ] 0.0000e+00 [ 0.0000e+00 ] 1.0000e+00
 3.355e+01 2.6932e-10 2.6932e-10 [ 1.5181e-81 2.6225e-77 7.4345e-60 3.4857e-12 7.1876e-12 1.3812e-10 1.2053e-10 ] 0.0000e+00 [ 0.0000e+00 ] 1.0000e+00
 3.366e+01 2.4624e-10 2.4624e-10 [ 6.3957e-82 1.1330e-77 3.6511e-60 3.0978e-12 6.4580e-12 1.2596e-10 1.1072e-10 ] 0.0000e+00 [ 0.0000e+00 ] 1.0000e+00
 3.377e+01 2.2507e-10 2.2507e-10 [ 2.6929e-82 4.8910e-78 1.7912e-60 2.7520e-12 5.8003e-12 1.1484e-10 1.0168e-10 ] 0.0000e+00 [ 0.0000e+00 ] 1.0000e+00
 3.389e+01 2.0566e-10 2.0566e-10 [ 1.1331e-82 2.1100e-78 8.7784e-61 2.4438e-12 5.2075e-12 1.0467e-10 9.3346e-11 ] 0.0000e+00 [ 0.0000e+00 ] 1.0000e+00
 3.400e+01 1.8788e-10 1.8788e-10 [ 4.7648e-83 9.0962e-79 4.2978e-61 2.1693e-12 4.6735e-12 9.5365e-11 8.5672e-11 ] 0.0000e+00 [ 0.0000e+00 ] 1.0000e+00
 3.411e+01 1.7158e-10 1.7158e-10 [ 2.0024e-83 3.9186e-79 2.1019e-61 1.9250e-12 4.1927e-12 8.6863e-11 7.8604e-11 ] 0.0000e+00 [ 0.0000e+00 ] 1.0000e+00
 3.423e+01 1.5666e-10 1.5666e-10 [ 8.4097e-84 1.6870e-79 1.0270e-61 1.7075e-12 3.7599e-12 7.9094e-11 7.2098e-11 ] 0.0000e+00 [ 0.0000e+00 ] 1.0000e+00
 3.434e+01 1.4299e-10 1.4299e-10 [ 3.5298e-84 7.2573e-80 5.0125e-62 1.5139e-12 3.3704e-12 7.1998e-11 6.6111e-11 ] 0.0000e+00 [ 0.0000e+00 ] 1.0000e+00
 3.445e+01 1.3048e-10 1.3048e-10 [ 1.4806e-84 3.1200e-80 2.4441e-62 1.3418e-12 3.0202e-12 6.5518e-11 6.0603e-11 ] 0.0000e+00 [ 0.0000e+00 ] 1.0000e+00
 3.457e+01 1.1903e-10 1.1903e-10 [ 6.2069e-85 1.3404e-80 1.1905e-62 1.1889e-12 2.7053e-12 5.9602e-11 5.5538e-11 ] 0.0000e+00 [ 0.0000e+00 ] 1.0000e+00
 3.468e+01 1.0856e-10 1.0856e-10 [ 2.6004e-85 5.7546e-81 5.7934e-63 1.0529e-12 2.4223e-12 5.4204e-11 5.0880e-11 ] 0.0000e+00 [ 0.0000e+00 ] 1.0000e+00
 3.479e+01 9.8979e-11 9.8979e-11 [ 1.0888e-85 2.4689e-81 2.8164e-63 9.3215e-13 2.1681e-12 4.9279e-11 4.6599e-11 ] 0.0000e+00 [ 0.0000e+00 ] 1.0000e+00
 3.491e+01 9.0218e-11 9.0218e-11 [ 4.5562e-86 1.0586e-81 1.3678e-63 8.2493e-13 1.9399e-12 4.4788e-11 4.2666e-11 ] 0.0000e+00 [ 0.0000e+00 ] 1.0000e+00
 3.502e+01 8.2211e-11 8.2211e-11 [ 1.9054e-86 4.5356e-82 6.6366e-64 7.2976e-13 1.7349e-12 4.0694e-11 3.9052e-11 ] 0.0000e+00 [ 0.0000e+00 ] 1.0000e+00
 3.513e+01 7.4893e-11 7.4893e-11 [ 7.9640e-87 1.9421e-82 3.2169e-64 6.4532e-13 1.5511e-12 3.6962e-11 3.5734e-11 ] 0.0000e+00 [ 0.0000e+00 ] 1.0000e+00
 3.525e+01 6.8207e-11 6.8207e-11 [ 3.3267e-87 8.3102e-83 1.5578e-64 5.7043e-13 1.3862e-12 3.3562e-11 3.2688e-11 ] 0.0000e+00 [ 0.0000e+00 ] 1.0000e+00
 3.536e+01 6.2101e-11 6.2101e-11 [ 1.3888e-87 3.5536e-83 7.5363e-65 5.0404e-13 1.2383e-12 3.0465e-11 2.9893e-11 ] 0.0000e+00 [ 0.0000e+00 ] 1.0000e+00
 3.547e+01 5.6526e-11 5.6526e-11 [ 5.7945e-88 1.5187e-83 3.6425e-65 4.4520e-13 1.1058e-12 2.7646e-11 2.7329e-11 ] 0.0000e+00 [ 0.0000e+00 ] 1.0000e+00
 3.559e+01 5.1436e-11 5.1436e-11 [ 2.4162e-88 6.4858e-84 1.7588e-65 3.9308e-13 9.8713e-13 2.5079e-11 2.4977e-11 ] 0.0000e+00 [ 0.0000e+00 ] 1.0000e+00
 3.570e+01 4.6792e-11 4.6792e-11 [ 1.0070e-88 2.7682e-84 8.4847e-66 3.4693e-13 8.8083e-13 2.2744e-11 2.2820e-11 ] 0.0000e+00 [ 0.0000e+00 ] 1.0000e+00
 3.581e+01 4.2556e-11 4.2556e-11 [ 4.1942e-89 1.1807e-84 4.0892e-66 3.0608e-13 7.8568e-13 2.0620e-11 2.0844e-11 ] 0.0000e+00 [ 0.0000e+00 ] 1.0000e+00
 3.593e+01 3.8692e-11 3.8692e-11 [ 1.7460e-89 5.0330e-85 1.9690e-66 2.6994e-13 7.0054e-13 1.8688e-11 1.9033e-11 ] 0.0000e+00 [ 0.0000e+00 ] 1.0000e+00
 3.604e+01 3.5169e-11 3.5169e-11 [ 7.2640e-90 2.1440e-85 9.4720e-67 2.3797e-13 6.2438e-13 1.6932e-11 1.7374e-11 ] 0.0000e+00 [ 0.0000e+00 ] 1.0000e+00
 3.615e+01 3.1957e-11 3.1957e-11 [ 3.0205e-90 9.1280e-86 4.5523e-67 2.0971e-13 5.5629e-13 1.5336e-11 1.5855e-11 ] 0.0000e+00 [ 0.0000e+00 ] 1.0000e+00
 3.627e+01 2.9031e-11 2.9031e-11 [ 1.2553e-90 3.8837e-86 2.1859e-67 1.8473e-13 4.9544e-13 1.3887e-11 1.4464e-11 ] 0.0000e+00 [ 0.0000e+00 ] 1.0000e+00
 3.638e+01 2.6366e-11 2.6366e-11 [ 5.2139e-91 1.6514e-86 1.0487e-67 1.6267e-13 4.4107e-13 1.2570e-11 1.3192e-11 ] 0.0000e+00 [ 0.0000e+00 ] 1.0000e+00
 3.649e+01 2.3938e-11 2.3938e-11 [ 2.1644e-91 7.0176e-87 5.0261e-68 1.4318e-13 3.9252e-13 1.1375e-11 1.2027e-11 ] 0.0000e+00 [ 0.0000e+00 ] 1.0000e+00
 3.661e+01 2.1728e-11 2.1728e-11 [ 8.9804e-92 2.9803e-87 2.4068e-68 1.2598e-13 3.4918e-13 1.0290e-11 1.0962e-11 ] 0.0000e+00 [ 0.0000e+00 ] 1.0000e+00
 3.672e+01 1.9716e-11 1.9716e-11 [ 3.7240e-92 1.2650e-87 1.1515e-68 1.1081e-13 3.1051e-13 9.3059e-12 9.9889e-12 ] 0.0000e+00 [ 0.0000e+00 ] 1.0000e+00
 3.683e+01 1.7886e-11 1.7886e-11 [ 1.5434e-92 5.3658e-88 5.5043e-69 9.7423e-14 2.7601e-13 8.4131e-12 9.0990e-12 ] 0.0000e+00 [ 0.0000e+00 ] 1.0000e+00
 3.695e+01 1.6221e-11 1.6221e-11 [ 6.3935e-93 2.2747e-88 2.6288e-69 8.5621e-14 2.4526e-13 7.6037e-12 8.2859e-12 ] 0.0000e+00 [ 0.0000e+00 ] 1.0000e+00
 3.706e+01 1.4706e-11 1.4706e-11 [ 2.6470e-93 9.6375e-89 1.2543e-69 7.5220e-14 2.1784e-13 6.8700e-12 7.5432e-12 ] 0.0000e+00 [ 0.0000e+00 ] 1.0000e+00
 3.717e+01 1.3330e-11 1.3330e-11 [ 1.0953e-93 4.0808e-89 5.9799e-70 6.6057e-14 1.9342e-13 6.2051e-12 6.8650e-12 ] 0.0000e+00 [ 0.0000e+00 ] 1.0000e+00
 3.729e+01 1.2078e-11 1.2078e-11 [ 4.5302e-94 1.7269e-89 2.8484e-70 5.7988e-14 1.7167e-13 5.6029e-12 6.2459e-12 ] 0.0000e+00 [ 0.0000e+00 ] 1.0000e+00
 3.740e+01 1.0942e-11 1.0942e-11 [ 1.8726e-94 7.3039e-90 1.3556e-70 5.0885e-14 1.5231e-13 5.0576e-12 5.6809e-12 ] 0.0000e+00 [ 0.0000e+00 ] 1.0000e+00
 3.751e+01 9.9090e-12 9.9090e-12 [ 7.7368e-95 3.0873e-90 6.4457e-71 4.4635e-14 1.3507e-13 4.5639e-12 5.1654e-12 ] 0.0000e+00 [ 0.0000e+00 ] 1.0000e+00
 3.763e+01 8.9713e-12 8.9713e-12 [ 3.1949e-95 1.3043e-90 3.0623e-71 3.9137e-14 1.1975e-13 4.1171e-12 4.6953e-12 ] 0.0000e+00 [ 0.0000e+00 ] 1.0000e+00
 3.774e+01 8.1200e-12 8.1200e-12 [ 1.3186e-95 5.5067e-91 1.4536e-71 3.4304e-14 1.0612e-13 3.7129e-12 4.2667e-12 ] 0.0000e+00 [ 0.0000e+00 ] 1.0000e+00
 3.785e+01 7.3474e-12 7.3474e-12 [ 5.4396e-96 2.3237e-91 6.8943e-72 3.0055e-14 9.4005e-14 3.3473e-12 3.8760e-12 ] 0.0000e+00 [ 0.0000e+00 ] 1.0000e+00
 3.797e+01 6.6465e-12 6.6465e-12 [ 2.2428e-96 9.7997e-92 3.2670e-72 2.6323e-14 8.3243e-14 3.0168e-12 3.5201e-12 ] 0.0000e+00 [ 0.0000e+00 ] 1.0000e+00
 3.808e+01 6.0107e-12 6.0107e-12 [ 9.2428e-97 4.1306e-92 1.5469e-72 2.3045e-14 7.3684e-14 2.7181e-12 3.1959e-12 ] 0.0000e+00 [ 0.0000e+00 ] 1.0000e+00
 3.819e+01 5.4342e-12 5.4342e-12 [ 3.8071e-97 1.7401e-92 7.3180e-73 2.0168e-14 6.5199e-14 2.4482e-12 2.9006e-12 ] 0.0000e+00 [ 0.0000e+00 ] 1.0000e+00
 3.831e+01 4.9116e-12 4.9116e-12 [ 1.5674e-97 7.3261e-93 3.4591e-73 1.7643e-14 5.7668e-14 2.2045e-12 2.6318e-12 ] 0.0000e+00 [ 0.0000e+00 ] 1.0000e+00
 3.842e+01 4.4380e-12 4.4380e-12 [ 6.4497e-98 3.0828e-93 1.6337e-73 1.5428e-14 5.0988e-14 1.9843e-12 2.3872e-12 ] 0.0000e+00 [ 0.0000e+00 ] 1.0000e+00
 3.853e+01 4.0089e-12 4.0089e-12 [ 2.6527e-98 1.2965e-93 7.7098e-74 1.3486e-14 4.5064e-14 1.7856e-12 2.1647e-12 ] 0.0000e+00 [ 0.0000e+00 ] 1.0000e+00
 3.865e+01 3.6203e-12 3.6203e-12 [ 1.0905e-98 5.4498e-94 3.6353e-74 1.1784e-14 3.9813e-14 1.6063e-12 1.9624e-12 ] 0.0000e+00 [ 0.0000e+00 ] 1.0000e+00
 3.876e+01 3.2684e-12 3.2684e-12 [ 4.4808e-99 2.2895e-94 1.7127e-74 1.0293e-14 3.5161e-14 1.4446e-12 1.7784e-12 ] 0.0000e+00 [ 0.0000e+00 ] 1.0000e+00
 3.887e+01 2.9499e-12 2.9499e-12 [ 1.8402e-99 9.6134e-95 8.0628e-75 8.9868e-15 3.1040e-14 1.2987e-12 1.6112e-12 ] 0.0000e+00 [ 0.0000e+00 ] 1.0000e+00
 3.899e+01 2.6617e-12 2.6617e-12 [ 7.5540e-100 4.0343e-95 3.7926e-75 7.8435e-15 2.7392e-14 1.1672e-12 1.4592e-12 ] 0.0000e+00 [ 0.0000e+00 ] 1.0000e+00
 3.910e+01 2.4009e-12 2.4009e-12 [ 3.0994e-100 1.6921e-95 1.7825e-75 6.8430e-15 2.4164e-14 1.0487e-12 1.3212e-12 ] 0.0000e+00 [ 0.0000e+00 ] 1.0000e+00
 3.921e+01 2.1651e-12 2.1651e-12 [ 1.2711e-100 7.0937e-96 8.3710e-76 5.9678e-15 2.1308e-14 9.4198e-13 1.1959e-12 ] 0.0000e+00 [ 0.0000e+00 ] 1.0000e+00
 3.933e+01 1.9519e-12 1.9519e-12 [ 5.2103e-101 2.9722e-96 3.9281e-76 5.2025e-15 1.8782e-14 8.4582e-13 1.0821e-12 ] 0.0000e+00 [ 0.0000e+00 ] 1.0000e+00
 3.944e+01 1.7592e-12 1.7592e-12 [ 2.1348e-101 1.2447e-96 1.8418e-76 4.5336e-15 1.6549e-14 7.5924e-13 9.7886e-13 ] 0.0000e+00 [ 0.0000e+00 ] 1.0000e+00
 3.955e+01 1.5850e-12 1.5850e-12 [ 8.7425e-102 5.2097e-97 8.6290e-77 3.9492e-15 1.4576e-14 6.8131e-13 8.8521e-13 ] 0.0000e+00 [ 0.0000e+00 ] 1.0000e+00
 3.967e+01 1.4277e-12 1.4277e-12 [ 3.5786e-102 2.1794e-97 4.0396e-77 3.4388e-15 1.2834e-14 6.1120e-13 8.0027e-13 ] 0.0000e+00 [ 0.0000e+00 ] 1.0000e+00
 3.978e+01 1.2857e-12 1.2857e-12 [ 1.4642e-102 9.1126e-98 1.8896e-77 2.9932e-15 1.1295e-14 5.4813e-13 7.2326e-13 ] 0.0000e+00 [ 0.0000e+00 ] 1.0000e+00
 3.989e+01 1.1574e-12 1.1574e-12 [ 5.9880e-103 3.8082e-98 8.8325e-78 2.6043e-15 9.9373e-15 4.9141e-13 6.5346e-13 ] 0.0000e+00 [ 0.0000e+00 ] 1.0000e+00
 4.001e+01 1.0417e-12 1.0417e-12 [ 2.4477e-103 1.5907e-98 4.1253e-78 2.2651e-15 8.7394e-15 4.4043e-13 5.9022e-13 ] 0.0000e+00 [ 0.0000e+00 ] 1.0000e+00
 4.012e+01 9.3721e-13 9.3721e-13 [ 1.0001e-103 6.6408e-99 1.9253e-78 1.9693e-15 7.6829e-15 3.9461e-13 5.3294e-13 ] 0.0000e+00 [ 0.0000e+00 ] 1.0000e+00
 4.023e+01 8.4299e-13 8.4299e-13 [ 4.0844e-104 2.7710e-99 8.9782e-79 1.7114e-15 6.7515e-15 3.5345e-13 4.8107e-13 ] 0.0000e+00 [ 0.0000e+00 ] 1.0000e+00
 4.035e+01 7.5803e-13 7.5803e-13 [ 1.6673e-104 1.1557e-99 4.1837e-79 1.4868e-15 5.9308e-15 3.1649e-13 4.3412e-13 ] 0.0000e+00 [ 0.0000e+00 ] 1.0000e+00
 4.046e+01 6.8143e-13 6.8143e-13 [ 6.8034e-105 4.8175e-100 1.9481e-79 1.2911e-15 5.2079e-15 2.8331e-13 3.9163e-13 ] 0.0000e+00 [ 0.0000e+00 ] 1.0000e+00
 4.057e+01 6.1241e-13 6.1241e-13 [ 2.7748e-105 2.0072e-100 9.0642e-80 1.1208e-15 4.5714e-15 2.5352e-13 3.5319e-13 ] 0.0000e+00 [ 0.0000e+00 ] 1.0000e+00
 4.069e+01 5.5021e-13 5.5021e-13 [ 1.1312e-105 8.3587e-101 4.2143e-80 9.7252e-16 4.0111e-15 2.2680e-13 3.1843e-13 ] 0.0000e+00 [ 0.0000e+00 ] 1.0000e+00
 4.080e+01 4.9419e-13 4.9419e-13 [ 4.6095e-106 3.4792e-101 1.9579e-80 8.4356e-16 3.5182e-15 2.0283e-13 2.8700e-13 ] 0.0000e+00 [ 0.0000e+00 ] 1.0000e+00
 4.091e+01 4.4375e-13 4.4375e-13 [ 1.8775e-106 1.4474e-101 9.0894e-81 7.3141e-16 3.0846e-15 1.8134e-13 2.5860e-13 ] 0.0000e+00 [ 0.0000e+00 ] 1.0000e+00
 4.103e+01 3.9835e-13 3.9835e-13 [ 7.6440e-107 6.0189e-102 4.2166e-81 6.3393e-16 2.7035e-15 1.6207e-13 2.3294e-13 ] 0.0000e+00 [ 0.0000e+00 ] 1.0000e+00
 4.114e+01 3.5748e-13 3.5748e-13 [ 3.1108e-107 2.5016e-102 1.9546e-81 5.4922e-16 2.3685e-15 1.4481e-13 2.0975e-13 ] 0.0000e+00 [ 0.0000e+00 ] 1.0000e+00
 4.125e+01 3.2072e-13 3.2072e-13 [ 1.2654e-107 1.0392e-102 9.0543e-82 4.7565e-16 2.0743e-15 1.2935e-13 1.8882e-13 ] 0.0000e+00 [ 0.0000e+00 ] 1.0000e+00
 4.137e+01 2.8765e-13 2.8765e-13 [ 5.1451e-108 4.3151e-103 4.1911e-82 4.1178e-16 1.8159e-15 1.1550e-13 1.6993e-13 ] 0.0000e+00 [ 0.0000e+00 ] 1.0000e+00
 4.148e+01 2.5792e-13 2.5792e-13 [ 2.0911e-108 1.7909e-103 1.9386e-82 3.5634e-16 1.5891e-15 1.0310e-13 1.5288e-13 ] 0.0000e+00 [ 0.0000e+00 ] 1.0000e+00
 4.159e+01 2.3120e-13 2.3120e-13 [ 8.4953e-109 7.4290e-104 8.9604e-83 3.0825e-16 1.3901e-15 9.2005e-14 1.3750e-13 ] 0.0000e+00 [ 0.0000e+00 ] 1.0000e+00
 4.171e+01 2.0719e-13 2.0719e-13 [ 3.4498e-109 3.0803e-104 4.1386e-83 2.6655e-16 1.2156e-15 8.2078e-14 1.2363e-13 ] 0.0000e+00 [ 0.0000e+00 ] 1.0000e+00
 4.182e+01 1.8561e-13 1.8561e-13 [ 1.4003e-109 1.2766e-104 1.9102e-83 2.3040e-16 1.0625e-15 7.3200e-14 1.1112e-13 ] 0.0000e+00 [ 0.0000e+00 ] 1.0000e+00
 4.193e+01 1.6624e-13 1.6624e-13 [ 5.6815e-110 5.2880e-105 8.8102e-84 1.9907e-16 9.2842e-16 6.5262e-14 9.9851e-14 ] 0.0000e+00 [ 0.0000e+00 ] 1.0000e+00
 4.205e+01 1.4885e-13 1.4885e-13 [ 2.3042e-110 2.1895e-105 4.0606e-84 1.7194e-16 8.1092e-16 5.8167e-14 8.9696e-14 ] 0.0000e+00 [ 0.0000e+00 ] 1.0000e+00
 4.216e+01 1.3323e-13 1.3323e-13 [ 9.3412e-111 9.0610e-106 1.8702e-84 1.4845e-16 7.0803e-16 5.1828e-14 8.0549e-14 ] 0.0000e+00 [ 0.0000e+00 ] 1.0000e+00
 4.227e+01 1.1922e-13 1.1922e-13 [ 3.7853e-111 3.7482e-106 8.6074e-85 1.2811e-16 6.1795e-16 4.6165e-14 7.2313e-14 ] 0.0000e+00 [ 0.0000e+00 ] 1.0000e+00
 4.239e+01 1.0666e-13 1.0666e-13 [ 1.5332e-111 1.5497e-106 3.9587e-85 1.1052e-16 5.3913e-16 4.1108e-14 6.4900e-14 ] 0.0000e+00 [ 0.0000e+00 ] 1.0000e+00
 4.250e+01 9.5388e-14 9.5388e-14 [ 6.2079e-112 6.4046e-107 1.8194e-85 9.5311e-17 4.7019e-16 3.6594e-14 5.8229e-14 ] 0.0000e+00 [ 0.0000e+00 ] 1.0000e+00
 4.261e+01 8.5284e-14 8.5284e-14 [ 2.5125e-112 2.6456e-107 8.3563e-86 8.2161e-17 4.0990e-16 3.2565e-14 5.2227e-14 ] 0.0000e+00 [ 0.0000e+00 ] 1.0000e+00
 4.273e+01 7.6229e-14 7.6229e-14 [ 1.0164e-112 1.0924e-107 3.8352e-86 7.0798e-17 3.5721e-16 2.8971e-14 4.6830e-14 ] 0.0000e+00 [ 0.0000e+00 ] 1.0000e+00
 4.284e+01 6.8116e-14 6.8116e-14 [ 4.1103e-113 4.5082e-108 1.7590e-86 6.0983e-17 3.1118e-16 2.5766e-14 4.1978e-14 ] 0.0000e+00 [ 0.0000e+00 ] 1.0000e+00
 4.295e+01 6.0849e-14 6.0849e-14 [ 1.6615e-113 1.8597e-108 8.0621e-87 5.2508e-17 2.7097e-16 2.2908e-14 3.7617e-14 ] 0.0000e+00 [ 0.0000e+00 ] 1.0000e+00
 4.307e+01 5.4342e-14 5.4342e-14 [ 6.7133e-114 7.6681e-109 3.6926e-87 4.5193e-17 2.3587e-16 2.0361e-14 3.3699e-14 ] 0.0000e+00 [ 0.0000e+00 ] 1.0000e+00
 4.318e+01 4.8516e-14 4.8516e-14 [ 2.7114e-114 3.1604e-109 1.6901e-87 3.8882e-17 2.0524e-16 1.8092e-14 3.0180e-14 ] 0.0000e+00 [ 0.0000e+00 ] 1.0000e+00
 4.329e+01 4.3303e-14 4.3303e-14 [ 1.0947e-114 1.3019e-109 7.7304e-88 3.3440e-17 1.7852e-16 1.6070e-14 2.7020e-14 ] 0.0000e+00 [ 0.0000e+00 ] 1.0000e+00
 4.341e+01 3.8638e-14 3.8638e-14 [ 4.4177e-115 5.3610e-110 3.5335e-88 2.8748e-17 1.5522e-16 1.4270e-14 2.4184e-14 ] 0.0000e+00 [ 0.0000e+00 ] 1.0000e+00
 4.352e+01 3.4467e-14 3.4467e-14 [ 1.7821e-115 2.2065e-110 1.6140e-88 2.4705e-17 1.3491e-16 1.2668e-14 2.1639e-14 ] 0.0000e+00 [ 0.0000e+00 ] 1.0000e+00
 4.363e+01 3.0736e-14 3.0736e-14 [ 7.1861e-116 9.0776e-111 7.3674e-89 2.1222e-17 1.1721e-16 1.1242e-14 1.9356e-14 ] 0.0000e+00 [ 0.0000e+00 ] 1.0000e+00
 4.375e+01 2.7402e-14 2.7402e-14 [ 2.8965e-116 3.7329e-111 3.3607e-89 1.8223e-17 1.0180e-16 9.9739e-15 1.7308e-14 ] 0.0000e+00 [ 0.0000e+00 ] 1.0000e+00
 4.386e+01 2.4422e-14 2.4422e-14 [ 1.1671e-116 1.5343e-111 1.5320e-89 1.5642e-17 8.8375e-17 8.8459e-15 1.5472e-14 ] 0.0000e+00 [ 0.0000e+00 ] 1.0000e+00
 4.397e+01 2.1760e-14 2.1760e-14 [ 4.7003e-117 6.3039e-112 6.9791e-90 1.3422e-17 7.6695e-17 7.8431e-15 1.3827e-14 ] 0.0000e+00 [ 0.0000e+00 ] 1.0000e+00
 4.409e+01 1.9383e-14 1.9383e-14 [ 1.8923e-117 2.5888e-112 3.1772e-90 1.1512e-17 6.6533e-17 6.9518e-15 1.2353e-14 ] 0.0000e+00 [ 0.0000e+00 ] 1.0000e+00
 4.420e+01 1.7260e-14 1.7260e-14 [ 7.6152e-118 1.0627e-112 1.4455e-90 9.8696e-18 5.7696e-17 6.1599e-15 1.1033e-14 ] 0.0000e+00 [ 0.0000e+00 ] 1.0000e+00
 4.431e+01 1.5366e-14 1.5366e-14 [ 3.0634e-118 4.3603e-113 6.5719e-91 8.4586e-18 5.0013e-17 5.4565e-15 9.8509e-15 ] 0.0000e+00 [ 0.0000e+00 ] 1.0000e+00
 4.443e+01 1.3675e-14 1.3675e-14 [ 1.2318e-118 1.7883e-113 2.9859e-91 7.2464e-18 4.3338e-17 4.8319e-15 8.7928e-15 ] 0.0000e+00 [ 0.0000e+00 ] 1.0000e+00
 4.454e+01 1.2167e-14 1.2167e-14 [ 4.9513e-119 7.3310e-114 1.3558e-91 6.2056e-18 3.7539e-17 4.2776e-15 7.8460e-15 ] 0.0000e+00 [ 0.0000e+00 ] 1.0000e+00
 4.465e+01 1.0822e-14 1.0822e-14 [ 1.9894e-119 3.0040e-114 6.1519e-92 5.3122e-18 3.2503e-17 3.7856e-15 6.9989e-15 ] 0.0000e+00 [ 0.0000e+00 ] 1.0000e+00
 4.477e+01 9.6234e-15 9.6234e-15 [ 7.9901e-120 1.2304e-114 2.7896e-92 4.5457e-18 2.8133e-17 3.3493e-15 6.2415e-15 ] 0.0000e+00 [ 0.0000e+00 ] 1.0000e+00
 4.488e+01 8.5548e-15 8.5548e-15 [ 3.2078e-120 5.0374e-115 1.2642e-92 3.8882e-18 2.4341e-17 2.9623e-15 5.5643e-15 ] 0.0000e+00 [ 0.0000e+00 ] 1.0000e+00
 4.499e+01 7.6026e-15 7.6026e-15 [ 1.2873e-120 2.0615e-115 5.7250e-93 3.3246e-18 2.1052e-17 2.6192e-15 4.9591e-15 ] 0.0000e+00 [ 0.0000e+00 ] 1.0000e+00
 4.511e+01 6.7545e-15 6.7545e-15 [ 5.1643e-121 8.4325e-116 2.5910e-93 2.8416e-18 1.8201e-17 2.3151e-15 4.4183e-15 ] 0.0000e+00 [ 0.0000e+00 ] 1.0000e+00
 4.522e+01 5.9992e-15 5.9992e-15 [ 2.0709e-121 3.4479e-116 1.1719e-93 2.4278e-18 1.5730e-17 2.0457e-15 3.9354e-15 ] 0.0000e+00 [ 0.0000e+00 ] 1.0000e+00
 4.533e+01 5.3269e-15 5.3269e-15 [ 8.3010e-122 1.4091e-116 5.2967e-94 2.0734e-18 1.3589e-17 1.8071e-15 3.5041e-15 ] 0.0000e+00 [ 0.0000e+00 ] 1.0000e+00
 4.545e+01 4.7286e-15 4.7286e-15 [ 3.3261e-122 5.7566e-117 2.3925e-94 1.7701e-18 1.1735e-17 1.5959e-15 3.1192e-15 ] 0.0000e+00 [ 0.0000e+00 ] 1.0000e+00
 4.556e+01 4.1962e-15 4.1962e-15 [ 1.3322e-122 2.3507e-117 1.0800e-94 1.5106e-18 1.0130e-17 1.4089e-15 2.7757e-15 ] 0.0000e+00 [ 0.0000e+00 ] 1.0000e+00
 4.567e+01 3.7227e-15 3.7227e-15 [ 5.3337e-123 9.5947e-118 4.8722e-95 1.2886e-18 8.7418e-18 1.2434e-15 2.4693e-15 ] 0.0000e+00 [ 0.0000e+00 ] 1.0000e+00
 4.579e+01 3.3017e-15 3.3017e-15 [ 2.1346e-123 3.9145e-118 2.1965e-95 1.0988e-18 7.5407e-18 1.0970e-15 2.1960e-15 ] 0.0000e+00 [ 0.0000e+00 ] 1.0000e+00
 4.590e+01 2.9275e-15 2.9275e-15 [ 8.5395e-124 1.5964e-118 9.8963e-96 9.3660e-19 6.5021e-18 9.6761e-16 1.9524e-15 ] 0.0000e+00 [ 0.0000e+00 ] 1.0000e+00
 4.601e+01 2.5949e-15 2.5949e-15 [ 3.4149e-124 6.5075e-119 4.4559e-96 7.9804e-19 5.6045e-18 8.5318e-16 1.7353e-15 ] 0.0000e+00 [ 0.0000e+00 ] 1.0000e+00
 4.613e+01 2.2994e-15 2.2994e-15 [ 1.3651e-124 2.6516e-119 2.0050e-96 6.7971e-19 4.8290e-18 7.5206e-16 1.5419e-15 ] 0.0000e+00 [ 0.0000e+00 ] 1.0000e+00
 4.624e+01 2.0370e-15 2.0370e-15 [ 5.4547e-125 1.0799e-119 9.0163e-97 5.7870e-19 4.1592e-18 6.6271e-16 1.3696e-15 ] 0.0000e+00 [ 0.0000e+00 ] 1.0000e+00
 4.635e+01 1.8041e-15 1.8041e-15 [ 2.1787e-125 4.3965e-120 4.0519e-97 4.9251e-19 3.5810e-18 5.8381e-16 1.2162e-15 ] 0.0000e+00 [ 0.0000e+00 ] 1.0000e+00
 4.647e+01 1.5973e-15 1.5973e-15 [ 8.6990e-126 1.7891e-120 1.8198e-97 4.1899e-19 3.0820e-18 5.1414e-16 1.0796e-15 ] 0.0000e+00 [ 0.0000e+00 ] 1.0000e+00
 4.658e+01 1.4138e-15 1.4138e-15 [ 3.4719e-126 7.2772e-121 8.1677e-98 3.5631e-19 2.6515e-18 4.5264e-16 9.5812e-16 ] 0.0000e+00 [ 0.0000e+00 ] 1.0000e+00
 4.669e+01 1.2510e-15 1.2510e-15 [ 1.3851e-126 2.9588e-121 3.6636e-98 3.0289e-19 2.2803e-18 3.9838e-16 8.5003e-16 ] 0.0000e+00 [ 0.0000e+00 ] 1.0000e+00
 4.681e+01 1.1066e-15 1.1066e-15 [ 5.5238e-127 1.2025e-121 1.6422e-98 2.5738e-19 1.9604e-18 3.5051e-16 7.5390e-16 ] 0.0000e+00 [ 0.0000e+00 ] 1.0000e+00
 4.692e+01 9.7865e-16 9.7865e-16 [ 2.2020e-127 4.8847e-122 7.3569e-99 2.1862e-19 1.6847e-18 3.0831e-16 6.6844e-16 ] 0.0000e+00 [ 0.0000e+00 ] 1.0000e+00
 4.703e+01 8.6522e-16 8.6522e-16 [ 8.7744e-128 1.9834e-122 3.2937e-99 1.8562e-19 1.4472e-18 2.7110e-16 5.9249e-16 ] 0.0000e+00 [ 0.0000e+00 ] 1.0000e+00
 4.715e+01 7.6472e-16 7.6472e-16 [ 3.4950e-128 8.0503e-123 1.4736e-99 1.5755e-19 1.2427e-18 2.3831e-16 5.2501e-16 ] 0.0000e+00 [ 0.0000e+00 ] 1.0000e+00
 4.726e+01 6.7569e-16 6.7569e-16 [ 1.3916e-128 3.2660e-123 6.5891e-100 1.3366e-19 1.0667e-18 2.0942e-16 4.6507e-16 ] 0.0000e+00 [ 0.0000e+00 ] 1.0000e+00
 4.737e+01 5.9686e-16 5.9686e-16 [ 5.5386e-129 1.3244e-123 2.9443e-100 1.1336e-19 9.1531e-19 1.8398e-16 4.1185e-16 ] 0.0000e+00 [ 0.0000e+00 ] 1.0000e+00
 4.749e+01 5.2707e-16 5.2707e-16 [ 2.2035e-129 5.3685e-124 1.3148e-100 9.6099e-20 7.8510e-19 1.6157e-16 3.6462e-16 ] 0.0000e+00 [ 0.0000e+00 ] 1.0000e+00
 4.760e+01 4.6531e-16 4.6531e-16 [ 8.7631e-130 2.1751e-124 5.8680e-101 8.1436e-20 6.7316e-19 1.4186e-16 3.2270e-16 ] 0.0000e+00 [ 0.0000e+00 ] 1.0000e+00
 4.771e+01 4.1066e-16 4.1066e-16 [ 3.4835e-130 8.8090e-125 2.6172e-101 6.8983e-20 5.7696e-19 1.2451e-16 2.8551e-16 ] 0.0000e+00 [ 0.0000e+00 ] 1.0000e+00
 4.783e+01 3.6233e-16 3.6233e-16 [ 1.3842e-130 3.5660e-125 1.1665e-101 5.8412e-20 4.9432e-19 1.0925e-16 2.5253e-16 ] 0.0000e+00 [ 0.0000e+00 ] 1.0000e+00
 4.794e+01 3.1960e-16 3.1960e-16 [ 5.4983e-131 1.4429e-125 5.1962e-102 4.9441e-20 4.2336e-19 9.5827e-17 2.2330e-16 ] 0.0000e+00 [ 0.0000e+00 ] 1.0000e+00
 4.805e+01 2.8182e-16 2.8182e-16 [ 2.1831e-131 5.8359e-126 2.3132e-102 4.1831e-20 3.6245e-19 8.4030e-17 1.9739e-16 ] 0.0000e+00 [ 0.0000e+00 ] 1.0000e+00
 4.817e+01 2.4844e-16 2.4844e-16 [ 8.6642e-132 2.3593e-126 1.0291e-102 3.5378e-20 3.1018e-19 7.3663e-17 1.7443e-16 ] 0.0000e+00 [ 0.0000e+00 ] 1.0000e+00
 4.828e+01 2.1894e-16 2.1894e-16 [ 3.4373e-132 9.5339e-127 4.5753e-103 2.9909e-20 2.6536e-19 6.4555e-17 1.5409e-16 ] 0.0000e+00 [ 0.0000e+00 ] 1.0000e+00
 4.839e+01 1.9290e-16 1.9290e-16 [ 1.3631e-132 3.8509e-127 2.0329e-103 2.5276e-20 2.2692e-19 5.6556e-17 1.3609e-16 ] 0.0000e+00 [ 0.0000e+00 ] 1.0000e+00
 4.851e+01 1.6990e-16 1.6990e-16 [ 5.4032e-133 1.5547e-127 9.0268e-104 2.1352e-20 1.9398e-19 4.9533e-17 1.2015e-16 ] 0.0000e+00 [ 0.0000e+00 ] 1.0000e+00
 4.862e+01 1.4960e-16 1.4960e-16 [ 2.1409e-133 6.2742e-128 4.0057e-104 1.8029e-20 1.6576e-19 4.3368e-17 1.0605e-16 ] 0.0000e+00 [ 0.0000e+00 ] 1.0000e+00
 4.873e+01 1.3169e-16 1.3169e-16 [ 8.4795e-134 2.5309e-128 1.7764e-104 1.5218e-20 1.4159e-19 3.7960e-17 9.3572e-17 ] 0.0000e+00 [ 0.0000e+00 ] 1.0000e+00
 4.885e+01 1.1589e-16 1.1589e-16 [ 3.3571e-134 1.0204e-128 7.8730e-105 1.2840e-20 1.2089e-19 3.3215e-17 8.2539e-17 ] 0.0000e+00 [ 0.0000e+00 ] 1.0000e+00
 4.896e+01 1.0195e-16 1.0195e-16 [ 1.3285e-134 4.1124e-129 3.4871e-105 1.0829e-20 1.0319e-19 2.9055e-17 7.2785e-17 ] 0.0000e+00 [ 0.0000e+00 ] 1.0000e+00
 4.907e+01 8.9669e-17 8.9669e-17 [ 5.2552e-135 1.6566e-129 1.5435e-105 9.1294e-21 8.8039e-20 2.5408e-17 6.4164e-17 ] 0.0000e+00 [ 0.0000e+00 ] 1.0000e+00
 4.919e+01 7.8841e-17 7.8841e-17 [ 2.0779e-135 6.6701e-130 6.8275e-106 7.6934e-21 7.5087e-20 2.2212e-17 5.6546e-17 ] 0.0000e+00 [ 0.0000e+00 ] 1.0000e+00
 4.930e+01 6.9301e-17 6.9301e-17 [ 8.2128e-136 2.6844e-130 3.0182e-106 6.4806e-21 6.4016e-20 1.9412e-17 4.9819e-17 ] 0.0000e+00 [ 0.0000e+00 ] 1.0000e+00
 4.941e+01 6.0898e-17 6.0898e-17 [ 3.2446e-136 1.0799e-130 1.3334e-106 5.4568e-21 5.4556e-20 1.6960e-17 4.3878e-17 ] 0.0000e+00 [ 0.0000e+00 ] 1.0000e+00
 4.953e+01 5.3498e-17 5.3498e-17 [ 1.2813e-136 4.3420e-131 5.8868e-107 4.5928e-21 4.6476e-20 1.4813e-17 3.8634e-17 ] 0.0000e+00 [ 0.0000e+00 ] 1.0000e+00
 4.964e+01 4.6984e-17 4.6984e-17 [ 5.0576e-137 1.7450e-131 2.5973e-107 3.8641e-21 3.9578e-20 1.2934e-17 3.4006e-17 ] 0.0000e+00 [ 0.0000e+00 ] 1.0000e+00
 4.975e+01 4.1251e-17 4.1251e-17 [ 1.9955e-137 7.0100e-132 1.1452e-107 3.2496e-21 3.3690e-20 1.1290e-17 2.9924e-17 ] 0.0000e+00 [ 0.0000e+00 ] 1.0000e+00
 4.987e+01 3.6207e-17 3.6207e-17 [ 7.8701e-138 2.8147e-132 5.0463e-108 2.7316e-21 2.8667e-20 9.8516e-18 2.6324e-17 ] 0.0000e+00 [ 0.0000e+00 ] 1.0000e+00
 4.998e+01 3.1770e-17 3.1770e-17 [ 3.1025e-138 1.1296e-132 2.2222e-108 2.2953e-21 2.4384e-20 8.5940e-18 2.3150e-17 ] 0.0000e+00 [ 0.0000e+00 ] 1.0000e+00
 5.009e+01 2.7869e-17 2.7869e-17 [ 1.2225e-138 4.5314e-133 9.7790e-109 1.9278e-21 2.0732e-20 7.4946e-18 2.0352e-17 ] 0.0000e+00 [ 0.0000e+00 ] 1.0000e+00
 5.021e+01 2.4440e-17 2.4440e-17 [ 4.8149e-139 1.8168e-133 4.3006e-109 1.6185e-21 1.7620e-20 6.5339e-18 1.7887e-17 ] 0.0000e+00 [ 0.0000e+00 ] 1.0000e+00
 5.032e+01 2.1427e-17 2.1427e-17 [ 1.8956e-139 7.2811e-134 1.8901e-109 1.3582e-21 1.4969e-20 5.6946e-18 1.5716e-17 ] 0.0000e+00 [ 0.0000e+00 ] 1.0000e+00
 5.043e+01 1.8780e-17 1.8780e-17 [ 7.4591e-140 2.9165e-134 8.3013e-110 1.1393e-21 1.2712e-20 4.9615e-18 1.3804e-17 ] 0.0000e+00 [ 0.0000e+00 ] 1.0000e+00
 5.055e+01 1.6455e-17 1.6455e-17 [ 2.9339e-140 1.1677e-134 3.6435e-110 9.5525e-22 1.0791e-20 4.3216e-18 1.2122e-17 ] 0.0000e+00 [ 0.0000e+00 ] 1.0000e+00
 5.066e+01 1.4414e-17 1.4414e-17 [ 1.1534e-140 4.6727e-135 1.5981e-110 8.0057e-22 9.1570e-21 3.7630e-18 1.0641e-17 ] 0.0000e+00 [ 0.0000e+00 ] 1.0000e+00
 5.077e+01 1.2622e-17 1.2622e-17 [ 4.5326e-141 1.8689e-135 7.0050e-111 6.7064e-22 7.7669e-21 3.2756e-18 9.3379e-18 ] 0.0000e+00 [ 0.0000e+00 ] 1.0000e+00
 5.089e+01 1.1050e-17 1.1050e-17 [ 1.7803e-141 7.4715e-136 3.0684e-111 5.6154e-22 6.5851e-21 2.8505e-18 8.1921e-18 ] 0.0000e+00 [ 0.0000e+00 ] 1.0000e+00
 5.100e+01 9.6705e-18 9.6705e-18 [ 6.9895e-142 2.9854e-136 1.3432e-111 4.6997e-22 5.5808e-21 2.4797e-18 7.1847e-18 ] 0.0000e+00 [ 0.0000e+00 ] 1.0000e+00
 5.111e+01 8.4610e-18 8.4610e-18 [ 2.7428e-142 1.1923e-136 5.8755e-112 3.9315e-22 4.7277e-21 2.1566e-18 6.2993e-18 ] 0.0000e+00 [ 0.0000e+00 ] 1.0000e+00
 5.123e+01 7.4006e-18 7.4006e-18 [ 1.0758e-142 4.7591e-137 2.5684e-112 3.2873e-22 4.0033e-21 1.8750e-18 5.5214e-18 ] 0.0000e+00 [ 0.0000e+00 ] 1.0000e+00
 5.134e+01 6.4713e-18 6.4713e-18 [ 4.2174e-143 1.8987e-137 1.1220e-112 2.7474e-22 3.3884e-21 1.6296e-18 4.8380e-18 ] 0.0000e+00 [ 0.0000e+00 ] 1.0000e+00
 5.145e+01 5.6570e-18 5.6570e-18 [ 1.6525e-143 7.5710e-138 4.8980e-113 2.2950e-22 2.8668e-21 1.4159e-18 4.2380e-18 ] 0.0000e+00 [ 0.0000e+00 ] 1.0000e+00
 5.157e+01 4.9437e-18 4.9437e-18 [ 6.4721e-144 3.0174e-138 2.1367e-113 1.9162e-22 2.4243e-21 1.2299e-18 3.7112e-18 ] 0.0000e+00 [ 0.0000e+00 ] 1.0000e+00
 5.168e+01 4.3192e-18 4.3192e-18 [ 2.5335e-144 1.2019e-138 9.3148e-114 1.5991e-22 2.0493e-21 1.0680e-18 3.2490e-18 ] 0.0000e+00 [ 0.0000e+00 ] 1.0000e+00
 5.179e+01 3.7724e-18 3.7724e-18 [ 9.9126e-145 4.7850e-139 4.0578e-114 1.3338e-22 1.7314e-21 9.2709e-19 2.8434e-18 ] 0.0000e+00 [ 0.0000e+00 ] 1.0000e+00
 5.191e+01 3.2939e-18 3.2939e-18 [ 3.8764e-145 1.9040e-139 1.7665e-114 1.1119e-22 1.4622e-21 8.0454e-19 2.4878e-18 ] 0.0000e+00 [ 0.0000e+00 ] 1.0000e+00
 5.202e+01 2.8752e-18 2.8752e-18 [ 1.5151e-145 7.5718e-140 7.6843e-115 9.2649e-23 1.2343e-21 6.9797e-19 2.1759e-18 ] 0.0000e+00 [ 0.0000e+00 ] 1.0000e+00
 5.213e+01 2.5091e-18 2.5091e-18 [ 5.9187e-146 3.0095e-140 3.3404e-115 7.7156e-23 1.0414e-21 6.0533e-19 1.9026e-18 ] 0.0000e+00 [ 0.0000e+00 ] 1.0000e+00
 5.225e+01 2.1889e-18 2.1889e-18 [ 2.3109e-146 1.1955e-140 1.4510e-115 6.4219e-23 8.7819e-22 5.2483e-19 1.6631e-18 ] 0.0000e+00 [ 0.0000e+00 ] 1.0000e+00
 5.236e+01 1.9090e-18 1.9090e-18 [ 9.0181e-147 4.7464e-141 6.2985e-116 5.3421e-23 7.4021e-22 4.5489e-19 1.4533e-18 ] 0.0000e+00 [ 0.0000e+00 ] 1.0000e+00
 5.247e+01 1.6644e-18 1.6644e-18 [ 3.5173e-147 1.8833e-141 2.7320e-116 4.4414e-23 6.2359e-22 3.9415e-19 1.2696e-18 ] 0.0000e+00 [ 0.0000e+00 ] 1.0000e+00
 5.259e+01 1.4508e-18 1.4508e-18 [ 1.3711e-147 7.4686e-142 1.1841e-116 3.6904e-23 5.2507e-22 3.4141e-19 1.1088e-18 ] 0.0000e+00 [ 0.0000e+00 ] 1.0000e+00
 5.270e+01 1.2642e-18 1.2642e-18 [ 5.3416e-148 2.9600e-142 5.1286e-117 3.0645e-23 4.4188e-22 2.9564e-19 9.6806e-19 ] 0.0000e+00 [ 0.0000e+00 ] 1.0000e+00
 5.281e+01 1.1012e-18 1.1012e-18 [ 2.0799e-148 1.1725e-142 2.2195e-117 2.5433e-23 3.7167e-22 2.5592e-19 8.4493e-19 ] 0.0000e+00 [ 0.0000e+00 ] 1.0000e+00
 5.293e+01 9.5904e-19 9.5904e-19 [ 8.0938e-149 4.6412e-143 9.5984e-118 2.1094e-23 3.1245e-22 2.2147e-19 7.3723e-19 ] 0.0000e+00 [ 0.0000e+00 ] 1.0000e+00
 5.304e+01 8.3495e-19 8.3495e-19 [ 3.1479e-149 1.8361e-143 4.1476e-118 1.7484e-23 2.6251e-22 1.9160e-19 6.4308e-19 ] 0.0000e+00 [ 0.0000e+00 ] 1.0000e+00
 5.315e+01 7.2671e-19 7.2671e-19 [ 1.2236e-149 7.2595e-144 1.7909e-118 1.4483e-23 2.2042e-22 1.6570e-19 5.6077e-19 ] 0.0000e+00 [ 0.0000e+00 ] 1.0000e+00
 5.327e+01 6.3231e-19 6.3231e-19 [ 4.7531e-150 2.8684e-144 7.7265e-119 1.1989e-23 1.8497e-22 1.4326e-19 4.8886e-19 ] 0.0000e+00 [ 0.0000e+00 ] 1.0000e+00
 5.338e+01 5.5001e-19 5.5001e-19 [ 1.8453e-150 1.1326e-144 3.3309e-119 9.9176e-24 1.5513e-22 1.2382e-19 4.2603e-19 ] 0.0000e+00 [ 0.0000e+00 ] 1.0000e+00
 5.349e+01 4.7829e-19 4.7829e-19 [ 7.1594e-151 4.4695e-145 1.4348e-119 8.1984e-24 1.3001e-22 1.0698e-19 3.7117e-19 ] 0.0000e+00 [ 0.0000e+00 ] 1.0000e+00
 5.361e+01 4.1579e-19 4.1579e-19 [ 2.7760e-151 1.7626e-145 6.1752e-120 6.7724e-24 1.0890e-22 9.2397e-20 3.2328e-19 ] 0.0000e+00 [ 0.0000e+00 ] 1.0000e+00
 5.372e+01 3.6136e-19 3.6136e-19 [ 1.0757e-151 6.9460e-146 2.6556e-120 5.5903e-24 9.1148e-23 7.9778e-20 2.8148e-19 ] 0.0000e+00 [ 0.0000e+00 ] 1.0000e+00
 5.383e+01 3.1395e-19 3.1395e-19 [ 4.1653e-152 2.7354e-146 1.1410e-120 4.6111e-24 7.6239e-23 6.8859e-20 2.4501e-19 ] 0.0000e+00 [ 0.0000e+00 ] 1.0000e+00
 5.395e+01 2.7269e-19 2.7269e-19 [ 1.6119e-152 1.0765e-146 4.8986e-121 3.8005e-24 6.3723e-23 5.9414e-20 2.1320e-19 ] 0.0000e+00 [ 0.0000e+00 ] 1.0000e+00
 5.406e+01 2.3677e-19 2.3677e-19 [ 6.2334e-153 4.2334e-147 2.1012e-121 3.1298e-24 5.3222e-23 5.1247e-20 1.8547e-19 ] 0.0000e+00 [ 0.0000e+00 ] 1.0000e+00
 5.417e+01 2.0553e-19 2.0553e-19 [ 2.4088e-153 1.6636e-147 9.0049e-122 2.5754e-24 4.4418e-23 4.4187e-20 1.6130e-19 ] 0.0000e+00 [ 0.0000e+00 ] 1.0000e+00
 5.429e+01 1.7835e-19 1.7835e-19 [ 9.3021e-154 6.5328e-148 3.8557e-122 2.1175e-24 3.7042e-23 3.8085e-20 1.4023e-19 ] 0.0000e+00 [ 0.0000e+00 ] 1.0000e+00
 5.440e+01 1.5472e-19 1.5472e-19 [ 3.5895e-154 2.5634e-148 1.6494e-122 1.7394e-24 3.0865e-23 3.2814e-20 1.2188e-19 ] 0.0000e+00 [ 0.0000e+00 ] 1.0000e+00
 5.451e+01 1.3418e-19 1.3418e-19 [ 1.3841e-154 1.0051e-148 7.0494e-123 1.4276e-24 2.5696e-23 2.8262e-20 1.0590e-19 ] 0.0000e+00 [ 0.0000e+00 ] 1.0000e+00
 5.463e+01 1.1634e-19 1.1634e-19 [ 5.3330e-155 3.9375e-149 3.0100e-123 1.1706e-24 2.1375e-23 2.4331e-20 9.1982e-20 ] 0.0000e+00 [ 0.0000e+00 ] 1.0000e+00
 5.474e+01 1.0083e-19 1.0083e-19 [ 2.0532e-155 1.5413e-149 1.2840e-123 9.5896e-25 1.7764e-23 2.0938e-20 7.9872e-20 ] 0.0000e+00 [ 0.0000e+00 ] 1.0000e+00
 5.485e+01 8.7362e-20 8.7362e-20 [ 7.8983e-156 6.0285e-150 5.4717e-124 7.8481e-25 1.4750e-23 1.8011e-20 6.9335e-20 ] 0.0000e+00 [ 0.0000e+00 ] 1.0000e+00
 5.497e+01 7.5669e-20 7.5669e-20 [ 3.0358e-156 2.3559e-150 2.3294e-124 6.4164e-25 1.2235e-23 1.5486e-20 6.0171e-20 ] 0.0000e+00 [ 0.0000e+00 ] 1.0000e+00
 5.508e+01 6.5521e-20 6.5521e-20 [ 1.1659e-156 9.1984e-151 9.9067e-125 5.2404e-25 1.0139e-23 1.3309e-20 5.2201e-20 ] 0.0000e+00 [ 0.0000e+00 ] 1.0000e+00
 5.519e+01 5.6714e-20 5.6714e-20 [ 4.4735e-157 3.5882e-151 4.2087e-125 4.2754e-25 8.3927e-24 1.1432e-20 4.5274e-20 ] 0.0000e+00 [ 0.0000e+00 ] 1.0000e+00
 5.531e+01 4.9075e-20 4.9075e-20 [ 1.7149e-157 1.3984e-151 1.7860e-125 3.4842e-25 6.9400e-24 9.8144e-21 3.9253e-20 ] 0.0000e+00 [ 0.0000e+00 ] 1.0000e+00
 5.542e+01 4.2450e-20 4.2450e-20 [ 6.5680e-158 5.4446e-152 7.5710e-126 2.8361e-25 5.7323e-24 8.4212e-21 3.4023e-20 ] 0.0000e+00 [ 0.0000e+00 ] 1.0000e+00
 5.553e+01 3.6707e-20 3.6707e-20 [ 2.5131e-158 2.1177e-152 3.2057e-126 2.3058e-25 4.7293e-24 7.2213e-21 2.9481e-20 ] 0.0000e+00 [ 0.0000e+00 ] 1.0000e+00
 5.565e+01 3.1729e-20 3.1729e-20 [ 9.6058e-159 8.2286e-153 1.3557e-126 1.8724e-25 3.8970e-24 6.1885e-21 2.5537e-20 ] 0.0000e+00 [ 0.0000e+00 ] 1.0000e+00
 5.576e+01 2.7416e-20 2.7416e-20 [ 3.6679e-159 3.1939e-153 5.7266e-127 1.5184e-25 3.2071e-24 5.2997e-21 2.2113e-20 ] 0.0000e+00 [ 0.0000e+00 ] 1.0000e+00
 5.587e+01 2.3680e-20 2.3680e-20 [ 1.3990e-159 1.2383e-153 2.4159e-127 1.2298e-25 2.6359e-24 4.5351e-21 1.9143e-20 ] 0.0000e+00 [ 0.0000e+00 ] 1.0000e+00
 5.599e+01 2.0445e-20 2.0445e-20 [ 5.3301e-160 4.7954e-154 1.0178e-127 9.9459e-26 2.1635e-24 3.8777e-21 1.6565e-20 ] 0.0000e+00 [ 0.0000e+00 ] 1.0000e+00
 5.610e+01 1.7645e-20 1.7645e-20 [ 2.0283e-160 1.8548e-154 4.2826e-128 8.0322e-26 1.7731e-24 3.3127e-21 1.4330e-20 ] 0.0000e+00 [ 0.0000e+00 ] 1.0000e+00
 5.621e+01 1.5221e-20 1.5221e-20 [ 7.7091e-161 7.1654e-155 1.7994e-128 6.4770e-26 1.4510e-24 2.8272e-21 1.2392e-20 ] 0.0000e+00 [ 0.0000e+00 ] 1.0000e+00
 5.633e+01 1.3124e-20 1.3124e-20 [ 2.9263e-161 2.7644e-155 7.5491e-129 5.2147e-26 1.1856e-24 2.4104e-21 1.0713e-20 ] 0.0000e+00 [ 0.0000e+00 ] 1.0000e+00
 5.644e+01 1.1311e-20 1.1311e-20 [ 1.1093e-161 1.0650e-155 3.1624e-129 4.1914e-26 9.6711e-25 2.0527e-21 9.2570e-21 ] 0.0000e+00 [ 0.0000e+00 ] 1.0000e+00
 5.655e+01 9.7424e-21 9.7424e-21 [ 4.1989e-162 4.0973e-156 1.3226e-129 3.3632e-26 7.8752e-25 1.7458e-21 7.9958e-21 ] 0.0000e+00 [ 0.0000e+00 ] 1.0000e+00
 5.667e+01 8.3867e-21 8.3867e-21 [ 1.5870e-162 1.5739e-156 5.5225e-130 2.6937e-26 6.4012e-25 1.4827e-21 6.9033e-21 ] 0.0000e+00 [ 0.0000e+00 ] 1.0000e+00
 5.678e+01 7.2152e-21 7.2152e-21 [ 5.9888e-163 6.0358e-157 2.3018e-130 2.1534e-26 5.1930e-25 1.2574e-21 5.9572e-21 ] 0.0000e+00 [ 0.0000e+00 ] 1.0000e+00
 5.689e+01 6.2030e-21 6.2030e-21 [ 2.2562e-163 2.3108e-157 9.5765e-131 1.7179e-26 4.2043e-25 1.0645e-21 5.1381e-21 ] 0.0000e+00 [ 0.0000e+00 ] 1.0000e+00
 5.701e+01 5.3288e-21 5.3288e-21 [ 8.4843e-164 8.8307e-158 3.9764e-131 1.3676e-26 3.3965e-25 8.9954e-22 4.4289e-21 ] 0.0000e+00 [ 0.0000e+00 ] 1.0000e+00
 5.712e+01 4.5739e-21 4.5739e-21 [ 3.1845e-164 3.3681e-158 1.6476e-131 1.0863e-26 2.7377e-25 7.5858e-22 3.8151e-21 ] 0.0000e+00 [ 0.0000e+00 ] 1.0000e+00
 5.723e+01 3.9223e-21 3.9223e-21 [ 1.1928e-164 1.2820e-158 6.8120e-132 8.6078e-27 2.2013e-25 6.3826e-22 3.2838e-21 ] 0.0000e+00 [ 0.0000e+00 ] 1.0000e+00
 5.735e+01 3.3599e-21 3.3599e-21 [ 4.4580e-165 4.8686e-159 2.8097e-132 6.8032e-27 1.7653e-25 5.3568e-22 2.8240e-21 ] 0.0000e+00 [ 0.0000e+00 ] 1.0000e+00
 5.746e+01 2.8746e-21 2.8746e-21 [ 1.6622e-165 1.8445e-159 1.1560e-132 5.3620e-27 1.4117e-25 4.4834e-22 2.4261e-21 ] 0.0000e+00 [ 0.0000e+00 ] 1.0000e+00
 5.757e+01 2.4559e-21 2.4559e-21 [ 6.1815e-166 6.9700e-160 4.7428e-133 4.2136e-27 1.1256e-25 3.7408e-22 2.0817e-21 ] 0.0000e+00 [ 0.0000e+00 ] 1.0000e+00
 5.769e+01 2.0947e-21 2.0947e-21 [ 2.2924e-166 2.6263e-160 1.9401e-133 3.3004e-27 8.9445e-26 3.1104e-22 1.7836e-21 ] 0.0000e+00 [ 0.0000e+00 ] 1.0000e+00
 5.780e+01 1.7833e-21 1.7833e-21 [ 8.4751e-167 9.8654e-161 7.9107e-134 2.5760e-27 7.0822e-26 2.5763e-22 1.5256e-21 ] 0.0000e+00 [ 0.0000e+00 ] 1.0000e+00
 5.791e+01 1.5146e-21 1.5146e-21 [ 3.1227e-167 3.6931e-161 3.2141e-134 2.0028e-27 5.5854e-26 2.1246e-22 1.3021e-21 ] 0.0000e+00 [ 0.0000e+00 ] 1.0000e+00
 5.803e+01 1.2830e-21 1.2830e-21 [ 1.1462e-167 1.3773e-161 1.3007e-134 1.5504e-27 4.3855e-26 1.7435e-22 1.1086e-21 ] 0.0000e+00 [ 0.0000e+00 ] 1.0000e+00
 5.814e+01 1.0832e-21 1.0832e-21 [ 4.1896e-168 5.1145e-162 5.2409e-135 1.1944e-27 3.4262e-26 1.4228e-22 9.4085e-22 ] 0.0000e+00 [ 0.0000e+00 ] 1.0000e+00
 5.825e+01 9.1079e-22 9.1079e-22 [ 1.5241e-168 1.8902e-162 2.1013e-135 9.1505e-28 2.6616e-26 1.1535e-22 7.9541e-22 ] 0.0000e+00 [ 0.0000e+00 ] 1.0000e+00
 5.837e+01 7.6204e-22 7.6204e-22 [ 5.5143e-169 6.9478e-163 8.3783e-136 6.9659e-28 2.0541e-26 9.2815e-23 6.6921e-22 ] 0.0000e+00 [ 0.0000e+00 ] 1.0000e+00
 5.848e+01 6.3365e-22 6.3365e-22 [ 1.9827e-169 2.5378e-163 3.3193e-136 5.2634e-28 1.5731e-26 7.4021e-23 5.5961e-22 ] 0.0000e+00 [ 0.0000e+00 ] 1.0000e+00
 5.859e+01 5.2277e-22 5.2277e-22 [ 7.0775e-170 9.2026e-164 1.3053e-136 3.9417e-28 1.1936e-26 5.8406e-23 4.6435e-22 ] 0.0000e+00 [ 0.0000e+00 ] 1.0000e+00
 5.871e+01 4.2698e-22 4.2698e-22 [ 2.5047e-170 3.3083e-164 5.0879e-137 2.9199e-28 8.9548e-27 4.5491e-23 3.8148e-22 ] 0.0000e+00 [ 0.0000e+00 ] 1.0000e+00
 5.882e+01 3.4422e-22 3.4422e-22 [ 8.7727e-171 1.1771e-164 1.9626e-137 2.1336e-28 6.6240e-27 3.4865e-23 3.0935e-22 ] 0.0000e+00 [ 0.0000e+00 ] 1.0000e+00
 5.893e+01 2.7275e-22 2.7275e-22 [ 3.0338e-171 4.1348e-165 7.4732e-138 1.5319e-28 4.8115e-27 2.6179e-23 2.4656e-22 ] 0.0000e+00 [ 0.0000e+00 ] 1.0000e+00
 5.905e+01 2.1113e-22 2.1113e-22 [ 1.0324e-171 1.4293e-165 2.8000e-138 1.0746e-28 3.4118e-27 1.9139e-23 1.9198e-22 ] 0.0000e+00 [ 0.0000e+00 ] 1.0000e+00
 5.916e+01 1.5821e-22 1.5821e-22 [ 3.4407e-172 4.8383e-166 1.0271e-138 7.2990e-29 2.3405e-27 1.3496e-23 1.4471e-22 ] 0.0000e+00 [ 0.0000e+00 ] 1.0000e+00
 5.927e+01 1.1315e-22 1.1315e-22 [ 1.1144e-172 1.5917e-166 3.6611e-139 4.7334e-29 1.5313e-27 9.0454e-24 1.0410e-22 ] 0.0000e+00 [ 0.0000e+00 ] 1.0000e+00
 5.939e+01 7.5388e-23 7.5388e-23 [ 3.4628e-173 5.0231e-167 1.2513e-139 2.8601e-29 9.3226e-28 5.6202e-24 6.9767e-23 ] 0.0000e+00 [ 0.0000e+00 ] 1.0000e+00
 5.950e+01 4.4734e-23 4.4734e-23 [ 1.0059e-173 1.4817e-167 3.9912e-140 1.5369e-29 5.0402e-28 3.0883e-24 4.1646e-23 ] 0.0000e+00 [ 0.0000e+00 ] 1.0000e+00
 5.961e+01 2.1387e-23 2.1387e-23 [ 2.5540e-174 3.8163e-168 1.1057e-140 6.6073e-30 2.1766e-28 1.3496e-24 2.0037e-23 ] 0.0000e+00 [ 0.0000e+00 ] 1.0000e+00
 5.973e+01 6.0372e-24 6.0372e-24 [ 4.3088e-175 6.5121e-169 1.9971e-141 1.6188e-30 5.3474e-29 3.3396e-25 5.7032e-24 ] 0.0000e+00 [ 0.0000e+00 ] 1.0000e+00
 5.984e+01 0.0000e+00 0.0000e+00 [ 0.0000e+00 0.0000e+00 0.0000e+00 0.0000e+00 0.0000e+00 0.0000e+00 0.0000e+00 ] 0.0000e+00 [ 0.0000e+00 ] 1.0000e+00
