 0.000e+00 0.0000e+00 0.0000e+00 [ 0.0000e+00 0.0000e+00 0.0000e+00 0.0000e+00 ] 0.0000e+00 [ 0.0000e+00 ] 1.0000e+00
 1.133e-01 1.1148e-02 1.1148e-02 [ 1.0584e-02 4.4214e-04 1.1940e-04 2.7298e-06 ] 0.0000e+00 [ 0.0000e+00 ] 9.8885e-01
 2.267e-01 2.2536e-02 2.2536e-02 [ 2.0294e-02 1.7514e-03 4.8031e-04 1.0649e-05 ] 0.0000e+00 [ 0.0000e+00 ] 9.7746e-01
 3.400e-01 3.3673e-02 3.3673e-02 [ 2.8695e-02 3.8668e-03 1.0874e-03 2.3550e-05 ] 0.0000e+00 [ 0.0000e+00 ] 9.6633e-01
 4.533e-01 4.5096e-02 4.5096e-02 [ 3.6436e-02 6.6772e-03 1.9423e-03 4.1356e-05 ] 0.0000e+00 [ 0.0000e+00 ] 9.5490e-01
 5.667e-01 5.6790e-02 5.6790e-02 [ 4.3664e-02 1.0023e-02 3.0392e-03 6.4022e-05 ] 0.0000e+00 [ 0.0000e+00 ] 9.4321e-01
 6.800e-01 6.8546e-02 6.8546e-02 [ 5.0383e-02 1.3710e-02 4.3615e-03 9.1439e-05 ] 0.0000e+00 [ 0.0000e+00 ] 9.3145e-01
 7.933e-01 8.0006e-02 8.0006e-02 [ 5.6480e-02 1.7524e-02 5.8786e-03 1.2336e-04 ] 0.0000e+00 [ 0.0000e+00 ] 9.1999e-01
 9.067e-01 9.0708e-02 9.0708e-02 [ 6.1755e-02 2.1249e-02 7.5456e-03 1.5936e-04 ] 0.0000e+00 [ 0.0000e+00 ] 9.0929e-01
 1.020e+00 1.0016e-01 1.0016e-01 [ 6.5963e-02 2.4691e-02 9.3043e-03 1.9878e-04 ] 0.0000e+00 [ 0.0000e+00 ] 8.9984e-01
 1.133e+00 1.0789e-01 1.0789e-01 [ 6.8867e-02 2.7695e-02 1.1088e-02 2.4079e-04 ] 0.0000e+00 [ 0.0000e+00 ] 8.9211e-01
 1.247e+00 1.1355e-01 1.1355e-01 [ 7.0291e-02 3.0151e-02 1.2827e-02 2.8443e-04 ] 0.0000e+00 [ 0.0000e+00 ] 8.8645e-01
 1.360e+00 1.1695e-01 1.1695e-01 [ 7.0157e-02 3.2009e-02 1.4458e-02 3.2873e-04 ] 0.0000e+00 [ 0.0000e+00 ] 8.8305e-01
 1.473e+00 1.1809e-01 1.1809e-01 [ 6.8518e-02 3.3269e-02 1.5929e-02 3.7286e-04 ] 0.0000e+00 [ 0.0000e+00 ] 8.8191e-01
 1.587e+00 1.1714e-01 1.1714e-01 [ 6.5545e-02 3.3975e-02 1.7208e-02 4.1617e-04 ] 0.0000e+00 [ 0.0000e+00 ] 8.8286e-01
 1.700e+00 1.1445e-01 1.1445e-01 [ 6.1506e-02 3.4205e-02 1.8280e-02 4.5837e-04 ] 0.0000e+00 [ 0.0000e+00 ] 8.8555e-01
 1.813e+00 1.1043e-01 1.1043e-01 [ 5.6720e-02 3.4055e-02 1.9153e-02 4.9951e-04 ] 0.0000e+00 [ 0.0000e+00 ] 8.8957e-01
 1.927e+00 1.0552e-01 1.0552e-01 [ 5.1513e-02 3.3625e-02 1.9846e-02 5.4000e-04 ] 0.0000e+00 [ 0.0000e+00 ] 8.9448e-01
 2.040e+00 1.0016e-01 1.0016e-01 [ 4.6181e-02 3.3009e-02 2.0393e-02 5.8057e-04 ] 0.0000e+00 [ 0.0000e+00 ] 8.9984e-01
 2.153e+00 9.4701e-02 9.4701e-02 [ 4.0962e-02 3.2287e-02 2.0829e-02 6.2224e-04 ] 0.0000e+00 [ 0.0000e+00 ] 9.0530e-01
 2.267e+00 8.9412e-02 8.9412e-02 [ 3.6029e-02 3.1524e-02 2.1193e-02 6.6624e-04 ] 0.0000e+00 [ 0.0000e+00 ] 9.1059e-01
 2.380e+00 8.4486e-02 8.4486e-02 [ 3.1490e-02 3.0764e-02 2.1518e-02 7.1401e-04 ] 0.0000e+00 [ 0.0000e+00 ] 9.1551e-01
 2.493e+00 8.0040e-02 8.0040e-02 [ 2.7399e-02 3.0039e-02 2.1835e-02 7.6714e-04 ] 0.0000e+00 [ 0.0000e+00 ] 9.1996e-01
 2.607e+00 7.6126e-02 7.6126e-02 [ 2.3767e-02 2.9363e-02 2.2168e-02 8.2743e-04 ] 0.0000e+00 [ 0.0000e+00 ] 9.2387e-01
 2.720e+00 7.2754e-02 7.2754e-02 [ 2.0578e-02 2.8744e-02 2.2535e-02 8.9690e-04 ] 0.0000e+00 [ 0.0000e+00 ] 9.2725e-01
 2.833e+00 6.9903e-02 6.9903e-02 [ 1.7798e-02 2.8177e-02 2.2951e-02 9.7786e-04 ] 0.0000e+00 [ 0.0000e+00 ] 9.3010e-01
 2.947e+00 6.7537e-02 6.7537e-02 [ 1.5384e-02 2.7655e-02 2.3424e-02 1.0730e-03 ] 0.0000e+00 [ 0.0000e+00 ] 9.3246e-01
 3.060e+00 6.5609e-02 6.5609e-02 [ 1.3293e-02 2.7168e-02 2.3963e-02 1.1854e-03 ] 0.0000e+00 [ 0.0000e+00 ] 9.3439e-01
 3.173e+00 6.4071e-02 6.4071e-02 [ 1.1481e-02 2.6701e-02 2.4570e-02 1.3190e-03 ] 0.0000e+00 [ 0.0000e+00 ] 9.3593e-01
 3.287e+00 6.2879e-02 6.2879e-02 [ 9.9091e-03 2.6242e-02 2.5250e-02 1.4783e-03 ] 0.0000e+00 [ 0.0000e+00 ] 9.3712e-01
 3.400e+00 6.1993e-02 6.1993e-02 [ 8.5440e-03 2.5777e-02 2.6003e-02 1.6689e-03 ] 0.0000e+00 [ 0.0000e+00 ] 9.3801e-01
 3.513e+00 6.1381e-02 6.1381e-02 [ 7.3563e-03 2.5295e-02 2.6832e-02 1.8977e-03 ] 0.0000e+00 [ 0.0000e+00 ] 9.3862e-01
 3.627e+00 6.1019e-02 6.1019e-02 [ 6.3216e-03 2.4785e-02 2.7739e-02 2.1734e-03 ] 0.0000e+00 [ 0.0000e+00 ] 9.3898e-01
 3.740e+00 6.0892e-02 6.0892e-02 [ 5.4196e-03 2.4238e-02 2.8728e-02 2.5063e-03 ] 0.0000e+00 [ 0.0000e+00 ] 9.3911e-01
 3.853e+00 6.0993e-02 6.0993e-02 [ 4.6333e-03 2.3646e-02 2.9804e-02 2.9095e-03 ] 0.0000e+00 [ 0.0000e+00 ] 9.3901e-01
 3.967e+00 6.1325e-02 6.1325e-02 [ 3.9484e-03 2.3005e-02 3.0972e-02 3.3993e-03 ] 0.0000e+00 [ 0.0000e+00 ] 9.3868e-01
 4.080e+00 6.1903e-02 6.1903e-02 [ 3.3530e-03 2.2311e-02 3.2243e-02 3.9956e-03 ] 0.0000e+00 [ 0.0000e+00 ] 9.3810e-01
 4.193e+00 6.2751e-02 6.2751e-02 [ 2.8368e-03 2.1562e-02 3.3629e-02 4.7232e-03 ] 0.0000e+00 [ 0.0000e+00 ] 9.3725e-01
 4.307e+00 6.3909e-02 6.3909e-02 [ 2.3907e-03 2.0759e-02 3.5146e-02 5.6127e-03 ] 0.0000e+00 [ 0.0000e+00 ] 9.3609e-01
 4.420e+00 6.5429e-02 6.5429e-02 [ 2.0067e-03 1.9904e-02 3.6817e-02 6.7016e-03 ] 0.0000e+00 [ 0.0000e+00 ] 9.3457e-01
 4.533e+00 6.7383e-02 6.7383e-02 [ 1.6778e-03 1.9001e-02 3.8668e-02 8.0363e-03 ] 0.0000e+00 [ 0.0000e+00 ] 9.3262e-01
 4.647e+00 6.9860e-02 6.9860e-02 [ 1.3974e-03 1.8056e-02 4.0734e-02 9.6729e-03 ] 0.0000e+00 [ 0.0000e+00 ] 9.3014e-01
 4.760e+00 7.2971e-02 7.2971e-02 [ 1.1597e-03 1.7075e-02 4.3056e-02 1.1679e-02 ] 0.0000e+00 [ 0.0000e+00 ] 9.2703e-01
 4.873e+00 7.6851e-02 7.6851e-02 [ 9.5923e-04 1.6066e-02 4.5688e-02 1.4138e-02 ] 0.0000e+00 [ 0.0000e+00 ] 9.2315e-01
 4.987e+00 8.1661e-02 8.1661e-02 [ 7.9108e-04 1.5039e-02 4.8688e-02 1.7144e-02 ] 0.0000e+00 [ 0.0000e+00 ] 9.1834e-01
 5.100e+00 8.7588e-02 8.7588e-02 [ 6.5077e-04 1.4001e-02 5.2127e-02 2.0809e-02 ] 0.0000e+00 [ 0.0000e+00 ] 9.1241e-01
 5.213e+00 9.4842e-02 9.4842e-02 [ 5.3425e-04 1.2963e-02 5.6083e-02 2.5262e-02 ] 0.0000e+00 [ 0.0000e+00 ] 9.0516e-01
 5.327e+00 1.0365e-01 1.0365e-01 [ 4.3791e-04 1.1932e-02 6.0640e-02 3.0641e-02 ] 0.0000e+00 [ 0.0000e+00 ] 8.9635e-01
 5.440e+00 1.1425e-01 1.1425e-01 [ 3.5854e-04 1.0919e-02 6.5882e-02 3.7094e-02 ] 0.0000e+00 [ 0.0000e+00 ] 8.8575e-01
 5.553e+00 1.2687e-01 1.2687e-01 [ 2.9331e-04 9.9285e-03 7.1885e-02 4.4764e-02 ] 0.0000e+00 [ 0.0000e+00 ] 8.7313e-01
 5.667e+00 1.4170e-01 1.4170e-01 [ 2.3980e-04 8.9688e-03 7.8706e-02 5.3782e-02 ] 0.0000e+00 [ 0.0000e+00 ] 8.5830e-01
 5.780e+00 1.5885e-01 1.5885e-01 [ 1.9591e-04 8.0451e-03 8.6368e-02 6.4240e-02 ] 0.0000e+00 [ 0.0000e+00 ] 8.4115e-01
 5.893e+00 1.7834e-01 1.7834e-01 [ 1.5989e-04 7.1623e-03 9.4842e-02 7.6172e-02 ] 0.0000e+00 [ 0.0000e+00 ] 8.2166e-01
 6.007e+00 2.0002e-01 2.0002e-01 [ 1.3028e-04 6.3248e-03 1.0403e-01 8.9530e-02 ] 0.0000e+00 [ 0.0000e+00 ] 7.9998e-01
 6.120e+00 2.2358e-01 2.2358e-01 [ 1.0589e-04 5.5366e-03 1.1377e-01 1.0417e-01 ] 0.0000e+00 [ 0.0000e+00 ] 7.7642e-01
 6.233e+00 2.4849e-01 2.4849e-01 [ 8.5754e-05 4.8019e-03 1.2379e-01 1.1982e-01 ] 0.0000e+00 [ 0.0000e+00 ] 7.5151e-01
 6.347e+00 2.7410e-01 2.7410e-01 [ 6.9116e-05 4.1243e-03 1.3379e-01 1.3612e-01 ] 0.0000e+00 [ 0.0000e+00 ] 7.2590e-01
 6.460e+00 2.9961e-01 2.9961e-01 [ 5.5382e-05 3.5073e-03 1.4340e-01 1.5264e-01 ] 0.0000e+00 [ 0.0000e+00 ] 7.0039e-01
 6.573e+00 3.2422e-01 3.2422e-01 [ 4.4085e-05 2.9533e-03 1.5229e-01 1.6893e-01 ] 0.0000e+00 [ 0.0000e+00 ] 6.7578e-01
 6.687e+00 3.4719e-01 3.4719e-01 [ 3.4850e-05 2.4634e-03 1.6014e-01 1.8455e-01 ] 0.0000e+00 [ 0.0000e+00 ] 6.5281e-01
 6.800e+00 3.6798e-01 3.6798e-01 [ 2.7367e-05 2.0370e-03 1.6675e-01 1.9916e-01 ] 0.0000e+00 [ 0.0000e+00 ] 6.3202e-01
 6.913e+00 3.8620e-01 3.8620e-01 [ 2.1368e-05 1.6714e-03 1.7201e-01 2.1250e-01 ] 0.0000e+00 [ 0.0000e+00 ] 6.1380e-01
 7.027e+00 4.0173e-01 4.0173e-01 [ 1.6617e-05 1.3625e-03 1.7589e-01 2.2445e-01 ] 0.0000e+00 [ 0.0000e+00 ] 5.9827e-01
 7.140e+00 4.1460e-01 4.1460e-01 [ 1.2898e-05 1.1049e-03 1.7848e-01 2.3500e-01 ] 0.0000e+00 [ 0.0000e+00 ] 5.8540e-01
 7.253e+00 4.2501e-01 4.2501e-01 [ 1.0020e-05 8.9243e-04 1.7992e-01 2.4419e-01 ] 0.0000e+00 [ 0.0000e+00 ] 5.7498e-01
 7.367e+00 4.3324e-01 4.3324e-01 [ 7.8138e-06 7.1890e-04 1.8037e-01 2.5215e-01 ] 0.0000e+00 [ 0.0000e+00 ] 5.6676e-01
 7.480e+00 4.3961e-01 4.3961e-01 [ 6.1352e-06 5.7817e-04 1.8001e-01 2.5901e-01 ] 0.0000e+00 [ 0.0000e+00 ] 5.6039e-01
 7.593e+00 4.4442e-01 4.4442e-01 [ 4.8638e-06 4.6469e-04 1.7904e-01 2.6492e-01 ] 0.0000e+00 [ 0.0000e+00 ] 5.5558e-01
 7.707e+00 4.4800e-01 4.4800e-01 [ 3.9020e-06 3.7354e-04 1.7761e-01 2.7002e-01 ] 0.0000e+00 [ 0.0000e+00 ] 5.5200e-01
 7.820e+00 4.5060e-01 4.5060e-01 [ 3.1724e-06 3.0054e-04 1.7586e-01 2.7444e-01 ] 0.0000e+00 [ 0.0000e+00 ] 5.4940e-01
 7.933e+00 4.5246e-01 4.5246e-01 [ 2.6155e-06 2.4214e-04 1.7393e-01 2.7829e-01 ] 0.0000e+00 [ 0.0000e+00 ] 5.4754e-01
 8.047e+00 4.5377e-01 4.5377e-01 [ 2.1860e-06 1.9546e-04 1.7191e-01 2.8166e-01 ] 0.0000e+00 [ 0.0000e+00 ] 5.4623e-01
 8.160e+00 4.5469e-01 4.5469e-01 [ 1.8504e-06 1.5815e-04 1.6989e-01 2.8464e-01 ] 0.0000e+00 [ 0.0000e+00 ] 5.4531e-01
 8.273e+00 4.5534e-01 4.5534e-01 [ 1.5838e-06 1.2830e-04 1.6794e-01 2.8727e-01 ] 0.0000e+00 [ 0.0000e+00 ] 5.4466e-01
 8.387e+00 4.5582e-01 4.5582e-01 [ 1.3682e-06 1.0441e-04 1.6611e-01 2.8961e-01 ] 0.0000e+00 [ 0.0000e+00 ] 5.4418e-01
 8.500e+00 4.5621e-01 4.5621e-01 [ 1.1908e-06 8.5243e-05 1.6444e-01 2.9169e-01 ] 0.0000e+00 [ 0.0000e+00 ] 5.4379e-01
 8.613e+00 4.5656e-01 4.5656e-01 [ 1.0420e-06 6.9856e-05 1.6295e-01 2.9354e-01 ] 0.0000e+00 [ 0.0000e+00 ] 5.4344e-01
 8.727e+00 4.5690e-01 4.5690e-01 [ 9.1535e-07 5.7479e-05 1.6167e-01 2.9517e-01 ] 0.0000e+00 [ 0.0000e+00 ] 5.4310e-01
 8.840e+00 4.5726e-01 4.5726e-01 [ 8.0589e-07 4.7505e-05 1.6062e-01 2.9659e-01 ] 0.0000e+00 [ 0.0000e+00 ] 5.4274e-01
 8.953e+00 4.5763e-01 4.5763e-01 [ 7.1020e-07 3.9455e-05 1.5979e-01 2.9780e-01 ] 0.0000e+00 [ 0.0000e+00 ] 5.4237e-01
 9.067e+00 4.5800e-01 4.5800e-01 [ 6.2573e-07 3.2944e-05 1.5918e-01 2.9879e-01 ] 0.0000e+00 [ 0.0000e+00 ] 5.4200e-01
 9.180e+00 4.5834e-01 4.5834e-01 [ 5.5065e-07 2.7669e-05 1.5877e-01 2.9954e-01 ] 0.0000e+00 [ 0.0000e+00 ] 5.4166e-01
 9.293e+00 4.5860e-01 4.5860e-01 [ 4.8355e-07 2.3388e-05 1.5855e-01 3.0003e-01 ] 0.0000e+00 [ 0.0000e+00 ] 5.4140e-01
 9.407e+00 4.5869e-01 4.5869e-01 [ 4.2339e-07 1.9908e-05 1.5847e-01 3.0020e-01 ] 0.0000e+00 [ 0.0000e+00 ] 5.4131e-01
 9.520e+00 4.5851e-01 4.5851e-01 [ 3.6936e-07 1.7073e-05 1.5849e-01 3.0001e-01 ] 0.0000e+00 [ 0.0000e+00 ] 5.4149e-01
 9.633e+00 4.5792e-01 4.5792e-01 [ 3.2081e-07 1.4761e-05 1.5853e-01 2.9937e-01 ] 0.0000e+00 [ 0.0000e+00 ] 5.4208e-01
 9.747e+00 4.5672e-01 4.5672e-01 [ 2.7722e-07 1.2873e-05 1.5852e-01 2.9819e-01 ] 0.0000e+00 [ 0.0000e+00 ] 5.4328e-01
 9.860e+00 4.5468e-01 4.5468e-01 [ 2.3816e-07 1.1329e-05 1.5833e-01 2.9633e-01 ] 0.0000e+00 [ 0.0000e+00 ] 5.4532e-01
 9.973e+00 4.5150e-01 4.5150e-01 [ 2.0325e-07 1.0064e-05 1.5785e-01 2.9364e-01 ] 0.0000e+00 [ 0.0000e+00 ] 5.4850e-01
 1.009e+01 4.4682e-01 4.4682e-01 [ 1.7218e-07 9.0268e-06 1.5689e-01 2.8991e-01 ] 0.0000e+00 [ 0.0000e+00 ] 5.5318e-01
 1.020e+01 4.4022e-01 4.4022e-01 [ 1.4466e-07 8.1739e-06 1.5529e-01 2.8493e-01 ] 0.0000e+00 [ 0.0000e+00 ] 5.5978e-01
 1.031e+01 4.3125e-01 4.3125e-01 [ 1.2042e-07 7.4697e-06 1.5283e-01 2.7842e-01 ] 0.0000e+00 [ 0.0000e+00 ] 5.6875e-01
 1.043e+01 4.1944e-01 4.1944e-01 [ 9.9224e-08 6.8842e-06 1.4931e-01 2.7012e-01 ] 0.0000e+00 [ 0.0000e+00 ] 5.8056e-01
 1.054e+01 4.0436e-01 4.0436e-01 [ 8.0851e-08 6.3914e-06 1.4455e-01 2.5980e-01 ] 0.0000e+00 [ 0.0000e+00 ] 5.9564e-01
 1.065e+01 3.8571e-01 3.8571e-01 [ 6.5082e-08 5.9690e-06 1.3842e-01 2.4729e-01 ] 0.0000e+00 [ 0.0000e+00 ] 6.1429e-01
 1.077e+01 3.6342e-01 3.6342e-01 [ 5.1709e-08 5.5976e-06 1.3087e-01 2.3255e-01 ] 0.0000e+00 [ 0.0000e+00 ] 6.3658e-01
 1.088e+01 3.3769e-01 3.3769e-01 [ 4.0523e-08 5.2612e-06 1.2197e-01 2.1572e-01 ] 0.0000e+00 [ 0.0000e+00 ] 6.6231e-01
 1.099e+01 3.0910e-01 3.0910e-01 [ 3.1311e-08 4.9468e-06 1.1195e-01 1.9715e-01 ] 0.0000e+00 [ 0.0000e+00 ] 6.9090e-01
 1.111e+01 2.7851e-01 2.7851e-01 [ 2.3854e-08 4.6452e-06 1.0112e-01 1.7738e-01 ] 0.0000e+00 [ 0.0000e+00 ] 7.2149e-01
 1.122e+01 2.4702e-01 2.4702e-01 [ 1.7925e-08 4.3510e-06 8.9911e-02 1.5710e-01 ] 0.0000e+00 [ 0.0000e+00 ] 7.5298e-01
 1.133e+01 2.1579e-01 2.1579e-01 [ 1.3295e-08 4.0616e-06 7.8753e-02 1.3703e-01 ] 0.0000e+00 [ 0.0000e+00 ] 7.8421e-01
 1.145e+01 1.8588e-01 1.8588e-01 [ 9.7432e-09 3.7770e-06 6.8044e-02 1.1783e-01 ] 0.0000e+00 [ 0.0000e+00 ] 8.1412e-01
 1.156e+01 1.5814e-01 1.5814e-01 [ 7.0618e-09 3.4986e-06 5.8097e-02 1.0004e-01 ] 0.0000e+00 [ 0.0000e+00 ] 8.4186e-01
 1.167e+01 1.3312e-01 1.3312e-01 [ 5.0671e-09 3.2283e-06 4.9116e-02 8.4005e-02 ] 0.0000e+00 [ 0.0000e+00 ] 8.6688e-01
 1.179e+01 1.1110e-01 1.1110e-01 [ 3.6023e-09 2.9678e-06 4.1198e-02 6.9895e-02 ] 0.0000e+00 [ 0.0000e+00 ] 8.8890e-01
 1.190e+01 9.2087e-02 9.2087e-02 [ 2.5390e-09 2.7186e-06 3.4353e-02 5.7731e-02 ] 0.0000e+00 [ 0.0000e+00 ] 9.0791e-01
 1.201e+01 7.5949e-02 7.5949e-02 [ 1.7748e-09 2.4817e-06 2.8527e-02 4.7419e-02 ] 0.0000e+00 [ 0.0000e+00 ] 9.2405e-01
 1.213e+01 6.2424e-02 6.2424e-02 [ 1.2307e-09 2.2573e-06 2.3628e-02 3.8794e-02 ] 0.0000e+00 [ 0.0000e+00 ] 9.3758e-01
 1.224e+01 5.1203e-02 5.1203e-02 [ 8.4671e-10 2.0458e-06 1.9545e-02 3.1656e-02 ] 0.0000e+00 [ 0.0000e+00 ] 9.4880e-01
 1.235e+01 4.1961e-02 4.1961e-02 [ 5.7790e-10 1.8469e-06 1.6163e-02 2.5797e-02 ] 0.0000e+00 [ 0.0000e+00 ] 9.5804e-01
 1.247e+01 3.4390e-02 3.4390e-02 [ 3.9129e-10 1.6604e-06 1.3373e-02 2.1015e-02 ] 0.0000e+00 [ 0.0000e+00 ] 9.6561e-01
 1.258e+01 2.8208e-02 2.8208e-02 [ 2.6280e-10 1.4863e-06 1.1077e-02 1.7130e-02 ] 0.0000e+00 [ 0.0000e+00 ] 9.7179e-01
 1.269e+01 2.3172e-02 2.3172e-02 [ 1.7506e-10 1.3242e-06 9.1902e-03 1.3981e-02 ] 0.0000e+00 [ 0.0000e+00 ] 9.7683e-01
 1.281e+01 1.9073e-02 1.9073e-02 [ 1.1565e-10 1.1740e-06 7.6386e-03 1.1433e-02 ] 0.0000e+00 [ 0.0000e+00 ] 9.8093e-01
 1.292e+01 1.5735e-02 1.5735e-02 [ 7.5772e-11 1.0355e-06 6.3618e-03 9.3720e-03 ] 0.0000e+00 [ 0.0000e+00 ] 9.8427e-01
 1.303e+01 1.3015e-02 1.3015e-02 [ 4.9229e-11 9.0853e-07 5.3094e-03 7.7046e-03 ] 0.0000e+00 [ 0.0000e+00 ] 9.8699e-01
 1.315e+01 1.0795e-02 1.0795e-02 [ 3.1717e-11 7.9274e-07 4.4403e-03 6.3539e-03 ] 0.0000e+00 [ 0.0000e+00 ] 9.8921e-01
 1.326e+01 8.9797e-03 8.9797e-03 [ 2.0264e-11 6.8784e-07 3.7209e-03 5.2581e-03 ] 0.0000e+00 [ 0.0000e+00 ] 9.9102e-01
 1.337e+01 7.4916e-03 7.4916e-03 [ 1.2839e-11 5.9345e-07 3.1240e-03 4.3670e-03 ] 0.0000e+00 [ 0.0000e+00 ] 9.9251e-01
 1.349e+01 6.2686e-03 6.2686e-03 [ 8.0682e-12 5.0910e-07 2.6275e-03 3.6405e-03 ] 0.0000e+00 [ 0.0000e+00 ] 9.9373e-01
 1.360e+01 5.2605e-03 5.2605e-03 [ 5.0287e-12 4.3425e-07 2.2135e-03 3.0466e-03 ] 0.0000e+00 [ 0.0000e+00 ] 9.9474e-01
 1.371e+01 4.4271e-03 4.4271e-03 [ 3.1090e-12 3.6829e-07 1.8673e-03 2.5594e-03 ] 0.0000e+00 [ 0.0000e+00 ] 9.9557e-01
 1.383e+01 3.7361e-03 3.7361e-03 [ 1.9069e-12 3.1059e-07 1.5773e-03 2.1584e-03 ] 0.0000e+00 [ 0.0000e+00 ] 9.9626e-01
 1.394e+01 3.1612e-03 3.1612e-03 [ 1.1605e-12 2.6046e-07 1.3337e-03 1.8272e-03 ] 0.0000e+00 [ 0.0000e+00 ] 9.9684e-01
 1.405e+01 2.6816e-03 2.6816e-03 [ 7.0081e-13 2.1721e-07 1.1288e-03 1.5526e-03 ] 0.0000e+00 [ 0.0000e+00 ] 9.9732e-01
 1.417e+01 2.2802e-03 2.2802e-03 [ 4.2003e-13 1.8016e-07 9.5596e-04 1.3241e-03 ] 0.0000e+00 [ 0.0000e+00 ] 9.9772e-01
 1.428e+01 1.9433e-03 1.9433e-03 [ 2.4988e-13 1.4861e-07 8.1003e-04 1.1331e-03 ] 0.0000e+00 [ 0.0000e+00 ] 9.9806e-01
 1.439e+01 1.6597e-03 1.6597e-03 [ 1.4758e-13 1.2194e-07 6.8662e-04 9.7293e-04 ] 0.0000e+00 [ 0.0000e+00 ] 9.9834e-01
 1.451e+01 1.4203e-03 1.4203e-03 [ 8.6543e-14 9.9525e-08 5.8213e-04 8.3806e-04 ] 0.0000e+00 [ 0.0000e+00 ] 9.9858e-01
 1.462e+01 1.2177e-03 1.2177e-03 [ 5.0398e-14 8.0810e-08 4.9356e-04 7.2405e-04 ] 0.0000e+00 [ 0.0000e+00 ] 9.9878e-01
 1.473e+01 1.0458e-03 1.0458e-03 [ 2.9151e-14 6.5278e-08 4.1842e-04 6.2733e-04 ] 0.0000e+00 [ 0.0000e+00 ] 9.9895e-01
 1.485e+01 8.9965e-04 8.9965e-04 [ 1.6749e-14 5.2464e-08 3.5464e-04 5.4496e-04 ] 0.0000e+00 [ 0.0000e+00 ] 9.9910e-01
 1.496e+01 7.7509e-04 7.7509e-04 [ 9.5617e-15 4.1954e-08 3.0047e-04 4.7458e-04 ] 0.0000e+00 [ 0.0000e+00 ] 9.9922e-01
 1.507e+01 6.6872e-04 6.6872e-04 [ 5.4240e-15 3.3383e-08 2.5445e-04 4.1423e-04 ] 0.0000e+00 [ 0.0000e+00 ] 9.9933e-01
 1.519e+01 5.7771e-04 5.7771e-04 [ 3.0580e-15 2.6433e-08 2.1536e-04 3.6232e-04 ] 0.0000e+00 [ 0.0000e+00 ] 9.9942e-01
 1.530e+01 4.9971e-04 4.9971e-04 [ 1.7137e-15 2.0827e-08 1.8215e-04 3.1754e-04 ] 0.0000e+00 [ 0.0000e+00 ] 9.9950e-01
 1.541e+01 4.3274e-04 4.3274e-04 [ 9.5472e-16 1.6331e-08 1.5394e-04 2.7878e-04 ] 0.0000e+00 [ 0.0000e+00 ] 9.9957e-01
 1.553e+01 3.7517e-04 3.7517e-04 [ 5.2886e-16 1.2744e-08 1.3000e-04 2.4516e-04 ] 0.0000e+00 [ 0.0000e+00 ] 9.9962e-01
 1.564e+01 3.2560e-04 3.2560e-04 [ 2.9133e-16 9.8971e-09 1.0967e-04 2.1592e-04 ] 0.0000e+00 [ 0.0000e+00 ] 9.9967e-01
 1.575e+01 2.8286e-04 2.8286e-04 [ 1.5962e-16 7.6497e-09 9.2436e-05 1.9042e-04 ] 0.0000e+00 [ 0.0000e+00 ] 9.9972e-01
 1.587e+01 2.4598e-04 2.4598e-04 [ 8.6990e-17 5.8846e-09 7.7827e-05 1.6814e-04 ] 0.0000e+00 [ 0.0000e+00 ] 9.9975e-01
 1.598e+01 2.1410e-04 2.1410e-04 [ 4.7165e-17 4.5055e-09 6.5455e-05 1.4864e-04 ] 0.0000e+00 [ 0.0000e+00 ] 9.9979e-01
 1.609e+01 1.8653e-04 1.8653e-04 [ 2.5444e-17 3.4334e-09 5.4988e-05 1.3153e-04 ] 0.0000e+00 [ 0.0000e+00 ] 9.9981e-01
 1.621e+01 1.6265e-04 1.6265e-04 [ 1.3660e-17 2.6042e-09 4.6140e-05 1.1651e-04 ] 0.0000e+00 [ 0.0000e+00 ] 9.9984e-01
 1.632e+01 1.4195e-04 1.4195e-04 [ 7.2982e-18 1.9661e-09 3.8668e-05 1.0328e-04 ] 0.0000e+00 [ 0.0000e+00 ] 9.9986e-01
 1.643e+01 1.2400e-04 1.2400e-04 [ 3.8812e-18 1.4774e-09 3.2366e-05 9.1629e-05 ] 0.0000e+00 [ 0.0000e+00 ] 9.9988e-01
 1.655e+01 1.0841e-04 1.0841e-04 [ 2.0547e-18 1.1051e-09 2.7057e-05 8.1347e-05 ] 0.0000e+00 [ 0.0000e+00 ] 9.9989e-01
 1.666e+01 9.4856e-05 9.4856e-05 [ 1.0830e-18 8.2280e-10 2.2590e-05 7.2265e-05 ] 0.0000e+00 [ 0.0000e+00 ] 9.9991e-01
 1.677e+01 8.3070e-05 8.3070e-05 [ 5.6836e-19 6.0980e-10 1.8835e-05 6.4234e-05 ] 0.0000e+00 [ 0.0000e+00 ] 9.9992e-01
 1.689e+01 7.2809e-05 7.2809e-05 [ 2.9702e-19 4.4988e-10 1.5684e-05 5.7125e-05 ] 0.0000e+00 [ 0.0000e+00 ] 9.9993e-01
 1.700e+01 6.3870e-05 6.3870e-05 [ 1.5459e-19 3.3038e-10 1.3042e-05 5.0827e-05 ] 0.0000e+00 [ 0.0000e+00 ] 9.9994e-01
 1.711e+01 5.6074e-05 5.6074e-05 [ 8.0134e-20 2.4153e-10 1.0831e-05 4.5243e-05 ] 0.0000e+00 [ 0.0000e+00 ] 9.9994e-01
 1.723e+01 4.9271e-05 4.9271e-05 [ 4.1377e-20 1.7577e-10 8.9827e-06 4.0288e-05 ] 0.0000e+00 [ 0.0000e+00 ] 9.9995e-01
 1.734e+01 4.3329e-05 4.3329e-05 [ 2.1284e-20 1.2734e-10 7.4397e-06 3.5889e-05 ] 0.0000e+00 [ 0.0000e+00 ] 9.9996e-01
 1.745e+01 3.8134e-05 3.8134e-05 [ 1.0907e-20 9.1846e-11 6.1535e-06 3.1981e-05 ] 0.0000e+00 [ 0.0000e+00 ] 9.9996e-01
 1.757e+01 3.3590e-05 3.3590e-05 [ 5.5689e-21 6.5947e-11 5.0828e-06 2.8507e-05 ] 0.0000e+00 [ 0.0000e+00 ] 9.9997e-01
 1.768e+01 2.9610e-05 2.9610e-05 [ 2.8333e-21 4.7141e-11 4.1928e-06 2.5417e-05 ] 0.0000e+00 [ 0.0000e+00 ] 9.9997e-01
 1.779e+01 2.6122e-05 2.6122e-05 [ 1.4364e-21 3.3549e-11 3.4541e-06 2.2668e-05 ] 0.0000e+00 [ 0.0000e+00 ] 9.9997e-01
 1.791e+01 2.3063e-05 2.3063e-05 [ 7.2575e-22 2.3771e-11 2.8417e-06 2.0221e-05 ] 0.0000e+00 [ 0.0000e+00 ] 9.9998e-01
 1.802e+01 2.0378e-05 2.0378e-05 [ 3.6546e-22 1.6769e-11 2.3349e-06 1.8043e-05 ] 0.0000e+00 [ 0.0000e+00 ] 9.9998e-01
 1.813e+01 1.8018e-05 1.8018e-05 [ 1.8342e-22 1.1778e-11 1.9160e-06 1.6102e-05 ] 0.0000e+00 [ 0.0000e+00 ] 9.9998e-01
 1.825e+01 1.5943e-05 1.5943e-05 [ 9.1762e-23 8.2371e-12 1.5703e-06 1.4373e-05 ] 0.0000e+00 [ 0.0000e+00 ] 9.9998e-01
 1.836e+01 1.4117e-05 1.4117e-05 [ 4.5762e-23 5.7357e-12 1.2853e-06 1.2832e-05 ] 0.0000e+00 [ 0.0000e+00 ] 9.9999e-01
 1.847e+01 1.2508e-05 1.2508e-05 [ 2.2750e-23 3.9768e-12 1.0507e-06 1.1458e-05 ] 0.0000e+00 [ 0.0000e+00 ] 9.9999e-01
 1.859e+01 1.1090e-05 1.1090e-05 [ 1.1276e-23 2.7455e-12 8.5794e-07 1.0232e-05 ] 0.0000e+00 [ 0.0000e+00 ] 9.9999e-01
 1.870e+01 9.8391e-06 9.8391e-06 [ 5.5718e-24 1.8874e-12 6.9968e-07 9.1394e-06 ] 0.0000e+00 [ 0.0000e+00 ] 9.9999e-01
 1.881e+01 8.7344e-06 8.7344e-06 [ 2.7452e-24 1.2921e-12 5.6996e-07 8.1645e-06 ] 0.0000e+00 [ 0.0000e+00 ] 9.9999e-01
 1.893e+01 7.7583e-06 7.7583e-06 [ 1.3486e-24 8.8081e-13 4.6375e-07 7.2945e-06 ] 0.0000e+00 [ 0.0000e+00 ] 9.9999e-01
 1.904e+01 6.8950e-06 6.8950e-06 [ 6.6063e-25 5.9795e-13 3.7692e-07 6.5181e-06 ] 0.0000e+00 [ 0.0000e+00 ] 9.9999e-01
 1.915e+01 6.1311e-06 6.1311e-06 [ 3.2271e-25 4.0425e-13 3.0601e-07 5.8251e-06 ] 0.0000e+00 [ 0.0000e+00 ] 9.9999e-01
 1.927e+01 5.4546e-06 5.4546e-06 [ 1.5720e-25 2.7217e-13 2.4818e-07 5.2064e-06 ] 0.0000e+00 [ 0.0000e+00 ] 9.9999e-01
 1.938e+01 4.8551e-06 4.8551e-06 [ 7.6370e-26 1.8250e-13 2.0107e-07 4.6540e-06 ] 0.0000e+00 [ 0.0000e+00 ] 1.0000e+00
 1.949e+01 4.3234e-06 4.3234e-06 [ 3.7002e-26 1.2187e-13 1.6275e-07 4.1607e-06 ] 0.0000e+00 [ 0.0000e+00 ] 1.0000e+00
 1.961e+01 3.8517e-06 3.8517e-06 [ 1.7880e-26 8.1060e-14 1.3160e-07 3.7201e-06 ] 0.0000e+00 [ 0.0000e+00 ] 1.0000e+00
 1.972e+01 3.4328e-06 3.4328e-06 [ 8.6176e-27 5.3698e-14 1.0632e-07 3.3265e-06 ] 0.0000e+00 [ 0.0000e+00 ] 1.0000e+00
 1.983e+01 3.0607e-06 3.0607e-06 [ 4.1427e-27 3.5431e-14 8.5819e-08 2.9749e-06 ] 0.0000e+00 [ 0.0000e+00 ] 1.0000e+00
 1.995e+01 2.7300e-06 2.7300e-06 [ 1.9864e-27 2.3285e-14 6.9214e-08 2.6608e-06 ] 0.0000e+00 [ 0.0000e+00 ] 1.0000e+00
 2.006e+01 2.4359e-06 2.4359e-06 [ 9.5009e-28 1.5243e-14 5.5778e-08 2.3801e-06 ] 0.0000e+00 [ 0.0000e+00 ] 1.0000e+00
 2.017e+01 2.1741e-06 2.1741e-06 [ 4.5330e-28 9.9398e-15 4.4918e-08 2.1292e-06 ] 0.0000e+00 [ 0.0000e+00 ] 1.0000e+00
 2.029e+01 1.9412e-06 1.9412e-06 [ 2.1575e-28 6.4564e-15 3.6147e-08 1.9050e-06 ] 0.0000e+00 [ 0.0000e+00 ] 1.0000e+00
 2.040e+01 1.7337e-06 1.7337e-06 [ 1.0244e-28 4.1777e-15 2.9070e-08 1.7046e-06 ] 0.0000e+00 [ 0.0000e+00 ] 1.0000e+00
 2.051e+01 1.5489e-06 1.5489e-06 [ 4.8520e-29 2.6929e-15 2.3366e-08 1.5255e-06 ] 0.0000e+00 [ 0.0000e+00 ] 1.0000e+00
 2.063e+01 1.3841e-06 1.3841e-06 [ 2.2927e-29 1.7292e-15 1.8771e-08 1.3653e-06 ] 0.0000e+00 [ 0.0000e+00 ] 1.0000e+00
 2.074e+01 1.2372e-06 1.2372e-06 [ 1.0809e-29 1.1062e-15 1.5073e-08 1.2221e-06 ] 0.0000e+00 [ 0.0000e+00 ] 1.0000e+00
 2.085e+01 1.1062e-06 1.1062e-06 [ 5.0839e-30 7.0505e-16 1.2099e-08 1.0941e-06 ] 0.0000e+00 [ 0.0000e+00 ] 1.0000e+00
 2.097e+01 9.8930e-07 9.8930e-07 [ 2.3857e-30 4.4769e-16 9.7084e-09 9.7959e-07 ] 0.0000e+00 [ 0.0000e+00 ] 1.0000e+00
 2.108e+01 8.8496e-07 8.8496e-07 [ 1.1170e-30 2.8323e-16 7.7886e-09 8.7717e-07 ] 0.0000e+00 [ 0.0000e+00 ] 1.0000e+00
 2.119e+01 7.9181e-07 7.9181e-07 [ 5.2182e-31 1.7853e-16 6.2476e-09 7.8556e-07 ] 0.0000e+00 [ 0.0000e+00 ] 1.0000e+00
 2.131e+01 7.0863e-07 7.0863e-07 [ 2.4323e-31 1.1213e-16 5.0112e-09 7.0362e-07 ] 0.0000e+00 [ 0.0000e+00 ] 1.0000e+00
 2.142e+01 6.3432e-07 6.3432e-07 [ 1.1313e-31 7.0169e-17 4.0197e-09 6.3030e-07 ] 0.0000e+00 [ 0.0000e+00 ] 1.0000e+00
 2.153e+01 5.6793e-07 5.6793e-07 [ 5.2501e-32 4.3755e-17 3.2249e-09 5.6471e-07 ] 0.0000e+00 [ 0.0000e+00 ] 1.0000e+00
 2.165e+01 5.0860e-07 5.0860e-07 [ 2.4313e-32 2.7188e-17 2.5880e-09 5.0601e-07 ] 0.0000e+00 [ 0.0000e+00 ] 1.0000e+00
 2.176e+01 4.5557e-07 4.5557e-07 [ 1.1235e-32 1.6834e-17 2.0776e-09 4.5349e-07 ] 0.0000e+00 [ 0.0000e+00 ] 1.0000e+00
 2.187e+01 4.0814e-07 4.0814e-07 [ 5.1807e-33 1.0387e-17 1.6688e-09 4.0648e-07 ] 0.0000e+00 [ 0.0000e+00 ] 1.0000e+00
 2.199e+01 3.6574e-07 3.6574e-07 [ 2.3839e-33 6.3868e-18 1.3413e-09 3.6440e-07 ] 0.0000e+00 [ 0.0000e+00 ] 1.0000e+00
 2.210e+01 3.2780e-07 3.2780e-07 [ 1.0947e-33 3.9137e-18 1.0789e-09 3.2673e-07 ] 0.0000e+00 [ 0.0000e+00 ] 1.0000e+00
 2.221e+01 2.9387e-07 2.9387e-07 [ 5.0165e-34 2.3901e-18 8.6873e-10 2.9300e-07 ] 0.0000e+00 [ 0.0000e+00 ] 1.0000e+00
 2.233e+01 2.6350e-07 2.6350e-07 [ 2.2942e-34 1.4547e-18 7.0026e-10 2.6280e-07 ] 0.0000e+00 [ 0.0000e+00 ] 1.0000e+00
 2.244e+01 2.3632e-07 2.3632e-07 [ 1.0471e-34 8.8244e-19 5.6518e-10 2.3576e-07 ] 0.0000e+00 [ 0.0000e+00 ] 1.0000e+00
 2.255e+01 2.1199e-07 2.1199e-07 [ 4.7691e-35 5.3352e-19 4.5683e-10 2.1154e-07 ] 0.0000e+00 [ 0.0000e+00 ] 1.0000e+00
 2.267e+01 1.9021e-07 1.9021e-07 [ 2.1679e-35 3.2150e-19 3.6985e-10 1.8984e-07 ] 0.0000e+00 [ 0.0000e+00 ] 1.0000e+00
 2.278e+01 1.7071e-07 1.7071e-07 [ 9.8355e-36 1.9311e-19 2.9998e-10 1.7041e-07 ] 0.0000e+00 [ 0.0000e+00 ] 1.0000e+00
 2.289e+01 1.5324e-07 1.5324e-07 [ 4.4535e-36 1.1561e-19 2.4379e-10 1.5299e-07 ] 0.0000e+00 [ 0.0000e+00 ] 1.0000e+00
 2.301e+01 1.3759e-07 1.3759e-07 [ 2.0126e-36 6.8997e-20 1.9856e-10 1.3739e-07 ] 0.0000e+00 [ 0.0000e+00 ] 1.0000e+00
 2.312e+01 1.2356e-07 1.2356e-07 [ 9.0777e-37 4.1045e-20 1.6210e-10 1.2340e-07 ] 0.0000e+00 [ 0.0000e+00 ] 1.0000e+00
 2.323e+01 1.1100e-07 1.1100e-07 [ 4.0867e-37 2.4340e-20 1.3267e-10 1.1087e-07 ] 0.0000e+00 [ 0.0000e+00 ] 1.0000e+00
 2.335e+01 9.9735e-08 9.9735e-08 [ 1.8363e-37 1.4389e-20 1.0886e-10 9.9626e-08 ] 0.0000e+00 [ 0.0000e+00 ] 1.0000e+00
 2.346e+01 8.9638e-08 8.9638e-08 [ 8.2356e-38 8.4799e-21 8.9583e-11 8.9548e-08 ] 0.0000e+00 [ 0.0000e+00 ] 1.0000e+00
 2.357e+01 8.0584e-08 8.0584e-08 [ 3.6867e-38 4.9821e-21 7.3931e-11 8.0510e-08 ] 0.0000e+00 [ 0.0000e+00 ] 1.0000e+00
 2.369e+01 7.2465e-08 7.2465e-08 [ 1.6473e-38 2.9182e-21 6.1197e-11 7.2403e-08 ] 0.0000e+00 [ 0.0000e+00 ] 1.0000e+00
 2.380e+01 6.5181e-08 6.5181e-08 [ 7.3473e-39 1.7042e-21 5.0812e-11 6.5130e-08 ] 0.0000e+00 [ 0.0000e+00 ] 1.0000e+00
 2.391e+01 5.8647e-08 5.8647e-08 [ 3.2710e-39 9.9221e-22 4.2322e-11 5.8604e-08 ] 0.0000e+00 [ 0.0000e+00 ] 1.0000e+00
 2.403e+01 5.2783e-08 5.2783e-08 [ 1.4536e-39 5.7598e-22 3.5361e-11 5.2747e-08 ] 0.0000e+00 [ 0.0000e+00 ] 1.0000e+00
 2.414e+01 4.7519e-08 4.7519e-08 [ 6.4483e-40 3.3338e-22 2.9638e-11 4.7489e-08 ] 0.0000e+00 [ 0.0000e+00 ] 1.0000e+00
 2.425e+01 4.2794e-08 4.2794e-08 [ 2.8554e-40 1.9240e-22 2.4919e-11 4.2769e-08 ] 0.0000e+00 [ 0.0000e+00 ] 1.0000e+00
 2.437e+01 3.8550e-08 3.8550e-08 [ 1.2622e-40 1.1072e-22 2.1015e-11 3.8529e-08 ] 0.0000e+00 [ 0.0000e+00 ] 1.0000e+00
 2.448e+01 3.4739e-08 3.4739e-08 [ 5.5696e-41 6.3534e-23 1.7775e-11 3.4721e-08 ] 0.0000e+00 [ 0.0000e+00 ] 1.0000e+00
 2.459e+01 3.1314e-08 3.1314e-08 [ 2.4534e-41 3.6354e-23 1.5078e-11 3.1299e-08 ] 0.0000e+00 [ 0.0000e+00 ] 1.0000e+00
 2.471e+01 2.8237e-08 2.8237e-08 [ 1.0789e-41 2.0744e-23 1.2826e-11 2.8224e-08 ] 0.0000e+00 [ 0.0000e+00 ] 1.0000e+00
 2.482e+01 2.5471e-08 2.5471e-08 [ 4.7361e-42 1.1804e-23 1.0938e-11 2.5460e-08 ] 0.0000e+00 [ 0.0000e+00 ] 1.0000e+00
 2.493e+01 2.2984e-08 2.2984e-08 [ 2.0756e-42 6.6983e-24 9.3516e-12 2.2975e-08 ] 0.0000e+00 [ 0.0000e+00 ] 1.0000e+00
 2.505e+01 2.0747e-08 2.0747e-08 [ 9.0810e-43 3.7908e-24 8.0135e-12 2.0739e-08 ] 0.0000e+00 [ 0.0000e+00 ] 1.0000e+00
 2.516e+01 1.8735e-08 1.8735e-08 [ 3.9665e-43 2.1396e-24 6.8816e-12 1.8728e-08 ] 0.0000e+00 [ 0.0000e+00 ] 1.0000e+00
 2.527e+01 1.6924e-08 1.6924e-08 [ 1.7296e-43 1.2044e-24 5.9214e-12 1.6918e-08 ] 0.0000e+00 [ 0.0000e+00 ] 1.0000e+00
 2.539e+01 1.5294e-08 1.5294e-08 [ 7.5300e-44 6.7618e-25 5.1043e-12 1.5289e-08 ] 0.0000e+00 [ 0.0000e+00 ] 1.0000e+00
 2.550e+01 1.3827e-08 1.3827e-08 [ 3.2729e-44 3.7864e-25 4.4073e-12 1.3822e-08 ] 0.0000e+00 [ 0.0000e+00 ] 1.0000e+00
 2.561e+01 1.2505e-08 1.2505e-08 [ 1.4203e-44 2.1148e-25 3.8112e-12 1.2501e-08 ] 0.0000e+00 [ 0.0000e+00 ] 1.0000e+00
 2.573e+01 1.1314e-08 1.1314e-08 [ 6.1534e-45 1.1782e-25 3.3002e-12 1.1310e-08 ] 0.0000e+00 [ 0.0000e+00 ] 1.0000e+00
 2.584e+01 1.0240e-08 1.0240e-08 [ 2.6618e-45 6.5475e-26 2.8611e-12 1.0237e-08 ] 0.0000e+00 [ 0.0000e+00 ] 1.0000e+00
 2.595e+01 9.2722e-09 9.2722e-09 [ 1.1496e-45 3.6295e-26 2.4830e-12 9.2697e-09 ] 0.0000e+00 [ 0.0000e+00 ] 1.0000e+00
 2.607e+01 8.3992e-09 8.3992e-09 [ 4.9575e-46 2.0070e-26 2.1570e-12 8.3971e-09 ] 0.0000e+00 [ 0.0000e+00 ] 1.0000e+00
 2.618e+01 7.6115e-09 7.6115e-09 [ 2.1345e-46 1.1072e-26 1.8753e-12 7.6097e-09 ] 0.0000e+00 [ 0.0000e+00 ] 1.0000e+00
 2.629e+01 6.9006e-09 6.9006e-09 [ 9.1765e-47 6.0929e-27 1.6315e-12 6.8990e-09 ] 0.0000e+00 [ 0.0000e+00 ] 1.0000e+00
 2.641e+01 6.2587e-09 6.2587e-09 [ 3.9392e-47 3.3452e-27 1.4203e-12 6.2572e-09 ] 0.0000e+00 [ 0.0000e+00 ] 1.0000e+00
 2.652e+01 5.6788e-09 5.6788e-09 [ 1.6884e-47 1.8323e-27 1.2370e-12 5.6776e-09 ] 0.0000e+00 [ 0.0000e+00 ] 1.0000e+00
 2.663e+01 5.1549e-09 5.1549e-09 [ 7.2265e-48 1.0013e-27 1.0779e-12 5.1538e-09 ] 0.0000e+00 [ 0.0000e+00 ] 1.0000e+00
 2.675e+01 4.6812e-09 4.6812e-09 [ 3.0884e-48 5.4600e-28 9.3956e-13 4.6803e-09 ] 0.0000e+00 [ 0.0000e+00 ] 1.0000e+00
 2.686e+01 4.2529e-09 4.2529e-09 [ 1.3180e-48 2.9705e-28 8.1922e-13 4.2521e-09 ] 0.0000e+00 [ 0.0000e+00 ] 1.0000e+00
 2.697e+01 3.8654e-09 3.8654e-09 [ 5.6169e-49 1.6126e-28 7.1445e-13 3.8647e-09 ] 0.0000e+00 [ 0.0000e+00 ] 1.0000e+00
 2.709e+01 3.5147e-09 3.5147e-09 [ 2.3903e-49 8.7354e-29 6.2319e-13 3.5140e-09 ] 0.0000e+00 [ 0.0000e+00 ] 1.0000e+00
 2.720e+01 3.1971e-09 3.1971e-09 [ 1.0158e-49 4.7220e-29 5.4366e-13 3.1965e-09 ] 0.0000e+00 [ 0.0000e+00 ] 1.0000e+00
 2.731e+01 2.9094e-09 2.9094e-09 [ 4.3111e-50 2.5473e-29 4.7431e-13 2.9089e-09 ] 0.0000e+00 [ 0.0000e+00 ] 1.0000e+00
 2.743e+01 2.6487e-09 2.6487e-09 [ 1.8272e-50 1.3714e-29 4.1383e-13 2.6483e-09 ] 0.0000e+00 [ 0.0000e+00 ] 1.0000e+00
 2.754e+01 2.4123e-09 2.4123e-09 [ 7.7338e-51 7.3682e-30 3.6107e-13 2.4120e-09 ] 0.0000e+00 [ 0.0000e+00 ] 1.0000e+00
 2.765e+01 2.1980e-09 2.1980e-09 [ 3.2693e-51 3.9513e-30 3.1504e-13 2.1976e-09 ] 0.0000e+00 [ 0.0000e+00 ] 1.0000e+00
 2.777e+01 2.0034e-09 2.0034e-09 [ 1.3802e-51 2.1149e-30 2.7486e-13 2.0032e-09 ] 0.0000e+00 [ 0.0000e+00 ] 1.0000e+00
 2.788e+01 1.8268e-09 1.8268e-09 [ 5.8199e-52 1.1300e-30 2.3979e-13 1.8266e-09 ] 0.0000e+00 [ 0.0000e+00 ] 1.0000e+00
 2.799e+01 1.6664e-09 1.6664e-09 [ 2.4510e-52 6.0264e-31 2.0918e-13 1.6662e-09 ] 0.0000e+00 [ 0.0000e+00 ] 1.0000e+00
 2.811e+01 1.5207e-09 1.5207e-09 [ 1.0310e-52 3.2085e-31 1.8247e-13 1.5205e-09 ] 0.0000e+00 [ 0.0000e+00 ] 1.0000e+00
 2.822e+01 1.3882e-09 1.3882e-09 [ 4.3318e-53 1.7054e-31 1.5915e-13 1.3881e-09 ] 0.0000e+00 [ 0.0000e+00 ] 1.0000e+00
 2.833e+01 1.2678e-09 1.2678e-09 [ 1.8180e-53 9.0505e-32 1.3880e-13 1.2676e-09 ] 0.0000e+00 [ 0.0000e+00 ] 1.0000e+00
 2.845e+01 1.1582e-09 1.1582e-09 [ 7.6212e-54 4.7957e-32 1.2103e-13 1.1580e-09 ] 0.0000e+00 [ 0.0000e+00 ] 1.0000e+00
 2.856e+01 1.0584e-09 1.0584e-09 [ 3.1916e-54 2.5374e-32 1.0553e-13 1.0583e-09 ] 0.0000e+00 [ 0.0000e+00 ] 1.0000e+00
 2.867e+01 9.6755e-10 9.6755e-10 [ 1.3352e-54 1.3407e-32 9.2006e-14 9.6746e-10 ] 0.0000e+00 [ 0.0000e+00 ] 1.0000e+00
 2.879e+01 8.8480e-10 8.8480e-10 [ 5.5800e-55 7.0746e-33 8.0203e-14 8.8472e-10 ] 0.0000e+00 [ 0.0000e+00 ] 1.0000e+00
 2.890e+01 8.0938e-10 8.0938e-10 [ 2.3298e-55 3.7286e-33 6.9907e-14 8.0931e-10 ] 0.0000e+00 [ 0.0000e+00 ] 1.0000e+00
 2.901e+01 7.4061e-10 7.4061e-10 [ 9.7191e-56 1.9628e-33 6.0924e-14 7.4055e-10 ] 0.0000e+00 [ 0.0000e+00 ] 1.0000e+00
 2.913e+01 6.7789e-10 6.7789e-10 [ 4.0509e-56 1.0322e-33 5.3090e-14 6.7783e-10 ] 0.0000e+00 [ 0.0000e+00 ] 1.0000e+00
 2.924e+01 6.2065e-10 6.2065e-10 [ 1.6870e-56 5.4230e-34 4.6258e-14 6.2061e-10 ] 0.0000e+00 [ 0.0000e+00 ] 1.0000e+00
 2.935e+01 5.6841e-10 5.6841e-10 [ 7.0205e-57 2.8467e-34 4.0301e-14 5.6837e-10 ] 0.0000e+00 [ 0.0000e+00 ] 1.0000e+00
 2.947e+01 5.2070e-10 5.2070e-10 [ 2.9195e-57 1.4931e-34 3.5107e-14 5.2066e-10 ] 0.0000e+00 [ 0.0000e+00 ] 1.0000e+00
 2.958e+01 4.7711e-10 4.7711e-10 [ 1.2133e-57 7.8266e-35 3.0579e-14 4.7708e-10 ] 0.0000e+00 [ 0.0000e+00 ] 1.0000e+00
 2.969e+01 4.3727e-10 4.3727e-10 [ 5.0394e-58 4.1002e-35 2.6633e-14 4.3725e-10 ] 0.0000e+00 [ 0.0000e+00 ] 1.0000e+00
 2.981e+01 4.0086e-10 4.0086e-10 [ 2.0920e-58 2.1470e-35 2.3194e-14 4.0083e-10 ] 0.0000e+00 [ 0.0000e+00 ] 1.0000e+00
 2.992e+01 3.6755e-10 3.6755e-10 [ 8.6807e-59 1.1239e-35 2.0197e-14 3.6753e-10 ] 0.0000e+00 [ 0.0000e+00 ] 1.0000e+00
 3.003e+01 3.3708e-10 3.3708e-10 [ 3.6006e-59 5.8820e-36 1.7586e-14 3.3706e-10 ] 0.0000e+00 [ 0.0000e+00 ] 1.0000e+00
 3.015e+01 3.0919e-10 3.0919e-10 [ 1.4931e-59 3.0780e-36 1.5311e-14 3.0918e-10 ] 0.0000e+00 [ 0.0000e+00 ] 1.0000e+00
 3.026e+01 2.8366e-10 2.8366e-10 [ 6.1898e-60 1.6107e-36 1.3329e-14 2.8365e-10 ] 0.0000e+00 [ 0.0000e+00 ] 1.0000e+00
 3.037e+01 2.6028e-10 2.6028e-10 [ 2.5657e-60 8.4294e-37 1.1603e-14 2.6027e-10 ] 0.0000e+00 [ 0.0000e+00 ] 1.0000e+00
 3.049e+01 2.3887e-10 2.3887e-10 [ 1.0635e-60 4.4124e-37 1.0100e-14 2.3886e-10 ] 0.0000e+00 [ 0.0000e+00 ] 1.0000e+00
 3.060e+01 2.1925e-10 2.1925e-10 [ 4.4081e-61 2.3104e-37 8.7911e-15 2.1924e-10 ] 0.0000e+00 [ 0.0000e+00 ] 1.0000e+00
 3.071e+01 2.0126e-10 2.0126e-10 [ 1.8274e-61 1.2103e-37 7.6513e-15 2.0125e-10 ] 0.0000e+00 [ 0.0000e+00 ] 1.0000e+00
 3.083e+01 1.8477e-10 1.8477e-10 [ 7.5771e-62 6.3431e-38 6.6589e-15 1.8477e-10 ] 0.0000e+00 [ 0.0000e+00 ] 1.0000e+00
 3.094e+01 1.6965e-10 1.6965e-10 [ 3.1427e-62 3.3264e-38 5.7949e-15 1.6965e-10 ] 0.0000e+00 [ 0.0000e+00 ] 1.0000e+00
 3.105e+01 1.5579e-10 1.5579e-10 [ 1.3040e-62 1.7456e-38 5.0428e-15 1.5578e-10 ] 0.0000e+00 [ 0.0000e+00 ] 1.0000e+00
 3.117e+01 1.4306e-10 1.4306e-10 [ 5.4136e-63 9.1668e-39 4.3880e-15 1.4306e-10 ] 0.0000e+00 [ 0.0000e+00 ] 1.0000e+00
 3.128e+01 1.3139e-10 1.3139e-10 [ 2.2487e-63 4.8177e-39 3.8181e-15 1.3139e-10 ] 0.0000e+00 [ 0.0000e+00 ] 1.0000e+00
 3.139e+01 1.2068e-10 1.2068e-10 [ 9.3472e-64 2.5341e-39 3.3220e-15 1.2067e-10 ] 0.0000e+00 [ 0.0000e+00 ] 1.0000e+00
 3.151e+01 1.1084e-10 1.1084e-10 [ 3.8883e-64 1.3341e-39 2.8903e-15 1.1084e-10 ] 0.0000e+00 [ 0.0000e+00 ] 1.0000e+00
 3.162e+01 1.0181e-10 1.0181e-10 [ 1.6189e-64 7.0295e-40 2.5145e-15 1.0181e-10 ] 0.0000e+00 [ 0.0000e+00 ] 1.0000e+00
 3.173e+01 9.3518e-11 9.3518e-11 [ 6.7465e-65 3.7073e-40 2.1875e-15 9.3516e-11 ] 0.0000e+00 [ 0.0000e+00 ] 1.0000e+00
 3.185e+01 8.5902e-11 8.5902e-11 [ 2.8144e-65 1.9569e-40 1.9029e-15 8.5901e-11 ] 0.0000e+00 [ 0.0000e+00 ] 1.0000e+00
 3.196e+01 7.8908e-11 7.8908e-11 [ 1.1753e-65 1.0339e-40 1.6553e-15 7.8906e-11 ] 0.0000e+00 [ 0.0000e+00 ] 1.0000e+00
 3.207e+01 7.2482e-11 7.2482e-11 [ 4.9140e-66 5.4670e-41 1.4398e-15 7.2481e-11 ] 0.0000e+00 [ 0.0000e+00 ] 1.0000e+00
 3.219e+01 6.6579e-11 6.6579e-11 [ 2.0570e-66 2.8931e-41 1.2522e-15 6.6578e-11 ] 0.0000e+00 [ 0.0000e+00 ] 1.0000e+00
 3.230e+01 6.1155e-11 6.1155e-11 [ 8.6214e-67 1.5322e-41 1.0891e-15 6.1154e-11 ] 0.0000e+00 [ 0.0000e+00 ] 1.0000e+00
 3.241e+01 5.6171e-11 5.6171e-11 [ 3.6181e-67 8.1207e-42 9.4713e-16 5.6170e-11 ] 0.0000e+00 [ 0.0000e+00 ] 1.0000e+00
 3.253e+01 5.1591e-11 5.1591e-11 [ 1.5204e-67 4.3067e-42 8.2361e-16 5.1590e-11 ] 0.0000e+00 [ 0.0000e+00 ] 1.0000e+00
 3.264e+01 4.7382e-11 4.7382e-11 [ 6.3974e-68 2.2853e-42 7.1615e-16 4.7381e-11 ] 0.0000e+00 [ 0.0000e+00 ] 1.0000e+00
 3.275e+01 4.3514e-11 4.3514e-11 [ 2.6954e-68 1.2133e-42 6.2266e-16 4.3513e-11 ] 0.0000e+00 [ 0.0000e+00 ] 1.0000e+00
 3.287e+01 3.9959e-11 3.9959e-11 [ 1.1372e-68 6.4444e-43 5.4133e-16 3.9959e-11 ] 0.0000e+00 [ 0.0000e+00 ] 1.0000e+00
 3.298e+01 3.6692e-11 3.6692e-11 [ 4.8042e-69 3.4241e-43 4.7058e-16 3.6691e-11 ] 0.0000e+00 [ 0.0000e+00 ] 1.0000e+00
 3.309e+01 3.3689e-11 3.3689e-11 [ 2.0322e-69 1.8199e-43 4.0903e-16 3.3688e-11 ] 0.0000e+00 [ 0.0000e+00 ] 1.0000e+00
 3.321e+01 3.0929e-11 3.0929e-11 [ 8.6070e-70 9.6741e-44 3.5549e-16 3.0928e-11 ] 0.0000e+00 [ 0.0000e+00 ] 1.0000e+00
 3.332e+01 2.8392e-11 2.8392e-11 [ 3.6498e-70 5.1432e-44 3.0893e-16 2.8392e-11 ] 0.0000e+00 [ 0.0000e+00 ] 1.0000e+00
 3.343e+01 2.6061e-11 2.6061e-11 [ 1.5495e-70 2.7345e-44 2.6843e-16 2.6060e-11 ] 0.0000e+00 [ 0.0000e+00 ] 1.0000e+00
 3.355e+01 2.3918e-11 2.3918e-11 [ 6.5859e-71 1.4538e-44 2.3321e-16 2.3918e-11 ] 0.0000e+00 [ 0.0000e+00 ] 1.0000e+00
 3.366e+01 2.1949e-11 2.1949e-11 [ 2.8021e-71 7.7283e-45 2.0259e-16 2.1949e-11 ] 0.0000e+00 [ 0.0000e+00 ] 1.0000e+00
 3.377e+01 2.0139e-11 2.0139e-11 [ 1.1934e-71 4.1075e-45 1.7595e-16 2.0139e-11 ] 0.0000e+00 [ 0.0000e+00 ] 1.0000e+00
 3.389e+01 1.8477e-11 1.8477e-11 [ 5.0873e-72 2.1826e-45 1.5280e-16 1.8476e-11 ] 0.0000e+00 [ 0.0000e+00 ] 1.0000e+00
 3.400e+01 1.6949e-11 1.6949e-11 [ 2.1705e-72 1.1594e-45 1.3267e-16 1.6949e-11 ] 0.0000e+00 [ 0.0000e+00 ] 1.0000e+00
 3.411e+01 1.5545e-11 1.5545e-11 [ 9.2677e-73 6.1561e-46 1.1517e-16 1.5545e-11 ] 0.0000e+00 [ 0.0000e+00 ] 1.0000e+00
 3.423e+01 1.4255e-11 1.4255e-11 [ 3.9599e-73 3.2674e-46 9.9961e-17 1.4255e-11 ] 0.0000e+00 [ 0.0000e+00 ] 1.0000e+00
 3.434e+01 1.3071e-11 1.3071e-11 [ 1.6931e-73 1.7334e-46 8.6743e-17 1.3071e-11 ] 0.0000e+00 [ 0.0000e+00 ] 1.0000e+00
 3.445e+01 1.1983e-11 1.1983e-11 [ 7.2427e-74 9.1907e-47 7.5258e-17 1.1983e-11 ] 0.0000e+00 [ 0.0000e+00 ] 1.0000e+00
 3.457e+01 1.0983e-11 1.0983e-11 [ 3.0999e-74 4.8703e-47 6.5279e-17 1.0983e-11 ] 0.0000e+00 [ 0.0000e+00 ] 1.0000e+00
 3.468e+01 1.0066e-11 1.0066e-11 [ 1.3273e-74 2.5792e-47 5.6610e-17 1.0066e-11 ] 0.0000e+00 [ 0.0000e+00 ] 1.0000e+00
 3.479e+01 9.2232e-12 9.2232e-12 [ 5.6850e-75 1.3650e-47 4.9081e-17 9.2232e-12 ] 0.0000e+00 [ 0.0000e+00 ] 1.0000e+00
 3.491e+01 8.4496e-12 8.4496e-12 [ 2.4357e-75 7.2188e-48 4.2543e-17 8.4496e-12 ] 0.0000e+00 [ 0.0000e+00 ] 1.0000e+00
 3.502e+01 7.7395e-12 7.7395e-12 [ 1.0438e-75 3.8149e-48 3.6866e-17 7.7395e-12 ] 0.0000e+00 [ 0.0000e+00 ] 1.0000e+00
 3.513e+01 7.0878e-12 7.0878e-12 [ 4.4737e-76 2.0146e-48 3.1938e-17 7.0877e-12 ] 0.0000e+00 [ 0.0000e+00 ] 1.0000e+00
 3.525e+01 6.4897e-12 6.4897e-12 [ 1.9176e-76 1.0630e-48 2.7662e-17 6.4896e-12 ] 0.0000e+00 [ 0.0000e+00 ] 1.0000e+00
 3.536e+01 5.9409e-12 5.9409e-12 [ 8.2203e-77 5.6044e-49 2.3951e-17 5.9408e-12 ] 0.0000e+00 [ 0.0000e+00 ] 1.0000e+00
 3.547e+01 5.4374e-12 5.4374e-12 [ 3.5238e-77 2.9523e-49 2.0731e-17 5.4374e-12 ] 0.0000e+00 [ 0.0000e+00 ] 1.0000e+00
 3.559e+01 4.9756e-12 4.9756e-12 [ 1.5105e-77 1.5539e-49 1.7939e-17 4.9756e-12 ] 0.0000e+00 [ 0.0000e+00 ] 1.0000e+00
 3.570e+01 4.5521e-12 4.5521e-12 [ 6.4740e-78 8.1720e-50 1.5519e-17 4.5521e-12 ] 0.0000e+00 [ 0.0000e+00 ] 1.0000e+00
 3.581e+01 4.1638e-12 4.1638e-12 [ 2.7744e-78 4.2937e-50 1.3420e-17 4.1637e-12 ] 0.0000e+00 [ 0.0000e+00 ] 1.0000e+00
 3.593e+01 3.8078e-12 3.8078e-12 [ 1.1888e-78 2.2540e-50 1.1601e-17 3.8077e-12 ] 0.0000e+00 [ 0.0000e+00 ] 1.0000e+00
 3.604e+01 3.4814e-12 3.4814e-12 [ 5.0928e-79 1.1822e-50 1.0026e-17 3.4814e-12 ] 0.0000e+00 [ 0.0000e+00 ] 1.0000e+00
 3.615e+01 3.1824e-12 3.1824e-12 [ 2.1812e-79 6.1945e-51 8.6611e-18 3.1824e-12 ] 0.0000e+00 [ 0.0000e+00 ] 1.0000e+00
 3.627e+01 2.9084e-12 2.9084e-12 [ 9.3396e-80 3.2429e-51 7.4795e-18 2.9084e-12 ] 0.0000e+00 [ 0.0000e+00 ] 1.0000e+00
 3.638e+01 2.6574e-12 2.6574e-12 [ 3.9979e-80 1.6961e-51 6.4567e-18 2.6574e-12 ] 0.0000e+00 [ 0.0000e+00 ] 1.0000e+00
 3.649e+01 2.4275e-12 2.4275e-12 [ 1.7108e-80 8.8627e-52 5.5717e-18 2.4275e-12 ] 0.0000e+00 [ 0.0000e+00 ] 1.0000e+00
 3.661e+01 2.2170e-12 2.2170e-12 [ 7.3186e-81 4.6267e-52 4.8061e-18 2.2170e-12 ] 0.0000e+00 [ 0.0000e+00 ] 1.0000e+00
 3.672e+01 2.0243e-12 2.0243e-12 [ 3.1297e-81 2.4130e-52 4.1441e-18 2.0243e-12 ] 0.0000e+00 [ 0.0000e+00 ] 1.0000e+00
 3.683e+01 1.8479e-12 1.8479e-12 [ 1.3379e-81 1.2573e-52 3.5719e-18 1.8479e-12 ] 0.0000e+00 [ 0.0000e+00 ] 1.0000e+00
 3.695e+01 1.6865e-12 1.6865e-12 [ 5.7168e-82 6.5450e-53 3.0774e-18 1.6865e-12 ] 0.0000e+00 [ 0.0000e+00 ] 1.0000e+00
 3.706e+01 1.5388e-12 1.5388e-12 [ 2.4419e-82 3.4038e-53 2.6503e-18 1.5388e-12 ] 0.0000e+00 [ 0.0000e+00 ] 1.0000e+00
 3.717e+01 1.4037e-12 1.4037e-12 [ 1.0426e-82 1.7685e-53 2.2815e-18 1.4037e-12 ] 0.0000e+00 [ 0.0000e+00 ] 1.0000e+00
 3.729e+01 1.2802e-12 1.2802e-12 [ 4.4495e-83 9.1794e-54 1.9632e-18 1.2802e-12 ] 0.0000e+00 [ 0.0000e+00 ] 1.0000e+00
 3.740e+01 1.1672e-12 1.1672e-12 [ 1.8981e-83 4.7602e-54 1.6885e-18 1.1672e-12 ] 0.0000e+00 [ 0.0000e+00 ] 1.0000e+00
 3.751e+01 1.0640e-12 1.0640e-12 [ 8.0937e-84 2.4661e-54 1.4517e-18 1.0640e-12 ] 0.0000e+00 [ 0.0000e+00 ] 1.0000e+00
 3.763e+01 9.6965e-13 9.6965e-13 [ 3.4496e-84 1.2764e-54 1.2475e-18 9.6965e-13 ] 0.0000e+00 [ 0.0000e+00 ] 1.0000e+00
 3.774e+01 8.8345e-13 8.8345e-13 [ 1.4696e-84 6.6001e-55 1.0715e-18 8.8345e-13 ] 0.0000e+00 [ 0.0000e+00 ] 1.0000e+00
 3.785e+01 8.0472e-13 8.0472e-13 [ 6.2578e-85 3.4096e-55 9.1994e-19 8.0472e-13 ] 0.0000e+00 [ 0.0000e+00 ] 1.0000e+00
 3.797e+01 7.3282e-13 7.3282e-13 [ 2.6634e-85 1.7597e-55 7.8944e-19 7.3282e-13 ] 0.0000e+00 [ 0.0000e+00 ] 1.0000e+00
 3.808e+01 6.6717e-13 6.6717e-13 [ 1.1331e-85 9.0732e-56 6.7714e-19 6.6717e-13 ] 0.0000e+00 [ 0.0000e+00 ] 1.0000e+00
 3.819e+01 6.0725e-13 6.0725e-13 [ 4.8179e-86 4.6739e-56 5.8054e-19 6.0725e-13 ] 0.0000e+00 [ 0.0000e+00 ] 1.0000e+00
 3.831e+01 5.5258e-13 5.5258e-13 [ 2.0476e-86 2.4054e-56 4.9748e-19 5.5258e-13 ] 0.0000e+00 [ 0.0000e+00 ] 1.0000e+00
 3.842e+01 5.0269e-13 5.0269e-13 [ 8.6985e-87 1.2367e-56 4.2610e-19 5.0269e-13 ] 0.0000e+00 [ 0.0000e+00 ] 1.0000e+00
 3.853e+01 4.5720e-13 4.5720e-13 [ 3.6933e-87 6.3529e-57 3.6478e-19 4.5720e-13 ] 0.0000e+00 [ 0.0000e+00 ] 1.0000e+00
 3.865e+01 4.1571e-13 4.1571e-13 [ 1.5674e-87 3.2603e-57 3.1213e-19 4.1571e-13 ] 0.0000e+00 [ 0.0000e+00 ] 1.0000e+00
 3.876e+01 3.7789e-13 3.7789e-13 [ 6.6487e-88 1.6716e-57 2.6694e-19 3.7789e-13 ] 0.0000e+00 [ 0.0000e+00 ] 1.0000e+00
 3.887e+01 3.4343e-13 3.4343e-13 [ 2.8189e-88 8.5629e-58 2.2819e-19 3.4343e-13 ] 0.0000e+00 [ 0.0000e+00 ] 1.0000e+00
 3.899e+01 3.1202e-13 3.1202e-13 [ 1.1946e-88 4.3823e-58 1.9496e-19 3.1202e-13 ] 0.0000e+00 [ 0.0000e+00 ] 1.0000e+00
 3.910e+01 2.8342e-13 2.8342e-13 [ 5.0597e-89 2.2407e-58 1.6648e-19 2.8342e-13 ] 0.0000e+00 [ 0.0000e+00 ] 1.0000e+00
 3.921e+01 2.5736e-13 2.5736e-13 [ 2.1420e-89 1.1446e-58 1.4209e-19 2.5736e-13 ] 0.0000e+00 [ 0.0000e+00 ] 1.0000e+00
 3.933e+01 2.3365e-13 2.3365e-13 [ 9.0640e-90 5.8418e-59 1.2121e-19 2.3365e-13 ] 0.0000e+00 [ 0.0000e+00 ] 1.0000e+00
 3.944e+01 2.1206e-13 2.1206e-13 [ 3.8335e-90 2.9788e-59 1.0334e-19 2.1206e-13 ] 0.0000e+00 [ 0.0000e+00 ] 1.0000e+00
 3.955e+01 1.9241e-13 1.9241e-13 [ 1.6206e-90 1.5175e-59 8.8066e-20 1.9241e-13 ] 0.0000e+00 [ 0.0000e+00 ] 1.0000e+00
 3.967e+01 1.7454e-13 1.7454e-13 [ 6.8474e-91 7.7242e-60 7.5007e-20 1.7454e-13 ] 0.0000e+00 [ 0.0000e+00 ] 1.0000e+00
 3.978e+01 1.5829e-13 1.5829e-13 [ 2.8918e-91 3.9280e-60 6.3850e-20 1.5829e-13 ] 0.0000e+00 [ 0.0000e+00 ] 1.0000e+00
 3.989e+01 1.4351e-13 1.4351e-13 [ 1.2207e-91 1.9957e-60 5.4323e-20 1.4351e-13 ] 0.0000e+00 [ 0.0000e+00 ] 1.0000e+00
 4.001e+01 1.3008e-13 1.3008e-13 [ 5.1504e-92 1.0131e-60 4.6193e-20 1.3008e-13 ] 0.0000e+00 [ 0.0000e+00 ] 1.0000e+00
 4.012e+01 1.1787e-13 1.1787e-13 [ 2.1720e-92 5.1382e-61 3.9259e-20 1.1787e-13 ] 0.0000e+00 [ 0.0000e+00 ] 1.0000e+00
 4.023e+01 1.0678e-13 1.0678e-13 [ 9.1554e-93 2.6037e-61 3.3347e-20 1.0678e-13 ] 0.0000e+00 [ 0.0000e+00 ] 1.0000e+00
 4.035e+01 9.6711e-14 9.6711e-14 [ 3.8573e-93 1.3182e-61 2.8311e-20 9.6711e-14 ] 0.0000e+00 [ 0.0000e+00 ] 1.0000e+00
 4.046e+01 8.7565e-14 8.7565e-14 [ 1.6244e-93 6.6683e-62 2.4021e-20 8.7565e-14 ] 0.0000e+00 [ 0.0000e+00 ] 1.0000e+00
 4.057e+01 7.9263e-14 7.9263e-14 [ 6.8372e-94 3.3702e-62 2.0371e-20 7.9263e-14 ] 0.0000e+00 [ 0.0000e+00 ] 1.0000e+00
 4.069e+01 7.1729e-14 7.1729e-14 [ 2.8765e-94 1.7019e-62 1.7265e-20 7.1729e-14 ] 0.0000e+00 [ 0.0000e+00 ] 1.0000e+00
 4.080e+01 6.4893e-14 6.4893e-14 [ 1.2096e-94 8.5866e-63 1.4625e-20 6.4893e-14 ] 0.0000e+00 [ 0.0000e+00 ] 1.0000e+00
 4.091e+01 5.8693e-14 5.8693e-14 [ 5.0844e-95 4.3286e-63 1.2382e-20 5.8693e-14 ] 0.0000e+00 [ 0.0000e+00 ] 1.0000e+00
 4.103e+01 5.3071e-14 5.3071e-14 [ 2.1361e-95 2.1802e-63 1.0477e-20 5.3071e-14 ] 0.0000e+00 [ 0.0000e+00 ] 1.0000e+00
 4.114e+01 4.7975e-14 4.7975e-14 [ 8.9703e-96 1.0972e-63 8.8600e-21 4.7975e-14 ] 0.0000e+00 [ 0.0000e+00 ] 1.0000e+00
 4.125e+01 4.3356e-14 4.3356e-14 [ 3.7652e-96 5.5169e-64 7.4884e-21 4.3356e-14 ] 0.0000e+00 [ 0.0000e+00 ] 1.0000e+00
 4.137e+01 3.9172e-14 3.9172e-14 [ 1.5797e-96 2.7717e-64 6.3256e-21 3.9172e-14 ] 0.0000e+00 [ 0.0000e+00 ] 1.0000e+00
 4.148e+01 3.5381e-14 3.5381e-14 [ 6.6247e-97 1.3913e-64 5.3404e-21 3.5381e-14 ] 0.0000e+00 [ 0.0000e+00 ] 1.0000e+00
 4.159e+01 3.1949e-14 3.1949e-14 [ 2.7769e-97 6.9785e-65 4.5060e-21 3.1949e-14 ] 0.0000e+00 [ 0.0000e+00 ] 1.0000e+00
 4.171e+01 2.8842e-14 2.8842e-14 [ 1.1635e-97 3.4973e-65 3.7998e-21 2.8842e-14 ] 0.0000e+00 [ 0.0000e+00 ] 1.0000e+00
 4.182e+01 2.6030e-14 2.6030e-14 [ 4.8724e-98 1.7512e-65 3.2025e-21 2.6030e-14 ] 0.0000e+00 [ 0.0000e+00 ] 1.0000e+00
 4.193e+01 2.3486e-14 2.3486e-14 [ 2.0396e-98 8.7617e-66 2.6976e-21 2.3486e-14 ] 0.0000e+00 [ 0.0000e+00 ] 1.0000e+00
 4.205e+01 2.1185e-14 2.1185e-14 [ 8.5343e-99 4.3801e-66 2.2709e-21 2.1185e-14 ] 0.0000e+00 [ 0.0000e+00 ] 1.0000e+00
 4.216e+01 1.9104e-14 1.9104e-14 [ 3.5693e-99 2.1879e-66 1.9107e-21 1.9104e-14 ] 0.0000e+00 [ 0.0000e+00 ] 1.0000e+00
 4.227e+01 1.7222e-14 1.7222e-14 [ 1.4922e-99 1.0920e-66 1.6066e-21 1.7222e-14 ] 0.0000e+00 [ 0.0000e+00 ] 1.0000e+00
 4.239e+01 1.5522e-14 1.5522e-14 [ 6.2353e-100 5.4457e-67 1.3502e-21 1.5522e-14 ] 0.0000e+00 [ 0.0000e+00 ] 1.0000e+00
 4.250e+01 1.3986e-14 1.3986e-14 [ 2.6044e-100 2.7136e-67 1.1340e-21 1.3986e-14 ] 0.0000e+00 [ 0.0000e+00 ] 1.0000e+00
 4.261e+01 1.2599e-14 1.2599e-14 [ 1.0874e-100 1.3511e-67 9.5194e-22 1.2599e-14 ] 0.0000e+00 [ 0.0000e+00 ] 1.0000e+00
 4.273e+01 1.1346e-14 1.1346e-14 [ 4.5378e-101 6.7219e-68 7.9862e-22 1.1346e-14 ] 0.0000e+00 [ 0.0000e+00 ] 1.0000e+00
 4.284e+01 1.0215e-14 1.0215e-14 [ 1.8929e-101 3.3415e-68 6.6960e-22 1.0215e-14 ] 0.0000e+00 [ 0.0000e+00 ] 1.0000e+00
 4.295e+01 9.1938e-15 9.1938e-15 [ 7.8930e-102 1.6598e-68 5.6110e-22 9.1938e-15 ] 0.0000e+00 [ 0.0000e+00 ] 1.0000e+00
 4.307e+01 8.2728e-15 8.2728e-15 [ 3.2897e-102 8.2382e-69 4.6991e-22 8.2728e-15 ] 0.0000e+00 [ 0.0000e+00 ] 1.0000e+00
 4.318e+01 7.4420e-15 7.4420e-15 [ 1.3706e-102 4.0857e-69 3.9331e-22 7.4420e-15 ] 0.0000e+00 [ 0.0000e+00 ] 1.0000e+00
 4.329e+01 6.6928e-15 6.6928e-15 [ 5.7076e-103 2.0247e-69 3.2901e-22 6.6928e-15 ] 0.0000e+00 [ 0.0000e+00 ] 1.0000e+00
 4.341e+01 6.0174e-15 6.0174e-15 [ 2.3759e-103 1.0026e-69 2.7506e-22 6.0174e-15 ] 0.0000e+00 [ 0.0000e+00 ] 1.0000e+00
 4.352e+01 5.4087e-15 5.4087e-15 [ 9.8861e-104 4.9608e-70 2.2982e-22 5.4087e-15 ] 0.0000e+00 [ 0.0000e+00 ] 1.0000e+00
 4.363e+01 4.8603e-15 4.8603e-15 [ 4.1119e-104 2.4527e-70 1.9191e-22 4.8603e-15 ] 0.0000e+00 [ 0.0000e+00 ] 1.0000e+00
 4.375e+01 4.3663e-15 4.3663e-15 [ 1.7095e-104 1.2117e-70 1.6016e-22 4.3663e-15 ] 0.0000e+00 [ 0.0000e+00 ] 1.0000e+00
 4.386e+01 3.9215e-15 3.9215e-15 [ 7.1045e-105 5.9818e-71 1.3358e-22 3.9215e-15 ] 0.0000e+00 [ 0.0000e+00 ] 1.0000e+00
 4.397e+01 3.5210e-15 3.5210e-15 [ 2.9513e-105 2.9508e-71 1.1135e-22 3.5210e-15 ] 0.0000e+00 [ 0.0000e+00 ] 1.0000e+00
 4.409e+01 3.1606e-15 3.1606e-15 [ 1.2255e-105 1.4545e-71 9.2765e-23 3.1606e-15 ] 0.0000e+00 [ 0.0000e+00 ] 1.0000e+00
 4.420e+01 2.8363e-15 2.8363e-15 [ 5.0869e-106 7.1642e-72 7.7236e-23 2.8363e-15 ] 0.0000e+00 [ 0.0000e+00 ] 1.0000e+00
 4.431e+01 2.5446e-15 2.5446e-15 [ 2.1106e-106 3.5261e-72 6.4269e-23 2.5446e-15 ] 0.0000e+00 [ 0.0000e+00 ] 1.0000e+00
 4.443e+01 2.2823e-15 2.2823e-15 [ 8.7538e-107 1.7342e-72 5.3448e-23 2.2823e-15 ] 0.0000e+00 [ 0.0000e+00 ] 1.0000e+00
 4.454e+01 2.0464e-15 2.0464e-15 [ 3.6292e-107 8.5228e-73 4.4422e-23 2.0464e-15 ] 0.0000e+00 [ 0.0000e+00 ] 1.0000e+00
 4.465e+01 1.8345e-15 1.8345e-15 [ 1.5040e-107 4.1855e-73 3.6899e-23 1.8345e-15 ] 0.0000e+00 [ 0.0000e+00 ] 1.0000e+00
 4.477e+01 1.6441e-15 1.6441e-15 [ 6.2305e-108 2.0540e-73 3.0632e-23 1.6441e-15 ] 0.0000e+00 [ 0.0000e+00 ] 1.0000e+00
 4.488e+01 1.4730e-15 1.4730e-15 [ 2.5800e-108 1.0072e-73 2.5414e-23 1.4730e-15 ] 0.0000e+00 [ 0.0000e+00 ] 1.0000e+00
 4.499e+01 1.3194e-15 1.3194e-15 [ 1.0680e-108 4.9355e-74 2.1073e-23 1.3194e-15 ] 0.0000e+00 [ 0.0000e+00 ] 1.0000e+00
 4.511e+01 1.1815e-15 1.1815e-15 [ 4.4190e-109 2.4168e-74 1.7463e-23 1.1815e-15 ] 0.0000e+00 [ 0.0000e+00 ] 1.0000e+00
 4.522e+01 1.0577e-15 1.0577e-15 [ 1.8278e-109 1.1826e-74 1.4463e-23 1.0577e-15 ] 0.0000e+00 [ 0.0000e+00 ] 1.0000e+00
 4.533e+01 9.4665e-16 9.4665e-16 [ 7.5570e-110 5.7823e-75 1.1971e-23 9.4665e-16 ] 0.0000e+00 [ 0.0000e+00 ] 1.0000e+00
 4.545e+01 8.4702e-16 8.4702e-16 [ 3.1233e-110 2.8253e-75 9.9027e-24 8.4702e-16 ] 0.0000e+00 [ 0.0000e+00 ] 1.0000e+00
 4.556e+01 7.5768e-16 7.5768e-16 [ 1.2904e-110 1.3795e-75 8.1869e-24 7.5768e-16 ] 0.0000e+00 [ 0.0000e+00 ] 1.0000e+00
 4.567e+01 6.7759e-16 6.7759e-16 [ 5.3292e-111 6.7310e-76 6.7644e-24 6.7759e-16 ] 0.0000e+00 [ 0.0000e+00 ] 1.0000e+00
 4.579e+01 6.0580e-16 6.0580e-16 [ 2.2001e-111 3.2819e-76 5.5857e-24 6.0580e-16 ] 0.0000e+00 [ 0.0000e+00 ] 1.0000e+00
 4.590e+01 5.4147e-16 5.4147e-16 [ 9.0793e-112 1.5991e-76 4.6097e-24 5.4147e-16 ] 0.0000e+00 [ 0.0000e+00 ] 1.0000e+00
 4.601e+01 4.8385e-16 4.8385e-16 [ 3.7455e-112 7.7858e-77 3.8020e-24 4.8385e-16 ] 0.0000e+00 [ 0.0000e+00 ] 1.0000e+00
 4.613e+01 4.3225e-16 4.3225e-16 [ 1.5445e-112 3.7883e-77 3.1340e-24 4.3225e-16 ] 0.0000e+00 [ 0.0000e+00 ] 1.0000e+00
 4.624e+01 3.8605e-16 3.8605e-16 [ 6.3670e-113 1.8420e-77 2.5818e-24 3.8605e-16 ] 0.0000e+00 [ 0.0000e+00 ] 1.0000e+00
 4.635e+01 3.4469e-16 3.4469e-16 [ 2.6237e-113 8.9499e-78 2.1256e-24 3.4469e-16 ] 0.0000e+00 [ 0.0000e+00 ] 1.0000e+00
 4.647e+01 3.0769e-16 3.0769e-16 [ 1.0807e-113 4.3457e-78 1.7490e-24 3.0769e-16 ] 0.0000e+00 [ 0.0000e+00 ] 1.0000e+00
 4.658e+01 2.7459e-16 2.7459e-16 [ 4.4503e-114 2.1087e-78 1.4383e-24 2.7459e-16 ] 0.0000e+00 [ 0.0000e+00 ] 1.0000e+00
 4.669e+01 2.4498e-16 2.4498e-16 [ 1.8318e-114 1.0225e-78 1.1821e-24 2.4498e-16 ] 0.0000e+00 [ 0.0000e+00 ] 1.0000e+00
 4.681e+01 2.1851e-16 2.1851e-16 [ 7.5377e-115 4.9547e-79 9.7094e-25 2.1851e-16 ] 0.0000e+00 [ 0.0000e+00 ] 1.0000e+00
 4.692e+01 1.9485e-16 1.9485e-16 [ 3.1005e-115 2.3993e-79 7.9703e-25 1.9485e-16 ] 0.0000e+00 [ 0.0000e+00 ] 1.0000e+00
 4.703e+01 1.7371e-16 1.7371e-16 [ 1.2749e-115 1.1611e-79 6.5389e-25 1.7371e-16 ] 0.0000e+00 [ 0.0000e+00 ] 1.0000e+00
 4.715e+01 1.5482e-16 1.5482e-16 [ 5.2403e-116 5.6148e-80 5.3613e-25 1.5482e-16 ] 0.0000e+00 [ 0.0000e+00 ] 1.0000e+00
 4.726e+01 1.3795e-16 1.3795e-16 [ 2.1532e-116 2.7135e-80 4.3932e-25 1.3795e-16 ] 0.0000e+00 [ 0.0000e+00 ] 1.0000e+00
 4.737e+01 1.2289e-16 1.2289e-16 [ 8.8445e-117 1.3105e-80 3.5978e-25 1.2289e-16 ] 0.0000e+00 [ 0.0000e+00 ] 1.0000e+00
 4.749e+01 1.0944e-16 1.0944e-16 [ 3.6316e-117 6.3250e-81 2.9446e-25 1.0944e-16 ] 0.0000e+00 [ 0.0000e+00 ] 1.0000e+00
 4.760e+01 9.7438e-17 9.7438e-17 [ 1.4907e-117 3.0507e-81 2.4086e-25 9.7438e-17 ] 0.0000e+00 [ 0.0000e+00 ] 1.0000e+00
 4.771e+01 8.6732e-17 8.6732e-17 [ 6.1167e-118 1.4705e-81 1.9690e-25 8.6732e-17 ] 0.0000e+00 [ 0.0000e+00 ] 1.0000e+00
 4.783e+01 7.7182e-17 7.7182e-17 [ 2.5090e-118 7.0831e-82 1.6087e-25 7.7182e-17 ] 0.0000e+00 [ 0.0000e+00 ] 1.0000e+00
 4.794e+01 6.8667e-17 6.8667e-17 [ 1.0288e-118 3.4097e-82 1.3136e-25 6.8667e-17 ] 0.0000e+00 [ 0.0000e+00 ] 1.0000e+00
 4.805e+01 6.1075e-17 6.1075e-17 [ 4.2171e-119 1.6403e-82 1.0719e-25 6.1075e-17 ] 0.0000e+00 [ 0.0000e+00 ] 1.0000e+00
 4.817e+01 5.4309e-17 5.4309e-17 [ 1.7281e-119 7.8860e-83 8.7420e-26 5.4309e-17 ] 0.0000e+00 [ 0.0000e+00 ] 1.0000e+00
 4.828e+01 4.8281e-17 4.8281e-17 [ 7.0787e-120 3.7889e-83 7.1254e-26 4.8281e-17 ] 0.0000e+00 [ 0.0000e+00 ] 1.0000e+00
 4.839e+01 4.2911e-17 4.2911e-17 [ 2.8987e-120 1.8192e-83 5.8042e-26 4.2911e-17 ] 0.0000e+00 [ 0.0000e+00 ] 1.0000e+00
 4.851e+01 3.8128e-17 3.8128e-17 [ 1.1866e-120 8.7295e-84 4.7253e-26 3.8128e-17 ] 0.0000e+00 [ 0.0000e+00 ] 1.0000e+00
 4.862e+01 3.3871e-17 3.3871e-17 [ 4.8559e-121 4.1862e-84 3.8446e-26 3.3871e-17 ] 0.0000e+00 [ 0.0000e+00 ] 1.0000e+00
 4.873e+01 3.0081e-17 3.0081e-17 [ 1.9865e-121 2.0062e-84 3.1262e-26 3.0081e-17 ] 0.0000e+00 [ 0.0000e+00 ] 1.0000e+00
 4.885e+01 2.6708e-17 2.6708e-17 [ 8.1238e-122 9.6086e-85 2.5406e-26 2.6708e-17 ] 0.0000e+00 [ 0.0000e+00 ] 1.0000e+00
 4.896e+01 2.3708e-17 2.3708e-17 [ 3.3212e-122 4.5991e-85 2.0634e-26 2.3708e-17 ] 0.0000e+00 [ 0.0000e+00 ] 1.0000e+00
 4.907e+01 2.1040e-17 2.1040e-17 [ 1.3573e-122 2.2000e-85 1.6749e-26 2.1040e-17 ] 0.0000e+00 [ 0.0000e+00 ] 1.0000e+00
 4.919e+01 1.8667e-17 1.8667e-17 [ 5.5454e-123 1.0517e-85 1.3587e-26 1.8667e-17 ] 0.0000e+00 [ 0.0000e+00 ] 1.0000e+00
 4.930e+01 1.6558e-17 1.6558e-17 [ 2.2649e-123 5.0247e-86 1.1015e-26 1.6558e-17 ] 0.0000e+00 [ 0.0000e+00 ] 1.0000e+00
 4.941e+01 1.4684e-17 1.4684e-17 [ 9.2473e-124 2.3991e-86 8.9254e-27 1.4684e-17 ] 0.0000e+00 [ 0.0000e+00 ] 1.0000e+00
 4.953e+01 1.3019e-17 1.3019e-17 [ 3.7744e-124 1.1448e-86 7.2276e-27 1.3019e-17 ] 0.0000e+00 [ 0.0000e+00 ] 1.0000e+00
 4.964e+01 1.1539e-17 1.1539e-17 [ 1.5401e-124 5.4595e-87 5.8493e-27 1.1539e-17 ] 0.0000e+00 [ 0.0000e+00 ] 1.0000e+00
 4.975e+01 1.0226e-17 1.0226e-17 [ 6.2820e-125 2.6020e-87 4.7311e-27 1.0226e-17 ] 0.0000e+00 [ 0.0000e+00 ] 1.0000e+00
 4.987e+01 9.0594e-18 9.0594e-18 [ 2.5617e-125 1.2394e-87 3.8244e-27 9.0594e-18 ] 0.0000e+00 [ 0.0000e+00 ] 1.0000e+00
 4.998e+01 8.0242e-18 8.0242e-18 [ 1.0443e-125 5.8997e-88 3.0896e-27 8.0242e-18 ] 0.0000e+00 [ 0.0000e+00 ] 1.0000e+00
 5.009e+01 7.1057e-18 7.1057e-18 [ 4.2555e-126 2.8067e-88 2.4945e-27 7.1057e-18 ] 0.0000e+00 [ 0.0000e+00 ] 1.0000e+00
 5.021e+01 6.2907e-18 6.2907e-18 [ 1.7337e-126 1.3345e-88 2.0129e-27 6.2907e-18 ] 0.0000e+00 [ 0.0000e+00 ] 1.0000e+00
 5.032e+01 5.5679e-18 5.5679e-18 [ 7.0608e-127 6.3412e-89 1.6232e-27 5.5679e-18 ] 0.0000e+00 [ 0.0000e+00 ] 1.0000e+00
 5.043e+01 4.9270e-18 4.9270e-18 [ 2.8747e-127 3.0115e-89 1.3083e-27 4.9270e-18 ] 0.0000e+00 [ 0.0000e+00 ] 1.0000e+00
 5.055e+01 4.3589e-18 4.3589e-18 [ 1.1701e-127 1.4293e-89 1.0538e-27 4.3589e-18 ] 0.0000e+00 [ 0.0000e+00 ] 1.0000e+00
 5.066e+01 3.8553e-18 3.8553e-18 [ 4.7610e-128 6.7798e-90 8.4832e-28 3.8553e-18 ] 0.0000e+00 [ 0.0000e+00 ] 1.0000e+00
 5.077e+01 3.4092e-18 3.4092e-18 [ 1.9366e-128 3.2141e-90 6.8250e-28 3.4092e-18 ] 0.0000e+00 [ 0.0000e+00 ] 1.0000e+00
 5.089e+01 3.0139e-18 3.0139e-18 [ 7.8752e-129 1.5228e-90 5.4877e-28 3.0139e-18 ] 0.0000e+00 [ 0.0000e+00 ] 1.0000e+00
 5.100e+01 2.6639e-18 2.6639e-18 [ 3.2015e-129 7.2108e-91 4.4099e-28 2.6639e-18 ] 0.0000e+00 [ 0.0000e+00 ] 1.0000e+00
 5.111e+01 2.3540e-18 2.3540e-18 [ 1.3011e-129 3.4125e-91 3.5416e-28 2.3540e-18 ] 0.0000e+00 [ 0.0000e+00 ] 1.0000e+00
 5.123e+01 2.0797e-18 2.0797e-18 [ 5.2862e-130 1.6140e-91 2.8426e-28 2.0797e-18 ] 0.0000e+00 [ 0.0000e+00 ] 1.0000e+00
 5.134e+01 1.8369e-18 1.8369e-18 [ 2.1470e-130 7.6297e-92 2.2803e-28 1.8369e-18 ] 0.0000e+00 [ 0.0000e+00 ] 1.0000e+00
 5.145e+01 1.6221e-18 1.6221e-18 [ 8.7179e-131 3.6046e-92 1.8281e-28 1.6221e-18 ] 0.0000e+00 [ 0.0000e+00 ] 1.0000e+00
 5.157e+01 1.4320e-18 1.4320e-18 [ 3.5388e-131 1.7020e-92 1.4647e-28 1.4320e-18 ] 0.0000e+00 [ 0.0000e+00 ] 1.0000e+00
 5.168e+01 1.2640e-18 1.2640e-18 [ 1.4361e-131 8.0318e-93 1.1728e-28 1.2640e-18 ] 0.0000e+00 [ 0.0000e+00 ] 1.0000e+00
 5.179e+01 1.1154e-18 1.1154e-18 [ 5.8259e-132 3.7881e-93 9.3860e-29 1.1154e-18 ] 0.0000e+00 [ 0.0000e+00 ] 1.0000e+00
 5.191e+01 9.8410e-19 9.8410e-19 [ 2.3628e-132 1.7856e-93 7.5070e-29 9.8410e-19 ] 0.0000e+00 [ 0.0000e+00 ] 1.0000e+00
 5.202e+01 8.6804e-19 8.6804e-19 [ 9.5801e-133 8.4125e-94 6.0006e-29 8.6804e-19 ] 0.0000e+00 [ 0.0000e+00 ] 1.0000e+00
 5.213e+01 7.6550e-19 7.6550e-19 [ 3.8832e-133 3.9611e-94 4.7937e-29 7.6550e-19 ] 0.0000e+00 [ 0.0000e+00 ] 1.0000e+00
 5.225e+01 6.7492e-19 6.7492e-19 [ 1.5735e-133 1.8641e-94 3.8272e-29 6.7492e-19 ] 0.0000e+00 [ 0.0000e+00 ] 1.0000e+00
 5.236e+01 5.9493e-19 5.9493e-19 [ 6.3744e-134 8.7674e-95 3.0538e-29 5.9493e-19 ] 0.0000e+00 [ 0.0000e+00 ] 1.0000e+00
 5.247e+01 5.2431e-19 5.2431e-19 [ 2.5816e-134 4.1214e-95 2.4353e-29 5.2431e-19 ] 0.0000e+00 [ 0.0000e+00 ] 1.0000e+00
 5.259e+01 4.6197e-19 4.6197e-19 [ 1.0452e-134 1.9363e-95 1.9409e-29 4.6197e-19 ] 0.0000e+00 [ 0.0000e+00 ] 1.0000e+00
 5.270e+01 4.0695e-19 4.0695e-19 [ 4.2306e-135 9.0924e-96 1.5460e-29 4.0695e-19 ] 0.0000e+00 [ 0.0000e+00 ] 1.0000e+00
 5.281e+01 3.5841e-19 3.5841e-19 [ 1.7119e-135 4.2672e-96 1.2307e-29 3.5841e-19 ] 0.0000e+00 [ 0.0000e+00 ] 1.0000e+00
 5.293e+01 3.1560e-19 3.1560e-19 [ 6.9253e-136 2.0016e-96 9.7909e-30 3.1560e-19 ] 0.0000e+00 [ 0.0000e+00 ] 1.0000e+00
 5.304e+01 2.7783e-19 2.7783e-19 [ 2.8008e-136 9.3838e-97 7.7849e-30 2.7783e-19 ] 0.0000e+00 [ 0.0000e+00 ] 1.0000e+00
 5.315e+01 2.4454e-19 2.4454e-19 [ 1.1324e-136 4.3969e-97 6.1863e-30 2.4454e-19 ] 0.0000e+00 [ 0.0000e+00 ] 1.0000e+00
 5.327e+01 2.1519e-19 2.1519e-19 [ 4.5771e-137 2.0591e-97 4.9130e-30 2.1519e-19 ] 0.0000e+00 [ 0.0000e+00 ] 1.0000e+00
 5.338e+01 1.8932e-19 1.8932e-19 [ 1.8495e-137 9.6380e-98 3.8995e-30 1.8932e-19 ] 0.0000e+00 [ 0.0000e+00 ] 1.0000e+00
 5.349e+01 1.6653e-19 1.6653e-19 [ 7.4718e-138 4.5089e-98 3.0933e-30 1.6653e-19 ] 0.0000e+00 [ 0.0000e+00 ] 1.0000e+00
 5.361e+01 1.4645e-19 1.4645e-19 [ 3.0176e-138 2.1082e-98 2.4523e-30 1.4645e-19 ] 0.0000e+00 [ 0.0000e+00 ] 1.0000e+00
 5.372e+01 1.2876e-19 1.2876e-19 [ 1.2184e-138 9.8523e-99 1.9430e-30 1.2876e-19 ] 0.0000e+00 [ 0.0000e+00 ] 1.0000e+00
 5.383e+01 1.1319e-19 1.1319e-19 [ 4.9181e-139 4.6019e-99 1.5386e-30 1.1319e-19 ] 0.0000e+00 [ 0.0000e+00 ] 1.0000e+00
 5.395e+01 9.9482e-20 9.9482e-20 [ 1.9847e-139 2.1483e-99 1.2176e-30 9.9482e-20 ] 0.0000e+00 [ 0.0000e+00 ] 1.0000e+00
 5.406e+01 8.7415e-20 8.7415e-20 [ 8.0068e-140 1.0024e-99 9.6306e-31 8.7415e-20 ] 0.0000e+00 [ 0.0000e+00 ] 1.0000e+00
 5.417e+01 7.6797e-20 7.6797e-20 [ 3.2294e-140 4.6749e-100 7.6127e-31 7.6797e-20 ] 0.0000e+00 [ 0.0000e+00 ] 1.0000e+00
 5.429e+01 6.7455e-20 6.7455e-20 [ 1.3021e-140 2.1791e-100 6.0140e-31 6.7455e-20 ] 0.0000e+00 [ 0.0000e+00 ] 1.0000e+00
 5.440e+01 5.9237e-20 5.9237e-20 [ 5.2492e-141 1.0152e-100 4.7483e-31 5.9237e-20 ] 0.0000e+00 [ 0.0000e+00 ] 1.0000e+00
 5.451e+01 5.2011e-20 5.2011e-20 [ 2.1155e-141 4.7272e-101 3.7468e-31 5.2011e-20 ] 0.0000e+00 [ 0.0000e+00 ] 1.0000e+00
 5.463e+01 4.5656e-20 4.5656e-20 [ 8.5233e-142 2.2001e-101 2.9548e-31 4.5656e-20 ] 0.0000e+00 [ 0.0000e+00 ] 1.0000e+00
 5.474e+01 4.0071e-20 4.0071e-20 [ 3.4332e-142 1.0234e-101 2.3288e-31 4.0071e-20 ] 0.0000e+00 [ 0.0000e+00 ] 1.0000e+00
 5.485e+01 3.5161e-20 3.5161e-20 [ 1.3825e-142 4.7584e-102 1.8344e-31 3.5161e-20 ] 0.0000e+00 [ 0.0000e+00 ] 1.0000e+00
 5.497e+01 3.0848e-20 3.0848e-20 [ 5.5659e-143 2.2113e-102 1.4441e-31 3.0848e-20 ] 0.0000e+00 [ 0.0000e+00 ] 1.0000e+00
 5.508e+01 2.7058e-20 2.7058e-20 [ 2.2402e-143 1.0271e-102 1.1362e-31 2.7058e-20 ] 0.0000e+00 [ 0.0000e+00 ] 1.0000e+00
 5.519e+01 2.3729e-20 2.3729e-20 [ 9.0141e-144 4.7682e-103 8.9341e-32 2.3729e-20 ] 0.0000e+00 [ 0.0000e+00 ] 1.0000e+00
 5.531e+01 2.0806e-20 2.0806e-20 [ 3.6262e-144 2.2125e-103 7.0209e-32 2.0806e-20 ] 0.0000e+00 [ 0.0000e+00 ] 1.0000e+00
 5.542e+01 1.8239e-20 1.8239e-20 [ 1.4584e-144 1.0261e-103 5.5142e-32 1.8239e-20 ] 0.0000e+00 [ 0.0000e+00 ] 1.0000e+00
 5.553e+01 1.5986e-20 1.5986e-20 [ 5.8638e-145 4.7567e-104 4.3283e-32 1.5986e-20 ] 0.0000e+00 [ 0.0000e+00 ] 1.0000e+00
 5.565e+01 1.4009e-20 1.4009e-20 [ 2.3571e-145 2.2040e-104 3.3955e-32 1.4009e-20 ] 0.0000e+00 [ 0.0000e+00 ] 1.0000e+00
 5.576e+01 1.2274e-20 1.2274e-20 [ 9.4726e-146 1.0207e-104 2.6622e-32 1.2274e-20 ] 0.0000e+00 [ 0.0000e+00 ] 1.0000e+00
 5.587e+01 1.0752e-20 1.0752e-20 [ 3.8058e-146 4.7245e-105 2.0860e-32 1.0752e-20 ] 0.0000e+00 [ 0.0000e+00 ] 1.0000e+00
 5.599e+01 9.4167e-21 9.4167e-21 [ 1.5287e-146 2.1858e-105 1.6336e-32 9.4167e-21 ] 0.0000e+00 [ 0.0000e+00 ] 1.0000e+00
 5.610e+01 8.2459e-21 8.2459e-21 [ 6.1389e-147 1.0108e-105 1.2785e-32 8.2459e-21 ] 0.0000e+00 [ 0.0000e+00 ] 1.0000e+00
 5.621e+01 7.2193e-21 7.2193e-21 [ 2.4646e-147 4.6720e-106 1.0001e-32 7.2193e-21 ] 0.0000e+00 [ 0.0000e+00 ] 1.0000e+00
 5.633e+01 6.3193e-21 6.3193e-21 [ 9.8923e-148 2.1584e-106 7.8179e-33 6.3193e-21 ] 0.0000e+00 [ 0.0000e+00 ] 1.0000e+00
 5.644e+01 5.5306e-21 5.5306e-21 [ 3.9695e-148 9.9671e-107 6.1081e-33 5.5306e-21 ] 0.0000e+00 [ 0.0000e+00 ] 1.0000e+00
 5.655e+01 4.8394e-21 4.8394e-21 [ 1.5925e-148 4.6003e-107 4.7694e-33 4.8394e-21 ] 0.0000e+00 [ 0.0000e+00 ] 1.0000e+00
 5.667e+01 4.2338e-21 4.2338e-21 [ 6.3872e-149 2.1223e-107 3.7220e-33 4.2338e-21 ] 0.0000e+00 [ 0.0000e+00 ] 1.0000e+00
 5.678e+01 3.7034e-21 3.7034e-21 [ 2.5611e-149 9.7862e-108 2.9029e-33 3.7034e-21 ] 0.0000e+00 [ 0.0000e+00 ] 1.0000e+00
 5.689e+01 3.2388e-21 3.2388e-21 [ 1.0267e-149 4.5105e-108 2.2627e-33 3.2388e-21 ] 0.0000e+00 [ 0.0000e+00 ] 1.0000e+00
 5.701e+01 2.8320e-21 2.8320e-21 [ 4.1150e-150 2.0779e-108 1.7627e-33 2.8320e-21 ] 0.0000e+00 [ 0.0000e+00 ] 1.0000e+00
 5.712e+01 2.4759e-21 2.4759e-21 [ 1.6489e-150 9.5681e-109 1.3724e-33 2.4759e-21 ] 0.0000e+00 [ 0.0000e+00 ] 1.0000e+00
 5.723e+01 2.1641e-21 2.1641e-21 [ 6.6053e-151 4.4038e-109 1.0679e-33 2.1641e-21 ] 0.0000e+00 [ 0.0000e+00 ] 1.0000e+00
 5.735e+01 1.8913e-21 1.8913e-21 [ 2.6454e-151 2.0259e-109 8.3047e-34 1.8913e-21 ] 0.0000e+00 [ 0.0000e+00 ] 1.0000e+00
 5.746e+01 1.6526e-21 1.6526e-21 [ 1.0592e-151 9.3158e-110 6.4545e-34 1.6526e-21 ] 0.0000e+00 [ 0.0000e+00 ] 1.0000e+00
 5.757e+01 1.4438e-21 1.4438e-21 [ 4.2403e-152 4.2817e-110 5.0137e-34 1.4438e-21 ] 0.0000e+00 [ 0.0000e+00 ] 1.0000e+00
 5.769e+01 1.2611e-21 1.2611e-21 [ 1.6970e-152 1.9671e-110 3.8922e-34 1.2611e-21 ] 0.0000e+00 [ 0.0000e+00 ] 1.0000e+00
 5.780e+01 1.1014e-21 1.1014e-21 [ 6.7902e-153 9.0327e-111 3.0198e-34 1.1014e-21 ] 0.0000e+00 [ 0.0000e+00 ] 1.0000e+00
 5.791e+01 9.6173e-22 9.6173e-22 [ 2.7163e-153 4.1459e-111 2.3416e-34 9.6173e-22 ] 0.0000e+00 [ 0.0000e+00 ] 1.0000e+00
 5.803e+01 8.3962e-22 8.3962e-22 [ 1.0863e-153 1.9021e-111 1.8147e-34 8.3962e-22 ] 0.0000e+00 [ 0.0000e+00 ] 1.0000e+00
 5.814e+01 7.3290e-22 7.3290e-22 [ 4.3437e-154 8.7225e-112 1.4055e-34 7.3290e-22 ] 0.0000e+00 [ 0.0000e+00 ] 1.0000e+00
 5.825e+01 6.3963e-22 6.3963e-22 [ 1.7364e-154 3.9981e-112 1.0880e-34 6.3963e-22 ] 0.0000e+00 [ 0.0000e+00 ] 1.0000e+00
 5.837e+01 5.5814e-22 5.5814e-22 [ 6.9395e-155 1.8318e-112 8.4169e-35 5.5814e-22 ] 0.0000e+00 [ 0.0000e+00 ] 1.0000e+00
 5.848e+01 4.8695e-22 4.8695e-22 [ 2.7728e-155 8.3888e-113 6.5078e-35 4.8695e-22 ] 0.0000e+00 [ 0.0000e+00 ] 1.0000e+00
 5.859e+01 4.2476e-22 4.2476e-22 [ 1.1077e-155 3.8400e-113 5.0288e-35 4.2476e-22 ] 0.0000e+00 [ 0.0000e+00 ] 1.0000e+00
 5.871e+01 3.7046e-22 3.7046e-22 [ 4.4238e-156 1.7570e-113 3.8837e-35 3.7046e-22 ] 0.0000e+00 [ 0.0000e+00 ] 1.0000e+00
 5.882e+01 3.2305e-22 3.2305e-22 [ 1.7664e-156 8.0356e-114 2.9976e-35 3.2305e-22 ] 0.0000e+00 [ 0.0000e+00 ] 1.0000e+00
 5.893e+01 2.8165e-22 2.8165e-22 [ 7.0513e-157 3.6735e-114 2.3123e-35 2.8165e-22 ] 0.0000e+00 [ 0.0000e+00 ] 1.0000e+00
 5.905e+01 2.4552e-22 2.4552e-22 [ 2.8142e-157 1.6786e-114 1.7827e-35 2.4552e-22 ] 0.0000e+00 [ 0.0000e+00 ] 1.0000e+00
 5.916e+01 2.1399e-22 2.1399e-22 [ 1.1229e-157 7.6669e-115 1.3736e-35 2.1399e-22 ] 0.0000e+00 [ 0.0000e+00 ] 1.0000e+00
 5.927e+01 1.8648e-22 1.8648e-22 [ 4.4797e-158 3.5003e-115 1.0577e-35 1.8648e-22 ] 0.0000e+00 [ 0.0000e+00 ] 1.0000e+00
 5.939e+01 1.6248e-22 1.6248e-22 [ 1.7867e-158 1.5973e-115 8.1406e-36 1.6248e-22 ] 0.0000e+00 [ 0.0000e+00 ] 1.0000e+00
 5.950e+01 1.4154e-22 1.4154e-22 [ 7.1243e-159 7.2863e-116 6.2615e-36 1.4154e-22 ] 0.0000e+00 [ 0.0000e+00 ] 1.0000e+00
 5.961e+01 1.2328e-22 1.2328e-22 [ 2.8401e-159 3.3222e-116 4.8134e-36 1.2328e-22 ] 0.0000e+00 [ 0.0000e+00 ] 1.0000e+00
 5.973e+01 1.0736e-22 1.0736e-22 [ 1.1320e-159 1.5141e-116 3.6981e-36 1.0736e-22 ] 0.0000e+00 [ 0.0000e+00 ] 1.0000e+00
 5.984e+01 9.3481e-23 9.3481e-23 [ 4.5108e-160 6.8977e-117 2.8396e-36 9.3481e-23 ] 0.0000e+00 [ 0.0000e+00 ] 1.0000e+00
 5.995e+01 8.1382e-23 8.1382e-23 [ 1.7970e-160 3.1410e-117 2.1791e-36 8.1382e-23 ] 0.0000e+00 [ 0.0000e+00 ] 1.0000e+00
 6.007e+01 7.0837e-23 7.0837e-23 [ 7.1577e-161 1.4297e-117 1.6713e-36 7.0837e-23 ] 0.0000e+00 [ 0.0000e+00 ] 1.0000e+00
 6.018e+01 6.1649e-23 6.1649e-23 [ 2.8503e-161 6.5047e-118 1.2811e-36 6.1649e-23 ] 0.0000e+00 [ 0.0000e+00 ] 1.0000e+00
 6.029e+01 5.3644e-23 5.3644e-23 [ 1.1348e-161 2.9582e-118 9.8144e-37 5.3644e-23 ] 0.0000e+00 [ 0.0000e+00 ] 1.0000e+00
 6.041e+01 4.6670e-23 4.6670e-23 [ 4.5168e-162 1.3448e-118 7.5143e-37 4.6670e-23 ] 0.0000e+00 [ 0.0000e+00 ] 1.0000e+00
 6.052e+01 4.0597e-23 4.0597e-23 [ 1.7975e-162 6.1106e-119 5.7500e-37 4.0597e-23 ] 0.0000e+00 [ 0.0000e+00 ] 1.0000e+00
 6.063e+01 3.5308e-23 3.5308e-23 [ 7.1514e-163 2.7755e-119 4.3974e-37 3.5308e-23 ] 0.0000e+00 [ 0.0000e+00 ] 1.0000e+00
 6.075e+01 3.0703e-23 3.0703e-23 [ 2.8446e-163 1.2601e-119 3.3611e-37 3.0703e-23 ] 0.0000e+00 [ 0.0000e+00 ] 1.0000e+00
 6.086e+01 2.6694e-23 2.6694e-23 [ 1.1313e-163 5.7187e-120 2.5675e-37 2.6694e-23 ] 0.0000e+00 [ 0.0000e+00 ] 1.0000e+00
 6.097e+01 2.3205e-23 2.3205e-23 [ 4.4980e-164 2.5942e-120 1.9601e-37 2.3205e-23 ] 0.0000e+00 [ 0.0000e+00 ] 1.0000e+00
 6.109e+01 2.0169e-23 2.0169e-23 [ 1.7880e-164 1.1763e-120 1.4956e-37 2.0169e-23 ] 0.0000e+00 [ 0.0000e+00 ] 1.0000e+00
 6.120e+01 1.7527e-23 1.7527e-23 [ 7.1060e-165 5.3318e-121 1.1405e-37 1.7527e-23 ] 0.0000e+00 [ 0.0000e+00 ] 1.0000e+00
 6.131e+01 1.5228e-23 1.5228e-23 [ 2.8235e-165 2.4157e-121 8.6924e-38 1.5228e-23 ] 0.0000e+00 [ 0.0000e+00 ] 1.0000e+00
 6.143e+01 1.3229e-23 1.3229e-23 [ 1.1216e-165 1.0940e-121 6.6210e-38 1.3229e-23 ] 0.0000e+00 [ 0.0000e+00 ] 1.0000e+00
 6.154e+01 1.1490e-23 1.1490e-23 [ 4.4548e-166 4.9526e-122 5.0404e-38 1.1490e-23 ] 0.0000e+00 [ 0.0000e+00 ] 1.0000e+00
 6.165e+01 9.9788e-24 9.9788e-24 [ 1.7689e-166 2.2411e-122 3.8349e-38 9.9788e-24 ] 0.0000e+00 [ 0.0000e+00 ] 1.0000e+00
 6.177e+01 8.6645e-24 8.6645e-24 [ 7.0224e-167 1.0137e-122 2.9160e-38 8.6645e-24 ] 0.0000e+00 [ 0.0000e+00 ] 1.0000e+00
 6.188e+01 7.5220e-24 7.5220e-24 [ 2.7872e-167 4.5833e-123 2.2161e-38 7.5220e-24 ] 0.0000e+00 [ 0.0000e+00 ] 1.0000e+00
 6.199e+01 6.5292e-24 6.5292e-24 [ 1.1060e-167 2.0714e-123 1.6832e-38 6.5292e-24 ] 0.0000e+00 [ 0.0000e+00 ] 1.0000e+00
 6.211e+01 5.6664e-24 5.6664e-24 [ 4.3880e-168 9.3579e-124 1.2777e-38 5.6664e-24 ] 0.0000e+00 [ 0.0000e+00 ] 1.0000e+00
 6.222e+01 4.9168e-24 4.9168e-24 [ 1.7405e-168 4.2259e-124 9.6932e-39 4.9168e-24 ] 0.0000e+00 [ 0.0000e+00 ] 1.0000e+00
 6.233e+01 4.2657e-24 4.2657e-24 [ 6.9021e-169 1.9075e-124 7.3496e-39 4.2657e-24 ] 0.0000e+00 [ 0.0000e+00 ] 1.0000e+00
 6.245e+01 3.7001e-24 3.7001e-24 [ 2.7365e-169 8.6071e-125 5.5695e-39 3.7001e-24 ] 0.0000e+00 [ 0.0000e+00 ] 1.0000e+00
 6.256e+01 3.2090e-24 3.2090e-24 [ 1.0847e-169 3.8821e-125 4.2181e-39 3.2090e-24 ] 0.0000e+00 [ 0.0000e+00 ] 1.0000e+00
 6.267e+01 2.7827e-24 2.7827e-24 [ 4.2988e-170 1.7502e-125 3.1928e-39 2.7827e-24 ] 0.0000e+00 [ 0.0000e+00 ] 1.0000e+00
 6.279e+01 2.4125e-24 2.4125e-24 [ 1.7033e-170 7.8877e-126 2.4153e-39 2.4125e-24 ] 0.0000e+00 [ 0.0000e+00 ] 1.0000e+00
 6.290e+01 2.0913e-24 2.0913e-24 [ 6.7472e-171 3.5533e-126 1.8261e-39 2.0913e-24 ] 0.0000e+00 [ 0.0000e+00 ] 1.0000e+00
 6.301e+01 1.8125e-24 1.8125e-24 [ 2.6722e-171 1.6001e-126 1.3799e-39 1.8125e-24 ] 0.0000e+00 [ 0.0000e+00 ] 1.0000e+00
 6.313e+01 1.5706e-24 1.5706e-24 [ 1.0581e-171 7.2022e-127 1.0421e-39 1.5706e-24 ] 0.0000e+00 [ 0.0000e+00 ] 1.0000e+00
 6.324e+01 1.3607e-24 1.3607e-24 [ 4.1887e-172 3.2406e-127 7.8653e-40 1.3607e-24 ] 0.0000e+00 [ 0.0000e+00 ] 1.0000e+00
 6.335e+01 1.1787e-24 1.1787e-24 [ 1.6578e-172 1.4575e-127 5.9330e-40 1.1787e-24 ] 0.0000e+00 [ 0.0000e+00 ] 1.0000e+00
 6.347e+01 1.0209e-24 1.0209e-24 [ 6.5600e-173 6.5525e-128 4.4729e-40 1.0209e-24 ] 0.0000e+00 [ 0.0000e+00 ] 1.0000e+00
 6.358e+01 8.8403e-25 8.8403e-25 [ 2.5952e-173 2.9447e-128 3.3702e-40 8.8403e-25 ] 0.0000e+00 [ 0.0000e+00 ] 1.0000e+00
 6.369e+01 7.6538e-25 7.6538e-25 [ 1.0265e-173 1.3228e-128 2.5379e-40 7.6538e-25 ] 0.0000e+00 [ 0.0000e+00 ] 1.0000e+00
 6.381e+01 6.6254e-25 6.6254e-25 [ 4.0591e-174 5.9399e-129 1.9101e-40 6.6254e-25 ] 0.0000e+00 [ 0.0000e+00 ] 1.0000e+00
 6.392e+01 5.7342e-25 5.7342e-25 [ 1.6048e-174 2.6662e-129 1.4367e-40 5.7342e-25 ] 0.0000e+00 [ 0.0000e+00 ] 1.0000e+00
 6.403e+01 4.9620e-25 4.9620e-25 [ 6.3432e-175 1.1963e-129 1.0801e-40 4.9620e-25 ] 0.0000e+00 [ 0.0000e+00 ] 1.0000e+00
 6.415e+01 4.2930e-25 4.2930e-25 [ 2.5067e-175 5.3652e-130 8.1147e-41 4.2930e-25 ] 0.0000e+00 [ 0.0000e+00 ] 1.0000e+00
 6.426e+01 3.7135e-25 3.7135e-25 [ 9.9037e-176 2.4053e-130 6.0933e-41 3.7135e-25 ] 0.0000e+00 [ 0.0000e+00 ] 1.0000e+00
 6.437e+01 3.2117e-25 3.2117e-25 [ 3.9120e-176 1.0779e-130 4.5728e-41 3.2117e-25 ] 0.0000e+00 [ 0.0000e+00 ] 1.0000e+00
 6.449e+01 2.7772e-25 2.7772e-25 [ 1.5449e-176 4.8287e-131 3.4297e-41 2.7772e-25 ] 0.0000e+00 [ 0.0000e+00 ] 1.0000e+00
 6.460e+01 2.4010e-25 2.4010e-25 [ 6.0997e-177 2.1622e-131 2.5709e-41 2.4010e-25 ] 0.0000e+00 [ 0.0000e+00 ] 1.0000e+00
 6.471e+01 2.0755e-25 2.0755e-25 [ 2.4078e-177 9.6781e-132 1.9261e-41 2.0755e-25 ] 0.0000e+00 [ 0.0000e+00 ] 1.0000e+00
 6.483e+01 1.7937e-25 1.7937e-25 [ 9.5025e-178 4.3303e-132 1.4421e-41 1.7937e-25 ] 0.0000e+00 [ 0.0000e+00 ] 1.0000e+00
 6.494e+01 1.5499e-25 1.5499e-25 [ 3.7493e-178 1.9367e-132 1.0792e-41 1.5499e-25 ] 0.0000e+00 [ 0.0000e+00 ] 1.0000e+00
 6.505e+01 1.3390e-25 1.3390e-25 [ 1.4790e-178 8.6583e-133 8.0708e-42 1.3390e-25 ] 0.0000e+00 [ 0.0000e+00 ] 1.0000e+00
 6.517e+01 1.1566e-25 1.1566e-25 [ 5.8330e-179 3.8693e-133 6.0325e-42 1.1566e-25 ] 0.0000e+00 [ 0.0000e+00 ] 1.0000e+00
 6.528e+01 9.9880e-26 9.9880e-26 [ 2.2999e-179 1.7285e-133 4.5064e-42 9.9880e-26 ] 0.0000e+00 [ 0.0000e+00 ] 1.0000e+00
 6.539e+01 8.6240e-26 8.6240e-26 [ 9.0663e-180 7.7181e-134 3.3644e-42 8.6240e-26 ] 0.0000e+00 [ 0.0000e+00 ] 1.0000e+00
 6.551e+01 7.4448e-26 7.4448e-26 [ 3.5732e-180 3.4450e-134 2.5104e-42 7.4448e-26 ] 0.0000e+00 [ 0.0000e+00 ] 1.0000e+00
 6.562e+01 6.4257e-26 6.4257e-26 [ 1.4079e-180 1.5371e-134 1.8721e-42 6.4257e-26 ] 0.0000e+00 [ 0.0000e+00 ] 1.0000e+00
 6.573e+01 5.5450e-26 5.5450e-26 [ 5.5462e-181 6.8552e-135 1.3953e-42 5.5450e-26 ] 0.0000e+00 [ 0.0000e+00 ] 1.0000e+00
 6.585e+01 4.7841e-26 4.7841e-26 [ 2.1843e-181 3.0562e-135 1.0393e-42 4.7841e-26 ] 0.0000e+00 [ 0.0000e+00 ] 1.0000e+00
 6.596e+01 4.1268e-26 4.1268e-26 [ 8.6007e-182 1.3619e-135 7.7367e-43 4.1268e-26 ] 0.0000e+00 [ 0.0000e+00 ] 1.0000e+00
 6.607e+01 3.5592e-26 3.5592e-26 [ 3.3857e-182 6.0668e-136 5.7561e-43 3.5592e-26 ] 0.0000e+00 [ 0.0000e+00 ] 1.0000e+00
 6.619e+01 3.0690e-26 3.0690e-26 [ 1.3325e-182 2.7014e-136 4.2801e-43 3.0690e-26 ] 0.0000e+00 [ 0.0000e+00 ] 1.0000e+00
 6.630e+01 2.6458e-26 2.6458e-26 [ 5.2430e-183 1.2024e-136 3.1807e-43 2.6458e-26 ] 0.0000e+00 [ 0.0000e+00 ] 1.0000e+00
 6.641e+01 2.2805e-26 2.2805e-26 [ 2.0624e-183 5.3496e-137 2.3623e-43 2.2805e-26 ] 0.0000e+00 [ 0.0000e+00 ] 1.0000e+00
 6.653e+01 1.9653e-26 1.9653e-26 [ 8.1112e-184 2.3791e-137 1.7534e-43 1.9653e-26 ] 0.0000e+00 [ 0.0000e+00 ] 1.0000e+00
 6.664e+01 1.6933e-26 1.6933e-26 [ 3.1892e-184 1.0576e-137 1.3008e-43 1.6933e-26 ] 0.0000e+00 [ 0.0000e+00 ] 1.0000e+00
 6.675e+01 1.4586e-26 1.4586e-26 [ 1.2537e-184 4.6999e-138 9.6437e-44 1.4586e-26 ] 0.0000e+00 [ 0.0000e+00 ] 1.0000e+00
 6.687e+01 1.2562e-26 1.2562e-26 [ 4.9268e-185 2.0876e-138 7.1456e-44 1.2562e-26 ] 0.0000e+00 [ 0.0000e+00 ] 1.0000e+00
 6.698e+01 1.0817e-26 1.0817e-26 [ 1.9357e-185 9.2693e-139 5.2914e-44 1.0817e-26 ] 0.0000e+00 [ 0.0000e+00 ] 1.0000e+00
 6.709e+01 9.3126e-27 9.3126e-27 [ 7.6036e-186 4.1139e-139 3.9161e-44 9.3126e-27 ] 0.0000e+00 [ 0.0000e+00 ] 1.0000e+00
 6.721e+01 8.0156e-27 8.0156e-27 [ 2.9860e-186 1.8251e-139 2.8965e-44 8.0156e-27 ] 0.0000e+00 [ 0.0000e+00 ] 1.0000e+00
 6.732e+01 6.8978e-27 6.8978e-27 [ 1.1723e-186 8.0936e-140 2.1411e-44 6.8978e-27 ] 0.0000e+00 [ 0.0000e+00 ] 1.0000e+00
 6.743e+01 5.9347e-27 5.9347e-27 [ 4.6013e-187 3.5877e-140 1.5818e-44 5.9347e-27 ] 0.0000e+00 [ 0.0000e+00 ] 1.0000e+00
 6.755e+01 5.1050e-27 5.1050e-27 [ 1.8056e-187 1.5897e-140 1.1678e-44 5.1050e-27 ] 0.0000e+00 [ 0.0000e+00 ] 1.0000e+00
 6.766e+01 4.3904e-27 4.3904e-27 [ 7.0834e-188 7.0408e-141 8.6172e-45 4.3904e-27 ] 0.0000e+00 [ 0.0000e+00 ] 1.0000e+00
 6.777e+01 3.7750e-27 3.7750e-27 [ 2.7781e-188 3.1171e-141 6.3546e-45 3.7750e-27 ] 0.0000e+00 [ 0.0000e+00 ] 1.0000e+00
 6.789e+01 3.2452e-27 3.2452e-27 [ 1.0893e-188 1.3794e-141 4.6832e-45 3.2452e-27 ] 0.0000e+00 [ 0.0000e+00 ] 1.0000e+00
 6.800e+01 2.7891e-27 2.7891e-27 [ 4.2701e-189 6.1018e-142 3.4494e-45 2.7891e-27 ] 0.0000e+00 [ 0.0000e+00 ] 1.0000e+00
 6.811e+01 2.3967e-27 2.3967e-27 [ 1.6734e-189 2.6980e-142 2.5390e-45 2.3967e-27 ] 0.0000e+00 [ 0.0000e+00 ] 1.0000e+00
 6.823e+01 2.0590e-27 2.0590e-27 [ 6.5563e-190 1.1924e-142 1.8678e-45 2.0590e-27 ] 0.0000e+00 [ 0.0000e+00 ] 1.0000e+00
 6.834e+01 1.7685e-27 1.7685e-27 [ 2.5680e-190 5.2680e-143 1.3732e-45 1.7685e-27 ] 0.0000e+00 [ 0.0000e+00 ] 1.0000e+00
 6.845e+01 1.5187e-27 1.5187e-27 [ 1.0056e-190 2.3263e-143 1.0089e-45 1.5187e-27 ] 0.0000e+00 [ 0.0000e+00 ] 1.0000e+00
 6.857e+01 1.3039e-27 1.3039e-27 [ 3.9365e-191 1.0268e-143 7.4082e-46 1.3039e-27 ] 0.0000e+00 [ 0.0000e+00 ] 1.0000e+00
 6.868e+01 1.1192e-27 1.1192e-27 [ 1.5406e-191 4.5305e-144 5.4362e-46 1.1192e-27 ] 0.0000e+00 [ 0.0000e+00 ] 1.0000e+00
 6.879e+01 9.6048e-28 9.6048e-28 [ 6.0277e-192 1.9980e-144 3.9867e-46 9.6048e-28 ] 0.0000e+00 [ 0.0000e+00 ] 1.0000e+00
 6.891e+01 8.2408e-28 8.2408e-28 [ 2.3577e-192 8.8079e-145 2.9218e-46 8.2408e-28 ] 0.0000e+00 [ 0.0000e+00 ] 1.0000e+00
 6.902e+01 7.0690e-28 7.0690e-28 [ 9.2194e-193 3.8811e-145 2.1400e-46 7.0690e-28 ] 0.0000e+00 [ 0.0000e+00 ] 1.0000e+00
 6.913e+01 6.0624e-28 6.0624e-28 [ 3.6040e-193 1.7094e-145 1.5664e-46 6.0624e-28 ] 0.0000e+00 [ 0.0000e+00 ] 1.0000e+00
 6.925e+01 5.1981e-28 5.1981e-28 [ 1.4085e-193 7.5253e-146 1.1458e-46 5.1981e-28 ] 0.0000e+00 [ 0.0000e+00 ] 1.0000e+00
 6.936e+01 4.4559e-28 4.4559e-28 [ 5.5028e-194 3.3115e-146 8.3765e-47 4.4559e-28 ] 0.0000e+00 [ 0.0000e+00 ] 1.0000e+00
 6.947e+01 3.8189e-28 3.8189e-28 [ 2.1493e-194 1.4566e-146 6.1195e-47 3.8189e-28 ] 0.0000e+00 [ 0.0000e+00 ] 1.0000e+00
 6.959e+01 3.2722e-28 3.2722e-28 [ 8.3920e-195 6.4037e-147 4.4677e-47 3.2722e-28 ] 0.0000e+00 [ 0.0000e+00 ] 1.0000e+00
 6.970e+01 2.8031e-28 2.8031e-28 [ 3.2758e-195 2.8141e-147 3.2596e-47 2.8031e-28 ] 0.0000e+00 [ 0.0000e+00 ] 1.0000e+00
 6.981e+01 2.4008e-28 2.4008e-28 [ 1.2783e-195 1.2361e-147 2.3767e-47 2.4008e-28 ] 0.0000e+00 [ 0.0000e+00 ] 1.0000e+00
 6.993e+01 2.0557e-28 2.0557e-28 [ 4.9865e-196 5.4270e-148 1.7317e-47 2.0557e-28 ] 0.0000e+00 [ 0.0000e+00 ] 1.0000e+00
 7.004e+01 1.7598e-28 1.7598e-28 [ 1.9446e-196 2.3816e-148 1.2610e-47 1.7598e-28 ] 0.0000e+00 [ 0.0000e+00 ] 1.0000e+00
 7.015e+01 1.5062e-28 1.5062e-28 [ 7.5813e-197 1.0446e-148 9.1754e-48 1.5062e-28 ] 0.0000e+00 [ 0.0000e+00 ] 1.0000e+00
 7.027e+01 1.2888e-28 1.2888e-28 [ 2.9547e-197 4.5800e-149 6.6721e-48 1.2888e-28 ] 0.0000e+00 [ 0.0000e+00 ] 1.0000e+00
 7.038e+01 1.1025e-28 1.1025e-28 [ 1.1512e-197 2.0071e-149 4.8484e-48 1.1025e-28 ] 0.0000e+00 [ 0.0000e+00 ] 1.0000e+00
 7.049e+01 9.4295e-29 9.4295e-29 [ 4.4835e-198 8.7912e-150 3.5207e-48 9.4295e-29 ] 0.0000e+00 [ 0.0000e+00 ] 1.0000e+00
 7.061e+01 8.0630e-29 8.0630e-29 [ 1.7456e-198 3.8488e-150 2.5549e-48 8.0630e-29 ] 0.0000e+00 [ 0.0000e+00 ] 1.0000e+00
 7.072e+01 6.8928e-29 6.8928e-29 [ 6.7943e-199 1.6842e-150 1.8527e-48 6.8928e-29 ] 0.0000e+00 [ 0.0000e+00 ] 1.0000e+00
 7.083e+01 5.8911e-29 5.8911e-29 [ 2.6435e-199 7.3662e-151 1.3426e-48 5.8911e-29 ] 0.0000e+00 [ 0.0000e+00 ] 1.0000e+00
 7.095e+01 5.0338e-29 5.0338e-29 [ 1.0282e-199 3.2202e-151 9.7219e-49 5.0338e-29 ] 0.0000e+00 [ 0.0000e+00 ] 1.0000e+00
 7.106e+01 4.3002e-29 4.3002e-29 [ 3.9978e-200 1.4070e-151 7.0349e-49 4.3002e-29 ] 0.0000e+00 [ 0.0000e+00 ] 1.0000e+00
 7.117e+01 3.6727e-29 3.6727e-29 [ 1.5538e-200 6.1448e-152 5.0868e-49 3.6727e-29 ] 0.0000e+00 [ 0.0000e+00 ] 1.0000e+00
 7.129e+01 3.1360e-29 3.1360e-29 [ 6.0372e-201 2.6822e-152 3.6756e-49 3.1360e-29 ] 0.0000e+00 [ 0.0000e+00 ] 1.0000e+00
 7.140e+01 2.6771e-29 2.6771e-29 [ 2.3448e-201 1.1702e-152 2.6539e-49 2.6771e-29 ] 0.0000e+00 [ 0.0000e+00 ] 1.0000e+00
 7.151e+01 2.2848e-29 2.2848e-29 [ 9.1038e-202 5.1025e-153 1.9147e-49 2.2848e-29 ] 0.0000e+00 [ 0.0000e+00 ] 1.0000e+00
 7.163e+01 1.9495e-29 1.9495e-29 [ 3.5332e-202 2.2238e-153 1.3804e-49 1.9495e-29 ] 0.0000e+00 [ 0.0000e+00 ] 1.0000e+00
 7.174e+01 1.6630e-29 1.6630e-29 [ 1.3707e-202 9.6867e-154 9.9448e-50 1.6630e-29 ] 0.0000e+00 [ 0.0000e+00 ] 1.0000e+00
 7.185e+01 1.4183e-29 1.4183e-29 [ 5.3157e-203 4.2172e-154 7.1588e-50 1.4183e-29 ] 0.0000e+00 [ 0.0000e+00 ] 1.0000e+00
 7.197e+01 1.2093e-29 1.2093e-29 [ 2.0607e-203 1.8350e-154 5.1493e-50 1.2093e-29 ] 0.0000e+00 [ 0.0000e+00 ] 1.0000e+00
 7.208e+01 1.0308e-29 1.0308e-29 [ 7.9850e-204 7.9802e-155 3.7010e-50 1.0308e-29 ] 0.0000e+00 [ 0.0000e+00 ] 1.0000e+00
 7.219e+01 8.7847e-30 8.7847e-30 [ 3.0929e-204 3.4686e-155 2.6579e-50 8.7847e-30 ] 0.0000e+00 [ 0.0000e+00 ] 1.0000e+00
 7.231e+01 7.4846e-30 7.4846e-30 [ 1.1975e-204 1.5068e-155 1.9073e-50 7.4846e-30 ] 0.0000e+00 [ 0.0000e+00 ] 1.0000e+00
 7.242e+01 6.3754e-30 6.3754e-30 [ 4.6345e-205 6.5418e-156 1.3676e-50 6.3754e-30 ] 0.0000e+00 [ 0.0000e+00 ] 1.0000e+00
 7.253e+01 5.4292e-30 5.4292e-30 [ 1.7929e-205 2.8386e-156 9.7975e-51 5.4292e-30 ] 0.0000e+00 [ 0.0000e+00 ] 1.0000e+00
 7.265e+01 4.6223e-30 4.6223e-30 [ 6.9327e-206 1.2310e-156 7.0133e-51 4.6223e-30 ] 0.0000e+00 [ 0.0000e+00 ] 1.0000e+00
 7.276e+01 3.9343e-30 3.9343e-30 [ 2.6795e-206 5.3351e-157 5.0162e-51 3.9343e-30 ] 0.0000e+00 [ 0.0000e+00 ] 1.0000e+00
 7.287e+01 3.3479e-30 3.3479e-30 [ 1.0352e-206 2.3109e-157 3.5847e-51 3.3479e-30 ] 0.0000e+00 [ 0.0000e+00 ] 1.0000e+00
 7.299e+01 2.8482e-30 2.8482e-30 [ 3.9975e-207 1.0004e-157 2.5595e-51 2.8482e-30 ] 0.0000e+00 [ 0.0000e+00 ] 1.0000e+00
 7.310e+01 2.4225e-30 2.4225e-30 [ 1.5429e-207 4.3277e-158 1.8259e-51 2.4225e-30 ] 0.0000e+00 [ 0.0000e+00 ] 1.0000e+00
 7.321e+01 2.0599e-30 2.0599e-30 [ 5.9524e-208 1.8711e-158 1.3014e-51 2.0599e-30 ] 0.0000e+00 [ 0.0000e+00 ] 1.0000e+00
 7.333e+01 1.7511e-30 1.7511e-30 [ 2.2952e-208 8.0846e-159 9.2679e-52 1.7511e-30 ] 0.0000e+00 [ 0.0000e+00 ] 1.0000e+00
 7.344e+01 1.4883e-30 1.4883e-30 [ 8.8459e-209 3.4909e-159 6.5939e-52 1.4883e-30 ] 0.0000e+00 [ 0.0000e+00 ] 1.0000e+00
 7.355e+01 1.2645e-30 1.2645e-30 [ 3.4075e-209 1.5064e-159 4.6871e-52 1.2645e-30 ] 0.0000e+00 [ 0.0000e+00 ] 1.0000e+00
 7.367e+01 1.0742e-30 1.0742e-30 [ 1.3119e-209 6.4960e-160 3.3286e-52 1.0742e-30 ] 0.0000e+00 [ 0.0000e+00 ] 1.0000e+00
 7.378e+01 9.1222e-31 9.1222e-31 [ 5.0482e-210 2.7994e-160 2.3616e-52 9.1222e-31 ] 0.0000e+00 [ 0.0000e+00 ] 1.0000e+00
 7.389e+01 7.7449e-31 7.7449e-31 [ 1.9415e-210 1.2055e-160 1.6739e-52 7.7449e-31 ] 0.0000e+00 [ 0.0000e+00 ] 1.0000e+00
 7.401e+01 6.5739e-31 6.5739e-31 [ 7.4625e-211 5.1879e-161 1.1853e-52 6.5739e-31 ] 0.0000e+00 [ 0.0000e+00 ] 1.0000e+00
 7.412e+01 5.5785e-31 5.5785e-31 [ 2.8667e-211 2.2309e-161 8.3846e-53 5.5785e-31 ] 0.0000e+00 [ 0.0000e+00 ] 1.0000e+00
 7.423e+01 4.7326e-31 4.7326e-31 [ 1.1006e-211 9.5867e-162 5.9252e-53 4.7326e-31 ] 0.0000e+00 [ 0.0000e+00 ] 1.0000e+00
 7.435e+01 4.0139e-31 4.0139e-31 [ 4.2228e-212 4.1165e-162 4.1829e-53 4.0139e-31 ] 0.0000e+00 [ 0.0000e+00 ] 1.0000e+00
 7.446e+01 3.4035e-31 3.4035e-31 [ 1.6192e-212 1.7662e-162 2.9499e-53 3.4035e-31 ] 0.0000e+00 [ 0.0000e+00 ] 1.0000e+00
 7.457e+01 2.8851e-31 2.8851e-31 [ 6.2048e-213 7.5724e-163 2.0780e-53 2.8851e-31 ] 0.0000e+00 [ 0.0000e+00 ] 1.0000e+00
 7.469e+01 2.4450e-31 2.4450e-31 [ 2.3761e-213 3.2439e-163 1.4623e-53 2.4450e-31 ] 0.0000e+00 [ 0.0000e+00 ] 1.0000e+00
 7.480e+01 2.0715e-31 2.0715e-31 [ 9.0929e-214 1.3885e-163 1.0278e-53 2.0715e-31 ] 0.0000e+00 [ 0.0000e+00 ] 1.0000e+00
 7.491e+01 1.7546e-31 1.7546e-31 [ 3.4772e-214 5.9383e-164 7.2165e-54 1.7546e-31 ] 0.0000e+00 [ 0.0000e+00 ] 1.0000e+00
 7.503e+01 1.4858e-31 1.4858e-31 [ 1.3288e-214 2.5375e-164 5.0608e-54 1.4858e-31 ] 0.0000e+00 [ 0.0000e+00 ] 1.0000e+00
 7.514e+01 1.2578e-31 1.2578e-31 [ 5.0739e-215 1.0833e-164 3.5448e-54 1.2578e-31 ] 0.0000e+00 [ 0.0000e+00 ] 1.0000e+00
 7.525e+01 1.0645e-31 1.0645e-31 [ 1.9359e-215 4.6207e-165 2.4800e-54 1.0645e-31 ] 0.0000e+00 [ 0.0000e+00 ] 1.0000e+00
 7.537e+01 9.0062e-32 9.0062e-32 [ 7.3805e-216 1.9690e-165 1.7328e-54 9.0062e-32 ] 0.0000e+00 [ 0.0000e+00 ] 1.0000e+00
 7.548e+01 7.6177e-32 7.6177e-32 [ 2.8114e-216 8.3824e-166 1.2092e-54 7.6177e-32 ] 0.0000e+00 [ 0.0000e+00 ] 1.0000e+00
 7.559e+01 6.4414e-32 6.4414e-32 [ 1.0700e-216 3.5649e-166 8.4269e-55 6.4414e-32 ] 0.0000e+00 [ 0.0000e+00 ] 1.0000e+00
 7.571e+01 5.4450e-32 5.4450e-32 [ 4.0685e-217 1.5145e-166 5.8648e-55 5.4450e-32 ] 0.0000e+00 [ 0.0000e+00 ] 1.0000e+00
 7.582e+01 4.6014e-32 4.6014e-32 [ 1.5455e-217 6.4274e-167 4.0760e-55 4.6014e-32 ] 0.0000e+00 [ 0.0000e+00 ] 1.0000e+00
 7.593e+01 3.8872e-32 3.8872e-32 [ 5.8654e-218 2.7246e-167 2.8287e-55 3.8872e-32 ] 0.0000e+00 [ 0.0000e+00 ] 1.0000e+00
 7.605e+01 3.2828e-32 3.2828e-32 [ 2.2237e-218 1.1536e-167 1.9602e-55 3.2828e-32 ] 0.0000e+00 [ 0.0000e+00 ] 1.0000e+00
 7.616e+01 2.7715e-32 2.7715e-32 [ 8.4212e-219 4.8787e-168 1.3562e-55 2.7715e-32 ] 0.0000e+00 [ 0.0000e+00 ] 1.0000e+00
 7.627e+01 2.3389e-32 2.3389e-32 [ 3.1855e-219 2.0606e-168 9.3689e-56 2.3389e-32 ] 0.0000e+00 [ 0.0000e+00 ] 1.0000e+00
 7.639e+01 1.9731e-32 1.9731e-32 [ 1.2036e-219 8.6917e-169 6.4613e-56 1.9731e-32 ] 0.0000e+00 [ 0.0000e+00 ] 1.0000e+00
 7.650e+01 1.6639e-32 1.6639e-32 [ 4.5417e-220 3.6611e-169 4.4484e-56 1.6639e-32 ] 0.0000e+00 [ 0.0000e+00 ] 1.0000e+00
 7.661e+01 1.4025e-32 1.4025e-32 [ 1.7115e-220 1.5399e-169 3.0571e-56 1.4025e-32 ] 0.0000e+00 [ 0.0000e+00 ] 1.0000e+00
 7.673e+01 1.1817e-32 1.1817e-32 [ 6.4407e-221 6.4667e-170 2.0971e-56 1.1817e-32 ] 0.0000e+00 [ 0.0000e+00 ] 1.0000e+00
 7.684e+01 9.9511e-33 9.9511e-33 [ 2.4201e-221 2.7113e-170 1.4357e-56 9.9511e-33 ] 0.0000e+00 [ 0.0000e+00 ] 1.0000e+00
 7.695e+01 8.3755e-33 8.3755e-33 [ 9.0793e-222 1.1348e-170 9.8087e-57 8.3755e-33 ] 0.0000e+00 [ 0.0000e+00 ] 1.0000e+00
 7.707e+01 7.0452e-33 7.0452e-33 [ 3.4004e-222 4.7410e-171 6.6869e-57 7.0452e-33 ] 0.0000e+00 [ 0.0000e+00 ] 1.0000e+00
 7.718e+01 5.9223e-33 5.9223e-33 [ 1.2712e-222 1.9769e-171 4.5482e-57 5.9223e-33 ] 0.0000e+00 [ 0.0000e+00 ] 1.0000e+00
 7.729e+01 4.9746e-33 4.9746e-33 [ 4.7430e-223 8.2258e-172 3.0861e-57 4.9746e-33 ] 0.0000e+00 [ 0.0000e+00 ] 1.0000e+00
 7.741e+01 4.1751e-33 4.1751e-33 [ 1.7659e-223 3.4151e-172 2.0886e-57 4.1751e-33 ] 0.0000e+00 [ 0.0000e+00 ] 1.0000e+00
 7.752e+01 3.5007e-33 3.5007e-33 [ 6.5599e-224 1.4144e-172 1.4096e-57 3.5007e-33 ] 0.0000e+00 [ 0.0000e+00 ] 1.0000e+00
 7.763e+01 2.9319e-33 2.9319e-33 [ 2.4307e-224 5.8427e-173 9.4852e-58 2.9319e-33 ] 0.0000e+00 [ 0.0000e+00 ] 1.0000e+00
 7.775e+01 2.4524e-33 2.4524e-33 [ 8.9826e-225 2.4066e-173 6.3623e-58 2.4524e-33 ] 0.0000e+00 [ 0.0000e+00 ] 1.0000e+00
 7.786e+01 2.0481e-33 2.0481e-33 [ 3.3095e-225 9.8822e-174 4.2528e-58 2.0481e-33 ] 0.0000e+00 [ 0.0000e+00 ] 1.0000e+00
 7.797e+01 1.7073e-33 1.7073e-33 [ 1.2153e-225 4.0439e-174 2.8320e-58 1.7073e-33 ] 0.0000e+00 [ 0.0000e+00 ] 1.0000e+00
 7.809e+01 1.4201e-33 1.4201e-33 [ 4.4464e-226 1.6485e-174 1.8780e-58 1.4201e-33 ] 0.0000e+00 [ 0.0000e+00 ] 1.0000e+00
 7.820e+01 1.1779e-33 1.1779e-33 [ 1.6201e-226 6.6917e-175 1.2396e-58 1.1779e-33 ] 0.0000e+00 [ 0.0000e+00 ] 1.0000e+00
 7.831e+01 9.7383e-34 9.7383e-34 [ 5.8754e-227 2.7033e-175 8.1405e-59 9.7383e-34 ] 0.0000e+00 [ 0.0000e+00 ] 1.0000e+00
 7.843e+01 8.0172e-34 8.0172e-34 [ 2.1194e-227 1.0861e-175 5.3146e-59 8.0172e-34 ] 0.0000e+00 [ 0.0000e+00 ] 1.0000e+00
 7.854e+01 6.5654e-34 6.5654e-34 [ 7.5985e-228 4.3364e-176 3.4466e-59 6.5654e-34 ] 0.0000e+00 [ 0.0000e+00 ] 1.0000e+00
 7.865e+01 5.3402e-34 5.3402e-34 [ 2.7047e-228 1.7187e-176 2.2179e-59 5.3402e-34 ] 0.0000e+00 [ 0.0000e+00 ] 1.0000e+00
 7.877e+01 4.3055e-34 4.3055e-34 [ 9.5456e-229 6.7536e-177 1.4142e-59 4.3055e-34 ] 0.0000e+00 [ 0.0000e+00 ] 1.0000e+00
 7.888e+01 3.4312e-34 3.4312e-34 [ 3.3345e-229 2.6263e-177 8.9169e-60 3.4312e-34 ] 0.0000e+00 [ 0.0000e+00 ] 1.0000e+00
 7.899e+01 2.6920e-34 2.6920e-34 [ 1.1502e-229 1.0084e-177 5.5447e-60 2.6920e-34 ] 0.0000e+00 [ 0.0000e+00 ] 1.0000e+00
 7.911e+01 2.0672e-34 2.0672e-34 [ 3.9045e-230 3.8097e-178 3.3858e-60 2.0672e-34 ] 0.0000e+00 [ 0.0000e+00 ] 1.0000e+00
 7.922e+01 1.5401e-34 1.5401e-34 [ 1.2981e-230 1.4094e-178 2.0168e-60 1.5401e-34 ] 0.0000e+00 [ 0.0000e+00 ] 1.0000e+00
 7.933e+01 1.0978e-34 1.0978e-34 [ 4.1948e-231 5.0671e-179 1.1586e-60 1.0978e-34 ] 0.0000e+00 [ 0.0000e+00 ] 1.0000e+00
 7.945e+01 7.3113e-35 7.3113e-35 [ 1.3006e-231 1.7468e-179 6.2862e-61 7.3113e-35 ] 0.0000e+00 [ 0.0000e+00 ] 1.0000e+00
 7.956e+01 4.3521e-35 4.3521e-35 [ 3.7701e-232 5.6198e-180 3.0869e-61 4.3521e-35 ] 0.0000e+00 [ 0.0000e+00 ] 1.0000e+00
 7.967e+01 2.0976e-35 2.0976e-35 [ 9.5537e-233 1.5694e-180 1.2395e-61 2.0976e-35 ] 0.0000e+00 [ 0.0000e+00 ] 1.0000e+00
 7.979e+01 6.0335e-36 6.0335e-36 [ 1.6094e-233 2.8522e-181 2.9095e-62 6.0335e-36 ] 0.0000e+00 [ 0.0000e+00 ] 1.0000e+00
 7.990e+01 0.0000e+00 0.0000e+00 [ 0.0000e+00 0.0000e+00 0.0000e+00 0.0000e+00 ] 0.0000e+00 [ 0.0000e+00 ] 1.0000e+00
