 0.000e+00 0.0000e+00 0.0000e+00 [ 0.0000e+00 0.0000e+00 0.0000e+00 0.0000e+00 0.0000e+00 0.0000e+00 0.0000e+00 ] 0.0000e+00 [ 0.0000e+00 ] 1.0000e+00
 1.133e-01 4.4874e-03 4.4874e-03 [ 3.7025e-03 7.9864e-05 3.5732e-05 2.9455e-04 5.3388e-05 2.0801e-04 1.1337e-04 ] 0.0000e+00 [ 0.0000e+00 ] 9.9551e-01
 2.267e-01 9.3850e-03 9.3850e-03 [ 6.1096e-03 3.2870e-04 1.5069e-04 1.2664e-03 2.2328e-04 8.6343e-04 4.4279e-04 ] 0.0000e+00 [ 0.0000e+00 ] 9.9062e-01
 3.400e-01 1.5867e-02 1.5867e-02 [ 7.9267e-03 7.7459e-04 3.6946e-04 3.2025e-03 5.4003e-04 2.0630e-03 9.9030e-04 ] 0.0000e+00 [ 0.0000e+00 ] 9.8413e-01
 4.533e-01 2.5115e-02 2.5115e-02 [ 9.4342e-03 1.4661e-03 7.3780e-04 6.6606e-03 1.0585e-03 3.9778e-03 1.7797e-03 ] 0.0000e+00 [ 0.0000e+00 ] 9.7489e-01
 5.667e-01 3.8893e-02 3.8893e-02 [ 1.0900e-02 2.4741e-03 1.3301e-03 1.2602e-02 1.8644e-03 6.8666e-03 2.8553e-03 ] 0.0000e+00 [ 0.0000e+00 ] 9.6111e-01
 6.800e-01 5.9740e-02 5.9740e-02 [ 1.2554e-02 3.8926e-03 2.2592e-03 2.2587e-02 3.0809e-03 1.1087e-02 4.2791e-03 ] 0.0000e+00 [ 0.0000e+00 ] 9.4026e-01
 7.933e-01 9.1203e-02 9.1203e-02 [ 1.4603e-02 5.8316e-03 3.6850e-03 3.9006e-02 4.8707e-03 1.7085e-02 6.1215e-03 ] 0.0000e+00 [ 0.0000e+00 ] 9.0880e-01
 9.067e-01 1.3784e-01 1.3784e-01 [ 1.7225e-02 8.3951e-03 5.8115e-03 6.5211e-02 7.4221e-03 2.5333e-02 8.4393e-03 ] 0.0000e+00 [ 0.0000e+00 ] 8.6216e-01
 1.020e+00 2.0449e-01 2.0449e-01 [ 2.0508e-02 1.1629e-02 8.8501e-03 1.0522e-01 1.0897e-02 3.6157e-02 1.1230e-02 ] 0.0000e+00 [ 0.0000e+00 ] 7.9551e-01
 1.133e+00 2.9414e-01 2.9414e-01 [ 2.4339e-02 1.5430e-02 1.2919e-02 1.6237e-01 1.5315e-02 4.9398e-02 1.4363e-02 ] 0.0000e+00 [ 0.0000e+00 ] 7.0586e-01
 1.247e+00 4.0397e-01 4.0397e-01 [ 2.8277e-02 1.9450e-02 1.7866e-02 2.3646e-01 2.0395e-02 6.4003e-02 1.7514e-02 ] 0.0000e+00 [ 0.0000e+00 ] 5.9603e-01
 1.360e+00 5.2188e-01 5.2188e-01 [ 3.1550e-02 2.3104e-02 2.3131e-02 3.2052e-01 2.5469e-02 7.7909e-02 2.0202e-02 ] 0.0000e+00 [ 0.0000e+00 ] 4.7812e-01
 1.473e+00 6.2878e-01 6.2878e-01 [ 3.3390e-02 2.5805e-02 2.7865e-02 4.0122e-01 2.9691e-02 8.8809e-02 2.2004e-02 ] 0.0000e+00 [ 0.0000e+00 ] 3.7122e-01
 1.587e+00 7.0883e-01 7.0883e-01 [ 3.3535e-02 2.7352e-02 3.1404e-02 4.6558e-01 3.2538e-02 9.5568e-02 2.2853e-02 ] 0.0000e+00 [ 0.0000e+00 ] 2.9117e-01
 1.700e+00 7.5827e-01 7.5827e-01 [ 3.2376e-02 2.8041e-02 3.3641e-02 5.0819e-01 3.4097e-02 9.8850e-02 2.3079e-02 ] 0.0000e+00 [ 0.0000e+00 ] 2.4173e-01
 1.813e+00 7.8274e-01 7.8274e-01 [ 3.0552e-02 2.8372e-02 3.4875e-02 5.3076e-01 3.4814e-02 1.0022e-01 2.3141e-02 ] 0.0000e+00 [ 0.0000e+00 ] 2.1726e-01
 1.927e+00 7.8871e-01 7.8871e-01 [ 2.8531e-02 2.8723e-02 3.5422e-02 5.3668e-01 3.5079e-02 1.0091e-01 2.3362e-02 ] 0.0000e+00 [ 0.0000e+00 ] 2.1129e-01
 2.040e+00 7.7832e-01 7.7832e-01 [ 2.6476e-02 2.9204e-02 3.5369e-02 5.2713e-01 3.5006e-02 1.0129e-01 2.3841e-02 ] 0.0000e+00 [ 0.0000e+00 ] 2.2168e-01
 2.153e+00 7.4821e-01 7.4821e-01 [ 2.4291e-02 2.9636e-02 3.4525e-02 5.0020e-01 3.4395e-02 1.0074e-01 2.4433e-02 ] 0.0000e+00 [ 0.0000e+00 ] 2.5179e-01
 2.267e+00 6.9160e-01 6.9160e-01 [ 2.1727e-02 2.9563e-02 3.2494e-02 4.5247e-01 3.2800e-02 9.7787e-02 2.4752e-02 ] 0.0000e+00 [ 0.0000e+00 ] 3.0840e-01
 2.380e+00 6.0456e-01 6.0456e-01 [ 1.8592e-02 2.8418e-02 2.8975e-02 3.8362e-01 2.9798e-02 9.0870e-02 2.4286e-02 ] 0.0000e+00 [ 0.0000e+00 ] 3.9544e-01
 2.493e+00 4.9401e-01 4.9401e-01 [ 1.4997e-02 2.5918e-02 2.4167e-02 3.0118e-01 2.5421e-02 7.9618e-02 2.2710e-02 ] 0.0000e+00 [ 0.0000e+00 ] 5.0599e-01
 2.607e+00 3.7744e-01 3.7744e-01 [ 1.1365e-02 2.2335e-02 1.8836e-02 2.1892e-01 2.0309e-02 6.5524e-02 2.0150e-02 ] 0.0000e+00 [ 0.0000e+00 ] 6.2256e-01
 2.720e+00 2.7261e-01 2.7261e-01 [ 8.1521e-03 1.8308e-02 1.3857e-02 1.4890e-01 1.5313e-02 5.1007e-02 1.7075e-02 ] 0.0000e+00 [ 0.0000e+00 ] 7.2739e-01
 2.833e+00 1.8908e-01 1.8908e-01 [ 5.6078e-03 1.4447e-02 9.7660e-03 9.6213e-02 1.1039e-02 3.8022e-02 1.3990e-02 ] 0.0000e+00 [ 0.0000e+00 ] 8.1092e-01
 2.947e+00 1.2789e-01 1.2789e-01 [ 3.7482e-03 1.1109e-02 6.6895e-03 5.9935e-02 7.7079e-03 2.7476e-02 1.1221e-02 ] 0.0000e+00 [ 0.0000e+00 ] 8.7211e-01
 3.060e+00 8.5401e-02 8.5401e-02 [ 2.4608e-03 8.4051e-03 4.5060e-03 3.6415e-02 5.2665e-03 1.9444e-02 8.9037e-03 ] 0.0000e+00 [ 0.0000e+00 ] 9.1460e-01
 3.173e+00 5.6836e-02 5.6836e-02 [ 1.5997e-03 6.3018e-03 3.0103e-03 2.1760e-02 3.5480e-03 1.3574e-02 7.0421e-03 ] 0.0000e+00 [ 0.0000e+00 ] 9.4316e-01
 3.287e+00 3.7953e-02 3.7953e-02 [ 1.0355e-03 4.7037e-03 2.0064e-03 1.2862e-02 2.3687e-03 9.3959e-03 5.5808e-03 ] 0.0000e+00 [ 0.0000e+00 ] 9.6205e-01
 3.400e+00 2.5552e-02 2.5552e-02 [ 6.7014e-04 3.5051e-03 1.3395e-03 7.5479e-03 1.5725e-03 6.4709e-03 4.4461e-03 ] 0.0000e+00 [ 0.0000e+00 ] 9.7445e-01
 3.513e+00 1.7405e-02 1.7405e-02 [ 4.3468e-04 2.6119e-03 8.9814e-04 4.4087e-03 1.0402e-03 4.4442e-03 3.5676e-03 ] 0.0000e+00 [ 0.0000e+00 ] 9.8259e-01
 3.627e+00 1.2025e-02 1.2025e-02 [ 2.8309e-04 1.9480e-03 6.0584e-04 2.5670e-03 6.8664e-04 3.0489e-03 2.8858e-03 ] 0.0000e+00 [ 0.0000e+00 ] 9.8797e-01
 3.740e+00 8.4409e-03 8.4409e-03 [ 1.8531e-04 1.4545e-03 4.1160e-04 1.4916e-03 4.5267e-04 2.0917e-03 2.3535e-03 ] 0.0000e+00 [ 0.0000e+00 ] 9.9156e-01
 3.853e+00 6.0258e-03 6.0258e-03 [ 1.2199e-04 1.0873e-03 2.8184e-04 8.6549e-04 2.9820e-04 1.4364e-03 1.9345e-03 ] 0.0000e+00 [ 0.0000e+00 ] 9.9397e-01
 3.967e+00 4.3769e-03 4.3769e-03 [ 8.0781e-05 8.1354e-04 1.9459e-04 5.0174e-04 1.9636e-04 9.8822e-04 1.6017e-03 ] 0.0000e+00 [ 0.0000e+00 ] 9.9562e-01
 4.080e+00 3.2345e-03 3.2345e-03 [ 5.3802e-05 6.0905e-04 1.3547e-04 2.9070e-04 1.2927e-04 6.8158e-04 1.3346e-03 ] 0.0000e+00 [ 0.0000e+00 ] 9.9677e-01
 4.193e+00 2.4304e-03 2.4304e-03 [ 3.6028e-05 4.5605e-04 9.5092e-05 1.6837e-04 8.5098e-05 4.7163e-04 1.1182e-03 ] 0.0000e+00 [ 0.0000e+00 ] 9.9757e-01
 4.307e+00 1.8552e-03 1.8552e-03 [ 2.4244e-05 3.4139e-04 6.7289e-05 9.7505e-05 5.6016e-05 3.2767e-04 9.4113e-04 ] 0.0000e+00 [ 0.0000e+00 ] 9.9814e-01
 4.420e+00 1.4369e-03 1.4369e-03 [ 1.6385e-05 2.5540e-04 4.7979e-05 5.6467e-05 3.6872e-05 2.2876e-04 7.9506e-04 ] 0.0000e+00 [ 0.0000e+00 ] 9.9856e-01
 4.533e+00 1.1276e-03 1.1276e-03 [ 1.1112e-05 1.9086e-04 3.4455e-05 3.2707e-05 2.4270e-05 1.6062e-04 6.7360e-04 ] 0.0000e+00 [ 0.0000e+00 ] 9.9887e-01
 4.647e+00 8.9527e-04 8.9527e-04 [ 7.5578e-06 1.4242e-04 2.4905e-05 1.8949e-05 1.5974e-05 1.1352e-04 5.7195e-04 ] 0.0000e+00 [ 0.0000e+00 ] 9.9910e-01
 4.760e+00 7.1806e-04 7.1806e-04 [ 5.1507e-06 1.0608e-04 1.8108e-05 1.0983e-05 1.0512e-05 8.0830e-05 4.8640e-04 ] 0.0000e+00 [ 0.0000e+00 ] 9.9928e-01
 4.873e+00 5.8099e-04 5.8099e-04 [ 3.5148e-06 7.8852e-05 1.3233e-05 6.3697e-06 6.9171e-06 5.8035e-05 4.1406e-04 ] 0.0000e+00 [ 0.0000e+00 ] 9.9942e-01
 4.987e+00 4.7358e-04 4.7358e-04 [ 2.3999e-06 5.8473e-05 9.7140e-06 3.6965e-06 4.5505e-06 4.2050e-05 3.5269e-04 ] 0.0000e+00 [ 0.0000e+00 ] 9.9953e-01
 5.100e+00 3.8843e-04 3.8843e-04 [ 1.6385e-06 4.3248e-05 7.1567e-06 2.1469e-06 2.9928e-06 3.0766e-05 3.0048e-04 ] 0.0000e+00 [ 0.0000e+00 ] 9.9961e-01
 5.213e+00 3.2024e-04 3.2024e-04 [ 1.1179e-06 3.1899e-05 5.2881e-06 1.2482e-06 1.9676e-06 2.2743e-05 2.5598e-04 ] 0.0000e+00 [ 0.0000e+00 ] 9.9968e-01
 5.327e+00 2.6514e-04 2.6514e-04 [ 7.6169e-07 2.3458e-05 3.9161e-06 7.2650e-07 1.2931e-06 1.6991e-05 2.1799e-04 ] 0.0000e+00 [ 0.0000e+00 ] 9.9973e-01
 5.440e+00 2.2027e-04 2.2027e-04 [ 5.1809e-07 1.7198e-05 2.9046e-06 4.2343e-07 8.4939e-07 1.2829e-05 1.8555e-04 ] 0.0000e+00 [ 0.0000e+00 ] 9.9978e-01
 5.553e+00 1.8349e-04 1.8349e-04 [ 3.5161e-07 1.2569e-05 2.1564e-06 2.4718e-07 5.5763e-07 9.7885e-06 1.5782e-04 ] 0.0000e+00 [ 0.0000e+00 ] 9.9982e-01
 5.667e+00 1.5318e-04 1.5318e-04 [ 2.3799e-07 9.1556e-06 1.6014e-06 1.4455e-07 3.6586e-07 7.5443e-06 1.3413e-04 ] 0.0000e+00 [ 0.0000e+00 ] 9.9985e-01
 5.780e+00 1.2808e-04 1.2808e-04 [ 1.6061e-07 6.6473e-06 1.1891e-06 8.4712e-08 2.3987e-07 5.8701e-06 1.1389e-04 ] 0.0000e+00 [ 0.0000e+00 ] 9.9987e-01
 5.893e+00 1.0723e-04 1.0723e-04 [ 1.0802e-07 4.8102e-06 8.8237e-07 4.9763e-08 1.5715e-07 4.6077e-06 9.6616e-05 ] 0.0000e+00 [ 0.0000e+00 ] 9.9989e-01
 6.007e+00 8.9850e-05 8.9850e-05 [ 7.2392e-08 3.4691e-06 6.5402e-07 2.9313e-08 1.0287e-07 3.6455e-06 8.1877e-05 ] 0.0000e+00 [ 0.0000e+00 ] 9.9991e-01
 6.120e+00 7.5329e-05 7.5329e-05 [ 4.8327e-08 2.4935e-06 4.8404e-07 1.7321e-08 6.7283e-08 2.9048e-06 6.9314e-05 ] 0.0000e+00 [ 0.0000e+00 ] 9.9992e-01
 6.233e+00 6.3174e-05 6.3174e-05 [ 3.2129e-08 1.7862e-06 3.5757e-07 1.0271e-08 4.3965e-08 2.3289e-06 5.8615e-05 ] 0.0000e+00 [ 0.0000e+00 ] 9.9994e-01
 6.347e+00 5.2987e-05 5.2987e-05 [ 2.1269e-08 1.2752e-06 2.6357e-07 6.1147e-09 2.8700e-08 1.8771e-06 4.9515e-05 ] 0.0000e+00 [ 0.0000e+00 ] 9.9995e-01
 6.460e+00 4.4440e-05 4.4440e-05 [ 1.4017e-08 9.0740e-07 1.9380e-07 3.6565e-09 1.8716e-08 1.5199e-06 4.1782e-05 ] 0.0000e+00 [ 0.0000e+00 ] 9.9996e-01
 6.573e+00 3.7264e-05 3.7264e-05 [ 9.1947e-09 6.4350e-07 1.4211e-07 2.1974e-09 1.2192e-08 1.2353e-06 3.5219e-05 ] 0.0000e+00 [ 0.0000e+00 ] 9.9996e-01
 6.687e+00 3.1237e-05 3.1237e-05 [ 6.0030e-09 4.5482e-07 1.0390e-07 1.3278e-09 7.9338e-09 1.0072e-06 2.9655e-05 ] 0.0000e+00 [ 0.0000e+00 ] 9.9997e-01
 6.800e+00 2.6174e-05 2.6174e-05 [ 3.9001e-09 3.2040e-07 7.5727e-08 8.0704e-10 5.1569e-09 8.2333e-07 2.4944e-05 ] 0.0000e+00 [ 0.0000e+00 ] 9.9997e-01
 6.913e+00 2.1921e-05 2.1921e-05 [ 2.5213e-09 2.2496e-07 5.5009e-08 4.9368e-10 3.3481e-09 6.7445e-07 2.0960e-05 ] 0.0000e+00 [ 0.0000e+00 ] 9.9998e-01
 7.027e+00 1.8349e-05 1.8349e-05 [ 1.6217e-09 1.5742e-07 3.9821e-08 3.0405e-10 2.1712e-09 5.5342e-07 1.7594e-05 ] 0.0000e+00 [ 0.0000e+00 ] 9.9998e-01
 7.140e+00 1.5350e-05 1.5350e-05 [ 1.0378e-09 1.0979e-07 2.8723e-08 1.8860e-10 1.4063e-09 4.5471e-07 1.4755e-05 ] 0.0000e+00 [ 0.0000e+00 ] 9.9998e-01
 7.253e+00 1.2834e-05 1.2834e-05 [ 6.6068e-10 7.6320e-08 2.0641e-08 1.1785e-10 9.0979e-10 3.7400e-07 1.2361e-05 ] 0.0000e+00 [ 0.0000e+00 ] 9.9999e-01
 7.367e+00 1.0723e-05 1.0723e-05 [ 4.1841e-10 5.2876e-08 1.4776e-08 7.4200e-11 5.8788e-10 3.0786e-07 1.0347e-05 ] 0.0000e+00 [ 0.0000e+00 ] 9.9999e-01
 7.480e+00 8.9537e-06 8.9537e-06 [ 2.6359e-10 3.6510e-08 1.0537e-08 4.7069e-11 3.7941e-10 2.5357e-07 8.6524e-06 ] 0.0000e+00 [ 0.0000e+00 ] 9.9999e-01
 7.593e+00 7.4713e-06 7.4713e-06 [ 1.6518e-10 2.5125e-08 7.4838e-09 3.0080e-11 2.4457e-10 2.0894e-07 7.2293e-06 ] 0.0000e+00 [ 0.0000e+00 ] 9.9999e-01
 7.707e+00 6.2302e-06 6.2302e-06 [ 1.0296e-10 1.7232e-08 5.2940e-09 1.9362e-11 1.5747e-10 1.7222e-07 6.0352e-06 ] 0.0000e+00 [ 0.0000e+00 ] 9.9999e-01
 7.820e+00 5.1919e-06 5.1919e-06 [ 6.3838e-11 1.1778e-08 3.7297e-09 1.2548e-11 1.0127e-10 1.4197e-07 5.0343e-06 ] 0.0000e+00 [ 0.0000e+00 ] 9.9999e-01
 7.933e+00 4.3238e-06 4.3238e-06 [ 3.9370e-11 8.0227e-09 2.6168e-09 8.1846e-12 6.5050e-11 1.1706e-07 4.1960e-06 ] 0.0000e+00 [ 0.0000e+00 ] 1.0000e+00
 8.047e+00 3.5986e-06 3.5986e-06 [ 2.4151e-11 5.4457e-09 1.8284e-09 5.3699e-12 4.1737e-11 9.6514e-08 3.4947e-06 ] 0.0000e+00 [ 0.0000e+00 ] 1.0000e+00
 8.160e+00 2.9931e-06 2.9931e-06 [ 1.4737e-11 3.6836e-09 1.2722e-09 3.5419e-12 2.6750e-11 7.9576e-08 2.9086e-06 ] 0.0000e+00 [ 0.0000e+00 ] 1.0000e+00
 8.273e+00 2.4880e-06 2.4880e-06 [ 8.9444e-12 2.4829e-09 8.8151e-10 2.3472e-12 1.7126e-11 6.5607e-08 2.4190e-06 ] 0.0000e+00 [ 0.0000e+00 ] 1.0000e+00
 8.387e+00 2.0669e-06 2.0669e-06 [ 5.4001e-12 1.6677e-09 6.0825e-10 1.5619e-12 1.0953e-11 5.4085e-08 2.0106e-06 ] 0.0000e+00 [ 0.0000e+00 ] 1.0000e+00
 8.500e+00 1.7161e-06 1.7161e-06 [ 3.2430e-12 1.1161e-09 4.1796e-10 1.0430e-12 6.9984e-12 4.4581e-08 1.6700e-06 ] 0.0000e+00 [ 0.0000e+00 ] 1.0000e+00
 8.613e+00 1.4241e-06 1.4241e-06 [ 1.9374e-12 7.4421e-10 2.8600e-10 6.9855e-13 4.4674e-12 3.6743e-08 1.3863e-06 ] 0.0000e+00 [ 0.0000e+00 ] 1.0000e+00
 8.727e+00 1.1811e-06 1.1811e-06 [ 1.1513e-12 4.9445e-10 1.9489e-10 4.6897e-13 2.8493e-12 3.0278e-08 1.1501e-06 ] 0.0000e+00 [ 0.0000e+00 ] 1.0000e+00
 8.840e+00 9.7908e-07 9.7908e-07 [ 6.8064e-13 3.2731e-10 1.3226e-10 3.1544e-13 1.8159e-12 2.4946e-08 9.5367e-07 ] 0.0000e+00 [ 0.0000e+00 ] 1.0000e+00
 8.953e+00 8.1121e-07 8.1121e-07 [ 4.0029e-13 2.1586e-10 8.9391e-11 2.1247e-13 1.1565e-12 2.0551e-08 7.9035e-07 ] 0.0000e+00 [ 0.0000e+00 ] 1.0000e+00
 9.067e+00 6.7181e-07 6.7181e-07 [ 2.3420e-13 1.4183e-10 6.0170e-11 1.4326e-13 7.3609e-13 1.6926e-08 6.5468e-07 ] 0.0000e+00 [ 0.0000e+00 ] 1.0000e+00
 9.180e+00 5.5611e-07 5.5611e-07 [ 1.3632e-13 9.2844e-11 4.0338e-11 9.6662e-14 4.6831e-13 1.3939e-08 5.4203e-07 ] 0.0000e+00 [ 0.0000e+00 ] 1.0000e+00
 9.293e+00 4.6014e-07 4.6014e-07 [ 7.8944e-14 6.0547e-11 2.6935e-11 6.5240e-14 2.9786e-13 1.1477e-08 4.4857e-07 ] 0.0000e+00 [ 0.0000e+00 ] 1.0000e+00
 9.407e+00 3.8057e-07 3.8057e-07 [ 4.5484e-14 3.9336e-11 1.7914e-11 4.4034e-14 1.8942e-13 9.4484e-09 3.7106e-07 ] 0.0000e+00 [ 0.0000e+00 ] 1.0000e+00
 9.520e+00 3.1464e-07 3.1464e-07 [ 2.6074e-14 2.5458e-11 1.1868e-11 2.9714e-14 1.2047e-13 7.7769e-09 3.0682e-07 ] 0.0000e+00 [ 0.0000e+00 ] 1.0000e+00
 9.633e+00 2.6003e-07 2.6003e-07 [ 1.4872e-14 1.6414e-11 7.8319e-12 2.0042e-14 7.6648e-14 6.4002e-09 2.5360e-07 ] 0.0000e+00 [ 0.0000e+00 ] 1.0000e+00
 9.747e+00 2.1482e-07 2.1482e-07 [ 8.4399e-15 1.0543e-11 5.1488e-12 1.3510e-14 4.8795e-14 5.2663e-09 2.0954e-07 ] 0.0000e+00 [ 0.0000e+00 ] 1.0000e+00
 9.860e+00 1.7741e-07 1.7741e-07 [ 4.7660e-15 6.7456e-12 3.3721e-12 9.0996e-15 3.1094e-14 4.3326e-09 1.7307e-07 ] 0.0000e+00 [ 0.0000e+00 ] 1.0000e+00
 9.973e+00 1.4647e-07 1.4647e-07 [ 2.6780e-15 4.2996e-12 2.2004e-12 6.1232e-15 1.9840e-14 3.5639e-09 1.4290e-07 ] 0.0000e+00 [ 0.0000e+00 ] 1.0000e+00
 1.009e+01 1.2089e-07 1.2089e-07 [ 1.4973e-15 2.7300e-12 1.4305e-12 4.1159e-15 1.2683e-14 2.9312e-09 1.1795e-07 ] 0.0000e+00 [ 0.0000e+00 ] 1.0000e+00
 1.020e+01 9.9746e-08 9.9746e-08 [ 8.3308e-16 1.7268e-12 9.2668e-13 2.7635e-15 8.1259e-15 2.4104e-09 9.7333e-08 ] 0.0000e+00 [ 0.0000e+00 ] 1.0000e+00
 1.031e+01 8.2277e-08 8.2277e-08 [ 4.6125e-16 1.0881e-12 5.9817e-13 1.8531e-15 5.2214e-15 1.9819e-09 8.0293e-08 ] 0.0000e+00 [ 0.0000e+00 ] 1.0000e+00
 1.043e+01 6.7849e-08 6.7849e-08 [ 2.5413e-16 6.8300e-13 3.8478e-13 1.2409e-15 3.3670e-15 1.6294e-09 6.6219e-08 ] 0.0000e+00 [ 0.0000e+00 ] 1.0000e+00
 1.054e+01 5.5937e-08 5.5937e-08 [ 1.3934e-16 4.2709e-13 2.4666e-13 8.2986e-16 2.1804e-15 1.3393e-09 5.4597e-08 ] 0.0000e+00 [ 0.0000e+00 ] 1.0000e+00
 1.065e+01 4.6106e-08 4.6106e-08 [ 7.6030e-17 2.6606e-13 1.5759e-13 5.5414e-16 1.4191e-15 1.1008e-09 4.5005e-08 ] 0.0000e+00 [ 0.0000e+00 ] 1.0000e+00
 1.077e+01 3.7993e-08 3.7993e-08 [ 4.1286e-17 1.6511e-13 1.0035e-13 3.6948e-16 9.2894e-16 9.0463e-10 3.7089e-08 ] 0.0000e+00 [ 0.0000e+00 ] 1.0000e+00
 1.088e+01 3.1302e-08 3.1302e-08 [ 2.2311e-17 1.0208e-13 6.3695e-14 2.4597e-16 6.1213e-16 7.4332e-10 3.0558e-08 ] 0.0000e+00 [ 0.0000e+00 ] 1.0000e+00
 1.099e+01 2.5783e-08 2.5783e-08 [ 1.1999e-17 6.2878e-14 4.0300e-14 1.6349e-16 4.0635e-16 6.1071e-10 2.5172e-08 ] 0.0000e+00 [ 0.0000e+00 ] 1.0000e+00
 1.111e+01 2.1233e-08 2.1233e-08 [ 6.4227e-18 3.8585e-14 2.5418e-14 1.0849e-16 2.7194e-16 5.0169e-10 2.0731e-08 ] 0.0000e+00 [ 0.0000e+00 ] 1.0000e+00
 1.122e+01 1.7483e-08 1.7483e-08 [ 3.4214e-18 2.3590e-14 1.5983e-14 7.1881e-17 1.8358e-16 4.1208e-10 1.7071e-08 ] 0.0000e+00 [ 0.0000e+00 ] 1.0000e+00
 1.133e+01 1.4392e-08 1.4392e-08 [ 1.8139e-18 1.4370e-14 1.0020e-14 4.7546e-17 1.2508e-16 3.3844e-10 1.4054e-08 ] 0.0000e+00 [ 0.0000e+00 ] 1.0000e+00
 1.145e+01 1.1846e-08 1.1846e-08 [ 9.5715e-19 8.7211e-15 6.2630e-15 3.1397e-17 8.6030e-17 2.7793e-10 1.1568e-08 ] 0.0000e+00 [ 0.0000e+00 ] 1.0000e+00
 1.156e+01 9.7490e-09 9.7490e-09 [ 5.0266e-19 5.2737e-15 3.9034e-15 2.0698e-17 5.9743e-17 2.2821e-10 9.5207e-09 ] 0.0000e+00 [ 0.0000e+00 ] 1.0000e+00
 1.167e+01 8.0217e-09 8.0217e-09 [ 2.6273e-19 3.1776e-15 2.4260e-15 1.3622e-17 4.1884e-17 1.8736e-10 7.8343e-09 ] 0.0000e+00 [ 0.0000e+00 ] 1.0000e+00
 1.179e+01 6.5995e-09 6.5995e-09 [ 1.3668e-19 1.9077e-15 1.5036e-15 8.9505e-18 2.9635e-17 1.5381e-10 6.4457e-09 ] 0.0000e+00 [ 0.0000e+00 ] 1.0000e+00
 1.190e+01 5.4287e-09 5.4287e-09 [ 7.0770e-20 1.1413e-15 9.2935e-16 5.8709e-18 2.1152e-17 1.2625e-10 5.3024e-09 ] 0.0000e+00 [ 0.0000e+00 ] 1.0000e+00
 1.201e+01 4.4649e-09 4.4649e-09 [ 3.6471e-20 6.8041e-16 5.7290e-16 3.8444e-18 1.5221e-17 1.0362e-10 4.3613e-09 ] 0.0000e+00 [ 0.0000e+00 ] 1.0000e+00
 1.213e+01 3.6718e-09 3.6718e-09 [ 1.8708e-20 4.0422e-16 3.5225e-16 2.5131e-18 1.1036e-17 8.5036e-11 3.5868e-09 ] 0.0000e+00 [ 0.0000e+00 ] 1.0000e+00
 1.224e+01 3.0192e-09 3.0192e-09 [ 9.5511e-21 2.3932e-16 2.1603e-16 1.6401e-18 8.0548e-18 6.9777e-11 2.9494e-09 ] 0.0000e+00 [ 0.0000e+00 ] 1.0000e+00
 1.235e+01 2.4823e-09 2.4823e-09 [ 4.8535e-21 1.4121e-16 1.3216e-16 1.0686e-18 5.9144e-18 5.7250e-11 2.4251e-09 ] 0.0000e+00 [ 0.0000e+00 ] 1.0000e+00
 1.247e+01 2.0407e-09 2.0407e-09 [ 2.4549e-21 8.3037e-17 8.0654e-17 6.9502e-19 4.3654e-18 4.6966e-11 1.9937e-09 ] 0.0000e+00 [ 0.0000e+00 ] 1.0000e+00
 1.258e+01 1.6774e-09 1.6774e-09 [ 1.2359e-21 4.8668e-17 4.9103e-17 4.5130e-19 3.2367e-18 3.8526e-11 1.6389e-09 ] 0.0000e+00 [ 0.0000e+00 ] 1.0000e+00
 1.269e+01 1.3786e-09 1.3786e-09 [ 6.1936e-22 2.8430e-17 2.9825e-17 2.9256e-19 2.4091e-18 3.1598e-11 1.3470e-09 ] 0.0000e+00 [ 0.0000e+00 ] 1.0000e+00
 1.281e+01 1.1330e-09 1.1330e-09 [ 3.0894e-22 1.6554e-17 1.8074e-17 1.8934e-19 1.7990e-18 2.5914e-11 1.1071e-09 ] 0.0000e+00 [ 0.0000e+00 ] 1.0000e+00
 1.292e+01 9.3103e-10 9.3103e-10 [ 1.5339e-22 9.6078e-18 1.0929e-17 1.2234e-19 1.3470e-18 2.1249e-11 9.0978e-10 ] 0.0000e+00 [ 0.0000e+00 ] 1.0000e+00
 1.303e+01 7.6499e-10 7.6499e-10 [ 7.5812e-23 5.5587e-18 6.5936e-18 7.8920e-20 1.0109e-18 1.7422e-11 7.4757e-10 ] 0.0000e+00 [ 0.0000e+00 ] 1.0000e+00
 1.315e+01 6.2851e-10 6.2851e-10 [ 3.7297e-23 3.2059e-18 3.9696e-18 5.0828e-20 7.6012e-19 1.4283e-11 6.1422e-10 ] 0.0000e+00 [ 0.0000e+00 ] 1.0000e+00
 1.326e+01 5.1633e-10 5.1633e-10 [ 1.8266e-23 1.8433e-18 2.3849e-18 3.2683e-20 5.7242e-19 1.1708e-11 5.0462e-10 ] 0.0000e+00 [ 0.0000e+00 ] 1.0000e+00
 1.337e+01 4.2414e-10 4.2414e-10 [ 8.9044e-24 1.0566e-18 1.4299e-18 2.0983e-20 4.3161e-19 9.5959e-12 4.1454e-10 ] 0.0000e+00 [ 0.0000e+00 ] 1.0000e+00
 1.349e+01 3.4838e-10 3.4838e-10 [ 4.3212e-24 6.0382e-19 8.5556e-19 1.3451e-20 3.2577e-19 7.8639e-12 3.4051e-10 ] 0.0000e+00 [ 0.0000e+00 ] 1.0000e+00
 1.360e+01 2.8613e-10 2.8613e-10 [ 2.0875e-24 3.4405e-19 5.1092e-19 8.6091e-21 2.4608e-19 6.4438e-12 2.7968e-10 ] 0.0000e+00 [ 0.0000e+00 ] 1.0000e+00
 1.371e+01 2.3498e-10 2.3498e-10 [ 1.0039e-24 1.9546e-19 3.0453e-19 5.5021e-21 1.8600e-19 5.2794e-12 2.2970e-10 ] 0.0000e+00 [ 0.0000e+00 ] 1.0000e+00
 1.383e+01 1.9297e-10 1.9297e-10 [ 4.8065e-25 1.1072e-19 1.8117e-19 3.5114e-21 1.4066e-19 4.3248e-12 1.8864e-10 ] 0.0000e+00 [ 0.0000e+00 ] 1.0000e+00
 1.394e+01 1.5845e-10 1.5845e-10 [ 2.2909e-25 6.2543e-20 1.0758e-19 2.2378e-21 1.0642e-19 3.5424e-12 1.5491e-10 ] 0.0000e+00 [ 0.0000e+00 ] 1.0000e+00
 1.405e+01 1.3010e-10 1.3010e-10 [ 1.0870e-25 3.5229e-20 6.3771e-20 1.4242e-21 8.0536e-20 2.9011e-12 1.2720e-10 ] 0.0000e+00 [ 0.0000e+00 ] 1.0000e+00
 1.417e+01 1.0681e-10 1.0681e-10 [ 5.1351e-26 1.9788e-20 3.7735e-20 9.0525e-22 6.0961e-20 2.3756e-12 1.0444e-10 ] 0.0000e+00 [ 0.0000e+00 ] 1.0000e+00
 1.428e+01 8.7688e-11 8.7688e-11 [ 2.4151e-26 1.1085e-20 2.2290e-20 5.7471e-22 4.6152e-20 1.9451e-12 8.5743e-11 ] 0.0000e+00 [ 0.0000e+00 ] 1.0000e+00
 1.439e+01 7.1983e-11 7.1983e-11 [ 1.1309e-26 6.1928e-21 1.3145e-20 3.6446e-22 3.4944e-20 1.5923e-12 7.0390e-11 ] 0.0000e+00 [ 0.0000e+00 ] 1.0000e+00
 1.451e+01 5.9086e-11 5.9086e-11 [ 5.2724e-27 3.4505e-21 7.7390e-21 2.3089e-22 2.6460e-20 1.3033e-12 5.7783e-11 ] 0.0000e+00 [ 0.0000e+00 ] 1.0000e+00
 1.462e+01 4.8497e-11 4.8497e-11 [ 2.4473e-27 1.9175e-21 4.5490e-21 1.4615e-22 2.0037e-20 1.0666e-12 4.7431e-11 ] 0.0000e+00 [ 0.0000e+00 ] 1.0000e+00
 1.473e+01 3.9803e-11 3.9803e-11 [ 1.1311e-27 1.0629e-21 2.6697e-21 9.2440e-23 1.5173e-20 8.7277e-13 3.8930e-11 ] 0.0000e+00 [ 0.0000e+00 ] 1.0000e+00
 1.485e+01 3.2665e-11 3.2665e-11 [ 5.2053e-28 5.8763e-22 1.5644e-21 5.8438e-23 1.1490e-20 7.1405e-13 3.1951e-11 ] 0.0000e+00 [ 0.0000e+00 ] 1.0000e+00
 1.496e+01 2.6806e-11 2.6806e-11 [ 2.3852e-28 3.2407e-22 9.1531e-22 3.6931e-23 8.7005e-21 5.8410e-13 2.6222e-11 ] 0.0000e+00 [ 0.0000e+00 ] 1.0000e+00
 1.507e+01 2.1996e-11 2.1996e-11 [ 1.0883e-28 1.7827e-22 5.3475e-22 2.3338e-23 6.5882e-21 4.7772e-13 2.1518e-11 ] 0.0000e+00 [ 0.0000e+00 ] 1.0000e+00
 1.519e+01 1.8048e-11 1.8048e-11 [ 4.9447e-29 9.7832e-23 3.1197e-22 1.4752e-23 4.9885e-21 3.9066e-13 1.7657e-11 ] 0.0000e+00 [ 0.0000e+00 ] 1.0000e+00
 1.530e+01 1.4808e-11 1.4808e-11 [ 2.2372e-29 5.3558e-23 1.8174e-22 9.3305e-24 3.7770e-21 3.1941e-13 1.4488e-11 ] 0.0000e+00 [ 0.0000e+00 ] 1.0000e+00
 1.541e+01 1.2148e-11 1.2148e-11 [ 1.0080e-29 2.9250e-23 1.0573e-22 5.9077e-24 2.8596e-21 2.6111e-13 1.1887e-11 ] 0.0000e+00 [ 0.0000e+00 ] 1.0000e+00
 1.553e+01 9.9657e-12 9.9657e-12 [ 4.5225e-30 1.5937e-23 6.1425e-23 3.7463e-24 2.1650e-21 2.1341e-13 9.7523e-12 ] 0.0000e+00 [ 0.0000e+00 ] 1.0000e+00
 1.564e+01 8.1747e-12 8.1747e-12 [ 2.0208e-30 8.6631e-24 3.5639e-23 2.3808e-24 1.6389e-21 1.7440e-13 8.0003e-12 ] 0.0000e+00 [ 0.0000e+00 ] 1.0000e+00
 1.575e+01 6.7052e-12 6.7052e-12 [ 8.9928e-31 4.6983e-24 2.0650e-23 1.5173e-24 1.2407e-21 1.4249e-13 6.5627e-12 ] 0.0000e+00 [ 0.0000e+00 ] 1.0000e+00
 1.587e+01 5.4994e-12 5.4994e-12 [ 3.9856e-31 2.5423e-24 1.1951e-23 9.7038e-25 9.3911e-22 1.1640e-13 5.3830e-12 ] 0.0000e+00 [ 0.0000e+00 ] 1.0000e+00
 1.598e+01 4.5101e-12 4.5101e-12 [ 1.7593e-31 1.3726e-24 6.9072e-24 6.2335e-25 7.1081e-22 9.5066e-14 4.4150e-12 ] 0.0000e+00 [ 0.0000e+00 ] 1.0000e+00
 1.609e+01 3.6985e-12 3.6985e-12 [ 7.7346e-32 7.3938e-25 3.9873e-24 4.0254e-25 5.3798e-22 7.7629e-14 3.6209e-12 ] 0.0000e+00 [ 0.0000e+00 ] 1.0000e+00
 1.621e+01 3.0328e-12 3.0328e-12 [ 3.3870e-32 3.9742e-25 2.2990e-24 2.6157e-25 4.0715e-22 6.3378e-14 2.9694e-12 ] 0.0000e+00 [ 0.0000e+00 ] 1.0000e+00
 1.632e+01 2.4866e-12 2.4866e-12 [ 1.4773e-32 2.1315e-25 1.3240e-24 1.7118e-25 3.0812e-22 5.1733e-14 2.4349e-12 ] 0.0000e+00 [ 0.0000e+00 ] 1.0000e+00
 1.643e+01 2.0387e-12 2.0387e-12 [ 6.4182e-33 1.1408e-25 7.6160e-25 1.1294e-25 2.3317e-22 4.2219e-14 1.9965e-12 ] 0.0000e+00 [ 0.0000e+00 ] 1.0000e+00
 1.655e+01 1.6713e-12 1.6713e-12 [ 2.7776e-33 6.0922e-26 4.3760e-25 7.5178e-26 1.7644e-22 3.4448e-14 1.6369e-12 ] 0.0000e+00 [ 0.0000e+00 ] 1.0000e+00
 1.666e+01 1.3700e-12 1.3700e-12 [ 1.1975e-33 3.2466e-26 2.5115e-25 5.0523e-26 1.3350e-22 2.8101e-14 1.3419e-12 ] 0.0000e+00 [ 0.0000e+00 ] 1.0000e+00
 1.677e+01 1.1230e-12 1.1230e-12 [ 5.1426e-34 1.7266e-26 1.4398e-25 3.4298e-26 1.0101e-22 2.2919e-14 1.1001e-12 ] 0.0000e+00 [ 0.0000e+00 ] 1.0000e+00
 1.689e+01 9.2038e-13 9.2038e-13 [ 2.2002e-34 9.1628e-27 8.2456e-26 2.3526e-26 7.6423e-23 1.8688e-14 9.0169e-13 ] 0.0000e+00 [ 0.0000e+00 ] 1.0000e+00
 1.700e+01 7.5427e-13 7.5427e-13 [ 9.3776e-35 4.8527e-27 4.7170e-26 1.6305e-26 5.7818e-23 1.5235e-14 7.3904e-13 ] 0.0000e+00 [ 0.0000e+00 ] 1.0000e+00
 1.711e+01 6.1809e-13 6.1809e-13 [ 3.9821e-35 2.5647e-27 2.6956e-26 1.1417e-26 4.3741e-23 1.2417e-14 6.0567e-13 ] 0.0000e+00 [ 0.0000e+00 ] 1.0000e+00
 1.723e+01 5.0644e-13 5.0644e-13 [ 1.6847e-35 1.3528e-27 1.5388e-26 8.0726e-27 3.3089e-23 1.0118e-14 4.9632e-13 ] 0.0000e+00 [ 0.0000e+00 ] 1.0000e+00
 1.734e+01 4.1493e-13 4.1493e-13 [ 7.1014e-36 7.1209e-28 8.7757e-27 5.7603e-27 2.5031e-23 8.2432e-15 4.0668e-13 ] 0.0000e+00 [ 0.0000e+00 ] 1.0000e+00
 1.745e+01 3.3991e-13 3.3991e-13 [ 2.9825e-36 3.7409e-28 4.9996e-27 4.1451e-27 1.8934e-23 6.7139e-15 3.3320e-13 ] 0.0000e+00 [ 0.0000e+00 ] 1.0000e+00
 1.757e+01 2.7844e-13 2.7844e-13 [ 1.2481e-36 1.9613e-28 2.8454e-27 3.0055e-27 1.4322e-23 5.4670e-15 2.7297e-13 ] 0.0000e+00 [ 0.0000e+00 ] 1.0000e+00
 1.768e+01 2.2805e-13 2.2805e-13 [ 5.2047e-37 1.0263e-28 1.6178e-27 2.1938e-27 1.0833e-23 4.4506e-15 2.2360e-13 ] 0.0000e+00 [ 0.0000e+00 ] 1.0000e+00
 1.779e+01 1.8677e-13 1.8677e-13 [ 2.1627e-37 5.3597e-29 9.1896e-28 1.6108e-27 8.1934e-24 3.6222e-15 1.8315e-13 ] 0.0000e+00 [ 0.0000e+00 ] 1.0000e+00
 1.791e+01 1.5294e-13 1.5294e-13 [ 8.9553e-38 2.7936e-29 5.2148e-28 1.1887e-27 6.1969e-24 2.9472e-15 1.4999e-13 ] 0.0000e+00 [ 0.0000e+00 ] 1.0000e+00
 1.802e+01 1.2523e-13 1.2523e-13 [ 3.6954e-38 1.4532e-29 2.9564e-28 8.8099e-28 4.6868e-24 2.3974e-15 1.2283e-13 ] 0.0000e+00 [ 0.0000e+00 ] 1.0000e+00
 1.813e+01 1.0252e-13 1.0252e-13 [ 1.5197e-38 7.5452e-30 1.6744e-28 6.5530e-28 3.5446e-24 1.9497e-15 1.0057e-13 ] 0.0000e+00 [ 0.0000e+00 ] 1.0000e+00
 1.825e+01 8.3926e-14 8.3926e-14 [ 6.2282e-39 3.9100e-30 9.4745e-29 4.8889e-28 2.6807e-24 1.5851e-15 8.2341e-14 ] 0.0000e+00 [ 0.0000e+00 ] 1.0000e+00
 1.836e+01 6.8694e-14 6.8694e-14 [ 2.5440e-39 2.0223e-30 5.3560e-29 3.6566e-28 2.0273e-24 1.2884e-15 6.7406e-14 ] 0.0000e+00 [ 0.0000e+00 ] 1.0000e+00
 1.847e+01 5.6220e-14 5.6220e-14 [ 1.0357e-39 1.0440e-30 3.0249e-29 2.7405e-28 1.5331e-24 1.0469e-15 5.5173e-14 ] 0.0000e+00 [ 0.0000e+00 ] 1.0000e+00
 1.859e+01 4.6005e-14 4.6005e-14 [ 4.2026e-40 5.3791e-31 1.7068e-29 2.0574e-28 1.1593e-24 8.5042e-16 4.5155e-14 ] 0.0000e+00 [ 0.0000e+00 ] 1.0000e+00
 1.870e+01 3.7642e-14 3.7642e-14 [ 1.6998e-40 2.7663e-31 9.6216e-30 1.5467e-28 8.7669e-25 6.9062e-16 3.6951e-14 ] 0.0000e+00 [ 0.0000e+00 ] 1.0000e+00
 1.881e+01 3.0795e-14 3.0795e-14 [ 6.8529e-41 1.4200e-31 5.4189e-30 1.1640e-28 6.6294e-25 5.6068e-16 3.0234e-14 ] 0.0000e+00 [ 0.0000e+00 ] 1.0000e+00
 1.893e+01 2.5190e-14 2.5190e-14 [ 2.7540e-41 7.2753e-32 3.0491e-30 8.7683e-29 5.0129e-25 4.5505e-16 2.4735e-14 ] 0.0000e+00 [ 0.0000e+00 ] 1.0000e+00
 1.904e+01 2.0602e-14 2.0602e-14 [ 1.1033e-41 3.7205e-32 1.7141e-30 6.6097e-29 3.7906e-25 3.6921e-16 2.0233e-14 ] 0.0000e+00 [ 0.0000e+00 ] 1.0000e+00
 1.915e+01 1.6848e-14 1.6848e-14 [ 4.4063e-42 1.8991e-32 9.6267e-31 4.9854e-29 2.8662e-25 2.9946e-16 1.6548e-14 ] 0.0000e+00 [ 0.0000e+00 ] 1.0000e+00
 1.927e+01 1.3775e-14 1.3775e-14 [ 1.7543e-42 9.6757e-33 5.4017e-31 3.7620e-29 2.1672e-25 2.4282e-16 1.3533e-14 ] 0.0000e+00 [ 0.0000e+00 ] 1.0000e+00
 1.938e+01 1.1262e-14 1.1262e-14 [ 6.9634e-43 4.9205e-33 3.0282e-31 2.8399e-29 1.6387e-25 1.9682e-16 1.1065e-14 ] 0.0000e+00 [ 0.0000e+00 ] 1.0000e+00
 1.949e+01 9.2054e-15 9.2054e-15 [ 2.7557e-43 2.4977e-33 1.6960e-31 2.1444e-29 1.2390e-25 1.5949e-16 9.0459e-15 ] 0.0000e+00 [ 0.0000e+00 ] 1.0000e+00
 1.961e+01 7.5234e-15 7.5234e-15 [ 1.0873e-43 1.2655e-33 9.4901e-32 1.6196e-29 9.3681e-26 1.2919e-16 7.3942e-15 ] 0.0000e+00 [ 0.0000e+00 ] 1.0000e+00
 1.972e+01 6.1478e-15 6.1478e-15 [ 4.2775e-44 6.4003e-34 5.3053e-32 1.2235e-29 7.0830e-26 1.0461e-16 6.0432e-15 ] 0.0000e+00 [ 0.0000e+00 ] 1.0000e+00
 1.983e+01 5.0229e-15 5.0229e-15 [ 1.6779e-44 3.2310e-34 2.9631e-32 9.2441e-30 5.3553e-26 8.4679e-17 4.9382e-15 ] 0.0000e+00 [ 0.0000e+00 ] 1.0000e+00
 1.995e+01 4.1032e-15 4.1032e-15 [ 6.5630e-45 1.6281e-34 1.6534e-32 6.9850e-30 4.0490e-26 6.8521e-17 4.0346e-15 ] 0.0000e+00 [ 0.0000e+00 ] 1.0000e+00
 2.006e+01 3.3513e-15 3.3513e-15 [ 2.5598e-45 8.1887e-35 9.2170e-33 5.2785e-30 3.0612e-26 5.5426e-17 3.2959e-15 ] 0.0000e+00 [ 0.0000e+00 ] 1.0000e+00
 2.017e+01 2.7367e-15 2.7367e-15 [ 9.9559e-46 4.1112e-35 5.1333e-33 3.9892e-30 2.3145e-26 4.4816e-17 2.6919e-15 ] 0.0000e+00 [ 0.0000e+00 ] 1.0000e+00
 2.029e+01 2.2345e-15 2.2345e-15 [ 3.8615e-46 2.0603e-35 2.8562e-33 3.0150e-30 1.7498e-26 3.6224e-17 2.1982e-15 ] 0.0000e+00 [ 0.0000e+00 ] 1.0000e+00
 2.040e+01 1.8241e-15 1.8241e-15 [ 1.4937e-46 1.0306e-35 1.5877e-33 2.2788e-30 1.3229e-26 2.9268e-17 1.7948e-15 ] 0.0000e+00 [ 0.0000e+00 ] 1.0000e+00
 2.051e+01 1.4888e-15 1.4888e-15 [ 5.7619e-47 5.1464e-36 8.8175e-34 1.7224e-30 1.0002e-26 2.3639e-17 1.4651e-15 ] 0.0000e+00 [ 0.0000e+00 ] 1.0000e+00
 2.063e+01 1.2149e-15 1.2149e-15 [ 2.2168e-47 2.5651e-36 4.8921e-34 1.3019e-30 7.5614e-27 1.9085e-17 1.1958e-15 ] 0.0000e+00 [ 0.0000e+00 ] 1.0000e+00
 2.074e+01 9.9120e-16 9.9120e-16 [ 8.5062e-48 1.2762e-36 2.7116e-34 9.8408e-31 5.7165e-27 1.5402e-17 9.7580e-16 ] 0.0000e+00 [ 0.0000e+00 ] 1.0000e+00
 2.085e+01 8.0854e-16 8.0854e-16 [ 3.2555e-48 6.3383e-37 1.5015e-34 7.4385e-31 4.3217e-27 1.2424e-17 7.9612e-16 ] 0.0000e+00 [ 0.0000e+00 ] 1.0000e+00
 2.097e+01 6.5942e-16 6.5942e-16 [ 1.2427e-48 3.1422e-37 8.3065e-35 5.6228e-31 3.2672e-27 1.0018e-17 6.4940e-16 ] 0.0000e+00 [ 0.0000e+00 ] 1.0000e+00
 2.108e+01 5.3769e-16 5.3769e-16 [ 4.7319e-49 1.5549e-37 4.5907e-35 4.2503e-31 2.4700e-27 8.0750e-18 5.2962e-16 ] 0.0000e+00 [ 0.0000e+00 ] 1.0000e+00
 2.119e+01 4.3834e-16 4.3834e-16 [ 1.7972e-49 7.6810e-38 2.5346e-35 3.2128e-31 1.8673e-27 6.5058e-18 4.3184e-16 ] 0.0000e+00 [ 0.0000e+00 ] 1.0000e+00
 2.131e+01 3.5728e-16 3.5728e-16 [ 6.8092e-50 3.7875e-38 1.3980e-35 2.4286e-31 1.4117e-27 5.2392e-18 3.5204e-16 ] 0.0000e+00 [ 0.0000e+00 ] 1.0000e+00
 2.142e+01 2.9115e-16 2.9115e-16 [ 2.5735e-50 1.8642e-38 7.7032e-36 1.8358e-31 1.0672e-27 4.2174e-18 2.8693e-16 ] 0.0000e+00 [ 0.0000e+00 ] 1.0000e+00
 2.153e+01 2.3720e-16 2.3720e-16 [ 9.7030e-51 9.1597e-39 4.2403e-36 1.3877e-31 8.0676e-28 3.3933e-18 2.3381e-16 ] 0.0000e+00 [ 0.0000e+00 ] 1.0000e+00
 2.165e+01 1.9321e-16 1.9321e-16 [ 3.6496e-51 4.4925e-39 2.3318e-36 1.0490e-31 6.0989e-28 2.7291e-18 1.9048e-16 ] 0.0000e+00 [ 0.0000e+00 ] 1.0000e+00
 2.176e+01 1.5734e-16 1.5734e-16 [ 1.3695e-51 2.1995e-39 1.2810e-36 7.9295e-32 4.6106e-28 2.1938e-18 1.5515e-16 ] 0.0000e+00 [ 0.0000e+00 ] 1.0000e+00
 2.187e+01 1.2811e-16 1.2811e-16 [ 5.1272e-52 1.0750e-39 7.0298e-37 5.9940e-32 3.4854e-28 1.7627e-18 1.2634e-16 ] 0.0000e+00 [ 0.0000e+00 ] 1.0000e+00
 2.199e+01 1.0428e-16 1.0428e-16 [ 1.9151e-52 5.2443e-40 3.8539e-37 4.5310e-32 2.6348e-28 1.4157e-18 1.0286e-16 ] 0.0000e+00 [ 0.0000e+00 ] 1.0000e+00
 2.210e+01 8.4859e-17 8.4859e-17 [ 7.1370e-53 2.5540e-40 2.1106e-37 3.4250e-32 1.9918e-28 1.1364e-18 8.3723e-17 ] 0.0000e+00 [ 0.0000e+00 ] 1.0000e+00
 2.221e+01 6.9042e-17 6.9042e-17 [ 2.6538e-53 1.2416e-40 1.1547e-37 2.5890e-32 1.5057e-28 9.1182e-19 6.8130e-17 ] 0.0000e+00 [ 0.0000e+00 ] 1.0000e+00
 2.233e+01 5.6159e-17 5.6159e-17 [ 9.8459e-54 6.0255e-41 6.3106e-38 1.9571e-32 1.1383e-28 7.3124e-19 5.5427e-17 ] 0.0000e+00 [ 0.0000e+00 ] 1.0000e+00
 2.244e+01 4.5668e-17 4.5668e-17 [ 3.6450e-54 2.9190e-41 3.4452e-38 1.4794e-32 8.6046e-29 5.8614e-19 4.5082e-17 ] 0.0000e+00 [ 0.0000e+00 ] 1.0000e+00
 2.255e+01 3.7128e-17 3.7128e-17 [ 1.3465e-54 1.4116e-41 1.8789e-38 1.1183e-32 6.5046e-29 4.6959e-19 3.6658e-17 ] 0.0000e+00 [ 0.0000e+00 ] 1.0000e+00
 2.267e+01 3.0177e-17 3.0177e-17 [ 4.9634e-55 6.8143e-42 1.0236e-38 8.4532e-33 4.9171e-29 3.7603e-19 2.9801e-17 ] 0.0000e+00 [ 0.0000e+00 ] 1.0000e+00
 2.278e+01 2.4521e-17 2.4521e-17 [ 1.8258e-55 3.2838e-42 5.5706e-39 6.3899e-33 3.7170e-29 3.0095e-19 2.4220e-17 ] 0.0000e+00 [ 0.0000e+00 ] 1.0000e+00
 2.289e+01 1.9920e-17 1.9920e-17 [ 6.7020e-56 1.5797e-42 3.0283e-39 4.8302e-33 2.8098e-29 2.4074e-19 1.9679e-17 ] 0.0000e+00 [ 0.0000e+00 ] 1.0000e+00
 2.301e+01 1.6178e-17 1.6178e-17 [ 2.4551e-56 7.5862e-43 1.6445e-39 3.6512e-33 2.1241e-29 1.9248e-19 1.5985e-17 ] 0.0000e+00 [ 0.0000e+00 ] 1.0000e+00
 2.312e+01 1.3135e-17 1.3135e-17 [ 8.9755e-57 3.6367e-43 8.9206e-40 2.7599e-33 1.6056e-29 1.5381e-19 1.2981e-17 ] 0.0000e+00 [ 0.0000e+00 ] 1.0000e+00
 2.323e+01 1.0662e-17 1.0662e-17 [ 3.2747e-57 1.7404e-43 4.8338e-40 2.0863e-33 1.2138e-29 1.2285e-19 1.0539e-17 ] 0.0000e+00 [ 0.0000e+00 ] 1.0000e+00
 2.335e+01 8.6514e-18 8.6514e-18 [ 1.1924e-57 8.3144e-44 2.6164e-40 1.5770e-33 9.1751e-30 9.8062e-20 8.5534e-18 ] 0.0000e+00 [ 0.0000e+00 ] 1.0000e+00
 2.346e+01 7.0182e-18 7.0182e-18 [ 4.3335e-58 3.9652e-44 1.4146e-40 1.1921e-33 6.9357e-30 7.8236e-20 6.9400e-18 ] 0.0000e+00 [ 0.0000e+00 ] 1.0000e+00
 2.357e+01 5.6917e-18 5.6917e-18 [ 1.5718e-58 1.8877e-44 7.6402e-41 9.0110e-34 5.2429e-30 6.2384e-20 5.6293e-18 ] 0.0000e+00 [ 0.0000e+00 ] 1.0000e+00
 2.369e+01 4.6145e-18 4.6145e-18 [ 5.6905e-59 8.9718e-45 4.1218e-41 6.8114e-34 3.9632e-30 4.9717e-20 4.5648e-18 ] 0.0000e+00 [ 0.0000e+00 ] 1.0000e+00
 2.380e+01 3.7401e-18 3.7401e-18 [ 2.0562e-59 4.2566e-45 2.2212e-41 5.1488e-34 2.9959e-30 3.9600e-20 3.7005e-18 ] 0.0000e+00 [ 0.0000e+00 ] 1.0000e+00
 2.391e+01 3.0304e-18 3.0304e-18 [ 7.4161e-60 2.0161e-45 1.1956e-41 3.8920e-34 2.2647e-30 3.1524e-20 2.9989e-18 ] 0.0000e+00 [ 0.0000e+00 ] 1.0000e+00
 2.403e+01 2.4546e-18 2.4546e-18 [ 2.6698e-60 9.5324e-46 6.4287e-42 2.9419e-34 1.7119e-30 2.5082e-20 2.4296e-18 ] 0.0000e+00 [ 0.0000e+00 ] 1.0000e+00
 2.414e+01 1.9876e-18 1.9876e-18 [ 9.5940e-61 4.4994e-46 3.4528e-42 2.2238e-34 1.2940e-30 1.9944e-20 1.9677e-18 ] 0.0000e+00 [ 0.0000e+00 ] 1.0000e+00
 2.425e+01 1.6090e-18 1.6090e-18 [ 3.4414e-61 2.1202e-46 1.8523e-42 1.6810e-34 9.7819e-31 1.5850e-20 1.5931e-18 ] 0.0000e+00 [ 0.0000e+00 ] 1.0000e+00
 2.437e+01 1.3020e-18 1.3020e-18 [ 1.2322e-61 9.9735e-47 9.9261e-43 1.2706e-34 7.3943e-31 1.2590e-20 1.2894e-18 ] 0.0000e+00 [ 0.0000e+00 ] 1.0000e+00
 2.448e+01 1.0533e-18 1.0533e-18 [ 4.4045e-62 4.6837e-47 5.3131e-43 9.6048e-35 5.5895e-31 9.9939e-21 1.0433e-18 ] 0.0000e+00 [ 0.0000e+00 ] 1.0000e+00
 2.459e+01 8.5174e-19 8.5174e-19 [ 1.5716e-62 2.1958e-47 2.8407e-43 7.2602e-35 4.2251e-31 7.9288e-21 8.4381e-19 ] 0.0000e+00 [ 0.0000e+00 ] 1.0000e+00
 2.471e+01 6.8855e-19 6.8855e-19 [ 5.5979e-63 1.0277e-47 1.5170e-43 5.4880e-35 3.1938e-31 6.2868e-21 6.8227e-19 ] 0.0000e+00 [ 0.0000e+00 ] 1.0000e+00
 2.482e+01 5.5644e-19 5.5644e-19 [ 1.9906e-63 4.8016e-48 8.0923e-44 4.1483e-35 2.4142e-31 4.9820e-21 5.5146e-19 ] 0.0000e+00 [ 0.0000e+00 ] 1.0000e+00
 2.493e+01 4.4952e-19 4.4952e-19 [ 7.0665e-64 2.2397e-48 4.3118e-44 3.1357e-35 1.8250e-31 3.9457e-21 4.4557e-19 ] 0.0000e+00 [ 0.0000e+00 ] 1.0000e+00
 2.505e+01 3.6301e-19 3.6301e-19 [ 2.5044e-64 1.0429e-48 2.2947e-44 2.3703e-35 1.3795e-31 3.1231e-21 3.5989e-19 ] 0.0000e+00 [ 0.0000e+00 ] 1.0000e+00
 2.516e+01 2.9305e-19 2.9305e-19 [ 8.8612e-65 4.8484e-49 1.2199e-44 1.7917e-35 1.0428e-31 2.4706e-21 2.9057e-19 ] 0.0000e+00 [ 0.0000e+00 ] 1.0000e+00
 2.527e+01 2.3648e-19 2.3648e-19 [ 3.1302e-65 2.2501e-49 6.4772e-45 1.3543e-35 7.8824e-32 1.9533e-21 2.3453e-19 ] 0.0000e+00 [ 0.0000e+00 ] 1.0000e+00
 2.539e+01 1.9076e-19 1.9076e-19 [ 1.1040e-65 1.0425e-49 3.4353e-45 1.0237e-35 5.9583e-32 1.5433e-21 1.8922e-19 ] 0.0000e+00 [ 0.0000e+00 ] 1.0000e+00
 2.550e+01 1.5383e-19 1.5383e-19 [ 3.8872e-66 4.8224e-50 1.8198e-45 7.7380e-36 4.5039e-32 1.2187e-21 1.5261e-19 ] 0.0000e+00 [ 0.0000e+00 ] 1.0000e+00
 2.561e+01 1.2399e-19 1.2399e-19 [ 1.3666e-66 2.2269e-50 9.6290e-46 5.8490e-36 3.4045e-32 9.6182e-22 1.2303e-19 ] 0.0000e+00 [ 0.0000e+00 ] 1.0000e+00
 2.573e+01 9.9909e-20 9.9909e-20 [ 4.7969e-67 1.0267e-50 5.0890e-46 4.4212e-36 2.5735e-32 7.5862e-22 9.9151e-20 ] 0.0000e+00 [ 0.0000e+00 ] 1.0000e+00
 2.584e+01 8.0472e-20 8.0472e-20 [ 1.6812e-67 4.7253e-51 2.6864e-46 3.3419e-36 1.9453e-32 5.9800e-22 7.9874e-20 ] 0.0000e+00 [ 0.0000e+00 ] 1.0000e+00
 2.595e+01 6.4790e-20 6.4790e-20 [ 5.8830e-68 2.1713e-51 1.4165e-46 2.5261e-36 1.4705e-32 4.7111e-22 6.4319e-20 ] 0.0000e+00 [ 0.0000e+00 ] 1.0000e+00
 2.607e+01 5.2144e-20 5.2144e-20 [ 2.0556e-68 9.9606e-52 7.4598e-47 1.9094e-36 1.1115e-32 3.7092e-22 5.1773e-20 ] 0.0000e+00 [ 0.0000e+00 ] 1.0000e+00
 2.618e+01 4.1949e-20 4.1949e-20 [ 7.1715e-69 4.5618e-52 3.9241e-47 1.4433e-36 8.4019e-33 2.9186e-22 4.1657e-20 ] 0.0000e+00 [ 0.0000e+00 ] 1.0000e+00
 2.629e+01 3.3734e-20 3.3734e-20 [ 2.4983e-69 2.0859e-52 2.0617e-47 1.0909e-36 6.3510e-33 2.2952e-22 3.3505e-20 ] 0.0000e+00 [ 0.0000e+00 ] 1.0000e+00
 2.641e+01 2.7117e-20 2.7117e-20 [ 8.6905e-70 9.5218e-53 1.0820e-47 8.2460e-37 4.8007e-33 1.8039e-22 2.6936e-20 ] 0.0000e+00 [ 0.0000e+00 ] 1.0000e+00
 2.652e+01 2.1788e-20 2.1788e-20 [ 3.0186e-70 4.3395e-53 5.6713e-48 6.2329e-37 3.6288e-33 1.4169e-22 2.1646e-20 ] 0.0000e+00 [ 0.0000e+00 ] 1.0000e+00
 2.663e+01 1.7499e-20 1.7499e-20 [ 1.0470e-70 1.9745e-53 2.9692e-48 4.7112e-37 2.7430e-33 1.1123e-22 1.7388e-20 ] 0.0000e+00 [ 0.0000e+00 ] 1.0000e+00
 2.675e+01 1.4049e-20 1.4049e-20 [ 3.6263e-71 8.9696e-54 1.5526e-48 3.5610e-37 2.0734e-33 8.7262e-23 1.3962e-20 ] 0.0000e+00 [ 0.0000e+00 ] 1.0000e+00
 2.686e+01 1.1274e-20 1.1274e-20 [ 1.2542e-71 4.0680e-54 8.1095e-49 2.6916e-37 1.5673e-33 6.8420e-23 1.1206e-20 ] 0.0000e+00 [ 0.0000e+00 ] 1.0000e+00
 2.697e+01 9.0433e-21 9.0433e-21 [ 4.3318e-72 1.8420e-54 4.2305e-49 2.0345e-37 1.1847e-33 5.3614e-23 8.9897e-21 ] 0.0000e+00 [ 0.0000e+00 ] 1.0000e+00
 2.709e+01 7.2508e-21 7.2508e-21 [ 1.4940e-72 8.3272e-55 2.2043e-49 1.5377e-37 8.9549e-34 4.1988e-23 7.2088e-21 ] 0.0000e+00 [ 0.0000e+00 ] 1.0000e+00
 2.720e+01 5.8110e-21 5.8110e-21 [ 5.1459e-73 3.7585e-55 1.1472e-49 1.1623e-37 6.7688e-34 3.2864e-23 5.7782e-21 ] 0.0000e+00 [ 0.0000e+00 ] 1.0000e+00
 2.731e+01 4.6551e-21 4.6551e-21 [ 1.7700e-73 1.6936e-55 5.9633e-50 8.7850e-38 5.1164e-34 2.5707e-23 4.6294e-21 ] 0.0000e+00 [ 0.0000e+00 ] 1.0000e+00
 2.743e+01 3.7274e-21 3.7274e-21 [ 6.0798e-74 7.6198e-56 3.0960e-50 6.6399e-38 3.8674e-34 2.0097e-23 3.7073e-21 ] 0.0000e+00 [ 0.0000e+00 ] 1.0000e+00
 2.754e+01 2.9833e-21 2.9833e-21 [ 2.0856e-74 3.4227e-56 1.6055e-50 5.0186e-38 2.9233e-34 1.5702e-23 2.9676e-21 ] 0.0000e+00 [ 0.0000e+00 ] 1.0000e+00
 2.765e+01 2.3866e-21 2.3866e-21 [ 7.1448e-75 1.5350e-56 8.3156e-51 3.7931e-38 2.2096e-34 1.2261e-23 2.3743e-21 ] 0.0000e+00 [ 0.0000e+00 ] 1.0000e+00
 2.777e+01 1.9084e-21 1.9084e-21 [ 2.4445e-75 6.8731e-57 4.3018e-51 2.8668e-38 1.6702e-34 9.5691e-24 1.8988e-21 ] 0.0000e+00 [ 0.0000e+00 ] 1.0000e+00
 2.788e+01 1.5253e-21 1.5253e-21 [ 8.3525e-76 3.0727e-57 2.2227e-51 2.1667e-38 1.2624e-34 7.4636e-24 1.5178e-21 ] 0.0000e+00 [ 0.0000e+00 ] 1.0000e+00
 2.799e+01 1.2185e-21 1.2185e-21 [ 2.8502e-76 1.3715e-57 1.1471e-51 1.6376e-38 9.5424e-35 5.8180e-24 1.2127e-21 ] 0.0000e+00 [ 0.0000e+00 ] 1.0000e+00
 2.811e+01 9.7303e-22 9.7303e-22 [ 9.7139e-77 6.1120e-58 5.9129e-52 1.2376e-38 7.2127e-35 4.5327e-24 9.6849e-22 ] 0.0000e+00 [ 0.0000e+00 ] 1.0000e+00
 2.822e+01 7.7661e-22 7.7661e-22 [ 3.3064e-77 2.7196e-58 3.0441e-52 9.3536e-39 5.4517e-35 3.5293e-24 7.7308e-22 ] 0.0000e+00 [ 0.0000e+00 ] 1.0000e+00
 2.833e+01 6.1955e-22 6.1955e-22 [ 1.1240e-77 1.2082e-58 1.5653e-52 7.0689e-39 4.1207e-35 2.7465e-24 6.1680e-22 ] 0.0000e+00 [ 0.0000e+00 ] 1.0000e+00
 2.845e+01 4.9401e-22 4.9401e-22 [ 3.8163e-78 5.3590e-59 8.0395e-53 5.3422e-39 3.1146e-35 2.1361e-24 4.9188e-22 ] 0.0000e+00 [ 0.0000e+00 ] 1.0000e+00
 2.856e+01 3.9373e-22 3.9373e-22 [ 1.2942e-78 2.3734e-59 4.1241e-53 4.0372e-39 2.3541e-35 1.6605e-24 3.9207e-22 ] 0.0000e+00 [ 0.0000e+00 ] 1.0000e+00
 2.867e+01 3.1365e-22 3.1365e-22 [ 4.3832e-79 1.0495e-59 2.1130e-53 3.0509e-39 1.7793e-35 1.2900e-24 3.1236e-22 ] 0.0000e+00 [ 0.0000e+00 ] 1.0000e+00
 2.879e+01 2.4973e-22 2.4973e-22 [ 1.4828e-79 4.6335e-60 1.0813e-53 2.3055e-39 1.3448e-35 1.0016e-24 2.4873e-22 ] 0.0000e+00 [ 0.0000e+00 ] 1.0000e+00
 2.890e+01 1.9875e-22 1.9875e-22 [ 5.0098e-80 2.0425e-60 5.5267e-54 1.7422e-39 1.0164e-35 7.7732e-25 1.9797e-22 ] 0.0000e+00 [ 0.0000e+00 ] 1.0000e+00
 2.901e+01 1.5809e-22 1.5809e-22 [ 1.6907e-80 8.9902e-61 2.8214e-54 1.3165e-39 7.6820e-36 6.0290e-25 1.5749e-22 ] 0.0000e+00 [ 0.0000e+00 ] 1.0000e+00
 2.913e+01 1.2569e-22 1.2569e-22 [ 5.6987e-81 3.9510e-61 1.4386e-54 9.9473e-40 5.8060e-36 4.6737e-25 1.2522e-22 ] 0.0000e+00 [ 0.0000e+00 ] 1.0000e+00
 2.924e+01 9.9881e-23 9.9881e-23 [ 1.9186e-81 1.7337e-61 7.3261e-55 7.5161e-40 4.3880e-36 3.6212e-25 9.9519e-23 ] 0.0000e+00 [ 0.0000e+00 ] 1.0000e+00
 2.935e+01 7.9331e-23 7.9331e-23 [ 6.4519e-82 7.5959e-62 3.7264e-55 5.6789e-40 3.3163e-36 2.8042e-25 7.9051e-23 ] 0.0000e+00 [ 0.0000e+00 ] 1.0000e+00
 2.947e+01 6.2978e-23 6.2978e-23 [ 2.1671e-82 3.3230e-62 1.8931e-55 4.2906e-40 2.5062e-36 2.1704e-25 6.2761e-23 ] 0.0000e+00 [ 0.0000e+00 ] 1.0000e+00
 2.958e+01 4.9971e-23 4.9971e-23 [ 7.2709e-83 1.4515e-62 9.6060e-56 3.2415e-40 1.8940e-36 1.6789e-25 4.9803e-23 ] 0.0000e+00 [ 0.0000e+00 ] 1.0000e+00
 2.969e+01 3.9630e-23 3.9630e-23 [ 2.4367e-83 6.3307e-63 4.8684e-56 2.4489e-40 1.4313e-36 1.2981e-25 3.9501e-23 ] 0.0000e+00 [ 0.0000e+00 ] 1.0000e+00
 2.981e+01 3.1414e-23 3.1414e-23 [ 8.1566e-84 2.7570e-63 2.4643e-56 1.8499e-40 1.0816e-36 1.0031e-25 3.1313e-23 ] 0.0000e+00 [ 0.0000e+00 ] 1.0000e+00
 2.992e+01 2.4888e-23 2.4888e-23 [ 2.7273e-84 1.1988e-63 1.2459e-56 1.3974e-40 8.1736e-37 7.7481e-26 2.4810e-23 ] 0.0000e+00 [ 0.0000e+00 ] 1.0000e+00
 3.003e+01 1.9708e-23 1.9708e-23 [ 9.1092e-85 5.2052e-64 6.2913e-57 1.0555e-40 6.1763e-37 5.9815e-26 1.9648e-23 ] 0.0000e+00 [ 0.0000e+00 ] 1.0000e+00
 3.015e+01 1.5598e-23 1.5598e-23 [ 3.0391e-85 2.2567e-64 3.1730e-57 7.9724e-41 4.6669e-37 4.6154e-26 1.5552e-23 ] 0.0000e+00 [ 0.0000e+00 ] 1.0000e+00
 3.026e+01 1.2339e-23 1.2339e-23 [ 1.0128e-85 9.7691e-65 1.5984e-57 6.0211e-41 3.5262e-37 3.5596e-26 1.2303e-23 ] 0.0000e+00 [ 0.0000e+00 ] 1.0000e+00
 3.037e+01 9.7555e-24 9.7555e-24 [ 3.3717e-86 4.2228e-65 8.0419e-58 4.5471e-41 2.6642e-37 2.7440e-26 9.7281e-24 ] 0.0000e+00 [ 0.0000e+00 ] 1.0000e+00
 3.049e+01 7.7092e-24 7.7092e-24 [ 1.1212e-86 1.8226e-65 4.0412e-58 3.4337e-41 2.0129e-37 2.1142e-26 7.6880e-24 ] 0.0000e+00 [ 0.0000e+00 ] 1.0000e+00
 3.060e+01 6.0890e-24 6.0890e-24 [ 3.7246e-87 7.8552e-66 2.0284e-58 2.5927e-41 1.5207e-37 1.6282e-26 6.0727e-24 ] 0.0000e+00 [ 0.0000e+00 ] 1.0000e+00
 3.071e+01 4.8068e-24 4.8068e-24 [ 1.2359e-87 3.3805e-66 1.0168e-58 1.9576e-41 1.1488e-37 1.2534e-26 4.7943e-24 ] 0.0000e+00 [ 0.0000e+00 ] 1.0000e+00
 3.083e+01 3.7926e-24 3.7926e-24 [ 4.0970e-88 1.4527e-66 5.0912e-59 1.4778e-41 8.6779e-38 9.6435e-27 3.7830e-24 ] 0.0000e+00 [ 0.0000e+00 ] 1.0000e+00
 3.094e+01 2.9909e-24 2.9909e-24 [ 1.3567e-88 6.2334e-67 2.5461e-59 1.1156e-41 6.5548e-38 7.4165e-27 2.9835e-24 ] 0.0000e+00 [ 0.0000e+00 ] 1.0000e+00
 3.105e+01 2.3574e-24 2.3574e-24 [ 4.4877e-89 2.6709e-67 1.2717e-59 8.4204e-42 4.9508e-38 5.7012e-27 2.3517e-24 ] 0.0000e+00 [ 0.0000e+00 ] 1.0000e+00
 3.117e+01 1.8572e-24 1.8572e-24 [ 1.4830e-89 1.1427e-67 6.3444e-60 6.3550e-42 3.7390e-38 4.3807e-27 1.8528e-24 ] 0.0000e+00 [ 0.0000e+00 ] 1.0000e+00
 3.128e+01 1.4623e-24 1.4623e-24 [ 4.8955e-90 4.8822e-68 3.1613e-60 4.7956e-42 2.8236e-38 3.3646e-27 1.4590e-24 ] 0.0000e+00 [ 0.0000e+00 ] 1.0000e+00
 3.139e+01 1.1508e-24 1.1508e-24 [ 1.6144e-90 2.0829e-68 1.5733e-60 3.6184e-42 2.1321e-38 2.5830e-27 1.1482e-24 ] 0.0000e+00 [ 0.0000e+00 ] 1.0000e+00
 3.151e+01 9.0520e-25 9.0520e-25 [ 5.3186e-91 8.8732e-69 7.8205e-61 2.7298e-42 1.6098e-38 1.9822e-27 9.0322e-25 ] 0.0000e+00 [ 0.0000e+00 ] 1.0000e+00
 3.162e+01 7.1163e-25 7.1163e-25 [ 1.7504e-91 3.7747e-69 3.8827e-61 2.0592e-42 1.2154e-38 1.5205e-27 7.1011e-25 ] 0.0000e+00 [ 0.0000e+00 ] 1.0000e+00
 3.173e+01 5.5917e-25 5.5917e-25 [ 5.7552e-92 1.6035e-69 1.9253e-61 1.5531e-42 9.1746e-39 1.1658e-27 5.5800e-25 ] 0.0000e+00 [ 0.0000e+00 ] 1.0000e+00
 3.185e+01 4.3914e-25 4.3914e-25 [ 1.8903e-92 6.8018e-70 9.5358e-62 1.1711e-42 6.9249e-39 8.9353e-28 4.3825e-25 ] 0.0000e+00 [ 0.0000e+00 ] 1.0000e+00
 3.196e+01 3.4470e-25 3.4470e-25 [ 6.2030e-93 2.8812e-70 4.7171e-62 8.8300e-43 5.2262e-39 6.8457e-28 3.4402e-25 ] 0.0000e+00 [ 0.0000e+00 ] 1.0000e+00
 3.207e+01 2.7043e-25 2.7043e-25 [ 2.0335e-93 1.2187e-70 2.3307e-62 6.6564e-43 3.9436e-39 5.2427e-28 2.6991e-25 ] 0.0000e+00 [ 0.0000e+00 ] 1.0000e+00
 3.219e+01 2.1205e-25 2.1205e-25 [ 6.6597e-94 5.1479e-71 1.1502e-62 5.0169e-43 2.9754e-39 4.0135e-28 2.1165e-25 ] 0.0000e+00 [ 0.0000e+00 ] 1.0000e+00
 3.230e+01 1.6619e-25 1.6619e-25 [ 2.1790e-94 2.1715e-71 5.6691e-63 3.7804e-43 2.2445e-39 3.0714e-28 1.6589e-25 ] 0.0000e+00 [ 0.0000e+00 ] 1.0000e+00
 3.241e+01 1.3018e-25 1.3018e-25 [ 7.1225e-95 9.1466e-72 2.7909e-63 2.8481e-43 1.6929e-39 2.3495e-28 1.2995e-25 ] 0.0000e+00 [ 0.0000e+00 ] 1.0000e+00
 3.253e+01 1.0192e-25 1.0192e-25 [ 2.3260e-95 3.8474e-72 1.3723e-63 2.1453e-43 1.2766e-39 1.7966e-28 1.0174e-25 ] 0.0000e+00 [ 0.0000e+00 ] 1.0000e+00
 3.264e+01 7.9757e-26 7.9757e-26 [ 7.5887e-96 1.6161e-72 6.7396e-64 1.6155e-43 9.6253e-40 1.3734e-28 7.9619e-26 ] 0.0000e+00 [ 0.0000e+00 ] 1.0000e+00
 3.275e+01 6.2379e-26 6.2379e-26 [ 2.4736e-96 6.7792e-73 3.3060e-64 1.2162e-43 7.2557e-40 1.0495e-28 6.2274e-26 ] 0.0000e+00 [ 0.0000e+00 ] 1.0000e+00
 3.287e+01 4.8763e-26 4.8763e-26 [ 8.0553e-97 2.8398e-73 1.6197e-64 9.1543e-44 5.4682e-40 8.0169e-29 4.8683e-26 ] 0.0000e+00 [ 0.0000e+00 ] 1.0000e+00
 3.298e+01 3.8100e-26 3.8100e-26 [ 2.6208e-97 1.1879e-73 7.9262e-65 6.8883e-44 4.1202e-40 6.1219e-29 3.8039e-26 ] 0.0000e+00 [ 0.0000e+00 ] 1.0000e+00
 3.309e+01 2.9753e-26 2.9753e-26 [ 8.5191e-98 4.9626e-74 3.8740e-65 5.1818e-44 3.1037e-40 4.6733e-29 2.9706e-26 ] 0.0000e+00 [ 0.0000e+00 ] 1.0000e+00
 3.321e+01 2.3223e-26 2.3223e-26 [ 2.7667e-98 2.0703e-74 1.8912e-65 3.8968e-44 2.3374e-40 3.5664e-29 2.3188e-26 ] 0.0000e+00 [ 0.0000e+00 ] 1.0000e+00
 3.332e+01 1.8117e-26 1.8117e-26 [ 8.9769e-99 8.6252e-75 9.2216e-66 2.9296e-44 1.7598e-40 2.7207e-29 1.8090e-26 ] 0.0000e+00 [ 0.0000e+00 ] 1.0000e+00
 3.343e+01 1.4127e-26 1.4127e-26 [ 2.9101e-99 3.5885e-75 4.4910e-66 2.2017e-44 1.3245e-40 2.0749e-29 1.4106e-26 ] 0.0000e+00 [ 0.0000e+00 ] 1.0000e+00
 3.355e+01 1.1010e-26 1.1010e-26 [ 9.4253e-100 1.4910e-75 2.1846e-66 1.6541e-44 9.9664e-41 1.5820e-29 1.0994e-26 ] 0.0000e+00 [ 0.0000e+00 ] 1.0000e+00
 3.366e+01 8.5764e-27 8.5764e-27 [ 3.0500e-100 6.1867e-76 1.0614e-66 1.2423e-44 7.4967e-41 1.2057e-29 8.5643e-27 ] 0.0000e+00 [ 0.0000e+00 ] 1.0000e+00
 3.377e+01 6.6774e-27 6.6774e-27 [ 9.8613e-101 2.5636e-76 5.1505e-67 9.3261e-45 5.6370e-41 9.1871e-30 6.6682e-27 ] 0.0000e+00 [ 0.0000e+00 ] 1.0000e+00
 3.389e+01 5.1963e-27 5.1963e-27 [ 3.1855e-101 1.0609e-76 2.4964e-67 6.9985e-45 4.2371e-41 6.9980e-30 5.1893e-27 ] 0.0000e+00 [ 0.0000e+00 ] 1.0000e+00
 3.400e+01 4.0418e-27 4.0418e-27 [ 1.0281e-101 4.3845e-77 1.2086e-67 5.2497e-45 3.1836e-41 5.3290e-30 4.0364e-27 ] 0.0000e+00 [ 0.0000e+00 ] 1.0000e+00
 3.411e+01 3.1422e-27 3.1422e-27 [ 3.3155e-102 1.8096e-77 5.8439e-68 3.9361e-45 2.3911e-41 4.0569e-30 3.1381e-27 ] 0.0000e+00 [ 0.0000e+00 ] 1.0000e+00
 3.423e+01 2.4417e-27 2.4417e-27 [ 1.0683e-102 7.4589e-78 2.8224e-68 2.9499e-45 1.7951e-41 3.0875e-30 2.4386e-27 ] 0.0000e+00 [ 0.0000e+00 ] 1.0000e+00
 3.434e+01 1.8964e-27 1.8964e-27 [ 3.4390e-103 3.0704e-78 1.3615e-68 2.2097e-45 1.3470e-41 2.3491e-30 1.8940e-27 ] 0.0000e+00 [ 0.0000e+00 ] 1.0000e+00
 3.445e+01 1.4722e-27 1.4722e-27 [ 1.1062e-103 1.2623e-78 6.5599e-69 1.6544e-45 1.0103e-41 1.7867e-30 1.4704e-27 ] 0.0000e+00 [ 0.0000e+00 ] 1.0000e+00
 3.457e+01 1.1423e-27 1.1423e-27 [ 3.5550e-104 5.1824e-79 3.1570e-69 1.2380e-45 7.5736e-42 1.3586e-30 1.1409e-27 ] 0.0000e+00 [ 0.0000e+00 ] 1.0000e+00
 3.468e+01 8.8593e-28 8.8593e-28 [ 1.1416e-104 2.1250e-79 1.5175e-69 9.2587e-46 5.6745e-42 1.0327e-30 8.8489e-28 ] 0.0000e+00 [ 0.0000e+00 ] 1.0000e+00
 3.479e+01 6.8676e-28 6.8676e-28 [ 3.6627e-105 8.7019e-80 7.2856e-70 6.9204e-46 4.2493e-42 7.8480e-31 6.8598e-28 ] 0.0000e+00 [ 0.0000e+00 ] 1.0000e+00
 3.491e+01 5.3213e-28 5.3213e-28 [ 1.1742e-105 3.5589e-80 3.4938e-70 5.1695e-46 3.1801e-42 5.9619e-31 5.3153e-28 ] 0.0000e+00 [ 0.0000e+00 ] 1.0000e+00
 3.502e+01 4.1211e-28 4.1211e-28 [ 3.7613e-106 1.4536e-80 1.6734e-70 3.8591e-46 2.3784e-42 4.5275e-31 4.1166e-28 ] 0.0000e+00 [ 0.0000e+00 ] 1.0000e+00
 3.513e+01 3.1902e-28 3.1902e-28 [ 1.2039e-106 5.9297e-81 8.0059e-71 2.8790e-46 1.7777e-42 3.4371e-31 3.1868e-28 ] 0.0000e+00 [ 0.0000e+00 ] 1.0000e+00
 3.525e+01 2.4684e-28 2.4684e-28 [ 3.8500e-107 2.4158e-81 3.8256e-71 2.1463e-46 1.3278e-42 2.6082e-31 2.4658e-28 ] 0.0000e+00 [ 0.0000e+00 ] 1.0000e+00
 3.536e+01 1.9091e-28 1.9091e-28 [ 1.2303e-107 9.8297e-82 1.8259e-71 1.5989e-46 9.9097e-43 1.9785e-31 1.9071e-28 ] 0.0000e+00 [ 0.0000e+00 ] 1.0000e+00
 3.547e+01 1.4758e-28 1.4758e-28 [ 3.9282e-108 3.9945e-82 8.7047e-72 1.1901e-46 7.3905e-43 1.5001e-31 1.4743e-28 ] 0.0000e+00 [ 0.0000e+00 ] 1.0000e+00
 3.559e+01 1.1404e-28 1.1404e-28 [ 1.2532e-108 1.6212e-82 4.1449e-72 8.8518e-47 5.5072e-43 1.1369e-31 1.1392e-28 ] 0.0000e+00 [ 0.0000e+00 ] 1.0000e+00
 3.570e+01 8.8075e-29 8.8075e-29 [ 3.9952e-109 6.5716e-83 1.9714e-72 6.5780e-47 4.1003e-43 8.6118e-32 8.7989e-29 ] 0.0000e+00 [ 0.0000e+00 ] 1.0000e+00
 3.581e+01 6.7995e-29 6.7995e-29 [ 1.2726e-109 2.6605e-83 9.3651e-73 4.8839e-47 3.0500e-43 6.5196e-32 6.7930e-29 ] 0.0000e+00 [ 0.0000e+00 ] 1.0000e+00
 3.593e+01 5.2469e-29 5.2469e-29 [ 4.0507e-110 1.0757e-83 4.4437e-73 3.6227e-47 2.2666e-43 4.9326e-32 5.2420e-29 ] 0.0000e+00 [ 0.0000e+00 ] 1.0000e+00
 3.604e+01 4.0471e-29 4.0471e-29 [ 1.2883e-110 4.3442e-84 2.1061e-73 2.6845e-47 1.6827e-43 3.7294e-32 4.0434e-29 ] 0.0000e+00 [ 0.0000e+00 ] 1.0000e+00
 3.615e+01 3.1203e-29 3.1203e-29 [ 4.0943e-111 1.7522e-84 9.9700e-74 1.9871e-47 1.2479e-43 2.8175e-32 3.1175e-29 ] 0.0000e+00 [ 0.0000e+00 ] 1.0000e+00
 3.627e+01 2.4046e-29 2.4046e-29 [ 1.3002e-111 7.0584e-85 4.7142e-74 1.4693e-47 9.2442e-44 2.1269e-32 2.4025e-29 ] 0.0000e+00 [ 0.0000e+00 ] 1.0000e+00
 3.638e+01 1.8523e-29 1.8523e-29 [ 4.1258e-112 2.8399e-85 2.2265e-74 1.0851e-47 6.8396e-44 1.6040e-32 1.8507e-29 ] 0.0000e+00 [ 0.0000e+00 ] 1.0000e+00
 3.649e+01 1.4263e-29 1.4263e-29 [ 1.3082e-112 1.1412e-85 1.0503e-74 8.0043e-48 5.0540e-44 1.2085e-32 1.4251e-29 ] 0.0000e+00 [ 0.0000e+00 ] 1.0000e+00
 3.661e+01 1.0977e-29 1.0977e-29 [ 4.1450e-113 4.5804e-86 4.9491e-75 5.8963e-48 3.7296e-44 9.0940e-33 1.0968e-29 ] 0.0000e+00 [ 0.0000e+00 ] 1.0000e+00
 3.672e+01 8.4450e-30 8.4450e-30 [ 1.3123e-113 1.8361e-86 2.3293e-75 4.3374e-48 2.7483e-44 6.8349e-33 8.4382e-30 ] 0.0000e+00 [ 0.0000e+00 ] 1.0000e+00
 3.683e+01 6.4940e-30 6.4940e-30 [ 4.1519e-114 7.3517e-87 1.0950e-75 3.1859e-48 2.0221e-44 5.1297e-33 6.4889e-30 ] 0.0000e+00 [ 0.0000e+00 ] 1.0000e+00
 3.695e+01 4.9915e-30 4.9915e-30 [ 1.3126e-114 2.9400e-87 5.1417e-76 2.3363e-48 1.4853e-44 3.8440e-33 4.9877e-30 ] 0.0000e+00 [ 0.0000e+00 ] 1.0000e+00
 3.706e+01 3.8349e-30 3.8349e-30 [ 4.1466e-115 1.1743e-87 2.4116e-76 1.7103e-48 1.0891e-44 2.8756e-33 3.8320e-30 ] 0.0000e+00 [ 0.0000e+00 ] 1.0000e+00
 3.717e+01 2.9449e-30 2.9449e-30 [ 1.3090e-115 4.6848e-88 1.1298e-76 1.2498e-48 7.9712e-45 2.1470e-33 2.9427e-30 ] 0.0000e+00 [ 0.0000e+00 ] 1.0000e+00
 3.729e+01 2.2603e-30 2.2603e-30 [ 4.1292e-116 1.8667e-88 5.2866e-77 9.1146e-49 5.8223e-45 1.5997e-33 2.2587e-30 ] 0.0000e+00 [ 0.0000e+00 ] 1.0000e+00
 3.740e+01 1.7340e-30 1.7340e-30 [ 1.3016e-116 7.4295e-89 2.4710e-77 6.6329e-49 4.2433e-45 1.1891e-33 1.7328e-30 ] 0.0000e+00 [ 0.0000e+00 ] 1.0000e+00
 3.751e+01 1.3294e-30 1.3294e-30 [ 4.1002e-117 2.9534e-89 1.1536e-77 4.8157e-49 3.0853e-45 8.8160e-34 1.3286e-30 ] 0.0000e+00 [ 0.0000e+00 ] 1.0000e+00
 3.763e+01 1.0187e-30 1.0187e-30 [ 1.2906e-117 1.1727e-89 5.3796e-78 3.4875e-49 2.2375e-45 6.5176e-34 1.0180e-30 ] 0.0000e+00 [ 0.0000e+00 ] 1.0000e+00
 3.774e+01 7.8000e-31 7.8000e-31 [ 4.0597e-118 4.6507e-90 2.5058e-78 2.5187e-49 1.6181e-45 4.8032e-34 7.7952e-31 ] 0.0000e+00 [ 0.0000e+00 ] 1.0000e+00
 3.785e+01 5.9679e-31 5.9679e-31 [ 1.2761e-118 1.8422e-90 1.1658e-78 1.8134e-49 1.1665e-45 3.5273e-34 5.9644e-31 ] 0.0000e+00 [ 0.0000e+00 ] 1.0000e+00
 3.797e+01 4.5619e-31 4.5619e-31 [ 4.0083e-119 7.2888e-91 5.4179e-79 1.3013e-49 8.3809e-46 2.5802e-34 4.5594e-31 ] 0.0000e+00 [ 0.0000e+00 ] 1.0000e+00
 3.808e+01 3.4834e-31 3.4834e-31 [ 1.2581e-119 2.8804e-91 2.5149e-79 9.3025e-50 5.9983e-46 1.8792e-34 3.4815e-31 ] 0.0000e+00 [ 0.0000e+00 ] 1.0000e+00
 3.819e+01 2.6563e-31 2.6563e-31 [ 3.9462e-120 1.1369e-91 1.1660e-79 6.6220e-50 4.2747e-46 1.3619e-34 2.6550e-31 ] 0.0000e+00 [ 0.0000e+00 ] 1.0000e+00
 3.831e+01 2.0223e-31 2.0223e-31 [ 1.2368e-120 4.4821e-92 5.3994e-80 4.6913e-50 3.0315e-46 9.8153e-35 2.0213e-31 ] 0.0000e+00 [ 0.0000e+00 ] 1.0000e+00
 3.842e+01 1.5363e-31 1.5363e-31 [ 3.8732e-121 1.7647e-92 2.4972e-80 3.3052e-50 2.1379e-46 7.0293e-35 1.5356e-31 ] 0.0000e+00 [ 0.0000e+00 ] 1.0000e+00
 3.853e+01 1.1639e-31 1.1639e-31 [ 1.2119e-121 6.9387e-93 1.1533e-80 2.3137e-50 1.4980e-46 4.9973e-35 1.1634e-31 ] 0.0000e+00 [ 0.0000e+00 ] 1.0000e+00
 3.865e+01 8.7849e-32 8.7849e-32 [ 3.7877e-122 2.7241e-93 5.3187e-81 1.6072e-50 1.0415e-46 3.5223e-35 8.7813e-32 ] 0.0000e+00 [ 0.0000e+00 ] 1.0000e+00
 3.876e+01 6.5979e-32 6.5979e-32 [ 1.1822e-122 1.0675e-93 2.4483e-81 1.1062e-50 7.1737e-47 2.4573e-35 6.5954e-32 ] 0.0000e+00 [ 0.0000e+00 ] 1.0000e+00
 3.887e+01 4.9211e-32 4.9211e-32 [ 3.6832e-123 4.1734e-94 1.1243e-81 7.5262e-51 4.8842e-47 1.6928e-35 4.9194e-32 ] 0.0000e+00 [ 0.0000e+00 ] 1.0000e+00
 3.899e+01 3.6345e-32 3.6345e-32 [ 1.1443e-123 1.6263e-94 5.1457e-82 5.0451e-51 3.2761e-47 1.1477e-35 3.6333e-32 ] 0.0000e+00 [ 0.0000e+00 ] 1.0000e+00
 3.910e+01 2.6459e-32 2.6459e-32 [ 3.5395e-124 6.3066e-95 2.3429e-82 3.3156e-51 2.1543e-47 7.6199e-36 2.6451e-32 ] 0.0000e+00 [ 0.0000e+00 ] 1.0000e+00
 3.921e+01 1.8849e-32 1.8849e-32 [ 1.0868e-124 2.4261e-95 1.0574e-82 2.1197e-51 1.3780e-47 4.9153e-36 1.8844e-32 ] 0.0000e+00 [ 0.0000e+00 ] 1.0000e+00
 3.933e+01 1.2981e-32 1.2981e-32 [ 3.2946e-125 9.2047e-96 4.6979e-83 1.3013e-51 8.4629e-48 3.0408e-36 1.2978e-32 ] 0.0000e+00 [ 0.0000e+00 ] 1.0000e+00
 3.944e+01 8.4577e-33 8.4577e-33 [ 9.7536e-126 3.4020e-96 2.0240e-83 7.4968e-52 4.8771e-48 1.7630e-36 8.4559e-33 ] 0.0000e+00 [ 0.0000e+00 ] 1.0000e+00
 3.955e+01 4.9989e-33 4.9989e-33 [ 2.7526e-126 1.1900e-96 8.1680e-84 3.8739e-52 2.5208e-48 9.1556e-37 4.9980e-33 ] 0.0000e+00 [ 0.0000e+00 ] 1.0000e+00
 3.967e+01 2.4369e-33 2.4369e-33 [ 6.9195e-127 3.6333e-97 2.8174e-84 1.6176e-52 1.0528e-48 3.8368e-37 2.4366e-33 ] 0.0000e+00 [ 0.0000e+00 ] 1.0000e+00
 3.978e+01 7.2947e-34 7.2947e-34 [ 1.1710e-127 7.1116e-98 6.0024e-85 3.8924e-53 2.5337e-49 9.2527e-38 7.2938e-34 ] 0.0000e+00 [ 0.0000e+00 ] 1.0000e+00
 3.989e+01 0.0000e+00 0.0000e+00 [ 0.0000e+00 0.0000e+00 0.0000e+00 0.0000e+00 0.0000e+00 0.0000e+00 0.0000e+00 ] 0.0000e+00 [ 0.0000e+00 ] 1.0000e+00
