 0.000e+00 0.0000e+00 0.0000e+00 [ 0.0000e+00 0.0000e+00 0.0000e+00 0.0000e+00 ] 1.0000e+00
 1.133e-01 5.2157e-02 5.2157e-02 [ 4.6579e-02 1.4553e-03 2.8213e-03 1.3009e-03 ] 9.4784e-01
 2.267e-01 1.0949e-01 1.0949e-01 [ 8.7437e-02 5.8428e-03 1.1178e-02 5.0325e-03 ] 8.9051e-01
 3.400e-01 1.7708e-01 1.7708e-01 [ 1.2860e-01 1.3109e-02 2.4564e-02 1.0803e-02 ] 8.2292e-01
 4.533e-01 2.5579e-01 2.5579e-01 [ 1.7303e-01 2.2939e-02 4.1825e-02 1.7991e-02 ] 7.4421e-01
 5.667e-01 3.4253e-01 3.4253e-01 [ 2.2109e-01 3.4611e-02 6.1086e-02 2.5745e-02 ] 6.5747e-01
 6.800e-01 4.3064e-01 4.3064e-01 [ 2.7054e-01 4.7006e-02 7.9988e-02 3.3110e-02 ] 5.6936e-01
 7.933e-01 5.1176e-01 5.1176e-01 [ 3.1735e-01 5.8852e-02 9.6292e-02 3.9270e-02 ] 4.8824e-01
 9.067e-01 5.7897e-01 5.7897e-01 [ 3.5744e-01 6.9139e-02 1.0860e-01 4.3796e-02 ] 4.2103e-01
 1.020e+00 6.2922e-01 6.2922e-01 [ 3.8839e-01 7.7432e-02 1.1667e-01 4.6727e-02 ] 3.7078e-01
 1.133e+00 6.6342e-01 6.6342e-01 [ 4.0990e-01 8.3854e-02 1.2123e-01 4.8434e-02 ] 3.3658e-01
 1.247e+00 6.8472e-01 6.8472e-01 [ 4.2311e-01 8.8849e-02 1.2337e-01 4.9392e-02 ] 3.1528e-01
 1.360e+00 6.9662e-01 6.9662e-01 [ 4.2956e-01 9.2910e-02 1.2413e-01 5.0019e-02 ] 3.0338e-01
 1.473e+00 7.0200e-01 7.0200e-01 [ 4.3066e-01 9.6439e-02 1.2428e-01 5.0616e-02 ] 2.9800e-01
 1.587e+00 7.0284e-01 7.0284e-01 [ 4.2742e-01 9.9711e-02 1.2434e-01 5.1375e-02 ] 2.9716e-01
 1.700e+00 7.0038e-01 7.0038e-01 [ 4.2049e-01 1.0288e-01 1.2460e-01 5.2406e-02 ] 2.9962e-01
 1.813e+00 6.9531e-01 6.9531e-01 [ 4.1031e-01 1.0602e-01 1.2521e-01 5.3764e-02 ] 3.0469e-01
 1.927e+00 6.8798e-01 6.8798e-01 [ 3.9715e-01 1.0912e-01 1.2625e-01 5.5471e-02 ] 3.1202e-01
 2.040e+00 6.7854e-01 6.7854e-01 [ 3.8122e-01 1.1213e-01 1.2768e-01 5.7516e-02 ] 3.2146e-01
 2.153e+00 6.6701e-01 6.6701e-01 [ 3.6273e-01 1.1496e-01 1.2945e-01 5.9870e-02 ] 3.3299e-01
 2.267e+00 6.5336e-01 6.5336e-01 [ 3.4193e-01 1.1750e-01 1.3145e-01 6.2480e-02 ] 3.4664e-01
 2.380e+00 6.3757e-01 6.3757e-01 [ 3.1914e-01 1.1960e-01 1.3355e-01 6.5276e-02 ] 3.6243e-01
 2.493e+00 6.1970e-01 6.1970e-01 [ 2.9478e-01 1.2114e-01 1.3561e-01 6.8168e-02 ] 3.8030e-01
 2.607e+00 5.9986e-01 5.9986e-01 [ 2.6936e-01 1.2198e-01 1.3746e-01 7.1055e-02 ] 4.0014e-01
 2.720e+00 5.7830e-01 5.7830e-01 [ 2.4346e-01 1.2205e-01 1.3897e-01 7.3828e-02 ] 4.2170e-01
 2.833e+00 5.5538e-01 5.5538e-01 [ 2.1770e-01 1.2128e-01 1.4001e-01 7.6382e-02 ] 4.4462e-01
 2.947e+00 5.3153e-01 5.3153e-01 [ 1.9271e-01 1.1968e-01 1.4052e-01 7.8627e-02 ] 4.6847e-01
 3.060e+00 5.0725e-01 5.0725e-01 [ 1.6901e-01 1.1730e-01 1.4044e-01 8.0492e-02 ] 4.9275e-01
 3.173e+00 4.8303e-01 4.8303e-01 [ 1.4705e-01 1.1426e-01 1.3979e-01 8.1933e-02 ] 5.1697e-01
 3.287e+00 4.5933e-01 4.5933e-01 [ 1.2710e-01 1.1067e-01 1.3863e-01 8.2932e-02 ] 5.4067e-01
 3.400e+00 4.3653e-01 4.3653e-01 [ 1.0933e-01 1.0668e-01 1.3702e-01 8.3499e-02 ] 5.6347e-01
 3.513e+00 4.1491e-01 4.1491e-01 [ 9.3737e-02 1.0245e-01 1.3506e-01 8.3662e-02 ] 5.8509e-01
 3.627e+00 3.9465e-01 3.9465e-01 [ 8.0243e-02 9.8087e-02 1.3285e-01 8.3464e-02 ] 6.0535e-01
 3.740e+00 3.7584e-01 3.7584e-01 [ 6.8684e-02 9.3716e-02 1.3048e-01 8.2958e-02 ] 6.2416e-01
 3.853e+00 3.5852e-01 3.5852e-01 [ 5.8860e-02 8.9420e-02 1.2804e-01 8.2197e-02 ] 6.4148e-01
 3.967e+00 3.4264e-01 3.4264e-01 [ 5.0552e-02 8.5260e-02 1.2560e-01 8.1235e-02 ] 6.5736e-01
 4.080e+00 3.2814e-01 3.2814e-01 [ 4.3543e-02 8.1276e-02 1.2320e-01 8.0122e-02 ] 6.7186e-01
 4.193e+00 3.1491e-01 3.1491e-01 [ 3.7633e-02 7.7489e-02 1.2089e-01 7.8900e-02 ] 6.8509e-01
 4.307e+00 3.0285e-01 3.0285e-01 [ 3.2641e-02 7.3907e-02 1.1869e-01 7.7610e-02 ] 6.9715e-01
 4.420e+00 2.9184e-01 2.9184e-01 [ 2.8411e-02 7.0526e-02 1.1662e-01 7.6280e-02 ] 7.0816e-01
 4.533e+00 2.8178e-01 2.8178e-01 [ 2.4813e-02 6.7337e-02 1.1469e-01 7.4939e-02 ] 7.1822e-01
 4.647e+00 2.7256e-01 2.7256e-01 [ 2.1736e-02 6.4323e-02 1.1290e-01 7.3605e-02 ] 7.2744e-01
 4.760e+00 2.6409e-01 2.6409e-01 [ 1.9091e-02 6.1470e-02 1.1123e-01 7.2294e-02 ] 7.3591e-01
 4.873e+00 2.5628e-01 2.5628e-01 [ 1.6805e-02 5.8761e-02 1.0969e-01 7.1020e-02 ] 7.4372e-01
 4.987e+00 2.4904e-01 2.4904e-01 [ 1.4818e-02 5.6178e-02 1.0826e-01 6.9789e-02 ] 7.5096e-01
 5.100e+00 2.4233e-01 2.4233e-01 [ 1.3083e-02 5.3708e-02 1.0693e-01 6.8608e-02 ] 7.5767e-01
 5.213e+00 2.3606e-01 2.3606e-01 [ 1.1561e-02 5.1336e-02 1.0568e-01 6.7481e-02 ] 7.6394e-01
 5.327e+00 2.3019e-01 2.3019e-01 [ 1.0220e-02 4.9051e-02 1.0451e-01 6.6410e-02 ] 7.6981e-01
 5.440e+00 2.2467e-01 2.2467e-01 [ 9.0354e-03 4.6844e-02 1.0339e-01 6.5394e-02 ] 7.7533e-01
 5.553e+00 2.1945e-01 2.1945e-01 [ 7.9860e-03 4.4707e-02 1.0233e-01 6.4433e-02 ] 7.8055e-01
 5.667e+00 2.1451e-01 2.1451e-01 [ 7.0544e-03 4.2632e-02 1.0130e-01 6.3527e-02 ] 7.8549e-01
 5.780e+00 2.0981e-01 2.0981e-01 [ 6.2264e-03 4.0617e-02 1.0030e-01 6.2671e-02 ] 7.9019e-01
 5.893e+00 2.0532e-01 2.0532e-01 [ 5.4896e-03 3.8656e-02 9.9309e-02 6.1865e-02 ] 7.9468e-01
 6.007e+00 2.0101e-01 2.0101e-01 [ 4.8338e-03 3.6747e-02 9.8329e-02 6.1105e-02 ] 7.9899e-01
 6.120e+00 1.9688e-01 1.9688e-01 [ 4.2501e-03 3.4890e-02 9.7349e-02 6.0387e-02 ] 8.0312e-01
 6.233e+00 1.9288e-01 1.9288e-01 [ 3.7307e-03 3.3082e-02 9.6361e-02 5.9708e-02 ] 8.0712e-01
 6.347e+00 1.8902e-01 1.8902e-01 [ 3.2690e-03 3.1324e-02 9.5358e-02 5.9065e-02 ] 8.1098e-01
 6.460e+00 1.8527e-01 1.8527e-01 [ 2.8588e-03 2.9616e-02 9.4336e-02 5.8453e-02 ] 8.1473e-01
 6.573e+00 1.8161e-01 1.8161e-01 [ 2.4950e-03 2.7958e-02 9.3290e-02 5.7871e-02 ] 8.1839e-01
 6.687e+00 1.7805e-01 1.7805e-01 [ 2.1728e-03 2.6351e-02 9.2215e-02 5.7313e-02 ] 8.2195e-01
 6.800e+00 1.7457e-01 1.7457e-01 [ 1.8879e-03 2.4795e-02 9.1108e-02 5.6776e-02 ] 8.2543e-01
 6.913e+00 1.7115e-01 1.7115e-01 [ 1.6365e-03 2.3292e-02 8.9965e-02 5.6257e-02 ] 8.2885e-01
 7.027e+00 1.6779e-01 1.6779e-01 [ 1.4150e-03 2.1841e-02 8.8784e-02 5.5752e-02 ] 8.3221e-01
 7.140e+00 1.6449e-01 1.6449e-01 [ 1.2205e-03 2.0444e-02 8.7564e-02 5.5258e-02 ] 8.3551e-01
 7.253e+00 1.6123e-01 1.6123e-01 [ 1.0499e-03 1.9101e-02 8.6301e-02 5.4773e-02 ] 8.3878e-01
 7.367e+00 1.5800e-01 1.5800e-01 [ 9.0076e-04 1.7813e-02 8.4996e-02 5.4292e-02 ] 8.4200e-01
 7.480e+00 1.5481e-01 1.5481e-01 [ 7.7067e-04 1.6580e-02 8.3646e-02 5.3813e-02 ] 8.4519e-01
 7.593e+00 1.5165e-01 1.5165e-01 [ 6.5750e-04 1.5402e-02 8.2252e-02 5.3333e-02 ] 8.4835e-01
 7.707e+00 1.4850e-01 1.4850e-01 [ 5.5933e-04 1.4280e-02 8.0814e-02 5.2849e-02 ] 8.5150e-01
 7.820e+00 1.4538e-01 1.4538e-01 [ 4.7442e-04 1.3212e-02 7.9330e-02 5.2359e-02 ] 8.5462e-01
 7.933e+00 1.4226e-01 1.4226e-01 [ 4.0119e-04 1.2198e-02 7.7802e-02 5.1860e-02 ] 8.5774e-01
 8.047e+00 1.3916e-01 1.3916e-01 [ 3.3822e-04 1.1239e-02 7.6231e-02 5.1350e-02 ] 8.6084e-01
 8.160e+00 1.3606e-01 1.3606e-01 [ 2.8425e-04 1.0333e-02 7.4616e-02 5.0827e-02 ] 8.6394e-01
 8.273e+00 1.3296e-01 1.3296e-01 [ 2.3814e-04 9.4787e-03 7.2960e-02 5.0288e-02 ] 8.6704e-01
 8.387e+00 1.2987e-01 1.2987e-01 [ 1.9886e-04 8.6759e-03 7.1264e-02 4.9731e-02 ] 8.7013e-01
 8.500e+00 1.2677e-01 1.2677e-01 [ 1.6552e-04 7.9231e-03 6.9529e-02 4.9156e-02 ] 8.7323e-01
 8.613e+00 1.2367e-01 1.2367e-01 [ 1.3732e-04 7.2189e-03 6.7757e-02 4.8559e-02 ] 8.7633e-01
 8.727e+00 1.2057e-01 1.2057e-01 [ 1.1354e-04 6.5619e-03 6.5951e-02 4.7940e-02 ] 8.7943e-01
 8.840e+00 1.1746e-01 1.1746e-01 [ 9.3559e-05 5.9504e-03 6.4114e-02 4.7297e-02 ] 8.8254e-01
 8.953e+00 1.1434e-01 1.1434e-01 [ 7.6832e-05 5.3827e-03 6.2247e-02 4.6630e-02 ] 8.8566e-01
 9.067e+00 1.1121e-01 1.1121e-01 [ 6.2876e-05 4.8573e-03 6.0354e-02 4.5937e-02 ] 8.8879e-01
 9.180e+00 1.0808e-01 1.0808e-01 [ 5.1276e-05 4.3721e-03 5.8438e-02 4.5217e-02 ] 8.9192e-01
 9.293e+00 1.0494e-01 1.0494e-01 [ 4.1669e-05 3.9254e-03 5.6502e-02 4.4470e-02 ] 8.9506e-01
 9.407e+00 1.0179e-01 1.0179e-01 [ 3.3742e-05 3.5151e-03 5.4550e-02 4.3695e-02 ] 8.9821e-01
 9.520e+00 9.8647e-02 9.8647e-02 [ 2.7225e-05 3.1395e-03 5.2586e-02 4.2894e-02 ] 9.0135e-01
 9.633e+00 9.5497e-02 9.5497e-02 [ 2.1887e-05 2.7966e-03 5.0614e-02 4.2064e-02 ] 9.0450e-01
 9.747e+00 9.2348e-02 9.2348e-02 [ 1.7533e-05 2.4844e-03 4.8638e-02 4.1208e-02 ] 9.0765e-01
 9.860e+00 8.9203e-02 8.9203e-02 [ 1.3993e-05 2.2010e-03 4.6662e-02 4.0325e-02 ] 9.1080e-01
 9.973e+00 8.6064e-02 8.6064e-02 [ 1.1127e-05 1.9445e-03 4.4691e-02 3.9417e-02 ] 9.1394e-01
 1.009e+01 8.2935e-02 8.2935e-02 [ 8.8161e-06 1.7131e-03 4.2729e-02 3.8484e-02 ] 9.1707e-01
 1.020e+01 7.9820e-02 7.9820e-02 [ 6.9592e-06 1.5049e-03 4.0781e-02 3.7527e-02 ] 9.2018e-01
 1.031e+01 7.6723e-02 7.6723e-02 [ 5.4732e-06 1.3183e-03 3.8850e-02 3.6549e-02 ] 9.2328e-01
 1.043e+01 7.3648e-02 7.3648e-02 [ 4.2885e-06 1.1514e-03 3.6942e-02 3.5550e-02 ] 9.2635e-01
 1.054e+01 7.0600e-02 7.0600e-02 [ 3.3479e-06 1.0027e-03 3.5061e-02 3.4533e-02 ] 9.2940e-01
 1.065e+01 6.7585e-02 6.7585e-02 [ 2.6039e-06 8.7058e-04 3.3212e-02 3.3500e-02 ] 9.3242e-01
 1.077e+01 6.4606e-02 6.4606e-02 [ 2.0177e-06 7.5362e-04 3.1398e-02 3.2452e-02 ] 9.3539e-01
 1.088e+01 6.1668e-02 6.1668e-02 [ 1.5578e-06 6.5040e-04 2.9623e-02 3.1393e-02 ] 9.3833e-01
 1.099e+01 5.8777e-02 5.8777e-02 [ 1.1982e-06 5.5961e-04 2.7891e-02 3.0324e-02 ] 9.4122e-01
 1.111e+01 5.5937e-02 5.5937e-02 [ 9.1824e-07 4.8002e-04 2.6207e-02 2.9249e-02 ] 9.4406e-01
 1.122e+01 5.3153e-02 5.3153e-02 [ 7.0110e-07 4.1047e-04 2.4572e-02 2.8170e-02 ] 9.4685e-01
 1.133e+01 5.0429e-02 5.0429e-02 [ 5.3335e-07 3.4991e-04 2.2990e-02 2.7089e-02 ] 9.4957e-01
 1.145e+01 4.7770e-02 4.7770e-02 [ 4.0425e-07 2.9735e-04 2.1463e-02 2.6009e-02 ] 9.5223e-01
 1.156e+01 4.5180e-02 4.5180e-02 [ 3.0528e-07 2.5189e-04 1.9995e-02 2.4933e-02 ] 9.5482e-01
 1.167e+01 4.2662e-02 4.2662e-02 [ 2.2971e-07 2.1271e-04 1.8585e-02 2.3864e-02 ] 9.5734e-01
 1.179e+01 4.0220e-02 4.0220e-02 [ 1.7222e-07 1.7906e-04 1.7237e-02 2.2804e-02 ] 9.5978e-01
 1.190e+01 3.7857e-02 3.7857e-02 [ 1.2865e-07 1.5025e-04 1.5950e-02 2.1756e-02 ] 9.6214e-01
 1.201e+01 3.5575e-02 3.5575e-02 [ 9.5758e-08 1.2567e-04 1.4727e-02 2.0722e-02 ] 9.6442e-01
 1.213e+01 3.3377e-02 3.3377e-02 [ 7.1022e-08 1.0478e-04 1.3566e-02 1.9705e-02 ] 9.6662e-01
 1.224e+01 3.1263e-02 3.1263e-02 [ 5.2488e-08 8.7083e-05 1.2469e-02 1.8707e-02 ] 9.6874e-01
 1.235e+01 2.9236e-02 2.9236e-02 [ 3.8654e-08 7.2143e-05 1.1434e-02 1.7730e-02 ] 9.7076e-01
 1.247e+01 2.7296e-02 2.7296e-02 [ 2.8366e-08 5.9575e-05 1.0461e-02 1.6775e-02 ] 9.7270e-01
 1.258e+01 2.5443e-02 2.5443e-02 [ 2.0743e-08 4.9039e-05 9.5488e-03 1.5846e-02 ] 9.7456e-01
 1.269e+01 2.3678e-02 2.3678e-02 [ 1.5116e-08 4.0237e-05 8.6962e-03 1.4942e-02 ] 9.7632e-01
 1.281e+01 2.2000e-02 2.2000e-02 [ 1.0977e-08 3.2910e-05 7.9015e-03 1.4066e-02 ] 9.7800e-01
 1.292e+01 2.0409e-02 2.0409e-02 [ 7.9440e-09 2.6832e-05 7.1630e-03 1.3219e-02 ] 9.7959e-01
 1.303e+01 1.8902e-02 1.8902e-02 [ 5.7293e-09 2.1806e-05 6.4787e-03 1.2401e-02 ] 9.8110e-01
 1.315e+01 1.7479e-02 1.7479e-02 [ 4.1179e-09 1.7666e-05 5.8464e-03 1.1614e-02 ] 9.8252e-01
 1.326e+01 1.6137e-02 1.6137e-02 [ 2.9497e-09 1.4267e-05 5.2638e-03 1.0859e-02 ] 9.8386e-01
 1.337e+01 1.4875e-02 1.4875e-02 [ 2.1057e-09 1.1485e-05 4.7285e-03 1.0135e-02 ] 9.8512e-01
 1.349e+01 1.3691e-02 1.3691e-02 [ 1.4982e-09 9.2169e-06 4.2381e-03 9.4433e-03 ] 9.8631e-01
 1.360e+01 1.2581e-02 1.2581e-02 [ 1.0624e-09 7.3736e-06 3.7900e-03 8.7837e-03 ] 9.8742e-01
 1.371e+01 1.1544e-02 1.1544e-02 [ 7.5082e-10 5.8807e-06 3.3817e-03 8.1561e-03 ] 9.8846e-01
 1.383e+01 1.0576e-02 1.0576e-02 [ 5.2888e-10 4.6755e-06 3.0107e-03 7.5603e-03 ] 9.8942e-01
 1.394e+01 9.6743e-03 9.6743e-03 [ 3.7132e-10 3.7060e-06 2.6745e-03 6.9961e-03 ] 9.9033e-01
 1.405e+01 8.8366e-03 8.8366e-03 [ 2.5985e-10 2.9286e-06 2.3707e-03 6.4629e-03 ] 9.9116e-01
 1.417e+01 8.0593e-03 8.0593e-03 [ 1.8124e-10 2.3072e-06 2.0968e-03 5.9602e-03 ] 9.9194e-01
 1.428e+01 7.3396e-03 7.3396e-03 [ 1.2601e-10 1.8122e-06 1.8505e-03 5.4873e-03 ] 9.9266e-01
 1.439e+01 6.6744e-03 6.6744e-03 [ 8.7325e-11 1.4192e-06 1.6297e-03 5.0433e-03 ] 9.9333e-01
 1.451e+01 6.0607e-03 6.0607e-03 [ 6.0323e-11 1.1081e-06 1.4322e-03 4.6274e-03 ] 9.9394e-01
 1.462e+01 5.4955e-03 5.4955e-03 [ 4.1537e-11 8.6272e-07 1.2560e-03 4.2387e-03 ] 9.9450e-01
 1.473e+01 4.9759e-03 4.9759e-03 [ 2.8511e-11 6.6970e-07 1.0992e-03 3.8761e-03 ] 9.9502e-01
 1.485e+01 4.4991e-03 4.4991e-03 [ 1.9508e-11 5.1837e-07 9.5995e-04 3.5386e-03 ] 9.9550e-01
 1.496e+01 4.0622e-03 4.0622e-03 [ 1.3306e-11 4.0009e-07 8.3665e-04 3.2251e-03 ] 9.9594e-01
 1.507e+01 3.6626e-03 3.6626e-03 [ 9.0475e-12 3.0793e-07 7.2771e-04 2.9345e-03 ] 9.9634e-01
 1.519e+01 3.2977e-03 3.2977e-03 [ 6.1328e-12 2.3633e-07 6.3169e-04 2.6657e-03 ] 9.9670e-01
 1.530e+01 2.9650e-03 2.9650e-03 [ 4.1443e-12 1.8088e-07 5.4726e-04 2.4176e-03 ] 9.9703e-01
 1.541e+01 2.6623e-03 2.6623e-03 [ 2.7919e-12 1.3806e-07 4.7318e-04 2.1890e-03 ] 9.9734e-01
 1.553e+01 2.3872e-03 2.3872e-03 [ 1.8752e-12 1.0510e-07 4.0833e-04 1.9788e-03 ] 9.9761e-01
 1.564e+01 2.1376e-03 2.1376e-03 [ 1.2556e-12 7.9786e-08 3.5170e-04 1.7859e-03 ] 9.9786e-01
 1.575e+01 1.9116e-03 1.9116e-03 [ 8.3821e-13 6.0410e-08 3.0234e-04 1.6092e-03 ] 9.9809e-01
 1.587e+01 1.7071e-03 1.7071e-03 [ 5.5789e-13 4.5621e-08 2.5942e-04 1.4477e-03 ] 9.9829e-01
 1.598e+01 1.5225e-03 1.5225e-03 [ 3.7022e-13 3.4362e-08 2.2218e-04 1.3003e-03 ] 9.9848e-01
 1.609e+01 1.3561e-03 1.3561e-03 [ 2.4495e-13 2.5816e-08 1.8994e-04 1.1661e-03 ] 9.9864e-01
 1.621e+01 1.2062e-03 1.2062e-03 [ 1.6159e-13 1.9346e-08 1.6207e-04 1.0441e-03 ] 9.9879e-01
 1.632e+01 1.0715e-03 1.0715e-03 [ 1.0629e-13 1.4462e-08 1.3805e-04 9.3347e-04 ] 9.9893e-01
 1.643e+01 9.5063e-04 9.5063e-04 [ 6.9710e-14 1.0784e-08 1.1738e-04 8.3324e-04 ] 9.9905e-01
 1.655e+01 8.4226e-04 8.4226e-04 [ 4.5588e-14 8.0213e-09 9.9621e-05 7.4263e-04 ] 9.9916e-01
 1.666e+01 7.4528e-04 7.4528e-04 [ 2.9727e-14 5.9522e-09 8.4404e-05 6.6087e-04 ] 9.9925e-01
 1.677e+01 6.5861e-04 6.5861e-04 [ 1.9329e-14 4.4063e-09 7.1387e-05 5.8722e-04 ] 9.9934e-01
 1.689e+01 5.8127e-04 5.8127e-04 [ 1.2533e-14 3.2542e-09 6.0273e-05 5.2100e-04 ] 9.9942e-01
 1.700e+01 5.1236e-04 5.1236e-04 [ 8.1033e-15 2.3978e-09 5.0803e-05 4.6155e-04 ] 9.9949e-01
 1.711e+01 4.5103e-04 4.5103e-04 [ 5.2247e-15 1.7627e-09 4.2749e-05 4.0828e-04 ] 9.9955e-01
 1.723e+01 3.9654e-04 3.9654e-04 [ 3.3593e-15 1.2928e-09 3.5912e-05 3.6063e-04 ] 9.9960e-01
 1.734e+01 3.4819e-04 3.4819e-04 [ 2.1539e-15 9.4609e-10 3.0118e-05 3.1807e-04 ] 9.9965e-01
 1.745e+01 3.0535e-04 3.0535e-04 [ 1.3773e-15 6.9081e-10 2.5217e-05 2.8013e-04 ] 9.9969e-01
 1.757e+01 2.6744e-04 2.6744e-04 [ 8.7827e-16 5.0330e-10 2.1079e-05 2.4636e-04 ] 9.9973e-01
 1.768e+01 2.3394e-04 2.3394e-04 [ 5.5854e-16 3.6590e-10 1.7592e-05 2.1635e-04 ] 9.9977e-01
 1.779e+01 2.0438e-04 2.0438e-04 [ 3.5425e-16 2.6543e-10 1.4658e-05 1.8972e-04 ] 9.9980e-01
 1.791e+01 1.7834e-04 1.7834e-04 [ 2.2408e-16 1.9214e-10 1.2195e-05 1.6614e-04 ] 9.9982e-01
 1.802e+01 1.5541e-04 1.5541e-04 [ 1.4136e-16 1.3880e-10 1.0129e-05 1.4528e-04 ] 9.9984e-01
 1.813e+01 1.3527e-04 1.3527e-04 [ 8.8944e-17 1.0006e-10 8.3999e-06 1.2687e-04 ] 9.9986e-01
 1.825e+01 1.1759e-04 1.1759e-04 [ 5.5815e-17 7.1978e-11 6.9552e-06 1.1063e-04 ] 9.9988e-01
 1.836e+01 1.0209e-04 1.0209e-04 [ 3.4934e-17 5.1675e-11 5.7502e-06 9.6342e-05 ] 9.9990e-01
 1.847e+01 8.8529e-05 8.8529e-05 [ 2.1808e-17 3.7024e-11 4.7467e-06 8.3782e-05 ] 9.9991e-01
 1.859e+01 7.6673e-05 7.6673e-05 [ 1.3579e-17 2.6474e-11 3.9124e-06 7.2760e-05 ] 9.9992e-01
 1.870e+01 6.6323e-05 6.6323e-05 [ 8.4330e-18 1.8893e-11 3.2198e-06 6.3103e-05 ] 9.9993e-01
 1.881e+01 5.7300e-05 5.7300e-05 [ 5.2239e-18 1.3456e-11 2.6459e-06 5.4654e-05 ] 9.9994e-01
 1.893e+01 4.9444e-05 4.9444e-05 [ 3.2277e-18 9.5657e-12 2.1711e-06 4.7273e-05 ] 9.9995e-01
 1.904e+01 4.2613e-05 4.2613e-05 [ 1.9893e-18 6.7869e-12 1.7788e-06 4.0834e-05 ] 9.9996e-01
 1.915e+01 3.6681e-05 3.6681e-05 [ 1.2229e-18 4.8062e-12 1.4553e-06 3.5226e-05 ] 9.9996e-01
 1.927e+01 3.1537e-05 3.1537e-05 [ 7.4991e-19 3.3971e-12 1.1889e-06 3.0348e-05 ] 9.9997e-01
 1.938e+01 2.7081e-05 2.7081e-05 [ 4.5871e-19 2.3966e-12 9.6986e-07 2.6111e-05 ] 9.9997e-01
 1.949e+01 2.3227e-05 2.3227e-05 [ 2.7989e-19 1.6877e-12 7.9004e-07 2.2437e-05 ] 9.9998e-01
 1.961e+01 1.9897e-05 1.9897e-05 [ 1.7035e-19 1.1863e-12 6.4264e-07 1.9254e-05 ] 9.9998e-01
 1.972e+01 1.7024e-05 1.7024e-05 [ 1.0343e-19 8.3230e-13 5.2199e-07 1.6502e-05 ] 9.9998e-01
 1.983e+01 1.4549e-05 1.4549e-05 [ 6.2644e-20 5.8289e-13 4.2340e-07 1.4125e-05 ] 9.9999e-01
 1.995e+01 1.2418e-05 1.2418e-05 [ 3.7848e-20 4.0749e-13 3.4295e-07 1.2075e-05 ] 9.9999e-01
 2.006e+01 1.0587e-05 1.0587e-05 [ 2.2812e-20 2.8436e-13 2.7739e-07 1.0310e-05 ] 9.9999e-01
 2.017e+01 9.0153e-06 9.0153e-06 [ 1.3716e-20 1.9809e-13 2.2406e-07 8.7912e-06 ] 9.9999e-01
 2.029e+01 7.6677e-06 7.6677e-06 [ 8.2267e-21 1.3774e-13 1.8073e-07 7.4870e-06 ] 9.9999e-01
 2.040e+01 6.5139e-06 6.5139e-06 [ 4.9225e-21 9.5614e-14 1.4558e-07 6.3683e-06 ] 9.9999e-01
 2.051e+01 5.5272e-06 5.5272e-06 [ 2.9384e-21 6.6255e-14 1.1711e-07 5.4100e-06 ] 9.9999e-01
 2.063e+01 4.6844e-06 4.6844e-06 [ 1.7498e-21 4.5831e-14 9.4073e-08 4.5903e-06 ] 1.0000e+00
 2.074e+01 3.9654e-06 3.9654e-06 [ 1.0395e-21 3.1649e-14 7.5468e-08 3.8900e-06 ] 1.0000e+00
 2.085e+01 3.3529e-06 3.3529e-06 [ 6.1609e-22 2.1818e-14 6.0461e-08 3.2924e-06 ] 1.0000e+00
 2.097e+01 2.8317e-06 2.8317e-06 [ 3.6428e-22 1.5015e-14 4.8374e-08 2.7833e-06 ] 1.0000e+00
 2.108e+01 2.3887e-06 2.3887e-06 [ 2.1488e-22 1.0316e-14 3.8651e-08 2.3500e-06 ] 1.0000e+00
 2.119e+01 2.0127e-06 2.0127e-06 [ 1.2645e-22 7.0753e-15 3.0842e-08 1.9818e-06 ] 1.0000e+00
 2.131e+01 1.6939e-06 1.6939e-06 [ 7.4242e-23 4.8446e-15 2.4578e-08 1.6693e-06 ] 1.0000e+00
 2.142e+01 1.4239e-06 1.4239e-06 [ 4.3486e-23 3.3116e-15 1.9560e-08 1.4044e-06 ] 1.0000e+00
 2.153e+01 1.1956e-06 1.1956e-06 [ 2.5412e-23 2.2600e-15 1.5546e-08 1.1801e-06 ] 1.0000e+00
 2.165e+01 1.0028e-06 1.0028e-06 [ 1.4815e-23 1.5397e-15 1.2340e-08 9.9044e-07 ] 1.0000e+00
 2.176e+01 8.4007e-07 8.4007e-07 [ 8.6175e-24 1.0473e-15 9.7827e-09 8.3028e-07 ] 1.0000e+00
 2.187e+01 7.0295e-07 7.0295e-07 [ 5.0009e-24 7.1117e-16 7.7451e-09 6.9521e-07 ] 1.0000e+00
 2.199e+01 5.8755e-07 5.8755e-07 [ 2.8954e-24 4.8213e-16 6.1240e-09 5.8142e-07 ] 1.0000e+00
 2.210e+01 4.9053e-07 4.9053e-07 [ 1.6725e-24 3.2632e-16 4.8360e-09 4.8569e-07 ] 1.0000e+00
 2.221e+01 4.0907e-07 4.0907e-07 [ 9.6388e-25 2.2051e-16 3.8140e-09 4.0526e-07 ] 1.0000e+00
 2.233e+01 3.4075e-07 3.4075e-07 [ 5.5422e-25 1.4876e-16 3.0042e-09 3.3775e-07 ] 1.0000e+00
 2.244e+01 2.8352e-07 2.8352e-07 [ 3.1794e-25 1.0019e-16 2.3633e-09 2.8116e-07 ] 1.0000e+00
 2.255e+01 2.3564e-07 2.3564e-07 [ 1.8198e-25 6.7375e-17 1.8568e-09 2.3378e-07 ] 1.0000e+00
 2.267e+01 1.9562e-07 1.9562e-07 [ 1.0392e-25 4.5233e-17 1.4570e-09 1.9417e-07 ] 1.0000e+00
 2.278e+01 1.6222e-07 1.6222e-07 [ 5.9211e-26 3.0319e-17 1.1419e-09 1.6108e-07 ] 1.0000e+00
 2.289e+01 1.3437e-07 1.3437e-07 [ 3.3659e-26 2.0289e-17 8.9378e-10 1.3348e-07 ] 1.0000e+00
 2.301e+01 1.1118e-07 1.1118e-07 [ 1.9091e-26 1.3556e-17 6.9872e-10 1.1048e-07 ] 1.0000e+00
 2.312e+01 9.1889e-08 9.1889e-08 [ 1.0804e-26 9.0426e-18 5.4555e-10 9.1343e-08 ] 1.0000e+00
 2.323e+01 7.5861e-08 7.5861e-08 [ 6.0999e-27 6.0223e-18 4.2543e-10 7.5435e-08 ] 1.0000e+00
 2.335e+01 6.2560e-08 6.2560e-08 [ 3.4364e-27 4.0044e-18 3.3135e-10 6.2228e-08 ] 1.0000e+00
 2.346e+01 5.1534e-08 5.1534e-08 [ 1.9315e-27 2.6584e-18 2.5776e-10 5.1276e-08 ] 1.0000e+00
 2.357e+01 4.2405e-08 4.2405e-08 [ 1.0832e-27 1.7621e-18 2.0026e-10 4.2204e-08 ] 1.0000e+00
 2.369e+01 3.4854e-08 3.4854e-08 [ 6.0614e-28 1.1661e-18 1.5541e-10 3.4699e-08 ] 1.0000e+00
 2.380e+01 2.8617e-08 2.8617e-08 [ 3.3842e-28 7.7044e-19 1.2045e-10 2.8497e-08 ] 1.0000e+00
 2.391e+01 2.3471e-08 2.3471e-08 [ 1.8852e-28 5.0823e-19 9.3241e-11 2.3378e-08 ] 1.0000e+00
 2.403e+01 1.9229e-08 1.9229e-08 [ 1.0478e-28 3.3474e-19 7.2092e-11 1.9157e-08 ] 1.0000e+00
 2.414e+01 1.5737e-08 1.5737e-08 [ 5.8111e-29 2.2012e-19 5.5673e-11 1.5681e-08 ] 1.0000e+00
 2.425e+01 1.2865e-08 1.2865e-08 [ 3.2156e-29 1.4452e-19 4.2942e-11 1.2822e-08 ] 1.0000e+00
 2.437e+01 1.0505e-08 1.0505e-08 [ 1.7754e-29 9.4733e-20 3.3083e-11 1.0472e-08 ] 1.0000e+00
 2.448e+01 8.5697e-09 8.5697e-09 [ 9.7805e-30 6.2001e-20 2.5456e-11 8.5442e-09 ] 1.0000e+00
 2.459e+01 6.9832e-09 6.9832e-09 [ 5.3761e-30 4.0514e-20 1.9565e-11 6.9636e-09 ] 1.0000e+00
 2.471e+01 5.6843e-09 5.6843e-09 [ 2.9486e-30 2.6432e-20 1.5019e-11 5.6692e-09 ] 1.0000e+00
 2.482e+01 4.6220e-09 4.6220e-09 [ 1.6136e-30 1.7218e-20 1.1515e-11 4.6105e-09 ] 1.0000e+00
 2.493e+01 3.7543e-09 3.7543e-09 [ 8.8111e-31 1.1198e-20 8.8189e-12 3.7455e-09 ] 1.0000e+00
 2.505e+01 3.0462e-09 3.0462e-09 [ 4.8007e-31 7.2715e-21 6.7459e-12 3.0395e-09 ] 1.0000e+00
 2.516e+01 2.4691e-09 2.4691e-09 [ 2.6099e-31 4.7143e-21 5.1540e-12 2.4640e-09 ] 1.0000e+00
 2.527e+01 1.9992e-09 1.9992e-09 [ 1.4158e-31 3.0517e-21 3.9332e-12 1.9953e-09 ] 1.0000e+00
 2.539e+01 1.6170e-09 1.6170e-09 [ 7.6631e-32 1.9723e-21 2.9981e-12 1.6140e-09 ] 1.0000e+00
 2.550e+01 1.3066e-09 1.3066e-09 [ 4.1387e-32 1.2727e-21 2.2826e-12 1.3043e-09 ] 1.0000e+00
 2.561e+01 1.0546e-09 1.0546e-09 [ 2.2304e-32 8.1998e-22 1.7358e-12 1.0528e-09 ] 1.0000e+00
 2.573e+01 8.5030e-10 8.5030e-10 [ 1.1993e-32 5.2747e-22 1.3185e-12 8.4899e-10 ] 1.0000e+00
 2.584e+01 6.8489e-10 6.8489e-10 [ 6.4352e-33 3.3878e-22 1.0003e-12 6.8389e-10 ] 1.0000e+00
 2.595e+01 5.5108e-10 5.5108e-10 [ 3.4454e-33 2.1724e-22 7.5809e-13 5.5032e-10 ] 1.0000e+00
 2.607e+01 4.4295e-10 4.4295e-10 [ 1.8407e-33 1.3909e-22 5.7384e-13 4.4238e-10 ] 1.0000e+00
 2.618e+01 3.5567e-10 3.5567e-10 [ 9.8121e-34 8.8916e-23 4.3387e-13 3.5524e-10 ] 1.0000e+00
 2.629e+01 2.8530e-10 2.8530e-10 [ 5.2193e-34 5.6751e-23 3.2766e-13 2.8497e-10 ] 1.0000e+00
 2.641e+01 2.2861e-10 2.2861e-10 [ 2.7703e-34 3.6166e-23 2.4717e-13 2.2836e-10 ] 1.0000e+00
 2.652e+01 1.8300e-10 1.8300e-10 [ 1.4672e-34 2.3011e-23 1.8624e-13 1.8281e-10 ] 1.0000e+00
 2.663e+01 1.4634e-10 1.4634e-10 [ 7.7542e-35 1.4618e-23 1.4017e-13 1.4620e-10 ] 1.0000e+00
 2.675e+01 1.1690e-10 1.1690e-10 [ 4.0892e-35 9.2721e-24 1.0537e-13 1.1680e-10 ] 1.0000e+00
 2.686e+01 9.3293e-11 9.3293e-11 [ 2.1518e-35 5.8720e-24 7.9127e-14 9.3214e-11 ] 1.0000e+00
 2.697e+01 7.4376e-11 7.4376e-11 [ 1.1299e-35 3.7129e-24 5.9350e-14 7.4316e-11 ] 1.0000e+00
 2.709e+01 5.9234e-11 5.9234e-11 [ 5.9205e-36 2.3440e-24 4.4466e-14 5.9190e-11 ] 1.0000e+00
 2.720e+01 4.7128e-11 4.7128e-11 [ 3.0955e-36 1.4775e-24 3.3277e-14 4.7094e-11 ] 1.0000e+00
 2.731e+01 3.7458e-11 3.7458e-11 [ 1.6151e-36 9.2989e-25 2.4876e-14 3.7433e-11 ] 1.0000e+00
 2.743e+01 2.9742e-11 2.9742e-11 [ 8.4085e-37 5.8432e-25 1.8574e-14 2.9723e-11 ] 1.0000e+00
 2.754e+01 2.3592e-11 2.3592e-11 [ 4.3684e-37 3.6660e-25 1.3854e-14 2.3578e-11 ] 1.0000e+00
 2.765e+01 1.8695e-11 1.8695e-11 [ 2.2647e-37 2.2964e-25 1.0321e-14 1.8684e-11 ] 1.0000e+00
 2.777e+01 1.4799e-11 1.4799e-11 [ 1.1716e-37 1.4363e-25 7.6807e-15 1.4791e-11 ] 1.0000e+00
 2.788e+01 1.1704e-11 1.1704e-11 [ 6.0479e-38 8.9691e-26 5.7094e-15 1.1698e-11 ] 1.0000e+00
 2.799e+01 9.2466e-12 9.2466e-12 [ 3.1155e-38 5.5922e-26 4.2394e-15 9.2423e-12 ] 1.0000e+00
 2.811e+01 7.2980e-12 7.2980e-12 [ 1.6016e-38 3.4813e-26 3.1443e-15 7.2949e-12 ] 1.0000e+00
 2.822e+01 5.7544e-12 5.7544e-12 [ 8.2155e-39 2.1638e-26 2.3295e-15 5.7521e-12 ] 1.0000e+00
 2.833e+01 4.5328e-12 4.5328e-12 [ 4.2055e-39 1.3428e-26 1.7240e-15 4.5311e-12 ] 1.0000e+00
 2.845e+01 3.5670e-12 3.5670e-12 [ 2.1482e-39 8.3206e-27 1.2744e-15 3.5657e-12 ] 1.0000e+00
 2.856e+01 2.8042e-12 2.8042e-12 [ 1.0951e-39 5.1476e-27 9.4104e-16 2.8033e-12 ] 1.0000e+00
 2.867e+01 2.2024e-12 2.2024e-12 [ 5.5705e-40 3.1797e-27 6.9411e-16 2.2017e-12 ] 1.0000e+00
 2.879e+01 1.7280e-12 1.7280e-12 [ 2.8277e-40 1.9610e-27 5.1141e-16 1.7275e-12 ] 1.0000e+00
 2.890e+01 1.3545e-12 1.3545e-12 [ 1.4325e-40 1.2076e-27 3.7639e-16 1.3541e-12 ] 1.0000e+00
 2.901e+01 1.0607e-12 1.0607e-12 [ 7.2413e-41 7.4245e-28 2.7671e-16 1.0604e-12 ] 1.0000e+00
 2.913e+01 8.2981e-13 8.2981e-13 [ 3.6530e-41 4.5577e-28 2.0321e-16 8.2961e-13 ] 1.0000e+00
 2.924e+01 6.4855e-13 6.4855e-13 [ 1.8390e-41 2.7935e-28 1.4906e-16 6.4840e-13 ] 1.0000e+00
 2.935e+01 5.0639e-13 5.0639e-13 [ 9.2390e-42 1.7095e-28 1.0923e-16 5.0628e-13 ] 1.0000e+00
 2.947e+01 3.9501e-13 3.9501e-13 [ 4.6319e-42 1.0445e-28 7.9952e-17 3.9493e-13 ] 1.0000e+00
 2.958e+01 3.0783e-13 3.0783e-13 [ 2.3174e-42 6.3724e-29 5.8458e-17 3.0777e-13 ] 1.0000e+00
 2.969e+01 2.3966e-13 2.3966e-13 [ 1.1571e-42 3.8816e-29 4.2696e-17 2.3962e-13 ] 1.0000e+00
 2.981e+01 1.8641e-13 1.8641e-13 [ 5.7652e-43 2.3607e-29 3.1150e-17 1.8638e-13 ] 1.0000e+00
 2.992e+01 1.4485e-13 1.4485e-13 [ 2.8667e-43 1.4335e-29 2.2702e-17 1.4483e-13 ] 1.0000e+00
 3.003e+01 1.1245e-13 1.1245e-13 [ 1.4226e-43 8.6912e-30 1.6527e-17 1.1243e-13 ] 1.0000e+00
 3.015e+01 8.7209e-14 8.7209e-14 [ 7.0447e-44 5.2613e-30 1.2019e-17 8.7197e-14 ] 1.0000e+00
 3.026e+01 6.7572e-14 6.7572e-14 [ 3.4815e-44 3.1800e-30 8.7307e-18 6.7563e-14 ] 1.0000e+00
 3.037e+01 5.2307e-14 5.2307e-14 [ 1.7171e-44 1.9191e-30 6.3354e-18 5.2300e-14 ] 1.0000e+00
 3.049e+01 4.0451e-14 4.0451e-14 [ 8.4517e-45 1.1564e-30 4.5924e-18 4.0447e-14 ] 1.0000e+00
 3.060e+01 3.1253e-14 3.1253e-14 [ 4.1515e-45 6.9569e-31 3.3253e-18 3.1250e-14 ] 1.0000e+00
 3.071e+01 2.4124e-14 2.4124e-14 [ 2.0351e-45 4.1789e-31 2.4052e-18 2.4122e-14 ] 1.0000e+00
 3.083e+01 1.8603e-14 1.8603e-14 [ 9.9564e-46 2.5063e-31 1.7379e-18 1.8602e-14 ] 1.0000e+00
 3.094e+01 1.4333e-14 1.4333e-14 [ 4.8611e-46 1.5009e-31 1.2543e-18 1.4331e-14 ] 1.0000e+00
 3.105e+01 1.1032e-14 1.1032e-14 [ 2.3686e-46 8.9740e-32 9.0437e-19 1.1031e-14 ] 1.0000e+00
 3.117e+01 8.4833e-15 8.4833e-15 [ 1.1518e-46 5.3573e-32 6.5135e-19 8.4826e-15 ] 1.0000e+00
 3.128e+01 6.5173e-15 6.5173e-15 [ 5.5900e-47 3.1933e-32 4.6862e-19 6.5169e-15 ] 1.0000e+00
 3.139e+01 5.0023e-15 5.0023e-15 [ 2.7075e-47 1.9005e-32 3.3680e-19 5.0020e-15 ] 1.0000e+00
 3.151e+01 3.8359e-15 3.8359e-15 [ 1.3087e-47 1.1293e-32 2.4180e-19 3.8356e-15 ] 1.0000e+00
 3.162e+01 2.9387e-15 2.9387e-15 [ 6.3136e-48 6.7005e-33 1.7341e-19 2.9385e-15 ] 1.0000e+00
 3.173e+01 2.2492e-15 2.2492e-15 [ 3.0398e-48 3.9694e-33 1.2423e-19 2.2491e-15 ] 1.0000e+00
 3.185e+01 1.7199e-15 1.7199e-15 [ 1.4606e-48 2.3479e-33 8.8908e-20 1.7198e-15 ] 1.0000e+00
 3.196e+01 1.3140e-15 1.3140e-15 [ 7.0046e-49 1.3866e-33 6.3560e-20 1.3139e-15 ] 1.0000e+00
 3.207e+01 1.0029e-15 1.0029e-15 [ 3.3525e-49 8.1764e-34 4.5391e-20 1.0029e-15 ] 1.0000e+00
 3.219e+01 7.6477e-16 7.6477e-16 [ 1.6014e-49 4.8140e-34 3.2382e-20 7.6473e-16 ] 1.0000e+00
 3.230e+01 5.8264e-16 5.8264e-16 [ 7.6345e-50 2.8300e-34 2.3077e-20 5.8261e-16 ] 1.0000e+00
 3.241e+01 4.4347e-16 4.4347e-16 [ 3.6325e-50 1.6611e-34 1.6428e-20 4.4345e-16 ] 1.0000e+00
 3.253e+01 3.3723e-16 3.3723e-16 [ 1.7250e-50 9.7349e-35 1.1683e-20 3.3722e-16 ] 1.0000e+00
 3.264e+01 2.5621e-16 2.5621e-16 [ 8.1754e-51 5.6965e-35 8.2995e-21 2.5620e-16 ] 1.0000e+00
 3.275e+01 1.9448e-16 1.9448e-16 [ 3.8671e-51 3.3282e-35 5.8898e-21 1.9447e-16 ] 1.0000e+00
 3.287e+01 1.4748e-16 1.4748e-16 [ 1.8257e-51 1.9416e-35 4.1754e-21 1.4748e-16 ] 1.0000e+00
 3.298e+01 1.1174e-16 1.1174e-16 [ 8.6024e-52 1.1309e-35 2.9569e-21 1.1174e-16 ] 1.0000e+00
 3.309e+01 8.4582e-17 8.4582e-17 [ 4.0455e-52 6.5773e-36 2.0918e-21 8.4580e-17 ] 1.0000e+00
 3.321e+01 6.3967e-17 6.3967e-17 [ 1.8988e-52 3.8194e-36 1.4783e-21 6.3965e-17 ] 1.0000e+00
 3.332e+01 4.8332e-17 4.8332e-17 [ 8.8954e-53 2.2145e-36 1.0436e-21 4.8331e-17 ] 1.0000e+00
 3.343e+01 3.6486e-17 3.6486e-17 [ 4.1592e-53 1.2820e-36 7.3600e-22 3.6485e-17 ] 1.0000e+00
 3.355e+01 2.7518e-17 2.7518e-17 [ 1.9410e-53 7.4108e-37 5.1852e-22 2.7517e-17 ] 1.0000e+00
 3.366e+01 2.0735e-17 2.0735e-17 [ 9.0406e-54 4.2772e-37 3.6492e-22 2.0735e-17 ] 1.0000e+00
 3.377e+01 1.5610e-17 1.5610e-17 [ 4.2029e-54 2.4649e-37 2.5655e-22 1.5610e-17 ] 1.0000e+00
 3.389e+01 1.1741e-17 1.1741e-17 [ 1.9501e-54 1.4183e-37 1.8018e-22 1.1741e-17 ] 1.0000e+00
 3.400e+01 8.8234e-18 8.8234e-18 [ 9.0315e-55 8.1484e-38 1.2641e-22 8.8233e-18 ] 1.0000e+00
 3.411e+01 6.6246e-18 6.6246e-18 [ 4.1748e-55 4.6744e-38 8.8600e-23 6.6245e-18 ] 1.0000e+00
 3.423e+01 4.9693e-18 4.9693e-18 [ 1.9261e-55 2.6774e-38 6.2033e-23 4.9692e-18 ] 1.0000e+00
 3.434e+01 3.7242e-18 3.7242e-18 [ 8.8697e-56 1.5312e-38 4.3387e-23 3.7242e-18 ] 1.0000e+00
 3.445e+01 2.7886e-18 2.7886e-18 [ 4.0768e-56 8.7440e-39 3.0315e-23 2.7886e-18 ] 1.0000e+00
 3.457e+01 2.0861e-18 2.0861e-18 [ 1.8703e-56 4.9856e-39 2.1160e-23 2.0861e-18 ] 1.0000e+00
 3.468e+01 1.5593e-18 1.5593e-18 [ 8.5642e-57 2.8384e-39 1.4754e-23 1.5592e-18 ] 1.0000e+00
 3.479e+01 1.1644e-18 1.1644e-18 [ 3.9143e-57 1.6135e-39 1.0277e-23 1.1644e-18 ] 1.0000e+00
 3.491e+01 8.6874e-19 8.6874e-19 [ 1.7857e-57 9.1580e-40 7.1513e-24 8.6874e-19 ] 1.0000e+00
 3.502e+01 6.4759e-19 6.4759e-19 [ 8.1312e-58 5.1901e-40 4.9711e-24 6.4758e-19 ] 1.0000e+00
 3.513e+01 4.8230e-19 4.8230e-19 [ 3.6957e-58 2.9370e-40 3.4521e-24 4.8229e-19 ] 1.0000e+00
 3.525e+01 3.5888e-19 3.5888e-19 [ 1.6766e-58 1.6595e-40 2.3948e-24 3.5887e-19 ] 1.0000e+00
 3.536e+01 2.6680e-19 2.6680e-19 [ 7.5919e-59 9.3622e-41 1.6596e-24 2.6680e-19 ] 1.0000e+00
 3.547e+01 1.9817e-19 1.9817e-19 [ 3.4315e-59 5.2739e-41 1.1490e-24 1.9817e-19 ] 1.0000e+00
 3.559e+01 1.4707e-19 1.4707e-19 [ 1.5481e-59 2.9664e-41 7.9462e-25 1.4707e-19 ] 1.0000e+00
 3.570e+01 1.0905e-19 1.0905e-19 [ 6.9717e-60 1.6660e-41 5.4900e-25 1.0905e-19 ] 1.0000e+00
 3.581e+01 8.0781e-20 8.0781e-20 [ 3.1338e-60 9.3428e-42 3.7892e-25 8.0781e-20 ] 1.0000e+00
 3.593e+01 5.9790e-20 5.9790e-20 [ 1.4061e-60 5.2314e-42 2.6126e-25 5.9790e-20 ] 1.0000e+00
 3.604e+01 4.4214e-20 4.4214e-20 [ 6.2974e-61 2.9249e-42 1.7996e-25 4.4214e-20 ] 1.0000e+00
 3.615e+01 3.2667e-20 3.2667e-20 [ 2.8152e-61 1.6328e-42 1.2383e-25 3.2667e-20 ] 1.0000e+00
 3.627e+01 2.4115e-20 2.4115e-20 [ 1.2563e-61 9.1018e-43 8.5122e-26 2.4115e-20 ] 1.0000e+00
 3.638e+01 1.7786e-20 1.7786e-20 [ 5.5959e-62 5.0660e-43 5.8454e-26 1.7786e-20 ] 1.0000e+00
 3.649e+01 1.3106e-20 1.3106e-20 [ 2.4881e-62 2.8154e-43 4.0101e-26 1.3106e-20 ] 1.0000e+00
 3.661e+01 9.6493e-21 9.6493e-21 [ 1.1043e-62 1.5624e-43 2.7482e-26 9.6493e-21 ] 1.0000e+00
 3.672e+01 7.0981e-21 7.0981e-21 [ 4.8923e-63 8.6570e-44 1.8815e-26 7.0980e-21 ] 1.0000e+00
 3.683e+01 5.2168e-21 5.2168e-21 [ 2.1636e-63 4.7897e-44 1.2869e-26 5.2167e-21 ] 1.0000e+00
 3.695e+01 3.8307e-21 3.8307e-21 [ 9.5510e-64 2.6460e-44 8.7928e-27 3.8307e-21 ] 1.0000e+00
 3.706e+01 2.8105e-21 2.8105e-21 [ 4.2087e-64 1.4596e-44 6.0017e-27 2.8105e-21 ] 1.0000e+00
 3.717e+01 2.0602e-21 2.0602e-21 [ 1.8513e-64 8.0396e-45 4.0925e-27 2.0602e-21 ] 1.0000e+00
 3.729e+01 1.5089e-21 1.5089e-21 [ 8.1290e-65 4.4217e-45 2.7879e-27 1.5088e-21 ] 1.0000e+00
 3.740e+01 1.1041e-21 1.1041e-21 [ 3.5631e-65 2.4282e-45 1.8972e-27 1.1041e-21 ] 1.0000e+00
 3.751e+01 8.0723e-22 8.0723e-22 [ 1.5590e-65 1.3315e-45 1.2898e-27 8.0723e-22 ] 1.0000e+00
 3.763e+01 5.8966e-22 5.8966e-22 [ 6.8093e-66 7.2907e-46 8.7599e-28 5.8966e-22 ] 1.0000e+00
 3.774e+01 4.3036e-22 4.3036e-22 [ 2.9689e-66 3.9860e-46 5.9435e-28 4.3036e-22 ] 1.0000e+00
 3.785e+01 3.1383e-22 3.1383e-22 [ 1.2922e-66 2.1761e-46 4.0285e-28 3.1383e-22 ] 1.0000e+00
 3.797e+01 2.2865e-22 2.2865e-22 [ 5.6143e-67 1.1862e-46 2.7278e-28 2.2865e-22 ] 1.0000e+00
 3.808e+01 1.6644e-22 1.6644e-22 [ 2.4351e-67 6.4566e-47 1.8453e-28 1.6644e-22 ] 1.0000e+00
 3.819e+01 1.2106e-22 1.2106e-22 [ 1.0543e-67 3.5092e-47 1.2470e-28 1.2106e-22 ] 1.0000e+00
 3.831e+01 8.7972e-23 8.7972e-23 [ 4.5569e-68 1.9045e-47 8.4186e-29 8.7972e-23 ] 1.0000e+00
 3.842e+01 6.3873e-23 6.3873e-23 [ 1.9662e-68 1.0320e-47 5.6778e-29 6.3873e-23 ] 1.0000e+00
 3.853e+01 4.6336e-23 4.6336e-23 [ 8.4687e-69 5.5845e-48 3.8255e-29 4.6336e-23 ] 1.0000e+00
 3.865e+01 3.3585e-23 3.3585e-23 [ 3.6414e-69 3.0174e-48 2.5750e-29 3.3585e-23 ] 1.0000e+00
 3.876e+01 2.4322e-23 2.4322e-23 [ 1.5630e-69 1.6279e-48 1.7315e-29 2.4322e-23 ] 1.0000e+00
 3.887e+01 1.7599e-23 1.7599e-23 [ 6.6977e-70 8.7702e-49 1.1631e-29 1.7599e-23 ] 1.0000e+00
 3.899e+01 1.2723e-23 1.2723e-23 [ 2.8651e-70 4.7179e-49 7.8059e-30 1.2723e-23 ] 1.0000e+00
 3.910e+01 9.1901e-24 9.1901e-24 [ 1.2235e-70 2.5342e-49 5.2333e-30 9.1901e-24 ] 1.0000e+00
 3.921e+01 6.6325e-24 6.6325e-24 [ 5.2162e-71 1.3593e-49 3.5051e-30 6.6325e-24 ] 1.0000e+00
 3.933e+01 4.7827e-24 4.7827e-24 [ 2.2200e-71 7.2801e-50 2.3453e-30 4.7827e-24 ] 1.0000e+00
 3.944e+01 3.4458e-24 3.4458e-24 [ 9.4323e-72 3.8934e-50 1.5677e-30 3.4458e-24 ] 1.0000e+00
 3.955e+01 2.4805e-24 2.4805e-24 [ 4.0008e-72 2.0792e-50 1.0469e-30 2.4805e-24 ] 1.0000e+00
 3.967e+01 1.7841e-24 1.7841e-24 [ 1.6941e-72 1.1087e-50 6.9840e-31 1.7841e-24 ] 1.0000e+00
 3.978e+01 1.2821e-24 1.2821e-24 [ 7.1616e-73 5.9037e-51 4.6546e-31 1.2821e-24 ] 1.0000e+00
 3.989e+01 9.2055e-25 9.2055e-25 [ 3.0224e-73 3.1390e-51 3.0991e-31 9.2055e-25 ] 1.0000e+00
 4.001e+01 6.6041e-25 6.6041e-25 [ 1.2734e-73 1.6666e-51 2.0614e-31 6.6041e-25 ] 1.0000e+00
 4.012e+01 4.7338e-25 4.7338e-25 [ 5.3562e-74 8.8356e-52 1.3698e-31 4.7338e-25 ] 1.0000e+00
 4.023e+01 3.3903e-25 3.3903e-25 [ 2.2492e-74 4.6775e-52 9.0932e-32 3.3903e-25 ] 1.0000e+00
 4.035e+01 2.4260e-25 2.4260e-25 [ 9.4292e-75 2.4726e-52 6.0305e-32 2.4260e-25 ] 1.0000e+00
 4.046e+01 1.7345e-25 1.7345e-25 [ 3.9464e-75 1.3052e-52 3.9955e-32 1.7345e-25 ] 1.0000e+00
 4.057e+01 1.2391e-25 1.2391e-25 [ 1.6490e-75 6.8798e-53 2.6445e-32 1.2391e-25 ] 1.0000e+00
 4.069e+01 8.8442e-26 8.8442e-26 [ 6.8788e-76 3.6212e-53 1.7487e-32 8.8442e-26 ] 1.0000e+00
 4.080e+01 6.3073e-26 6.3073e-26 [ 2.8648e-76 1.9032e-53 1.1551e-32 6.3073e-26 ] 1.0000e+00
 4.091e+01 4.4943e-26 4.4943e-26 [ 1.1912e-76 9.9887e-54 7.6233e-33 4.4943e-26 ] 1.0000e+00
 4.103e+01 3.1997e-26 3.1997e-26 [ 4.9447e-77 5.2348e-54 5.0260e-33 3.1997e-26 ] 1.0000e+00
 4.114e+01 2.2761e-26 2.2761e-26 [ 2.0493e-77 2.7395e-54 3.3103e-33 2.2761e-26 ] 1.0000e+00
 4.125e+01 1.6178e-26 1.6178e-26 [ 8.4791e-78 1.4316e-54 2.1782e-33 1.6178e-26 ] 1.0000e+00
 4.137e+01 1.1489e-26 1.1489e-26 [ 3.5027e-78 7.4705e-55 1.4319e-33 1.1489e-26 ] 1.0000e+00
 4.148e+01 8.1520e-27 8.1520e-27 [ 1.4446e-78 3.8927e-55 9.4032e-34 8.1520e-27 ] 1.0000e+00
 4.159e+01 5.7794e-27 5.7794e-27 [ 5.9484e-79 2.0255e-55 6.1692e-34 5.7794e-27 ] 1.0000e+00
 4.171e+01 4.0940e-27 4.0940e-27 [ 2.4454e-79 1.0525e-55 4.0435e-34 4.0940e-27 ] 1.0000e+00
 4.182e+01 2.8976e-27 2.8976e-27 [ 1.0037e-79 5.4607e-56 2.6476e-34 2.8976e-27 ] 1.0000e+00
 4.193e+01 2.0491e-27 2.0491e-27 [ 4.1130e-80 2.8293e-56 1.7319e-34 2.0491e-27 ] 1.0000e+00
 4.205e+01 1.4479e-27 1.4479e-27 [ 1.6828e-80 1.4638e-56 1.1318e-34 1.4479e-27 ] 1.0000e+00
 4.216e+01 1.0222e-27 1.0222e-27 [ 6.8740e-81 7.5628e-57 7.3894e-35 1.0222e-27 ] 1.0000e+00
 4.227e+01 7.2107e-28 7.2107e-28 [ 2.8035e-81 3.9017e-57 4.8196e-35 7.2107e-28 ] 1.0000e+00
 4.239e+01 5.0822e-28 5.0822e-28 [ 1.1416e-81 2.0101e-57 3.1405e-35 5.0822e-28 ] 1.0000e+00
 4.250e+01 3.5790e-28 3.5790e-28 [ 4.6410e-82 1.0341e-57 2.0443e-35 3.5790e-28 ] 1.0000e+00
 4.261e+01 2.5184e-28 2.5184e-28 [ 1.8839e-82 5.3125e-58 1.3295e-35 2.5184e-28 ] 1.0000e+00
 4.273e+01 1.7705e-28 1.7705e-28 [ 7.6349e-83 2.7254e-58 8.6376e-36 1.7705e-28 ] 1.0000e+00
 4.284e+01 1.2438e-28 1.2438e-28 [ 3.0894e-83 1.3961e-58 5.6063e-36 1.2438e-28 ] 1.0000e+00
 4.295e+01 8.7297e-29 8.7297e-29 [ 1.2482e-83 7.1421e-59 3.6353e-36 8.7297e-29 ] 1.0000e+00
 4.307e+01 6.1222e-29 6.1222e-29 [ 5.0349e-84 3.6485e-59 2.3550e-36 6.1222e-29 ] 1.0000e+00
 4.318e+01 4.2899e-29 4.2899e-29 [ 2.0278e-84 1.8612e-59 1.5241e-36 4.2899e-29 ] 1.0000e+00
 4.329e+01 3.0036e-29 3.0036e-29 [ 8.1547e-85 9.4811e-60 9.8537e-37 3.0036e-29 ] 1.0000e+00
 4.341e+01 2.1012e-29 2.1012e-29 [ 3.2743e-85 4.8230e-60 6.3646e-37 2.1012e-29 ] 1.0000e+00
 4.352e+01 1.4687e-29 1.4687e-29 [ 1.3126e-85 2.4500e-60 4.1070e-37 1.4687e-29 ] 1.0000e+00
 4.363e+01 1.0257e-29 1.0257e-29 [ 5.2543e-86 1.2428e-60 2.6476e-37 1.0257e-29 ] 1.0000e+00
 4.375e+01 7.1577e-30 7.1577e-30 [ 2.1000e-86 6.2958e-61 1.7051e-37 7.1577e-30 ] 1.0000e+00
 4.386e+01 4.9906e-30 4.9906e-30 [ 8.3803e-87 3.1848e-61 1.0971e-37 4.9906e-30 ] 1.0000e+00
 4.397e+01 3.4768e-30 3.4768e-30 [ 3.3392e-87 1.6088e-61 7.0520e-38 3.4768e-30 ] 1.0000e+00
 4.409e+01 2.4202e-30 2.4202e-30 [ 1.3285e-87 8.1159e-62 4.5285e-38 2.4202e-30 ] 1.0000e+00
 4.420e+01 1.6833e-30 1.6833e-30 [ 5.2774e-88 4.0885e-62 2.9052e-38 1.6833e-30 ] 1.0000e+00
 4.431e+01 1.1698e-30 1.1698e-30 [ 2.0933e-88 2.0567e-62 1.8620e-38 1.1698e-30 ] 1.0000e+00
 4.443e+01 8.1228e-31 8.1228e-31 [ 8.2904e-89 1.0332e-62 1.1922e-38 8.1228e-31 ] 1.0000e+00
 4.454e+01 5.6356e-31 5.6356e-31 [ 3.2785e-89 5.1834e-63 7.6263e-39 5.6356e-31 ] 1.0000e+00
 4.465e+01 3.9068e-31 3.9068e-31 [ 1.2946e-89 2.5968e-63 4.8736e-39 3.9068e-31 ] 1.0000e+00
 4.477e+01 2.7061e-31 2.7061e-31 [ 5.1042e-90 1.2991e-63 3.1115e-39 2.7061e-31 ] 1.0000e+00
 4.488e+01 1.8729e-31 1.8729e-31 [ 2.0094e-90 6.4904e-64 1.9846e-39 1.8729e-31 ] 1.0000e+00
 4.499e+01 1.2952e-31 1.2952e-31 [ 7.8992e-91 3.2381e-64 1.2646e-39 1.2952e-31 ] 1.0000e+00
 4.511e+01 8.9490e-32 8.9490e-32 [ 3.1006e-91 1.6133e-64 8.0501e-40 8.9490e-32 ] 1.0000e+00
 4.522e+01 6.1783e-32 6.1783e-32 [ 1.2153e-91 8.0270e-65 5.1196e-40 6.1783e-32 ] 1.0000e+00
 4.533e+01 4.2620e-32 4.2620e-32 [ 4.7562e-92 3.9883e-65 3.2528e-40 4.2620e-32 ] 1.0000e+00
 4.545e+01 2.9376e-32 2.9376e-32 [ 1.8587e-92 1.9789e-65 2.0647e-40 2.9376e-32 ] 1.0000e+00
 4.556e+01 2.0232e-32 2.0232e-32 [ 7.2529e-93 9.8056e-66 1.3093e-40 2.0232e-32 ] 1.0000e+00
 4.567e+01 1.3922e-32 1.3922e-32 [ 2.8261e-93 4.8521e-66 8.2945e-41 1.3922e-32 ] 1.0000e+00
 4.579e+01 9.5726e-33 9.5726e-33 [ 1.0996e-93 2.3977e-66 5.2497e-41 9.5726e-33 ] 1.0000e+00
 4.590e+01 6.5765e-33 6.5765e-33 [ 4.2720e-94 1.1832e-66 3.3193e-41 6.5765e-33 ] 1.0000e+00
 4.601e+01 4.5145e-33 4.5145e-33 [ 1.6574e-94 5.8311e-67 2.0968e-41 4.5145e-33 ] 1.0000e+00
 4.613e+01 3.0965e-33 3.0965e-33 [ 6.4205e-95 2.8697e-67 1.3232e-41 3.0965e-33 ] 1.0000e+00
 4.624e+01 2.1221e-33 2.1221e-33 [ 2.4837e-95 1.4104e-67 8.3426e-42 2.1221e-33 ] 1.0000e+00
 4.635e+01 1.4532e-33 1.4532e-33 [ 9.5940e-96 6.9225e-68 5.2547e-42 1.4532e-33 ] 1.0000e+00
 4.647e+01 9.9431e-34 9.9431e-34 [ 3.7007e-96 3.3931e-68 3.3065e-42 9.9431e-34 ] 1.0000e+00
 4.658e+01 6.7978e-34 6.7978e-34 [ 1.4254e-96 1.6609e-68 2.0786e-42 6.7978e-34 ] 1.0000e+00
 4.669e+01 4.6437e-34 4.6437e-34 [ 5.4826e-97 8.1189e-69 1.3055e-42 4.6437e-34 ] 1.0000e+00
 4.681e+01 3.1696e-34 3.1696e-34 [ 2.1058e-97 3.9634e-69 8.1911e-43 3.1696e-34 ] 1.0000e+00
 4.692e+01 2.1617e-34 2.1617e-34 [ 8.0764e-98 1.9322e-69 5.1345e-43 2.1617e-34 ] 1.0000e+00
 4.703e+01 1.4731e-34 1.4731e-34 [ 3.0932e-98 9.4074e-70 3.2154e-43 1.4731e-34 ] 1.0000e+00
 4.715e+01 1.0030e-34 1.0030e-34 [ 1.1830e-98 4.5740e-70 2.0116e-43 1.0030e-34 ] 1.0000e+00
 4.726e+01 6.8241e-35 6.8241e-35 [ 4.5183e-99 2.2210e-70 1.2573e-43 6.8241e-35 ] 1.0000e+00
 4.737e+01 4.6390e-35 4.6390e-35 [ 1.7232e-99 1.0770e-70 7.8512e-44 4.6390e-35 ] 1.0000e+00
 4.749e+01 3.1511e-35 3.1511e-35 [ 6.5628e-100 5.2154e-71 4.8978e-44 3.1511e-35 ] 1.0000e+00
 4.760e+01 2.1386e-35 2.1386e-35 [ 2.4960e-100 2.5223e-71 3.0525e-44 2.1386e-35 ] 1.0000e+00
 4.771e+01 1.4503e-35 1.4503e-35 [ 9.4797e-101 1.2182e-71 1.9006e-44 1.4503e-35 ] 1.0000e+00
 4.783e+01 9.8274e-36 9.8274e-36 [ 3.5953e-101 5.8759e-72 1.1822e-44 9.8274e-36 ] 1.0000e+00
 4.794e+01 6.6538e-36 6.6538e-36 [ 1.3617e-101 2.8304e-72 7.3468e-45 6.6538e-36 ] 1.0000e+00
 4.805e+01 4.5014e-36 4.5014e-36 [ 5.1503e-102 1.3616e-72 4.5612e-45 4.5014e-36 ] 1.0000e+00
 4.817e+01 3.0428e-36 3.0428e-36 [ 1.9453e-102 6.5415e-73 2.8291e-45 3.0428e-36 ] 1.0000e+00
 4.828e+01 2.0552e-36 2.0552e-36 [ 7.3374e-103 3.1385e-73 1.7531e-45 2.0552e-36 ] 1.0000e+00
 4.839e+01 1.3870e-36 1.3870e-36 [ 2.7638e-103 1.5039e-73 1.0853e-45 1.3870e-36 ] 1.0000e+00
 4.851e+01 9.3531e-37 9.3531e-37 [ 1.0396e-103 7.1964e-74 6.7119e-46 9.3531e-37 ] 1.0000e+00
 4.862e+01 6.3021e-37 6.3021e-37 [ 3.9054e-104 3.4391e-74 4.1472e-46 6.3021e-37 ] 1.0000e+00
 4.873e+01 4.2429e-37 4.2429e-37 [ 1.4651e-104 1.6414e-74 2.5600e-46 4.2429e-37 ] 1.0000e+00
 4.885e+01 2.8543e-37 2.8543e-37 [ 5.4886e-105 7.8237e-75 1.5787e-46 2.8543e-37 ] 1.0000e+00
 4.896e+01 1.9186e-37 1.9186e-37 [ 2.0534e-105 3.7243e-75 9.7266e-47 1.9186e-37 ] 1.0000e+00
 4.907e+01 1.2886e-37 1.2886e-37 [ 7.6722e-106 1.7705e-75 5.9869e-47 1.2886e-37 ] 1.0000e+00
 4.919e+01 8.6477e-38 8.6477e-38 [ 2.8627e-106 8.4061e-76 3.6815e-47 8.6477e-38 ] 1.0000e+00
 4.930e+01 5.7988e-38 5.7988e-38 [ 1.0667e-106 3.9858e-76 2.2617e-47 5.7988e-38 ] 1.0000e+00
 4.941e+01 3.8853e-38 3.8853e-38 [ 3.9696e-107 1.8875e-76 1.3881e-47 3.8853e-38 ] 1.0000e+00
 4.953e+01 2.6012e-38 2.6012e-38 [ 1.4752e-107 8.9265e-77 8.5115e-48 2.6012e-38 ] 1.0000e+00
 4.964e+01 1.7401e-38 1.7401e-38 [ 5.4753e-108 4.2161e-77 5.2140e-48 1.7401e-38 ] 1.0000e+00
 4.975e+01 1.1631e-38 1.1631e-38 [ 2.0295e-108 1.9888e-77 3.1910e-48 1.1631e-38 ] 1.0000e+00
 4.987e+01 7.7681e-39 7.7681e-39 [ 7.5124e-109 9.3690e-78 1.9510e-48 7.7681e-39 ] 1.0000e+00
 4.998e+01 5.1840e-39 5.1840e-39 [ 2.7772e-109 4.4080e-78 1.1917e-48 5.1840e-39 ] 1.0000e+00
 5.009e+01 3.4568e-39 3.4568e-39 [ 1.0253e-109 2.0712e-78 7.2726e-49 3.4568e-39 ] 1.0000e+00
 5.021e+01 2.3032e-39 2.3032e-39 [ 3.7806e-110 9.7199e-79 4.4338e-49 2.3032e-39 ] 1.0000e+00
 5.032e+01 1.5334e-39 1.5334e-39 [ 1.3922e-110 4.5555e-79 2.7006e-49 1.5334e-39 ] 1.0000e+00
 5.043e+01 1.0200e-39 1.0200e-39 [ 5.1198e-111 2.1323e-79 1.6433e-49 1.0200e-39 ] 1.0000e+00
 5.055e+01 6.7800e-40 6.7800e-40 [ 1.8804e-111 9.9678e-80 9.9904e-50 6.7800e-40 ] 1.0000e+00
 5.066e+01 4.5031e-40 4.5031e-40 [ 6.8975e-112 4.6537e-80 6.0677e-50 4.5031e-40 ] 1.0000e+00
 5.077e+01 2.9884e-40 2.9884e-40 [ 2.5268e-112 2.1699e-80 3.6817e-50 2.9884e-40 ] 1.0000e+00
 5.089e+01 1.9816e-40 1.9816e-40 [ 9.2447e-113 1.0105e-80 2.2318e-50 1.9816e-40 ] 1.0000e+00
 5.100e+01 1.3130e-40 1.3130e-40 [ 3.3780e-113 4.6998e-81 1.3516e-50 1.3130e-40 ] 1.0000e+00
 5.111e+01 8.6926e-41 8.6926e-41 [ 1.2327e-113 2.1831e-81 8.1781e-51 8.6926e-41 ] 1.0000e+00
 5.123e+01 5.7504e-41 5.7504e-41 [ 4.4929e-114 1.0127e-81 4.9434e-51 5.7504e-41 ] 1.0000e+00
 5.134e+01 3.8010e-41 3.8010e-41 [ 1.6355e-114 4.6923e-82 2.9853e-51 3.8010e-41 ] 1.0000e+00
 5.145e+01 2.5105e-41 2.5105e-41 [ 5.9456e-115 2.1713e-82 1.8011e-51 2.5105e-41 ] 1.0000e+00
 5.157e+01 1.6568e-41 1.6568e-41 [ 2.1588e-115 1.0035e-82 1.0856e-51 1.6568e-41 ] 1.0000e+00
 5.168e+01 1.0925e-41 1.0925e-41 [ 7.8284e-116 4.6317e-83 6.5375e-52 1.0925e-41 ] 1.0000e+00
 5.179e+01 7.1987e-42 7.1987e-42 [ 2.8352e-116 2.1352e-83 3.9330e-52 7.1987e-42 ] 1.0000e+00
 5.191e+01 4.7395e-42 4.7395e-42 [ 1.0256e-116 9.8304e-84 2.3639e-52 4.7395e-42 ] 1.0000e+00
 5.202e+01 3.1179e-42 3.1179e-42 [ 3.7051e-117 4.5203e-84 1.4195e-52 3.1179e-42 ] 1.0000e+00
 5.213e+01 2.0495e-42 2.0495e-42 [ 1.3369e-117 2.0760e-84 8.5154e-53 2.0495e-42 ] 1.0000e+00
 5.225e+01 1.3462e-42 1.3462e-42 [ 4.8177e-118 9.5221e-85 5.1036e-53 1.3462e-42 ] 1.0000e+00
 5.236e+01 8.8350e-43 8.8350e-43 [ 1.7340e-118 4.3621e-85 3.0559e-53 8.8350e-43 ] 1.0000e+00
 5.247e+01 5.7938e-43 5.7938e-43 [ 6.2336e-119 1.9958e-85 1.8280e-53 5.7938e-43 ] 1.0000e+00
 5.259e+01 3.7965e-43 3.7965e-43 [ 2.2381e-119 9.1202e-86 1.0925e-53 3.7965e-43 ] 1.0000e+00
 5.270e+01 2.4857e-43 2.4857e-43 [ 8.0259e-120 4.1624e-86 6.5230e-54 2.4857e-43 ] 1.0000e+00
 5.281e+01 1.6262e-43 1.6262e-43 [ 2.8746e-120 1.8974e-86 3.8911e-54 1.6262e-43 ] 1.0000e+00
 5.293e+01 1.0631e-43 1.0631e-43 [ 1.0283e-120 8.6381e-87 2.3189e-54 1.0631e-43 ] 1.0000e+00
 5.304e+01 6.9440e-44 6.9440e-44 [ 3.6741e-121 3.9277e-87 1.3806e-54 6.9440e-44 ] 1.0000e+00
 5.315e+01 4.5322e-44 4.5322e-44 [ 1.3111e-121 1.7837e-87 8.2123e-55 4.5322e-44 ] 1.0000e+00
 5.327e+01 2.9557e-44 2.9557e-44 [ 4.6732e-122 8.0907e-88 4.8803e-55 2.9557e-44 ] 1.0000e+00
 5.338e+01 1.9261e-44 1.9261e-44 [ 1.6636e-122 3.6653e-88 2.8974e-55 1.9261e-44 ] 1.0000e+00
 5.349e+01 1.2541e-44 1.2541e-44 [ 5.9154e-123 1.6584e-88 1.7186e-55 1.2541e-44 ] 1.0000e+00
 5.361e+01 8.1597e-45 8.1597e-45 [ 2.1008e-123 7.4945e-89 1.0184e-55 8.1597e-45 ] 1.0000e+00
 5.372e+01 5.3047e-45 5.3047e-45 [ 7.4520e-124 3.3827e-89 6.0293e-56 5.3047e-45 ] 1.0000e+00
 5.383e+01 3.4459e-45 3.4459e-45 [ 2.6402e-124 1.5249e-89 3.5662e-56 3.4459e-45 ] 1.0000e+00
 5.395e+01 2.2367e-45 2.2367e-45 [ 9.3431e-125 6.8660e-90 2.1073e-56 2.2367e-45 ] 1.0000e+00
 5.406e+01 1.4507e-45 1.4507e-45 [ 3.3024e-125 3.0877e-90 1.2441e-56 1.4507e-45 ] 1.0000e+00
 5.417e+01 9.4013e-46 9.4013e-46 [ 1.1659e-125 1.3868e-90 7.3377e-57 9.4013e-46 ] 1.0000e+00
 5.429e+01 6.0879e-46 6.0879e-46 [ 4.1111e-126 6.2215e-91 4.3237e-57 6.0879e-46 ] 1.0000e+00
 5.440e+01 3.9391e-46 3.9391e-46 [ 1.4480e-126 2.7876e-91 2.5454e-57 3.9391e-46 ] 1.0000e+00
 5.451e+01 2.5468e-46 2.5468e-46 [ 5.0938e-127 1.2475e-91 1.4971e-57 2.5468e-46 ] 1.0000e+00
 5.463e+01 1.6453e-46 1.6453e-46 [ 1.7899e-127 5.5762e-92 8.7967e-58 1.6453e-46 ] 1.0000e+00
 5.474e+01 1.0621e-46 1.0621e-46 [ 6.2820e-128 2.4895e-92 5.1641e-58 1.0621e-46 ] 1.0000e+00
 5.485e+01 6.8506e-47 6.8506e-47 [ 2.2023e-128 1.1101e-92 3.0287e-58 6.8506e-47 ] 1.0000e+00
 5.497e+01 4.4153e-47 4.4153e-47 [ 7.7115e-129 4.9438e-93 1.7747e-58 4.4153e-47 ] 1.0000e+00
 5.508e+01 2.8435e-47 2.8435e-47 [ 2.6971e-129 2.1992e-93 1.0389e-58 2.8435e-47 ] 1.0000e+00
 5.519e+01 1.8298e-47 1.8298e-47 [ 9.4225e-130 9.7708e-94 6.0760e-59 1.8298e-47 ] 1.0000e+00
 5.531e+01 1.1765e-47 1.1765e-47 [ 3.2880e-130 4.3360e-94 3.5502e-59 1.1765e-47 ] 1.0000e+00
 5.542e+01 7.5591e-48 7.5591e-48 [ 1.1460e-130 1.9218e-94 2.0725e-59 7.5591e-48 ] 1.0000e+00
 5.553e+01 4.8529e-48 4.8529e-48 [ 3.9900e-131 8.5081e-95 1.2087e-59 4.8529e-48 ] 1.0000e+00
 5.565e+01 3.1130e-48 3.1130e-48 [ 1.3876e-131 3.7621e-95 7.0428e-60 3.1130e-48 ] 1.0000e+00
 5.576e+01 1.9954e-48 1.9954e-48 [ 4.8199e-132 1.6615e-95 4.0998e-60 1.9954e-48 ] 1.0000e+00
 5.587e+01 1.2780e-48 1.2780e-48 [ 1.6723e-132 7.3295e-96 2.3844e-60 1.2780e-48 ] 1.0000e+00
 5.599e+01 8.1790e-49 8.1790e-49 [ 5.7960e-133 3.2294e-96 1.3854e-60 8.1790e-49 ] 1.0000e+00
 5.610e+01 5.2303e-49 5.2303e-49 [ 2.0065e-133 1.4212e-96 8.0424e-61 5.2303e-49 ] 1.0000e+00
 5.621e+01 3.3420e-49 3.3420e-49 [ 6.9384e-134 6.2471e-97 4.6642e-61 3.3420e-49 ] 1.0000e+00
 5.633e+01 2.1338e-49 2.1338e-49 [ 2.3966e-134 2.7428e-97 2.7026e-61 2.1338e-49 ] 1.0000e+00
 5.644e+01 1.3613e-49 1.3613e-49 [ 8.2689e-135 1.2028e-97 1.5645e-61 1.3613e-49 ] 1.0000e+00
 5.655e+01 8.6783e-50 8.6783e-50 [ 2.8498e-135 5.2683e-98 9.0480e-62 8.6783e-50 ] 1.0000e+00
 5.667e+01 5.5279e-50 5.5279e-50 [ 9.8107e-136 2.3049e-98 5.2280e-62 5.5279e-50 ] 1.0000e+00
 5.678e+01 3.5184e-50 3.5184e-50 [ 3.3737e-136 1.0072e-98 3.0180e-62 3.5184e-50 ] 1.0000e+00
 5.689e+01 2.2377e-50 2.2377e-50 [ 1.1589e-136 4.3961e-99 1.7406e-62 2.2377e-50 ] 1.0000e+00
 5.701e+01 1.4220e-50 1.4220e-50 [ 3.9763e-137 1.9165e-99 1.0029e-62 1.4220e-50 ] 1.0000e+00
 5.712e+01 9.0299e-51 9.0299e-51 [ 1.3628e-137 8.3457e-100 5.7734e-63 9.0299e-51 ] 1.0000e+00
 5.723e+01 5.7295e-51 5.7295e-51 [ 4.6660e-138 3.6300e-100 3.3205e-63 5.7295e-51 ] 1.0000e+00
 5.735e+01 3.6326e-51 3.6326e-51 [ 1.5957e-138 1.5770e-100 1.9079e-63 3.6326e-51 ] 1.0000e+00
 5.746e+01 2.3013e-51 2.3013e-51 [ 5.4514e-139 6.8433e-101 1.0953e-63 2.3013e-51 ] 1.0000e+00
 5.757e+01 1.4568e-51 1.4568e-51 [ 1.8603e-139 2.9661e-101 6.2818e-64 1.4568e-51 ] 1.0000e+00
 5.769e+01 9.2143e-52 9.2143e-52 [ 6.3415e-140 1.2841e-101 3.5995e-64 9.2143e-52 ] 1.0000e+00
 5.780e+01 5.8238e-52 5.8238e-52 [ 2.1594e-140 5.5531e-102 2.0606e-64 5.8238e-52 ] 1.0000e+00
 5.791e+01 3.6780e-52 3.6780e-52 [ 7.3450e-141 2.3986e-102 1.1786e-64 3.6780e-52 ] 1.0000e+00
 5.803e+01 2.3210e-52 2.3210e-52 [ 2.4957e-141 1.0349e-102 6.7346e-65 2.3210e-52 ] 1.0000e+00
 5.814e+01 1.4635e-52 1.4635e-52 [ 8.4710e-142 4.4597e-103 3.8447e-65 1.4635e-52 ] 1.0000e+00
 5.825e+01 9.2212e-53 9.2212e-53 [ 2.8722e-142 1.9197e-103 2.1929e-65 9.2212e-53 ] 1.0000e+00
 5.837e+01 5.8055e-53 5.8055e-53 [ 9.7279e-143 8.2538e-104 1.2496e-65 5.8055e-53 ] 1.0000e+00
 5.848e+01 3.6522e-53 3.6522e-53 [ 3.2913e-143 3.5448e-104 7.1141e-66 3.6522e-53 ] 1.0000e+00
 5.859e+01 2.2958e-53 2.2958e-53 [ 1.1124e-143 1.5206e-104 4.0465e-66 2.2958e-53 ] 1.0000e+00
 5.871e+01 1.4420e-53 1.4420e-53 [ 3.7557e-144 6.5157e-105 2.2995e-66 1.4420e-53 ] 1.0000e+00
 5.882e+01 9.0504e-54 9.0504e-54 [ 1.2667e-144 2.7888e-105 1.3055e-66 9.0504e-54 ] 1.0000e+00
 5.893e+01 5.6758e-54 5.6758e-54 [ 4.2676e-145 1.1922e-105 7.4051e-67 5.6758e-54 ] 1.0000e+00
 5.905e+01 3.5568e-54 3.5568e-54 [ 1.4363e-145 5.0913e-106 4.1965e-67 3.5568e-54 ] 1.0000e+00
 5.916e+01 2.2271e-54 2.2271e-54 [ 4.8291e-146 2.1717e-106 2.3760e-67 2.2271e-54 ] 1.0000e+00
 5.927e+01 1.3935e-54 1.3935e-54 [ 1.6219e-146 9.2530e-107 1.3440e-67 1.3935e-54 ] 1.0000e+00
 5.939e+01 8.7119e-55 8.7119e-55 [ 5.4417e-147 3.9380e-107 7.5956e-68 8.7119e-55 ] 1.0000e+00
 5.950e+01 5.4424e-55 5.4424e-55 [ 1.8239e-147 1.6741e-107 4.2886e-68 5.4424e-55 ] 1.0000e+00
 5.961e+01 3.3973e-55 3.3973e-55 [ 6.1067e-148 7.1088e-108 2.4193e-68 3.3973e-55 ] 1.0000e+00
 5.973e+01 2.1191e-55 2.1191e-55 [ 2.0425e-148 3.0153e-108 1.3635e-68 2.1191e-55 ] 1.0000e+00
 5.984e+01 1.3207e-55 1.3207e-55 [ 6.8247e-149 1.2775e-108 7.6774e-69 1.3207e-55 ] 1.0000e+00
 5.995e+01 8.2251e-56 8.2251e-56 [ 2.2780e-149 5.4066e-109 4.3190e-69 8.2251e-56 ] 1.0000e+00
 6.007e+01 5.1185e-56 5.1185e-56 [ 7.5961e-150 2.2856e-109 2.4275e-69 5.1185e-56 ] 1.0000e+00
 6.018e+01 3.1827e-56 3.1827e-56 [ 2.5304e-150 9.6514e-110 1.3631e-69 3.1827e-56 ] 1.0000e+00
 6.029e+01 1.9775e-56 1.9775e-56 [ 8.4203e-151 4.0710e-110 7.6474e-70 1.9775e-56 ] 1.0000e+00
 6.041e+01 1.2278e-56 1.2278e-56 [ 2.7992e-151 1.7152e-110 4.2864e-70 1.2278e-56 ] 1.0000e+00
 6.052e+01 7.6167e-57 7.6167e-57 [ 9.2963e-152 7.2188e-111 2.4004e-70 7.6167e-57 ] 1.0000e+00
 6.063e+01 4.7216e-57 4.7216e-57 [ 3.0842e-152 3.0348e-111 1.3430e-70 4.7216e-57 ] 1.0000e+00
 6.075e+01 2.9246e-57 2.9246e-57 [ 1.0222e-152 1.2744e-111 7.5071e-71 2.9246e-57 ] 1.0000e+00
 6.086e+01 1.8101e-57 1.8101e-57 [ 3.3846e-153 5.3459e-112 4.1925e-71 1.8101e-57 ] 1.0000e+00
 6.097e+01 1.1195e-57 1.1195e-57 [ 1.1195e-153 2.2400e-112 2.3392e-71 1.1195e-57 ] 1.0000e+00
 6.109e+01 6.9183e-58 6.9183e-58 [ 3.6994e-154 9.3758e-113 1.3040e-71 6.9183e-58 ] 1.0000e+00
 6.120e+01 4.2721e-58 4.2721e-58 [ 1.2212e-154 3.9200e-113 7.2628e-72 4.2721e-58 ] 1.0000e+00
 6.131e+01 2.6360e-58 2.6360e-58 [ 4.0275e-155 1.6371e-113 4.0413e-72 2.6360e-58 ] 1.0000e+00
 6.143e+01 1.6252e-58 1.6252e-58 [ 1.3269e-155 6.8299e-114 2.2467e-72 1.6252e-58 ] 1.0000e+00
 6.154e+01 1.0013e-58 1.0013e-58 [ 4.3675e-156 2.8462e-114 1.2479e-72 1.0013e-58 ] 1.0000e+00
 6.165e+01 6.1639e-59 6.1639e-59 [ 1.4361e-156 1.1848e-114 6.9251e-73 6.1639e-59 ] 1.0000e+00
 6.177e+01 3.7916e-59 3.7916e-59 [ 4.7176e-157 4.9268e-115 3.8395e-73 3.7916e-59 ] 1.0000e+00
 6.188e+01 2.3305e-59 2.3305e-59 [ 1.5482e-157 2.0464e-115 2.1268e-73 2.3305e-59 ] 1.0000e+00
 6.199e+01 1.4314e-59 1.4314e-59 [ 5.0759e-158 8.4912e-116 1.1770e-73 1.4314e-59 ] 1.0000e+00
 6.211e+01 8.7844e-60 8.7844e-60 [ 1.6625e-158 3.5194e-116 6.5081e-74 8.7844e-60 ] 1.0000e+00
 6.222e+01 5.3869e-60 5.3869e-60 [ 5.4402e-159 1.4571e-116 3.5952e-74 5.3869e-60 ] 1.0000e+00
 6.233e+01 3.3009e-60 3.3009e-60 [ 1.7785e-159 6.0266e-117 1.9843e-74 3.3009e-60 ] 1.0000e+00
 6.245e+01 2.0211e-60 2.0211e-60 [ 5.8083e-160 2.4898e-117 1.0942e-74 2.0211e-60 ] 1.0000e+00
 6.256e+01 1.2366e-60 1.2366e-60 [ 1.8951e-160 1.0275e-117 6.0284e-75 1.2366e-60 ] 1.0000e+00
 6.267e+01 7.5599e-61 7.5599e-61 [ 6.1775e-161 4.2361e-118 3.3182e-75 7.5599e-61 ] 1.0000e+00
 6.279e+01 4.6182e-61 4.6182e-61 [ 2.0117e-161 1.7445e-118 1.8248e-75 4.6182e-61 ] 1.0000e+00
 6.290e+01 2.8190e-61 2.8190e-61 [ 6.5451e-162 7.1765e-119 1.0027e-75 2.8190e-61 ] 1.0000e+00
 6.301e+01 1.7195e-61 1.7195e-61 [ 2.1274e-162 2.9491e-119 5.5041e-76 1.7195e-61 ] 1.0000e+00
 6.313e+01 1.0480e-61 1.0480e-61 [ 6.9084e-163 1.2106e-119 3.0188e-76 1.0480e-61 ] 1.0000e+00
 6.324e+01 6.3823e-62 6.3823e-62 [ 2.2413e-163 4.9644e-120 1.6542e-76 6.3823e-62 ] 1.0000e+00
 6.335e+01 3.8839e-62 3.8839e-62 [ 7.2644e-164 2.0336e-120 9.0563e-77 3.8839e-62 ] 1.0000e+00
 6.347e+01 2.3617e-62 2.3617e-62 [ 2.3523e-164 8.3214e-121 4.9537e-77 2.3617e-62 ] 1.0000e+00
 6.358e+01 1.4350e-62 1.4350e-62 [ 7.6100e-165 3.4016e-121 2.7072e-77 1.4350e-62 ] 1.0000e+00
 6.369e+01 8.7128e-63 8.7128e-63 [ 2.4597e-165 1.3890e-121 1.4781e-77 8.7128e-63 ] 1.0000e+00
 6.381e+01 5.2859e-63 5.2859e-63 [ 7.9425e-166 5.6658e-122 8.0634e-78 5.2859e-63 ] 1.0000e+00
 6.392e+01 3.2044e-63 3.2044e-63 [ 2.5623e-166 2.3087e-122 4.3948e-78 3.2044e-63 ] 1.0000e+00
 6.403e+01 1.9411e-63 1.9411e-63 [ 8.2587e-167 9.3978e-123 2.3931e-78 1.9411e-63 ] 1.0000e+00
 6.415e+01 1.1749e-63 1.1749e-63 [ 2.6594e-167 3.8214e-123 1.3020e-78 1.1749e-63 ] 1.0000e+00
 6.426e+01 7.1063e-64 7.1063e-64 [ 8.5559e-168 1.5523e-123 7.0773e-79 7.1063e-64 ] 1.0000e+00
 6.437e+01 4.2948e-64 4.2948e-64 [ 2.7501e-168 6.2990e-124 3.8436e-79 4.2948e-64 ] 1.0000e+00
 6.449e+01 2.5936e-64 2.5936e-64 [ 8.8313e-169 2.5534e-124 2.0855e-79 2.5936e-64 ] 1.0000e+00
 6.460e+01 1.5651e-64 1.5651e-64 [ 2.8334e-169 1.0340e-124 1.1306e-79 1.5651e-64 ] 1.0000e+00
 6.471e+01 9.4374e-65 9.4374e-65 [ 9.0824e-170 4.1826e-125 6.1237e-80 9.4374e-65 ] 1.0000e+00
 6.483e+01 5.6862e-65 5.6862e-65 [ 2.9087e-170 1.6902e-125 3.3139e-80 5.6862e-65 ] 1.0000e+00
 6.494e+01 3.4235e-65 3.4235e-65 [ 9.3067e-171 6.8231e-126 1.7917e-80 3.4235e-65 ] 1.0000e+00
 6.505e+01 2.0596e-65 2.0596e-65 [ 2.9751e-171 2.7516e-126 9.6788e-81 2.0596e-65 ] 1.0000e+00
 6.517e+01 1.2381e-65 1.2381e-65 [ 9.5022e-172 1.1085e-126 5.2237e-81 1.2381e-65 ] 1.0000e+00
 6.528e+01 7.4371e-66 7.4371e-66 [ 3.0322e-172 4.4610e-127 2.8168e-81 7.4371e-66 ] 1.0000e+00
 6.539e+01 4.4640e-66 4.4640e-66 [ 9.6671e-173 1.7935e-127 1.5176e-81 4.4640e-66 ] 1.0000e+00
 6.551e+01 2.6774e-66 2.6774e-66 [ 3.0793e-173 7.2030e-128 8.1688e-82 2.6774e-66 ] 1.0000e+00
 6.562e+01 1.6046e-66 1.6046e-66 [ 9.7997e-174 2.8899e-128 4.3932e-82 1.6046e-66 ] 1.0000e+00
 6.573e+01 9.6093e-67 9.6093e-67 [ 3.1160e-174 1.1583e-128 2.3606e-82 9.6093e-67 ] 1.0000e+00
 6.585e+01 5.7502e-67 5.7502e-67 [ 9.8990e-175 4.6377e-129 1.2673e-82 5.7502e-67 ] 1.0000e+00
 6.596e+01 3.4384e-67 3.4384e-67 [ 3.1420e-175 1.8550e-129 6.7974e-83 3.4384e-67 ] 1.0000e+00
 6.607e+01 2.0544e-67 2.0544e-67 [ 9.9640e-176 7.4123e-130 3.6428e-83 2.0544e-67 ] 1.0000e+00
 6.619e+01 1.2266e-67 1.2266e-67 [ 3.1570e-176 2.9588e-130 1.9504e-83 1.2266e-67 ] 1.0000e+00
 6.630e+01 7.3175e-68 7.3175e-68 [ 9.9942e-177 1.1799e-130 1.0434e-83 7.3175e-68 ] 1.0000e+00
 6.641e+01 4.3622e-68 4.3622e-68 [ 3.1611e-177 4.7004e-131 5.5769e-84 4.3622e-68 ] 1.0000e+00
 6.653e+01 2.5985e-68 2.5985e-68 [ 9.9896e-178 1.8706e-131 2.9782e-84 2.5985e-68 ] 1.0000e+00
 6.664e+01 1.5467e-68 1.5467e-68 [ 3.1541e-178 7.4372e-132 1.5890e-84 1.5467e-68 ] 1.0000e+00
 6.675e+01 9.1995e-69 9.1995e-69 [ 9.9504e-179 2.9539e-132 8.4706e-85 9.1995e-69 ] 1.0000e+00
 6.687e+01 5.4675e-69 5.4675e-69 [ 3.1363e-179 1.1720e-132 4.5115e-85 5.4675e-69 ] 1.0000e+00
 6.698e+01 3.2470e-69 3.2470e-69 [ 9.8771e-180 4.6457e-133 2.4008e-85 3.2470e-69 ] 1.0000e+00
 6.709e+01 1.9269e-69 1.9269e-69 [ 3.1079e-180 1.8396e-133 1.2764e-85 1.9269e-69 ] 1.0000e+00
 6.721e+01 1.1426e-69 1.1426e-69 [ 9.7707e-181 7.2775e-134 6.7806e-86 1.1426e-69 ] 1.0000e+00
 6.732e+01 6.7702e-70 6.7702e-70 [ 3.0691e-181 2.8761e-134 3.5988e-86 6.7702e-70 ] 1.0000e+00
 6.743e+01 4.0085e-70 4.0085e-70 [ 9.6325e-182 1.1355e-134 1.9084e-86 4.0085e-70 ] 1.0000e+00
 6.755e+01 2.3716e-70 2.3716e-70 [ 3.0206e-182 4.4786e-135 1.0111e-86 2.3716e-70 ] 1.0000e+00
 6.766e+01 1.4020e-70 1.4020e-70 [ 9.4640e-183 1.7647e-135 5.3522e-87 1.4020e-70 ] 1.0000e+00
 6.777e+01 8.2824e-71 8.2824e-71 [ 2.9627e-183 6.9466e-136 2.8307e-87 8.2824e-71 ] 1.0000e+00
 6.789e+01 4.8890e-71 4.8890e-71 [ 9.2671e-184 2.7318e-136 1.4959e-87 4.8890e-71 ] 1.0000e+00
 6.800e+01 2.8838e-71 2.8838e-71 [ 2.8962e-184 1.0732e-136 7.8977e-88 2.8838e-71 ] 1.0000e+00
 6.811e+01 1.6997e-71 1.6997e-71 [ 9.0438e-185 4.2122e-137 4.1661e-88 1.6997e-71 ] 1.0000e+00
 6.823e+01 1.0011e-71 1.0011e-71 [ 2.8217e-185 1.6516e-137 2.1957e-88 1.0011e-71 ] 1.0000e+00
 6.834e+01 5.8913e-72 5.8913e-72 [ 8.7964e-186 6.4696e-138 1.1563e-88 5.8913e-72 ] 1.0000e+00
 6.845e+01 3.4645e-72 3.4645e-72 [ 2.7399e-186 2.5318e-138 6.0835e-89 3.4645e-72 ] 1.0000e+00
 6.857e+01 2.0358e-72 2.0358e-72 [ 8.5274e-187 9.8981e-139 3.1980e-89 2.0358e-72 ] 1.0000e+00
 6.868e+01 1.1954e-72 1.1954e-72 [ 2.6517e-187 3.8660e-139 1.6796e-89 1.1954e-72 ] 1.0000e+00
 6.879e+01 7.0140e-73 7.0140e-73 [ 8.2393e-188 1.5085e-139 8.8142e-90 7.0140e-73 ] 1.0000e+00
 6.891e+01 4.1123e-73 4.1123e-73 [ 2.5579e-188 5.8803e-140 4.6214e-90 4.1123e-73 ] 1.0000e+00
 6.902e+01 2.4092e-73 2.4092e-73 [ 7.9348e-189 2.2900e-140 2.4209e-90 2.4092e-73 ] 1.0000e+00
 6.913e+01 1.4104e-73 1.4104e-73 [ 2.4594e-189 8.9098e-141 1.2671e-90 1.4104e-73 ] 1.0000e+00
 6.925e+01 8.2505e-74 8.2505e-74 [ 7.6165e-190 3.4632e-141 6.6265e-91 8.2505e-74 ] 1.0000e+00
 6.936e+01 4.8227e-74 4.8227e-74 [ 2.3569e-190 1.3448e-141 3.4623e-91 4.8227e-74 ] 1.0000e+00
 6.947e+01 2.8170e-74 2.8170e-74 [ 7.2873e-191 5.2172e-142 1.8075e-91 2.8170e-74 ] 1.0000e+00
 6.959e+01 1.6441e-74 1.6441e-74 [ 2.2513e-191 2.0221e-142 9.4279e-92 1.6441e-74 ] 1.0000e+00
 6.970e+01 9.5891e-75 9.5891e-75 [ 6.9497e-192 7.8295e-143 4.9133e-92 9.5891e-75 ] 1.0000e+00
 6.981e+01 5.5884e-75 5.5884e-75 [ 2.1436e-192 3.0288e-143 2.5584e-92 5.5884e-75 ] 1.0000e+00
 6.993e+01 3.2544e-75 3.2544e-75 [ 6.6065e-193 1.1705e-143 1.3310e-92 3.2544e-75 ] 1.0000e+00
 7.004e+01 1.8938e-75 1.8938e-75 [ 2.0345e-193 4.5194e-144 6.9186e-93 1.8938e-75 ] 1.0000e+00
 7.015e+01 1.1012e-75 1.1012e-75 [ 6.2601e-194 1.7433e-144 3.5932e-93 1.1012e-75 ] 1.0000e+00
 7.027e+01 6.3983e-76 6.3983e-76 [ 1.9247e-194 6.7182e-145 1.8646e-93 6.3983e-76 ] 1.0000e+00
 7.038e+01 3.7149e-76 3.7149e-76 [ 5.9131e-195 2.5866e-145 9.6671e-94 3.7149e-76 ] 1.0000e+00
 7.049e+01 2.1553e-76 2.1553e-76 [ 1.8151e-195 9.9491e-146 5.0078e-94 2.1553e-76 ] 1.0000e+00
 7.061e+01 1.2495e-76 1.2495e-76 [ 5.5676e-196 3.8233e-146 2.5919e-94 1.2495e-76 ] 1.0000e+00
 7.072e+01 7.2383e-77 7.2383e-77 [ 1.7064e-196 1.4678e-146 1.3404e-94 7.2383e-77 ] 1.0000e+00
 7.083e+01 4.1901e-77 4.1901e-77 [ 5.2258e-197 5.6301e-147 6.9255e-95 4.1901e-77 ] 1.0000e+00
 7.095e+01 2.4237e-77 2.4237e-77 [ 1.5991e-197 2.1575e-147 3.5753e-95 2.4237e-77 ] 1.0000e+00
 7.106e+01 1.4009e-77 1.4009e-77 [ 4.8896e-198 8.2599e-148 1.8442e-95 1.4009e-77 ] 1.0000e+00
 7.117e+01 8.0913e-78 8.0913e-78 [ 1.4939e-198 3.1593e-148 9.5044e-96 8.0913e-78 ] 1.0000e+00
 7.129e+01 4.6699e-78 4.6699e-78 [ 4.5608e-199 1.2073e-148 4.8941e-96 4.6699e-78 ] 1.0000e+00
 7.140e+01 2.6932e-78 2.6932e-78 [ 1.3913e-199 4.6092e-149 2.5180e-96 2.6932e-78 ] 1.0000e+00
 7.151e+01 1.5520e-78 1.5520e-78 [ 4.2409e-200 1.7581e-149 1.2944e-96 1.5520e-78 ] 1.0000e+00
 7.163e+01 8.9375e-79 8.9375e-79 [ 1.2917e-200 6.6995e-150 6.6481e-97 8.9375e-79 ] 1.0000e+00
 7.174e+01 5.1429e-79 5.1429e-79 [ 3.9313e-201 2.5507e-150 3.4117e-97 5.1429e-79 ] 1.0000e+00
 7.185e+01 2.9571e-79 2.9571e-79 [ 1.1956e-201 9.7020e-151 1.7493e-97 2.9571e-79 ] 1.0000e+00
 7.197e+01 1.6991e-79 1.6991e-79 [ 3.6331e-202 3.6870e-151 8.9619e-98 1.6991e-79 ] 1.0000e+00
 7.208e+01 9.7552e-80 9.7552e-80 [ 1.1032e-202 1.3998e-151 4.5874e-98 9.7552e-80 ] 1.0000e+00
 7.219e+01 5.5967e-80 5.5967e-80 [ 3.3473e-203 5.3099e-152 2.3462e-98 5.5967e-80 ] 1.0000e+00
 7.231e+01 3.2086e-80 3.2086e-80 [ 1.0149e-203 2.0123e-152 1.1989e-98 3.2086e-80 ] 1.0000e+00
 7.242e+01 1.8381e-80 1.8381e-80 [ 3.0747e-204 7.6194e-153 6.1213e-99 1.8381e-80 ] 1.0000e+00
 7.253e+01 1.0522e-80 1.0522e-80 [ 9.3080e-205 2.8823e-153 3.1228e-99 1.0522e-80 ] 1.0000e+00
 7.265e+01 6.0187e-81 6.0187e-81 [ 2.8157e-205 1.0894e-153 1.5917e-99 6.0187e-81 ] 1.0000e+00
 7.276e+01 3.4402e-81 3.4402e-81 [ 8.5112e-206 4.1134e-154 8.1063e-100 3.4402e-81 ] 1.0000e+00
 7.287e+01 1.9649e-81 1.9649e-81 [ 2.5708e-206 1.5518e-154 4.1249e-100 1.9649e-81 ] 1.0000e+00
 7.299e+01 1.1215e-81 1.1215e-81 [ 7.7594e-207 5.8491e-155 2.0972e-100 1.1215e-81 ] 1.0000e+00
 7.310e+01 6.3960e-82 6.3960e-82 [ 2.3402e-207 2.2026e-155 1.0654e-100 6.3960e-82 ] 1.0000e+00
 7.321e+01 3.6451e-82 3.6451e-82 [ 7.0528e-208 8.2872e-156 5.4075e-101 3.6451e-82 ] 1.0000e+00
 7.333e+01 2.0758e-82 2.0758e-82 [ 2.1240e-208 3.1152e-156 2.7424e-101 2.0758e-82 ] 1.0000e+00
 7.344e+01 1.1813e-82 1.1813e-82 [ 6.3916e-209 1.1699e-156 1.3896e-101 1.1813e-82 ] 1.0000e+00
 7.355e+01 6.7170e-83 6.7170e-83 [ 1.9220e-209 4.3899e-157 7.0356e-102 6.7170e-83 ] 1.0000e+00
 7.367e+01 3.8167e-83 3.8167e-83 [ 5.7754e-210 1.6457e-157 3.5591e-102 3.8167e-83 ] 1.0000e+00
 7.378e+01 2.1671e-83 2.1671e-83 [ 1.7341e-210 6.1643e-158 1.7989e-102 2.1671e-83 ] 1.0000e+00
 7.389e+01 1.2296e-83 1.2296e-83 [ 5.2032e-211 2.3068e-158 9.0849e-103 1.2296e-83 ] 1.0000e+00
 7.401e+01 6.9712e-84 6.9712e-84 [ 1.5601e-211 8.6250e-159 4.5842e-103 6.9712e-84 ] 1.0000e+00
 7.412e+01 3.9495e-84 3.9495e-84 [ 4.6741e-212 3.2219e-159 2.3113e-103 3.9495e-84 ] 1.0000e+00
 7.423e+01 2.2359e-84 2.2359e-84 [ 1.3994e-212 1.2025e-159 1.1643e-103 2.2359e-84 ] 1.0000e+00
 7.435e+01 1.2649e-84 1.2649e-84 [ 4.1866e-213 4.4842e-160 5.8604e-104 1.2649e-84 ] 1.0000e+00
 7.446e+01 7.1502e-85 7.1502e-85 [ 1.2516e-213 1.6707e-160 2.9473e-104 7.1502e-85 ] 1.0000e+00
 7.457e+01 4.0390e-85 4.0390e-85 [ 3.7391e-214 6.2189e-161 1.4810e-104 4.0390e-85 ] 1.0000e+00
 7.469e+01 2.2798e-85 2.2798e-85 [ 1.1162e-214 2.3129e-161 7.4359e-105 2.2798e-85 ] 1.0000e+00
 7.480e+01 1.2859e-85 1.2859e-85 [ 3.3299e-215 8.5945e-162 3.7303e-105 1.2859e-85 ] 1.0000e+00
 7.491e+01 7.2479e-86 7.2479e-86 [ 9.9264e-216 3.1908e-162 1.8698e-105 7.2479e-86 ] 1.0000e+00
 7.503e+01 4.0821e-86 4.0821e-86 [ 2.9570e-216 1.1836e-162 9.3645e-106 4.0821e-86 ] 1.0000e+00
 7.514e+01 2.2974e-86 2.2974e-86 [ 8.8022e-217 4.3866e-163 4.6861e-106 2.2974e-86 ] 1.0000e+00
 7.525e+01 1.2920e-86 1.2920e-86 [ 2.6184e-217 1.6243e-163 2.3431e-106 1.2920e-86 ] 1.0000e+00
 7.537e+01 7.2610e-87 7.2610e-87 [ 7.7832e-218 6.0096e-164 1.1706e-106 7.2610e-87 ] 1.0000e+00
 7.548e+01 4.0775e-87 4.0775e-87 [ 2.3120e-218 2.2215e-164 5.8431e-107 4.0775e-87 ] 1.0000e+00
 7.559e+01 2.2881e-87 2.2881e-87 [ 6.8628e-219 8.2045e-165 2.9143e-107 2.2881e-87 ] 1.0000e+00
 7.571e+01 1.2831e-87 1.2831e-87 [ 2.0357e-219 3.0276e-165 1.4523e-107 1.2831e-87 ] 1.0000e+00
 7.582e+01 7.1894e-88 7.1894e-88 [ 6.0342e-220 1.1162e-165 7.2318e-108 7.1894e-88 ] 1.0000e+00
 7.593e+01 4.0255e-88 4.0255e-88 [ 1.7874e-220 4.1120e-166 3.5980e-108 4.0255e-88 ] 1.0000e+00
 7.605e+01 2.2523e-88 2.2523e-88 [ 5.2909e-221 1.5135e-166 1.7886e-108 2.2523e-88 ] 1.0000e+00
 7.616e+01 1.2593e-88 1.2593e-88 [ 1.5650e-221 5.5657e-167 8.8843e-109 1.2593e-88 ] 1.0000e+00
 7.627e+01 7.0356e-89 7.0356e-89 [ 4.6262e-222 2.0450e-167 4.4093e-109 7.0356e-89 ] 1.0000e+00
 7.639e+01 3.9279e-89 3.9279e-89 [ 1.3665e-222 7.5075e-168 2.1865e-109 3.9279e-89 ] 1.0000e+00
 7.650e+01 2.1913e-89 2.1913e-89 [ 4.0339e-223 2.7538e-168 1.0834e-109 2.1913e-89 ] 1.0000e+00
 7.661e+01 1.2216e-89 1.2216e-89 [ 1.1899e-223 1.0092e-168 5.3636e-110 1.2216e-89 ] 1.0000e+00
 7.673e+01 6.8052e-90 6.8052e-90 [ 3.5077e-224 3.6956e-169 2.6532e-110 6.8052e-90 ] 1.0000e+00
 7.684e+01 3.7882e-90 3.7882e-90 [ 1.0333e-224 1.3521e-169 1.3114e-110 3.7882e-90 ] 1.0000e+00
 7.695e+01 2.1072e-90 2.1072e-90 [ 3.0419e-225 4.9428e-170 6.4766e-111 2.1072e-90 ] 1.0000e+00
 7.707e+01 1.1713e-90 1.1713e-90 [ 8.9486e-226 1.8054e-170 3.1960e-111 1.1713e-90 ] 1.0000e+00
 7.718e+01 6.5060e-91 6.5060e-91 [ 2.6307e-226 6.5886e-171 1.5758e-111 6.5060e-91 ] 1.0000e+00
 7.729e+01 3.6111e-91 3.6111e-91 [ 7.7286e-227 2.4024e-171 7.7632e-112 3.6111e-91 ] 1.0000e+00
 7.741e+01 2.0029e-91 2.0029e-91 [ 2.2690e-227 8.7528e-172 3.8215e-112 2.0029e-91 ] 1.0000e+00
 7.752e+01 1.1101e-91 1.1101e-91 [ 6.6569e-228 3.1862e-172 1.8796e-112 1.1101e-91 ] 1.0000e+00
 7.763e+01 6.1480e-92 6.1480e-92 [ 1.9517e-228 1.1589e-172 9.2373e-113 6.1480e-92 ] 1.0000e+00
 7.775e+01 3.4025e-92 3.4025e-92 [ 5.7183e-229 4.2117e-173 4.5360e-113 3.4025e-92 ] 1.0000e+00
 7.786e+01 1.8817e-92 1.8817e-92 [ 1.6743e-229 1.5293e-173 2.2256e-113 1.8817e-92 ] 1.0000e+00
 7.797e+01 1.0399e-92 1.0399e-92 [ 4.8990e-230 5.5486e-174 1.0911e-113 1.0399e-92 ] 1.0000e+00
 7.809e+01 5.7427e-93 5.7427e-93 [ 1.4325e-230 2.0114e-174 5.3450e-114 5.7427e-93 ] 1.0000e+00
 7.820e+01 3.1690e-93 3.1690e-93 [ 4.1859e-231 7.2856e-175 2.6162e-114 3.1690e-93 ] 1.0000e+00
 7.831e+01 1.7475e-93 1.7475e-93 [ 1.2224e-231 2.6367e-175 1.2795e-114 1.7475e-93 ] 1.0000e+00
 7.843e+01 9.6294e-94 9.6294e-94 [ 3.5672e-232 9.5348e-176 6.2524e-115 9.6294e-94 ] 1.0000e+00
 7.854e+01 5.3023e-94 5.3023e-94 [ 1.0403e-232 3.4451e-176 3.0529e-115 5.3023e-94 ] 1.0000e+00
 7.865e+01 2.9175e-94 2.9175e-94 [ 3.0319e-233 1.2437e-176 1.4895e-115 2.9175e-94 ] 1.0000e+00
 7.877e+01 1.6042e-94 1.6042e-94 [ 8.8305e-234 4.4864e-177 7.2609e-116 1.6042e-94 ] 1.0000e+00
 7.888e+01 8.8141e-95 8.8141e-95 [ 2.5702e-234 1.6170e-177 3.5368e-116 8.8141e-95 ] 1.0000e+00
 7.899e+01 4.8394e-95 4.8394e-95 [ 7.4760e-235 5.8235e-178 1.7213e-116 4.8394e-95 ] 1.0000e+00
 7.911e+01 2.6552e-95 2.6552e-95 [ 2.1731e-235 2.0955e-178 8.3711e-117 2.6552e-95 ] 1.0000e+00
 7.922e+01 1.4557e-95 1.4557e-95 [ 6.3128e-236 7.5343e-179 4.0677e-117 1.4557e-95 ] 1.0000e+00
 7.933e+01 7.9754e-96 7.9754e-96 [ 1.8326e-236 2.7067e-179 1.9750e-117 7.9754e-96 ] 1.0000e+00
 7.945e+01 4.3663e-96 4.3663e-96 [ 5.3168e-237 9.7161e-180 9.5815e-118 4.3663e-96 ] 1.0000e+00
 7.956e+01 2.3887e-96 2.3887e-96 [ 1.5415e-237 3.4849e-180 4.6447e-118 2.3887e-96 ] 1.0000e+00
 7.967e+01 1.3059e-96 1.3059e-96 [ 4.4665e-238 1.2489e-180 2.2497e-118 1.3059e-96 ] 1.0000e+00
 7.979e+01 7.1338e-97 7.1338e-97 [ 1.2933e-238 4.4723e-181 1.0888e-118 7.1338e-97 ] 1.0000e+00
 7.990e+01 3.8943e-97 3.8943e-97 [ 3.7425e-239 1.6002e-181 5.2654e-119 3.8943e-97 ] 1.0000e+00
 8.001e+01 2.1244e-97 2.1244e-97 [ 1.0823e-239 5.7210e-182 2.5442e-119 2.1244e-97 ] 1.0000e+00
 8.013e+01 1.1580e-97 1.1580e-97 [ 3.1279e-240 2.0437e-182 1.2284e-119 1.1580e-97 ] 1.0000e+00
 8.024e+01 6.3081e-98 6.3081e-98 [ 9.0340e-241 7.2949e-183 5.9262e-120 6.3081e-98 ] 1.0000e+00
 8.035e+01 3.4337e-98 3.4337e-98 [ 2.6076e-241 2.6018e-183 2.8567e-120 3.4337e-98 ] 1.0000e+00
 8.047e+01 1.8678e-98 1.8678e-98 [ 7.5218e-242 9.2721e-184 1.3760e-120 1.8678e-98 ] 1.0000e+00
 8.058e+01 1.0152e-98 1.0152e-98 [ 2.1684e-242 3.3017e-184 6.6224e-121 1.0152e-98 ] 1.0000e+00
 8.069e+01 5.5144e-99 5.5144e-99 [ 6.2469e-243 1.1748e-184 3.1847e-121 5.5144e-99 ] 1.0000e+00
 8.081e+01 2.9931e-99 2.9931e-99 [ 1.7986e-243 4.1766e-185 1.5303e-121 2.9931e-99 ] 1.0000e+00
 8.092e+01 1.6234e-99 1.6234e-99 [ 5.1752e-244 1.4837e-185 7.3477e-122 1.6234e-99 ] 1.0000e+00
 8.103e+01 8.7991e-100 8.7991e-100 [ 1.4882e-244 5.2667e-186 3.5251e-122 8.7991e-100 ] 1.0000e+00
 8.115e+01 4.7658e-100 4.7658e-100 [ 4.2766e-245 1.8680e-186 1.6899e-122 4.7658e-100 ] 1.0000e+00
 8.126e+01 2.5794e-100 2.5794e-100 [ 1.2282e-245 6.6203e-187 8.0944e-123 2.5794e-100 ] 1.0000e+00
 8.137e+01 1.3950e-100 1.3950e-100 [ 3.5253e-246 2.3444e-187 3.8741e-123 1.3950e-100 ] 1.0000e+00
 8.149e+01 7.5397e-101 7.5397e-101 [ 1.0112e-246 8.2957e-188 1.8528e-123 7.5397e-101 ] 1.0000e+00
 8.160e+01 4.0720e-101 4.0720e-101 [ 2.8988e-247 2.9331e-188 8.8538e-124 4.0720e-101 ] 1.0000e+00
 8.171e+01 2.1976e-101 2.1976e-101 [ 8.3049e-248 1.0363e-188 4.2276e-124 2.1976e-101 ] 1.0000e+00
 8.183e+01 1.1852e-101 1.1852e-101 [ 2.3778e-248 3.6582e-189 2.0171e-124 1.1852e-101 ] 1.0000e+00
 8.194e+01 6.3873e-102 6.3873e-102 [ 6.8039e-249 1.2904e-189 9.6161e-125 6.3873e-102 ] 1.0000e+00
 8.205e+01 3.4399e-102 3.4399e-102 [ 1.9457e-249 4.5484e-190 4.5808e-125 3.4399e-102 ] 1.0000e+00
 8.217e+01 1.8512e-102 1.8512e-102 [ 5.5607e-250 1.6019e-190 2.1804e-125 1.8512e-102 ] 1.0000e+00
 8.228e+01 9.9553e-103 9.9553e-103 [ 1.5882e-250 5.6376e-191 1.0370e-125 9.9553e-103 ] 1.0000e+00
 8.239e+01 5.3500e-103 5.3500e-103 [ 4.5336e-251 1.9825e-191 4.9285e-126 5.3500e-103 ] 1.0000e+00
 8.251e+01 2.8730e-103 2.8730e-103 [ 1.2933e-251 6.9662e-192 2.3404e-126 2.8730e-103 ] 1.0000e+00
 8.262e+01 1.5418e-103 1.5418e-103 [ 3.6873e-252 2.4459e-192 1.1105e-126 1.5418e-103 ] 1.0000e+00
 8.273e+01 8.2678e-104 8.2678e-104 [ 1.0506e-252 8.5814e-193 5.2653e-127 8.2678e-104 ] 1.0000e+00
 8.285e+01 4.4305e-104 4.4305e-104 [ 2.9918e-253 3.0084e-193 2.4945e-127 4.4305e-104 ] 1.0000e+00
 8.296e+01 2.3725e-104 2.3725e-104 [ 8.5143e-254 1.0539e-193 1.1809e-127 2.3725e-104 ] 1.0000e+00
 8.307e+01 1.2696e-104 1.2696e-104 [ 2.4216e-254 3.6890e-194 5.5858e-128 1.2696e-104 ] 1.0000e+00
 8.319e+01 6.7891e-105 6.7891e-105 [ 6.8836e-255 1.2903e-194 2.6402e-128 6.7891e-105 ] 1.0000e+00
 8.330e+01 3.6278e-105 3.6278e-105 [ 1.9555e-255 4.5097e-195 1.2469e-128 3.6278e-105 ] 1.0000e+00
 8.341e+01 1.9372e-105 1.9372e-105 [ 5.5520e-256 1.5750e-195 5.8845e-129 1.9372e-105 ] 1.0000e+00
 8.353e+01 1.0337e-105 1.0337e-105 [ 1.5754e-256 5.4963e-196 2.7748e-129 1.0337e-105 ] 1.0000e+00
 8.364e+01 5.5122e-106 5.5122e-106 [ 4.4674e-257 1.9167e-196 1.3075e-129 5.5122e-106 ] 1.0000e+00
 8.375e+01 2.9372e-106 2.9372e-106 [ 1.2661e-257 6.6786e-197 6.1559e-130 2.9372e-106 ] 1.0000e+00
 8.387e+01 1.5640e-106 1.5640e-106 [ 3.5863e-258 2.3254e-197 2.8961e-130 1.5640e-106 ] 1.0000e+00
 8.398e+01 8.3224e-107 8.3224e-107 [ 1.0152e-258 8.0907e-198 1.3614e-130 8.3224e-107 ] 1.0000e+00
 8.409e+01 4.4253e-107 4.4253e-107 [ 2.8722e-259 2.8129e-198 6.3952e-131 4.4253e-107 ] 1.0000e+00
 8.421e+01 2.3515e-107 2.3515e-107 [ 8.1213e-260 9.7720e-199 3.0017e-131 2.3515e-107 ] 1.0000e+00
 8.432e+01 1.2486e-107 1.2486e-107 [ 2.2950e-260 3.3923e-199 1.4078e-131 1.2486e-107 ] 1.0000e+00
 8.443e+01 6.6253e-108 6.6253e-108 [ 6.4816e-261 1.1767e-199 6.5977e-132 6.6253e-108 ] 1.0000e+00
 8.455e+01 3.5131e-108 3.5131e-108 [ 1.8295e-261 4.0789e-200 3.0896e-132 3.5131e-108 ] 1.0000e+00
 8.466e+01 1.8615e-108 1.8615e-108 [ 5.1610e-262 1.4128e-200 1.4457e-132 1.8615e-108 ] 1.0000e+00
 8.477e+01 9.8566e-109 9.8566e-109 [ 1.4551e-262 4.8900e-201 6.7597e-133 9.8566e-109 ] 1.0000e+00
 8.489e+01 5.2155e-109 5.2155e-109 [ 4.1001e-263 1.6912e-201 3.1582e-133 5.2155e-109 ] 1.0000e+00
 8.500e+01 2.7578e-109 2.7578e-109 [ 1.1546e-263 5.8449e-202 1.4744e-133 2.7578e-109 ] 1.0000e+00
 8.511e+01 1.4572e-109 1.4572e-109 [ 3.2497e-264 2.0185e-202 6.8780e-134 1.4572e-109 ] 1.0000e+00
 8.523e+01 7.6943e-110 7.6943e-110 [ 9.1413e-265 6.9657e-203 3.2061e-134 7.6943e-110 ] 1.0000e+00
 8.534e+01 4.0599e-110 4.0599e-110 [ 2.5699e-265 2.4021e-203 1.4933e-134 4.0599e-110 ] 1.0000e+00
 8.545e+01 2.1408e-110 2.1408e-110 [ 7.2208e-266 8.2772e-204 6.9503e-135 2.1408e-110 ] 1.0000e+00
 8.557e+01 1.1280e-110 1.1280e-110 [ 2.0277e-266 2.8501e-204 3.2324e-135 1.1280e-110 ] 1.0000e+00
 8.568e+01 5.9396e-111 5.9396e-111 [ 5.6909e-267 9.8067e-205 1.5021e-135 5.9396e-111 ] 1.0000e+00
 8.579e+01 3.1253e-111 3.1253e-111 [ 1.5963e-267 3.3719e-205 6.9754e-136 3.1253e-111 ] 1.0000e+00
 8.591e+01 1.6434e-111 1.6434e-111 [ 4.4751e-268 1.1585e-205 3.2366e-136 1.6434e-111 ] 1.0000e+00
 8.602e+01 8.6352e-112 8.6352e-112 [ 1.2538e-268 3.9775e-206 1.5007e-136 8.6352e-112 ] 1.0000e+00
 8.613e+01 4.5343e-112 4.5343e-112 [ 3.5111e-269 1.3646e-206 6.9527e-137 4.5343e-112 ] 1.0000e+00
 8.625e+01 2.3792e-112 2.3792e-112 [ 9.8267e-270 4.6784e-207 3.2188e-137 2.3792e-112 ] 1.0000e+00
 8.636e+01 1.2476e-112 1.2476e-112 [ 2.7487e-270 1.6027e-207 1.4890e-137 1.2476e-112 ] 1.0000e+00
 8.647e+01 6.5373e-113 6.5373e-113 [ 7.6842e-271 5.4868e-208 6.8830e-138 6.5373e-113 ] 1.0000e+00
 8.659e+01 3.4232e-113 3.4232e-113 [ 2.1470e-271 1.8770e-208 3.1792e-138 3.4232e-113 ] 1.0000e+00
 8.670e+01 1.7912e-113 1.7912e-113 [ 5.9956e-272 6.4165e-209 1.4674e-138 1.7912e-113 ] 1.0000e+00
 8.681e+01 9.3666e-114 9.3666e-114 [ 1.6734e-272 2.1919e-209 6.7677e-139 9.3666e-114 ] 1.0000e+00
 8.693e+01 4.8945e-114 4.8945e-114 [ 4.6677e-273 7.4822e-210 3.1189e-139 4.8945e-114 ] 1.0000e+00
 8.704e+01 2.5558e-114 2.5558e-114 [ 1.3013e-273 2.5523e-210 1.4363e-139 2.5558e-114 ] 1.0000e+00
 8.715e+01 1.3337e-114 1.3337e-114 [ 3.6260e-274 8.6999e-211 6.6093e-140 1.3337e-114 ] 1.0000e+00
 8.727e+01 6.9548e-115 6.9548e-115 [ 1.0098e-274 2.9634e-211 3.0391e-140 6.9548e-115 ] 1.0000e+00
 8.738e+01 3.6242e-115 3.6242e-115 [ 2.8106e-275 1.0087e-211 1.3964e-140 3.6242e-115 ] 1.0000e+00
 8.749e+01 1.8873e-115 1.8873e-115 [ 7.8186e-276 3.4311e-212 6.4111e-141 1.8873e-115 ] 1.0000e+00
 8.761e+01 9.8211e-116 9.8211e-116 [ 2.1738e-276 1.1662e-212 2.9413e-141 9.8211e-116 ] 1.0000e+00
 8.772e+01 5.1072e-116 5.1072e-116 [ 6.0407e-277 3.9613e-213 1.3484e-141 5.1072e-116 ] 1.0000e+00
 8.783e+01 2.6541e-116 2.6541e-116 [ 1.6777e-277 1.3446e-213 6.1770e-142 2.6541e-116 ] 1.0000e+00
 8.795e+01 1.3783e-116 1.3783e-116 [ 4.6569e-278 4.5606e-214 2.8276e-142 1.3783e-116 ] 1.0000e+00
 8.806e+01 7.1527e-117 7.1527e-117 [ 1.2920e-278 1.5458e-214 1.2934e-142 7.1527e-117 ] 1.0000e+00
 8.817e+01 3.7094e-117 3.7094e-117 [ 3.5824e-279 5.2357e-215 5.9116e-143 3.7094e-117 ] 1.0000e+00
 8.829e+01 1.9224e-117 1.9224e-117 [ 9.9281e-280 1.7722e-215 2.7000e-143 1.9224e-117 ] 1.0000e+00
 8.840e+01 9.9557e-118 9.9557e-118 [ 2.7499e-280 5.9941e-216 1.2323e-143 9.9557e-118 ] 1.0000e+00
 8.851e+01 5.1524e-118 5.1524e-118 [ 7.6128e-281 2.0260e-216 5.6197e-144 5.1524e-118 ] 1.0000e+00
 8.863e+01 2.6647e-118 2.6647e-118 [ 2.1064e-281 6.8431e-217 2.5610e-144 2.6647e-118 ] 1.0000e+00
 8.874e+01 1.3772e-118 1.3772e-118 [ 5.8250e-282 2.3097e-217 1.1662e-144 1.3772e-118 ] 1.0000e+00
 8.885e+01 7.1127e-119 7.1127e-119 [ 1.6100e-282 7.7906e-218 5.3066e-145 7.1127e-119 ] 1.0000e+00
 8.897e+01 3.6710e-119 3.6710e-119 [ 4.4475e-283 2.6259e-218 2.4129e-145 3.6710e-119 ] 1.0000e+00
 8.908e+01 1.8934e-119 1.8934e-119 [ 1.2280e-283 8.8449e-219 1.0963e-145 1.8934e-119 ] 1.0000e+00
 8.919e+01 9.7586e-120 9.7586e-120 [ 3.3886e-284 2.9771e-219 4.9777e-146 9.7586e-120 ] 1.0000e+00
 8.931e+01 5.0262e-120 5.0262e-120 [ 9.3458e-285 1.0014e-219 2.2583e-146 5.0262e-120 ] 1.0000e+00
 8.942e+01 2.5870e-120 2.5870e-120 [ 2.5762e-285 3.3660e-220 1.0238e-146 2.5870e-120 ] 1.0000e+00
 8.953e+01 1.3307e-120 1.3307e-120 [ 7.0978e-286 1.1306e-220 4.6382e-147 1.3307e-120 ] 1.0000e+00
 8.965e+01 6.8397e-121 6.8397e-121 [ 1.9545e-286 3.7952e-221 2.0997e-147 6.8397e-121 ] 1.0000e+00
 8.976e+01 3.5132e-121 3.5132e-121 [ 5.3790e-287 1.2731e-221 9.4979e-148 3.5132e-121 ] 1.0000e+00
 8.987e+01 1.8034e-121 1.8034e-121 [ 1.4796e-287 4.2674e-222 4.2933e-148 1.8034e-121 ] 1.0000e+00
 8.999e+01 9.2505e-122 9.2505e-122 [ 4.0678e-288 1.4295e-222 1.9392e-148 9.2505e-122 ] 1.0000e+00
 9.010e+01 4.7419e-122 4.7419e-122 [ 1.1177e-288 4.7852e-223 8.7530e-149 4.7419e-122 ] 1.0000e+00
 9.021e+01 2.4291e-122 2.4291e-122 [ 3.0696e-289 1.6007e-223 3.9479e-149 2.4291e-122 ] 1.0000e+00
 9.033e+01 1.2435e-122 1.2435e-122 [ 8.4254e-290 5.3511e-224 1.7793e-149 1.2435e-122 ] 1.0000e+00
 9.044e+01 6.3612e-123 6.3612e-123 [ 2.3114e-290 1.7876e-224 8.0135e-150 6.3612e-123 ] 1.0000e+00
 9.055e+01 3.2520e-123 3.2520e-123 [ 6.3374e-291 5.9676e-225 3.6064e-150 3.2520e-123 ] 1.0000e+00
 9.067e+01 1.6613e-123 1.6613e-123 [ 1.7367e-291 1.9908e-225 1.6218e-150 1.6613e-123 ] 1.0000e+00
 9.078e+01 8.4816e-124 8.4816e-124 [ 4.7564e-292 6.6368e-226 7.2883e-151 8.4816e-124 ] 1.0000e+00
 9.089e+01 4.3272e-124 4.3272e-124 [ 1.3020e-292 2.2110e-226 3.2729e-151 4.3272e-124 ] 1.0000e+00
 9.101e+01 2.2061e-124 2.2061e-124 [ 3.5620e-293 7.3608e-227 1.4686e-151 2.2061e-124 ] 1.0000e+00
 9.112e+01 1.1240e-124 1.1240e-124 [ 9.7397e-294 2.4488e-227 6.5855e-152 1.1240e-124 ] 1.0000e+00
 9.123e+01 5.7229e-125 5.7229e-125 [ 2.6616e-294 8.1413e-228 2.9508e-152 5.7229e-125 ] 1.0000e+00
 9.135e+01 2.9118e-125 2.9118e-125 [ 7.2696e-295 2.7048e-228 1.3212e-152 2.9118e-125 ] 1.0000e+00
 9.146e+01 1.4806e-125 1.4806e-125 [ 1.9844e-295 8.9797e-229 5.9116e-153 1.4806e-125 ] 1.0000e+00
 9.157e+01 7.5230e-126 7.5230e-126 [ 5.4136e-296 2.9791e-229 2.6431e-153 7.5230e-126 ] 1.0000e+00
 9.169e+01 3.8200e-126 3.8200e-126 [ 1.4760e-296 9.8767e-230 1.1809e-153 3.8200e-126 ] 1.0000e+00
 9.180e+01 1.9384e-126 1.9384e-126 [ 4.0221e-297 3.2721e-230 5.2723e-154 1.9384e-126 ] 1.0000e+00
 9.191e+01 9.8295e-127 9.8295e-127 [ 1.0954e-297 1.0833e-230 2.3522e-154 9.8295e-127 ] 1.0000e+00
 9.203e+01 4.9812e-127 4.9812e-127 [ 2.9812e-298 3.5837e-231 1.0486e-154 4.9812e-127 ] 1.0000e+00
 9.214e+01 2.5225e-127 2.5225e-127 [ 8.1090e-299 1.1847e-231 4.6716e-155 2.5225e-127 ] 1.0000e+00
 9.225e+01 1.2766e-127 1.2766e-127 [ 2.2043e-299 3.9137e-232 2.0797e-155 1.2766e-127 ] 1.0000e+00
 9.237e+01 6.4561e-128 6.4561e-128 [ 5.9884e-300 1.2920e-232 9.2515e-156 6.4561e-128 ] 1.0000e+00
 9.248e+01 3.2629e-128 3.2629e-128 [ 1.6258e-300 4.2617e-233 4.1126e-156 3.2629e-128 ] 1.0000e+00
 9.259e+01 1.6479e-128 1.6479e-128 [ 4.4112e-301 1.4047e-233 1.8269e-156 1.6479e-128 ] 1.0000e+00
 9.271e+01 8.3174e-129 8.3174e-129 [ 1.1961e-301 4.6267e-234 8.1094e-157 8.3174e-129 ] 1.0000e+00
 9.282e+01 4.1952e-129 4.1952e-129 [ 3.2409e-302 1.5227e-234 3.5972e-157 4.1952e-129 ] 1.0000e+00
 9.293e+01 2.1145e-129 2.1145e-129 [ 8.7756e-303 5.0076e-235 1.5945e-157 2.1145e-129 ] 1.0000e+00
 9.305e+01 1.0651e-129 1.0651e-129 [ 2.3746e-303 1.6455e-235 7.0626e-158 1.0651e-129 ] 1.0000e+00
 9.316e+01 5.3615e-130 5.3615e-130 [ 6.4208e-304 5.4028e-236 3.1261e-158 5.3615e-130 ] 1.0000e+00
 9.327e+01 2.6970e-130 2.6970e-130 [ 1.7349e-304 1.7725e-236 1.3827e-158 2.6970e-130 ] 1.0000e+00
 9.339e+01 1.3558e-130 1.3558e-130 [ 4.6844e-305 5.8103e-237 6.1112e-159 1.3558e-130 ] 1.0000e+00
 9.350e+01 6.8110e-131 6.8110e-131 [ 1.2638e-305 1.9030e-237 2.6991e-159 6.8110e-131 ] 1.0000e+00
 9.361e+01 3.4193e-131 3.4193e-131 [ 3.4072e-306 6.2276e-238 1.1913e-159 3.4193e-131 ] 1.0000e+00
 9.373e+01 1.7155e-131 1.7155e-131 [ 9.1784e-307 2.0361e-238 5.2538e-160 1.7155e-131 ] 1.0000e+00
 9.384e+01 8.6007e-132 8.6007e-132 [ 2.4705e-307 6.6514e-239 2.3154e-160 8.6007e-132 ] 1.0000e+00
 9.395e+01 4.3092e-132 4.3092e-132 [ 6.6440e-308 2.1708e-239 1.0197e-160 4.3092e-132 ] 1.0000e+00
 9.407e+01 2.1576e-132 2.1576e-132 [ 1.7853e-308 7.0780e-240 4.4872e-161 2.1576e-132 ] 1.0000e+00
 9.418e+01 1.0796e-132 1.0796e-132 [ 4.7931e-309 2.3056e-240 1.9732e-161 1.0796e-132 ] 1.0000e+00
 9.429e+01 5.3983e-133 5.3983e-133 [ 1.2857e-309 7.5030e-241 8.6702e-162 5.3983e-133 ] 1.0000e+00
 9.441e+01 2.6976e-133 2.6976e-133 [ 3.4453e-310 2.4392e-241 3.8068e-162 2.6976e-133 ] 1.0000e+00
 9.452e+01 1.3471e-133 1.3471e-133 [ 9.2242e-311 7.9213e-242 1.6702e-162 1.3471e-133 ] 1.0000e+00
 9.463e+01 6.7225e-134 6.7225e-134 [ 2.4672e-311 2.5697e-242 7.3220e-163 6.7225e-134 ] 1.0000e+00
 9.475e+01 3.3526e-134 3.3526e-134 [ 6.5922e-312 8.3271e-243 3.2073e-163 3.3526e-134 ] 1.0000e+00
 9.486e+01 1.6709e-134 1.6709e-134 [ 1.7596e-312 2.6953e-243 1.4038e-163 1.6709e-134 ] 1.0000e+00
 9.497e+01 8.3218e-135 8.3218e-135 [ 4.6916e-313 8.7138e-244 6.1391e-164 8.3218e-135 ] 1.0000e+00
 9.509e+01 4.1420e-135 4.1420e-135 [ 1.2495e-313 2.8138e-244 2.6824e-164 4.1420e-135 ] 1.0000e+00
 9.520e+01 2.0602e-135 2.0602e-135 [ 3.3242e-314 9.0745e-245 1.1710e-164 2.0602e-135 ] 1.0000e+00
 9.531e+01 1.0241e-135 1.0241e-135 [ 8.8330e-315 2.9227e-245 5.1074e-165 1.0241e-135 ] 1.0000e+00
 9.543e+01 5.0870e-136 5.0870e-136 [ 2.3442e-315 9.4011e-246 2.2254e-165 5.0870e-136 ] 1.0000e+00
 9.554e+01 2.5252e-136 2.5252e-136 [ 6.2135e-316 3.0197e-246 9.6870e-166 2.5252e-136 ] 1.0000e+00
 9.565e+01 1.2527e-136 1.2527e-136 [ 1.6448e-316 9.6856e-247 4.2122e-166 1.2527e-136 ] 1.0000e+00
 9.577e+01 6.2106e-137 6.2106e-137 [ 4.3478e-317 3.1020e-247 1.8295e-166 6.2106e-137 ] 1.0000e+00
 9.588e+01 3.0770e-137 3.0770e-137 [ 1.1476e-317 9.9193e-248 7.9372e-167 3.0770e-137 ] 1.0000e+00
 9.599e+01 1.5235e-137 1.5235e-137 [ 3.0250e-318 3.1668e-248 3.4391e-167 1.5235e-137 ] 1.0000e+00
 9.611e+01 7.5379e-138 7.5379e-138 [ 7.9597e-319 1.0093e-248 1.4882e-167 7.5379e-138 ] 1.0000e+00
 9.622e+01 3.7272e-138 3.7272e-138 [ 2.0925e-319 3.2114e-249 6.4303e-168 3.7272e-138 ] 1.0000e+00
 9.633e+01 1.8418e-138 1.8418e-138 [ 5.5217e-320 1.0199e-249 2.7744e-168 1.8418e-138 ] 1.0000e+00
 9.645e+01 9.0949e-139 9.0949e-139 [ 1.4471e-320 3.2329e-250 1.1951e-168 9.0949e-139 ] 1.0000e+00
 9.656e+01 4.4883e-139 4.4883e-139 [ 3.9031e-321 1.0227e-250 5.1388e-169 4.4883e-139 ] 1.0000e+00
 9.667e+01 2.2135e-139 2.2135e-139 [ 1.1364e-321 3.2288e-251 2.2056e-169 2.2135e-139 ] 1.0000e+00
 9.679e+01 1.0909e-139 1.0909e-139 [ 2.8656e-322 1.0171e-251 9.4473e-170 1.0909e-139 ] 1.0000e+00
 9.690e+01 5.3731e-140 5.3731e-140 [ 5.4347e-323 3.1966e-252 4.0379e-170 5.3731e-140 ] 1.0000e+00
 9.701e+01 2.6447e-140 2.6447e-140 [ 0.0000e+00 1.0022e-252 1.7218e-170 2.6447e-140 ] 1.0000e+00
 9.713e+01 1.3009e-140 1.3009e-140 [ 0.0000e+00 3.1341e-253 7.3235e-171 1.3009e-140 ] 1.0000e+00
 9.724e+01 6.3947e-141 6.3947e-141 [ 0.0000e+00 9.7746e-254 3.1065e-171 6.3947e-141 ] 1.0000e+00
 9.735e+01 3.1414e-141 3.1414e-141 [ 0.0000e+00 3.0397e-254 1.3138e-171 3.1414e-141 ] 1.0000e+00
 9.747e+01 1.5422e-141 1.5422e-141 [ 0.0000e+00 9.4238e-255 5.5390e-172 1.5422e-141 ] 1.0000e+00
 9.758e+01 7.5661e-142 7.5661e-142 [ 0.0000e+00 2.9121e-255 2.3270e-172 7.5661e-142 ] 1.0000e+00
 9.769e+01 3.7096e-142 3.7096e-142 [ 0.0000e+00 8.9668e-256 9.7396e-173 3.7096e-142 ] 1.0000e+00
 9.781e+01 1.8176e-142 1.8176e-142 [ 0.0000e+00 2.7505e-256 4.0597e-173 1.8176e-142 ] 1.0000e+00
 9.792e+01 8.8999e-143 8.8999e-143 [ 0.0000e+00 8.4023e-257 1.6845e-173 8.8999e-143 ] 1.0000e+00
 9.803e+01 4.3550e-143 4.3550e-143 [ 0.0000e+00 2.5551e-257 6.9553e-174 4.3550e-143 ] 1.0000e+00
 9.815e+01 2.1297e-143 2.1297e-143 [ 0.0000e+00 7.7312e-258 2.8561e-174 2.1297e-143 ] 1.0000e+00
 9.826e+01 1.0408e-143 1.0408e-143 [ 0.0000e+00 2.3264e-258 1.1657e-174 1.0408e-143 ] 1.0000e+00
 9.837e+01 5.0828e-144 5.0828e-144 [ 0.0000e+00 6.9569e-259 4.7256e-175 5.0828e-144 ] 1.0000e+00
 9.849e+01 2.4806e-144 2.4806e-144 [ 0.0000e+00 2.0658e-259 1.9010e-175 2.4806e-144 ] 1.0000e+00
 9.860e+01 1.2097e-144 1.2097e-144 [ 0.0000e+00 6.0850e-260 7.5804e-176 1.2097e-144 ] 1.0000e+00
 9.871e+01 5.8950e-145 5.8950e-145 [ 0.0000e+00 1.7755e-260 2.9921e-176 5.8950e-145 ] 1.0000e+00
 9.883e+01 2.8697e-145 2.8697e-145 [ 0.0000e+00 5.1232e-261 1.1670e-176 2.8697e-145 ] 1.0000e+00
 9.894e+01 1.3951e-145 1.3951e-145 [ 0.0000e+00 1.4584e-261 4.4866e-177 1.3951e-145 ] 1.0000e+00
 9.905e+01 6.7684e-146 6.7684e-146 [ 0.0000e+00 4.0819e-262 1.6945e-177 6.7684e-146 ] 1.0000e+00
 9.917e+01 3.2715e-146 3.2715e-146 [ 0.0000e+00 1.1179e-262 6.2561e-178 3.2715e-146 ] 1.0000e+00
 9.928e+01 1.5699e-146 1.5699e-146 [ 0.0000e+00 2.9729e-263 2.2407e-178 1.5699e-146 ] 1.0000e+00
 9.939e+01 7.4173e-147 7.4173e-147 [ 0.0000e+00 7.5807e-264 7.6822e-179 7.4173e-147 ] 1.0000e+00
 9.951e+01 3.3775e-147 3.3775e-147 [ 0.0000e+00 1.8086e-264 2.4543e-179 3.3775e-147 ] 1.0000e+00
 9.962e+01 1.3897e-147 1.3897e-147 [ 0.0000e+00 3.7997e-265 6.8006e-180 1.3897e-147 ] 1.0000e+00
 9.973e+01 4.0099e-148 4.0099e-148 [ 0.0000e+00 5.4836e-266 1.2276e-180 4.0099e-148 ] 1.0000e+00
 9.985e+01 0.0000e+00 0.0000e+00 [ 0.0000e+00 0.0000e+00 0.0000e+00 0.0000e+00 ] 1.0000e+00
