 0.000e+00 0.0000e+00 0.0000e+00 [ 0.0000e+00 0.0000e+00 0.0000e+00 0.0000e+00 ] 0.0000e+00 [ 0.0000e+00 0.0000e+00 0.0000e+00 0.0000e+00 ] 1.0000e+00
 1.133e-01 7.5138e-03 6.9035e-03 [ 5.5059e-03 4.2860e-04 4.3998e-04 5.2903e-04 ] 6.1027e-04 [ 6.0931e-04 1.0311e-07 6.7543e-07 1.8598e-07 ] 9.9249e-01
 2.267e-01 1.5698e-02 1.4739e-02 [ 9.1783e-03 1.6743e-03 1.7692e-03 2.1173e-03 ] 9.5941e-04 [ 9.5568e-04 4.1090e-07 2.6098e-06 7.1362e-07 ] 9.8430e-01
 3.400e-01 2.5689e-02 2.4482e-02 [ 1.2062e-02 3.6185e-03 4.0100e-03 4.7921e-03 ] 1.2062e-03 [ 1.1982e-03 9.1801e-07 5.5395e-06 1.5329e-06 ] 9.7431e-01
 4.533e-01 3.7649e-02 3.6268e-02 [ 1.4397e-02 6.0780e-03 7.1903e-03 8.6034e-03 ] 1.3801e-03 [ 1.3668e-03 1.6153e-06 9.0757e-06 2.5847e-06 ] 9.6235e-01
 5.667e-01 5.1722e-02 5.0209e-02 [ 1.6429e-02 8.8307e-03 1.1337e-02 1.3613e-02 ] 1.5135e-03 [ 1.4944e-03 2.4913e-06 1.2776e-05 3.8035e-06 ] 9.4828e-01
 6.800e-01 6.7929e-02 6.6303e-02 [ 1.8308e-02 1.1646e-02 1.6466e-02 1.9882e-02 ] 1.6261e-03 [ 1.6012e-03 3.5350e-06 1.6219e-05 5.1206e-06 ] 9.3207e-01
 7.933e-01 8.6196e-02 8.4466e-02 [ 2.0120e-02 1.4313e-02 2.2578e-02 2.7455e-02 ] 1.7300e-03 [ 1.6997e-03 4.7385e-06 1.9070e-05 6.4676e-06 ] 9.1380e-01
 9.067e-01 1.0638e-01 1.0454e-01 [ 2.1900e-02 1.6660e-02 2.9643e-02 3.6342e-02 ] 1.8326e-03 [ 1.7976e-03 6.1006e-06 2.1112e-05 7.7809e-06 ] 8.9362e-01
 1.020e+00 1.2824e-01 1.2630e-01 [ 2.3642e-02 1.8566e-02 3.7593e-02 4.6502e-02 ] 1.9385e-03 [ 1.8996e-03 7.6300e-06 2.2257e-05 9.0043e-06 ] 8.7176e-01
 1.133e+00 1.5146e-01 1.4941e-01 [ 2.5312e-02 1.9962e-02 4.6312e-02 5.7827e-02 ] 2.0500e-03 [ 2.0080e-03 9.3488e-06 2.2532e-05 1.0092e-05 ] 8.4854e-01
 1.247e+00 1.7561e-01 1.7344e-01 [ 2.6846e-02 2.0828e-02 5.5633e-02 7.0137e-02 ] 2.1679e-03 [ 2.1236e-03 1.1296e-05 2.2047e-05 1.1012e-05 ] 8.2439e-01
 1.360e+00 2.0016e-01 1.9787e-01 [ 2.8167e-02 2.1185e-02 6.5340e-02 8.3174e-02 ] 2.2917e-03 [ 2.2454e-03 1.3529e-05 2.0964e-05 1.1747e-05 ] 7.9984e-01
 1.473e+00 2.2450e-01 2.2208e-01 [ 2.9188e-02 2.1086e-02 7.5180e-02 9.6624e-02 ] 2.4194e-03 [ 2.3715e-03 1.6132e-05 1.9465e-05 1.2293e-05 ] 7.7550e-01
 1.587e+00 2.4800e-01 2.4546e-01 [ 2.9834e-02 2.0603e-02 8.4882e-02 1.1014e-01 ] 2.5483e-03 [ 2.4987e-03 1.9213e-05 1.7728e-05 1.2664e-05 ] 7.5200e-01
 1.700e+00 2.7009e-01 2.6741e-01 [ 3.0047e-02 1.9820e-02 9.4182e-02 1.2336e-01 ] 2.6753e-03 [ 2.6236e-03 2.2910e-05 1.5908e-05 1.2885e-05 ] 7.2991e-01
 1.813e+00 2.9024e-01 2.8745e-01 [ 2.9799e-02 1.8825e-02 1.0285e-01 1.3597e-01 ] 2.7967e-03 [ 2.7422e-03 2.7394e-05 1.4127e-05 1.2995e-05 ] 7.0976e-01
 1.927e+00 3.0812e-01 3.0521e-01 [ 2.9098e-02 1.7698e-02 1.1070e-01 1.4772e-01 ] 2.9093e-03 [ 2.8509e-03 3.2872e-05 1.2474e-05 1.3036e-05 ] 6.9188e-01
 2.040e+00 3.2353e-01 3.2052e-01 [ 2.7986e-02 1.6513e-02 1.1762e-01 1.5840e-01 ] 3.0105e-03 [ 2.9468e-03 3.9585e-05 1.1009e-05 1.3059e-05 ] 6.7647e-01
 2.153e+00 3.3643e-01 3.3333e-01 [ 2.6531e-02 1.5328e-02 1.2356e-01 1.6791e-01 ] 3.0983e-03 [ 3.0276e-03 4.7814e-05 9.7629e-06 1.3111e-05 ] 6.6357e-01
 2.267e+00 3.4691e-01 3.4374e-01 [ 2.4821e-02 1.4189e-02 1.2851e-01 1.7622e-01 ] 3.1718e-03 [ 3.0919e-03 5.7876e-05 8.7511e-06 1.3241e-05 ] 6.5309e-01
 2.380e+00 3.5515e-01 3.5192e-01 [ 2.2947e-02 1.3128e-02 1.3253e-01 1.8332e-01 ] 3.2306e-03 [ 3.1390e-03 7.0124e-05 7.9767e-06 1.3495e-05 ] 6.4485e-01
 2.493e+00 3.6139e-01 3.5811e-01 [ 2.0997e-02 1.2164e-02 1.3567e-01 1.8928e-01 ] 3.2751e-03 [ 3.1688e-03 8.4949e-05 7.4380e-06 1.3916e-05 ] 6.3861e-01
 2.607e+00 3.6587e-01 3.6256e-01 [ 1.9050e-02 1.1308e-02 1.3804e-01 1.9416e-01 ] 3.3063e-03 [ 3.1818e-03 1.0277e-04 7.1338e-06 1.4547e-05 ] 6.3413e-01
 2.720e+00 3.6882e-01 3.6550e-01 [ 1.7166e-02 1.0564e-02 1.3972e-01 1.9804e-01 ] 3.3253e-03 [ 3.1787e-03 1.2403e-04 7.0668e-06 1.5430e-05 ] 6.3118e-01
 2.833e+00 3.7046e-01 3.6713e-01 [ 1.5390e-02 9.9306e-03 1.4079e-01 2.0101e-01 ] 3.3333e-03 [ 3.1603e-03 1.4918e-04 7.2476e-06 1.6611e-05 ] 6.2954e-01
 2.947e+00 3.7094e-01 3.6761e-01 [ 1.3749e-02 9.4023e-03 1.4134e-01 2.0312e-01 ] 3.3318e-03 [ 3.1273e-03 1.7870e-04 7.6972e-06 1.8138e-05 ] 6.2906e-01
 3.060e+00 3.7039e-01 3.6706e-01 [ 1.2256e-02 8.9724e-03 1.4140e-01 2.0443e-01 ] 3.3220e-03 [ 3.0805e-03 2.1302e-04 8.4498e-06 2.0065e-05 ] 6.2961e-01
 3.173e+00 3.6887e-01 3.6556e-01 [ 1.0913e-02 8.6331e-03 1.4104e-01 2.0497e-01 ] 3.3050e-03 [ 3.0204e-03 2.5258e-04 9.5562e-06 2.2453e-05 ] 6.3113e-01
 3.287e+00 3.6641e-01 3.6313e-01 [ 9.7128e-03 8.3758e-03 1.4027e-01 2.0477e-01 ] 3.2819e-03 [ 2.9477e-03 2.9773e-04 1.1087e-05 2.5372e-05 ] 6.3358e-01
 3.400e+00 3.6303e-01 3.5977e-01 [ 8.6445e-03 8.1920e-03 1.3911e-01 2.0383e-01 ] 3.2536e-03 [ 2.8628e-03 3.4876e-04 1.3137e-05 2.8900e-05 ] 6.3697e-01
 3.513e+00 3.5867e-01 3.5545e-01 [ 7.6938e-03 8.0732e-03 1.3755e-01 2.0214e-01 ] 3.2209e-03 [ 2.7661e-03 4.0585e-04 1.5831e-05 3.3125e-05 ] 6.4133e-01
 3.627e+00 3.5329e-01 3.5010e-01 [ 6.8456e-03 8.0108e-03 1.3557e-01 1.9968e-01 ] 3.1847e-03 [ 2.6582e-03 4.6903e-04 1.9329e-05 3.8145e-05 ] 6.4671e-01
 3.740e+00 3.4681e-01 3.4366e-01 [ 6.0858e-03 7.9965e-03 1.3317e-01 1.9641e-01 ] 3.1459e-03 [ 2.5398e-03 5.3817e-04 2.3836e-05 4.4068e-05 ] 6.5319e-01
 3.853e+00 3.3915e-01 3.3605e-01 [ 5.4015e-03 8.0217e-03 1.3030e-01 1.9232e-01 ] 3.1053e-03 [ 2.4118e-03 6.1291e-04 2.9606e-05 5.1007e-05 ] 6.6085e-01
 3.967e+00 3.3025e-01 3.2719e-01 [ 4.7820e-03 8.0778e-03 1.2695e-01 1.8738e-01 ] 3.0640e-03 [ 2.2753e-03 6.9269e-04 3.6953e-05 5.9080e-05 ] 6.6975e-01
 4.080e+00 3.2006e-01 3.1704e-01 [ 4.2187e-03 8.1557e-03 1.2310e-01 1.8156e-01 ] 3.0230e-03 [ 2.1317e-03 7.7668e-04 4.6258e-05 6.8405e-05 ] 6.7994e-01
 4.193e+00 3.0855e-01 3.0557e-01 [ 3.7052e-03 8.2462e-03 1.1874e-01 1.7488e-01 ] 2.9837e-03 [ 1.9828e-03 8.6382e-04 5.7979e-05 7.9095e-05 ] 6.9145e-01
 4.307e+00 2.9575e-01 2.9280e-01 [ 3.2367e-03 8.3397e-03 1.1387e-01 1.6736e-01 ] 2.9473e-03 [ 1.8305e-03 9.5281e-04 7.2649e-05 9.1256e-05 ] 7.0425e-01
 4.420e+00 2.8172e-01 2.7880e-01 [ 2.8098e-03 8.4264e-03 1.0852e-01 1.5905e-01 ] 2.9152e-03 [ 1.6772e-03 1.0422e-03 9.0882e-05 1.0498e-04 ] 7.1828e-01
 4.533e+00 2.6660e-01 2.6371e-01 [ 2.4223e-03 8.4968e-03 1.0275e-01 1.5005e-01 ] 2.8890e-03 [ 1.5250e-03 1.1303e-03 1.1337e-04 1.2033e-04 ] 7.3340e-01
 4.647e+00 2.5057e-01 2.4770e-01 [ 2.0727e-03 8.5419e-03 9.6613e-02 1.4047e-01 ] 2.8700e-03 [ 1.3762e-03 1.2156e-03 1.4087e-04 1.3738e-04 ] 7.4943e-01
 4.760e+00 2.3387e-01 2.3101e-01 [ 1.7595e-03 8.5534e-03 9.0213e-02 1.3048e-01 ] 2.8595e-03 [ 1.2329e-03 1.2963e-03 1.7418e-04 1.5614e-04 ] 7.6613e-01
 4.873e+00 2.1676e-01 2.1390e-01 [ 1.4816e-03 8.5245e-03 8.3650e-02 1.2025e-01 ] 2.8587e-03 [ 1.0969e-03 1.3710e-03 2.1416e-04 1.7663e-04 ] 7.8324e-01
 4.987e+00 1.9954e-01 1.9667e-01 [ 1.2373e-03 8.4499e-03 7.7036e-02 1.0995e-01 ] 2.8685e-03 [ 9.6957e-04 1.4384e-03 2.6162e-04 1.9886e-04 ] 8.0046e-01
 5.100e+00 1.8250e-01 1.7961e-01 [ 1.0248e-03 8.3262e-03 7.0482e-02 9.9774e-02 ] 2.8897e-03 [ 8.5201e-04 1.4975e-03 3.1740e-04 2.2281e-04 ] 8.1750e-01
 5.213e+00 1.6589e-01 1.6297e-01 [ 8.4199e-04 8.1520e-03 6.4092e-02 8.9884e-02 ] 2.9228e-03 [ 7.4473e-04 1.5474e-03 3.8220e-04 2.4847e-04 ] 8.3411e-01
 5.327e+00 1.4996e-01 1.4699e-01 [ 6.8630e-04 7.9278e-03 5.7954e-02 8.0427e-02 ] 2.9680e-03 [ 6.4788e-04 1.5876e-03 4.5666e-04 2.7582e-04 ] 8.5004e-01
 5.440e+00 1.3489e-01 1.3187e-01 [ 5.5508e-04 7.6558e-03 5.2140e-02 7.1517e-02 ] 3.0253e-03 [ 5.6129e-04 1.6179e-03 5.4124e-04 3.0486e-04 ] 8.6511e-01
 5.553e+00 1.2082e-01 1.1772e-01 [ 4.4559e-04 7.3399e-03 4.6701e-02 6.3236e-02 ] 3.0943e-03 [ 4.8448e-04 1.6381e-03 6.3618e-04 3.3555e-04 ] 8.7918e-01
 5.667e+00 1.0782e-01 1.0465e-01 [ 3.5509e-04 6.9854e-03 4.1670e-02 5.5637e-02 ] 3.1745e-03 [ 4.1683e-04 1.6483e-03 7.4150e-04 3.6789e-04 ] 8.9218e-01
 5.780e+00 9.5948e-02 9.2683e-02 [ 2.8096e-04 6.5985e-03 3.7063e-02 4.8740e-02 ] 3.2652e-03 [ 3.5759e-04 1.6488e-03 8.5690e-04 4.0185e-04 ] 9.0405e-01
 5.893e+00 8.5192e-02 8.1827e-02 [ 2.2075e-04 6.1860e-03 3.2878e-02 4.2543e-02 ] 3.3651e-03 [ 3.0595e-04 1.6399e-03 9.8180e-04 4.3740e-04 ] 9.1481e-01
 6.007e+00 7.5526e-02 7.2053e-02 [ 1.7227e-04 5.7555e-03 2.9104e-02 3.7021e-02 ] 3.4730e-03 [ 2.6111e-04 1.6221e-03 1.1153e-03 4.7448e-04 ] 9.2447e-01
 6.120e+00 6.6895e-02 6.3308e-02 [ 1.3352e-04 5.3142e-03 2.5722e-02 3.2139e-02 ] 3.5873e-03 [ 2.2232e-04 1.5958e-03 1.2561e-03 5.1302e-04 ] 9.3310e-01
 6.233e+00 5.9232e-02 5.5526e-02 [ 1.0280e-04 4.8696e-03 2.2705e-02 2.7849e-02 ] 3.7062e-03 [ 1.8885e-04 1.5618e-03 1.4027e-03 5.5293e-04 ] 9.4077e-01
 6.347e+00 5.2460e-02 4.8632e-02 [ 7.8626e-05 4.4286e-03 2.0024e-02 2.4101e-02 ] 3.8280e-03 [ 1.6004e-04 1.5205e-03 1.5533e-03 5.9409e-04 ] 9.4754e-01
 6.460e+00 4.6498e-02 4.2547e-02 [ 5.9741e-05 3.9974e-03 1.7650e-02 2.0840e-02 ] 3.9504e-03 [ 1.3530e-04 1.4729e-03 1.7059e-03 6.3636e-04 ] 9.5350e-01
 6.573e+00 4.1265e-02 3.7193e-02 [ 4.5097e-05 3.5817e-03 1.5553e-02 1.8014e-02 ] 4.0716e-03 [ 1.1411e-04 1.4196e-03 1.8583e-03 6.7957e-04 ] 9.5874e-01
 6.687e+00 3.6683e-02 3.2494e-02 [ 3.3823e-05 3.1859e-03 1.3703e-02 1.5571e-02 ] 4.1894e-03 [ 9.5994e-05 1.3614e-03 2.0085e-03 7.2352e-04 ] 9.6332e-01
 6.800e+00 3.2680e-02 2.8378e-02 [ 2.5205e-05 2.8139e-03 1.2074e-02 1.3465e-02 ] 4.3019e-03 [ 8.0547e-05 1.2993e-03 2.1540e-03 7.6801e-04 ] 9.6732e-01
 6.913e+00 2.9187e-02 2.4780e-02 [ 1.8664e-05 2.4682e-03 1.0640e-02 1.1653e-02 ] 4.4073e-03 [ 6.7407e-05 1.2341e-03 2.2930e-03 8.1280e-04 ] 9.7081e-01
 7.027e+00 2.6142e-02 2.1638e-02 [ 1.3735e-05 2.1506e-03 9.3792e-03 1.0094e-02 ] 4.5040e-03 [ 5.6256e-05 1.1665e-03 2.4235e-03 8.5765e-04 ] 9.7386e-01
 7.140e+00 2.3489e-02 1.8898e-02 [ 1.0045e-05 1.8619e-03 8.2708e-03 8.7556e-03 ] 4.5905e-03 [ 4.6817e-05 1.0976e-03 2.5438e-03 9.0230e-04 ] 9.7651e-01
 7.253e+00 2.1177e-02 1.6511e-02 [ 7.3022e-06 1.6020e-03 7.2965e-03 7.6057e-03 ] 4.6659e-03 [ 3.8850e-05 1.0280e-03 2.6526e-03 9.4651e-04 ] 9.7882e-01
 7.367e+00 1.9163e-02 1.4434e-02 [ 5.2770e-06 1.3704e-03 6.4400e-03 6.6179e-03 ] 4.7293e-03 [ 3.2144e-05 9.5847e-04 2.7487e-03 9.9000e-04 ] 9.8084e-01
 7.480e+00 1.7406e-02 1.2626e-02 [ 3.7914e-06 1.1657e-03 5.6870e-03 5.7690e-03 ] 4.7800e-03 [ 2.6515e-05 8.8973e-04 2.8313e-03 1.0325e-03 ] 9.8259e-01
 7.593e+00 1.5871e-02 1.1053e-02 [ 2.7086e-06 9.8642e-04 5.0249e-03 5.0390e-03 ] 4.8179e-03 [ 2.1805e-05 8.2236e-04 2.8999e-03 1.0738e-03 ] 9.8413e-01
 7.707e+00 1.4528e-02 9.6856e-03 [ 1.9245e-06 8.3057e-04 4.4425e-03 4.4106e-03 ] 4.8428e-03 [ 1.7875e-05 7.5689e-04 2.9543e-03 1.1137e-03 ] 9.8547e-01
 7.820e+00 1.3351e-02 8.4964e-03 [ 1.3601e-06 6.9611e-04 3.9301e-03 3.8689e-03 ] 4.8548e-03 [ 1.4608e-05 6.9376e-04 2.9946e-03 1.1518e-03 ] 9.8665e-01
 7.933e+00 1.2317e-02 7.4622e-03 [ 9.5621e-07 5.8089e-04 3.4790e-03 3.4013e-03 ] 4.8544e-03 [ 1.1899e-05 6.3332e-04 3.0211e-03 1.1881e-03 ] 9.8768e-01
 8.047e+00 1.1404e-02 6.5623e-03 [ 6.6891e-07 4.8278e-04 3.0819e-03 2.9970e-03 ] 4.8419e-03 [ 9.6603e-06 5.7586e-04 3.0341e-03 1.2222e-03 ] 9.8860e-01
 8.160e+00 1.0597e-02 5.7790e-03 [ 4.6567e-07 3.9974e-04 2.7320e-03 2.6469e-03 ] 4.8179e-03 [ 7.8170e-06 5.2158e-04 3.0344e-03 1.2541e-03 ] 9.8940e-01
 8.273e+00 9.8797e-03 5.0967e-03 [ 3.2266e-07 3.2983e-04 2.4236e-03 2.3430e-03 ] 4.7830e-03 [ 6.3041e-06 4.7062e-04 3.0225e-03 1.2835e-03 ] 9.9012e-01
 8.387e+00 9.2398e-03 4.5019e-03 [ 2.2256e-07 2.7126e-04 2.1517e-03 2.0787e-03 ] 4.7379e-03 [ 5.0667e-06 4.2304e-04 2.9995e-03 1.3103e-03 ] 9.9076e-01
 8.500e+00 8.6661e-03 3.9828e-03 [ 1.5284e-07 2.2242e-04 1.9118e-03 1.8484e-03 ] 4.6833e-03 [ 4.0581e-06 3.7887e-04 2.9660e-03 1.3343e-03 ] 9.9133e-01
 8.613e+00 8.1492e-03 3.5294e-03 [ 1.0452e-07 1.8186e-04 1.7001e-03 1.6473e-03 ] 4.6198e-03 [ 3.2388e-06 3.3807e-04 2.9230e-03 1.3555e-03 ] 9.9185e-01
 8.727e+00 7.6810e-03 3.1327e-03 [ 7.1183e-08 1.4831e-04 1.5131e-03 1.4713e-03 ] 4.5483e-03 [ 2.5758e-06 3.0058e-04 2.8714e-03 1.3737e-03 ] 9.9232e-01
 8.840e+00 7.2545e-03 2.7852e-03 [ 4.8287e-08 1.2065e-04 1.3478e-03 1.3168e-03 ] 4.4692e-03 [ 2.0411e-06 2.6629e-04 2.8120e-03 1.3889e-03 ] 9.9275e-01
 8.953e+00 6.8638e-03 2.4804e-03 [ 3.2630e-08 9.7921e-05 1.2016e-03 1.1809e-03 ] 4.3834e-03 [ 1.6115e-06 2.3507e-04 2.7458e-03 1.4009e-03 ] 9.9314e-01
 9.067e+00 6.5040e-03 2.2127e-03 [ 2.1967e-08 7.9302e-05 1.0722e-03 1.0612e-03 ] 4.2913e-03 [ 1.2676e-06 2.0677e-04 2.6735e-03 1.4098e-03 ] 9.9350e-01
 9.180e+00 6.1706e-03 1.9770e-03 [ 1.4734e-08 6.4089e-05 9.5759e-04 9.5534e-04 ] 4.1936e-03 [ 9.9340e-07 1.8124e-04 2.5959e-03 1.4155e-03 ] 9.9383e-01
 9.293e+00 5.8601e-03 1.7693e-03 [ 9.8478e-09 5.1691e-05 8.5600e-04 8.6164e-04 ] 4.0907e-03 [ 7.7555e-07 1.5830e-04 2.5137e-03 1.4179e-03 ] 9.9414e-01
 9.407e+00 5.5692e-03 1.5859e-03 [ 6.5587e-09 4.1610e-05 7.6587e-04 7.7846e-04 ] 3.9833e-03 [ 6.0316e-07 1.3778e-04 2.4278e-03 1.4171e-03 ] 9.9443e-01
 9.520e+00 5.2955e-03 1.4237e-03 [ 4.3530e-09 3.3433e-05 6.8583e-04 7.0447e-04 ] 3.8718e-03 [ 4.6727e-07 1.1949e-04 2.3387e-03 1.4132e-03 ] 9.9470e-01
 9.633e+00 5.0366e-03 1.2800e-03 [ 2.8792e-09 2.6812e-05 6.1468e-04 6.3851e-04 ] 3.7566e-03 [ 3.6057e-07 1.0326e-04 2.2470e-03 1.4060e-03 ] 9.9496e-01
 9.747e+00 4.7908e-03 1.1524e-03 [ 1.8979e-09 2.1463e-05 5.5137e-04 5.7957e-04 ] 3.6383e-03 [ 2.7714e-07 8.8916e-05 2.1534e-03 1.3957e-03 ] 9.9521e-01
 9.860e+00 4.5563e-03 1.0390e-03 [ 1.2468e-09 1.7150e-05 4.9499e-04 5.2682e-04 ] 3.5174e-03 [ 2.1216e-07 7.6289e-05 2.0585e-03 1.3824e-03 ] 9.9544e-01
 9.973e+00 4.3320e-03 9.3789e-04 [ 8.1628e-10 1.3678e-05 4.4472e-04 4.7950e-04 ] 3.3941e-03 [ 1.6176e-07 6.5219e-05 1.9627e-03 1.3660e-03 ] 9.9567e-01
 1.009e+01 4.1167e-03 8.4771e-04 [ 5.3261e-10 1.0888e-05 3.9985e-04 4.3697e-04 ] 3.2690e-03 [ 1.2283e-07 5.5553e-05 1.8665e-03 1.3468e-03 ] 9.9588e-01
 1.020e+01 3.9096e-03 7.6709e-04 [ 3.4632e-10 8.6516e-06 3.5975e-04 3.9868e-04 ] 3.1425e-03 [ 9.2885e-08 4.7146e-05 1.7705e-03 1.3248e-03 ] 9.9609e-01
 1.031e+01 3.7100e-03 6.9491e-04 [ 2.2442e-10 6.8611e-06 3.2389e-04 3.6416e-04 ] 3.0151e-03 [ 6.9950e-08 3.9863e-05 1.6750e-03 1.3001e-03 ] 9.9629e-01
 1.043e+01 3.5173e-03 6.3017e-04 [ 1.4492e-10 5.4304e-06 2.9177e-04 3.3297e-04 ] 2.8871e-03 [ 5.2457e-08 3.3580e-05 1.5805e-03 1.2730e-03 ] 9.9648e-01
 1.054e+01 3.3310e-03 5.7202e-04 [ 9.3249e-11 4.2893e-06 2.6298e-04 3.0475e-04 ] 2.7590e-03 [ 3.9174e-08 2.8182e-05 1.4873e-03 1.2435e-03 ] 9.9667e-01
 1.065e+01 3.1509e-03 5.1971e-04 [ 5.9788e-11 3.3810e-06 2.3715e-04 2.7918e-04 ] 2.6312e-03 [ 2.9131e-08 2.3562e-05 1.3958e-03 1.2118e-03 ] 9.9685e-01
 1.077e+01 2.9767e-03 4.7259e-04 [ 3.8196e-11 2.6594e-06 2.1394e-04 2.5599e-04 ] 2.5041e-03 [ 2.1570e-08 1.9625e-05 1.3063e-03 1.1781e-03 ] 9.9702e-01
 1.088e+01 2.8082e-03 4.3008e-04 [ 2.4312e-11 2.0872e-06 1.9307e-04 2.3492e-04 ] 2.3781e-03 [ 1.5904e-08 1.6283e-05 1.2192e-03 1.1426e-03 ] 9.9719e-01
 1.099e+01 2.6453e-03 3.9167e-04 [ 1.5417e-11 1.6345e-06 1.7429e-04 2.1575e-04 ] 2.2536e-03 [ 1.1675e-08 1.3458e-05 1.1346e-03 1.1055e-03 ] 9.9735e-01
 1.111e+01 2.4880e-03 3.5694e-04 [ 9.7402e-12 1.2770e-06 1.5737e-04 1.9829e-04 ] 2.1311e-03 [ 8.5344e-09 1.1081e-05 1.0529e-03 1.0670e-03 ] 9.9751e-01
 1.122e+01 2.3362e-03 3.2550e-04 [ 6.1300e-12 9.9530e-07 1.4212e-04 1.8238e-04 ] 2.0107e-03 [ 6.2115e-09 9.0876e-06 9.7427e-04 1.0274e-03 ] 9.9766e-01
 1.133e+01 2.1900e-03 2.9699e-04 [ 3.8431e-12 7.7387e-07 1.2836e-04 1.6786e-04 ] 1.8930e-03 [ 4.5013e-09 7.4240e-06 8.9883e-04 9.8677e-04 ] 9.9781e-01
 1.145e+01 2.0494e-03 2.7114e-04 [ 2.4000e-12 6.0020e-07 1.1594e-04 1.5460e-04 ] 1.7782e-03 [ 3.2479e-09 6.0413e-06 8.2676e-04 9.4541e-04 ] 9.9795e-01
 1.156e+01 1.9143e-03 2.4765e-04 [ 1.4928e-12 4.6432e-07 1.0472e-04 1.4247e-04 ] 1.6666e-03 [ 2.3333e-09 4.8968e-06 7.5819e-04 9.0353e-04 ] 9.9809e-01
 1.167e+01 1.7848e-03 2.2631e-04 [ 9.2489e-13 3.5826e-07 9.4573e-05 1.3138e-04 ] 1.5585e-03 [ 1.6690e-09 3.9536e-06 6.9320e-04 8.6135e-04 ] 9.9822e-01
 1.179e+01 1.6610e-03 2.0690e-04 [ 5.7072e-13 2.7568e-07 8.5403e-05 1.2122e-04 ] 1.4541e-03 [ 1.1887e-09 3.1794e-06 6.3185e-04 8.1908e-04 ] 9.9834e-01
 1.190e+01 1.5429e-03 1.8924e-04 [ 3.5076e-13 2.1157e-07 7.7109e-05 1.1192e-04 ] 1.3536e-03 [ 8.4296e-10 2.5469e-06 5.7416e-04 7.7692e-04 ] 9.9846e-01
 1.201e+01 1.4304e-03 1.7315e-04 [ 2.1470e-13 1.6191e-07 6.9607e-05 1.0338e-04 ] 1.2572e-03 [ 5.9520e-10 2.0321e-06 5.2013e-04 7.3507e-04 ] 9.9857e-01
 1.213e+01 1.3236e-03 1.5850e-04 [ 1.3088e-13 1.2356e-07 6.2820e-05 9.5557e-05 ] 1.1651e-03 [ 4.1845e-10 1.6150e-06 4.6972e-04 6.9372e-04 ] 9.9868e-01
 1.224e+01 1.2223e-03 1.4514e-04 [ 7.9460e-14 9.4026e-08 5.6678e-05 8.8371e-05 ] 1.0772e-03 [ 2.9294e-10 1.2785e-06 4.2287e-04 6.5305e-04 ] 9.9878e-01
 1.235e+01 1.1267e-03 1.3296e-04 [ 4.8044e-14 7.1344e-08 5.1122e-05 8.1771e-05 ] 9.9373e-04 [ 2.0419e-10 1.0082e-06 3.7952e-04 6.1320e-04 ] 9.9887e-01
 1.247e+01 1.0365e-03 1.2186e-04 [ 2.8931e-14 5.3975e-08 4.6096e-05 7.5706e-05 ] 9.1468e-04 [ 1.4173e-10 7.9191e-07 3.3956e-04 5.7433e-04 ] 9.9896e-01
 1.258e+01 9.5177e-04 1.1172e-04 [ 1.7350e-14 4.0714e-08 4.1551e-05 7.0131e-05 ] 8.4005e-04 [ 9.7963e-11 6.1963e-07 3.0286e-04 5.3657e-04 ] 9.9905e-01
 1.269e+01 8.7229e-04 1.0247e-04 [ 1.0363e-14 3.0619e-08 3.7441e-05 6.5003e-05 ] 7.6981e-04 [ 6.7426e-11 4.8296e-07 2.6929e-04 5.0004e-04 ] 9.9913e-01
 1.281e+01 7.9794e-04 9.4034e-05 [ 6.1641e-15 2.2958e-08 3.3727e-05 6.0284e-05 ] 7.0391e-04 [ 4.6215e-11 3.7499e-07 2.3871e-04 4.6482e-04 ] 9.9920e-01
 1.292e+01 7.2859e-04 8.6328e-05 [ 3.6518e-15 1.7162e-08 3.0371e-05 5.5940e-05 ] 6.4226e-04 [ 3.1546e-11 2.9006e-07 2.1095e-04 4.3101e-04 ] 9.9927e-01
 1.303e+01 6.6405e-04 7.9294e-05 [ 2.1548e-15 1.2791e-08 2.7341e-05 5.1940e-05 ] 5.8476e-04 [ 2.1445e-11 2.2352e-07 1.8586e-04 3.9867e-04 ] 9.9934e-01
 1.315e+01 6.0415e-04 7.2870e-05 [ 1.2664e-15 9.5038e-09 2.4605e-05 4.8255e-05 ] 5.3128e-04 [ 1.4519e-11 1.7160e-07 1.6326e-04 3.6785e-04 ] 9.9940e-01
 1.326e+01 5.4869e-04 6.7004e-05 [ 7.4133e-16 7.0400e-09 2.2138e-05 4.4859e-05 ] 4.8169e-04 [ 9.7899e-12 1.3125e-07 1.4298e-04 3.3858e-04 ] 9.9945e-01
 1.337e+01 4.9748e-04 6.1647e-05 [ 4.3226e-16 5.1991e-09 1.9914e-05 4.1727e-05 ] 4.3583e-04 [ 6.5750e-12 1.0002e-07 1.2485e-04 3.1088e-04 ] 9.9950e-01
 1.349e+01 4.5029e-04 5.6753e-05 [ 2.5107e-16 3.8279e-09 1.7910e-05 3.8839e-05 ] 3.9354e-04 [ 4.3984e-12 7.5949e-08 1.0870e-04 2.8476e-04 ] 9.9955e-01
 1.360e+01 4.0692e-04 5.2283e-05 [ 1.4527e-16 2.8098e-09 1.6106e-05 3.6175e-05 ] 3.5463e-04 [ 2.9308e-12 5.7464e-08 9.4365e-05 2.6021e-04 ] 9.9959e-01
 1.371e+01 3.6715e-04 4.8199e-05 [ 8.3733e-17 2.0562e-09 1.4482e-05 3.3715e-05 ] 3.1895e-04 [ 1.9454e-12 4.3324e-08 8.1689e-05 2.3721e-04 ] 9.9963e-01
 1.383e+01 3.3076e-04 4.4467e-05 [ 4.8083e-17 1.5002e-09 1.3021e-05 3.1444e-05 ] 2.8629e-04 [ 1.2863e-12 3.2549e-08 7.0517e-05 2.1574e-04 ] 9.9967e-01
 1.394e+01 2.9754e-04 4.1056e-05 [ 2.7510e-17 1.0913e-09 1.1709e-05 2.9346e-05 ] 2.5649e-04 [ 8.4736e-13 2.4370e-08 6.0704e-05 1.9576e-04 ] 9.9970e-01
 1.405e+01 2.6729e-04 3.7938e-05 [ 1.5682e-17 7.9145e-10 1.0530e-05 2.7407e-05 ] 2.2935e-04 [ 5.5609e-13 1.8184e-08 5.2114e-05 1.7721e-04 ] 9.9973e-01
 1.417e+01 2.3978e-04 3.5087e-05 [ 8.9072e-18 5.7230e-10 9.4714e-06 2.5615e-05 ] 2.0470e-04 [ 3.6360e-13 1.3523e-08 4.4620e-05 1.6006e-04 ] 9.9976e-01
 1.428e+01 2.1484e-04 3.2479e-05 [ 5.0414e-18 4.1261e-10 8.5216e-06 2.3957e-05 ] 1.8236e-04 [ 2.3687e-13 1.0024e-08 3.8102e-05 1.4424e-04 ] 9.9979e-01
 1.439e+01 1.9225e-04 3.0093e-05 [ 2.8435e-18 2.9661e-10 7.6697e-06 2.2423e-05 ] 1.6216e-04 [ 1.5376e-13 7.4058e-09 3.2452e-05 1.2970e-04 ] 9.9981e-01
 1.451e+01 1.7185e-04 2.7909e-05 [ 1.5984e-18 2.1261e-10 6.9059e-06 2.1002e-05 ] 1.4394e-04 [ 9.9457e-14 5.4541e-09 2.7568e-05 1.1636e-04 ] 9.9983e-01
 1.462e+01 1.5344e-04 2.5908e-05 [ 8.9546e-19 1.5196e-10 6.2213e-06 1.9687e-05 ] 1.2754e-04 [ 6.4106e-14 4.0041e-09 2.3360e-05 1.0417e-04 ] 9.9985e-01
 1.473e+01 1.3688e-04 2.4075e-05 [ 5.0001e-19 1.0831e-10 5.6078e-06 1.8467e-05 ] 1.1280e-04 [ 4.1178e-14 2.9305e-09 1.9746e-05 9.3056e-05 ] 9.9986e-01
 1.485e+01 1.2199e-04 2.2395e-05 [ 2.7830e-19 7.6975e-11 5.0582e-06 1.7336e-05 ] 9.9600e-05 [ 2.6360e-14 2.1382e-09 1.6649e-05 8.2948e-05 ] 9.9988e-01
 1.496e+01 1.0864e-04 2.0853e-05 [ 1.5441e-19 5.4556e-11 4.5658e-06 1.6287e-05 ] 8.7789e-05 [ 1.6818e-14 1.5555e-09 1.4005e-05 7.3783e-05 ] 9.9989e-01
 1.507e+01 9.6684e-05 1.9438e-05 [ 8.5402e-20 3.8561e-11 4.1247e-06 1.5313e-05 ] 7.7246e-05 [ 1.0694e-14 1.1282e-09 1.1753e-05 6.5493e-05 ] 9.9990e-01
 1.519e+01 8.5992e-05 1.8138e-05 [ 4.7093e-20 2.7181e-11 3.7295e-06 1.4408e-05 ] 6.7854e-05 [ 6.7783e-15 8.1593e-10 9.8394e-06 5.8014e-05 ] 9.9991e-01
 1.530e+01 7.6446e-05 1.6942e-05 [ 2.5891e-20 1.9109e-11 3.3753e-06 1.3567e-05 ] 5.9504e-05 [ 4.2824e-15 5.8841e-10 8.2188e-06 5.1285e-05 ] 9.9992e-01
 1.541e+01 6.7936e-05 1.5842e-05 [ 1.4193e-20 1.3398e-11 3.0578e-06 1.2784e-05 ] 5.2094e-05 [ 2.6970e-15 4.2314e-10 6.8495e-06 4.5244e-05 ] 9.9993e-01
 1.553e+01 6.0360e-05 1.4829e-05 [ 7.7581e-21 9.3701e-12 2.7730e-06 1.2056e-05 ] 4.5531e-05 [ 1.6933e-15 3.0346e-10 5.6956e-06 3.9835e-05 ] 9.9994e-01
 1.564e+01 5.3624e-05 1.3895e-05 [ 4.2290e-21 6.5362e-12 2.5174e-06 1.1377e-05 ] 3.9730e-05 [ 1.0598e-15 2.1703e-10 4.7257e-06 3.5004e-05 ] 9.9995e-01
 1.575e+01 4.7643e-05 1.3032e-05 [ 2.2990e-21 4.5478e-12 2.2879e-06 1.0744e-05 ] 3.4611e-05 [ 6.6132e-16 1.5481e-10 3.9125e-06 3.0698e-05 ] 9.9995e-01
 1.587e+01 4.2338e-05 1.2236e-05 [ 1.2464e-21 3.1565e-12 2.0816e-06 1.0154e-05 ] 3.0102e-05 [ 4.1144e-16 1.1014e-10 3.2323e-06 2.6870e-05 ] 9.9996e-01
 1.598e+01 3.7637e-05 1.1499e-05 [ 6.7403e-22 2.1855e-12 1.8961e-06 9.6028e-06 ] 2.6139e-05 [ 2.5522e-16 7.8153e-11 2.6647e-06 2.3474e-05 ] 9.9996e-01
 1.609e+01 3.3477e-05 1.0817e-05 [ 3.6357e-22 1.5095e-12 1.7291e-06 9.0876e-06 ] 2.2660e-05 [ 1.5786e-16 5.5316e-11 2.1922e-06 2.0468e-05 ] 9.9997e-01
 1.621e+01 2.9798e-05 1.0184e-05 [ 1.9562e-22 1.0402e-12 1.5785e-06 8.6057e-06 ] 1.9614e-05 [ 9.7361e-17 3.9055e-11 1.7998e-06 1.7814e-05 ] 9.9997e-01
 1.632e+01 2.6547e-05 9.5972e-06 [ 1.0500e-22 7.1511e-13 1.4427e-06 8.1546e-06 ] 1.6950e-05 [ 5.9880e-17 2.7506e-11 1.4746e-06 1.5475e-05 ] 9.9997e-01
 1.643e+01 2.3676e-05 9.0518e-06 [ 5.6231e-23 4.9050e-13 1.3199e-06 7.7319e-06 ] 1.4624e-05 [ 3.6726e-17 1.9325e-11 1.2058e-06 1.3418e-05 ] 9.9998e-01
 1.655e+01 2.1142e-05 8.5445e-06 [ 3.0043e-23 3.3569e-13 1.2089e-06 7.3356e-06 ] 1.2598e-05 [ 2.2464e-17 1.3545e-11 9.8399e-07 1.1614e-05 ] 9.9998e-01
 1.666e+01 1.8907e-05 8.0719e-06 [ 1.6015e-23 2.2923e-13 1.1083e-06 6.9636e-06 ] 1.0835e-05 [ 1.3703e-17 9.4712e-12 8.0143e-07 1.0034e-05 ] 9.9998e-01
 1.677e+01 1.6936e-05 7.6312e-06 [ 8.5190e-24 1.5620e-13 1.0170e-06 6.6142e-06 ] 9.3047e-06 [ 8.3371e-18 6.6073e-12 6.5147e-07 8.6532e-06 ] 9.9998e-01
 1.689e+01 1.5198e-05 7.2197e-06 [ 4.5219e-24 1.0621e-13 9.3407e-07 6.2856e-06 ] 7.9779e-06 [ 5.0591e-18 4.5989e-12 5.2856e-07 7.4493e-06 ] 9.9998e-01
 1.700e+01 1.3665e-05 6.8351e-06 [ 2.3953e-24 7.2069e-14 8.5864e-07 5.9764e-06 ] 6.8297e-06 [ 3.0620e-18 3.1938e-12 4.2802e-07 6.4016e-06 ] 9.9999e-01
 1.711e+01 1.2313e-05 6.4751e-06 [ 1.2663e-24 4.8803e-14 7.8990e-07 5.6852e-06 ] 5.8377e-06 [ 1.8486e-18 2.2130e-12 3.4596e-07 5.4917e-06 ] 9.9999e-01
 1.723e+01 1.1120e-05 6.1378e-06 [ 6.6811e-25 3.2983e-14 7.2719e-07 5.4106e-06 ] 4.9820e-06 [ 1.1132e-18 1.5300e-12 2.7911e-07 4.7029e-06 ] 9.9999e-01
 1.734e+01 1.0067e-05 5.8215e-06 [ 3.5184e-25 2.2247e-14 6.6988e-07 5.1516e-06 ] 4.2453e-06 [ 6.6876e-19 1.0555e-12 2.2476e-07 4.0205e-06 ] 9.9999e-01
 1.745e+01 9.1364e-06 5.5244e-06 [ 1.8494e-25 1.4977e-14 6.1745e-07 4.9069e-06 ] 3.6120e-06 [ 4.0076e-19 7.2663e-13 1.8067e-07 3.4313e-06 ] 9.9999e-01
 1.757e+01 8.3136e-06 5.2451e-06 [ 9.7042e-26 1.0064e-14 5.6941e-07 4.6757e-06 ] 3.0684e-06 [ 2.3959e-19 4.9915e-13 1.4496e-07 2.9235e-06 ] 9.9999e-01
 1.768e+01 7.5851e-06 4.9823e-06 [ 5.0831e-26 6.7504e-15 5.2534e-07 4.4570e-06 ] 2.6027e-06 [ 1.4289e-19 3.4216e-13 1.1610e-07 2.4866e-06 ] 9.9999e-01
 1.779e+01 6.9392e-06 4.7348e-06 [ 2.6580e-26 4.5196e-15 4.8485e-07 4.2499e-06 ] 2.2044e-06 [ 8.5025e-20 2.3406e-13 9.2822e-08 2.1115e-06 ] 9.9999e-01
 1.791e+01 6.3655e-06 4.5014e-06 [ 1.3877e-26 3.0207e-15 4.4763e-07 4.0537e-06 ] 1.8642e-06 [ 5.0475e-20 1.5979e-13 7.4080e-08 1.7901e-06 ] 9.9999e-01
 1.802e+01 5.8552e-06 4.2811e-06 [ 7.2331e-27 2.0155e-15 4.1337e-07 3.8677e-06 ] 1.5741e-06 [ 2.9896e-20 1.0886e-13 5.9019e-08 1.5151e-06 ] 9.9999e-01
 1.813e+01 5.4001e-06 4.0730e-06 [ 3.7644e-27 1.3425e-15 3.8179e-07 3.6912e-06 ] 1.3271e-06 [ 1.7667e-20 7.4014e-14 4.6939e-08 1.2802e-06 ] 9.9999e-01
 1.825e+01 4.9935e-06 3.8763e-06 [ 1.9562e-27 8.9273e-16 3.5268e-07 3.5236e-06 ] 1.1173e-06 [ 1.0418e-20 5.0221e-14 3.7267e-08 1.0800e-06 ] 1.0000e+00
 1.836e+01 4.6293e-06 3.6901e-06 [ 1.0151e-27 5.9270e-16 3.2580e-07 3.3643e-06 ] 9.3918e-07 [ 6.1293e-21 3.4010e-14 2.9538e-08 9.0964e-07 ] 1.0000e+00
 1.847e+01 4.3022e-06 3.5139e-06 [ 5.2600e-28 3.9288e-16 3.0098e-07 3.2129e-06 ] 7.8831e-07 [ 3.5984e-21 2.2986e-14 2.3372e-08 7.6494e-07 ] 1.0000e+00
 1.859e+01 4.0076e-06 3.3469e-06 [ 2.7219e-28 2.6002e-16 2.7804e-07 3.0688e-06 ] 6.6069e-07 [ 2.1080e-21 1.5506e-14 1.8462e-08 6.4223e-07 ] 1.0000e+00
 1.870e+01 3.7414e-06 3.1885e-06 [ 1.4067e-28 1.7183e-16 2.5682e-07 2.9317e-06 ] 5.5292e-07 [ 1.2323e-21 1.0439e-14 1.4559e-08 5.3836e-07 ] 1.0000e+00
 1.881e+01 3.5002e-06 3.0382e-06 [ 7.2604e-29 1.1338e-16 2.3720e-07 2.8010e-06 ] 4.6205e-07 [ 7.1887e-22 7.0148e-15 1.1462e-08 4.5058e-07 ] 1.0000e+00
 1.893e+01 3.2810e-06 2.8955e-06 [ 3.7427e-29 7.4702e-17 2.1904e-07 2.6764e-06 ] 3.8554e-07 [ 4.1849e-22 4.7048e-15 9.0092e-09 3.7653e-07 ] 1.0000e+00
 1.904e+01 3.0811e-06 2.7599e-06 [ 1.9270e-29 4.9147e-17 2.0222e-07 2.5577e-06 ] 3.2123e-07 [ 2.4312e-22 3.1495e-15 7.0697e-09 3.1416e-07 ] 1.0000e+00
 1.915e+01 2.8983e-06 2.6310e-06 [ 9.9103e-30 3.2288e-17 1.8666e-07 2.4444e-06 ] 2.6726e-07 [ 1.4096e-22 2.1044e-15 5.5387e-09 2.6172e-07 ] 1.0000e+00
 1.927e+01 2.7305e-06 2.5085e-06 [ 5.0909e-30 2.1183e-17 1.7224e-07 2.3363e-06 ] 2.2204e-07 [ 8.1559e-23 1.4035e-15 4.3322e-09 2.1770e-07 ] 1.0000e+00
 1.938e+01 2.5761e-06 2.3919e-06 [ 2.6123e-30 1.3877e-17 1.5889e-07 2.2330e-06 ] 1.8420e-07 [ 4.7098e-23 9.3428e-16 3.3832e-09 1.8081e-07 ] 1.0000e+00
 1.949e+01 2.4335e-06 2.2809e-06 [ 1.3390e-30 9.0791e-18 1.4652e-07 2.1344e-06 ] 1.5259e-07 [ 2.7144e-23 6.2080e-16 2.6378e-09 1.4995e-07 ] 1.0000e+00
 1.961e+01 2.3014e-06 2.1752e-06 [ 6.8561e-31 5.9318e-18 1.3507e-07 2.0401e-06 ] 1.2622e-07 [ 1.5613e-23 4.1175e-16 2.0534e-09 1.2417e-07 ] 1.0000e+00
 1.972e+01 2.1787e-06 2.0745e-06 [ 3.5070e-31 3.8703e-18 1.2446e-07 1.9500e-06 ] 1.0426e-07 [ 8.9635e-24 2.7260e-16 1.5960e-09 1.0266e-07 ] 1.0000e+00
 1.983e+01 2.0645e-06 1.9785e-06 [ 1.7921e-31 2.5219e-18 1.1464e-07 1.8639e-06 ] 8.5995e-08 [ 5.1361e-24 1.8015e-16 1.2385e-09 8.4757e-08 ] 1.0000e+00
 1.995e+01 1.9579e-06 1.8870e-06 [ 9.1492e-32 1.6410e-18 1.0555e-07 1.7815e-06 ] 7.0831e-08 [ 2.9374e-24 1.1884e-16 9.5959e-10 6.9871e-08 ] 1.0000e+00
 2.006e+01 1.8580e-06 1.7998e-06 [ 4.6664e-32 1.0665e-18 9.7142e-08 1.7026e-06 ] 5.8258e-08 [ 1.6768e-24 7.8257e-17 7.4236e-10 5.7516e-08 ] 1.0000e+00
 2.017e+01 1.7644e-06 1.7166e-06 [ 2.3778e-32 6.9215e-19 8.9360e-08 1.6272e-06 ] 4.7849e-08 [ 9.5542e-25 5.1440e-17 5.7342e-10 4.7276e-08 ] 1.0000e+00
 2.029e+01 1.6764e-06 1.6372e-06 [ 1.2105e-32 4.4863e-19 8.2162e-08 1.5550e-06 ] 3.9245e-08 [ 5.4338e-25 3.3754e-17 4.4226e-10 3.8803e-08 ] 1.0000e+00
 2.040e+01 1.5936e-06 1.5614e-06 [ 6.1572e-33 2.9041e-19 7.5507e-08 1.4859e-06 ] 3.2143e-08 [ 3.0848e-25 2.2109e-17 3.4058e-10 3.1802e-08 ] 1.0000e+00
 2.051e+01 1.5154e-06 1.4891e-06 [ 3.1290e-33 1.8774e-19 6.9357e-08 1.4198e-06 ] 2.6289e-08 [ 1.7481e-25 1.4457e-17 2.6188e-10 2.6027e-08 ] 1.0000e+00
 2.063e+01 1.4416e-06 1.4201e-06 [ 1.5888e-33 1.2121e-19 6.3675e-08 1.3564e-06 ] 2.1472e-08 [ 9.8883e-26 9.4363e-18 2.0107e-10 2.1271e-08 ] 1.0000e+00
 2.074e+01 1.3717e-06 1.3542e-06 [ 8.0601e-34 7.8153e-20 5.8428e-08 1.2958e-06 ] 1.7513e-08 [ 5.5835e-26 6.1487e-18 1.5414e-10 1.7359e-08 ] 1.0000e+00
 2.085e+01 1.3055e-06 1.2913e-06 [ 4.0855e-34 5.0326e-20 5.3584e-08 1.2377e-06 ] 1.4264e-08 [ 3.1472e-26 3.9996e-18 1.1800e-10 1.4146e-08 ] 1.0000e+00
 2.097e+01 1.2428e-06 1.2312e-06 [ 2.0692e-34 3.2364e-20 4.9116e-08 1.1821e-06 ] 1.1602e-08 [ 1.7709e-26 2.5972e-18 9.0194e-11 1.1512e-08 ] 1.0000e+00
 2.108e+01 1.1832e-06 1.1738e-06 [ 1.0471e-34 2.0785e-20 4.4996e-08 1.1288e-06 ] 9.4239e-09 [ 9.9472e-27 1.6837e-18 6.8842e-11 9.3551e-09 ] 1.0000e+00
 2.119e+01 1.1266e-06 1.1190e-06 [ 5.2942e-35 1.3332e-20 4.1199e-08 1.0778e-06 ] 7.6442e-09 [ 5.5778e-27 1.0896e-18 5.2467e-11 7.5917e-09 ] 1.0000e+00
 2.131e+01 1.0728e-06 1.0666e-06 [ 2.6747e-35 8.5393e-21 3.7702e-08 1.0289e-06 ] 6.1922e-09 [ 3.1224e-27 7.0395e-19 3.9930e-11 6.1523e-09 ] 1.0000e+00
 2.142e+01 1.0216e-06 1.0166e-06 [ 1.3501e-35 5.4624e-21 3.4481e-08 9.8208e-07 ] 5.0092e-09 [ 1.7449e-27 4.5403e-19 3.0345e-11 4.9788e-09 ] 1.0000e+00
 2.153e+01 9.7282e-07 9.6877e-07 [ 6.8097e-36 3.4895e-21 3.1518e-08 9.3725e-07 ] 4.0467e-09 [ 9.7352e-28 2.9235e-19 2.3027e-11 4.0237e-09 ] 1.0000e+00
 2.165e+01 9.2638e-07 9.2312e-07 [ 3.4319e-36 2.2261e-21 2.8793e-08 8.9433e-07 ] 3.2648e-09 [ 5.4224e-28 1.8793e-19 1.7450e-11 3.2473e-09 ] 1.0000e+00
 2.176e+01 8.8214e-07 8.7951e-07 [ 1.7281e-36 1.4182e-21 2.6289e-08 8.5322e-07 ] 2.6304e-09 [ 3.0152e-28 1.2060e-19 1.3204e-11 2.6172e-09 ] 1.0000e+00
 2.187e+01 8.3996e-07 8.3784e-07 [ 8.6949e-37 9.0230e-22 2.3989e-08 8.1385e-07 ] 2.1165e-09 [ 1.6739e-28 7.7269e-20 9.9777e-12 2.1065e-09 ] 1.0000e+00
 2.199e+01 7.9974e-07 7.9804e-07 [ 4.3712e-37 5.7327e-22 2.1877e-08 7.7616e-07 ] 1.7007e-09 [ 9.2779e-29 4.9424e-20 7.5289e-12 1.6932e-09 ] 1.0000e+00
 2.210e+01 7.6139e-07 7.6002e-07 [ 2.1957e-37 3.6372e-22 1.9939e-08 7.4008e-07 ] 1.3648e-09 [ 5.1341e-29 3.1561e-20 5.6732e-12 1.3591e-09 ] 1.0000e+00
 2.221e+01 7.2480e-07 7.2370e-07 [ 1.1020e-37 2.3044e-22 1.8162e-08 7.0554e-07 ] 1.0938e-09 [ 2.8365e-29 2.0122e-20 4.2690e-12 1.0895e-09 ] 1.0000e+00
 2.233e+01 6.8989e-07 6.8902e-07 [ 5.5265e-38 1.4580e-22 1.6534e-08 6.7248e-07 ] 8.7544e-10 [ 1.5647e-29 1.2807e-20 3.2079e-12 8.7223e-10 ] 1.0000e+00
 2.244e+01 6.5659e-07 6.5589e-07 [ 2.7692e-38 9.2115e-23 1.5043e-08 6.4084e-07 ] 6.9976e-10 [ 8.6173e-30 8.1387e-21 2.4072e-12 6.9736e-10 ] 1.0000e+00
 2.255e+01 6.2481e-07 6.2425e-07 [ 1.3864e-38 5.8116e-23 1.3679e-08 6.1057e-07 ] 5.5861e-10 [ 4.7386e-30 5.1636e-21 1.8039e-12 5.5681e-10 ] 1.0000e+00
 2.267e+01 5.9448e-07 5.9404e-07 [ 6.9352e-39 3.6614e-23 1.2431e-08 5.8160e-07 ] 4.4535e-10 [ 2.6017e-30 3.2707e-21 1.3500e-12 4.4400e-10 ] 1.0000e+00
 2.278e+01 5.6554e-07 5.6519e-07 [ 3.4663e-39 2.3034e-23 1.1290e-08 5.5390e-07 ] 3.5460e-10 [ 1.4262e-30 2.0685e-21 1.0089e-12 3.5359e-10 ] 1.0000e+00
 2.289e+01 5.3793e-07 5.3764e-07 [ 1.7310e-39 1.4470e-23 1.0247e-08 5.2740e-07 ] 2.8197e-10 [ 7.8066e-31 1.3060e-21 7.5295e-13 2.8122e-10 ] 1.0000e+00
 2.301e+01 5.1158e-07 5.1135e-07 [ 8.6372e-40 9.0771e-24 9.2954e-09 5.0206e-07 ] 2.2394e-10 [ 4.2666e-31 8.2332e-22 5.6119e-13 2.2337e-10 ] 1.0000e+00
 2.312e+01 4.8643e-07 4.8625e-07 [ 4.3060e-40 5.6859e-24 8.4271e-09 4.7783e-07 ] 1.7762e-10 [ 2.3284e-31 5.1820e-22 4.1771e-13 1.7720e-10 ] 1.0000e+00
 2.323e+01 4.6244e-07 4.6230e-07 [ 2.1448e-40 3.5564e-24 7.6353e-09 4.5467e-07 ] 1.4070e-10 [ 1.2687e-31 3.2564e-22 3.1050e-13 1.4039e-10 ] 1.0000e+00
 2.335e+01 4.3956e-07 4.3945e-07 [ 1.0674e-40 2.2212e-24 6.9138e-09 4.3253e-07 ] 1.1131e-10 [ 6.9033e-32 2.0432e-22 2.3050e-13 1.1108e-10 ] 1.0000e+00
 2.346e+01 4.1773e-07 4.1764e-07 [ 5.3078e-41 1.3853e-24 6.2567e-09 4.1138e-07 ] 8.7951e-11 [ 3.7506e-32 1.2799e-22 1.7088e-13 8.7781e-11 ] 1.0000e+00
 2.357e+01 3.9690e-07 3.9683e-07 [ 2.6370e-41 8.6268e-25 5.6586e-09 3.9118e-07 ] 6.9406e-11 [ 2.0348e-32 8.0057e-23 1.2652e-13 6.9280e-11 ] 1.0000e+00
 2.369e+01 3.7704e-07 3.7699e-07 [ 1.3089e-41 5.3644e-25 5.1147e-09 3.7188e-07 ] 5.4703e-11 [ 1.1023e-32 4.9996e-23 9.3551e-14 5.4609e-11 ] 1.0000e+00
 2.380e+01 3.5811e-07 3.5806e-07 [ 6.4915e-42 3.3308e-25 4.6202e-09 3.5344e-07 ] 4.3060e-11 [ 5.9630e-33 3.1174e-23 6.9083e-14 4.2991e-11 ] 1.0000e+00
 2.391e+01 3.4005e-07 3.4002e-07 [ 3.2165e-42 2.0651e-25 4.1710e-09 3.3585e-07 ] 3.3854e-11 [ 3.2212e-33 1.9409e-23 5.0948e-14 3.3803e-11 ] 1.0000e+00
 2.403e+01 3.2284e-07 3.2282e-07 [ 1.5924e-42 1.2785e-25 3.7633e-09 3.1905e-07 ] 2.6582e-11 [ 1.7376e-33 1.2065e-23 3.7525e-14 2.6545e-11 ] 1.0000e+00
 2.414e+01 3.0644e-07 3.0642e-07 [ 7.8763e-43 7.9029e-26 3.3933e-09 3.0302e-07 ] 2.0847e-11 [ 9.3601e-34 7.4884e-24 2.7603e-14 2.0819e-11 ] 1.0000e+00
 2.425e+01 2.9081e-07 2.9079e-07 [ 3.8923e-43 4.8781e-26 3.0579e-09 2.8773e-07 ] 1.6329e-11 [ 5.0350e-34 4.6409e-24 2.0278e-14 1.6309e-11 ] 1.0000e+00
 2.437e+01 2.7591e-07 2.7590e-07 [ 1.9218e-43 3.0065e-26 2.7540e-09 2.7314e-07 ] 1.2775e-11 [ 2.7048e-34 2.8718e-24 1.4878e-14 1.2760e-11 ] 1.0000e+00
 2.448e+01 2.6172e-07 2.6171e-07 [ 9.4800e-44 1.8503e-26 2.4788e-09 2.5923e-07 ] 9.9815e-12 [ 1.4510e-34 1.7744e-24 1.0902e-14 9.9706e-12 ] 1.0000e+00
 2.459e+01 2.4821e-07 2.4820e-07 [ 4.6722e-44 1.1370e-26 2.2297e-09 2.4597e-07 ] 7.7897e-12 [ 7.7733e-35 1.0947e-24 7.9784e-15 7.7817e-12 ] 1.0000e+00
 2.471e+01 2.3534e-07 2.3534e-07 [ 2.3006e-44 6.9765e-27 2.0044e-09 2.3333e-07 ] 6.0718e-12 [ 4.1587e-35 6.7436e-25 5.8314e-15 6.0659e-12 ] 1.0000e+00
 2.482e+01 2.2309e-07 2.2309e-07 [ 1.1318e-44 4.2744e-27 1.8008e-09 2.2128e-07 ] 4.7270e-12 [ 2.2220e-35 4.1480e-25 4.2568e-15 4.7228e-12 ] 1.0000e+00
 2.493e+01 2.1143e-07 2.1142e-07 [ 5.5631e-45 2.6150e-27 1.6170e-09 2.0981e-07 ] 3.6757e-12 [ 1.1856e-35 2.5477e-25 3.1034e-15 3.6726e-12 ] 1.0000e+00
 2.505e+01 2.0033e-07 2.0033e-07 [ 2.7319e-45 1.5974e-27 1.4510e-09 1.9888e-07 ] 2.8547e-12 [ 6.3178e-36 1.5625e-25 2.2597e-15 2.8525e-12 ] 1.0000e+00
 2.516e+01 1.8977e-07 1.8977e-07 [ 1.3403e-45 9.7436e-28 1.3012e-09 1.8847e-07 ] 2.2145e-12 [ 3.3622e-36 9.5684e-26 1.6433e-15 2.2128e-12 ] 1.0000e+00
 2.527e+01 1.7973e-07 1.7972e-07 [ 6.5701e-46 5.9345e-28 1.1662e-09 1.7856e-07 ] 1.7158e-12 [ 1.7870e-36 5.8510e-26 1.1936e-15 1.7146e-12 ] 1.0000e+00
 2.539e+01 1.7017e-07 1.7017e-07 [ 3.2176e-46 3.6091e-28 1.0446e-09 1.6913e-07 ] 1.3278e-12 [ 9.4855e-37 3.5727e-26 8.6586e-16 1.3269e-12 ] 1.0000e+00
 2.550e+01 1.6109e-07 1.6109e-07 [ 1.5743e-46 2.1917e-28 9.3507e-10 1.6015e-07 ] 1.0264e-12 [ 5.0285e-37 2.1783e-26 6.2733e-16 1.0257e-12 ] 1.0000e+00
 2.561e+01 1.5245e-07 1.5245e-07 [ 7.6962e-47 1.3290e-28 8.3652e-10 1.5162e-07 ] 7.9241e-13 [ 2.6624e-37 1.3262e-26 4.5395e-16 7.9195e-13 ] 1.0000e+00
 2.573e+01 1.4425e-07 1.4425e-07 [ 3.7589e-47 8.0468e-29 7.4791e-10 1.4350e-07 ] 6.1107e-13 [ 1.4079e-37 8.0631e-27 3.2809e-16 6.1074e-13 ] 1.0000e+00
 2.584e+01 1.3645e-07 1.3645e-07 [ 1.8342e-47 4.8650e-29 6.6827e-10 1.3578e-07 ] 4.7067e-13 [ 7.4353e-38 4.8950e-27 2.3683e-16 4.7044e-13 ] 1.0000e+00
 2.595e+01 1.2904e-07 1.2904e-07 [ 8.9421e-48 2.9371e-29 5.9674e-10 1.2845e-07 ] 3.6212e-13 [ 3.9219e-38 2.9675e-27 1.7075e-16 3.6194e-13 ] 1.0000e+00
 2.607e+01 1.2201e-07 1.2201e-07 [ 4.3555e-48 1.7705e-29 5.3255e-10 1.2148e-07 ] 2.7827e-13 [ 2.0662e-38 1.7964e-27 1.2295e-16 2.7815e-13 ] 1.0000e+00
 2.618e+01 1.1533e-07 1.1533e-07 [ 2.1196e-48 1.0658e-29 4.7496e-10 1.1485e-07 ] 2.1359e-13 [ 1.0872e-38 1.0860e-27 8.8427e-17 2.1351e-13 ] 1.0000e+00
 2.629e+01 1.0899e-07 1.0899e-07 [ 1.0305e-48 6.4061e-30 4.2334e-10 1.0856e-07 ] 1.6376e-13 [ 5.7137e-39 6.5556e-28 6.3520e-17 1.6370e-13 ] 1.0000e+00
 2.641e+01 1.0297e-07 1.0297e-07 [ 5.0060e-49 3.8450e-30 3.7710e-10 1.0259e-07 ] 1.2541e-13 [ 2.9992e-39 3.9518e-28 4.5574e-17 1.2536e-13 ] 1.0000e+00
 2.652e+01 9.7259e-08 9.7259e-08 [ 2.4295e-49 2.3044e-30 3.3571e-10 9.6923e-08 ] 9.5929e-14 [ 1.5724e-39 2.3789e-28 3.2658e-17 9.5896e-14 ] 1.0000e+00
 2.663e+01 9.1843e-08 9.1843e-08 [ 1.1781e-49 1.3791e-30 2.9867e-10 9.1544e-08 ] 7.3296e-14 [ 8.2342e-40 1.4300e-28 2.3375e-17 7.3272e-14 ] 1.0000e+00
 2.675e+01 8.6706e-08 8.6706e-08 [ 5.7072e-50 8.2417e-31 2.6555e-10 8.6441e-08 ] 5.5939e-14 [ 4.3069e-40 8.5847e-29 1.6710e-17 5.5922e-14 ] 1.0000e+00
 2.686e+01 8.1836e-08 8.1836e-08 [ 2.7624e-50 4.9183e-31 2.3596e-10 8.1600e-08 ] 4.2643e-14 [ 2.2501e-40 5.1464e-29 1.1931e-17 4.2632e-14 ] 1.0000e+00
 2.697e+01 7.7221e-08 7.7221e-08 [ 1.3359e-50 2.9308e-31 2.0953e-10 7.7011e-08 ] 3.2472e-14 [ 1.1741e-40 3.0810e-29 8.5090e-18 3.2463e-14 ] 1.0000e+00
 2.709e+01 7.2847e-08 7.2847e-08 [ 6.4544e-51 1.7439e-31 1.8595e-10 7.2661e-08 ] 2.4698e-14 [ 6.1200e-41 1.8419e-29 6.0612e-18 2.4692e-14 ] 1.0000e+00
 2.720e+01 6.8703e-08 6.8703e-08 [ 3.1157e-51 1.0362e-31 1.6492e-10 6.8538e-08 ] 1.8765e-14 [ 3.1862e-41 1.0997e-29 4.3124e-18 1.8760e-14 ] 1.0000e+00
 2.731e+01 6.4778e-08 6.4778e-08 [ 1.5027e-51 6.1486e-32 1.4617e-10 6.4632e-08 ] 1.4241e-14 [ 1.6570e-41 6.5567e-30 3.0645e-18 1.4238e-14 ] 1.0000e+00
 2.743e+01 6.1062e-08 6.1062e-08 [ 7.2412e-52 3.6431e-32 1.2947e-10 6.0932e-08 ] 1.0795e-14 [ 8.6073e-42 3.9040e-30 2.1752e-18 1.0793e-14 ] 1.0000e+00
 2.754e+01 5.7544e-08 5.7544e-08 [ 3.4863e-52 2.1556e-32 1.1461e-10 5.7429e-08 ] 8.1745e-15 [ 4.4661e-42 2.3215e-30 1.5421e-18 8.1730e-15 ] 1.0000e+00
 2.765e+01 5.4214e-08 5.4214e-08 [ 1.6770e-52 1.2736e-32 1.0139e-10 5.4113e-08 ] 6.1831e-15 [ 2.3148e-42 1.3786e-30 1.0920e-18 6.1820e-15 ] 1.0000e+00
 2.777e+01 5.1065e-08 5.1065e-08 [ 8.0596e-53 7.5144e-33 8.9639e-11 5.0975e-08 ] 4.6717e-15 [ 1.1984e-42 8.1755e-31 7.7236e-19 4.6709e-15 ] 1.0000e+00
 2.788e+01 4.8085e-08 4.8085e-08 [ 3.8701e-53 4.4274e-33 7.9198e-11 4.8006e-08 ] 3.5258e-15 [ 6.1977e-43 4.8421e-31 5.4565e-19 3.5253e-15 ] 1.0000e+00
 2.799e+01 4.5268e-08 4.5268e-08 [ 1.8567e-53 2.6050e-33 6.9928e-11 4.5198e-08 ] 2.6581e-15 [ 3.2017e-43 2.8640e-31 3.8503e-19 2.6577e-15 ] 1.0000e+00
 2.811e+01 4.2604e-08 4.2604e-08 [ 8.9000e-54 1.5305e-33 6.1704e-11 4.2542e-08 ] 2.0017e-15 [ 1.6522e-43 1.6918e-31 2.7138e-19 2.0015e-15 ] 1.0000e+00
 2.822e+01 4.0087e-08 4.0087e-08 [ 4.2624e-54 8.9802e-34 5.4411e-11 4.0032e-08 ] 1.5058e-15 [ 8.5169e-44 9.9806e-32 1.9105e-19 1.5056e-15 ] 1.0000e+00
 2.833e+01 3.7708e-08 3.7708e-08 [ 2.0396e-54 5.2617e-34 4.7949e-11 3.7660e-08 ] 1.1315e-15 [ 4.3857e-44 5.8804e-32 1.3435e-19 1.1314e-15 ] 1.0000e+00
 2.845e+01 3.5461e-08 3.5461e-08 [ 9.7512e-55 3.0787e-34 4.2227e-11 3.5419e-08 ] 8.4936e-16 [ 2.2560e-44 3.4601e-32 9.4361e-20 8.4926e-16 ] 1.0000e+00
 2.856e+01 3.3339e-08 3.3339e-08 [ 4.6580e-55 1.7989e-34 3.7164e-11 3.3302e-08 ] 6.3686e-16 [ 1.1592e-44 2.0334e-32 6.6201e-20 6.3680e-16 ] 1.0000e+00
 2.867e+01 3.1336e-08 3.1336e-08 [ 2.2231e-55 1.0497e-34 3.2686e-11 3.1304e-08 ] 4.7702e-16 [ 5.9506e-45 1.1934e-32 4.6391e-20 4.7697e-16 ] 1.0000e+00
 2.879e+01 2.9446e-08 2.9446e-08 [ 1.0601e-55 6.1166e-35 2.8728e-11 2.9417e-08 ] 3.5691e-16 [ 3.0514e-45 6.9952e-33 3.2471e-20 3.5688e-16 ] 1.0000e+00
 2.890e+01 2.7662e-08 2.7662e-08 [ 5.0508e-56 3.5593e-35 2.5233e-11 2.7636e-08 ] 2.6676e-16 [ 1.5631e-45 4.0951e-33 2.2703e-20 2.6674e-16 ] 1.0000e+00
 2.901e+01 2.5979e-08 2.5979e-08 [ 2.4044e-56 2.0684e-35 2.2148e-11 2.5957e-08 ] 1.9917e-16 [ 7.9991e-46 2.3943e-33 1.5855e-20 1.9915e-16 ] 1.0000e+00
 2.913e+01 2.4392e-08 2.4392e-08 [ 1.1436e-56 1.2004e-35 1.9428e-11 2.4372e-08 ] 1.4854e-16 [ 4.0893e-46 1.3982e-33 1.1060e-20 1.4853e-16 ] 1.0000e+00
 2.924e+01 2.2895e-08 2.2895e-08 [ 5.4346e-57 6.9566e-36 1.7030e-11 2.2878e-08 ] 1.1067e-16 [ 2.0884e-46 8.1543e-34 7.7059e-21 1.1066e-16 ] 1.0000e+00
 2.935e+01 2.1485e-08 2.1485e-08 [ 2.5804e-57 4.0262e-36 1.4918e-11 2.1470e-08 ] 8.2365e-17 [ 1.0655e-46 4.7498e-34 5.3632e-21 8.2359e-17 ] 1.0000e+00
 2.947e+01 2.0156e-08 2.0156e-08 [ 1.2242e-57 2.3271e-36 1.3059e-11 2.0143e-08 ] 6.1235e-17 [ 5.4307e-47 2.7633e-34 3.7284e-21 6.1231e-17 ] 1.0000e+00
 2.958e+01 1.8904e-08 1.8904e-08 [ 5.8028e-58 1.3432e-36 1.1423e-11 1.8893e-08 ] 4.5478e-17 [ 2.7652e-47 1.6056e-34 2.5891e-21 4.5476e-17 ] 1.0000e+00
 2.969e+01 1.7725e-08 1.7725e-08 [ 2.7483e-58 7.7426e-37 9.9859e-12 1.7715e-08 ] 3.3741e-17 [ 1.4066e-47 9.3180e-35 1.7958e-21 3.3739e-17 ] 1.0000e+00
 2.981e+01 1.6616e-08 1.6616e-08 [ 1.3005e-58 4.4571e-37 8.7233e-12 1.6607e-08 ] 2.5006e-17 [ 7.1483e-48 5.4010e-35 1.2443e-21 2.5005e-17 ] 1.0000e+00
 2.992e+01 1.5571e-08 1.5571e-08 [ 6.1488e-59 2.5623e-37 7.6150e-12 1.5563e-08 ] 1.8514e-17 [ 3.6292e-48 3.1268e-35 8.6111e-22 1.8513e-17 ] 1.0000e+00
 3.003e+01 1.4588e-08 1.4588e-08 [ 2.9047e-59 1.4711e-37 6.6428e-12 1.4581e-08 ] 1.3693e-17 [ 1.8407e-48 1.8080e-35 5.9529e-22 1.3692e-17 ] 1.0000e+00
 3.015e+01 1.3663e-08 1.3663e-08 [ 1.3710e-59 8.4344e-38 5.7907e-12 1.3657e-08 ] 1.0117e-17 [ 9.3274e-49 1.0442e-35 4.1106e-22 1.0116e-17 ] 1.0000e+00
 3.026e+01 1.2793e-08 1.2793e-08 [ 6.4659e-60 4.8294e-38 5.0442e-12 1.2788e-08 ] 7.4667e-18 [ 4.7219e-49 6.0231e-36 2.8353e-22 7.4664e-18 ] 1.0000e+00
 3.037e+01 1.1976e-08 1.1976e-08 [ 3.0468e-60 2.7616e-38 4.3908e-12 1.1971e-08 ] 5.5052e-18 [ 2.3881e-49 3.4702e-36 1.9535e-22 5.5050e-18 ] 1.0000e+00
 3.049e+01 1.1207e-08 1.1207e-08 [ 1.4344e-60 1.5771e-38 3.8193e-12 1.1204e-08 ] 4.0549e-18 [ 1.2067e-49 1.9970e-36 1.3445e-22 4.0547e-18 ] 1.0000e+00
 3.060e+01 1.0485e-08 1.0485e-08 [ 6.7478e-61 8.9943e-39 3.3197e-12 1.0482e-08 ] 2.9836e-18 [ 6.0914e-50 1.1478e-36 9.2430e-23 2.9835e-18 ] 1.0000e+00
 3.071e+01 9.8070e-09 9.8070e-09 [ 3.1715e-61 5.1228e-39 2.8834e-12 9.8041e-09 ] 2.1931e-18 [ 3.0721e-50 6.5898e-37 6.3473e-23 2.1930e-18 ] 1.0000e+00
 3.083e+01 9.1700e-09 9.1700e-09 [ 1.4894e-61 2.9139e-39 2.5025e-12 9.1675e-09 ] 1.6104e-18 [ 1.5479e-50 3.7788e-37 4.3540e-23 1.6103e-18 ] 1.0000e+00
 3.094e+01 8.5720e-09 8.5720e-09 [ 6.9885e-62 1.6552e-39 2.1704e-12 8.5698e-09 ] 1.1813e-18 [ 7.7924e-51 2.1644e-37 2.9834e-23 1.1813e-18 ] 1.0000e+00
 3.105e+01 8.0107e-09 8.0107e-09 [ 3.2764e-62 9.3902e-40 1.8809e-12 8.0089e-09 ] 8.6566e-19 [ 3.9191e-51 1.2382e-37 2.0420e-23 8.6564e-19 ] 1.0000e+00
 3.117e+01 7.4841e-09 7.4841e-09 [ 1.5347e-62 5.3201e-40 1.6288e-12 7.4824e-09 ] 6.3372e-19 [ 1.9692e-51 7.0757e-38 1.3961e-23 6.3371e-19 ] 1.0000e+00
 3.128e+01 6.9901e-09 6.9901e-09 [ 7.1830e-63 3.0102e-40 1.4093e-12 6.9886e-09 ] 4.6346e-19 [ 9.8859e-52 4.0386e-38 9.5351e-24 4.6345e-19 ] 1.0000e+00
 3.139e+01 6.5268e-09 6.5268e-09 [ 3.3590e-63 1.7009e-40 1.2186e-12 6.5256e-09 ] 3.3860e-19 [ 4.9583e-52 2.3025e-38 6.5050e-24 3.3860e-19 ] 1.0000e+00
 3.151e+01 6.0925e-09 6.0925e-09 [ 1.5694e-63 9.5987e-41 1.0528e-12 6.0914e-09 ] 2.4714e-19 [ 2.4846e-52 1.3112e-38 4.4331e-24 2.4713e-19 ] 1.0000e+00
 3.162e+01 5.6854e-09 5.6854e-09 [ 7.3266e-64 5.4096e-41 9.0882e-13 5.6845e-09 ] 1.8020e-19 [ 1.2439e-52 7.4581e-39 3.0178e-24 1.8019e-19 ] 1.0000e+00
 3.173e+01 5.3040e-09 5.3040e-09 [ 3.4174e-64 3.0447e-41 7.8393e-13 5.3032e-09 ] 1.3126e-19 [ 6.2218e-53 4.2374e-39 2.0521e-24 1.3125e-19 ] 1.0000e+00
 3.185e+01 4.9467e-09 4.9467e-09 [ 1.5926e-64 1.7114e-41 6.7566e-13 4.9461e-09 ] 9.5513e-20 [ 3.1092e-53 2.4048e-39 1.3940e-24 9.5511e-20 ] 1.0000e+00
 3.196e+01 4.6122e-09 4.6122e-09 [ 7.4159e-65 9.6070e-42 5.8187e-13 4.6116e-09 ] 6.9434e-20 [ 1.5524e-53 1.3632e-39 9.4588e-25 6.9433e-20 ] 1.0000e+00
 3.207e+01 4.2990e-09 4.2990e-09 [ 3.4501e-65 5.3858e-42 5.0069e-13 4.2985e-09 ] 5.0426e-20 [ 7.7435e-54 7.7187e-40 6.4114e-25 5.0425e-20 ] 1.0000e+00
 3.219e+01 4.0059e-09 4.0059e-09 [ 1.6037e-65 3.0153e-42 4.3048e-13 4.0055e-09 ] 3.6585e-20 [ 3.8591e-54 4.3656e-40 4.3412e-25 3.6585e-20 ] 1.0000e+00
 3.230e+01 3.7317e-09 3.7317e-09 [ 7.4483e-66 1.6859e-42 3.6980e-13 3.7313e-09 ] 2.6517e-20 [ 1.9215e-54 2.4663e-40 2.9363e-25 2.6517e-20 ] 1.0000e+00
 3.241e+01 3.4752e-09 3.4752e-09 [ 3.4562e-66 9.4141e-43 3.1741e-13 3.4749e-09 ] 1.9201e-20 [ 9.5586e-55 1.3917e-40 1.9839e-25 1.9201e-20 ] 1.0000e+00
 3.253e+01 3.2353e-09 3.2353e-09 [ 1.6024e-66 5.2497e-43 2.7221e-13 3.2350e-09 ] 1.3890e-20 [ 4.7506e-55 7.8447e-41 1.3390e-25 1.3890e-20 ] 1.0000e+00
 3.264e+01 3.0111e-09 3.0111e-09 [ 7.4224e-67 2.9236e-43 2.3324e-13 3.0109e-09 ] 1.0038e-20 [ 2.3589e-55 4.4168e-41 9.0279e-26 1.0038e-20 ] 1.0000e+00
 3.275e+01 2.8016e-09 2.8016e-09 [ 3.4351e-67 1.6260e-43 1.9968e-13 2.8014e-09 ] 7.2470e-21 [ 1.1702e-55 2.4839e-41 6.0804e-26 7.2470e-21 ] 1.0000e+00
 3.287e+01 2.6058e-09 2.6058e-09 [ 1.5884e-67 9.0310e-44 1.7079e-13 2.6056e-09 ] 5.2271e-21 [ 5.7996e-56 1.3953e-41 4.0909e-26 5.2270e-21 ] 1.0000e+00
 3.298e+01 2.4229e-09 2.4229e-09 [ 7.3380e-68 5.0093e-44 1.4595e-13 2.4228e-09 ] 3.7665e-21 [ 2.8716e-56 7.8292e-42 2.7495e-26 3.7664e-21 ] 1.0000e+00
 3.309e+01 2.2522e-09 2.2522e-09 [ 3.3870e-68 2.7748e-44 1.2462e-13 2.2521e-09 ] 2.7114e-21 [ 1.4205e-56 4.3879e-42 1.8460e-26 2.7113e-21 ] 1.0000e+00
 3.321e+01 2.0928e-09 2.0928e-09 [ 1.5619e-68 1.5350e-44 1.0630e-13 2.0927e-09 ] 1.9499e-21 [ 7.0203e-57 2.4564e-42 1.2381e-26 1.9499e-21 ] 1.0000e+00
 3.332e+01 1.9441e-09 1.9441e-09 [ 7.1961e-69 8.4796e-45 9.0590e-14 1.9440e-09 ] 1.4010e-21 [ 3.4661e-57 1.3735e-42 8.2948e-27 1.4010e-21 ] 1.0000e+00
 3.343e+01 1.8054e-09 1.8054e-09 [ 3.3124e-69 4.6780e-45 7.7130e-14 1.8053e-09 ] 1.0056e-21 [ 1.7096e-57 7.6714e-43 5.5516e-27 1.0056e-21 ] 1.0000e+00
 3.355e+01 1.6760e-09 1.6760e-09 [ 1.5233e-69 2.5773e-45 6.5606e-14 1.6759e-09 ] 7.2111e-22 [ 8.4241e-58 4.2795e-43 3.7117e-27 7.2111e-22 ] 1.0000e+00
 3.366e+01 1.5553e-09 1.5553e-09 [ 6.9988e-70 1.4179e-45 5.5750e-14 1.5552e-09 ] 5.1661e-22 [ 4.1468e-58 2.3845e-43 2.4790e-27 5.1660e-22 ] 1.0000e+00
 3.377e+01 1.4428e-09 1.4428e-09 [ 3.2125e-70 7.7903e-46 4.7328e-14 1.4428e-09 ] 3.6975e-22 [ 2.0392e-58 1.3270e-43 1.6540e-27 3.6974e-22 ] 1.0000e+00
 3.389e+01 1.3380e-09 1.3380e-09 [ 1.4732e-70 4.2742e-46 4.0138e-14 1.3380e-09 ] 2.6438e-22 [ 1.0018e-58 7.3763e-44 1.1024e-27 2.6438e-22 ] 1.0000e+00
 3.400e+01 1.2404e-09 1.2404e-09 [ 6.7492e-71 2.3417e-46 3.4006e-14 1.2403e-09 ] 1.8886e-22 [ 4.9159e-59 4.0951e-44 7.3399e-28 1.8886e-22 ] 1.0000e+00
 3.411e+01 1.1494e-09 1.1494e-09 [ 3.0890e-71 1.2812e-46 2.8781e-14 1.1494e-09 ] 1.3479e-22 [ 2.4098e-59 2.2706e-44 4.8819e-28 1.3479e-22 ] 1.0000e+00
 3.423e+01 1.0648e-09 1.0648e-09 [ 1.4124e-71 6.9996e-47 2.4333e-14 1.0648e-09 ] 9.6102e-23 [ 1.1800e-59 1.2574e-44 3.2437e-28 9.6101e-23 ] 1.0000e+00
 3.434e+01 9.8599e-10 9.8599e-10 [ 6.4516e-72 3.8187e-47 2.0550e-14 9.8596e-10 ] 6.8455e-23 [ 5.7716e-60 6.9544e-45 2.1529e-28 6.8455e-23 ] 1.0000e+00
 3.445e+01 9.1266e-10 9.1266e-10 [ 2.9439e-72 2.0803e-47 1.7337e-14 9.1264e-10 ] 4.8716e-23 [ 2.8198e-60 3.8413e-45 1.4275e-28 4.8716e-23 ] 1.0000e+00
 3.457e+01 8.4444e-10 8.4444e-10 [ 1.3420e-72 1.1316e-47 1.4610e-14 8.4443e-10 ] 3.4636e-23 [ 1.3761e-60 2.1189e-45 9.4550e-29 3.4636e-23 ] 1.0000e+00
 3.468e+01 7.8100e-10 7.8100e-10 [ 6.1109e-73 6.1468e-48 1.2298e-14 7.8099e-10 ] 2.4602e-23 [ 6.7073e-61 1.1672e-45 6.2559e-29 2.4602e-23 ] 1.0000e+00
 3.479e+01 7.2202e-10 7.2202e-10 [ 2.7798e-73 3.3338e-48 1.0340e-14 7.2201e-10 ] 1.7459e-23 [ 3.2653e-61 6.4209e-46 4.1349e-29 1.7459e-23 ] 1.0000e+00
 3.491e+01 6.6720e-10 6.6720e-10 [ 1.2631e-73 1.8055e-48 8.6830e-15 6.6719e-10 ] 1.2378e-23 [ 1.5877e-61 3.5272e-46 2.7300e-29 1.2378e-23 ] 1.0000e+00
 3.502e+01 6.1626e-10 6.1626e-10 [ 5.7331e-74 9.7627e-49 7.2831e-15 6.1625e-10 ] 8.7672e-24 [ 7.7099e-62 1.9348e-46 1.8005e-29 8.7672e-24 ] 1.0000e+00
 3.513e+01 5.6894e-10 5.6894e-10 [ 2.5993e-74 5.2709e-49 6.1013e-15 5.6893e-10 ] 6.2041e-24 [ 3.7391e-62 1.0597e-46 1.1862e-29 6.2040e-24 ] 1.0000e+00
 3.525e+01 5.2499e-10 5.2499e-10 [ 1.1771e-74 2.8413e-49 5.1049e-15 5.2498e-10 ] 4.3862e-24 [ 1.8109e-62 5.7953e-47 7.8058e-30 4.3862e-24 ] 1.0000e+00
 3.536e+01 4.8418e-10 4.8418e-10 [ 5.3244e-75 1.5292e-49 4.2658e-15 4.8418e-10 ] 3.0981e-24 [ 8.7584e-63 3.1644e-47 5.1309e-30 3.0981e-24 ] 1.0000e+00
 3.547e+01 4.4631e-10 4.4631e-10 [ 2.4055e-75 8.2168e-50 3.5598e-15 4.4630e-10 ] 2.1862e-24 [ 4.2299e-63 1.7251e-47 3.3687e-30 2.1862e-24 ] 1.0000e+00
 3.559e+01 4.1116e-10 4.1116e-10 [ 1.0854e-75 4.4079e-50 2.9667e-15 4.1115e-10 ] 1.5413e-24 [ 2.0399e-63 9.3887e-48 2.2090e-30 1.5413e-24 ] 1.0000e+00
 3.570e+01 3.7855e-10 3.7855e-10 [ 4.8917e-76 2.3606e-50 2.4689e-15 3.7855e-10 ] 1.0857e-24 [ 9.8225e-64 5.1011e-48 1.4468e-30 1.0857e-24 ] 1.0000e+00
 3.581e+01 3.4830e-10 3.4830e-10 [ 2.2016e-76 1.2621e-50 2.0517e-15 3.4830e-10 ] 7.6399e-25 [ 4.7223e-64 2.7666e-48 9.4637e-31 7.6399e-25 ] 1.0000e+00
 3.593e+01 3.2026e-10 3.2026e-10 [ 9.8957e-77 6.7358e-51 1.7025e-15 3.2026e-10 ] 5.3714e-25 [ 2.2667e-64 1.4978e-48 6.1820e-31 5.3714e-25 ] 1.0000e+00
 3.604e+01 2.9426e-10 2.9426e-10 [ 4.4417e-77 3.5885e-51 1.4106e-15 2.9426e-10 ] 3.7730e-25 [ 1.0862e-64 8.0935e-49 4.0327e-31 3.7730e-25 ] 1.0000e+00
 3.615e+01 2.7016e-10 2.7016e-10 [ 1.9908e-77 1.9083e-51 1.1669e-15 2.7016e-10 ] 2.6478e-25 [ 5.1957e-65 4.3649e-49 2.6268e-31 2.6478e-25 ] 1.0000e+00
 3.627e+01 2.4784e-10 2.4784e-10 [ 8.9100e-78 1.0129e-51 9.6373e-16 2.4783e-10 ] 1.8564e-25 [ 2.4809e-65 2.3493e-49 1.7084e-31 1.8564e-25 ] 1.0000e+00
 3.638e+01 2.2715e-10 2.2715e-10 [ 3.9816e-78 5.3657e-52 7.9458e-16 2.2715e-10 ] 1.3004e-25 [ 1.1824e-65 1.2618e-49 1.1092e-31 1.3004e-25 ] 1.0000e+00
 3.649e+01 2.0799e-10 2.0799e-10 [ 1.7764e-78 2.8368e-52 6.5397e-16 2.0799e-10 ] 9.1008e-26 [ 5.6245e-66 6.7621e-50 7.1898e-32 9.1008e-26 ] 1.0000e+00
 3.661e+01 1.9024e-10 1.9024e-10 [ 7.9122e-79 1.4967e-52 5.3726e-16 1.9024e-10 ] 6.3634e-26 [ 2.6700e-66 3.6157e-50 4.6516e-32 6.3634e-26 ] 1.0000e+00
 3.672e+01 1.7381e-10 1.7381e-10 [ 3.5180e-79 7.8799e-53 4.4053e-16 1.7381e-10 ] 4.4453e-26 [ 1.2648e-66 1.9288e-50 3.0035e-32 4.4453e-26 ] 1.0000e+00
 3.683e+01 1.5859e-10 1.5859e-10 [ 1.5614e-79 4.1394e-53 3.6050e-16 1.5859e-10 ] 3.1025e-26 [ 5.9782e-67 1.0263e-50 1.9352e-32 3.1025e-26 ] 1.0000e+00
 3.695e+01 1.4451e-10 1.4451e-10 [ 6.9166e-80 2.1694e-53 2.9438e-16 1.4451e-10 ] 2.1634e-26 [ 2.8191e-67 5.4472e-51 1.2441e-32 2.1634e-26 ] 1.0000e+00
 3.706e+01 1.3147e-10 1.3147e-10 [ 3.0577e-80 1.1343e-53 2.3986e-16 1.3147e-10 ] 1.5071e-26 [ 1.3261e-67 2.8832e-51 7.9782e-33 1.5071e-26 ] 1.0000e+00
 3.717e+01 1.1941e-10 1.1941e-10 [ 1.3488e-80 5.9153e-54 1.9498e-16 1.1941e-10 ] 1.0490e-26 [ 6.2220e-68 1.5217e-51 5.1028e-33 1.0490e-26 ] 1.0000e+00
 3.729e+01 1.0824e-10 1.0824e-10 [ 5.9367e-81 3.0766e-54 1.5811e-16 1.0824e-10 ] 7.2947e-27 [ 2.9114e-68 8.0073e-52 3.2543e-33 7.2947e-27 ] 1.0000e+00
 3.740e+01 9.7910e-11 9.7910e-11 [ 2.6066e-81 1.5957e-54 1.2786e-16 9.7910e-11 ] 5.0680e-27 [ 1.3583e-68 4.2000e-52 2.0691e-33 5.0680e-27 ] 1.0000e+00
 3.751e+01 8.8349e-11 8.8349e-11 [ 1.1415e-81 8.2517e-55 1.0311e-16 8.8348e-11 ] 3.5178e-27 [ 6.3181e-69 2.1956e-52 1.3111e-33 3.5177e-27 ] 1.0000e+00
 3.763e+01 7.9501e-11 7.9501e-11 [ 4.9847e-82 4.2535e-55 8.2899e-17 7.9501e-11 ] 2.4394e-27 [ 2.9291e-69 1.1436e-52 8.2774e-34 2.4394e-27 ] 1.0000e+00
 3.774e+01 7.1314e-11 7.1314e-11 [ 2.1702e-82 2.1850e-55 6.6427e-17 7.1314e-11 ] 1.6900e-27 [ 1.3531e-69 5.9340e-53 5.2052e-34 1.6900e-27 ] 1.0000e+00
 3.785e+01 6.3740e-11 6.3740e-11 [ 9.4174e-83 1.1183e-55 5.3035e-17 6.3740e-11 ] 1.1697e-27 [ 6.2273e-70 3.0663e-53 3.2590e-34 1.1697e-27 ] 1.0000e+00
 3.797e+01 5.6734e-11 5.6734e-11 [ 4.0718e-83 5.7010e-56 4.2173e-17 5.6734e-11 ] 8.0871e-28 [ 2.8541e-70 1.5774e-53 2.0309e-34 8.0871e-28 ] 1.0000e+00
 3.808e+01 5.0254e-11 5.0254e-11 [ 1.7535e-83 2.8936e-56 3.3386e-17 5.0254e-11 ] 5.5854e-28 [ 1.3021e-70 8.0750e-54 1.2589e-34 5.5854e-28 ] 1.0000e+00
 3.819e+01 4.4264e-11 4.4264e-11 [ 7.5181e-84 1.4616e-56 2.6298e-17 4.4264e-11 ] 3.8530e-28 [ 5.9115e-71 4.1119e-54 7.7592e-35 3.8530e-28 ] 1.0000e+00
 3.831e+01 3.8729e-11 3.8729e-11 [ 3.2074e-84 7.3434e-57 2.0595e-17 3.8729e-11 ] 2.6546e-28 [ 2.6689e-71 2.0815e-54 4.7518e-35 2.6546e-28 ] 1.0000e+00
 3.842e+01 3.3621e-11 3.3621e-11 [ 1.3606e-84 3.6674e-57 1.6023e-17 3.3621e-11 ] 1.8261e-28 [ 1.1975e-71 1.0469e-54 2.8893e-35 1.8261e-28 ] 1.0000e+00
 3.853e+01 2.8912e-11 2.8912e-11 [ 5.7350e-85 1.8191e-57 1.2368e-17 2.8912e-11 ] 1.2540e-28 [ 5.3355e-72 5.2261e-55 1.7427e-35 1.2540e-28 ] 1.0000e+00
 3.865e+01 2.4581e-11 2.4581e-11 [ 2.3992e-85 8.9526e-58 9.4576e-18 2.4581e-11 ] 8.5922e-29 [ 2.3582e-72 2.5871e-55 1.0415e-35 8.5922e-29 ] 1.0000e+00
 3.876e+01 2.0608e-11 2.0608e-11 [ 9.9492e-86 4.3656e-58 7.1493e-18 2.0608e-11 ] 5.8702e-29 [ 1.0325e-72 1.2682e-55 6.1590e-36 5.8702e-29 ] 1.0000e+00
 3.887e+01 1.6980e-11 1.6980e-11 [ 4.0825e-86 2.1057e-58 5.3270e-18 1.6980e-11 ] 3.9948e-29 [ 4.4707e-73 6.1458e-56 3.5968e-36 3.9948e-29 ] 1.0000e+00
 3.899e+01 1.3686e-11 1.3686e-11 [ 1.6536e-86 1.0022e-58 3.8963e-18 1.3686e-11 ] 2.7032e-29 [ 1.9098e-73 2.9371e-56 2.0691e-36 2.7032e-29 ] 1.0000e+00
 3.910e+01 1.0721e-11 1.0721e-11 [ 6.5901e-87 4.6913e-59 2.7808e-18 1.0721e-11 ] 1.8139e-29 [ 8.0217e-74 1.3795e-56 1.1680e-36 1.8139e-29 ] 1.0000e+00
 3.921e+01 8.0850e-12 8.0850e-12 [ 2.5713e-87 2.1487e-59 1.9190e-18 8.0850e-12 ] 1.2011e-29 [ 3.2967e-74 6.3362e-57 6.4331e-37 1.2011e-29 ] 1.0000e+00
 3.933e+01 5.7837e-12 5.7837e-12 [ 9.7468e-88 9.5508e-60 1.2622e-18 5.7837e-12 ] 7.7803e-30 [ 1.3153e-74 2.8225e-57 3.4230e-37 7.7803e-30 ] 1.0000e+00
 3.944e+01 3.8293e-12 3.8293e-12 [ 3.5410e-88 4.0585e-60 7.7190e-19 3.8293e-12 ] 4.8485e-30 [ 5.0241e-75 1.2013e-57 1.7274e-37 4.8485e-30 ] 1.0000e+00
 3.955e+01 2.2411e-12 2.2411e-12 [ 1.1988e-88 1.5965e-60 4.1884e-19 2.2411e-12 ] 2.8079e-30 [ 1.7846e-75 4.7301e-58 7.9521e-38 2.8079e-30 ] 1.0000e+00
 3.967e+01 1.0471e-12 1.0471e-12 [ 3.5077e-89 5.3375e-61 1.8136e-19 1.0471e-12 ] 1.3925e-30 [ 5.4514e-76 1.5822e-58 3.0314e-38 1.3925e-30 ] 1.0000e+00
 3.978e+01 2.8405e-13 2.8405e-13 [ 6.6045e-90 1.1075e-61 4.4630e-20 2.8405e-13 ] 4.5821e-31 [ 1.0596e-76 3.2837e-59 6.8782e-39 4.5821e-31 ] 1.0000e+00
 3.989e+01 0.0000e+00 0.0000e+00 [ 0.0000e+00 0.0000e+00 0.0000e+00 0.0000e+00 ] 0.0000e+00 [ 0.0000e+00 0.0000e+00 0.0000e+00 0.0000e+00 ] 1.0000e+00
