 0.000e+00 0.0000e+00 0.0000e+00 [ 0.0000e+00 0.0000e+00 0.0000e+00 0.0000e+00 ] 1.0000e+00
 1.133e-01 1.6531e-02 1.6531e-02 [ 1.5832e-02 1.9178e-04 3.0470e-04 2.0260e-04 ] 9.8347e-01
 2.267e-01 3.2771e-02 3.2771e-02 [ 2.9988e-02 7.6938e-04 1.2202e-03 7.9319e-04 ] 9.6723e-01
 3.400e-01 4.9143e-02 4.9143e-02 [ 4.2907e-02 1.7386e-03 2.7491e-03 1.7480e-03 ] 9.5086e-01
 4.533e-01 6.6001e-02 6.6001e-02 [ 5.4956e-02 3.1074e-03 4.8932e-03 3.0450e-03 ] 9.3400e-01
 5.667e-01 8.3630e-02 8.3630e-02 [ 6.6431e-02 4.8841e-03 7.6516e-03 4.6629e-03 ] 9.1637e-01
 6.800e-01 1.0225e-01 1.0225e-01 [ 7.7577e-02 7.0767e-03 1.1019e-02 6.5801e-03 ] 8.9775e-01
 7.933e-01 1.2203e-01 1.2203e-01 [ 8.8587e-02 9.6905e-03 1.4983e-02 8.7738e-03 ] 8.7797e-01
 9.067e-01 1.4308e-01 1.4308e-01 [ 9.9614e-02 1.2727e-02 1.9524e-02 1.1220e-02 ] 8.5692e-01
 1.020e+00 1.6546e-01 1.6546e-01 [ 1.1077e-01 1.6183e-02 2.4612e-02 1.3891e-02 ] 8.3454e-01
 1.133e+00 1.8914e-01 1.8914e-01 [ 1.2212e-01 2.0047e-02 3.0209e-02 1.6759e-02 ] 8.1086e-01
 1.247e+00 2.1406e-01 2.1406e-01 [ 1.3371e-01 2.4299e-02 3.6261e-02 1.9790e-02 ] 7.8594e-01
 1.360e+00 2.4006e-01 2.4006e-01 [ 1.4550e-01 2.8910e-02 4.2704e-02 2.2948e-02 ] 7.5994e-01
 1.473e+00 2.6694e-01 2.6694e-01 [ 1.5744e-01 3.3839e-02 4.9462e-02 2.6195e-02 ] 7.3306e-01
 1.587e+00 2.9440e-01 2.9440e-01 [ 1.6944e-01 3.9034e-02 5.6448e-02 2.9488e-02 ] 7.0559e-01
 1.700e+00 3.2212e-01 3.2212e-01 [ 1.8133e-01 4.4433e-02 6.3565e-02 3.2786e-02 ] 6.7788e-01
 1.813e+00 3.4968e-01 3.4968e-01 [ 1.9296e-01 4.9964e-02 7.0711e-02 3.6045e-02 ] 6.5032e-01
 1.927e+00 3.7666e-01 3.7666e-01 [ 2.0411e-01 5.5548e-02 7.7781e-02 3.9224e-02 ] 6.2334e-01
 2.040e+00 4.0261e-01 4.0261e-01 [ 2.1455e-01 6.1103e-02 8.4671e-02 4.2283e-02 ] 5.9739e-01
 2.153e+00 4.2709e-01 4.2709e-01 [ 2.2407e-01 6.6543e-02 9.1286e-02 4.5188e-02 ] 5.7291e-01
 2.267e+00 4.4967e-01 4.4967e-01 [ 2.3244e-01 7.1788e-02 9.7539e-02 4.7910e-02 ] 5.5033e-01
 2.380e+00 4.7000e-01 4.7000e-01 [ 2.3946e-01 7.6762e-02 1.0335e-01 5.0427e-02 ] 5.3000e-01
 2.493e+00 4.8776e-01 4.8776e-01 [ 2.4496e-01 8.1398e-02 1.0868e-01 5.2723e-02 ] 5.1224e-01
 2.607e+00 5.0271e-01 5.0271e-01 [ 2.4883e-01 8.5638e-02 1.1346e-01 5.4788e-02 ] 4.9729e-01
 2.720e+00 5.1470e-01 5.1470e-01 [ 2.5097e-01 8.9437e-02 1.1768e-01 5.6619e-02 ] 4.8530e-01
 2.833e+00 5.2364e-01 5.2364e-01 [ 2.5135e-01 9.2760e-02 1.2132e-01 5.8218e-02 ] 4.7636e-01
 2.947e+00 5.2952e-01 5.2952e-01 [ 2.4997e-01 9.5582e-02 1.2438e-01 5.9587e-02 ] 4.7048e-01
 3.060e+00 5.3238e-01 5.3238e-01 [ 2.4689e-01 9.7888e-02 1.2686e-01 6.0735e-02 ] 4.6762e-01
 3.173e+00 5.3232e-01 5.3232e-01 [ 2.4220e-01 9.9670e-02 1.2878e-01 6.1667e-02 ] 4.6768e-01
 3.287e+00 5.2948e-01 5.2948e-01 [ 2.3601e-01 1.0093e-01 1.3015e-01 6.2392e-02 ] 4.7052e-01
 3.400e+00 5.2405e-01 5.2405e-01 [ 2.2847e-01 1.0167e-01 1.3100e-01 6.2918e-02 ] 4.7595e-01
 3.513e+00 5.1625e-01 5.1625e-01 [ 2.1975e-01 1.0191e-01 1.3134e-01 6.3250e-02 ] 4.8375e-01
 3.627e+00 5.0630e-01 5.0630e-01 [ 2.1004e-01 1.0166e-01 1.3119e-01 6.3397e-02 ] 4.9370e-01
 3.740e+00 4.9446e-01 4.9446e-01 [ 1.9954e-01 1.0095e-01 1.3060e-01 6.3366e-02 ] 5.0554e-01
 3.853e+00 4.8100e-01 4.8100e-01 [ 1.8845e-01 9.9807e-02 1.2958e-01 6.3165e-02 ] 5.1900e-01
 3.967e+00 4.6620e-01 4.6620e-01 [ 1.7696e-01 9.8267e-02 1.2818e-01 6.2801e-02 ] 5.3380e-01
 4.080e+00 4.5034e-01 4.5034e-01 [ 1.6527e-01 9.6369e-02 1.2641e-01 6.2287e-02 ] 5.4966e-01
 4.193e+00 4.3369e-01 4.3369e-01 [ 1.5356e-01 9.4157e-02 1.2434e-01 6.1632e-02 ] 5.6631e-01
 4.307e+00 4.1651e-01 4.1651e-01 [ 1.4200e-01 9.1675e-02 1.2199e-01 6.0850e-02 ] 5.8349e-01
 4.420e+00 3.9905e-01 3.9905e-01 [ 1.3072e-01 8.8972e-02 1.1941e-01 5.9954e-02 ] 6.0095e-01
 4.533e+00 3.8153e-01 3.8153e-01 [ 1.1984e-01 8.6093e-02 1.1664e-01 5.8959e-02 ] 6.1847e-01
 4.647e+00 3.6414e-01 3.6414e-01 [ 1.0945e-01 8.3085e-02 1.1372e-01 5.7881e-02 ] 6.3586e-01
 4.760e+00 3.4707e-01 3.4707e-01 [ 9.9642e-02 7.9992e-02 1.1070e-01 5.6733e-02 ] 6.5293e-01
 4.873e+00 3.3044e-01 3.3044e-01 [ 9.0447e-02 7.6852e-02 1.0761e-01 5.5531e-02 ] 6.6956e-01
 4.987e+00 3.1437e-01 3.1437e-01 [ 8.1897e-02 7.3703e-02 1.0448e-01 5.4290e-02 ] 6.8563e-01
 5.100e+00 2.9895e-01 2.9895e-01 [ 7.4004e-02 7.0575e-02 1.0135e-01 5.3022e-02 ] 7.0105e-01
 5.213e+00 2.8425e-01 2.8425e-01 [ 6.6761e-02 6.7496e-02 9.8247e-02 5.1741e-02 ] 7.1575e-01
 5.327e+00 2.7029e-01 2.7029e-01 [ 6.0152e-02 6.4489e-02 9.5191e-02 5.0456e-02 ] 7.2971e-01
 5.440e+00 2.5710e-01 2.5710e-01 [ 5.4151e-02 6.1570e-02 9.2203e-02 4.9179e-02 ] 7.4290e-01
 5.553e+00 2.4469e-01 2.4469e-01 [ 4.8724e-02 5.8755e-02 8.9298e-02 4.7916e-02 ] 7.5531e-01
 5.667e+00 2.3305e-01 2.3305e-01 [ 4.3834e-02 5.6052e-02 8.6490e-02 4.6676e-02 ] 7.6695e-01
 5.780e+00 2.2216e-01 2.2216e-01 [ 3.9441e-02 5.3469e-02 8.3788e-02 4.5464e-02 ] 7.7784e-01
 5.893e+00 2.1199e-01 2.1199e-01 [ 3.5503e-02 5.1008e-02 8.1198e-02 4.4285e-02 ] 7.8801e-01
 6.007e+00 2.0252e-01 2.0252e-01 [ 3.1980e-02 4.8672e-02 7.8724e-02 4.3142e-02 ] 7.9748e-01
 6.120e+00 1.9370e-01 1.9370e-01 [ 2.8832e-02 4.6459e-02 7.6368e-02 4.2038e-02 ] 8.0630e-01
 6.233e+00 1.8549e-01 1.8549e-01 [ 2.6023e-02 4.4367e-02 7.4130e-02 4.0975e-02 ] 8.1451e-01
 6.347e+00 1.7787e-01 1.7787e-01 [ 2.3516e-02 4.2392e-02 7.2009e-02 3.9953e-02 ] 8.2213e-01
 6.460e+00 1.7078e-01 1.7078e-01 [ 2.1279e-02 4.0529e-02 7.0002e-02 3.8974e-02 ] 8.2922e-01
 6.573e+00 1.6420e-01 1.6420e-01 [ 1.9283e-02 3.8774e-02 6.8106e-02 3.8038e-02 ] 8.3580e-01
 6.687e+00 1.5808e-01 1.5808e-01 [ 1.7499e-02 3.7120e-02 6.6318e-02 3.7143e-02 ] 8.4192e-01
 6.800e+00 1.5239e-01 1.5239e-01 [ 1.5905e-02 3.5561e-02 6.4631e-02 3.6290e-02 ] 8.4761e-01
 6.913e+00 1.4709e-01 1.4709e-01 [ 1.4478e-02 3.4092e-02 6.3042e-02 3.5476e-02 ] 8.5291e-01
 7.027e+00 1.4215e-01 1.4215e-01 [ 1.3198e-02 3.2706e-02 6.1544e-02 3.4702e-02 ] 8.5785e-01
 7.140e+00 1.3754e-01 1.3754e-01 [ 1.2049e-02 3.1398e-02 6.0133e-02 3.3965e-02 ] 8.6246e-01
 7.253e+00 1.3324e-01 1.3324e-01 [ 1.1015e-02 3.0160e-02 5.8803e-02 3.3264e-02 ] 8.6676e-01
 7.367e+00 1.2922e-01 1.2922e-01 [ 1.0083e-02 2.8989e-02 5.7549e-02 3.2597e-02 ] 8.7078e-01
 7.480e+00 1.2545e-01 1.2545e-01 [ 9.2411e-03 2.7879e-02 5.6366e-02 3.1963e-02 ] 8.7455e-01
 7.593e+00 1.2191e-01 1.2191e-01 [ 8.4790e-03 2.6824e-02 5.5248e-02 3.1360e-02 ] 8.7809e-01
 7.707e+00 1.1859e-01 1.1859e-01 [ 7.7876e-03 2.5821e-02 5.4190e-02 3.0787e-02 ] 8.8141e-01
 7.820e+00 1.1545e-01 1.1545e-01 [ 7.1591e-03 2.4865e-02 5.3188e-02 3.0241e-02 ] 8.8455e-01
 7.933e+00 1.1250e-01 1.1250e-01 [ 6.5866e-03 2.3953e-02 5.2237e-02 2.9721e-02 ] 8.8750e-01
 8.047e+00 1.0970e-01 1.0970e-01 [ 6.0641e-03 2.3080e-02 5.1332e-02 2.9226e-02 ] 8.9030e-01
 8.160e+00 1.0705e-01 1.0705e-01 [ 5.5863e-03 2.2243e-02 5.0470e-02 2.8754e-02 ] 8.9295e-01
 8.273e+00 1.0454e-01 1.0454e-01 [ 5.1486e-03 2.1440e-02 4.9646e-02 2.8303e-02 ] 8.9546e-01
 8.387e+00 1.0214e-01 1.0214e-01 [ 4.7469e-03 2.0669e-02 4.8857e-02 2.7872e-02 ] 8.9786e-01
 8.500e+00 9.9862e-02 9.9862e-02 [ 4.3778e-03 1.9925e-02 4.8100e-02 2.7459e-02 ] 9.0014e-01
 8.613e+00 9.7680e-02 9.7680e-02 [ 4.0381e-03 1.9208e-02 4.7370e-02 2.7064e-02 ] 9.0232e-01
 8.727e+00 9.5591e-02 9.5591e-02 [ 3.7251e-03 1.8516e-02 4.6665e-02 2.6685e-02 ] 9.0441e-01
 8.840e+00 9.3585e-02 9.3585e-02 [ 3.4363e-03 1.7846e-02 4.5983e-02 2.6320e-02 ] 9.0642e-01
 8.953e+00 9.1655e-02 9.1655e-02 [ 3.1697e-03 1.7197e-02 4.5319e-02 2.5969e-02 ] 9.0834e-01
 9.067e+00 8.9795e-02 8.9795e-02 [ 2.9233e-03 1.6569e-02 4.4673e-02 2.5631e-02 ] 9.1020e-01
 9.180e+00 8.7998e-02 8.7998e-02 [ 2.6954e-03 1.5959e-02 4.4041e-02 2.5303e-02 ] 9.1200e-01
 9.293e+00 8.6259e-02 8.6259e-02 [ 2.4846e-03 1.5367e-02 4.3421e-02 2.4986e-02 ] 9.1374e-01
 9.407e+00 8.4572e-02 8.4572e-02 [ 2.2894e-03 1.4792e-02 4.2812e-02 2.4679e-02 ] 9.1543e-01
 9.520e+00 8.2932e-02 8.2932e-02 [ 2.1086e-03 1.4232e-02 4.2212e-02 2.4380e-02 ] 9.1707e-01
 9.633e+00 8.1337e-02 8.1337e-02 [ 1.9412e-03 1.3689e-02 4.1618e-02 2.4088e-02 ] 9.1866e-01
 9.747e+00 7.9780e-02 7.9780e-02 [ 1.7862e-03 1.3160e-02 4.1031e-02 2.3804e-02 ] 9.2022e-01
 9.860e+00 7.8260e-02 7.8260e-02 [ 1.6425e-03 1.2646e-02 4.0447e-02 2.3525e-02 ] 9.2174e-01
 9.973e+00 7.6773e-02 7.6773e-02 [ 1.5095e-03 1.2145e-02 3.9867e-02 2.3252e-02 ] 9.2323e-01
 1.009e+01 7.5316e-02 7.5316e-02 [ 1.3864e-03 1.1658e-02 3.9288e-02 2.2983e-02 ] 9.2468e-01
 1.020e+01 7.3886e-02 7.3886e-02 [ 1.2724e-03 1.1184e-02 3.8711e-02 2.2719e-02 ] 9.2611e-01
 1.031e+01 7.2482e-02 7.2482e-02 [ 1.1669e-03 1.0724e-02 3.8133e-02 2.2458e-02 ] 9.2752e-01
 1.043e+01 7.1100e-02 7.1100e-02 [ 1.0694e-03 1.0276e-02 3.7555e-02 2.2200e-02 ] 9.2890e-01
 1.054e+01 6.9740e-02 6.9740e-02 [ 9.7923e-04 9.8404e-03 3.6976e-02 2.1944e-02 ] 9.3026e-01
 1.065e+01 6.8399e-02 6.8399e-02 [ 8.9592e-04 9.4174e-03 3.6395e-02 2.1691e-02 ] 9.3160e-01
 1.077e+01 6.7076e-02 6.7076e-02 [ 8.1900e-04 9.0065e-03 3.5812e-02 2.1438e-02 ] 9.3292e-01
 1.088e+01 6.5769e-02 6.5769e-02 [ 7.4804e-04 8.6078e-03 3.5226e-02 2.1187e-02 ] 9.3423e-01
 1.099e+01 6.4479e-02 6.4479e-02 [ 6.8260e-04 8.2209e-03 3.4638e-02 2.0937e-02 ] 9.3552e-01
 1.111e+01 6.3202e-02 6.3202e-02 [ 6.2232e-04 7.8459e-03 3.4047e-02 2.0687e-02 ] 9.3680e-01
 1.122e+01 6.1939e-02 6.1939e-02 [ 5.6683e-04 7.4825e-03 3.3452e-02 2.0438e-02 ] 9.3806e-01
 1.133e+01 6.0689e-02 6.0689e-02 [ 5.1580e-04 7.1308e-03 3.2854e-02 2.0188e-02 ] 9.3931e-01
 1.145e+01 5.9451e-02 5.9451e-02 [ 4.6890e-04 6.7904e-03 3.2254e-02 1.9937e-02 ] 9.4055e-01
 1.156e+01 5.8224e-02 5.8224e-02 [ 4.2585e-04 6.4615e-03 3.1650e-02 1.9687e-02 ] 9.4178e-01
 1.167e+01 5.7008e-02 5.7008e-02 [ 3.8635e-04 6.1437e-03 3.1043e-02 1.9435e-02 ] 9.4299e-01
 1.179e+01 5.5803e-02 5.5803e-02 [ 3.5017e-04 5.8370e-03 3.0434e-02 1.9182e-02 ] 9.4420e-01
 1.190e+01 5.4609e-02 5.4609e-02 [ 3.1704e-04 5.5412e-03 2.9822e-02 1.8928e-02 ] 9.4539e-01
 1.201e+01 5.3425e-02 5.3425e-02 [ 2.8675e-04 5.2562e-03 2.9208e-02 1.8673e-02 ] 9.4658e-01
 1.213e+01 5.2251e-02 5.2251e-02 [ 2.5908e-04 4.9819e-03 2.8593e-02 1.8417e-02 ] 9.4775e-01
 1.224e+01 5.1087e-02 5.1087e-02 [ 2.3383e-04 4.7180e-03 2.7975e-02 1.8159e-02 ] 9.4891e-01
 1.235e+01 4.9932e-02 4.9932e-02 [ 2.1081e-04 4.4645e-03 2.7357e-02 1.7900e-02 ] 9.5007e-01
 1.247e+01 4.8788e-02 4.8788e-02 [ 1.8985e-04 4.2210e-03 2.6738e-02 1.7640e-02 ] 9.5121e-01
 1.258e+01 4.7654e-02 4.7654e-02 [ 1.7079e-04 3.9876e-03 2.6118e-02 1.7377e-02 ] 9.5235e-01
 1.269e+01 4.6530e-02 4.6530e-02 [ 1.5347e-04 3.7638e-03 2.5499e-02 1.7114e-02 ] 9.5347e-01
 1.281e+01 4.5416e-02 4.5416e-02 [ 1.3776e-04 3.5496e-03 2.4880e-02 1.6848e-02 ] 9.5458e-01
 1.292e+01 4.4312e-02 4.4312e-02 [ 1.2351e-04 3.3448e-03 2.4262e-02 1.6582e-02 ] 9.5569e-01
 1.303e+01 4.3220e-02 4.3220e-02 [ 1.1062e-04 3.1490e-03 2.3646e-02 1.6314e-02 ] 9.5678e-01
 1.315e+01 4.2138e-02 4.2138e-02 [ 9.8954e-05 2.9622e-03 2.3032e-02 1.6044e-02 ] 9.5786e-01
 1.326e+01 4.1067e-02 4.1067e-02 [ 8.8420e-05 2.7840e-03 2.2421e-02 1.5774e-02 ] 9.5893e-01
 1.337e+01 4.0008e-02 4.0008e-02 [ 7.8916e-05 2.6143e-03 2.1812e-02 1.5502e-02 ] 9.5999e-01
 1.349e+01 3.8960e-02 3.8960e-02 [ 7.0353e-05 2.4528e-03 2.1208e-02 1.5229e-02 ] 9.6104e-01
 1.360e+01 3.7924e-02 3.7924e-02 [ 6.2646e-05 2.2992e-03 2.0607e-02 1.4955e-02 ] 9.6208e-01
 1.371e+01 3.6901e-02 3.6901e-02 [ 5.5719e-05 2.1533e-03 2.0011e-02 1.4680e-02 ] 9.6310e-01
 1.383e+01 3.5890e-02 3.5890e-02 [ 4.9500e-05 2.0149e-03 1.9420e-02 1.4405e-02 ] 9.6411e-01
 1.394e+01 3.4892e-02 3.4892e-02 [ 4.3923e-05 1.8837e-03 1.8835e-02 1.4129e-02 ] 9.6511e-01
 1.405e+01 3.3907e-02 3.3907e-02 [ 3.8929e-05 1.7595e-03 1.8256e-02 1.3852e-02 ] 9.6609e-01
 1.417e+01 3.2935e-02 3.2935e-02 [ 3.4461e-05 1.6420e-03 1.7683e-02 1.3576e-02 ] 9.6706e-01
 1.428e+01 3.1977e-02 3.1977e-02 [ 3.0471e-05 1.5309e-03 1.7117e-02 1.3299e-02 ] 9.6802e-01
 1.439e+01 3.1034e-02 3.1034e-02 [ 2.6910e-05 1.4261e-03 1.6559e-02 1.3022e-02 ] 9.6897e-01
 1.451e+01 3.0104e-02 3.0104e-02 [ 2.3737e-05 1.3272e-03 1.6008e-02 1.2745e-02 ] 9.6990e-01
 1.462e+01 2.9190e-02 2.9190e-02 [ 2.0913e-05 1.2341e-03 1.5466e-02 1.2469e-02 ] 9.7081e-01
 1.473e+01 2.8290e-02 2.8290e-02 [ 1.8403e-05 1.1465e-03 1.4932e-02 1.2193e-02 ] 9.7171e-01
 1.485e+01 2.7405e-02 2.7405e-02 [ 1.6175e-05 1.0640e-03 1.4407e-02 1.1918e-02 ] 9.7260e-01
 1.496e+01 2.6536e-02 2.6536e-02 [ 1.4199e-05 9.8666e-04 1.3892e-02 1.1643e-02 ] 9.7346e-01
 1.507e+01 2.5682e-02 2.5682e-02 [ 1.2450e-05 9.1406e-04 1.3385e-02 1.1370e-02 ] 9.7432e-01
 1.519e+01 2.4844e-02 2.4844e-02 [ 1.0903e-05 8.4602e-04 1.2889e-02 1.1098e-02 ] 9.7516e-01
 1.530e+01 2.4022e-02 2.4022e-02 [ 9.5366e-06 7.8231e-04 1.2403e-02 1.0827e-02 ] 9.7598e-01
 1.541e+01 2.3216e-02 2.3216e-02 [ 8.3313e-06 7.2273e-04 1.1927e-02 1.0558e-02 ] 9.7678e-01
 1.553e+01 2.2427e-02 2.2427e-02 [ 7.2695e-06 6.6707e-04 1.1461e-02 1.0291e-02 ] 9.7757e-01
 1.564e+01 2.1654e-02 2.1654e-02 [ 6.3353e-06 6.1511e-04 1.1007e-02 1.0025e-02 ] 9.7835e-01
 1.575e+01 2.0897e-02 2.0897e-02 [ 5.5144e-06 5.6668e-04 1.0563e-02 9.7621e-03 ] 9.7910e-01
 1.587e+01 2.0157e-02 2.0157e-02 [ 4.7940e-06 5.2157e-04 1.0130e-02 9.5010e-03 ] 9.7984e-01
 1.598e+01 1.9434e-02 1.9434e-02 [ 4.1626e-06 4.7959e-04 9.7083e-03 9.2424e-03 ] 9.8057e-01
 1.609e+01 1.8728e-02 1.8728e-02 [ 3.6099e-06 4.4059e-04 9.2978e-03 8.9862e-03 ] 9.8127e-01
 1.621e+01 1.8039e-02 1.8039e-02 [ 3.1268e-06 4.0437e-04 8.8985e-03 8.7329e-03 ] 9.8196e-01
 1.632e+01 1.7366e-02 1.7366e-02 [ 2.7050e-06 3.7078e-04 8.5106e-03 8.4824e-03 ] 9.8263e-01
 1.643e+01 1.6711e-02 1.6711e-02 [ 2.3373e-06 3.3966e-04 8.1340e-03 8.2348e-03 ] 9.8329e-01
 1.655e+01 1.6072e-02 1.6072e-02 [ 2.0170e-06 3.1086e-04 7.7687e-03 7.9905e-03 ] 9.8393e-01
 1.666e+01 1.5450e-02 1.5450e-02 [ 1.7385e-06 2.8423e-04 7.4148e-03 7.7494e-03 ] 9.8455e-01
 1.677e+01 1.4845e-02 1.4845e-02 [ 1.4966e-06 2.5963e-04 7.0721e-03 7.5117e-03 ] 9.8516e-01
 1.689e+01 1.4256e-02 1.4256e-02 [ 1.2867e-06 2.3694e-04 6.7406e-03 7.2776e-03 ] 9.8574e-01
 1.700e+01 1.3684e-02 1.3684e-02 [ 1.1050e-06 2.1603e-04 6.4203e-03 7.0471e-03 ] 9.8632e-01
 1.711e+01 1.3129e-02 1.3129e-02 [ 9.4770e-07 1.9677e-04 6.1109e-03 6.8203e-03 ] 9.8687e-01
 1.723e+01 1.2590e-02 1.2590e-02 [ 8.1181e-07 1.7906e-04 5.8125e-03 6.5974e-03 ] 9.8741e-01
 1.734e+01 1.2067e-02 1.2067e-02 [ 6.9454e-07 1.6279e-04 5.5249e-03 6.3784e-03 ] 9.8793e-01
 1.745e+01 1.1560e-02 1.1560e-02 [ 5.9349e-07 1.4786e-04 5.2479e-03 6.1634e-03 ] 9.8844e-01
 1.757e+01 1.1069e-02 1.1069e-02 [ 5.0650e-07 1.3417e-04 4.9813e-03 5.9526e-03 ] 9.8893e-01
 1.768e+01 1.0593e-02 1.0593e-02 [ 4.3174e-07 1.2163e-04 4.7251e-03 5.7459e-03 ] 9.8941e-01
 1.779e+01 1.0133e-02 1.0133e-02 [ 3.6755e-07 1.1016e-04 4.4790e-03 5.5434e-03 ] 9.8987e-01
 1.791e+01 9.6879e-03 9.6879e-03 [ 3.1252e-07 9.9677e-05 4.2428e-03 5.3452e-03 ] 9.9031e-01
 1.802e+01 9.2580e-03 9.2580e-03 [ 2.6540e-07 9.0104e-05 4.0163e-03 5.1513e-03 ] 9.9074e-01
 1.813e+01 8.8427e-03 8.8427e-03 [ 2.2511e-07 8.1373e-05 3.7993e-03 4.9618e-03 ] 9.9116e-01
 1.825e+01 8.4419e-03 8.4419e-03 [ 1.9069e-07 7.3419e-05 3.5916e-03 4.7767e-03 ] 9.9156e-01
 1.836e+01 8.0553e-03 8.0553e-03 [ 1.6134e-07 6.6179e-05 3.3930e-03 4.5960e-03 ] 9.9194e-01
 1.847e+01 7.6827e-03 7.6827e-03 [ 1.3634e-07 5.9596e-05 3.2031e-03 4.4198e-03 ] 9.9232e-01
 1.859e+01 7.3236e-03 7.3236e-03 [ 1.1507e-07 5.3618e-05 3.0219e-03 4.2480e-03 ] 9.9268e-01
 1.870e+01 6.9780e-03 6.9780e-03 [ 9.6998e-08 4.8193e-05 2.8490e-03 4.0807e-03 ] 9.9302e-01
 1.881e+01 6.6454e-03 6.6454e-03 [ 8.1664e-08 4.3276e-05 2.6841e-03 3.9179e-03 ] 9.9335e-01
 1.893e+01 6.3256e-03 6.3256e-03 [ 6.8669e-08 3.8824e-05 2.5271e-03 3.7595e-03 ] 9.9367e-01
 1.904e+01 6.0182e-03 6.0182e-03 [ 5.7670e-08 3.4798e-05 2.3777e-03 3.6056e-03 ] 9.9398e-01
 1.915e+01 5.7230e-03 5.7230e-03 [ 4.8374e-08 3.1159e-05 2.2357e-03 3.4561e-03 ] 9.9428e-01
 1.927e+01 5.4396e-03 5.4396e-03 [ 4.0526e-08 2.7875e-05 2.1007e-03 3.3110e-03 ] 9.9456e-01
 1.938e+01 5.1678e-03 5.1678e-03 [ 3.3910e-08 2.4913e-05 1.9726e-03 3.1702e-03 ] 9.9483e-01
 1.949e+01 4.9072e-03 4.9072e-03 [ 2.8338e-08 2.2245e-05 1.8511e-03 3.0338e-03 ] 9.9509e-01
 1.961e+01 4.6574e-03 4.6574e-03 [ 2.3654e-08 1.9844e-05 1.7359e-03 2.9017e-03 ] 9.9534e-01
 1.972e+01 4.4183e-03 4.4183e-03 [ 1.9719e-08 1.7686e-05 1.6268e-03 2.7738e-03 ] 9.9558e-01
 1.983e+01 4.1894e-03 4.1894e-03 [ 1.6419e-08 1.5748e-05 1.5235e-03 2.6501e-03 ] 9.9581e-01
 1.995e+01 3.9705e-03 3.9705e-03 [ 1.3654e-08 1.4009e-05 1.4259e-03 2.5306e-03 ] 9.9603e-01
 2.006e+01 3.7613e-03 3.7613e-03 [ 1.1341e-08 1.2450e-05 1.3337e-03 2.4151e-03 ] 9.9624e-01
 2.017e+01 3.5614e-03 3.5614e-03 [ 9.4081e-09 1.1055e-05 1.2466e-03 2.3037e-03 ] 9.9644e-01
 2.029e+01 3.3705e-03 3.3705e-03 [ 7.7952e-09 9.8070e-06 1.1645e-03 2.1962e-03 ] 9.9663e-01
 2.040e+01 3.1883e-03 3.1883e-03 [ 6.4510e-09 8.6918e-06 1.0871e-03 2.0925e-03 ] 9.9681e-01
 2.051e+01 3.0145e-03 3.0145e-03 [ 5.3320e-09 7.6963e-06 1.0141e-03 1.9927e-03 ] 9.9699e-01
 2.063e+01 2.8489e-03 2.8489e-03 [ 4.4018e-09 6.8086e-06 9.4551e-04 1.8966e-03 ] 9.9715e-01
 2.074e+01 2.6912e-03 2.6912e-03 [ 3.6294e-09 6.0177e-06 8.8096e-04 1.8042e-03 ] 9.9731e-01
 2.085e+01 2.5409e-03 2.5409e-03 [ 2.9890e-09 5.3138e-06 8.2030e-04 1.7153e-03 ] 9.9746e-01
 2.097e+01 2.3980e-03 2.3980e-03 [ 2.4585e-09 4.6880e-06 7.6333e-04 1.6299e-03 ] 9.9760e-01
 2.108e+01 2.2620e-03 2.2620e-03 [ 2.0198e-09 4.1322e-06 7.0988e-04 1.5480e-03 ] 9.9774e-01
 2.119e+01 2.1328e-03 2.1328e-03 [ 1.6573e-09 3.6389e-06 6.5975e-04 1.4694e-03 ] 9.9787e-01
 2.131e+01 2.0100e-03 2.0100e-03 [ 1.3583e-09 3.2016e-06 6.1279e-04 1.3940e-03 ] 9.9799e-01
 2.142e+01 1.8934e-03 1.8934e-03 [ 1.1118e-09 2.8144e-06 5.6881e-04 1.3217e-03 ] 9.9811e-01
 2.153e+01 1.7827e-03 1.7827e-03 [ 9.0902e-10 2.4717e-06 5.2767e-04 1.2526e-03 ] 9.9822e-01
 2.165e+01 1.6778e-03 1.6778e-03 [ 7.4230e-10 2.1688e-06 4.8920e-04 1.1864e-03 ] 9.9832e-01
 2.176e+01 1.5783e-03 1.5783e-03 [ 6.0544e-10 1.9014e-06 4.5326e-04 1.1231e-03 ] 9.9842e-01
 2.187e+01 1.4840e-03 1.4840e-03 [ 4.9322e-10 1.6654e-06 4.1970e-04 1.0626e-03 ] 9.9852e-01
 2.199e+01 1.3947e-03 1.3947e-03 [ 4.0132e-10 1.4574e-06 3.8839e-04 1.0049e-03 ] 9.9861e-01
 2.210e+01 1.3102e-03 1.3102e-03 [ 3.2615e-10 1.2743e-06 3.5920e-04 9.4975e-04 ] 9.9869e-01
 2.221e+01 1.2303e-03 1.2303e-03 [ 2.6474e-10 1.1132e-06 3.3201e-04 8.9718e-04 ] 9.9877e-01
 2.233e+01 1.1547e-03 1.1547e-03 [ 2.1465e-10 9.7163e-07 3.0669e-04 8.4706e-04 ] 9.9885e-01
 2.244e+01 1.0833e-03 1.0833e-03 [ 1.7382e-10 8.4731e-07 2.8313e-04 7.9932e-04 ] 9.9892e-01
 2.255e+01 1.0158e-03 1.0158e-03 [ 1.4059e-10 7.3826e-07 2.6123e-04 7.5387e-04 ] 9.9898e-01
 2.267e+01 9.5216e-04 9.5216e-04 [ 1.1358e-10 6.4268e-07 2.4088e-04 7.1063e-04 ] 9.9905e-01
 2.278e+01 8.9207e-04 8.9207e-04 [ 9.1654e-11 5.5899e-07 2.2198e-04 6.6952e-04 ] 9.9911e-01
 2.289e+01 8.3540e-04 8.3540e-04 [ 7.3871e-11 4.8578e-07 2.0445e-04 6.3046e-04 ] 9.9916e-01
 2.301e+01 7.8198e-04 7.8198e-04 [ 5.9468e-11 4.2179e-07 1.8819e-04 5.9337e-04 ] 9.9922e-01
 2.312e+01 7.3166e-04 7.3166e-04 [ 4.7818e-11 3.6592e-07 1.7313e-04 5.5816e-04 ] 9.9927e-01
 2.323e+01 6.8427e-04 6.8427e-04 [ 3.8405e-11 3.1718e-07 1.5918e-04 5.2477e-04 ] 9.9932e-01
 2.335e+01 6.3967e-04 6.3967e-04 [ 3.0808e-11 2.7470e-07 1.4627e-04 4.9313e-04 ] 9.9936e-01
 2.346e+01 5.9771e-04 5.9771e-04 [ 2.4686e-11 2.3771e-07 1.3433e-04 4.6315e-04 ] 9.9940e-01
 2.357e+01 5.5826e-04 5.5826e-04 [ 1.9757e-11 2.0552e-07 1.2329e-04 4.3477e-04 ] 9.9944e-01
 2.369e+01 5.2119e-04 5.2119e-04 [ 1.5794e-11 1.7755e-07 1.1310e-04 4.0792e-04 ] 9.9948e-01
 2.380e+01 4.8637e-04 4.8637e-04 [ 1.2611e-11 1.5325e-07 1.0369e-04 3.8253e-04 ] 9.9951e-01
 2.391e+01 4.5367e-04 4.5367e-04 [ 1.0058e-11 1.3217e-07 9.5009e-05 3.5853e-04 ] 9.9955e-01
 2.403e+01 4.2299e-04 4.2299e-04 [ 8.0126e-12 1.1389e-07 8.7007e-05 3.3587e-04 ] 9.9958e-01
 2.414e+01 3.9422e-04 3.9422e-04 [ 6.3758e-12 9.8064e-08 7.9635e-05 3.1448e-04 ] 9.9961e-01
 2.425e+01 3.6724e-04 3.6724e-04 [ 5.0675e-12 8.4365e-08 7.2847e-05 2.9431e-04 ] 9.9963e-01
 2.437e+01 3.4196e-04 3.4196e-04 [ 4.0230e-12 7.2519e-08 6.6601e-05 2.7529e-04 ] 9.9966e-01
 2.448e+01 3.1828e-04 3.1828e-04 [ 3.1902e-12 6.2287e-08 6.0857e-05 2.5737e-04 ] 9.9968e-01
 2.459e+01 2.9612e-04 2.9612e-04 [ 2.5269e-12 5.3454e-08 5.5578e-05 2.4049e-04 ] 9.9970e-01
 2.471e+01 2.7538e-04 2.7538e-04 [ 1.9992e-12 4.5837e-08 5.0729e-05 2.2461e-04 ] 9.9972e-01
 2.482e+01 2.5599e-04 2.5599e-04 [ 1.5799e-12 3.9273e-08 4.6278e-05 2.0967e-04 ] 9.9974e-01
 2.493e+01 2.3785e-04 2.3785e-04 [ 1.2471e-12 3.3623e-08 4.2194e-05 1.9563e-04 ] 9.9976e-01
 2.505e+01 2.2091e-04 2.2091e-04 [ 9.8333e-13 2.8762e-08 3.8451e-05 1.8243e-04 ] 9.9978e-01
 2.516e+01 2.0509e-04 2.0509e-04 [ 7.7446e-13 2.4584e-08 3.5020e-05 1.7005e-04 ] 9.9979e-01
 2.527e+01 1.9032e-04 1.9032e-04 [ 6.0927e-13 2.0997e-08 3.1879e-05 1.5842e-04 ] 9.9981e-01
 2.539e+01 1.7654e-04 1.7654e-04 [ 4.7877e-13 1.7918e-08 2.9004e-05 1.4752e-04 ] 9.9982e-01
 2.550e+01 1.6369e-04 1.6369e-04 [ 3.7581e-13 1.5279e-08 2.6374e-05 1.3730e-04 ] 9.9984e-01
 2.561e+01 1.5171e-04 1.5171e-04 [ 2.9465e-13 1.3019e-08 2.3970e-05 1.2772e-04 ] 9.9985e-01
 2.573e+01 1.4055e-04 1.4055e-04 [ 2.3076e-13 1.1084e-08 2.1774e-05 1.1876e-04 ] 9.9986e-01
 2.584e+01 1.3015e-04 1.3015e-04 [ 1.8053e-13 9.4294e-09 1.9769e-05 1.1037e-04 ] 9.9987e-01
 2.595e+01 1.2047e-04 1.2047e-04 [ 1.4107e-13 8.0155e-09 1.7938e-05 1.0252e-04 ] 9.9988e-01
 2.607e+01 1.1147e-04 1.1147e-04 [ 1.1011e-13 6.8084e-09 1.6269e-05 9.5190e-05 ] 9.9989e-01
 2.618e+01 1.0309e-04 1.0309e-04 [ 8.5856e-14 5.7786e-09 1.4748e-05 8.8337e-05 ] 9.9990e-01
 2.629e+01 9.5305e-05 9.5305e-05 [ 6.6868e-14 4.9008e-09 1.3362e-05 8.1938e-05 ] 9.9990e-01
 2.641e+01 8.8070e-05 8.8070e-05 [ 5.2022e-14 4.1531e-09 1.2100e-05 7.5967e-05 ] 9.9991e-01
 2.652e+01 8.1351e-05 8.1351e-05 [ 4.0427e-14 3.5169e-09 1.0951e-05 7.0396e-05 ] 9.9992e-01
 2.663e+01 7.5113e-05 7.5113e-05 [ 3.1382e-14 2.9758e-09 9.9067e-06 6.5204e-05 ] 9.9992e-01
 2.675e+01 6.9325e-05 6.9325e-05 [ 2.4334e-14 2.5161e-09 8.9572e-06 6.0365e-05 ] 9.9993e-01
 2.686e+01 6.3956e-05 6.3956e-05 [ 1.8848e-14 2.1258e-09 8.0947e-06 5.5859e-05 ] 9.9994e-01
 2.697e+01 5.8979e-05 5.8979e-05 [ 1.4583e-14 1.7947e-09 7.3114e-06 5.1666e-05 ] 9.9994e-01
 2.709e+01 5.4366e-05 5.4366e-05 [ 1.1271e-14 1.5140e-09 6.6007e-06 4.7764e-05 ] 9.9995e-01
 2.720e+01 5.0094e-05 5.0094e-05 [ 8.7018e-15 1.2763e-09 5.9560e-06 4.4136e-05 ] 9.9995e-01
 2.731e+01 4.6138e-05 4.6138e-05 [ 6.7108e-15 1.0750e-09 5.3716e-06 4.0765e-05 ] 9.9995e-01
 2.743e+01 4.2477e-05 4.2477e-05 [ 5.1698e-15 9.0489e-10 4.8422e-06 3.7634e-05 ] 9.9996e-01
 2.754e+01 3.9091e-05 3.9091e-05 [ 3.9783e-15 7.6110e-10 4.3627e-06 3.4727e-05 ] 9.9996e-01
 2.765e+01 3.5959e-05 3.5959e-05 [ 3.0581e-15 6.3969e-10 3.9288e-06 3.2030e-05 ] 9.9996e-01
 2.777e+01 3.3066e-05 3.3066e-05 [ 2.3482e-15 5.3725e-10 3.5363e-06 2.9529e-05 ] 9.9997e-01
 2.788e+01 3.0392e-05 3.0392e-05 [ 1.8012e-15 4.5089e-10 3.1814e-06 2.7210e-05 ] 9.9997e-01
 2.799e+01 2.7923e-05 2.7923e-05 [ 1.3801e-15 3.7813e-10 2.8607e-06 2.5062e-05 ] 9.9997e-01
 2.811e+01 2.5645e-05 2.5645e-05 [ 1.0564e-15 3.1688e-10 2.5711e-06 2.3073e-05 ] 9.9997e-01
 2.822e+01 2.3542e-05 2.3542e-05 [ 8.0768e-16 2.6536e-10 2.3097e-06 2.1232e-05 ] 9.9998e-01
 2.833e+01 2.1604e-05 2.1604e-05 [ 6.1689e-16 2.2205e-10 2.0738e-06 1.9530e-05 ] 9.9998e-01
 2.845e+01 1.9816e-05 1.9816e-05 [ 4.7066e-16 1.8568e-10 1.8612e-06 1.7955e-05 ] 9.9998e-01
 2.856e+01 1.8170e-05 1.8170e-05 [ 3.5871e-16 1.5516e-10 1.6695e-06 1.6500e-05 ] 9.9998e-01
 2.867e+01 1.6653e-05 1.6653e-05 [ 2.7310e-16 1.2956e-10 1.4968e-06 1.5156e-05 ] 9.9998e-01
 2.879e+01 1.5257e-05 1.5257e-05 [ 2.0771e-16 1.0810e-10 1.3414e-06 1.3916e-05 ] 9.9998e-01
 2.890e+01 1.3972e-05 1.3972e-05 [ 1.5780e-16 9.0136e-11 1.2015e-06 1.2771e-05 ] 9.9999e-01
 2.901e+01 1.2791e-05 1.2791e-05 [ 1.1976e-16 7.5102e-11 1.0757e-06 1.1715e-05 ] 9.9999e-01
 2.913e+01 1.1704e-05 1.1704e-05 [ 9.0794e-17 6.2532e-11 9.6260e-07 1.0741e-05 ] 9.9999e-01
 2.924e+01 1.0706e-05 1.0706e-05 [ 6.8762e-17 5.2029e-11 8.6099e-07 9.8445e-06 ] 9.9999e-01
 2.935e+01 9.7883e-06 9.7883e-06 [ 5.2021e-17 4.3259e-11 7.6973e-07 9.0185e-06 ] 9.9999e-01
 2.947e+01 8.9460e-06 8.9460e-06 [ 3.9315e-17 3.5942e-11 6.8782e-07 8.2581e-06 ] 9.9999e-01
 2.958e+01 8.1729e-06 8.1729e-06 [ 2.9681e-17 2.9842e-11 6.1433e-07 7.5586e-06 ] 9.9999e-01
 2.969e+01 7.4637e-06 7.4637e-06 [ 2.2385e-17 2.4759e-11 5.4844e-07 6.9152e-06 ] 9.9999e-01
 2.981e+01 6.8133e-06 6.8133e-06 [ 1.6865e-17 2.0528e-11 4.8939e-07 6.3239e-06 ] 9.9999e-01
 2.992e+01 6.2170e-06 6.2170e-06 [ 1.2692e-17 1.7008e-11 4.3648e-07 5.7805e-06 ] 9.9999e-01
 3.003e+01 5.6707e-06 5.6707e-06 [ 9.5424e-18 1.4082e-11 3.8912e-07 5.2816e-06 ] 9.9999e-01
 3.015e+01 5.1704e-06 5.1704e-06 [ 7.1668e-18 1.1651e-11 3.4673e-07 4.8236e-06 ] 9.9999e-01
 3.026e+01 4.7123e-06 4.7123e-06 [ 5.3770e-18 9.6335e-12 3.0881e-07 4.4035e-06 ] 1.0000e+00
 3.037e+01 4.2931e-06 4.2931e-06 [ 4.0300e-18 7.9595e-12 2.7492e-07 4.0182e-06 ] 1.0000e+00
 3.049e+01 3.9096e-06 3.9096e-06 [ 3.0174e-18 6.5719e-12 2.4463e-07 3.6650e-06 ] 1.0000e+00
 3.060e+01 3.5590e-06 3.5590e-06 [ 2.2568e-18 5.4224e-12 2.1757e-07 3.3414e-06 ] 1.0000e+00
 3.071e+01 3.2386e-06 3.2386e-06 [ 1.6863e-18 4.4710e-12 1.9342e-07 3.0451e-06 ] 1.0000e+00
 3.083e+01 2.9458e-06 2.9458e-06 [ 1.2586e-18 3.6839e-12 1.7187e-07 2.7739e-06 ] 1.0000e+00
 3.094e+01 2.6784e-06 2.6784e-06 [ 9.3851e-19 3.0333e-12 1.5265e-07 2.5258e-06 ] 1.0000e+00
 3.105e+01 2.4344e-06 2.4344e-06 [ 6.9908e-19 2.4959e-12 1.3552e-07 2.2989e-06 ] 1.0000e+00
 3.117e+01 2.2117e-06 2.2117e-06 [ 5.2020e-19 2.0523e-12 1.2026e-07 2.0914e-06 ] 1.0000e+00
 3.128e+01 2.0086e-06 2.0086e-06 [ 3.8670e-19 1.6864e-12 1.0666e-07 1.9019e-06 ] 1.0000e+00
 3.139e+01 1.8234e-06 1.8234e-06 [ 2.8717e-19 1.3848e-12 9.4560e-08 1.7289e-06 ] 1.0000e+00
 3.151e+01 1.6547e-06 1.6547e-06 [ 2.1303e-19 1.1364e-12 8.3794e-08 1.5709e-06 ] 1.0000e+00
 3.162e+01 1.5010e-06 1.5010e-06 [ 1.5788e-19 9.3189e-13 7.4220e-08 1.4267e-06 ] 1.0000e+00
 3.173e+01 1.3610e-06 1.3610e-06 [ 1.1688e-19 7.6368e-13 6.5710e-08 1.2953e-06 ] 1.0000e+00
 3.185e+01 1.2336e-06 1.2336e-06 [ 8.6447e-20 6.2540e-13 5.8149e-08 1.1754e-06 ] 1.0000e+00
 3.196e+01 1.1177e-06 1.1177e-06 [ 6.3871e-20 5.1182e-13 5.1435e-08 1.0662e-06 ] 1.0000e+00
 3.207e+01 1.0123e-06 1.0123e-06 [ 4.7143e-20 4.1858e-13 4.5476e-08 9.6679e-07 ] 1.0000e+00
 3.219e+01 9.1644e-07 9.1644e-07 [ 3.4761e-20 3.4210e-13 4.0189e-08 8.7625e-07 ] 1.0000e+00
 3.230e+01 8.2936e-07 8.2936e-07 [ 2.5606e-20 2.7940e-13 3.5500e-08 7.9386e-07 ] 1.0000e+00
 3.241e+01 7.5026e-07 7.5026e-07 [ 1.8842e-20 2.2805e-13 3.1345e-08 7.1892e-07 ] 1.0000e+00
 3.253e+01 6.7845e-07 6.7845e-07 [ 1.3852e-20 1.8600e-13 2.7663e-08 6.5079e-07 ] 1.0000e+00
 3.264e+01 6.1327e-07 6.1327e-07 [ 1.0172e-20 1.5161e-13 2.4403e-08 5.8887e-07 ] 1.0000e+00
 3.275e+01 5.5414e-07 5.5414e-07 [ 7.4631e-21 1.2350e-13 2.1518e-08 5.3262e-07 ] 1.0000e+00
 3.287e+01 5.0052e-07 5.0052e-07 [ 5.4698e-21 1.0053e-13 1.8965e-08 4.8155e-07 ] 1.0000e+00
 3.298e+01 4.5191e-07 4.5191e-07 [ 4.0049e-21 8.1775e-14 1.6707e-08 4.3520e-07 ] 1.0000e+00
 3.309e+01 4.0786e-07 4.0786e-07 [ 2.9294e-21 6.6477e-14 1.4712e-08 3.9315e-07 ] 1.0000e+00
 3.321e+01 3.6797e-07 3.6797e-07 [ 2.1406e-21 5.4005e-14 1.2949e-08 3.5502e-07 ] 1.0000e+00
 3.332e+01 3.3185e-07 3.3185e-07 [ 1.5626e-21 4.3844e-14 1.1393e-08 3.2046e-07 ] 1.0000e+00
 3.343e+01 2.9916e-07 2.9916e-07 [ 1.1396e-21 3.5571e-14 1.0019e-08 2.8914e-07 ] 1.0000e+00
 3.355e+01 2.6959e-07 2.6959e-07 [ 8.3023e-22 2.8840e-14 8.8068e-09 2.6078e-07 ] 1.0000e+00
 3.366e+01 2.4285e-07 2.4285e-07 [ 6.0426e-22 2.3367e-14 7.7379e-09 2.3511e-07 ] 1.0000e+00
 3.377e+01 2.1868e-07 2.1868e-07 [ 4.3936e-22 1.8920e-14 6.7958e-09 2.1188e-07 ] 1.0000e+00
 3.389e+01 1.9683e-07 1.9683e-07 [ 3.1914e-22 1.5310e-14 5.9657e-09 1.9087e-07 ] 1.0000e+00
 3.400e+01 1.7711e-07 1.7711e-07 [ 2.3158e-22 1.2380e-14 5.2347e-09 1.7187e-07 ] 1.0000e+00
 3.411e+01 1.5929e-07 1.5929e-07 [ 1.6788e-22 1.0004e-14 4.5913e-09 1.5470e-07 ] 1.0000e+00
 3.423e+01 1.4322e-07 1.4322e-07 [ 1.2159e-22 8.0792e-15 4.0252e-09 1.3919e-07 ] 1.0000e+00
 3.434e+01 1.2872e-07 1.2872e-07 [ 8.7968e-23 6.5202e-15 3.5273e-09 1.2519e-07 ] 1.0000e+00
 3.445e+01 1.1564e-07 1.1564e-07 [ 6.3583e-23 5.2586e-15 3.0897e-09 1.1255e-07 ] 1.0000e+00
 3.457e+01 1.0385e-07 1.0385e-07 [ 4.5912e-23 4.2383e-15 2.7052e-09 1.0115e-07 ] 1.0000e+00
 3.468e+01 9.3232e-08 9.3232e-08 [ 3.3119e-23 3.4138e-15 2.3675e-09 9.0864e-08 ] 1.0000e+00
 3.479e+01 8.3665e-08 8.3665e-08 [ 2.3868e-23 2.7478e-15 2.0710e-09 8.1594e-08 ] 1.0000e+00
 3.491e+01 7.5051e-08 7.5051e-08 [ 1.7184e-23 2.2103e-15 1.8109e-09 7.3240e-08 ] 1.0000e+00
 3.502e+01 6.7299e-08 6.7299e-08 [ 1.2359e-23 1.7768e-15 1.5828e-09 6.5716e-08 ] 1.0000e+00
 3.513e+01 6.0325e-08 6.0325e-08 [ 8.8807e-24 1.4274e-15 1.3828e-09 5.8942e-08 ] 1.0000e+00
 3.525e+01 5.4053e-08 5.4053e-08 [ 6.3749e-24 1.1460e-15 1.2075e-09 5.2845e-08 ] 1.0000e+00
 3.536e+01 4.8415e-08 4.8415e-08 [ 4.5717e-24 9.1940e-16 1.0540e-09 4.7361e-08 ] 1.0000e+00
 3.547e+01 4.3349e-08 4.3349e-08 [ 3.2753e-24 7.3716e-16 9.1967e-10 4.2429e-08 ] 1.0000e+00
 3.559e+01 3.8798e-08 3.8798e-08 [ 2.3443e-24 5.9065e-16 8.0207e-10 3.7996e-08 ] 1.0000e+00
 3.570e+01 3.4712e-08 3.4712e-08 [ 1.6762e-24 4.7295e-16 6.9921e-10 3.4013e-08 ] 1.0000e+00
 3.581e+01 3.1045e-08 3.1045e-08 [ 1.1974e-24 3.7846e-16 6.0928e-10 3.0435e-08 ] 1.0000e+00
 3.593e+01 2.7755e-08 2.7755e-08 [ 8.5451e-25 3.0265e-16 5.3068e-10 2.7224e-08 ] 1.0000e+00
 3.604e+01 2.4804e-08 2.4804e-08 [ 6.0923e-25 2.4187e-16 4.6203e-10 2.4342e-08 ] 1.0000e+00
 3.615e+01 2.2158e-08 2.2158e-08 [ 4.3393e-25 1.9317e-16 4.0208e-10 2.1756e-08 ] 1.0000e+00
 3.627e+01 1.9788e-08 1.9788e-08 [ 3.0877e-25 1.5418e-16 3.4977e-10 1.9438e-08 ] 1.0000e+00
 3.638e+01 1.7664e-08 1.7664e-08 [ 2.1949e-25 1.2297e-16 3.0413e-10 1.7360e-08 ] 1.0000e+00
 3.649e+01 1.5763e-08 1.5763e-08 [ 1.5588e-25 9.8022e-17 2.6433e-10 1.5498e-08 ] 1.0000e+00
 3.661e+01 1.4061e-08 1.4061e-08 [ 1.1060e-25 7.8082e-17 2.2964e-10 1.3831e-08 ] 1.0000e+00
 3.672e+01 1.2538e-08 1.2538e-08 [ 7.8393e-26 6.2159e-17 1.9942e-10 1.2338e-08 ] 1.0000e+00
 3.683e+01 1.1176e-08 1.1176e-08 [ 5.5512e-26 4.9451e-17 1.7310e-10 1.1002e-08 ] 1.0000e+00
 3.695e+01 9.9577e-09 9.9577e-09 [ 3.9271e-26 3.9315e-17 1.5019e-10 9.8075e-09 ] 1.0000e+00
 3.706e+01 8.8693e-09 8.8693e-09 [ 2.7755e-26 3.1237e-17 1.3026e-10 8.7391e-09 ] 1.0000e+00
 3.717e+01 7.8970e-09 7.8970e-09 [ 1.9597e-26 2.4802e-17 1.1292e-10 7.7840e-09 ] 1.0000e+00
 3.729e+01 7.0286e-09 7.0286e-09 [ 1.3824e-26 1.9680e-17 9.7852e-11 6.9307e-09 ] 1.0000e+00
 3.740e+01 6.2534e-09 6.2534e-09 [ 9.7420e-27 1.5606e-17 8.4757e-11 6.1687e-09 ] 1.0000e+00
 3.751e+01 5.5617e-09 5.5617e-09 [ 6.8587e-27 1.2368e-17 7.3384e-11 5.4883e-09 ] 1.0000e+00
 3.763e+01 4.9446e-09 4.9446e-09 [ 4.8242e-27 9.7946e-18 6.3509e-11 4.8811e-09 ] 1.0000e+00
 3.774e+01 4.3945e-09 4.3945e-09 [ 3.3899e-27 7.7520e-18 5.4941e-11 4.3395e-09 ] 1.0000e+00
 3.785e+01 3.9040e-09 3.9040e-09 [ 2.3797e-27 6.1313e-18 4.7508e-11 3.8565e-09 ] 1.0000e+00
 3.797e+01 3.4671e-09 3.4671e-09 [ 1.6690e-27 4.8464e-18 4.1063e-11 3.4260e-09 ] 1.0000e+00
 3.808e+01 3.0779e-09 3.0779e-09 [ 1.1694e-27 3.8283e-18 3.5478e-11 3.0424e-09 ] 1.0000e+00
 3.819e+01 2.7314e-09 2.7314e-09 [ 8.1860e-28 3.0221e-18 3.0639e-11 2.7008e-09 ] 1.0000e+00
 3.831e+01 2.4230e-09 2.4230e-09 [ 5.7247e-28 2.3841e-18 2.6449e-11 2.3966e-09 ] 1.0000e+00
 3.842e+01 2.1487e-09 2.1487e-09 [ 3.9996e-28 1.8796e-18 2.2823e-11 2.1259e-09 ] 1.0000e+00
 3.853e+01 1.9047e-09 1.9047e-09 [ 2.7917e-28 1.4809e-18 1.9685e-11 1.8850e-09 ] 1.0000e+00
 3.865e+01 1.6878e-09 1.6878e-09 [ 1.9467e-28 1.1661e-18 1.6972e-11 1.6708e-09 ] 1.0000e+00
 3.876e+01 1.4951e-09 1.4951e-09 [ 1.3562e-28 9.1756e-19 1.4626e-11 1.4805e-09 ] 1.0000e+00
 3.887e+01 1.3239e-09 1.3239e-09 [ 9.4392e-29 7.2154e-19 1.2599e-11 1.3113e-09 ] 1.0000e+00
 3.899e+01 1.1718e-09 1.1718e-09 [ 6.5635e-29 5.6703e-19 1.0849e-11 1.1610e-09 ] 1.0000e+00
 3.910e+01 1.0369e-09 1.0369e-09 [ 4.5595e-29 4.4533e-19 9.3379e-12 1.0275e-09 ] 1.0000e+00
 3.921e+01 9.1714e-10 9.1714e-10 [ 3.1644e-29 3.4952e-19 8.0338e-12 9.0911e-10 ] 1.0000e+00
 3.933e+01 8.1094e-10 8.1094e-10 [ 2.1940e-29 2.7415e-19 6.9090e-12 8.0403e-10 ] 1.0000e+00
 3.944e+01 7.1677e-10 7.1677e-10 [ 1.5198e-29 2.1489e-19 5.9392e-12 7.1083e-10 ] 1.0000e+00
 3.955e+01 6.3330e-10 6.3330e-10 [ 1.0518e-29 1.6833e-19 5.1034e-12 6.2820e-10 ] 1.0000e+00
 3.967e+01 5.5936e-10 5.5936e-10 [ 7.2718e-30 1.3178e-19 4.3834e-12 5.5497e-10 ] 1.0000e+00
 3.978e+01 4.9387e-10 4.9387e-10 [ 5.0229e-30 1.0310e-19 3.7634e-12 4.9010e-10 ] 1.0000e+00
 3.989e+01 4.3589e-10 4.3589e-10 [ 3.4662e-30 8.0605e-20 3.2297e-12 4.3266e-10 ] 1.0000e+00
 4.001e+01 3.8457e-10 3.8457e-10 [ 2.3897e-30 6.2980e-20 2.7706e-12 3.8180e-10 ] 1.0000e+00
 4.012e+01 3.3918e-10 3.3918e-10 [ 1.6460e-30 4.9177e-20 2.3757e-12 3.3680e-10 ] 1.0000e+00
 4.023e+01 2.9904e-10 2.9904e-10 [ 1.1327e-30 3.8375e-20 2.0363e-12 2.9700e-10 ] 1.0000e+00
 4.035e+01 2.6355e-10 2.6355e-10 [ 7.7868e-31 2.9926e-20 1.7446e-12 2.6180e-10 ] 1.0000e+00
 4.046e+01 2.3219e-10 2.3219e-10 [ 5.3482e-31 2.3323e-20 1.4941e-12 2.3069e-10 ] 1.0000e+00
 4.057e+01 2.0449e-10 2.0449e-10 [ 3.6699e-31 1.8165e-20 1.2790e-12 2.0321e-10 ] 1.0000e+00
 4.069e+01 1.8003e-10 1.8003e-10 [ 2.5159e-31 1.4138e-20 1.0945e-12 1.7893e-10 ] 1.0000e+00
 4.080e+01 1.5843e-10 1.5843e-10 [ 1.7231e-31 1.0998e-20 9.3613e-13 1.5750e-10 ] 1.0000e+00
 4.091e+01 1.3938e-10 1.3938e-10 [ 1.1791e-31 8.5489e-21 8.0038e-13 1.3858e-10 ] 1.0000e+00
 4.103e+01 1.2258e-10 1.2258e-10 [ 8.0602e-32 6.6413e-21 6.8403e-13 1.2189e-10 ] 1.0000e+00
 4.114e+01 1.0776e-10 1.0776e-10 [ 5.5049e-32 5.1560e-21 5.8436e-13 1.0718e-10 ] 1.0000e+00
 4.125e+01 9.4699e-11 9.4699e-11 [ 3.7562e-32 4.0003e-21 4.9900e-13 9.4200e-11 ] 1.0000e+00
 4.137e+01 8.3192e-11 8.3192e-11 [ 2.5606e-32 3.1017e-21 4.2593e-13 8.2766e-11 ] 1.0000e+00
 4.148e+01 7.3057e-11 7.3057e-11 [ 1.7439e-32 2.4034e-21 3.6341e-13 7.2694e-11 ] 1.0000e+00
 4.159e+01 6.4134e-11 6.4134e-11 [ 1.1866e-32 1.8611e-21 3.0994e-13 6.3825e-11 ] 1.0000e+00
 4.171e+01 5.6281e-11 5.6281e-11 [ 8.0664e-33 1.4403e-21 2.6423e-13 5.6017e-11 ] 1.0000e+00
 4.182e+01 4.9372e-11 4.9372e-11 [ 5.4784e-33 1.1139e-21 2.2517e-13 4.9147e-11 ] 1.0000e+00
 4.193e+01 4.3296e-11 4.3296e-11 [ 3.7172e-33 8.6092e-22 1.9180e-13 4.3104e-11 ] 1.0000e+00
 4.205e+01 3.7954e-11 3.7954e-11 [ 2.5199e-33 6.6497e-22 1.6331e-13 3.7790e-11 ] 1.0000e+00
 4.216e+01 3.3259e-11 3.3259e-11 [ 1.7066e-33 5.1330e-22 1.3899e-13 3.3120e-11 ] 1.0000e+00
 4.227e+01 2.9134e-11 2.9134e-11 [ 1.1547e-33 3.9596e-22 1.1825e-13 2.9016e-11 ] 1.0000e+00
 4.239e+01 2.5512e-11 2.5512e-11 [ 7.8062e-34 3.0526e-22 1.0056e-13 2.5412e-11 ] 1.0000e+00
 4.250e+01 2.2333e-11 2.2333e-11 [ 5.2721e-34 2.3518e-22 8.5482e-14 2.2247e-11 ] 1.0000e+00
 4.261e+01 1.9543e-11 1.9543e-11 [ 3.5574e-34 1.8107e-22 7.2635e-14 1.9470e-11 ] 1.0000e+00
 4.273e+01 1.7095e-11 1.7095e-11 [ 2.3981e-34 1.3933e-22 6.1693e-14 1.7033e-11 ] 1.0000e+00
 4.284e+01 1.4949e-11 1.4949e-11 [ 1.6151e-34 1.0713e-22 5.2378e-14 1.4896e-11 ] 1.0000e+00
 4.295e+01 1.3067e-11 1.3067e-11 [ 1.0868e-34 8.2330e-23 4.4451e-14 1.3023e-11 ] 1.0000e+00
 4.307e+01 1.1418e-11 1.1418e-11 [ 7.3062e-35 6.3227e-23 3.7708e-14 1.1381e-11 ] 1.0000e+00
 4.318e+01 9.9741e-12 9.9741e-12 [ 4.9071e-35 4.8526e-23 3.1975e-14 9.9421e-12 ] 1.0000e+00
 4.329e+01 8.7095e-12 8.7095e-12 [ 3.2928e-35 3.7219e-23 2.7103e-14 8.6824e-12 ] 1.0000e+00
 4.341e+01 7.6025e-12 7.6025e-12 [ 2.2075e-35 2.8529e-23 2.2963e-14 7.5795e-12 ] 1.0000e+00
 4.352e+01 6.6339e-12 6.6339e-12 [ 1.4785e-35 2.1854e-23 1.9448e-14 6.6145e-12 ] 1.0000e+00
 4.363e+01 5.7867e-12 5.7867e-12 [ 9.8940e-36 1.6730e-23 1.6464e-14 5.7702e-12 ] 1.0000e+00
 4.375e+01 5.0459e-12 5.0459e-12 [ 6.6147e-36 1.2799e-23 1.3933e-14 5.0319e-12 ] 1.0000e+00
 4.386e+01 4.3984e-12 4.3984e-12 [ 4.4183e-36 9.7857e-24 1.1785e-14 4.3866e-12 ] 1.0000e+00
 4.397e+01 3.8326e-12 3.8326e-12 [ 2.9484e-36 7.4770e-24 9.9649e-15 3.8226e-12 ] 1.0000e+00
 4.409e+01 3.3384e-12 3.3384e-12 [ 1.9658e-36 5.7093e-24 8.4222e-15 3.3300e-12 ] 1.0000e+00
 4.420e+01 2.9070e-12 2.9070e-12 [ 1.3094e-36 4.3568e-24 7.1155e-15 2.8998e-12 ] 1.0000e+00
 4.431e+01 2.5304e-12 2.5304e-12 [ 8.7142e-37 3.3226e-24 6.0090e-15 2.5244e-12 ] 1.0000e+00
 4.443e+01 2.2018e-12 2.2018e-12 [ 5.7940e-37 2.5322e-24 5.0725e-15 2.1967e-12 ] 1.0000e+00
 4.454e+01 1.9152e-12 1.9152e-12 [ 3.8489e-37 1.9287e-24 4.2803e-15 1.9109e-12 ] 1.0000e+00
 4.465e+01 1.6654e-12 1.6654e-12 [ 2.5544e-37 1.4680e-24 3.6103e-15 1.6618e-12 ] 1.0000e+00
 4.477e+01 1.4476e-12 1.4476e-12 [ 1.6938e-37 1.1167e-24 3.0439e-15 1.4446e-12 ] 1.0000e+00
 4.488e+01 1.2579e-12 1.2579e-12 [ 1.1221e-37 8.4891e-25 2.5653e-15 1.2553e-12 ] 1.0000e+00
 4.499e+01 1.0926e-12 1.0926e-12 [ 7.4267e-38 6.4493e-25 2.1611e-15 1.0905e-12 ] 1.0000e+00
 4.511e+01 9.4875e-13 9.4875e-13 [ 4.9110e-38 4.8965e-25 1.8199e-15 9.4693e-13 ] 1.0000e+00
 4.522e+01 8.2354e-13 8.2354e-13 [ 3.2445e-38 3.7152e-25 1.5319e-15 8.2200e-13 ] 1.0000e+00
 4.533e+01 7.1460e-13 7.1460e-13 [ 2.1416e-38 2.8171e-25 1.2889e-15 7.1331e-13 ] 1.0000e+00
 4.545e+01 6.1986e-13 6.1986e-13 [ 1.4123e-38 2.1348e-25 1.0841e-15 6.1878e-13 ] 1.0000e+00
 4.556e+01 5.3749e-13 5.3749e-13 [ 9.3055e-39 1.6167e-25 9.1141e-16 5.3658e-13 ] 1.0000e+00
 4.567e+01 4.6591e-13 4.6591e-13 [ 6.1256e-39 1.2235e-25 7.6593e-16 4.6514e-13 ] 1.0000e+00
 4.579e+01 4.0372e-13 4.0372e-13 [ 4.0287e-39 9.2542e-26 6.4341e-16 4.0307e-13 ] 1.0000e+00
 4.590e+01 3.4970e-13 3.4970e-13 [ 2.6472e-39 6.9949e-26 5.4027e-16 3.4916e-13 ] 1.0000e+00
 4.601e+01 3.0281e-13 3.0281e-13 [ 1.7379e-39 5.2838e-26 4.5348e-16 3.0236e-13 ] 1.0000e+00
 4.613e+01 2.6212e-13 2.6212e-13 [ 1.1399e-39 3.9888e-26 3.8048e-16 2.6174e-13 ] 1.0000e+00
 4.624e+01 2.2682e-13 2.2682e-13 [ 7.4698e-40 3.0093e-26 3.1910e-16 2.2650e-13 ] 1.0000e+00
 4.635e+01 1.9620e-13 1.9620e-13 [ 4.8907e-40 2.2688e-26 2.6751e-16 1.9593e-13 ] 1.0000e+00
 4.647e+01 1.6966e-13 1.6966e-13 [ 3.1992e-40 1.7095e-26 2.2418e-16 1.6943e-13 ] 1.0000e+00
 4.658e+01 1.4665e-13 1.4665e-13 [ 2.0908e-40 1.2872e-26 1.8778e-16 1.4647e-13 ] 1.0000e+00
 4.669e+01 1.2673e-13 1.2673e-13 [ 1.3652e-40 9.6867e-27 1.5723e-16 1.2657e-13 ] 1.0000e+00
 4.681e+01 1.0947e-13 1.0947e-13 [ 8.9065e-41 7.2848e-27 1.3160e-16 1.0934e-13 ] 1.0000e+00
 4.692e+01 9.4529e-14 9.4529e-14 [ 5.8052e-41 5.4750e-27 1.1010e-16 9.4419e-14 ] 1.0000e+00
 4.703e+01 8.1599e-14 8.1599e-14 [ 3.7804e-41 4.1122e-27 9.2080e-17 8.1507e-14 ] 1.0000e+00
 4.715e+01 7.0414e-14 7.0414e-14 [ 2.4597e-41 3.0867e-27 7.6975e-17 7.0337e-14 ] 1.0000e+00
 4.726e+01 6.0741e-14 6.0741e-14 [ 1.5989e-41 2.3154e-27 6.4322e-17 6.0677e-14 ] 1.0000e+00
 4.737e+01 5.2379e-14 5.2379e-14 [ 1.0384e-41 1.7358e-27 5.3728e-17 5.2325e-14 ] 1.0000e+00
 4.749e+01 4.5152e-14 4.5152e-14 [ 6.7384e-42 1.3004e-27 4.4860e-17 4.5107e-14 ] 1.0000e+00
 4.760e+01 3.8909e-14 3.8909e-14 [ 4.3686e-42 9.7366e-28 3.7441e-17 3.8872e-14 ] 1.0000e+00
 4.771e+01 3.3518e-14 3.3518e-14 [ 2.8297e-42 7.2853e-28 3.1236e-17 3.3487e-14 ] 1.0000e+00
 4.783e+01 2.8864e-14 2.8864e-14 [ 1.8313e-42 5.4477e-28 2.6049e-17 2.8838e-14 ] 1.0000e+00
 4.794e+01 2.4847e-14 2.4847e-14 [ 1.1841e-42 4.0711e-28 2.1714e-17 2.4826e-14 ] 1.0000e+00
 4.805e+01 2.1382e-14 2.1382e-14 [ 7.6495e-43 3.0404e-28 1.8094e-17 2.1364e-14 ] 1.0000e+00
 4.817e+01 1.8394e-14 1.8394e-14 [ 4.9374e-43 2.2692e-28 1.5071e-17 1.8379e-14 ] 1.0000e+00
 4.828e+01 1.5818e-14 1.5818e-14 [ 3.1840e-43 1.6925e-28 1.2548e-17 1.5806e-14 ] 1.0000e+00
 4.839e+01 1.3599e-14 1.3599e-14 [ 2.0515e-43 1.2616e-28 1.0443e-17 1.3588e-14 ] 1.0000e+00
 4.851e+01 1.1686e-14 1.1686e-14 [ 1.3206e-43 9.3983e-29 8.6879e-18 1.1678e-14 ] 1.0000e+00
 4.862e+01 1.0039e-14 1.0039e-14 [ 8.4937e-44 6.9968e-29 7.2248e-18 1.0032e-14 ] 1.0000e+00
 4.873e+01 8.6216e-15 8.6216e-15 [ 5.4581e-44 5.2056e-29 6.0056e-18 8.6156e-15 ] 1.0000e+00
 4.885e+01 7.4016e-15 7.4016e-15 [ 3.5043e-44 3.8705e-29 4.9902e-18 7.3966e-15 ] 1.0000e+00
 4.896e+01 6.3520e-15 6.3520e-15 [ 2.2479e-44 2.8760e-29 4.1447e-18 6.3479e-15 ] 1.0000e+00
 4.907e+01 5.4494e-15 5.4494e-15 [ 1.4407e-44 2.1357e-29 3.4412e-18 5.4460e-15 ] 1.0000e+00
 4.919e+01 4.6734e-15 4.6734e-15 [ 9.2258e-45 1.5849e-29 2.8559e-18 4.6706e-15 ] 1.0000e+00
 4.930e+01 4.0066e-15 4.0066e-15 [ 5.9026e-45 1.1755e-29 2.3692e-18 4.0042e-15 ] 1.0000e+00
 4.941e+01 3.4338e-15 3.4338e-15 [ 3.7731e-45 8.7125e-30 1.9646e-18 3.4318e-15 ] 1.0000e+00
 4.953e+01 2.9418e-15 2.9418e-15 [ 2.4098e-45 6.4535e-30 1.6285e-18 2.9402e-15 ] 1.0000e+00
 4.964e+01 2.5195e-15 2.5195e-15 [ 1.5377e-45 4.7772e-30 1.3494e-18 2.5181e-15 ] 1.0000e+00
 4.975e+01 2.1570e-15 2.1570e-15 [ 9.8038e-46 3.5341e-30 1.1176e-18 2.1559e-15 ] 1.0000e+00
 4.987e+01 1.8461e-15 1.8461e-15 [ 6.2451e-46 2.6129e-30 9.2528e-19 1.8452e-15 ] 1.0000e+00
 4.998e+01 1.5795e-15 1.5795e-15 [ 3.9747e-46 1.9305e-30 7.6575e-19 1.5787e-15 ] 1.0000e+00
 5.009e+01 1.3509e-15 1.3509e-15 [ 2.5275e-46 1.4255e-30 6.3346e-19 1.3502e-15 ] 1.0000e+00
 5.021e+01 1.1550e-15 1.1550e-15 [ 1.6058e-46 1.0519e-30 5.2382e-19 1.1544e-15 ] 1.0000e+00
 5.032e+01 9.8713e-16 9.8713e-16 [ 1.0194e-46 7.7574e-31 4.3299e-19 9.8669e-16 ] 1.0000e+00
 5.043e+01 8.4340e-16 8.4340e-16 [ 6.4652e-47 5.7171e-31 3.5776e-19 8.4304e-16 ] 1.0000e+00
 5.055e+01 7.2035e-16 7.2035e-16 [ 4.0970e-47 4.2109e-31 2.9548e-19 7.2006e-16 ] 1.0000e+00
 5.066e+01 6.1505e-16 6.1505e-16 [ 2.5940e-47 3.0995e-31 2.4395e-19 6.1480e-16 ] 1.0000e+00
 5.077e+01 5.2496e-16 5.2496e-16 [ 1.6410e-47 2.2800e-31 2.0132e-19 5.2476e-16 ] 1.0000e+00
 5.089e+01 4.4791e-16 4.4791e-16 [ 1.0372e-47 1.6761e-31 1.6607e-19 4.4775e-16 ] 1.0000e+00
 5.100e+01 3.8205e-16 3.8205e-16 [ 6.5498e-48 1.2314e-31 1.3694e-19 3.8191e-16 ] 1.0000e+00
 5.111e+01 3.2575e-16 3.2575e-16 [ 4.1327e-48 9.0415e-32 1.1288e-19 3.2564e-16 ] 1.0000e+00
 5.123e+01 2.7766e-16 2.7766e-16 [ 2.6054e-48 6.6343e-32 9.3005e-20 2.7757e-16 ] 1.0000e+00
 5.134e+01 2.3659e-16 2.3659e-16 [ 1.6411e-48 4.8649e-32 7.6600e-20 2.3651e-16 ] 1.0000e+00
 5.145e+01 2.0153e-16 2.0153e-16 [ 1.0328e-48 3.5652e-32 6.3063e-20 2.0146e-16 ] 1.0000e+00
 5.157e+01 1.7160e-16 1.7160e-16 [ 6.4943e-49 2.6111e-32 5.1898e-20 1.7155e-16 ] 1.0000e+00
 5.168e+01 1.4607e-16 1.4607e-16 [ 4.0802e-49 1.9111e-32 4.2692e-20 1.4602e-16 ] 1.0000e+00
 5.179e+01 1.2429e-16 1.2429e-16 [ 2.5612e-49 1.3979e-32 3.5105e-20 1.2426e-16 ] 1.0000e+00
 5.191e+01 1.0573e-16 1.0573e-16 [ 1.6064e-49 1.0219e-32 2.8855e-20 1.0570e-16 ] 1.0000e+00
 5.202e+01 8.9905e-17 8.9905e-17 [ 1.0067e-49 7.4652e-33 2.3708e-20 8.9881e-17 ] 1.0000e+00
 5.213e+01 7.6425e-17 7.6425e-17 [ 6.3030e-50 5.4503e-33 1.9472e-20 7.6405e-17 ] 1.0000e+00
 5.225e+01 6.4944e-17 6.4944e-17 [ 3.9431e-50 3.9767e-33 1.5986e-20 6.4928e-17 ] 1.0000e+00
 5.236e+01 5.5169e-17 5.5169e-17 [ 2.4647e-50 2.8997e-33 1.3119e-20 5.5156e-17 ] 1.0000e+00
 5.247e+01 4.6849e-17 4.6849e-17 [ 1.5393e-50 2.1130e-33 1.0762e-20 4.6839e-17 ] 1.0000e+00
 5.259e+01 3.9771e-17 3.9771e-17 [ 9.6051e-51 1.5388e-33 8.8244e-21 3.9762e-17 ] 1.0000e+00
 5.270e+01 3.3751e-17 3.3751e-17 [ 5.9886e-51 1.1200e-33 7.2331e-21 3.3743e-17 ] 1.0000e+00
 5.281e+01 2.8632e-17 2.8632e-17 [ 3.7306e-51 8.1461e-34 5.9263e-21 2.8626e-17 ] 1.0000e+00
 5.293e+01 2.4281e-17 2.4281e-17 [ 2.3220e-51 5.9214e-34 4.8537e-21 2.4277e-17 ] 1.0000e+00
 5.304e+01 2.0585e-17 2.0585e-17 [ 1.4440e-51 4.3015e-34 3.9736e-21 2.0581e-17 ] 1.0000e+00
 5.315e+01 1.7445e-17 1.7445e-17 [ 8.9728e-52 3.1228e-34 3.2519e-21 1.7442e-17 ] 1.0000e+00
 5.327e+01 1.4780e-17 1.4780e-17 [ 5.5708e-52 2.2657e-34 2.6601e-21 1.4777e-17 ] 1.0000e+00
 5.338e+01 1.2517e-17 1.2517e-17 [ 3.4557e-52 1.6428e-34 2.1752e-21 1.2515e-17 ] 1.0000e+00
 5.349e+01 1.0597e-17 1.0597e-17 [ 2.1419e-52 1.1904e-34 1.7779e-21 1.0595e-17 ] 1.0000e+00
 5.361e+01 8.9689e-18 8.9689e-18 [ 1.3264e-52 8.6208e-35 1.4527e-21 8.9674e-18 ] 1.0000e+00
 5.372e+01 7.5882e-18 7.5882e-18 [ 8.2076e-53 6.2391e-35 1.1864e-21 7.5870e-18 ] 1.0000e+00
 5.383e+01 6.4178e-18 6.4178e-18 [ 5.0744e-53 4.5125e-35 9.6860e-22 6.4169e-18 ] 1.0000e+00
 5.395e+01 5.4262e-18 5.4262e-18 [ 3.1346e-53 3.2617e-35 7.9044e-22 5.4254e-18 ] 1.0000e+00
 5.406e+01 4.5862e-18 4.5862e-18 [ 1.9348e-53 2.3562e-35 6.4480e-22 4.5856e-18 ] 1.0000e+00
 5.417e+01 3.8750e-18 3.8750e-18 [ 1.1932e-53 1.7010e-35 5.2579e-22 3.8745e-18 ] 1.0000e+00
 5.429e+01 3.2729e-18 3.2729e-18 [ 7.3523e-54 1.2272e-35 4.2857e-22 3.2725e-18 ] 1.0000e+00
 5.440e+01 2.7635e-18 2.7635e-18 [ 4.5266e-54 8.8482e-36 3.4918e-22 2.7632e-18 ] 1.0000e+00
 5.451e+01 2.3326e-18 2.3326e-18 [ 2.7847e-54 6.3758e-36 2.8439e-22 2.3323e-18 ] 1.0000e+00
 5.463e+01 1.9682e-18 1.9682e-18 [ 1.7116e-54 4.5913e-36 2.3153e-22 1.9680e-18 ] 1.0000e+00
 5.474e+01 1.6602e-18 1.6602e-18 [ 1.0512e-54 3.3042e-36 1.8842e-22 1.6600e-18 ] 1.0000e+00
 5.485e+01 1.3999e-18 1.3999e-18 [ 6.4506e-55 2.3765e-36 1.5327e-22 1.3997e-18 ] 1.0000e+00
 5.497e+01 1.1800e-18 1.1800e-18 [ 3.9551e-55 1.7082e-36 1.2464e-22 1.1799e-18 ] 1.0000e+00
 5.508e+01 9.9433e-19 9.9433e-19 [ 2.4230e-55 1.2270e-36 1.0131e-22 9.9423e-19 ] 1.0000e+00
 5.519e+01 8.3760e-19 8.3760e-19 [ 1.4832e-55 8.8086e-37 8.2312e-23 8.3751e-19 ] 1.0000e+00
 5.531e+01 7.0533e-19 7.0533e-19 [ 9.0716e-56 6.3196e-37 6.6852e-23 7.0526e-19 ] 1.0000e+00
 5.542e+01 5.9375e-19 5.9375e-19 [ 5.5438e-56 4.5311e-37 5.4275e-23 5.9369e-19 ] 1.0000e+00
 5.553e+01 4.9965e-19 4.9965e-19 [ 3.3852e-56 3.2467e-37 4.4046e-23 4.9961e-19 ] 1.0000e+00
 5.565e+01 4.2033e-19 4.2033e-19 [ 2.0654e-56 2.3250e-37 3.5730e-23 4.2029e-19 ] 1.0000e+00
 5.576e+01 3.5348e-19 3.5348e-19 [ 1.2591e-56 1.6639e-37 2.8973e-23 3.5345e-19 ] 1.0000e+00
 5.587e+01 2.9716e-19 2.9716e-19 [ 7.6694e-57 1.1900e-37 2.3485e-23 2.9714e-19 ] 1.0000e+00
 5.599e+01 2.4973e-19 2.4973e-19 [ 4.6678e-57 8.5060e-38 1.9028e-23 2.4971e-19 ] 1.0000e+00
 5.610e+01 2.0980e-19 2.0980e-19 [ 2.8386e-57 6.0761e-38 1.5411e-23 2.0979e-19 ] 1.0000e+00
 5.621e+01 1.7620e-19 1.7620e-19 [ 1.7248e-57 4.3376e-38 1.2477e-23 1.7619e-19 ] 1.0000e+00
 5.633e+01 1.4793e-19 1.4793e-19 [ 1.0472e-57 3.0946e-38 1.0097e-23 1.4792e-19 ] 1.0000e+00
 5.644e+01 1.2415e-19 1.2415e-19 [ 6.3529e-58 2.2065e-38 8.1684e-24 1.2414e-19 ] 1.0000e+00
 5.655e+01 1.0416e-19 1.0416e-19 [ 3.8508e-58 1.5722e-38 6.6053e-24 1.0416e-19 ] 1.0000e+00
 5.667e+01 8.7363e-20 8.7363e-20 [ 2.3323e-58 1.1196e-38 5.3391e-24 8.7358e-20 ] 1.0000e+00
 5.678e+01 7.3248e-20 7.3248e-20 [ 1.4115e-58 7.9680e-39 4.3140e-24 7.3243e-20 ] 1.0000e+00
 5.689e+01 6.1393e-20 6.1393e-20 [ 8.5349e-59 5.6671e-39 3.4843e-24 6.1389e-20 ] 1.0000e+00
 5.701e+01 5.1439e-20 5.1439e-20 [ 5.1568e-59 4.0281e-39 2.8130e-24 5.1436e-20 ] 1.0000e+00
 5.712e+01 4.3085e-20 4.3085e-20 [ 3.1132e-59 2.8614e-39 2.2702e-24 4.3083e-20 ] 1.0000e+00
 5.723e+01 3.6076e-20 3.6076e-20 [ 1.8780e-59 2.0314e-39 1.8314e-24 3.6074e-20 ] 1.0000e+00
 5.735e+01 3.0197e-20 3.0197e-20 [ 1.1319e-59 1.4412e-39 1.4768e-24 3.0195e-20 ] 1.0000e+00
 5.746e+01 2.5267e-20 2.5267e-20 [ 6.8171e-60 1.0219e-39 1.1904e-24 2.5266e-20 ] 1.0000e+00
 5.757e+01 2.1135e-20 2.1135e-20 [ 4.1024e-60 7.2411e-40 9.5917e-25 2.1134e-20 ] 1.0000e+00
 5.769e+01 1.7673e-20 1.7673e-20 [ 2.4667e-60 5.1279e-40 7.7255e-25 1.7672e-20 ] 1.0000e+00
 5.780e+01 1.4773e-20 1.4773e-20 [ 1.4820e-60 3.6291e-40 6.2199e-25 1.4773e-20 ] 1.0000e+00
 5.791e+01 1.2345e-20 1.2345e-20 [ 8.8972e-61 2.5669e-40 5.0057e-25 1.2345e-20 ] 1.0000e+00
 5.803e+01 1.0313e-20 1.0313e-20 [ 5.3371e-61 1.8144e-40 4.0269e-25 1.0312e-20 ] 1.0000e+00
 5.814e+01 8.6119e-21 8.6119e-21 [ 3.1989e-61 1.2817e-40 3.2383e-25 8.6116e-21 ] 1.0000e+00
 5.825e+01 7.1893e-21 7.1893e-21 [ 1.9158e-61 9.0489e-41 2.6030e-25 7.1890e-21 ] 1.0000e+00
 5.837e+01 5.9997e-21 5.9997e-21 [ 1.1465e-61 6.3845e-41 2.0916e-25 5.9994e-21 ] 1.0000e+00
 5.848e+01 5.0052e-21 5.0052e-21 [ 6.8555e-62 4.5018e-41 1.6799e-25 5.0050e-21 ] 1.0000e+00
 5.859e+01 4.1742e-21 4.1742e-21 [ 4.0960e-62 3.1723e-41 1.3488e-25 4.1741e-21 ] 1.0000e+00
 5.871e+01 3.4800e-21 3.4800e-21 [ 2.4454e-62 2.2341e-41 1.0825e-25 3.4799e-21 ] 1.0000e+00
 5.882e+01 2.9003e-21 2.9003e-21 [ 1.4588e-62 1.5724e-41 8.6841e-26 2.9002e-21 ] 1.0000e+00
 5.893e+01 2.4164e-21 2.4164e-21 [ 8.6951e-63 1.1060e-41 6.9640e-26 2.4163e-21 ] 1.0000e+00
 5.905e+01 2.0125e-21 2.0125e-21 [ 5.1788e-63 7.7748e-42 5.5824e-26 2.0124e-21 ] 1.0000e+00
 5.916e+01 1.6756e-21 1.6756e-21 [ 3.0821e-63 5.4619e-42 4.4731e-26 1.6755e-21 ] 1.0000e+00
 5.927e+01 1.3946e-21 1.3946e-21 [ 1.8328e-63 3.8348e-42 3.5828e-26 1.3946e-21 ] 1.0000e+00
 5.939e+01 1.1603e-21 1.1603e-21 [ 1.0890e-63 2.6907e-42 2.8686e-26 1.1603e-21 ] 1.0000e+00
 5.950e+01 9.6513e-22 9.6513e-22 [ 6.4660e-64 1.8868e-42 2.2958e-26 9.6510e-22 ] 1.0000e+00
 5.961e+01 8.0248e-22 8.0248e-22 [ 3.8361e-64 1.3223e-42 1.8367e-26 8.0246e-22 ] 1.0000e+00
 5.973e+01 6.6703e-22 6.6703e-22 [ 2.2741e-64 9.2608e-43 1.4688e-26 6.6701e-22 ] 1.0000e+00
 5.984e+01 5.5425e-22 5.5425e-22 [ 1.3470e-64 6.4820e-43 1.1742e-26 5.5424e-22 ] 1.0000e+00
 5.995e+01 4.6039e-22 4.6039e-22 [ 7.9728e-65 4.5343e-43 9.3823e-27 4.6038e-22 ] 1.0000e+00
 6.007e+01 3.8230e-22 3.8230e-22 [ 4.7153e-65 3.1698e-43 7.4941e-27 3.8229e-22 ] 1.0000e+00
 6.018e+01 3.1735e-22 3.1735e-22 [ 2.7866e-65 2.2146e-43 5.9836e-27 3.1734e-22 ] 1.0000e+00
 6.029e+01 2.6334e-22 2.6334e-22 [ 1.6455e-65 1.5463e-43 4.7756e-27 2.6334e-22 ] 1.0000e+00
 6.041e+01 2.1846e-22 2.1846e-22 [ 9.7093e-66 1.0790e-43 3.8100e-27 2.1845e-22 ] 1.0000e+00
 6.052e+01 1.8116e-22 1.8116e-22 [ 5.7246e-66 7.5249e-44 3.0384e-27 1.8116e-22 ] 1.0000e+00
 6.063e+01 1.5018e-22 1.5018e-22 [ 3.3726e-66 5.2445e-44 2.4222e-27 1.5018e-22 ] 1.0000e+00
 6.075e+01 1.2446e-22 1.2446e-22 [ 1.9854e-66 3.6529e-44 1.9301e-27 1.2446e-22 ] 1.0000e+00
 6.086e+01 1.0311e-22 1.0311e-22 [ 1.1679e-66 2.5428e-44 1.5374e-27 1.0311e-22 ] 1.0000e+00
 6.097e+01 8.5392e-23 8.5392e-23 [ 6.8646e-67 1.7690e-44 1.2241e-27 8.5391e-23 ] 1.0000e+00
 6.109e+01 7.0697e-23 7.0697e-23 [ 4.0318e-67 1.2299e-44 9.7431e-28 7.0696e-23 ] 1.0000e+00
 6.120e+01 5.8511e-23 5.8511e-23 [ 2.3662e-67 8.5456e-45 7.7516e-28 5.8510e-23 ] 1.0000e+00
 6.131e+01 4.8409e-23 4.8409e-23 [ 1.3876e-67 5.9341e-45 6.1647e-28 4.8408e-23 ] 1.0000e+00
 6.143e+01 4.0038e-23 4.0038e-23 [ 8.1313e-68 4.1182e-45 4.9008e-28 4.0038e-23 ] 1.0000e+00
 6.154e+01 3.3104e-23 3.3104e-23 [ 4.7612e-68 2.8562e-45 3.8944e-28 3.3104e-23 ] 1.0000e+00
 6.165e+01 2.7362e-23 2.7362e-23 [ 2.7857e-68 1.9797e-45 3.0935e-28 2.7361e-23 ] 1.0000e+00
 6.177e+01 2.2608e-23 2.2608e-23 [ 1.6287e-68 1.3714e-45 2.4563e-28 2.2607e-23 ] 1.0000e+00
 6.188e+01 1.8674e-23 1.8674e-23 [ 9.5149e-69 9.4942e-46 1.9496e-28 1.8674e-23 ] 1.0000e+00
 6.199e+01 1.5419e-23 1.5419e-23 [ 5.5544e-69 6.5688e-46 1.5468e-28 1.5419e-23 ] 1.0000e+00
 6.211e+01 1.2728e-23 1.2728e-23 [ 3.2400e-69 4.5420e-46 1.2268e-28 1.2727e-23 ] 1.0000e+00
 6.222e+01 1.0502e-23 1.0502e-23 [ 1.8886e-69 3.1387e-46 9.7254e-29 1.0502e-23 ] 1.0000e+00
 6.233e+01 8.6634e-24 8.6634e-24 [ 1.1000e-69 2.1676e-46 7.7070e-29 8.6633e-24 ] 1.0000e+00
 6.245e+01 7.1440e-24 7.1440e-24 [ 6.4019e-70 1.4961e-46 6.1051e-29 7.1440e-24 ] 1.0000e+00
 6.256e+01 5.8892e-24 5.8892e-24 [ 3.7231e-70 1.0320e-46 4.8342e-29 5.8891e-24 ] 1.0000e+00
 6.267e+01 4.8531e-24 4.8531e-24 [ 2.1636e-70 7.1141e-47 3.8264e-29 4.8531e-24 ] 1.0000e+00
 6.279e+01 3.9980e-24 3.9980e-24 [ 1.2564e-70 4.9012e-47 3.0275e-29 3.9980e-24 ] 1.0000e+00
 6.290e+01 3.2925e-24 3.2925e-24 [ 7.2904e-71 3.3746e-47 2.3944e-29 3.2925e-24 ] 1.0000e+00
 6.301e+01 2.7106e-24 2.7106e-24 [ 4.2271e-71 2.3221e-47 1.8930e-29 2.7106e-24 ] 1.0000e+00
 6.313e+01 2.2308e-24 2.2308e-24 [ 2.4492e-71 1.5969e-47 1.4960e-29 2.2308e-24 ] 1.0000e+00
 6.324e+01 1.8353e-24 1.8353e-24 [ 1.4180e-71 1.0975e-47 1.1818e-29 1.8353e-24 ] 1.0000e+00
 6.335e+01 1.5095e-24 1.5095e-24 [ 8.2034e-72 7.5384e-48 9.3317e-30 1.5094e-24 ] 1.0000e+00
 6.347e+01 1.2410e-24 1.2410e-24 [ 4.7424e-72 5.1748e-48 7.3658e-30 1.2410e-24 ] 1.0000e+00
 6.358e+01 1.0200e-24 1.0200e-24 [ 2.7396e-72 3.5501e-48 5.8118e-30 1.0200e-24 ] 1.0000e+00
 6.369e+01 8.3808e-25 8.3808e-25 [ 1.5814e-72 2.4340e-48 4.5839e-30 8.3807e-25 ] 1.0000e+00
 6.381e+01 6.8836e-25 6.8836e-25 [ 9.1218e-73 1.6678e-48 3.6139e-30 6.8836e-25 ] 1.0000e+00
 6.392e+01 5.6521e-25 5.6521e-25 [ 5.2577e-73 1.1421e-48 2.8481e-30 5.6521e-25 ] 1.0000e+00
 6.403e+01 4.6394e-25 4.6394e-25 [ 3.0283e-73 7.8163e-49 2.2437e-30 4.6393e-25 ] 1.0000e+00
 6.415e+01 3.8068e-25 3.8068e-25 [ 1.7429e-73 5.3461e-49 1.7668e-30 3.8068e-25 ] 1.0000e+00
 6.426e+01 3.1227e-25 3.1227e-25 [ 1.0024e-73 3.6544e-49 1.3908e-30 3.1226e-25 ] 1.0000e+00
 6.437e+01 2.5606e-25 2.5606e-25 [ 5.7606e-74 2.4965e-49 1.0943e-30 2.5606e-25 ] 1.0000e+00
 6.449e+01 2.0990e-25 2.0990e-25 [ 3.3082e-74 1.7044e-49 8.6073e-31 2.0990e-25 ] 1.0000e+00
 6.460e+01 1.7201e-25 1.7201e-25 [ 1.8984e-74 1.1630e-49 6.7673e-31 1.7201e-25 ] 1.0000e+00
 6.471e+01 1.4091e-25 1.4091e-25 [ 1.0886e-74 7.9306e-50 5.3186e-31 1.4091e-25 ] 1.0000e+00
 6.483e+01 1.1539e-25 1.1539e-25 [ 6.2381e-75 5.4048e-50 4.1783e-31 1.1539e-25 ] 1.0000e+00
 6.494e+01 9.4469e-26 9.4469e-26 [ 3.5720e-75 3.6812e-50 3.2812e-31 9.4469e-26 ] 1.0000e+00
 6.505e+01 7.7312e-26 7.7312e-26 [ 2.0438e-75 2.5057e-50 2.5757e-31 7.7312e-26 ] 1.0000e+00
 6.517e+01 6.3251e-26 6.3251e-26 [ 1.1686e-75 1.7046e-50 2.0211e-31 6.3251e-26 ] 1.0000e+00
 6.528e+01 5.1730e-26 5.1730e-26 [ 6.6769e-76 1.1589e-50 1.5853e-31 5.1730e-26 ] 1.0000e+00
 6.539e+01 4.2293e-26 4.2293e-26 [ 3.8121e-76 7.8745e-51 1.2430e-31 4.2293e-26 ] 1.0000e+00
 6.551e+01 3.4567e-26 3.4567e-26 [ 2.1749e-76 5.3472e-51 9.7419e-32 3.4567e-26 ] 1.0000e+00
 6.562e+01 2.8243e-26 2.8243e-26 [ 1.2400e-76 3.6289e-51 7.6322e-32 2.8242e-26 ] 1.0000e+00
 6.573e+01 2.3068e-26 2.3068e-26 [ 7.0643e-77 2.4613e-51 5.9771e-32 2.3068e-26 ] 1.0000e+00
 6.585e+01 1.8835e-26 1.8835e-26 [ 4.0217e-77 1.6684e-51 4.6790e-32 1.8835e-26 ] 1.0000e+00
 6.596e+01 1.5374e-26 1.5374e-26 [ 2.2879e-77 1.1302e-51 3.6614e-32 1.5374e-26 ] 1.0000e+00
 6.607e+01 1.2545e-26 1.2545e-26 [ 1.3006e-77 7.6520e-52 2.8640e-32 1.2545e-26 ] 1.0000e+00
 6.619e+01 1.0233e-26 1.0233e-26 [ 7.3887e-78 5.1776e-52 2.2394e-32 1.0233e-26 ] 1.0000e+00
 6.630e+01 8.3440e-27 8.3440e-27 [ 4.1944e-78 3.5012e-52 1.7503e-32 8.3440e-27 ] 1.0000e+00
 6.641e+01 6.8017e-27 6.8017e-27 [ 2.3793e-78 2.3662e-52 1.3675e-32 6.8017e-27 ] 1.0000e+00
 6.653e+01 5.5427e-27 5.5427e-27 [ 1.3487e-78 1.5982e-52 1.0680e-32 5.5427e-27 ] 1.0000e+00
 6.664e+01 4.5153e-27 4.5153e-27 [ 7.6401e-79 1.0788e-52 8.3373e-33 4.5152e-27 ] 1.0000e+00
 6.675e+01 3.6770e-27 3.6770e-27 [ 4.3248e-79 7.2778e-53 6.5062e-33 3.6770e-27 ] 1.0000e+00
 6.687e+01 2.9935e-27 2.9935e-27 [ 2.4463e-79 4.9068e-53 5.0752e-33 2.9935e-27 ] 1.0000e+00
 6.698e+01 2.4362e-27 2.4362e-27 [ 1.3828e-79 3.3063e-53 3.9574e-33 2.4361e-27 ] 1.0000e+00
 6.709e+01 1.9820e-27 1.9820e-27 [ 7.8109e-80 2.2265e-53 3.0846e-33 1.9820e-27 ] 1.0000e+00
 6.721e+01 1.6119e-27 1.6119e-27 [ 4.4090e-80 1.4985e-53 2.4033e-33 1.6119e-27 ] 1.0000e+00
 6.732e+01 1.3105e-27 1.3105e-27 [ 2.4869e-80 1.0079e-53 1.8718e-33 1.3105e-27 ] 1.0000e+00
 6.743e+01 1.0651e-27 1.0651e-27 [ 1.4018e-80 6.7751e-54 1.4572e-33 1.0651e-27 ] 1.0000e+00
 6.755e+01 8.6541e-28 8.6541e-28 [ 7.8959e-81 4.5517e-54 1.1340e-33 8.6541e-28 ] 1.0000e+00
 6.766e+01 7.0291e-28 7.0291e-28 [ 4.4444e-81 3.0561e-54 8.8218e-34 7.0291e-28 ] 1.0000e+00
 6.777e+01 5.7073e-28 5.7073e-28 [ 2.4999e-81 2.0507e-54 6.8599e-34 5.7073e-28 ] 1.0000e+00
 6.789e+01 4.6326e-28 4.6326e-28 [ 1.4052e-81 1.3752e-54 5.3322e-34 4.6326e-28 ] 1.0000e+00
 6.800e+01 3.7590e-28 3.7590e-28 [ 7.8929e-82 9.2173e-55 4.1431e-34 3.7590e-28 ] 1.0000e+00
 6.811e+01 3.0491e-28 3.0491e-28 [ 4.4303e-82 6.1740e-55 3.2179e-34 3.0491e-28 ] 1.0000e+00
 6.823e+01 2.4725e-28 2.4725e-28 [ 2.4850e-82 4.1331e-55 2.4983e-34 2.4725e-28 ] 1.0000e+00
 6.834e+01 2.0043e-28 2.0043e-28 [ 1.3929e-82 2.7652e-55 1.9389e-34 2.0043e-28 ] 1.0000e+00
 6.845e+01 1.6242e-28 1.6242e-28 [ 7.8024e-83 1.8490e-55 1.5042e-34 1.6242e-28 ] 1.0000e+00
 6.857e+01 1.3157e-28 1.3157e-28 [ 4.3674e-83 1.2356e-55 1.1664e-34 1.3157e-28 ] 1.0000e+00
 6.868e+01 1.0655e-28 1.0655e-28 [ 2.4430e-83 8.2518e-56 9.0418e-35 1.0655e-28 ] 1.0000e+00
 6.879e+01 8.6261e-29 8.6261e-29 [ 1.3656e-83 5.5078e-56 7.0061e-35 8.6261e-29 ] 1.0000e+00
 6.891e+01 6.9811e-29 6.9811e-29 [ 7.6281e-84 3.6741e-56 5.4267e-35 6.9811e-29 ] 1.0000e+00
 6.902e+01 5.6479e-29 5.6479e-29 [ 4.2581e-84 2.4494e-56 4.2016e-35 5.6479e-29 ] 1.0000e+00
 6.913e+01 4.5679e-29 4.5679e-29 [ 2.3753e-84 1.6320e-56 3.2518e-35 4.5679e-29 ] 1.0000e+00
 6.925e+01 3.6931e-29 3.6931e-29 [ 1.3241e-84 1.0867e-56 2.5158e-35 3.6931e-29 ] 1.0000e+00
 6.936e+01 2.9849e-29 2.9849e-29 [ 7.3762e-85 7.2323e-57 1.9455e-35 2.9849e-29 ] 1.0000e+00
 6.947e+01 2.4117e-29 2.4117e-29 [ 4.1063e-85 4.8103e-57 1.5040e-35 2.4117e-29 ] 1.0000e+00
 6.959e+01 1.9480e-29 1.9480e-29 [ 2.2844e-85 3.1975e-57 1.1622e-35 1.9480e-29 ] 1.0000e+00
 6.970e+01 1.5729e-29 1.5729e-29 [ 1.2699e-85 2.1242e-57 8.9770e-36 1.5729e-29 ] 1.0000e+00
 6.981e+01 1.2696e-29 1.2696e-29 [ 7.0552e-86 1.4104e-57 6.9314e-36 1.2696e-29 ] 1.0000e+00
 6.993e+01 1.0245e-29 1.0245e-29 [ 3.9169e-86 9.3585e-58 5.3498e-36 1.0245e-29 ] 1.0000e+00
 7.004e+01 8.2638e-30 8.2638e-30 [ 2.1731e-86 6.2062e-58 4.1275e-36 8.2638e-30 ] 1.0000e+00
 7.015e+01 6.6638e-30 6.6638e-30 [ 1.2048e-86 4.1133e-58 3.1832e-36 6.6638e-30 ] 1.0000e+00
 7.027e+01 5.3718e-30 5.3718e-30 [ 6.6754e-87 2.7246e-58 2.4540e-36 5.3718e-30 ] 1.0000e+00
 7.038e+01 4.3289e-30 4.3289e-30 [ 3.6960e-87 1.8037e-58 1.8911e-36 4.3289e-30 ] 1.0000e+00
 7.049e+01 3.4874e-30 3.4874e-30 [ 2.0450e-87 1.1934e-58 1.4567e-36 3.4874e-30 ] 1.0000e+00
 7.061e+01 2.8085e-30 2.8085e-30 [ 1.1308e-87 7.8908e-59 1.1217e-36 2.8085e-30 ] 1.0000e+00
 7.072e+01 2.2610e-30 2.2610e-30 [ 6.2483e-88 5.2146e-59 8.6337e-37 2.2610e-30 ] 1.0000e+00
 7.083e+01 1.8197e-30 1.8197e-30 [ 3.4503e-88 3.4440e-59 6.6429e-37 1.8197e-30 ] 1.0000e+00
 7.095e+01 1.4640e-30 1.4640e-30 [ 1.9040e-88 2.2733e-59 5.1091e-37 1.4640e-30 ] 1.0000e+00
 7.106e+01 1.1775e-30 1.1775e-30 [ 1.0500e-88 1.4997e-59 3.9279e-37 1.1775e-30 ] 1.0000e+00
 7.117e+01 9.4670e-31 9.4670e-31 [ 5.7863e-89 9.8874e-60 3.0186e-37 9.4670e-31 ] 1.0000e+00
 7.129e+01 7.6091e-31 7.6091e-31 [ 3.1867e-89 6.5150e-60 2.3189e-37 7.6091e-31 ] 1.0000e+00
 7.140e+01 6.1138e-31 6.1138e-31 [ 1.7538e-89 4.2904e-60 1.7807e-37 6.1138e-31 ] 1.0000e+00
 7.151e+01 4.9108e-31 4.9108e-31 [ 9.6461e-90 2.8237e-60 1.3668e-37 4.9108e-31 ] 1.0000e+00
 7.163e+01 3.9432e-31 3.9432e-31 [ 5.3018e-90 1.8574e-60 1.0488e-37 3.9432e-31 ] 1.0000e+00
 7.174e+01 3.1652e-31 3.1652e-31 [ 2.9122e-90 1.2210e-60 8.0440e-38 3.1652e-31 ] 1.0000e+00
 7.185e+01 2.5399e-31 2.5399e-31 [ 1.5985e-90 8.0223e-61 6.1673e-38 2.5399e-31 ] 1.0000e+00
 7.197e+01 2.0374e-31 2.0374e-31 [ 8.7687e-91 5.2677e-61 4.7266e-38 2.0374e-31 ] 1.0000e+00
 7.208e+01 1.6338e-31 1.6338e-31 [ 4.8069e-91 3.4569e-61 3.6210e-38 1.6338e-31 ] 1.0000e+00
 7.219e+01 1.3098e-31 1.3098e-31 [ 2.6334e-91 2.2673e-61 2.7730e-38 1.3098e-31 ] 1.0000e+00
 7.231e+01 1.0496e-31 1.0496e-31 [ 1.4417e-91 1.4862e-61 2.1227e-38 1.0496e-31 ] 1.0000e+00
 7.242e+01 8.4089e-32 8.4089e-32 [ 7.8879e-92 9.7361e-62 1.6243e-38 8.4089e-32 ] 1.0000e+00
 7.253e+01 6.7344e-32 6.7344e-32 [ 4.3128e-92 6.3746e-62 1.2424e-38 6.7344e-32 ] 1.0000e+00
 7.265e+01 5.3916e-32 5.3916e-32 [ 2.3565e-92 4.1712e-62 9.4995e-39 5.3916e-32 ] 1.0000e+00
 7.276e+01 4.3151e-32 4.3151e-32 [ 1.2868e-92 2.7279e-62 7.2605e-39 4.3151e-32 ] 1.0000e+00
 7.287e+01 3.4524e-32 3.4524e-32 [ 7.0219e-93 1.7829e-62 5.5470e-39 3.4524e-32 ] 1.0000e+00
 7.299e+01 2.7613e-32 2.7613e-32 [ 3.8293e-93 1.1647e-62 4.2363e-39 2.7613e-32 ] 1.0000e+00
 7.310e+01 2.2078e-32 2.2078e-32 [ 2.0870e-93 7.6035e-63 3.2340e-39 2.2078e-32 ] 1.0000e+00
 7.321e+01 1.7647e-32 1.7647e-32 [ 1.1366e-93 4.9610e-63 2.4679e-39 1.7647e-32 ] 1.0000e+00
 7.333e+01 1.4101e-32 1.4101e-32 [ 6.1866e-94 3.2351e-63 1.8825e-39 1.4101e-32 ] 1.0000e+00
 7.344e+01 1.1263e-32 1.1263e-32 [ 3.3651e-94 2.1084e-63 1.4354e-39 1.1263e-32 ] 1.0000e+00
 7.355e+01 8.9939e-33 8.9939e-33 [ 1.8292e-94 1.3733e-63 1.0941e-39 8.9939e-33 ] 1.0000e+00
 7.367e+01 7.1794e-33 7.1794e-33 [ 9.9372e-95 8.9397e-64 8.3360e-40 7.1794e-33 ] 1.0000e+00
 7.378e+01 5.7291e-33 5.7291e-33 [ 5.3949e-95 5.8162e-64 6.3488e-40 5.7291e-33 ] 1.0000e+00
 7.389e+01 4.5703e-33 4.5703e-33 [ 2.9270e-95 3.7818e-64 4.8335e-40 4.5703e-33 ] 1.0000e+00
 7.401e+01 3.6447e-33 3.6447e-33 [ 1.5870e-95 2.4576e-64 3.6783e-40 3.6447e-33 ] 1.0000e+00
 7.412e+01 2.9056e-33 2.9056e-33 [ 8.5994e-96 1.5962e-64 2.7982e-40 2.9056e-33 ] 1.0000e+00
 7.423e+01 2.3156e-33 2.3156e-33 [ 4.6567e-96 1.0361e-64 2.1278e-40 2.3156e-33 ] 1.0000e+00
 7.435e+01 1.8449e-33 1.8449e-33 [ 2.5201e-96 6.7216e-65 1.6174e-40 1.8449e-33 ] 1.0000e+00
 7.446e+01 1.4693e-33 1.4693e-33 [ 1.3629e-96 4.3581e-65 1.2290e-40 1.4693e-33 ] 1.0000e+00
 7.457e+01 1.1698e-33 1.1698e-33 [ 7.3664e-97 2.8240e-65 9.3343e-41 1.1698e-33 ] 1.0000e+00
 7.469e+01 9.3107e-34 9.3107e-34 [ 3.9789e-97 1.8289e-65 7.0870e-41 9.3107e-34 ] 1.0000e+00
 7.480e+01 7.4081e-34 7.4081e-34 [ 2.1479e-97 1.1838e-65 5.3786e-41 7.4081e-34 ] 1.0000e+00
 7.491e+01 5.8924e-34 5.8924e-34 [ 1.1587e-97 7.6578e-66 4.0804e-41 5.8924e-34 ] 1.0000e+00
 7.503e+01 4.6852e-34 4.6852e-34 [ 6.2469e-98 4.9509e-66 3.0944e-41 4.6852e-34 ] 1.0000e+00
 7.514e+01 3.7242e-34 3.7242e-34 [ 3.3658e-98 3.1991e-66 2.3457e-41 3.7242e-34 ] 1.0000e+00
 7.525e+01 2.9593e-34 2.9593e-34 [ 1.8123e-98 2.0659e-66 1.7775e-41 2.9593e-34 ] 1.0000e+00
 7.537e+01 2.3507e-34 2.3507e-34 [ 9.7524e-99 1.3334e-66 1.3464e-41 2.3507e-34 ] 1.0000e+00
 7.548e+01 1.8667e-34 1.8667e-34 [ 5.2447e-99 8.6010e-67 1.0194e-41 1.8667e-34 ] 1.0000e+00
 7.559e+01 1.4819e-34 1.4819e-34 [ 2.8187e-99 5.5449e-67 7.7157e-42 1.4819e-34 ] 1.0000e+00
 7.571e+01 1.1760e-34 1.1760e-34 [ 1.5140e-99 3.5727e-67 5.8375e-42 1.1760e-34 ] 1.0000e+00
 7.582e+01 9.3294e-35 9.3294e-35 [ 8.1269e-100 2.3007e-67 4.4148e-42 9.3294e-35 ] 1.0000e+00
 7.593e+01 7.3988e-35 7.3988e-35 [ 4.3597e-100 1.4807e-67 3.3375e-42 7.3988e-35 ] 1.0000e+00
 7.605e+01 5.8658e-35 5.8658e-35 [ 2.3373e-100 9.5242e-68 2.5221e-42 5.8658e-35 ] 1.0000e+00
 7.616e+01 4.6490e-35 4.6490e-35 [ 1.2523e-100 6.1228e-68 1.9052e-42 4.6490e-35 ] 1.0000e+00
 7.627e+01 3.6833e-35 3.6833e-35 [ 6.7056e-101 3.9339e-68 1.4386e-42 3.6833e-35 ] 1.0000e+00
 7.639e+01 2.9173e-35 2.9173e-35 [ 3.5884e-101 2.5261e-68 1.0859e-42 2.9173e-35 ] 1.0000e+00
 7.650e+01 2.3098e-35 2.3098e-35 [ 1.9191e-101 1.6212e-68 8.1930e-43 2.3098e-35 ] 1.0000e+00
 7.661e+01 1.8283e-35 1.8283e-35 [ 1.0257e-101 1.0398e-68 6.1793e-43 1.8283e-35 ] 1.0000e+00
 7.673e+01 1.4466e-35 1.4466e-35 [ 5.4788e-102 6.6659e-69 4.6587e-43 1.4466e-35 ] 1.0000e+00
 7.684e+01 1.1443e-35 1.1443e-35 [ 2.9247e-102 4.2708e-69 3.5110e-43 1.1443e-35 ] 1.0000e+00
 7.695e+01 9.0484e-36 9.0484e-36 [ 1.5603e-102 2.7347e-69 2.6449e-43 9.0484e-36 ] 1.0000e+00
 7.707e+01 7.1527e-36 7.1527e-36 [ 8.3194e-103 1.7501e-69 1.9918e-43 7.1527e-36 ] 1.0000e+00
 7.718e+01 5.6522e-36 5.6522e-36 [ 4.4330e-103 1.1194e-69 1.4993e-43 5.6522e-36 ] 1.0000e+00
 7.729e+01 4.4651e-36 4.4651e-36 [ 2.3607e-103 7.1557e-70 1.1282e-43 4.4651e-36 ] 1.0000e+00
 7.741e+01 3.5262e-36 3.5262e-36 [ 1.2564e-103 4.5717e-70 8.4856e-44 3.5262e-36 ] 1.0000e+00
 7.752e+01 2.7837e-36 2.7837e-36 [ 6.6826e-104 2.9192e-70 6.3801e-44 2.7837e-36 ] 1.0000e+00
 7.763e+01 2.1969e-36 2.1969e-36 [ 3.5522e-104 1.8629e-70 4.7951e-44 2.1969e-36 ] 1.0000e+00
 7.775e+01 1.7333e-36 1.7333e-36 [ 1.8871e-104 1.1882e-70 3.6025e-44 1.7333e-36 ] 1.0000e+00
 7.786e+01 1.3670e-36 1.3670e-36 [ 1.0019e-104 7.5744e-71 2.7055e-44 1.3670e-36 ] 1.0000e+00
 7.797e+01 1.0778e-36 1.0778e-36 [ 5.3163e-105 4.8257e-71 2.0310e-44 1.0778e-36 ] 1.0000e+00
 7.809e+01 8.4948e-37 8.4948e-37 [ 2.8192e-105 3.0727e-71 1.5241e-44 8.4948e-37 ] 1.0000e+00
 7.820e+01 6.6932e-37 6.6932e-37 [ 1.4941e-105 1.9555e-71 1.1432e-44 6.6932e-37 ] 1.0000e+00
 7.831e+01 5.2720e-37 5.2720e-37 [ 7.9138e-106 1.2437e-71 8.5724e-45 5.2720e-37 ] 1.0000e+00
 7.843e+01 4.1512e-37 4.1512e-37 [ 4.1891e-106 7.9063e-72 6.4253e-45 4.1512e-37 ] 1.0000e+00
 7.854e+01 3.2676e-37 3.2676e-37 [ 2.2162e-106 5.0231e-72 4.8141e-45 3.2676e-37 ] 1.0000e+00
 7.865e+01 2.5713e-37 2.5713e-37 [ 1.1717e-106 3.1895e-72 3.6055e-45 2.5713e-37 ] 1.0000e+00
 7.877e+01 2.0227e-37 2.0227e-37 [ 6.1916e-107 2.0241e-72 2.6993e-45 2.0227e-37 ] 1.0000e+00
 7.888e+01 1.5906e-37 1.5906e-37 [ 3.2697e-107 1.2838e-72 2.0201e-45 1.5906e-37 ] 1.0000e+00
 7.899e+01 1.2504e-37 1.2504e-37 [ 1.7257e-107 8.1384e-73 1.5112e-45 1.2504e-37 ] 1.0000e+00
 7.911e+01 9.8265e-38 9.8265e-38 [ 9.1027e-108 5.1562e-73 1.1301e-45 9.8265e-38 ] 1.0000e+00
 7.922e+01 7.7199e-38 7.7199e-38 [ 4.7986e-108 3.2650e-73 8.4472e-46 7.7199e-38 ] 1.0000e+00
 7.933e+01 6.0629e-38 6.0629e-38 [ 2.5282e-108 2.0663e-73 6.3118e-46 6.0629e-38 ] 1.0000e+00
 7.945e+01 4.7600e-38 4.7600e-38 [ 1.3312e-108 1.3069e-73 4.7144e-46 4.7600e-38 ] 1.0000e+00
 7.956e+01 3.7359e-38 3.7359e-38 [ 7.0052e-109 8.2619e-74 3.5199e-46 3.7359e-38 ] 1.0000e+00
 7.967e+01 2.9312e-38 2.9312e-38 [ 3.6843e-109 5.2199e-74 2.6271e-46 2.9312e-38 ] 1.0000e+00
 7.979e+01 2.2990e-38 2.2990e-38 [ 1.9365e-109 3.2962e-74 1.9599e-46 2.2990e-38 ] 1.0000e+00
 7.990e+01 1.8026e-38 1.8026e-38 [ 1.0173e-109 2.0803e-74 1.4616e-46 1.8026e-38 ] 1.0000e+00
 8.001e+01 1.4130e-38 1.4130e-38 [ 5.3410e-110 1.3121e-74 1.0896e-46 1.4130e-38 ] 1.0000e+00
 8.013e+01 1.1072e-38 1.1072e-38 [ 2.8025e-110 8.2720e-75 8.1195e-47 1.1072e-38 ] 1.0000e+00
 8.024e+01 8.6727e-39 8.6727e-39 [ 1.4696e-110 5.2119e-75 6.0482e-47 8.6727e-39 ] 1.0000e+00
 8.035e+01 6.7913e-39 6.7913e-39 [ 7.7024e-111 3.2820e-75 4.5035e-47 6.7913e-39 ] 1.0000e+00
 8.047e+01 5.3163e-39 5.3163e-39 [ 4.0346e-111 2.0656e-75 3.3520e-47 5.3163e-39 ] 1.0000e+00
 8.058e+01 4.1603e-39 4.1603e-39 [ 2.1121e-111 1.2993e-75 2.4940e-47 4.1603e-39 ] 1.0000e+00
 8.069e+01 3.2547e-39 3.2547e-39 [ 1.1051e-111 8.1687e-76 1.8549e-47 3.2547e-39 ] 1.0000e+00
 8.081e+01 2.5453e-39 2.5453e-39 [ 5.7783e-112 5.1327e-76 1.3790e-47 2.5453e-39 ] 1.0000e+00
 8.092e+01 1.9899e-39 1.9899e-39 [ 3.0198e-112 3.2233e-76 1.0248e-47 1.9899e-39 ] 1.0000e+00
 8.103e+01 1.5552e-39 1.5552e-39 [ 1.5772e-112 2.0231e-76 7.6132e-48 1.5552e-39 ] 1.0000e+00
 8.115e+01 1.2151e-39 1.2151e-39 [ 8.2332e-113 1.2691e-76 5.6535e-48 1.2151e-39 ] 1.0000e+00
 8.126e+01 9.4901e-40 9.4901e-40 [ 4.2953e-113 7.9566e-77 4.1966e-48 9.4901e-40 ] 1.0000e+00
 8.137e+01 7.4098e-40 7.4098e-40 [ 2.2396e-113 4.9858e-77 3.1139e-48 7.4098e-40 ] 1.0000e+00
 8.149e+01 5.7835e-40 5.7835e-40 [ 1.1671e-113 3.1225e-77 2.3097e-48 5.7835e-40 ] 1.0000e+00
 8.160e+01 4.5128e-40 4.5128e-40 [ 6.0785e-114 1.9544e-77 1.7125e-48 4.5128e-40 ] 1.0000e+00
 8.171e+01 3.5201e-40 3.5201e-40 [ 3.1640e-114 1.2227e-77 1.2692e-48 3.5201e-40 ] 1.0000e+00
 8.183e+01 2.7449e-40 2.7449e-40 [ 1.6460e-114 7.6448e-78 9.4030e-49 2.7449e-40 ] 1.0000e+00
 8.194e+01 2.1397e-40 2.1397e-40 [ 8.5582e-115 4.7773e-78 6.9637e-49 2.1397e-40 ] 1.0000e+00
 8.205e+01 1.6674e-40 1.6674e-40 [ 4.4472e-115 2.9837e-78 5.1551e-49 1.6674e-40 ] 1.0000e+00
 8.217e+01 1.2989e-40 1.2989e-40 [ 2.3097e-115 1.8625e-78 3.8148e-49 1.2989e-40 ] 1.0000e+00
 8.228e+01 1.0115e-40 1.0115e-40 [ 1.1988e-115 1.1620e-78 2.8219e-49 1.0115e-40 ] 1.0000e+00
 8.239e+01 7.8749e-41 7.8749e-41 [ 6.2192e-116 7.2456e-79 2.0866e-49 7.8749e-41 ] 1.0000e+00
 8.251e+01 6.1287e-41 6.1287e-41 [ 3.2245e-116 4.5155e-79 1.5423e-49 6.1287e-41 ] 1.0000e+00
 8.262e+01 4.7681e-41 4.7681e-41 [ 1.6709e-116 2.8126e-79 1.1395e-49 4.7681e-41 ] 1.0000e+00
 8.273e+01 3.7084e-41 3.7084e-41 [ 8.6536e-117 1.7509e-79 8.4164e-50 3.7084e-41 ] 1.0000e+00
 8.285e+01 2.8833e-41 2.8833e-41 [ 4.4792e-117 1.0894e-79 6.2138e-50 2.8833e-41 ] 1.0000e+00
 8.296e+01 2.2410e-41 2.2410e-41 [ 2.3172e-117 6.7747e-80 4.5858e-50 2.2410e-41 ] 1.0000e+00
 8.307e+01 1.7413e-41 1.7413e-41 [ 1.1981e-117 4.2106e-80 3.3830e-50 1.7413e-41 ] 1.0000e+00
 8.319e+01 1.3525e-41 1.3525e-41 [ 6.1909e-118 2.6156e-80 2.4948e-50 1.3525e-41 ] 1.0000e+00
 8.330e+01 1.0502e-41 1.0502e-41 [ 3.1973e-118 1.6239e-80 1.8390e-50 1.0502e-41 ] 1.0000e+00
 8.341e+01 8.1524e-42 8.1524e-42 [ 1.6504e-118 1.0076e-80 1.3551e-50 8.1524e-42 ] 1.0000e+00
 8.353e+01 6.3262e-42 6.3262e-42 [ 8.5141e-119 6.2491e-81 9.9814e-51 6.3262e-42 ] 1.0000e+00
 8.364e+01 4.9075e-42 4.9075e-42 [ 4.3898e-119 3.8734e-81 7.3493e-51 4.9075e-42 ] 1.0000e+00
 8.375e+01 3.8057e-42 3.8057e-42 [ 2.2622e-119 2.3996e-81 5.4092e-51 3.8057e-42 ] 1.0000e+00
 8.387e+01 2.9503e-42 2.9503e-42 [ 1.1651e-119 1.4858e-81 3.9797e-51 2.9503e-42 ] 1.0000e+00
 8.398e+01 2.2864e-42 2.2864e-42 [ 5.9972e-120 9.1946e-82 2.9269e-51 2.2864e-42 ] 1.0000e+00
 8.409e+01 1.7714e-42 1.7714e-42 [ 3.0853e-120 5.6869e-82 2.1517e-51 1.7714e-42 ] 1.0000e+00
 8.421e+01 1.3719e-42 1.3719e-42 [ 1.5864e-120 3.5155e-82 1.5812e-51 1.3719e-42 ] 1.0000e+00
 8.432e+01 1.0622e-42 1.0622e-42 [ 8.1525e-121 2.1720e-82 1.1616e-51 1.0622e-42 ] 1.0000e+00
 8.443e+01 8.2211e-43 8.2211e-43 [ 4.1872e-121 1.3412e-82 8.5296e-52 8.2211e-43 ] 1.0000e+00
 8.455e+01 6.3609e-43 6.3609e-43 [ 2.1494e-121 8.2777e-83 6.2610e-52 6.3609e-43 ] 1.0000e+00
 8.466e+01 4.9201e-43 4.9201e-43 [ 1.1028e-121 5.1060e-83 4.5940e-52 4.9201e-43 ] 1.0000e+00
 8.477e+01 3.8044e-43 3.8044e-43 [ 5.6545e-122 3.1479e-83 3.3695e-52 3.8044e-43 ] 1.0000e+00
 8.489e+01 2.9407e-43 2.9407e-43 [ 2.8979e-122 1.9397e-83 2.4705e-52 2.9407e-43 ] 1.0000e+00
 8.500e+01 2.2724e-43 2.2724e-43 [ 1.4843e-122 1.1945e-83 1.8106e-52 2.2724e-43 ] 1.0000e+00
 8.511e+01 1.7554e-43 1.7554e-43 [ 7.5984e-123 7.3526e-84 1.3265e-52 1.7554e-43 ] 1.0000e+00
 8.523e+01 1.3556e-43 1.3556e-43 [ 3.8876e-123 4.5232e-84 9.7142e-53 1.3556e-43 ] 1.0000e+00
 8.534e+01 1.0465e-43 1.0465e-43 [ 1.9880e-123 2.7811e-84 7.1113e-53 1.0465e-43 ] 1.0000e+00
 8.545e+01 8.0760e-44 8.0760e-44 [ 1.0160e-123 1.7090e-84 5.2039e-53 8.0760e-44 ] 1.0000e+00
 8.557e+01 6.2305e-44 6.2305e-44 [ 5.1897e-124 1.0497e-84 3.8066e-53 6.2305e-44 ] 1.0000e+00
 8.568e+01 4.8052e-44 4.8052e-44 [ 2.6494e-124 6.4436e-85 2.7834e-53 4.8052e-44 ] 1.0000e+00
 8.579e+01 3.7047e-44 3.7047e-44 [ 1.3518e-124 3.9533e-85 2.0345e-53 3.7047e-44 ] 1.0000e+00
 8.591e+01 2.8554e-44 2.8554e-44 [ 6.8937e-125 2.4242e-85 1.4865e-53 2.8554e-44 ] 1.0000e+00
 8.602e+01 2.2000e-44 2.2000e-44 [ 3.5136e-125 1.4857e-85 1.0857e-53 2.2000e-44 ] 1.0000e+00
 8.613e+01 1.6945e-44 1.6945e-44 [ 1.7898e-125 9.1004e-86 7.9263e-54 1.6945e-44 ] 1.0000e+00
 8.625e+01 1.3048e-44 1.3048e-44 [ 9.1120e-126 5.5714e-86 5.7847e-54 1.3048e-44 ] 1.0000e+00
 8.636e+01 1.0043e-44 1.0043e-44 [ 4.6365e-126 3.4090e-86 4.2201e-54 1.0043e-44 ] 1.0000e+00
 8.647e+01 7.7283e-45 7.7283e-45 [ 2.3579e-126 2.0847e-86 3.0775e-54 7.7283e-45 ] 1.0000e+00
 8.659e+01 5.9450e-45 5.9450e-45 [ 1.1984e-126 1.2742e-86 2.2434e-54 5.9450e-45 ] 1.0000e+00
 8.670e+01 4.5716e-45 4.5716e-45 [ 6.0879e-127 7.7840e-87 1.6347e-54 4.5716e-45 ] 1.0000e+00
 8.681e+01 3.5144e-45 3.5144e-45 [ 3.0909e-127 4.7525e-87 1.1907e-54 3.5144e-45 ] 1.0000e+00
 8.693e+01 2.7008e-45 2.7008e-45 [ 1.5684e-127 2.9001e-87 8.6699e-55 2.7008e-45 ] 1.0000e+00
 8.704e+01 2.0749e-45 2.0749e-45 [ 7.9539e-128 1.7687e-87 6.3104e-55 2.0749e-45 ] 1.0000e+00
 8.715e+01 1.5935e-45 1.5935e-45 [ 4.0315e-128 1.0781e-87 4.5912e-55 1.5935e-45 ] 1.0000e+00
 8.727e+01 1.2235e-45 1.2235e-45 [ 2.0422e-128 6.5682e-88 3.3391e-55 1.2235e-45 ] 1.0000e+00
 8.738e+01 9.3901e-46 9.3901e-46 [ 1.0340e-128 3.9993e-88 2.4276e-55 9.3901e-46 ] 1.0000e+00
 8.749e+01 7.2047e-46 7.2047e-46 [ 5.2320e-129 2.4338e-88 1.7642e-55 7.2047e-46 ] 1.0000e+00
 8.761e+01 5.5261e-46 5.5261e-46 [ 2.6459e-129 1.4803e-88 1.2816e-55 5.5261e-46 ] 1.0000e+00
 8.772e+01 4.2372e-46 4.2372e-46 [ 1.3373e-129 8.9984e-89 9.3066e-56 4.2372e-46 ] 1.0000e+00
 8.783e+01 3.2479e-46 3.2479e-46 [ 6.7556e-130 5.4670e-89 6.7556e-56 3.2479e-46 ] 1.0000e+00
 8.795e+01 2.4888e-46 2.4888e-46 [ 3.4107e-130 3.3196e-89 4.9020e-56 2.4888e-46 ] 1.0000e+00
 8.806e+01 1.9064e-46 1.9064e-46 [ 1.7209e-130 2.0146e-89 3.5556e-56 1.9064e-46 ] 1.0000e+00
 8.817e+01 1.4599e-46 1.4599e-46 [ 8.6785e-131 1.2219e-89 2.5780e-56 1.4599e-46 ] 1.0000e+00
 8.829e+01 1.1176e-46 1.1176e-46 [ 4.3739e-131 7.4072e-90 1.8685e-56 1.1176e-46 ] 1.0000e+00
 8.840e+01 8.5528e-47 8.5528e-47 [ 2.2032e-131 4.4877e-90 1.3537e-56 8.5528e-47 ] 1.0000e+00
 8.851e+01 6.5432e-47 6.5432e-47 [ 1.1091e-131 2.7174e-90 9.8041e-57 6.5432e-47 ] 1.0000e+00
 8.863e+01 5.0042e-47 5.0042e-47 [ 5.5803e-132 1.6445e-90 7.0977e-57 5.0042e-47 ] 1.0000e+00
 8.874e+01 3.8259e-47 3.8259e-47 [ 2.8059e-132 9.9462e-91 5.1364e-57 3.8259e-47 ] 1.0000e+00
 8.885e+01 2.9241e-47 2.9241e-47 [ 1.4101e-132 6.0123e-91 3.7156e-57 2.9241e-47 ] 1.0000e+00
 8.897e+01 2.2342e-47 2.2342e-47 [ 7.0821e-133 3.6322e-91 2.6868e-57 2.2342e-47 ] 1.0000e+00
 8.908e+01 1.7065e-47 1.7065e-47 [ 3.5548e-133 2.1931e-91 1.9421e-57 1.7065e-47 ] 1.0000e+00
 8.919e+01 1.3030e-47 1.3030e-47 [ 1.7833e-133 1.3234e-91 1.4033e-57 1.3030e-47 ] 1.0000e+00
 8.931e+01 9.9458e-48 9.9458e-48 [ 8.9404e-134 7.9810e-92 1.0136e-57 9.9458e-48 ] 1.0000e+00
 8.942e+01 7.5893e-48 7.5893e-48 [ 4.4795e-134 4.8104e-92 7.3183e-58 7.5893e-48 ] 1.0000e+00
 8.953e+01 5.7893e-48 5.7893e-48 [ 2.2431e-134 2.8977e-92 5.2818e-58 5.7893e-48 ] 1.0000e+00
 8.965e+01 4.4148e-48 4.4148e-48 [ 1.1225e-134 1.7444e-92 3.8106e-58 4.4148e-48 ] 1.0000e+00
 8.976e+01 3.3655e-48 3.3655e-48 [ 5.6142e-135 1.0495e-92 2.7481e-58 3.3655e-48 ] 1.0000e+00
 8.987e+01 2.5648e-48 2.5648e-48 [ 2.8062e-135 6.3109e-93 1.9811e-58 2.5648e-48 ] 1.0000e+00
 8.999e+01 1.9540e-48 1.9540e-48 [ 1.4017e-135 3.7924e-93 1.4276e-58 1.9540e-48 ] 1.0000e+00
 9.010e+01 1.4881e-48 1.4881e-48 [ 6.9976e-136 2.2776e-93 1.0284e-58 1.4881e-48 ] 1.0000e+00
 9.021e+01 1.1330e-48 1.1330e-48 [ 3.4911e-136 1.3670e-93 7.4049e-59 1.1330e-48 ] 1.0000e+00
 9.033e+01 8.6231e-49 8.6231e-49 [ 1.7406e-136 8.1994e-94 5.3299e-59 8.6231e-49 ] 1.0000e+00
 9.044e+01 6.5610e-49 6.5610e-49 [ 8.6727e-137 4.9151e-94 3.8349e-59 6.5610e-49 ] 1.0000e+00
 9.055e+01 4.9903e-49 4.9903e-49 [ 4.3185e-137 2.9445e-94 2.7581e-59 4.9903e-49 ] 1.0000e+00
 9.067e+01 3.7945e-49 3.7945e-49 [ 2.1490e-137 1.7628e-94 1.9829e-59 3.7945e-49 ] 1.0000e+00
 9.078e+01 2.8843e-49 2.8843e-49 [ 1.0687e-137 1.0547e-94 1.4250e-59 2.8843e-49 ] 1.0000e+00
 9.089e+01 2.1917e-49 2.1917e-49 [ 5.3112e-138 6.3061e-95 1.0237e-59 2.1917e-49 ] 1.0000e+00
 9.101e+01 1.6649e-49 1.6649e-49 [ 2.6378e-138 3.7680e-95 7.3512e-60 1.6649e-49 ] 1.0000e+00
 9.112e+01 1.2643e-49 1.2643e-49 [ 1.3092e-138 2.2500e-95 5.2767e-60 1.2643e-49 ] 1.0000e+00
 9.123e+01 9.5980e-50 9.5980e-50 [ 6.4933e-139 1.3426e-95 3.7861e-60 9.5980e-50 ] 1.0000e+00
 9.135e+01 7.2839e-50 7.2839e-50 [ 3.2184e-139 8.0065e-96 2.7155e-60 7.2839e-50 ] 1.0000e+00
 9.146e+01 5.5260e-50 5.5260e-50 [ 1.5941e-139 4.7712e-96 1.9469e-60 5.5260e-50 ] 1.0000e+00
 9.157e+01 4.1910e-50 4.1910e-50 [ 7.8902e-140 2.8413e-96 1.3952e-60 4.1910e-50 ] 1.0000e+00
 9.169e+01 3.1775e-50 3.1775e-50 [ 3.9027e-140 1.6908e-96 9.9945e-61 3.1775e-50 ] 1.0000e+00
 9.180e+01 2.4083e-50 2.4083e-50 [ 1.9290e-140 1.0055e-96 7.1565e-61 2.4083e-50 ] 1.0000e+00
 9.191e+01 1.8247e-50 1.8247e-50 [ 9.5276e-141 5.9751e-97 5.1223e-61 1.8247e-50 ] 1.0000e+00
 9.203e+01 1.3821e-50 1.3821e-50 [ 4.7025e-141 3.5482e-97 3.6647e-61 1.3821e-50 ] 1.0000e+00
 9.214e+01 1.0465e-50 1.0465e-50 [ 2.3193e-141 2.1054e-97 2.6207e-61 1.0465e-50 ] 1.0000e+00
 9.225e+01 7.9218e-51 7.9218e-51 [ 1.1430e-141 1.2484e-97 1.8733e-61 7.9218e-51 ] 1.0000e+00
 9.237e+01 5.9945e-51 5.9945e-51 [ 5.6293e-142 7.3967e-98 1.3385e-61 5.9945e-51 ] 1.0000e+00
 9.248e+01 4.5347e-51 4.5347e-51 [ 2.7702e-142 4.3792e-98 9.5592e-62 4.5347e-51 ] 1.0000e+00
 9.259e+01 3.4292e-51 3.4292e-51 [ 1.3622e-142 2.5907e-98 6.8238e-62 3.4292e-51 ] 1.0000e+00
 9.271e+01 2.5924e-51 2.5924e-51 [ 6.6932e-143 1.5314e-98 4.8688e-62 2.5924e-51 ] 1.0000e+00
 9.282e+01 1.9592e-51 1.9592e-51 [ 3.2862e-143 9.0456e-99 3.4723e-62 1.9592e-51 ] 1.0000e+00
 9.293e+01 1.4802e-51 1.4802e-51 [ 1.6122e-143 5.3386e-99 2.4751e-62 1.4802e-51 ] 1.0000e+00
 9.305e+01 1.1179e-51 1.1179e-51 [ 7.9026e-144 3.1482e-99 1.7634e-62 1.1179e-51 ] 1.0000e+00
 9.316e+01 8.4403e-52 8.4403e-52 [ 3.8707e-144 1.8549e-99 1.2557e-62 8.4403e-52 ] 1.0000e+00
 9.327e+01 6.3705e-52 6.3705e-52 [ 1.8943e-144 1.0920e-99 8.9370e-63 6.3705e-52 ] 1.0000e+00
 9.339e+01 4.8067e-52 4.8067e-52 [ 9.2627e-145 6.4234e-100 6.3571e-63 4.8067e-52 ] 1.0000e+00
 9.350e+01 3.6256e-52 3.6256e-52 [ 4.5254e-145 3.7750e-100 4.5195e-63 3.6256e-52 ] 1.0000e+00
 9.361e+01 2.7339e-52 2.7339e-52 [ 2.2091e-145 2.2166e-100 3.2112e-63 2.7339e-52 ] 1.0000e+00
 9.373e+01 2.0608e-52 2.0608e-52 [ 1.0774e-145 1.3003e-100 2.2802e-63 2.0608e-52 ] 1.0000e+00
 9.384e+01 1.5529e-52 1.5529e-52 [ 5.2502e-146 7.6214e-101 1.6182e-63 1.5529e-52 ] 1.0000e+00
 9.395e+01 1.1699e-52 1.1699e-52 [ 2.5561e-146 4.4627e-101 1.1476e-63 1.1699e-52 ] 1.0000e+00
 9.407e+01 8.8099e-53 8.8099e-53 [ 1.2433e-146 2.6107e-101 8.1336e-64 8.8099e-53 ] 1.0000e+00
 9.418e+01 6.6324e-53 6.6324e-53 [ 6.0417e-147 1.5258e-101 5.7606e-64 6.6324e-53 ] 1.0000e+00
 9.429e+01 4.9915e-53 4.9915e-53 [ 2.9332e-147 8.9083e-102 4.0771e-64 4.9915e-53 ] 1.0000e+00
 9.441e+01 3.7554e-53 3.7554e-53 [ 1.4226e-147 5.1959e-102 2.8834e-64 3.7554e-53 ] 1.0000e+00
 9.452e+01 2.8245e-53 2.8245e-53 [ 6.8932e-148 3.0274e-102 2.0376e-64 2.8245e-53 ] 1.0000e+00
 9.463e+01 2.1236e-53 2.1236e-53 [ 3.3366e-148 1.7621e-102 1.4388e-64 2.1236e-53 ] 1.0000e+00
 9.475e+01 1.5962e-53 1.5962e-53 [ 1.6134e-148 1.0245e-102 1.0151e-64 1.5962e-53 ] 1.0000e+00
 9.486e+01 1.1994e-53 1.1994e-53 [ 7.7934e-149 5.9501e-103 7.1558e-65 1.1994e-53 ] 1.0000e+00
 9.497e+01 9.0090e-54 9.0090e-54 [ 3.7604e-149 3.4518e-103 5.0397e-65 9.0090e-54 ] 1.0000e+00
 9.509e+01 6.7649e-54 6.7649e-54 [ 1.8125e-149 2.0001e-103 3.5460e-65 6.7649e-54 ] 1.0000e+00
 9.520e+01 5.0782e-54 5.0782e-54 [ 8.7260e-150 1.1576e-103 2.4926e-65 5.0782e-54 ] 1.0000e+00
 9.531e+01 3.8108e-54 3.8108e-54 [ 4.1961e-150 6.6914e-104 1.7503e-65 3.8108e-54 ] 1.0000e+00
 9.543e+01 2.8588e-54 2.8588e-54 [ 2.0154e-150 3.8631e-104 1.2277e-65 2.8588e-54 ] 1.0000e+00
 9.554e+01 2.1440e-54 2.1440e-54 [ 9.6683e-151 2.2274e-104 8.6020e-66 2.1440e-54 ] 1.0000e+00
 9.565e+01 1.6073e-54 1.6073e-54 [ 4.6322e-151 1.2826e-104 6.0199e-66 1.6073e-54 ] 1.0000e+00
 9.577e+01 1.2046e-54 1.2046e-54 [ 2.2164e-151 7.3752e-105 4.2077e-66 1.2046e-54 ] 1.0000e+00
 9.588e+01 9.0254e-55 9.0254e-55 [ 1.0591e-151 4.2350e-105 2.9372e-66 9.0254e-55 ] 1.0000e+00
 9.599e+01 6.7598e-55 6.7598e-55 [ 5.0538e-152 2.4282e-105 2.0475e-66 6.7598e-55 ] 1.0000e+00
 9.611e+01 5.0613e-55 5.0613e-55 [ 2.4081e-152 1.3902e-105 1.4253e-66 5.0613e-55 ] 1.0000e+00
 9.622e+01 3.7884e-55 3.7884e-55 [ 1.1457e-152 7.9464e-106 9.9067e-67 3.7884e-55 ] 1.0000e+00
 9.633e+01 2.8347e-55 2.8347e-55 [ 5.4426e-153 4.5349e-106 6.8750e-67 2.8347e-55 ] 1.0000e+00
 9.645e+01 2.1203e-55 2.1203e-55 [ 2.5812e-153 2.5835e-106 4.7631e-67 2.1203e-55 ] 1.0000e+00
 9.656e+01 1.5855e-55 1.5855e-55 [ 1.2221e-153 1.4693e-106 3.2942e-67 1.5855e-55 ] 1.0000e+00
 9.667e+01 1.1852e-55 1.1852e-55 [ 5.7760e-154 8.3402e-107 2.2740e-67 1.1852e-55 ] 1.0000e+00
 9.679e+01 8.8563e-56 8.8563e-56 [ 2.7248e-154 4.7251e-107 1.5668e-67 8.8563e-56 ] 1.0000e+00
 9.690e+01 6.6156e-56 6.6156e-56 [ 1.2829e-154 2.6715e-107 1.0772e-67 6.6156e-56 ] 1.0000e+00
 9.701e+01 4.9400e-56 4.9400e-56 [ 6.0278e-155 1.5072e-107 7.3903e-68 4.9400e-56 ] 1.0000e+00
 9.713e+01 3.6875e-56 3.6875e-56 [ 2.8260e-155 8.4837e-108 5.0582e-68 3.6875e-56 ] 1.0000e+00
 9.724e+01 2.7515e-56 2.7515e-56 [ 1.3218e-155 4.7639e-108 3.4534e-68 2.7515e-56 ] 1.0000e+00
 9.735e+01 2.0522e-56 2.0522e-56 [ 6.1674e-156 2.6682e-108 2.3515e-68 2.0522e-56 ] 1.0000e+00
 9.747e+01 1.5300e-56 1.5300e-56 [ 2.8699e-156 1.4903e-108 1.5966e-68 1.5300e-56 ] 1.0000e+00
 9.758e+01 1.1401e-56 1.1401e-56 [ 1.3317e-156 8.2996e-109 1.0807e-68 1.1401e-56 ] 1.0000e+00
 9.769e+01 8.4913e-57 8.4913e-57 [ 6.1601e-157 4.6074e-109 7.2912e-69 8.4913e-57 ] 1.0000e+00
 9.781e+01 6.3202e-57 6.3202e-57 [ 2.8399e-157 2.5488e-109 4.9012e-69 6.3202e-57 ] 1.0000e+00
 9.792e+01 4.7008e-57 4.7008e-57 [ 1.3045e-157 1.4047e-109 3.2817e-69 4.7008e-57 ] 1.0000e+00
 9.803e+01 3.4934e-57 3.4934e-57 [ 5.9676e-158 7.7097e-110 2.1878e-69 3.4934e-57 ] 1.0000e+00
 9.815e+01 2.5933e-57 2.5933e-57 [ 2.7177e-158 4.2119e-110 1.4515e-69 2.5933e-57 ] 1.0000e+00
 9.826e+01 1.9226e-57 1.9226e-57 [ 1.2315e-158 2.2892e-110 9.5789e-70 1.9226e-57 ] 1.0000e+00
 9.837e+01 1.4229e-57 1.4229e-57 [ 5.5483e-159 1.2370e-110 6.2832e-70 1.4229e-57 ] 1.0000e+00
 9.849e+01 1.0507e-57 1.0507e-57 [ 2.4835e-159 6.6400e-111 4.0931e-70 1.0507e-57 ] 1.0000e+00
 9.860e+01 7.7349e-58 7.7349e-58 [ 1.1033e-159 3.5370e-111 2.6451e-70 7.7349e-58 ] 1.0000e+00
 9.871e+01 5.6705e-58 5.6705e-58 [ 4.8578e-160 1.8672e-111 1.6933e-70 5.6705e-58 ] 1.0000e+00
 9.883e+01 4.1326e-58 4.1326e-58 [ 2.1163e-160 9.7518e-112 1.0717e-70 4.1326e-58 ] 1.0000e+00
 9.894e+01 2.9863e-58 2.9863e-58 [ 9.1002e-161 5.0262e-112 6.6875e-71 2.9863e-58 ] 1.0000e+00
 9.905e+01 2.1308e-58 2.1308e-58 [ 3.8497e-161 2.5478e-112 4.0967e-71 2.1308e-58 ] 1.0000e+00
 9.917e+01 1.4912e-58 1.4912e-58 [ 1.5942e-161 1.2635e-112 2.4473e-71 1.4912e-58 ] 1.0000e+00
 9.928e+01 1.0119e-58 1.0119e-58 [ 6.4123e-162 6.0764e-113 1.4095e-71 1.0119e-58 ] 1.0000e+00
 9.939e+01 6.5205e-59 6.5205e-59 [ 2.4703e-162 2.7881e-113 7.6646e-72 6.5205e-59 ] 1.0000e+00
 9.951e+01 3.8301e-59 3.8301e-59 [ 8.8508e-163 1.1784e-113 3.7705e-72 3.8301e-59 ] 1.0000e+00
 9.962e+01 1.8671e-59 1.8671e-59 [ 2.7256e-163 4.1892e-114 1.5159e-72 1.8671e-59 ] 1.0000e+00
 9.973e+01 5.6403e-60 5.6403e-60 [ 5.3305e-164 9.0724e-115 3.5614e-73 5.6403e-60 ] 1.0000e+00
 9.985e+01 0.0000e+00 0.0000e+00 [ 0.0000e+00 0.0000e+00 0.0000e+00 0.0000e+00 ] 1.0000e+00
