 0.000e+00 0.0000e+00 0.0000e+00 [ 0.0000e+00 0.0000e+00 0.0000e+00 ] 0.0000e+00 [ 0.0000e+00 ] 1.0000e+00
 1.133e-01 1.5542e-03 1.5542e-03 [ 1.3992e-03 1.6378e-05 1.3861e-04 ] 0.0000e+00 [ 0.0000e+00 ] 9.9845e-01
 2.267e-01 3.1858e-03 3.1858e-03 [ 2.5666e-03 6.5630e-05 5.5355e-04 ] 0.0000e+00 [ 0.0000e+00 ] 9.9681e-01
 3.400e-01 4.9070e-03 4.9070e-03 [ 3.5123e-03 1.4807e-04 1.2467e-03 ] 0.0000e+00 [ 0.0000e+00 ] 9.9509e-01
 4.533e-01 6.7731e-03 6.7731e-03 [ 4.2858e-03 2.6410e-04 2.2232e-03 ] 0.0000e+00 [ 0.0000e+00 ] 9.9323e-01
 5.667e-01 8.8220e-03 8.8220e-03 [ 4.9163e-03 4.1420e-04 3.4915e-03 ] 0.0000e+00 [ 0.0000e+00 ] 9.9118e-01
 6.800e-01 1.1088e-02 1.1088e-02 [ 5.4269e-03 5.9876e-04 5.0619e-03 ] 0.0000e+00 [ 0.0000e+00 ] 9.8891e-01
 7.933e-01 1.3600e-02 1.3600e-02 [ 5.8357e-03 8.1805e-04 6.9463e-03 ] 0.0000e+00 [ 0.0000e+00 ] 9.8640e-01
 9.067e-01 1.6386e-02 1.6386e-02 [ 6.1570e-03 1.0721e-03 9.1574e-03 ] 0.0000e+00 [ 0.0000e+00 ] 9.8361e-01
 1.020e+00 1.9470e-02 1.9470e-02 [ 6.4017e-03 1.3604e-03 1.1707e-02 ] 0.0000e+00 [ 0.0000e+00 ] 9.8053e-01
 1.133e+00 2.2868e-02 2.2868e-02 [ 6.5786e-03 1.6822e-03 1.4607e-02 ] 0.0000e+00 [ 0.0000e+00 ] 9.7713e-01
 1.247e+00 2.6595e-02 2.6595e-02 [ 6.6941e-03 2.0358e-03 1.7865e-02 ] 0.0000e+00 [ 0.0000e+00 ] 9.7340e-01
 1.360e+00 3.0656e-02 3.0656e-02 [ 6.7533e-03 2.4188e-03 2.1484e-02 ] 0.0000e+00 [ 0.0000e+00 ] 9.6934e-01
 1.473e+00 3.5048e-02 3.5048e-02 [ 6.7599e-03 2.8277e-03 2.5460e-02 ] 0.0000e+00 [ 0.0000e+00 ] 9.6495e-01
 1.587e+00 3.9758e-02 3.9758e-02 [ 6.7170e-03 3.2579e-03 2.9783e-02 ] 0.0000e+00 [ 0.0000e+00 ] 9.6024e-01
 1.700e+00 4.4761e-02 4.4761e-02 [ 6.6269e-03 3.7035e-03 3.4431e-02 ] 0.0000e+00 [ 0.0000e+00 ] 9.5524e-01
 1.813e+00 5.0018e-02 5.0018e-02 [ 6.4916e-03 4.1572e-03 3.9369e-02 ] 0.0000e+00 [ 0.0000e+00 ] 9.4998e-01
 1.927e+00 5.5473e-02 5.5473e-02 [ 6.3132e-03 4.6105e-03 4.4549e-02 ] 0.0000e+00 [ 0.0000e+00 ] 9.4453e-01
 2.040e+00 6.1056e-02 6.1056e-02 [ 6.0938e-03 5.0534e-03 4.9909e-02 ] 0.0000e+00 [ 0.0000e+00 ] 9.3894e-01
 2.153e+00 6.6681e-02 6.6681e-02 [ 5.8361e-03 5.4752e-03 5.5370e-02 ] 0.0000e+00 [ 0.0000e+00 ] 9.3332e-01
 2.267e+00 7.2248e-02 7.2248e-02 [ 5.5433e-03 5.8644e-03 6.0841e-02 ] 0.0000e+00 [ 0.0000e+00 ] 9.2775e-01
 2.380e+00 7.7645e-02 7.7645e-02 [ 5.2196e-03 6.2093e-03 6.6216e-02 ] 0.0000e+00 [ 0.0000e+00 ] 9.2236e-01
 2.493e+00 8.2750e-02 8.2750e-02 [ 4.8697e-03 6.4989e-03 7.1381e-02 ] 0.0000e+00 [ 0.0000e+00 ] 9.1725e-01
 2.607e+00 8.7440e-02 8.7440e-02 [ 4.4995e-03 6.7229e-03 7.6218e-02 ] 0.0000e+00 [ 0.0000e+00 ] 9.1256e-01
 2.720e+00 9.1596e-02 9.1596e-02 [ 4.1153e-03 6.8730e-03 8.0607e-02 ] 0.0000e+00 [ 0.0000e+00 ] 9.0840e-01
 2.833e+00 9.5104e-02 9.5104e-02 [ 3.7241e-03 6.9432e-03 8.4437e-02 ] 0.0000e+00 [ 0.0000e+00 ] 9.0490e-01
 2.947e+00 9.7868e-02 9.7868e-02 [ 3.3330e-03 6.9302e-03 8.7605e-02 ] 0.0000e+00 [ 0.0000e+00 ] 9.0213e-01
 3.060e+00 9.9814e-02 9.9814e-02 [ 2.9492e-03 6.8339e-03 9.0031e-02 ] 0.0000e+00 [ 0.0000e+00 ] 9.0019e-01
 3.173e+00 1.0089e-01 1.0089e-01 [ 2.5793e-03 6.6577e-03 9.1654e-02 ] 0.0000e+00 [ 0.0000e+00 ] 8.9911e-01
 3.287e+00 1.0108e-01 1.0108e-01 [ 2.2290e-03 6.4077e-03 9.2440e-02 ] 0.0000e+00 [ 0.0000e+00 ] 8.9892e-01
 3.400e+00 1.0038e-01 1.0038e-01 [ 1.9032e-03 6.0931e-03 9.2384e-02 ] 0.0000e+00 [ 0.0000e+00 ] 8.9962e-01
 3.513e+00 9.8836e-02 9.8836e-02 [ 1.6055e-03 5.7249e-03 9.1506e-02 ] 0.0000e+00 [ 0.0000e+00 ] 9.0116e-01
 3.627e+00 9.6507e-02 9.6507e-02 [ 1.3380e-03 5.3157e-03 8.9854e-02 ] 0.0000e+00 [ 0.0000e+00 ] 9.0349e-01
 3.740e+00 9.3478e-02 9.3478e-02 [ 1.1018e-03 4.8788e-03 8.7497e-02 ] 0.0000e+00 [ 0.0000e+00 ] 9.0652e-01
 3.853e+00 8.9847e-02 8.9847e-02 [ 8.9667e-04 4.4272e-03 8.4523e-02 ] 0.0000e+00 [ 0.0000e+00 ] 9.1015e-01
 3.967e+00 8.5726e-02 8.5726e-02 [ 7.2128e-04 3.9733e-03 8.1031e-02 ] 0.0000e+00 [ 0.0000e+00 ] 9.1427e-01
 4.080e+00 8.1228e-02 8.1228e-02 [ 5.7366e-04 3.5280e-03 7.7127e-02 ] 0.0000e+00 [ 0.0000e+00 ] 9.1877e-01
 4.193e+00 7.6470e-02 7.6470e-02 [ 4.5126e-04 3.1005e-03 7.2918e-02 ] 0.0000e+00 [ 0.0000e+00 ] 9.2353e-01
 4.307e+00 7.1558e-02 7.1558e-02 [ 3.5121e-04 2.6979e-03 6.8508e-02 ] 0.0000e+00 [ 0.0000e+00 ] 9.2844e-01
 4.420e+00 6.6591e-02 6.6591e-02 [ 2.7055e-04 2.3256e-03 6.3995e-02 ] 0.0000e+00 [ 0.0000e+00 ] 9.3341e-01
 4.533e+00 6.1656e-02 6.1656e-02 [ 2.0636e-04 1.9866e-03 5.9463e-02 ] 0.0000e+00 [ 0.0000e+00 ] 9.3834e-01
 4.647e+00 5.6827e-02 5.6827e-02 [ 1.5591e-04 1.6827e-03 5.4988e-02 ] 0.0000e+00 [ 0.0000e+00 ] 9.4317e-01
 4.760e+00 5.2162e-02 5.2162e-02 [ 1.1673e-04 1.4138e-03 5.0631e-02 ] 0.0000e+00 [ 0.0000e+00 ] 9.4784e-01
 4.873e+00 4.7706e-02 4.7706e-02 [ 8.6633e-05 1.1789e-03 4.6441e-02 ] 0.0000e+00 [ 0.0000e+00 ] 9.5229e-01
 4.987e+00 4.3493e-02 4.3493e-02 [ 6.3762e-05 9.7601e-04 4.2453e-02 ] 0.0000e+00 [ 0.0000e+00 ] 9.5651e-01
 5.100e+00 3.9543e-02 3.9543e-02 [ 4.6555e-05 8.0267e-04 3.8694e-02 ] 0.0000e+00 [ 0.0000e+00 ] 9.6046e-01
 5.213e+00 3.5868e-02 3.5868e-02 [ 3.3732e-05 6.5599e-04 3.5178e-02 ] 0.0000e+00 [ 0.0000e+00 ] 9.6413e-01
 5.327e+00 3.2470e-02 3.2470e-02 [ 2.4261e-05 5.3300e-04 3.1913e-02 ] 0.0000e+00 [ 0.0000e+00 ] 9.6753e-01
 5.440e+00 2.9347e-02 2.9347e-02 [ 1.7327e-05 4.3071e-04 2.8899e-02 ] 0.0000e+00 [ 0.0000e+00 ] 9.7065e-01
 5.553e+00 2.6491e-02 2.6491e-02 [ 1.2291e-05 3.4628e-04 2.6133e-02 ] 0.0000e+00 [ 0.0000e+00 ] 9.7351e-01
 5.667e+00 2.3890e-02 2.3890e-02 [ 8.6620e-06 2.7709e-04 2.3604e-02 ] 0.0000e+00 [ 0.0000e+00 ] 9.7611e-01
 5.780e+00 2.1530e-02 2.1530e-02 [ 6.0661e-06 2.2074e-04 2.1303e-02 ] 0.0000e+00 [ 0.0000e+00 ] 9.7847e-01
 5.893e+00 1.9394e-02 1.9394e-02 [ 4.2225e-06 1.7513e-04 1.9215e-02 ] 0.0000e+00 [ 0.0000e+00 ] 9.8061e-01
 6.007e+00 1.7467e-02 1.7467e-02 [ 2.9220e-06 1.3840e-04 1.7326e-02 ] 0.0000e+00 [ 0.0000e+00 ] 9.8253e-01
 6.120e+00 1.5732e-02 1.5732e-02 [ 2.0107e-06 1.0898e-04 1.5621e-02 ] 0.0000e+00 [ 0.0000e+00 ] 9.8427e-01
 6.233e+00 1.4172e-02 1.4172e-02 [ 1.3760e-06 8.5528e-05 1.4085e-02 ] 0.0000e+00 [ 0.0000e+00 ] 9.8583e-01
 6.347e+00 1.2771e-02 1.2771e-02 [ 9.3667e-07 6.6906e-05 1.2703e-02 ] 0.0000e+00 [ 0.0000e+00 ] 9.8723e-01
 6.460e+00 1.1516e-02 1.1516e-02 [ 6.3434e-07 5.2181e-05 1.1463e-02 ] 0.0000e+00 [ 0.0000e+00 ] 9.8848e-01
 6.573e+00 1.0390e-02 1.0390e-02 [ 4.2745e-07 4.0581e-05 1.0349e-02 ] 0.0000e+00 [ 0.0000e+00 ] 9.8961e-01
 6.687e+00 9.3828e-03 9.3828e-03 [ 2.8665e-07 3.1474e-05 9.3510e-03 ] 0.0000e+00 [ 0.0000e+00 ] 9.9062e-01
 6.800e+00 8.4806e-03 8.4806e-03 [ 1.9132e-07 2.4347e-05 8.4561e-03 ] 0.0000e+00 [ 0.0000e+00 ] 9.9152e-01
 6.913e+00 7.6730e-03 7.6730e-03 [ 1.2711e-07 1.8788e-05 7.6541e-03 ] 0.0000e+00 [ 0.0000e+00 ] 9.9233e-01
 7.027e+00 6.9499e-03 6.9499e-03 [ 8.4074e-08 1.4463e-05 6.9354e-03 ] 0.0000e+00 [ 0.0000e+00 ] 9.9305e-01
 7.140e+00 6.3024e-03 6.3024e-03 [ 5.5368e-08 1.1108e-05 6.2912e-03 ] 0.0000e+00 [ 0.0000e+00 ] 9.9370e-01
 7.253e+00 5.7222e-03 5.7222e-03 [ 3.6309e-08 8.5127e-06 5.7137e-03 ] 0.0000e+00 [ 0.0000e+00 ] 9.9428e-01
 7.367e+00 5.2022e-03 5.2022e-03 [ 2.3712e-08 6.5094e-06 5.1956e-03 ] 0.0000e+00 [ 0.0000e+00 ] 9.9480e-01
 7.480e+00 4.7357e-03 4.7357e-03 [ 1.5423e-08 4.9670e-06 4.7307e-03 ] 0.0000e+00 [ 0.0000e+00 ] 9.9526e-01
 7.593e+00 4.3169e-03 4.3169e-03 [ 9.9919e-09 3.7822e-06 4.3131e-03 ] 0.0000e+00 [ 0.0000e+00 ] 9.9568e-01
 7.707e+00 3.9406e-03 3.9406e-03 [ 6.4483e-09 2.8741e-06 3.9377e-03 ] 0.0000e+00 [ 0.0000e+00 ] 9.9606e-01
 7.820e+00 3.6021e-03 3.6021e-03 [ 4.1456e-09 2.1797e-06 3.5999e-03 ] 0.0000e+00 [ 0.0000e+00 ] 9.9640e-01
 7.933e+00 3.2973e-03 3.2973e-03 [ 2.6553e-09 1.6498e-06 3.2957e-03 ] 0.0000e+00 [ 0.0000e+00 ] 9.9670e-01
 8.047e+00 3.0226e-03 3.0226e-03 [ 1.6945e-09 1.2462e-06 3.0214e-03 ] 0.0000e+00 [ 0.0000e+00 ] 9.9698e-01
 8.160e+00 2.7747e-03 2.7747e-03 [ 1.0775e-09 9.3957e-07 2.7737e-03 ] 0.0000e+00 [ 0.0000e+00 ] 9.9723e-01
 8.273e+00 2.5506e-03 2.5506e-03 [ 6.8273e-10 7.0700e-07 2.5499e-03 ] 0.0000e+00 [ 0.0000e+00 ] 9.9745e-01
 8.387e+00 2.3478e-03 2.3478e-03 [ 4.3107e-10 5.3098e-07 2.3473e-03 ] 0.0000e+00 [ 0.0000e+00 ] 9.9765e-01
 8.500e+00 2.1641e-03 2.1641e-03 [ 2.7124e-10 3.9803e-07 2.1637e-03 ] 0.0000e+00 [ 0.0000e+00 ] 9.9784e-01
 8.613e+00 1.9974e-03 1.9974e-03 [ 1.7008e-10 2.9780e-07 1.9971e-03 ] 0.0000e+00 [ 0.0000e+00 ] 9.9800e-01
 8.727e+00 1.8459e-03 1.8459e-03 [ 1.0629e-10 2.2239e-07 1.8457e-03 ] 0.0000e+00 [ 0.0000e+00 ] 9.9815e-01
 8.840e+00 1.7080e-03 1.7080e-03 [ 6.6203e-11 1.6576e-07 1.7078e-03 ] 0.0000e+00 [ 0.0000e+00 ] 9.9829e-01
 8.953e+00 1.5823e-03 1.5823e-03 [ 4.1098e-11 1.2332e-07 1.5822e-03 ] 0.0000e+00 [ 0.0000e+00 ] 9.9842e-01
 9.067e+00 1.4676e-03 1.4676e-03 [ 2.5428e-11 9.1575e-08 1.4675e-03 ] 0.0000e+00 [ 0.0000e+00 ] 9.9853e-01
 9.180e+00 1.3628e-03 1.3628e-03 [ 1.5682e-11 6.7876e-08 1.3627e-03 ] 0.0000e+00 [ 0.0000e+00 ] 9.9864e-01
 9.293e+00 1.2668e-03 1.2668e-03 [ 9.6395e-12 5.0216e-08 1.2667e-03 ] 0.0000e+00 [ 0.0000e+00 ] 9.9873e-01
 9.407e+00 1.1788e-03 1.1788e-03 [ 5.9062e-12 3.7083e-08 1.1787e-03 ] 0.0000e+00 [ 0.0000e+00 ] 9.9882e-01
 9.520e+00 1.0980e-03 1.0980e-03 [ 3.6071e-12 2.7334e-08 1.0979e-03 ] 0.0000e+00 [ 0.0000e+00 ] 9.9890e-01
 9.633e+00 1.0237e-03 1.0237e-03 [ 2.1959e-12 2.0111e-08 1.0236e-03 ] 0.0000e+00 [ 0.0000e+00 ] 9.9898e-01
 9.747e+00 9.5522e-04 9.5522e-04 [ 1.3325e-12 1.4769e-08 9.5521e-04 ] 0.0000e+00 [ 0.0000e+00 ] 9.9904e-01
 9.860e+00 8.9212e-04 8.9212e-04 [ 8.0606e-13 1.0827e-08 8.9211e-04 ] 0.0000e+00 [ 0.0000e+00 ] 9.9911e-01
 9.973e+00 8.3384e-04 8.3384e-04 [ 4.8605e-13 7.9225e-09 8.3383e-04 ] 0.0000e+00 [ 0.0000e+00 ] 9.9917e-01
 1.009e+01 7.7996e-04 7.7996e-04 [ 2.9216e-13 5.7868e-09 7.7995e-04 ] 0.0000e+00 [ 0.0000e+00 ] 9.9922e-01
 1.020e+01 7.3007e-04 7.3007e-04 [ 1.7507e-13 4.2193e-09 7.3007e-04 ] 0.0000e+00 [ 0.0000e+00 ] 9.9927e-01
 1.031e+01 6.8383e-04 6.8383e-04 [ 1.0457e-13 3.0709e-09 6.8382e-04 ] 0.0000e+00 [ 0.0000e+00 ] 9.9932e-01
 1.043e+01 6.4090e-04 6.4090e-04 [ 6.2272e-14 2.2311e-09 6.4090e-04 ] 0.0000e+00 [ 0.0000e+00 ] 9.9936e-01
 1.054e+01 6.0102e-04 6.0102e-04 [ 3.6967e-14 1.6181e-09 6.0102e-04 ] 0.0000e+00 [ 0.0000e+00 ] 9.9940e-01
 1.065e+01 5.6392e-04 5.6392e-04 [ 2.1878e-14 1.1715e-09 5.6392e-04 ] 0.0000e+00 [ 0.0000e+00 ] 9.9944e-01
 1.077e+01 5.2937e-04 5.2937e-04 [ 1.2908e-14 8.4670e-10 5.2937e-04 ] 0.0000e+00 [ 0.0000e+00 ] 9.9947e-01
 1.088e+01 4.9716e-04 4.9716e-04 [ 7.5929e-15 6.1089e-10 4.9716e-04 ] 0.0000e+00 [ 0.0000e+00 ] 9.9950e-01
 1.099e+01 4.6711e-04 4.6711e-04 [ 4.4528e-15 4.4001e-10 4.6711e-04 ] 0.0000e+00 [ 0.0000e+00 ] 9.9953e-01
 1.111e+01 4.3904e-04 4.3904e-04 [ 2.6035e-15 3.1640e-10 4.3904e-04 ] 0.0000e+00 [ 0.0000e+00 ] 9.9956e-01
 1.122e+01 4.1281e-04 4.1281e-04 [ 1.5177e-15 2.2713e-10 4.1281e-04 ] 0.0000e+00 [ 0.0000e+00 ] 9.9959e-01
 1.133e+01 3.8827e-04 3.8827e-04 [ 8.8214e-16 1.6278e-10 3.8827e-04 ] 0.0000e+00 [ 0.0000e+00 ] 9.9961e-01
 1.145e+01 3.6529e-04 3.6529e-04 [ 5.1123e-16 1.1647e-10 3.6529e-04 ] 0.0000e+00 [ 0.0000e+00 ] 9.9963e-01
 1.156e+01 3.4377e-04 3.4377e-04 [ 2.9541e-16 8.3198e-11 3.4377e-04 ] 0.0000e+00 [ 0.0000e+00 ] 9.9966e-01
 1.167e+01 3.2359e-04 3.2359e-04 [ 1.7021e-16 5.9337e-11 3.2359e-04 ] 0.0000e+00 [ 0.0000e+00 ] 9.9968e-01
 1.179e+01 3.0466e-04 3.0466e-04 [ 9.7795e-17 4.2253e-11 3.0466e-04 ] 0.0000e+00 [ 0.0000e+00 ] 9.9970e-01
 1.190e+01 2.8689e-04 2.8689e-04 [ 5.6029e-17 3.0040e-11 2.8689e-04 ] 0.0000e+00 [ 0.0000e+00 ] 9.9971e-01
 1.201e+01 2.7020e-04 2.7020e-04 [ 3.2011e-17 2.1324e-11 2.7020e-04 ] 0.0000e+00 [ 0.0000e+00 ] 9.9973e-01
 1.213e+01 2.5452e-04 2.5452e-04 [ 1.8239e-17 1.5114e-11 2.5452e-04 ] 0.0000e+00 [ 0.0000e+00 ] 9.9975e-01
 1.224e+01 2.3978e-04 2.3978e-04 [ 1.0363e-17 1.0696e-11 2.3978e-04 ] 0.0000e+00 [ 0.0000e+00 ] 9.9976e-01
 1.235e+01 2.2592e-04 2.2592e-04 [ 5.8728e-18 7.5588e-12 2.2592e-04 ] 0.0000e+00 [ 0.0000e+00 ] 9.9977e-01
 1.247e+01 2.1288e-04 2.1288e-04 [ 3.3192e-18 5.3336e-12 2.1288e-04 ] 0.0000e+00 [ 0.0000e+00 ] 9.9979e-01
 1.258e+01 2.0060e-04 2.0060e-04 [ 1.8710e-18 3.7580e-12 2.0060e-04 ] 0.0000e+00 [ 0.0000e+00 ] 9.9980e-01
 1.269e+01 1.8905e-04 1.8905e-04 [ 1.0520e-18 2.6441e-12 1.8905e-04 ] 0.0000e+00 [ 0.0000e+00 ] 9.9981e-01
 1.281e+01 1.7817e-04 1.7817e-04 [ 5.8994e-19 1.8577e-12 1.7817e-04 ] 0.0000e+00 [ 0.0000e+00 ] 9.9982e-01
 1.292e+01 1.6792e-04 1.6792e-04 [ 3.3001e-19 1.3034e-12 1.6792e-04 ] 0.0000e+00 [ 0.0000e+00 ] 9.9983e-01
 1.303e+01 1.5826e-04 1.5826e-04 [ 1.8415e-19 9.1319e-13 1.5826e-04 ] 0.0000e+00 [ 0.0000e+00 ] 9.9984e-01
 1.315e+01 1.4916e-04 1.4916e-04 [ 1.0251e-19 6.3893e-13 1.4916e-04 ] 0.0000e+00 [ 0.0000e+00 ] 9.9985e-01
 1.326e+01 1.4058e-04 1.4058e-04 [ 5.6924e-20 4.4644e-13 1.4058e-04 ] 0.0000e+00 [ 0.0000e+00 ] 9.9986e-01
 1.337e+01 1.3250e-04 1.3250e-04 [ 3.1536e-20 3.1152e-13 1.3250e-04 ] 0.0000e+00 [ 0.0000e+00 ] 9.9987e-01
 1.349e+01 1.2487e-04 1.2487e-04 [ 1.7430e-20 2.1709e-13 1.2487e-04 ] 0.0000e+00 [ 0.0000e+00 ] 9.9988e-01
 1.360e+01 1.1769e-04 1.1769e-04 [ 9.6115e-21 1.5108e-13 1.1769e-04 ] 0.0000e+00 [ 0.0000e+00 ] 9.9988e-01
 1.371e+01 1.1091e-04 1.1091e-04 [ 5.2881e-21 1.0501e-13 1.1091e-04 ] 0.0000e+00 [ 0.0000e+00 ] 9.9989e-01
 1.383e+01 1.0451e-04 1.0451e-04 [ 2.9030e-21 7.2887e-14 1.0451e-04 ] 0.0000e+00 [ 0.0000e+00 ] 9.9990e-01
 1.394e+01 9.8483e-05 9.8483e-05 [ 1.5901e-21 5.0528e-14 9.8483e-05 ] 0.0000e+00 [ 0.0000e+00 ] 9.9990e-01
 1.405e+01 9.2795e-05 9.2795e-05 [ 8.6912e-22 3.4982e-14 9.2795e-05 ] 0.0000e+00 [ 0.0000e+00 ] 9.9991e-01
 1.417e+01 8.7430e-05 8.7430e-05 [ 4.7402e-22 2.4189e-14 8.7430e-05 ] 0.0000e+00 [ 0.0000e+00 ] 9.9991e-01
 1.428e+01 8.2368e-05 8.2368e-05 [ 2.5799e-22 1.6704e-14 8.2368e-05 ] 0.0000e+00 [ 0.0000e+00 ] 9.9992e-01
 1.439e+01 7.7594e-05 7.7594e-05 [ 1.4012e-22 1.1520e-14 7.7594e-05 ] 0.0000e+00 [ 0.0000e+00 ] 9.9992e-01
 1.451e+01 7.3090e-05 7.3090e-05 [ 7.5950e-23 7.9351e-15 7.3090e-05 ] 0.0000e+00 [ 0.0000e+00 ] 9.9993e-01
 1.462e+01 6.8842e-05 6.8842e-05 [ 4.1083e-23 5.4586e-15 6.8842e-05 ] 0.0000e+00 [ 0.0000e+00 ] 9.9993e-01
 1.473e+01 6.4835e-05 6.4835e-05 [ 2.2179e-23 3.7502e-15 6.4835e-05 ] 0.0000e+00 [ 0.0000e+00 ] 9.9994e-01
 1.485e+01 6.1055e-05 6.1055e-05 [ 1.1949e-23 2.5731e-15 6.1055e-05 ] 0.0000e+00 [ 0.0000e+00 ] 9.9994e-01
 1.496e+01 5.7489e-05 5.7489e-05 [ 6.4255e-24 1.7632e-15 5.7489e-05 ] 0.0000e+00 [ 0.0000e+00 ] 9.9994e-01
 1.507e+01 5.4126e-05 5.4126e-05 [ 3.4485e-24 1.2067e-15 5.4126e-05 ] 0.0000e+00 [ 0.0000e+00 ] 9.9995e-01
 1.519e+01 5.0955e-05 5.0955e-05 [ 1.8472e-24 8.2468e-16 5.0955e-05 ] 0.0000e+00 [ 0.0000e+00 ] 9.9995e-01
 1.530e+01 4.7964e-05 4.7964e-05 [ 9.8763e-25 5.6287e-16 4.7964e-05 ] 0.0000e+00 [ 0.0000e+00 ] 9.9995e-01
 1.541e+01 4.5143e-05 4.5143e-05 [ 5.2704e-25 3.8366e-16 4.5143e-05 ] 0.0000e+00 [ 0.0000e+00 ] 9.9995e-01
 1.553e+01 4.2483e-05 4.2483e-05 [ 2.8073e-25 2.6116e-16 4.2483e-05 ] 0.0000e+00 [ 0.0000e+00 ] 9.9996e-01
 1.564e+01 3.9975e-05 3.9975e-05 [ 1.4925e-25 1.7752e-16 3.9975e-05 ] 0.0000e+00 [ 0.0000e+00 ] 9.9996e-01
 1.575e+01 3.7611e-05 3.7611e-05 [ 7.9204e-26 1.2051e-16 3.7611e-05 ] 0.0000e+00 [ 0.0000e+00 ] 9.9996e-01
 1.587e+01 3.5382e-05 3.5382e-05 [ 4.1955e-26 8.1687e-17 3.5382e-05 ] 0.0000e+00 [ 0.0000e+00 ] 9.9996e-01
 1.598e+01 3.3281e-05 3.3281e-05 [ 2.2183e-26 5.5294e-17 3.3281e-05 ] 0.0000e+00 [ 0.0000e+00 ] 9.9997e-01
 1.609e+01 3.1300e-05 3.1300e-05 [ 1.1708e-26 3.7375e-17 3.1300e-05 ] 0.0000e+00 [ 0.0000e+00 ] 9.9997e-01
 1.621e+01 2.9434e-05 2.9434e-05 [ 6.1679e-27 2.5226e-17 2.9434e-05 ] 0.0000e+00 [ 0.0000e+00 ] 9.9997e-01
 1.632e+01 2.7675e-05 2.7675e-05 [ 3.2435e-27 1.7001e-17 2.7675e-05 ] 0.0000e+00 [ 0.0000e+00 ] 9.9997e-01
 1.643e+01 2.6018e-05 2.6018e-05 [ 1.7026e-27 1.1441e-17 2.6018e-05 ] 0.0000e+00 [ 0.0000e+00 ] 9.9997e-01
 1.655e+01 2.4456e-05 2.4456e-05 [ 8.9212e-28 7.6876e-18 2.4456e-05 ] 0.0000e+00 [ 0.0000e+00 ] 9.9998e-01
 1.666e+01 2.2986e-05 2.2986e-05 [ 4.6661e-28 5.1576e-18 2.2986e-05 ] 0.0000e+00 [ 0.0000e+00 ] 9.9998e-01
 1.677e+01 2.1600e-05 2.1600e-05 [ 2.4362e-28 3.4549e-18 2.1600e-05 ] 0.0000e+00 [ 0.0000e+00 ] 9.9998e-01
 1.689e+01 2.0295e-05 2.0295e-05 [ 1.2696e-28 2.3107e-18 2.0295e-05 ] 0.0000e+00 [ 0.0000e+00 ] 9.9998e-01
 1.700e+01 1.9067e-05 1.9067e-05 [ 6.6050e-29 1.5430e-18 1.9067e-05 ] 0.0000e+00 [ 0.0000e+00 ] 9.9998e-01
 1.711e+01 1.7910e-05 1.7910e-05 [ 3.4300e-29 1.0287e-18 1.7910e-05 ] 0.0000e+00 [ 0.0000e+00 ] 9.9998e-01
 1.723e+01 1.6821e-05 1.6821e-05 [ 1.7780e-29 6.8470e-19 1.6821e-05 ] 0.0000e+00 [ 0.0000e+00 ] 9.9998e-01
 1.734e+01 1.5795e-05 1.5795e-05 [ 9.2000e-30 4.5499e-19 1.5795e-05 ] 0.0000e+00 [ 0.0000e+00 ] 9.9998e-01
 1.745e+01 1.4830e-05 1.4830e-05 [ 4.7519e-30 3.0184e-19 1.4830e-05 ] 0.0000e+00 [ 0.0000e+00 ] 9.9999e-01
 1.757e+01 1.3922e-05 1.3922e-05 [ 2.4500e-30 1.9991e-19 1.3922e-05 ] 0.0000e+00 [ 0.0000e+00 ] 9.9999e-01
 1.768e+01 1.3067e-05 1.3067e-05 [ 1.2609e-30 1.3218e-19 1.3067e-05 ] 0.0000e+00 [ 0.0000e+00 ] 9.9999e-01
 1.779e+01 1.2263e-05 1.2263e-05 [ 6.4780e-31 8.7244e-20 1.2263e-05 ] 0.0000e+00 [ 0.0000e+00 ] 9.9999e-01
 1.791e+01 1.1507e-05 1.1507e-05 [ 3.3221e-31 5.7486e-20 1.1507e-05 ] 0.0000e+00 [ 0.0000e+00 ] 9.9999e-01
 1.802e+01 1.0796e-05 1.0796e-05 [ 1.7006e-31 3.7813e-20 1.0796e-05 ] 0.0000e+00 [ 0.0000e+00 ] 9.9999e-01
 1.813e+01 1.0127e-05 1.0127e-05 [ 8.6899e-32 2.4829e-20 1.0127e-05 ] 0.0000e+00 [ 0.0000e+00 ] 9.9999e-01
 1.825e+01 9.4978e-06 9.4978e-06 [ 4.4325e-32 1.6274e-20 9.4978e-06 ] 0.0000e+00 [ 0.0000e+00 ] 9.9999e-01
 1.836e+01 8.9064e-06 8.9064e-06 [ 2.2569e-32 1.0648e-20 8.9064e-06 ] 0.0000e+00 [ 0.0000e+00 ] 9.9999e-01
 1.847e+01 8.3505e-06 8.3505e-06 [ 1.1471e-32 6.9547e-21 8.3505e-06 ] 0.0000e+00 [ 0.0000e+00 ] 9.9999e-01
 1.859e+01 7.8280e-06 7.8280e-06 [ 5.8197e-33 4.5342e-21 7.8280e-06 ] 0.0000e+00 [ 0.0000e+00 ] 9.9999e-01
 1.870e+01 7.3370e-06 7.3370e-06 [ 2.9474e-33 2.9507e-21 7.3370e-06 ] 0.0000e+00 [ 0.0000e+00 ] 9.9999e-01
 1.881e+01 6.8757e-06 6.8757e-06 [ 1.4900e-33 1.9168e-21 6.8757e-06 ] 0.0000e+00 [ 0.0000e+00 ] 9.9999e-01
 1.893e+01 6.4423e-06 6.4423e-06 [ 7.5194e-34 1.2429e-21 6.4423e-06 ] 0.0000e+00 [ 0.0000e+00 ] 9.9999e-01
 1.904e+01 6.0352e-06 6.0352e-06 [ 3.7879e-34 8.0440e-22 6.0352e-06 ] 0.0000e+00 [ 0.0000e+00 ] 9.9999e-01
 1.915e+01 5.6529e-06 5.6529e-06 [ 1.9048e-34 5.1966e-22 5.6529e-06 ] 0.0000e+00 [ 0.0000e+00 ] 9.9999e-01
 1.927e+01 5.2939e-06 5.2939e-06 [ 9.5616e-35 3.3509e-22 5.2939e-06 ] 0.0000e+00 [ 0.0000e+00 ] 9.9999e-01
 1.938e+01 4.9568e-06 4.9568e-06 [ 4.7912e-35 2.1567e-22 4.9568e-06 ] 0.0000e+00 [ 0.0000e+00 ] 1.0000e+00
 1.949e+01 4.6405e-06 4.6405e-06 [ 2.3966e-35 1.3855e-22 4.6405e-06 ] 0.0000e+00 [ 0.0000e+00 ] 1.0000e+00
 1.961e+01 4.3435e-06 4.3435e-06 [ 1.1967e-35 8.8845e-23 4.3435e-06 ] 0.0000e+00 [ 0.0000e+00 ] 1.0000e+00
 1.972e+01 4.0649e-06 4.0649e-06 [ 5.9652e-36 5.6863e-23 4.0649e-06 ] 0.0000e+00 [ 0.0000e+00 ] 1.0000e+00
 1.983e+01 3.8035e-06 3.8035e-06 [ 2.9683e-36 3.6325e-23 3.8035e-06 ] 0.0000e+00 [ 0.0000e+00 ] 1.0000e+00
 1.995e+01 3.5582e-06 3.5582e-06 [ 1.4744e-36 2.3162e-23 3.5582e-06 ] 0.0000e+00 [ 0.0000e+00 ] 1.0000e+00
 2.006e+01 3.3282e-06 3.3282e-06 [ 7.3115e-37 1.4741e-23 3.3282e-06 ] 0.0000e+00 [ 0.0000e+00 ] 1.0000e+00
 2.017e+01 3.1125e-06 3.1125e-06 [ 3.6194e-37 9.3636e-24 3.1125e-06 ] 0.0000e+00 [ 0.0000e+00 ] 1.0000e+00
 2.029e+01 2.9102e-06 2.9102e-06 [ 1.7886e-37 5.9367e-24 2.9102e-06 ] 0.0000e+00 [ 0.0000e+00 ] 1.0000e+00
 2.040e+01 2.7206e-06 2.7206e-06 [ 8.8238e-38 3.7568e-24 2.7206e-06 ] 0.0000e+00 [ 0.0000e+00 ] 1.0000e+00
 2.051e+01 2.5429e-06 2.5429e-06 [ 4.3457e-38 2.3729e-24 2.5429e-06 ] 0.0000e+00 [ 0.0000e+00 ] 1.0000e+00
 2.063e+01 2.3764e-06 2.3764e-06 [ 2.1366e-38 1.4959e-24 2.3764e-06 ] 0.0000e+00 [ 0.0000e+00 ] 1.0000e+00
 2.074e+01 2.2204e-06 2.2204e-06 [ 1.0487e-38 9.4128e-25 2.2204e-06 ] 0.0000e+00 [ 0.0000e+00 ] 1.0000e+00
 2.085e+01 2.0742e-06 2.0742e-06 [ 5.1390e-39 5.9116e-25 2.0742e-06 ] 0.0000e+00 [ 0.0000e+00 ] 1.0000e+00
 2.097e+01 1.9373e-06 1.9373e-06 [ 2.5140e-39 3.7057e-25 1.9373e-06 ] 0.0000e+00 [ 0.0000e+00 ] 1.0000e+00
 2.108e+01 1.8091e-06 1.8091e-06 [ 1.2278e-39 2.3185e-25 1.8091e-06 ] 0.0000e+00 [ 0.0000e+00 ] 1.0000e+00
 2.119e+01 1.6891e-06 1.6891e-06 [ 5.9868e-40 1.4478e-25 1.6891e-06 ] 0.0000e+00 [ 0.0000e+00 ] 1.0000e+00
 2.131e+01 1.5767e-06 1.5767e-06 [ 2.9143e-40 9.0244e-26 1.5767e-06 ] 0.0000e+00 [ 0.0000e+00 ] 1.0000e+00
 2.142e+01 1.4715e-06 1.4715e-06 [ 1.4164e-40 5.6142e-26 1.4715e-06 ] 0.0000e+00 [ 0.0000e+00 ] 1.0000e+00
 2.153e+01 1.3731e-06 1.3731e-06 [ 6.8724e-41 3.4861e-26 1.3731e-06 ] 0.0000e+00 [ 0.0000e+00 ] 1.0000e+00
 2.165e+01 1.2810e-06 1.2810e-06 [ 3.3292e-41 2.1606e-26 1.2810e-06 ] 0.0000e+00 [ 0.0000e+00 ] 1.0000e+00
 2.176e+01 1.1949e-06 1.1949e-06 [ 1.6102e-41 1.3366e-26 1.1949e-06 ] 0.0000e+00 [ 0.0000e+00 ] 1.0000e+00
 2.187e+01 1.1143e-06 1.1143e-06 [ 7.7756e-42 8.2526e-27 1.1143e-06 ] 0.0000e+00 [ 0.0000e+00 ] 1.0000e+00
 2.199e+01 1.0390e-06 1.0390e-06 [ 3.7489e-42 5.0860e-27 1.0390e-06 ] 0.0000e+00 [ 0.0000e+00 ] 1.0000e+00
 2.210e+01 9.6855e-07 9.6855e-07 [ 1.8046e-42 3.1285e-27 9.6855e-07 ] 0.0000e+00 [ 0.0000e+00 ] 1.0000e+00
 2.221e+01 9.0272e-07 9.0272e-07 [ 8.6733e-43 1.9209e-27 9.0272e-07 ] 0.0000e+00 [ 0.0000e+00 ] 1.0000e+00
 2.233e+01 8.4119e-07 8.4119e-07 [ 4.1622e-43 1.1772e-27 8.4119e-07 ] 0.0000e+00 [ 0.0000e+00 ] 1.0000e+00
 2.244e+01 7.8371e-07 7.8371e-07 [ 1.9943e-43 7.2006e-28 7.8371e-07 ] 0.0000e+00 [ 0.0000e+00 ] 1.0000e+00
 2.255e+01 7.3001e-07 7.3001e-07 [ 9.5407e-44 4.3964e-28 7.3001e-07 ] 0.0000e+00 [ 0.0000e+00 ] 1.0000e+00
 2.267e+01 6.7985e-07 6.7985e-07 [ 4.5574e-44 2.6793e-28 6.7985e-07 ] 0.0000e+00 [ 0.0000e+00 ] 1.0000e+00
 2.278e+01 6.3301e-07 6.3301e-07 [ 2.1737e-44 1.6298e-28 6.3301e-07 ] 0.0000e+00 [ 0.0000e+00 ] 1.0000e+00
 2.289e+01 5.8928e-07 5.8928e-07 [ 1.0352e-44 9.8955e-29 5.8928e-07 ] 0.0000e+00 [ 0.0000e+00 ] 1.0000e+00
 2.301e+01 5.4846e-07 5.4846e-07 [ 4.9230e-45 5.9972e-29 5.4846e-07 ] 0.0000e+00 [ 0.0000e+00 ] 1.0000e+00
 2.312e+01 5.1036e-07 5.1036e-07 [ 2.3376e-45 3.6279e-29 5.1036e-07 ] 0.0000e+00 [ 0.0000e+00 ] 1.0000e+00
 2.323e+01 4.7482e-07 4.7482e-07 [ 1.1084e-45 2.1907e-29 4.7482e-07 ] 0.0000e+00 [ 0.0000e+00 ] 1.0000e+00
 2.335e+01 4.4165e-07 4.4165e-07 [ 5.2476e-46 1.3204e-29 4.4165e-07 ] 0.0000e+00 [ 0.0000e+00 ] 1.0000e+00
 2.346e+01 4.1072e-07 4.1072e-07 [ 2.4809e-46 7.9437e-30 4.1072e-07 ] 0.0000e+00 [ 0.0000e+00 ] 1.0000e+00
 2.357e+01 3.8188e-07 3.8188e-07 [ 1.1712e-46 4.7705e-30 3.8188e-07 ] 0.0000e+00 [ 0.0000e+00 ] 1.0000e+00
 2.369e+01 3.5499e-07 3.5499e-07 [ 5.5211e-47 2.8596e-30 3.5499e-07 ] 0.0000e+00 [ 0.0000e+00 ] 1.0000e+00
 2.380e+01 3.2992e-07 3.2992e-07 [ 2.5990e-47 1.7111e-30 3.2992e-07 ] 0.0000e+00 [ 0.0000e+00 ] 1.0000e+00
 2.391e+01 3.0656e-07 3.0656e-07 [ 1.2218e-47 1.0220e-30 3.0656e-07 ] 0.0000e+00 [ 0.0000e+00 ] 1.0000e+00
 2.403e+01 2.8479e-07 2.8479e-07 [ 5.7353e-48 6.0933e-31 2.8479e-07 ] 0.0000e+00 [ 0.0000e+00 ] 1.0000e+00
 2.414e+01 2.6451e-07 2.6451e-07 [ 2.6885e-48 3.6264e-31 2.6451e-07 ] 0.0000e+00 [ 0.0000e+00 ] 1.0000e+00
 2.425e+01 2.4563e-07 2.4563e-07 [ 1.2586e-48 2.1544e-31 2.4563e-07 ] 0.0000e+00 [ 0.0000e+00 ] 1.0000e+00
 2.437e+01 2.2804e-07 2.2804e-07 [ 5.8837e-49 1.2776e-31 2.2804e-07 ] 0.0000e+00 [ 0.0000e+00 ] 1.0000e+00
 2.448e+01 2.1167e-07 2.1167e-07 [ 2.7468e-49 7.5628e-32 2.1167e-07 ] 0.0000e+00 [ 0.0000e+00 ] 1.0000e+00
 2.459e+01 1.9643e-07 1.9643e-07 [ 1.2806e-49 4.4690e-32 1.9643e-07 ] 0.0000e+00 [ 0.0000e+00 ] 1.0000e+00
 2.471e+01 1.8225e-07 1.8225e-07 [ 5.9625e-50 2.6362e-32 1.8225e-07 ] 0.0000e+00 [ 0.0000e+00 ] 1.0000e+00
 2.482e+01 1.6906e-07 1.6906e-07 [ 2.7724e-50 1.5523e-32 1.6906e-07 ] 0.0000e+00 [ 0.0000e+00 ] 1.0000e+00
 2.493e+01 1.5678e-07 1.5678e-07 [ 1.2874e-50 9.1243e-33 1.5678e-07 ] 0.0000e+00 [ 0.0000e+00 ] 1.0000e+00
 2.505e+01 1.4537e-07 1.4537e-07 [ 5.9702e-51 5.3539e-33 1.4537e-07 ] 0.0000e+00 [ 0.0000e+00 ] 1.0000e+00
 2.516e+01 1.3476e-07 1.3476e-07 [ 2.7651e-51 3.1361e-33 1.3476e-07 ] 0.0000e+00 [ 0.0000e+00 ] 1.0000e+00
 2.527e+01 1.2489e-07 1.2489e-07 [ 1.2790e-51 1.8338e-33 1.2489e-07 ] 0.0000e+00 [ 0.0000e+00 ] 1.0000e+00
 2.539e+01 1.1573e-07 1.1573e-07 [ 5.9082e-52 1.0704e-33 1.1573e-07 ] 0.0000e+00 [ 0.0000e+00 ] 1.0000e+00
 2.550e+01 1.0721e-07 1.0721e-07 [ 2.7258e-52 6.2375e-34 1.0721e-07 ] 0.0000e+00 [ 0.0000e+00 ] 1.0000e+00
 2.561e+01 9.9295e-08 9.9295e-08 [ 1.2559e-52 3.6284e-34 9.9295e-08 ] 0.0000e+00 [ 0.0000e+00 ] 1.0000e+00
 2.573e+01 9.1945e-08 9.1945e-08 [ 5.7797e-53 2.1071e-34 9.1945e-08 ] 0.0000e+00 [ 0.0000e+00 ] 1.0000e+00
 2.584e+01 8.5120e-08 8.5120e-08 [ 2.6564e-53 1.2215e-34 8.5120e-08 ] 0.0000e+00 [ 0.0000e+00 ] 1.0000e+00
 2.595e+01 7.8784e-08 7.8784e-08 [ 1.2194e-53 7.0692e-35 7.8784e-08 ] 0.0000e+00 [ 0.0000e+00 ] 1.0000e+00
 2.607e+01 7.2904e-08 7.2904e-08 [ 5.5904e-54 4.0842e-35 7.2904e-08 ] 0.0000e+00 [ 0.0000e+00 ] 1.0000e+00
 2.618e+01 6.7447e-08 6.7447e-08 [ 2.5599e-54 2.3557e-35 6.7447e-08 ] 0.0000e+00 [ 0.0000e+00 ] 1.0000e+00
 2.629e+01 6.2384e-08 6.2384e-08 [ 1.1707e-54 1.3564e-35 6.2384e-08 ] 0.0000e+00 [ 0.0000e+00 ] 1.0000e+00
 2.641e+01 5.7689e-08 5.7689e-08 [ 5.3477e-55 7.7968e-36 5.7689e-08 ] 0.0000e+00 [ 0.0000e+00 ] 1.0000e+00
 2.652e+01 5.3335e-08 5.3335e-08 [ 2.4398e-55 4.4743e-36 5.3335e-08 ] 0.0000e+00 [ 0.0000e+00 ] 1.0000e+00
 2.663e+01 4.9298e-08 4.9298e-08 [ 1.1118e-55 2.5633e-36 4.9298e-08 ] 0.0000e+00 [ 0.0000e+00 ] 1.0000e+00
 2.675e+01 4.5556e-08 4.5556e-08 [ 5.0600e-56 1.4661e-36 4.5556e-08 ] 0.0000e+00 [ 0.0000e+00 ] 1.0000e+00
 2.686e+01 4.2089e-08 4.2089e-08 [ 2.3003e-56 8.3711e-37 4.2089e-08 ] 0.0000e+00 [ 0.0000e+00 ] 1.0000e+00
 2.697e+01 3.8877e-08 3.8877e-08 [ 1.0444e-56 4.7719e-37 3.8877e-08 ] 0.0000e+00 [ 0.0000e+00 ] 1.0000e+00
 2.709e+01 3.5901e-08 3.5901e-08 [ 4.7368e-57 2.7157e-37 3.5901e-08 ] 0.0000e+00 [ 0.0000e+00 ] 1.0000e+00
 2.720e+01 3.3146e-08 3.3146e-08 [ 2.1457e-57 1.5430e-37 3.3146e-08 ] 0.0000e+00 [ 0.0000e+00 ] 1.0000e+00
 2.731e+01 3.0595e-08 3.0595e-08 [ 9.7088e-58 8.7522e-38 3.0595e-08 ] 0.0000e+00 [ 0.0000e+00 ] 1.0000e+00
 2.743e+01 2.8234e-08 2.8234e-08 [ 4.3878e-58 4.9564e-38 2.8234e-08 ] 0.0000e+00 [ 0.0000e+00 ] 1.0000e+00
 2.754e+01 2.6049e-08 2.6049e-08 [ 1.9807e-58 2.8022e-38 2.6049e-08 ] 0.0000e+00 [ 0.0000e+00 ] 1.0000e+00
 2.765e+01 2.4027e-08 2.4027e-08 [ 8.9313e-59 1.5817e-38 2.4027e-08 ] 0.0000e+00 [ 0.0000e+00 ] 1.0000e+00
 2.777e+01 2.2157e-08 2.2157e-08 [ 4.0226e-59 8.9135e-39 2.2157e-08 ] 0.0000e+00 [ 0.0000e+00 ] 1.0000e+00
 2.788e+01 2.0428e-08 2.0428e-08 [ 1.8097e-59 5.0150e-39 2.0428e-08 ] 0.0000e+00 [ 0.0000e+00 ] 1.0000e+00
 2.799e+01 1.8829e-08 1.8829e-08 [ 8.1322e-60 2.8170e-39 1.8829e-08 ] 0.0000e+00 [ 0.0000e+00 ] 1.0000e+00
 2.811e+01 1.7352e-08 1.7352e-08 [ 3.6503e-60 1.5798e-39 1.7352e-08 ] 0.0000e+00 [ 0.0000e+00 ] 1.0000e+00
 2.822e+01 1.5986e-08 1.5986e-08 [ 1.6367e-60 8.8453e-40 1.5986e-08 ] 0.0000e+00 [ 0.0000e+00 ] 1.0000e+00
 2.833e+01 1.4725e-08 1.4725e-08 [ 7.3301e-61 4.9446e-40 1.4725e-08 ] 0.0000e+00 [ 0.0000e+00 ] 1.0000e+00
 2.845e+01 1.3560e-08 1.3560e-08 [ 3.2793e-61 2.7597e-40 1.3560e-08 ] 0.0000e+00 [ 0.0000e+00 ] 1.0000e+00
 2.856e+01 1.2484e-08 1.2484e-08 [ 1.4654e-61 1.5377e-40 1.2484e-08 ] 0.0000e+00 [ 0.0000e+00 ] 1.0000e+00
 2.867e+01 1.1491e-08 1.1491e-08 [ 6.5415e-62 8.5551e-41 1.1491e-08 ] 0.0000e+00 [ 0.0000e+00 ] 1.0000e+00
 2.879e+01 1.0574e-08 1.0574e-08 [ 2.9169e-62 4.7520e-41 1.0574e-08 ] 0.0000e+00 [ 0.0000e+00 ] 1.0000e+00
 2.890e+01 9.7277e-09 9.7277e-09 [ 1.2992e-62 2.6353e-41 9.7277e-09 ] 0.0000e+00 [ 0.0000e+00 ] 1.0000e+00
 2.901e+01 8.9472e-09 8.9472e-09 [ 5.7805e-63 1.4592e-41 8.9472e-09 ] 0.0000e+00 [ 0.0000e+00 ] 1.0000e+00
 2.913e+01 8.2274e-09 8.2274e-09 [ 2.5691e-63 8.0666e-42 8.2274e-09 ] 0.0000e+00 [ 0.0000e+00 ] 1.0000e+00
 2.924e+01 7.5636e-09 7.5636e-09 [ 1.1406e-63 4.4524e-42 7.5636e-09 ] 0.0000e+00 [ 0.0000e+00 ] 1.0000e+00
 2.935e+01 6.9518e-09 6.9518e-09 [ 5.0585e-64 2.4537e-42 6.9518e-09 ] 0.0000e+00 [ 0.0000e+00 ] 1.0000e+00
 2.947e+01 6.3878e-09 6.3878e-09 [ 2.2410e-64 1.3501e-42 6.3878e-09 ] 0.0000e+00 [ 0.0000e+00 ] 1.0000e+00
 2.958e+01 5.8682e-09 5.8682e-09 [ 9.9174e-65 7.4169e-43 5.8682e-09 ] 0.0000e+00 [ 0.0000e+00 ] 1.0000e+00
 2.969e+01 5.3895e-09 5.3895e-09 [ 4.3842e-65 4.0682e-43 5.3895e-09 ] 0.0000e+00 [ 0.0000e+00 ] 1.0000e+00
 2.981e+01 4.9487e-09 4.9487e-09 [ 1.9361e-65 2.2280e-43 4.9487e-09 ] 0.0000e+00 [ 0.0000e+00 ] 1.0000e+00
 2.992e+01 4.5428e-09 4.5428e-09 [ 8.5406e-66 1.2183e-43 4.5428e-09 ] 0.0000e+00 [ 0.0000e+00 ] 1.0000e+00
 3.003e+01 4.1692e-09 4.1692e-09 [ 3.7636e-66 6.6511e-44 4.1692e-09 ] 0.0000e+00 [ 0.0000e+00 ] 1.0000e+00
 3.015e+01 3.8253e-09 3.8253e-09 [ 1.6567e-66 3.6255e-44 3.8253e-09 ] 0.0000e+00 [ 0.0000e+00 ] 1.0000e+00
 3.026e+01 3.5090e-09 3.5090e-09 [ 7.2853e-67 1.9732e-44 3.5090e-09 ] 0.0000e+00 [ 0.0000e+00 ] 1.0000e+00
 3.037e+01 3.2180e-09 3.2180e-09 [ 3.2003e-67 1.0723e-44 3.2180e-09 ] 0.0000e+00 [ 0.0000e+00 ] 1.0000e+00
 3.049e+01 2.9504e-09 2.9504e-09 [ 1.4043e-67 5.8181e-45 2.9504e-09 ] 0.0000e+00 [ 0.0000e+00 ] 1.0000e+00
 3.060e+01 2.7044e-09 2.7044e-09 [ 6.1561e-68 3.1520e-45 2.7044e-09 ] 0.0000e+00 [ 0.0000e+00 ] 1.0000e+00
 3.071e+01 2.4783e-09 2.4783e-09 [ 2.6958e-68 1.7049e-45 2.4783e-09 ] 0.0000e+00 [ 0.0000e+00 ] 1.0000e+00
 3.083e+01 2.2705e-09 2.2705e-09 [ 1.1792e-68 9.2080e-46 2.2705e-09 ] 0.0000e+00 [ 0.0000e+00 ] 1.0000e+00
 3.094e+01 2.0796e-09 2.0796e-09 [ 5.1532e-69 4.9654e-46 2.0796e-09 ] 0.0000e+00 [ 0.0000e+00 ] 1.0000e+00
 3.105e+01 1.9043e-09 1.9043e-09 [ 2.2495e-69 2.6735e-46 1.9043e-09 ] 0.0000e+00 [ 0.0000e+00 ] 1.0000e+00
 3.117e+01 1.7433e-09 1.7433e-09 [ 9.8097e-70 1.4372e-46 1.7433e-09 ] 0.0000e+00 [ 0.0000e+00 ] 1.0000e+00
 3.128e+01 1.5955e-09 1.5955e-09 [ 4.2734e-70 7.7147e-47 1.5955e-09 ] 0.0000e+00 [ 0.0000e+00 ] 1.0000e+00
 3.139e+01 1.4599e-09 1.4599e-09 [ 1.8596e-70 4.1347e-47 1.4599e-09 ] 0.0000e+00 [ 0.0000e+00 ] 1.0000e+00
 3.151e+01 1.3355e-09 1.3355e-09 [ 8.0843e-71 2.2126e-47 1.3355e-09 ] 0.0000e+00 [ 0.0000e+00 ] 1.0000e+00
 3.162e+01 1.2213e-09 1.2213e-09 [ 3.5107e-71 1.1822e-47 1.2213e-09 ] 0.0000e+00 [ 0.0000e+00 ] 1.0000e+00
 3.173e+01 1.1167e-09 1.1167e-09 [ 1.5230e-71 6.3068e-48 1.1167e-09 ] 0.0000e+00 [ 0.0000e+00 ] 1.0000e+00
 3.185e+01 1.0207e-09 1.0207e-09 [ 6.6002e-72 3.3595e-48 1.0207e-09 ] 0.0000e+00 [ 0.0000e+00 ] 1.0000e+00
 3.196e+01 9.3275e-10 9.3275e-10 [ 2.8573e-72 1.7867e-48 9.3275e-10 ] 0.0000e+00 [ 0.0000e+00 ] 1.0000e+00
 3.207e+01 8.5215e-10 8.5215e-10 [ 1.2357e-72 9.4882e-49 8.5215e-10 ] 0.0000e+00 [ 0.0000e+00 ] 1.0000e+00
 3.219e+01 7.7830e-10 7.7830e-10 [ 5.3382e-73 5.0309e-49 7.7830e-10 ] 0.0000e+00 [ 0.0000e+00 ] 1.0000e+00
 3.230e+01 7.1068e-10 7.1068e-10 [ 2.3037e-73 2.6634e-49 7.1068e-10 ] 0.0000e+00 [ 0.0000e+00 ] 1.0000e+00
 3.241e+01 6.4875e-10 6.4875e-10 [ 9.9313e-74 1.4078e-49 6.4875e-10 ] 0.0000e+00 [ 0.0000e+00 ] 1.0000e+00
 3.253e+01 5.9207e-10 5.9207e-10 [ 4.2769e-74 7.4303e-50 5.9207e-10 ] 0.0000e+00 [ 0.0000e+00 ] 1.0000e+00
 3.264e+01 5.4019e-10 5.4019e-10 [ 1.8399e-74 3.9155e-50 5.4019e-10 ] 0.0000e+00 [ 0.0000e+00 ] 1.0000e+00
 3.275e+01 4.9273e-10 4.9273e-10 [ 7.9067e-75 2.0602e-50 4.9273e-10 ] 0.0000e+00 [ 0.0000e+00 ] 1.0000e+00
 3.287e+01 4.4931e-10 4.4931e-10 [ 3.3942e-75 1.0823e-50 4.4931e-10 ] 0.0000e+00 [ 0.0000e+00 ] 1.0000e+00
 3.298e+01 4.0961e-10 4.0961e-10 [ 1.4555e-75 5.6768e-51 4.0961e-10 ] 0.0000e+00 [ 0.0000e+00 ] 1.0000e+00
 3.309e+01 3.7331e-10 3.7331e-10 [ 6.2348e-76 2.9730e-51 3.7331e-10 ] 0.0000e+00 [ 0.0000e+00 ] 1.0000e+00
 3.321e+01 3.4014e-10 3.4014e-10 [ 2.6679e-76 1.5545e-51 3.4014e-10 ] 0.0000e+00 [ 0.0000e+00 ] 1.0000e+00
 3.332e+01 3.0983e-10 3.0983e-10 [ 1.1404e-76 8.1158e-52 3.0983e-10 ] 0.0000e+00 [ 0.0000e+00 ] 1.0000e+00
 3.343e+01 2.8213e-10 2.8213e-10 [ 4.8690e-77 4.2304e-52 2.8213e-10 ] 0.0000e+00 [ 0.0000e+00 ] 1.0000e+00
 3.355e+01 2.5684e-10 2.5684e-10 [ 2.0766e-77 2.2016e-52 2.5684e-10 ] 0.0000e+00 [ 0.0000e+00 ] 1.0000e+00
 3.366e+01 2.3375e-10 2.3375e-10 [ 8.8472e-78 1.1440e-52 2.3375e-10 ] 0.0000e+00 [ 0.0000e+00 ] 1.0000e+00
 3.377e+01 2.1268e-10 2.1268e-10 [ 3.7650e-78 5.9347e-53 2.1268e-10 ] 0.0000e+00 [ 0.0000e+00 ] 1.0000e+00
 3.389e+01 1.9344e-10 1.9344e-10 [ 1.6004e-78 3.0739e-53 1.9344e-10 ] 0.0000e+00 [ 0.0000e+00 ] 1.0000e+00
 3.400e+01 1.7590e-10 1.7590e-10 [ 6.7955e-79 1.5896e-53 1.7590e-10 ] 0.0000e+00 [ 0.0000e+00 ] 1.0000e+00
 3.411e+01 1.5989e-10 1.5989e-10 [ 2.8821e-79 8.2069e-54 1.5989e-10 ] 0.0000e+00 [ 0.0000e+00 ] 1.0000e+00
 3.423e+01 1.4530e-10 1.4530e-10 [ 1.2209e-79 4.2303e-54 1.4530e-10 ] 0.0000e+00 [ 0.0000e+00 ] 1.0000e+00
 3.434e+01 1.3199e-10 1.3199e-10 [ 5.1663e-80 2.1769e-54 1.3199e-10 ] 0.0000e+00 [ 0.0000e+00 ] 1.0000e+00
 3.445e+01 1.1987e-10 1.1987e-10 [ 2.1835e-80 1.1184e-54 1.1987e-10 ] 0.0000e+00 [ 0.0000e+00 ] 1.0000e+00
 3.457e+01 1.0882e-10 1.0882e-10 [ 9.2173e-81 5.7364e-55 1.0882e-10 ] 0.0000e+00 [ 0.0000e+00 ] 1.0000e+00
 3.468e+01 9.8760e-11 9.8760e-11 [ 3.8863e-81 2.9373e-55 9.8760e-11 ] 0.0000e+00 [ 0.0000e+00 ] 1.0000e+00
 3.479e+01 8.9597e-11 8.9597e-11 [ 1.6366e-81 1.5015e-55 8.9597e-11 ] 0.0000e+00 [ 0.0000e+00 ] 1.0000e+00
 3.491e+01 8.1255e-11 8.1255e-11 [ 6.8833e-82 7.6624e-56 8.1255e-11 ] 0.0000e+00 [ 0.0000e+00 ] 1.0000e+00
 3.502e+01 7.3662e-11 7.3662e-11 [ 2.8914e-82 3.9035e-56 7.3662e-11 ] 0.0000e+00 [ 0.0000e+00 ] 1.0000e+00
 3.513e+01 6.6753e-11 6.6753e-11 [ 1.2130e-82 1.9851e-56 6.6753e-11 ] 0.0000e+00 [ 0.0000e+00 ] 1.0000e+00
 3.525e+01 6.0468e-11 6.0468e-11 [ 5.0823e-83 1.0077e-56 6.0468e-11 ] 0.0000e+00 [ 0.0000e+00 ] 1.0000e+00
 3.536e+01 5.4752e-11 5.4752e-11 [ 2.1265e-83 5.1065e-57 5.4752e-11 ] 0.0000e+00 [ 0.0000e+00 ] 1.0000e+00
 3.547e+01 4.9555e-11 4.9555e-11 [ 8.8859e-84 2.5829e-57 4.9555e-11 ] 0.0000e+00 [ 0.0000e+00 ] 1.0000e+00
 3.559e+01 4.4830e-11 4.4830e-11 [ 3.7079e-84 1.3041e-57 4.4830e-11 ] 0.0000e+00 [ 0.0000e+00 ] 1.0000e+00
 3.570e+01 4.0537e-11 4.0537e-11 [ 1.5450e-84 6.5718e-58 4.0537e-11 ] 0.0000e+00 [ 0.0000e+00 ] 1.0000e+00
 3.581e+01 3.6637e-11 3.6637e-11 [ 6.4286e-85 3.3055e-58 3.6637e-11 ] 0.0000e+00 [ 0.0000e+00 ] 1.0000e+00
 3.593e+01 3.3094e-11 3.3094e-11 [ 2.6708e-85 1.6594e-58 3.3094e-11 ] 0.0000e+00 [ 0.0000e+00 ] 1.0000e+00
 3.604e+01 2.9877e-11 2.9877e-11 [ 1.1079e-85 8.3134e-59 2.9877e-11 ] 0.0000e+00 [ 0.0000e+00 ] 1.0000e+00
 3.615e+01 2.6956e-11 2.6956e-11 [ 4.5888e-86 4.1566e-59 2.6956e-11 ] 0.0000e+00 [ 0.0000e+00 ] 1.0000e+00
 3.627e+01 2.4306e-11 2.4306e-11 [ 1.8975e-86 2.0739e-59 2.4306e-11 ] 0.0000e+00 [ 0.0000e+00 ] 1.0000e+00
 3.638e+01 2.1900e-11 2.1900e-11 [ 7.8329e-87 1.0326e-59 2.1900e-11 ] 0.0000e+00 [ 0.0000e+00 ] 1.0000e+00
 3.649e+01 1.9718e-11 1.9718e-11 [ 3.2278e-87 5.1299e-60 1.9718e-11 ] 0.0000e+00 [ 0.0000e+00 ] 1.0000e+00
 3.661e+01 1.7738e-11 1.7738e-11 [ 1.3278e-87 2.5428e-60 1.7738e-11 ] 0.0000e+00 [ 0.0000e+00 ] 1.0000e+00
 3.672e+01 1.5943e-11 1.5943e-11 [ 5.4513e-88 1.2575e-60 1.5943e-11 ] 0.0000e+00 [ 0.0000e+00 ] 1.0000e+00
 3.683e+01 1.4315e-11 1.4315e-11 [ 2.2337e-88 6.2034e-61 1.4315e-11 ] 0.0000e+00 [ 0.0000e+00 ] 1.0000e+00
 3.695e+01 1.2839e-11 1.2839e-11 [ 9.1341e-89 3.0526e-61 1.2839e-11 ] 0.0000e+00 [ 0.0000e+00 ] 1.0000e+00
 3.706e+01 1.1502e-11 1.1502e-11 [ 3.7270e-89 1.4983e-61 1.1502e-11 ] 0.0000e+00 [ 0.0000e+00 ] 1.0000e+00
 3.717e+01 1.0290e-11 1.0290e-11 [ 1.5173e-89 7.3337e-62 1.0290e-11 ] 0.0000e+00 [ 0.0000e+00 ] 1.0000e+00
 3.729e+01 9.1911e-12 9.1911e-12 [ 6.1619e-90 3.5794e-62 9.1911e-12 ] 0.0000e+00 [ 0.0000e+00 ] 1.0000e+00
 3.740e+01 8.1957e-12 8.1957e-12 [ 2.4960e-90 1.7418e-62 8.1957e-12 ] 0.0000e+00 [ 0.0000e+00 ] 1.0000e+00
 3.751e+01 7.2936e-12 7.2936e-12 [ 1.0083e-90 8.4488e-63 7.2936e-12 ] 0.0000e+00 [ 0.0000e+00 ] 1.0000e+00
 3.763e+01 6.4762e-12 6.4762e-12 [ 4.0613e-91 4.0844e-63 6.4762e-12 ] 0.0000e+00 [ 0.0000e+00 ] 1.0000e+00
 3.774e+01 5.7356e-12 5.7356e-12 [ 1.6306e-91 1.9674e-63 5.7356e-12 ] 0.0000e+00 [ 0.0000e+00 ] 1.0000e+00
 3.785e+01 5.0644e-12 5.0644e-12 [ 6.5246e-92 9.4403e-64 5.0644e-12 ] 0.0000e+00 [ 0.0000e+00 ] 1.0000e+00
 3.797e+01 4.4561e-12 4.4561e-12 [ 2.6009e-92 4.5108e-64 4.4561e-12 ] 0.0000e+00 [ 0.0000e+00 ] 1.0000e+00
 3.808e+01 3.9048e-12 3.9048e-12 [ 1.0325e-92 2.1456e-64 3.9048e-12 ] 0.0000e+00 [ 0.0000e+00 ] 1.0000e+00
 3.819e+01 3.4050e-12 3.4050e-12 [ 4.0802e-93 1.0155e-64 3.4050e-12 ] 0.0000e+00 [ 0.0000e+00 ] 1.0000e+00
 3.831e+01 2.9521e-12 2.9521e-12 [ 1.6042e-93 4.7794e-65 2.9521e-12 ] 0.0000e+00 [ 0.0000e+00 ] 1.0000e+00
 3.842e+01 2.5416e-12 2.5416e-12 [ 6.2708e-94 2.2356e-65 2.5416e-12 ] 0.0000e+00 [ 0.0000e+00 ] 1.0000e+00
 3.853e+01 2.1698e-12 2.1698e-12 [ 2.4352e-94 1.0384e-65 2.1698e-12 ] 0.0000e+00 [ 0.0000e+00 ] 1.0000e+00
 3.865e+01 1.8333e-12 1.8333e-12 [ 9.3850e-95 4.7849e-66 1.8333e-12 ] 0.0000e+00 [ 0.0000e+00 ] 1.0000e+00
 3.876e+01 1.5292e-12 1.5292e-12 [ 3.5847e-95 2.1842e-66 1.5292e-12 ] 0.0000e+00 [ 0.0000e+00 ] 1.0000e+00
 3.887e+01 1.2550e-12 1.2550e-12 [ 1.3547e-95 9.8605e-67 1.2550e-12 ] 0.0000e+00 [ 0.0000e+00 ] 1.0000e+00
 3.899e+01 1.0089e-12 1.0089e-12 [ 5.0529e-96 4.3918e-67 1.0089e-12 ] 0.0000e+00 [ 0.0000e+00 ] 1.0000e+00
 3.910e+01 7.8923e-13 7.8923e-13 [ 1.8541e-96 1.9234e-67 7.8923e-13 ] 0.0000e+00 [ 0.0000e+00 ] 1.0000e+00
 3.921e+01 5.9519e-13 5.9519e-13 [ 6.6602e-97 8.2422e-68 5.9519e-13 ] 0.0000e+00 [ 0.0000e+00 ] 1.0000e+00
 3.933e+01 4.2638e-13 4.2638e-13 [ 2.3243e-97 3.4285e-68 4.2638e-13 ] 0.0000e+00 [ 0.0000e+00 ] 1.0000e+00
 3.944e+01 2.8309e-13 2.8309e-13 [ 7.7770e-98 1.3648e-68 2.8309e-13 ] 0.0000e+00 [ 0.0000e+00 ] 1.0000e+00
 3.955e+01 1.6638e-13 1.6638e-13 [ 2.4292e-98 5.0443e-69 1.6638e-13 ] 0.0000e+00 [ 0.0000e+00 ] 1.0000e+00
 3.967e+01 7.8145e-14 7.8145e-14 [ 6.5997e-99 1.5966e-69 7.8145e-14 ] 0.0000e+00 [ 0.0000e+00 ] 1.0000e+00
 3.978e+01 2.1310e-14 2.1310e-14 [ 1.1741e-99 3.1853e-70 2.1310e-14 ] 0.0000e+00 [ 0.0000e+00 ] 1.0000e+00
 3.989e+01 0.0000e+00 0.0000e+00 [ 0.0000e+00 0.0000e+00 0.0000e+00 ] 0.0000e+00 [ 0.0000e+00 ] 1.0000e+00
