 0.000e+00 0.0000e+00 0.0000e+00 [ 0.0000e+00 0.0000e+00 0.0000e+00 ] 0.0000e+00 [ 0.0000e+00 ] 1.0000e+00
 1.133e-01 1.5395e-03 1.5395e-03 [ 1.4189e-03 1.8096e-05 1.0250e-04 ] 0.0000e+00 [ 0.0000e+00 ] 9.9846e-01
 2.267e-01 3.1017e-03 3.1017e-03 [ 2.6203e-03 7.2403e-05 4.0903e-04 ] 0.0000e+00 [ 0.0000e+00 ] 9.9690e-01
 3.400e-01 4.6831e-03 4.6831e-03 [ 3.6003e-03 1.6293e-04 9.1979e-04 ] 0.0000e+00 [ 0.0000e+00 ] 9.9532e-01
 4.533e-01 6.3326e-03 6.3326e-03 [ 4.4063e-03 2.8957e-04 1.6367e-03 ] 0.0000e+00 [ 0.0000e+00 ] 9.9367e-01
 5.667e-01 8.0792e-03 8.0792e-03 [ 5.0642e-03 4.5209e-04 2.5629e-03 ] 0.0000e+00 [ 0.0000e+00 ] 9.9192e-01
 6.800e-01 9.9472e-03 9.9472e-03 [ 5.5948e-03 6.4999e-04 3.7024e-03 ] 0.0000e+00 [ 0.0000e+00 ] 9.9005e-01
 7.933e-01 1.1957e-02 1.1957e-02 [ 6.0150e-03 8.8247e-04 5.0597e-03 ] 0.0000e+00 [ 0.0000e+00 ] 9.8804e-01
 9.067e-01 1.4126e-02 1.4126e-02 [ 6.3384e-03 1.1484e-03 6.6392e-03 ] 0.0000e+00 [ 0.0000e+00 ] 9.8587e-01
 1.020e+00 1.6467e-02 1.6467e-02 [ 6.5759e-03 1.4460e-03 8.4446e-03 ] 0.0000e+00 [ 0.0000e+00 ] 9.8353e-01
 1.133e+00 1.8989e-02 1.8989e-02 [ 6.7368e-03 1.7733e-03 1.0479e-02 ] 0.0000e+00 [ 0.0000e+00 ] 9.8101e-01
 1.247e+00 2.1698e-02 2.1698e-02 [ 6.8283e-03 2.1274e-03 1.2742e-02 ] 0.0000e+00 [ 0.0000e+00 ] 9.7830e-01
 1.360e+00 2.4595e-02 2.4595e-02 [ 6.8569e-03 2.5050e-03 1.5233e-02 ] 0.0000e+00 [ 0.0000e+00 ] 9.7541e-01
 1.473e+00 2.7677e-02 2.7677e-02 [ 6.8280e-03 2.9019e-03 1.7947e-02 ] 0.0000e+00 [ 0.0000e+00 ] 9.7232e-01
 1.587e+00 3.0934e-02 3.0934e-02 [ 6.7464e-03 3.3132e-03 2.0875e-02 ] 0.0000e+00 [ 0.0000e+00 ] 9.6907e-01
 1.700e+00 3.4352e-02 3.4352e-02 [ 6.6164e-03 3.7334e-03 2.4002e-02 ] 0.0000e+00 [ 0.0000e+00 ] 9.6565e-01
 1.813e+00 3.7908e-02 3.7908e-02 [ 6.4422e-03 4.1559e-03 2.7310e-02 ] 0.0000e+00 [ 0.0000e+00 ] 9.6209e-01
 1.927e+00 4.1575e-02 4.1575e-02 [ 6.2280e-03 4.5737e-03 3.0773e-02 ] 0.0000e+00 [ 0.0000e+00 ] 9.5843e-01
 2.040e+00 4.5316e-02 4.5316e-02 [ 5.9780e-03 4.9791e-03 3.4359e-02 ] 0.0000e+00 [ 0.0000e+00 ] 9.5468e-01
 2.153e+00 4.9090e-02 4.9090e-02 [ 5.6964e-03 5.3641e-03 3.8030e-02 ] 0.0000e+00 [ 0.0000e+00 ] 9.5091e-01
 2.267e+00 5.2848e-02 5.2848e-02 [ 5.3880e-03 5.7203e-03 4.1740e-02 ] 0.0000e+00 [ 0.0000e+00 ] 9.4715e-01
 2.380e+00 5.6536e-02 5.6536e-02 [ 5.0574e-03 6.0396e-03 4.5439e-02 ] 0.0000e+00 [ 0.0000e+00 ] 9.4346e-01
 2.493e+00 6.0096e-02 6.0096e-02 [ 4.7099e-03 6.3141e-03 4.9071e-02 ] 0.0000e+00 [ 0.0000e+00 ] 9.3991e-01
 2.607e+00 6.3466e-02 6.3466e-02 [ 4.3508e-03 6.5367e-03 5.2579e-02 ] 0.0000e+00 [ 0.0000e+00 ] 9.3653e-01
 2.720e+00 6.6587e-02 6.6587e-02 [ 3.9853e-03 6.7014e-03 5.5900e-02 ] 0.0000e+00 [ 0.0000e+00 ] 9.3341e-01
 2.833e+00 6.9399e-02 6.9399e-02 [ 3.6190e-03 6.8034e-03 5.8976e-02 ] 0.0000e+00 [ 0.0000e+00 ] 9.3060e-01
 2.947e+00 7.1846e-02 7.1846e-02 [ 3.2572e-03 6.8397e-03 6.1749e-02 ] 0.0000e+00 [ 0.0000e+00 ] 9.2815e-01
 3.060e+00 7.3881e-02 7.3881e-02 [ 2.9048e-03 6.8092e-03 6.4167e-02 ] 0.0000e+00 [ 0.0000e+00 ] 9.2612e-01
 3.173e+00 7.5464e-02 7.5464e-02 [ 2.5663e-03 6.7127e-03 6.6185e-02 ] 0.0000e+00 [ 0.0000e+00 ] 9.2454e-01
 3.287e+00 7.6567e-02 7.6567e-02 [ 2.2457e-03 6.5532e-03 6.7768e-02 ] 0.0000e+00 [ 0.0000e+00 ] 9.2343e-01
 3.400e+00 7.7172e-02 7.7172e-02 [ 1.9461e-03 6.3352e-03 6.8891e-02 ] 0.0000e+00 [ 0.0000e+00 ] 9.2283e-01
 3.513e+00 7.7276e-02 7.7276e-02 [ 1.6700e-03 6.0652e-03 6.9541e-02 ] 0.0000e+00 [ 0.0000e+00 ] 9.2272e-01
 3.627e+00 7.6886e-02 7.6886e-02 [ 1.4190e-03 5.7510e-03 6.9716e-02 ] 0.0000e+00 [ 0.0000e+00 ] 9.2311e-01
 3.740e+00 7.6024e-02 7.6024e-02 [ 1.1939e-03 5.4012e-03 6.9429e-02 ] 0.0000e+00 [ 0.0000e+00 ] 9.2398e-01
 3.853e+00 7.4721e-02 7.4721e-02 [ 9.9459e-04 5.0253e-03 6.8702e-02 ] 0.0000e+00 [ 0.0000e+00 ] 9.2528e-01
 3.967e+00 7.3018e-02 7.3018e-02 [ 8.2047e-04 4.6325e-03 6.7565e-02 ] 0.0000e+00 [ 0.0000e+00 ] 9.2698e-01
 4.080e+00 7.0961e-02 7.0961e-02 [ 6.7028e-04 4.2320e-03 6.6059e-02 ] 0.0000e+00 [ 0.0000e+00 ] 9.2904e-01
 4.193e+00 6.8604e-02 6.8604e-02 [ 5.4236e-04 3.8322e-03 6.4229e-02 ] 0.0000e+00 [ 0.0000e+00 ] 9.3140e-01
 4.307e+00 6.6001e-02 6.6001e-02 [ 4.3474e-04 3.4406e-03 6.2125e-02 ] 0.0000e+00 [ 0.0000e+00 ] 9.3400e-01
 4.420e+00 6.3208e-02 6.3208e-02 [ 3.4528e-04 3.0636e-03 5.9799e-02 ] 0.0000e+00 [ 0.0000e+00 ] 9.3679e-01
 4.533e+00 6.0279e-02 6.0279e-02 [ 2.7176e-04 2.7063e-03 5.7301e-02 ] 0.0000e+00 [ 0.0000e+00 ] 9.3972e-01
 4.647e+00 5.7266e-02 5.7266e-02 [ 2.1203e-04 2.3724e-03 5.4681e-02 ] 0.0000e+00 [ 0.0000e+00 ] 9.4273e-01
 4.760e+00 5.4214e-02 5.4214e-02 [ 1.6402e-04 2.0647e-03 5.1985e-02 ] 0.0000e+00 [ 0.0000e+00 ] 9.4579e-01
 4.873e+00 5.1166e-02 5.1166e-02 [ 1.2583e-04 1.7845e-03 4.9255e-02 ] 0.0000e+00 [ 0.0000e+00 ] 9.4883e-01
 4.987e+00 4.8157e-02 4.8157e-02 [ 9.5768e-05 1.5323e-03 4.6529e-02 ] 0.0000e+00 [ 0.0000e+00 ] 9.5184e-01
 5.100e+00 4.5217e-02 4.5217e-02 [ 7.2324e-05 1.3077e-03 4.3837e-02 ] 0.0000e+00 [ 0.0000e+00 ] 9.5478e-01
 5.213e+00 4.2372e-02 4.2372e-02 [ 5.4212e-05 1.1096e-03 4.1208e-02 ] 0.0000e+00 [ 0.0000e+00 ] 9.5763e-01
 5.327e+00 3.9639e-02 3.9639e-02 [ 4.0345e-05 9.3645e-04 3.8662e-02 ] 0.0000e+00 [ 0.0000e+00 ] 9.6036e-01
 5.440e+00 3.7033e-02 3.7033e-02 [ 2.9818e-05 7.8642e-04 3.6216e-02 ] 0.0000e+00 [ 0.0000e+00 ] 9.6297e-01
 5.553e+00 3.4562e-02 3.4562e-02 [ 2.1892e-05 6.5741e-04 3.3883e-02 ] 0.0000e+00 [ 0.0000e+00 ] 9.6544e-01
 5.667e+00 3.2233e-02 3.2233e-02 [ 1.5970e-05 5.4727e-04 3.1670e-02 ] 0.0000e+00 [ 0.0000e+00 ] 9.6777e-01
 5.780e+00 3.0048e-02 3.0048e-02 [ 1.1580e-05 4.5385e-04 2.9583e-02 ] 0.0000e+00 [ 0.0000e+00 ] 9.6995e-01
 5.893e+00 2.8006e-02 2.8006e-02 [ 8.3472e-06 3.7509e-04 2.7623e-02 ] 0.0000e+00 [ 0.0000e+00 ] 9.7199e-01
 6.007e+00 2.6105e-02 2.6105e-02 [ 5.9837e-06 3.0905e-04 2.5790e-02 ] 0.0000e+00 [ 0.0000e+00 ] 9.7389e-01
 6.120e+00 2.4341e-02 2.4341e-02 [ 4.2668e-06 2.5394e-04 2.4083e-02 ] 0.0000e+00 [ 0.0000e+00 ] 9.7566e-01
 6.233e+00 2.2708e-02 2.2708e-02 [ 3.0272e-06 2.0817e-04 2.2497e-02 ] 0.0000e+00 [ 0.0000e+00 ] 9.7729e-01
 6.347e+00 2.1199e-02 2.1199e-02 [ 2.1375e-06 1.7029e-04 2.1027e-02 ] 0.0000e+00 [ 0.0000e+00 ] 9.7880e-01
 6.460e+00 1.9809e-02 1.9809e-02 [ 1.5024e-06 1.3905e-04 1.9668e-02 ] 0.0000e+00 [ 0.0000e+00 ] 9.8019e-01
 6.573e+00 1.8529e-02 1.8529e-02 [ 1.0516e-06 1.1338e-04 1.8414e-02 ] 0.0000e+00 [ 0.0000e+00 ] 9.8147e-01
 6.687e+00 1.7353e-02 1.7353e-02 [ 7.3307e-07 9.2326e-05 1.7259e-02 ] 0.0000e+00 [ 0.0000e+00 ] 9.8265e-01
 6.800e+00 1.6272e-02 1.6272e-02 [ 5.0910e-07 7.5107e-05 1.6197e-02 ] 0.0000e+00 [ 0.0000e+00 ] 9.8373e-01
 6.913e+00 1.5281e-02 1.5281e-02 [ 3.5231e-07 6.1049e-05 1.5220e-02 ] 0.0000e+00 [ 0.0000e+00 ] 9.8472e-01
 7.027e+00 1.4372e-02 1.4372e-02 [ 2.4300e-07 4.9590e-05 1.4322e-02 ] 0.0000e+00 [ 0.0000e+00 ] 9.8563e-01
 7.140e+00 1.3539e-02 1.3539e-02 [ 1.6709e-07 4.0262e-05 1.3499e-02 ] 0.0000e+00 [ 0.0000e+00 ] 9.8646e-01
 7.253e+00 1.2775e-02 1.2775e-02 [ 1.1456e-07 3.2676e-05 1.2743e-02 ] 0.0000e+00 [ 0.0000e+00 ] 9.8722e-01
 7.367e+00 1.2075e-02 1.2075e-02 [ 7.8330e-08 2.6512e-05 1.2049e-02 ] 0.0000e+00 [ 0.0000e+00 ] 9.8792e-01
 7.480e+00 1.1434e-02 1.1434e-02 [ 5.3423e-08 2.1506e-05 1.1412e-02 ] 0.0000e+00 [ 0.0000e+00 ] 9.8857e-01
 7.593e+00 1.0845e-02 1.0845e-02 [ 3.6350e-08 1.7443e-05 1.0828e-02 ] 0.0000e+00 [ 0.0000e+00 ] 9.8915e-01
 7.707e+00 1.0305e-02 1.0305e-02 [ 2.4677e-08 1.4145e-05 1.0291e-02 ] 0.0000e+00 [ 0.0000e+00 ] 9.8969e-01
 7.820e+00 9.8094e-03 9.8094e-03 [ 1.6717e-08 1.1469e-05 9.7979e-03 ] 0.0000e+00 [ 0.0000e+00 ] 9.9019e-01
 7.933e+00 9.3541e-03 9.3541e-03 [ 1.1302e-08 9.2983e-06 9.3447e-03 ] 0.0000e+00 [ 0.0000e+00 ] 9.9065e-01
 8.047e+00 8.9354e-03 8.9354e-03 [ 7.6260e-09 7.5366e-06 8.9278e-03 ] 0.0000e+00 [ 0.0000e+00 ] 9.9106e-01
 8.160e+00 8.5501e-03 8.5501e-03 [ 5.1358e-09 6.1071e-06 8.5440e-03 ] 0.0000e+00 [ 0.0000e+00 ] 9.9145e-01
 8.273e+00 8.1952e-03 8.1952e-03 [ 3.4522e-09 4.9472e-06 8.1902e-03 ] 0.0000e+00 [ 0.0000e+00 ] 9.9180e-01
 8.387e+00 7.8678e-03 7.8678e-03 [ 2.3163e-09 4.0060e-06 7.8638e-03 ] 0.0000e+00 [ 0.0000e+00 ] 9.9213e-01
 8.500e+00 7.5656e-03 7.5656e-03 [ 1.5512e-09 3.2422e-06 7.5623e-03 ] 0.0000e+00 [ 0.0000e+00 ] 9.9243e-01
 8.613e+00 7.2861e-03 7.2861e-03 [ 1.0368e-09 2.6226e-06 7.2835e-03 ] 0.0000e+00 [ 0.0000e+00 ] 9.9271e-01
 8.727e+00 7.0274e-03 7.0274e-03 [ 6.9171e-10 2.1199e-06 7.0253e-03 ] 0.0000e+00 [ 0.0000e+00 ] 9.9297e-01
 8.840e+00 6.7875e-03 6.7875e-03 [ 4.6055e-10 1.7122e-06 6.7858e-03 ] 0.0000e+00 [ 0.0000e+00 ] 9.9321e-01
 8.953e+00 6.5647e-03 6.5647e-03 [ 3.0601e-10 1.3817e-06 6.5633e-03 ] 0.0000e+00 [ 0.0000e+00 ] 9.9344e-01
 9.067e+00 6.3574e-03 6.3574e-03 [ 2.0290e-10 1.1139e-06 6.3563e-03 ] 0.0000e+00 [ 0.0000e+00 ] 9.9364e-01
 9.180e+00 6.1643e-03 6.1643e-03 [ 1.3424e-10 8.9703e-07 6.1634e-03 ] 0.0000e+00 [ 0.0000e+00 ] 9.9384e-01
 9.293e+00 5.9840e-03 5.9840e-03 [ 8.8608e-11 7.2151e-07 5.9833e-03 ] 0.0000e+00 [ 0.0000e+00 ] 9.9402e-01
 9.407e+00 5.8154e-03 5.8154e-03 [ 5.8351e-11 5.7959e-07 5.8148e-03 ] 0.0000e+00 [ 0.0000e+00 ] 9.9418e-01
 9.520e+00 5.6575e-03 5.6575e-03 [ 3.8332e-11 4.6494e-07 5.6570e-03 ] 0.0000e+00 [ 0.0000e+00 ] 9.9434e-01
 9.633e+00 5.5091e-03 5.5091e-03 [ 2.5117e-11 3.7242e-07 5.5088e-03 ] 0.0000e+00 [ 0.0000e+00 ] 9.9449e-01
 9.747e+00 5.3696e-03 5.3696e-03 [ 1.6415e-11 2.9784e-07 5.3693e-03 ] 0.0000e+00 [ 0.0000e+00 ] 9.9463e-01
 9.860e+00 5.2381e-03 5.2381e-03 [ 1.0699e-11 2.3781e-07 5.2379e-03 ] 0.0000e+00 [ 0.0000e+00 ] 9.9476e-01
 9.973e+00 5.1138e-03 5.1138e-03 [ 6.9542e-12 1.8956e-07 5.1136e-03 ] 0.0000e+00 [ 0.0000e+00 ] 9.9489e-01
 1.009e+01 4.9962e-03 4.9962e-03 [ 4.5072e-12 1.5082e-07 4.9960e-03 ] 0.0000e+00 [ 0.0000e+00 ] 9.9500e-01
 1.020e+01 4.8846e-03 4.8846e-03 [ 2.9127e-12 1.1978e-07 4.8845e-03 ] 0.0000e+00 [ 0.0000e+00 ] 9.9512e-01
 1.031e+01 4.7784e-03 4.7784e-03 [ 1.8767e-12 9.4950e-08 4.7783e-03 ] 0.0000e+00 [ 0.0000e+00 ] 9.9522e-01
 1.043e+01 4.6773e-03 4.6773e-03 [ 1.2055e-12 7.5118e-08 4.6772e-03 ] 0.0000e+00 [ 0.0000e+00 ] 9.9532e-01
 1.054e+01 4.5807e-03 4.5807e-03 [ 7.7191e-13 5.9308e-08 4.5806e-03 ] 0.0000e+00 [ 0.0000e+00 ] 9.9542e-01
 1.065e+01 4.4882e-03 4.4882e-03 [ 4.9274e-13 4.6729e-08 4.4881e-03 ] 0.0000e+00 [ 0.0000e+00 ] 9.9551e-01
 1.077e+01 4.3995e-03 4.3995e-03 [ 3.1353e-13 3.6741e-08 4.3994e-03 ] 0.0000e+00 [ 0.0000e+00 ] 9.9560e-01
 1.088e+01 4.3142e-03 4.3142e-03 [ 1.9885e-13 2.8825e-08 4.3141e-03 ] 0.0000e+00 [ 0.0000e+00 ] 9.9569e-01
 1.099e+01 4.2320e-03 4.2320e-03 [ 1.2571e-13 2.2566e-08 4.2319e-03 ] 0.0000e+00 [ 0.0000e+00 ] 9.9577e-01
 1.111e+01 4.1526e-03 4.1526e-03 [ 7.9208e-14 1.7627e-08 4.1526e-03 ] 0.0000e+00 [ 0.0000e+00 ] 9.9585e-01
 1.122e+01 4.0759e-03 4.0759e-03 [ 4.9742e-14 1.3738e-08 4.0758e-03 ] 0.0000e+00 [ 0.0000e+00 ] 9.9592e-01
 1.133e+01 4.0014e-03 4.0014e-03 [ 3.1133e-14 1.0682e-08 4.0014e-03 ] 0.0000e+00 [ 0.0000e+00 ] 9.9600e-01
 1.145e+01 3.9292e-03 3.9292e-03 [ 1.9420e-14 8.2875e-09 3.9292e-03 ] 0.0000e+00 [ 0.0000e+00 ] 9.9607e-01
 1.156e+01 3.8589e-03 3.8589e-03 [ 1.2073e-14 6.4147e-09 3.8588e-03 ] 0.0000e+00 [ 0.0000e+00 ] 9.9614e-01
 1.167e+01 3.7903e-03 3.7903e-03 [ 7.4802e-15 4.9535e-09 3.7903e-03 ] 0.0000e+00 [ 0.0000e+00 ] 9.9621e-01
 1.179e+01 3.7234e-03 3.7234e-03 [ 4.6188e-15 3.8161e-09 3.7234e-03 ] 0.0000e+00 [ 0.0000e+00 ] 9.9628e-01
 1.190e+01 3.6579e-03 3.6579e-03 [ 2.8423e-15 2.9330e-09 3.6579e-03 ] 0.0000e+00 [ 0.0000e+00 ] 9.9634e-01
 1.201e+01 3.5939e-03 3.5939e-03 [ 1.7431e-15 2.2488e-09 3.5939e-03 ] 0.0000e+00 [ 0.0000e+00 ] 9.9641e-01
 1.213e+01 3.5310e-03 3.5310e-03 [ 1.0654e-15 1.7201e-09 3.5310e-03 ] 0.0000e+00 [ 0.0000e+00 ] 9.9647e-01
 1.224e+01 3.4693e-03 3.4693e-03 [ 6.4891e-16 1.3126e-09 3.4693e-03 ] 0.0000e+00 [ 0.0000e+00 ] 9.9653e-01
 1.235e+01 3.4086e-03 3.4086e-03 [ 3.9392e-16 9.9915e-10 3.4086e-03 ] 0.0000e+00 [ 0.0000e+00 ] 9.9659e-01
 1.247e+01 3.3488e-03 3.3488e-03 [ 2.3831e-16 7.5873e-10 3.3488e-03 ] 0.0000e+00 [ 0.0000e+00 ] 9.9665e-01
 1.258e+01 3.2900e-03 3.2900e-03 [ 1.4369e-16 5.7476e-10 3.2900e-03 ] 0.0000e+00 [ 0.0000e+00 ] 9.9671e-01
 1.269e+01 3.2319e-03 3.2319e-03 [ 8.6343e-17 4.3434e-10 3.2319e-03 ] 0.0000e+00 [ 0.0000e+00 ] 9.9677e-01
 1.281e+01 3.1746e-03 3.1746e-03 [ 5.1710e-17 3.2742e-10 3.1746e-03 ] 0.0000e+00 [ 0.0000e+00 ] 9.9683e-01
 1.292e+01 3.1179e-03 3.1179e-03 [ 3.0865e-17 2.4622e-10 3.1179e-03 ] 0.0000e+00 [ 0.0000e+00 ] 9.9688e-01
 1.303e+01 3.0619e-03 3.0619e-03 [ 1.8361e-17 1.8470e-10 3.0619e-03 ] 0.0000e+00 [ 0.0000e+00 ] 9.9694e-01
 1.315e+01 3.0065e-03 3.0065e-03 [ 1.0887e-17 1.3822e-10 3.0065e-03 ] 0.0000e+00 [ 0.0000e+00 ] 9.9699e-01
 1.326e+01 2.9517e-03 2.9517e-03 [ 6.4337e-18 1.0318e-10 2.9517e-03 ] 0.0000e+00 [ 0.0000e+00 ] 9.9705e-01
 1.337e+01 2.8974e-03 2.8974e-03 [ 3.7896e-18 7.6830e-11 2.8974e-03 ] 0.0000e+00 [ 0.0000e+00 ] 9.9710e-01
 1.349e+01 2.8437e-03 2.8437e-03 [ 2.2249e-18 5.7071e-11 2.8437e-03 ] 0.0000e+00 [ 0.0000e+00 ] 9.9716e-01
 1.360e+01 2.7904e-03 2.7904e-03 [ 1.3020e-18 4.2289e-11 2.7904e-03 ] 0.0000e+00 [ 0.0000e+00 ] 9.9721e-01
 1.371e+01 2.7375e-03 2.7375e-03 [ 7.5945e-19 3.1259e-11 2.7375e-03 ] 0.0000e+00 [ 0.0000e+00 ] 9.9726e-01
 1.383e+01 2.6852e-03 2.6852e-03 [ 4.4157e-19 2.3049e-11 2.6852e-03 ] 0.0000e+00 [ 0.0000e+00 ] 9.9731e-01
 1.394e+01 2.6332e-03 2.6332e-03 [ 2.5593e-19 1.6953e-11 2.6332e-03 ] 0.0000e+00 [ 0.0000e+00 ] 9.9737e-01
 1.405e+01 2.5817e-03 2.5817e-03 [ 1.4786e-19 1.2439e-11 2.5817e-03 ] 0.0000e+00 [ 0.0000e+00 ] 9.9742e-01
 1.417e+01 2.5306e-03 2.5306e-03 [ 8.5160e-20 9.1048e-12 2.5306e-03 ] 0.0000e+00 [ 0.0000e+00 ] 9.9747e-01
 1.428e+01 2.4799e-03 2.4799e-03 [ 4.8894e-20 6.6479e-12 2.4799e-03 ] 0.0000e+00 [ 0.0000e+00 ] 9.9752e-01
 1.439e+01 2.4297e-03 2.4297e-03 [ 2.7985e-20 4.8420e-12 2.4297e-03 ] 0.0000e+00 [ 0.0000e+00 ] 9.9757e-01
 1.451e+01 2.3798e-03 2.3798e-03 [ 1.5968e-20 3.5181e-12 2.3798e-03 ] 0.0000e+00 [ 0.0000e+00 ] 9.9762e-01
 1.462e+01 2.3304e-03 2.3304e-03 [ 9.0838e-21 2.5499e-12 2.3304e-03 ] 0.0000e+00 [ 0.0000e+00 ] 9.9767e-01
 1.473e+01 2.2814e-03 2.2814e-03 [ 5.1518e-21 1.8436e-12 2.2814e-03 ] 0.0000e+00 [ 0.0000e+00 ] 9.9772e-01
 1.485e+01 2.2328e-03 2.2328e-03 [ 2.9130e-21 1.3297e-12 2.2328e-03 ] 0.0000e+00 [ 0.0000e+00 ] 9.9777e-01
 1.496e+01 2.1846e-03 2.1846e-03 [ 1.6422e-21 9.5676e-13 2.1846e-03 ] 0.0000e+00 [ 0.0000e+00 ] 9.9782e-01
 1.507e+01 2.1369e-03 2.1369e-03 [ 9.2305e-22 6.8672e-13 2.1369e-03 ] 0.0000e+00 [ 0.0000e+00 ] 9.9786e-01
 1.519e+01 2.0896e-03 2.0896e-03 [ 5.1731e-22 4.9170e-13 2.0896e-03 ] 0.0000e+00 [ 0.0000e+00 ] 9.9791e-01
 1.530e+01 2.0427e-03 2.0427e-03 [ 2.8908e-22 3.5121e-13 2.0427e-03 ] 0.0000e+00 [ 0.0000e+00 ] 9.9796e-01
 1.541e+01 1.9963e-03 1.9963e-03 [ 1.6107e-22 2.5025e-13 1.9963e-03 ] 0.0000e+00 [ 0.0000e+00 ] 9.9800e-01
 1.553e+01 1.9504e-03 1.9504e-03 [ 8.9492e-23 1.7788e-13 1.9504e-03 ] 0.0000e+00 [ 0.0000e+00 ] 9.9805e-01
 1.564e+01 1.9050e-03 1.9050e-03 [ 4.9581e-23 1.2614e-13 1.9050e-03 ] 0.0000e+00 [ 0.0000e+00 ] 9.9809e-01
 1.575e+01 1.8600e-03 1.8600e-03 [ 2.7392e-23 8.9231e-14 1.8600e-03 ] 0.0000e+00 [ 0.0000e+00 ] 9.9814e-01
 1.587e+01 1.8155e-03 1.8155e-03 [ 1.5091e-23 6.2970e-14 1.8155e-03 ] 0.0000e+00 [ 0.0000e+00 ] 9.9818e-01
 1.598e+01 1.7715e-03 1.7715e-03 [ 8.2911e-24 4.4331e-14 1.7715e-03 ] 0.0000e+00 [ 0.0000e+00 ] 9.9823e-01
 1.609e+01 1.7281e-03 1.7281e-03 [ 4.5427e-24 3.1134e-14 1.7281e-03 ] 0.0000e+00 [ 0.0000e+00 ] 9.9827e-01
 1.621e+01 1.6851e-03 1.6851e-03 [ 2.4822e-24 2.1814e-14 1.6851e-03 ] 0.0000e+00 [ 0.0000e+00 ] 9.9831e-01
 1.632e+01 1.6427e-03 1.6427e-03 [ 1.3527e-24 1.5247e-14 1.6427e-03 ] 0.0000e+00 [ 0.0000e+00 ] 9.9836e-01
 1.643e+01 1.6009e-03 1.6009e-03 [ 7.3516e-25 1.0632e-14 1.6009e-03 ] 0.0000e+00 [ 0.0000e+00 ] 9.9840e-01
 1.655e+01 1.5596e-03 1.5596e-03 [ 3.9850e-25 7.3959e-15 1.5596e-03 ] 0.0000e+00 [ 0.0000e+00 ] 9.9844e-01
 1.666e+01 1.5188e-03 1.5188e-03 [ 2.1544e-25 5.1327e-15 1.5188e-03 ] 0.0000e+00 [ 0.0000e+00 ] 9.9848e-01
 1.677e+01 1.4786e-03 1.4786e-03 [ 1.1617e-25 3.5536e-15 1.4786e-03 ] 0.0000e+00 [ 0.0000e+00 ] 9.9852e-01
 1.689e+01 1.4390e-03 1.4390e-03 [ 6.2484e-26 2.4545e-15 1.4390e-03 ] 0.0000e+00 [ 0.0000e+00 ] 9.9856e-01
 1.700e+01 1.4000e-03 1.4000e-03 [ 3.3521e-26 1.6914e-15 1.4000e-03 ] 0.0000e+00 [ 0.0000e+00 ] 9.9860e-01
 1.711e+01 1.3616e-03 1.3616e-03 [ 1.7938e-26 1.1628e-15 1.3616e-03 ] 0.0000e+00 [ 0.0000e+00 ] 9.9864e-01
 1.723e+01 1.3238e-03 1.3238e-03 [ 9.5749e-27 7.9750e-16 1.3238e-03 ] 0.0000e+00 [ 0.0000e+00 ] 9.9868e-01
 1.734e+01 1.2866e-03 1.2866e-03 [ 5.0983e-27 5.4569e-16 1.2866e-03 ] 0.0000e+00 [ 0.0000e+00 ] 9.9871e-01
 1.745e+01 1.2500e-03 1.2500e-03 [ 2.7080e-27 3.7252e-16 1.2500e-03 ] 0.0000e+00 [ 0.0000e+00 ] 9.9875e-01
 1.757e+01 1.2140e-03 1.2140e-03 [ 1.4348e-27 2.5371e-16 1.2140e-03 ] 0.0000e+00 [ 0.0000e+00 ] 9.9879e-01
 1.768e+01 1.1787e-03 1.1787e-03 [ 7.5842e-28 1.7239e-16 1.1787e-03 ] 0.0000e+00 [ 0.0000e+00 ] 9.9882e-01
 1.779e+01 1.1440e-03 1.1440e-03 [ 3.9993e-28 1.1686e-16 1.1440e-03 ] 0.0000e+00 [ 0.0000e+00 ] 9.9886e-01
 1.791e+01 1.1099e-03 1.1099e-03 [ 2.1039e-28 7.9041e-17 1.1099e-03 ] 0.0000e+00 [ 0.0000e+00 ] 9.9889e-01
 1.802e+01 1.0765e-03 1.0765e-03 [ 1.1042e-28 5.3335e-17 1.0765e-03 ] 0.0000e+00 [ 0.0000e+00 ] 9.9892e-01
 1.813e+01 1.0437e-03 1.0437e-03 [ 5.7818e-29 3.5907e-17 1.0437e-03 ] 0.0000e+00 [ 0.0000e+00 ] 9.9896e-01
 1.825e+01 1.0115e-03 1.0115e-03 [ 3.0205e-29 2.4118e-17 1.0115e-03 ] 0.0000e+00 [ 0.0000e+00 ] 9.9899e-01
 1.836e+01 9.7999e-04 9.7999e-04 [ 1.5743e-29 1.6163e-17 9.7999e-04 ] 0.0000e+00 [ 0.0000e+00 ] 9.9902e-01
 1.847e+01 9.4913e-04 9.4913e-04 [ 8.1871e-30 1.0807e-17 9.4913e-04 ] 0.0000e+00 [ 0.0000e+00 ] 9.9905e-01
 1.859e+01 9.1891e-04 9.1891e-04 [ 4.2481e-30 7.2094e-18 9.1891e-04 ] 0.0000e+00 [ 0.0000e+00 ] 9.9908e-01
 1.870e+01 8.8933e-04 8.8933e-04 [ 2.1993e-30 4.7985e-18 8.8933e-04 ] 0.0000e+00 [ 0.0000e+00 ] 9.9911e-01
 1.881e+01 8.6040e-04 8.6040e-04 [ 1.1361e-30 3.1866e-18 8.6040e-04 ] 0.0000e+00 [ 0.0000e+00 ] 9.9914e-01
 1.893e+01 8.3211e-04 8.3211e-04 [ 5.8564e-31 2.1114e-18 8.3211e-04 ] 0.0000e+00 [ 0.0000e+00 ] 9.9917e-01
 1.904e+01 8.0447e-04 8.0447e-04 [ 3.0122e-31 1.3959e-18 8.0447e-04 ] 0.0000e+00 [ 0.0000e+00 ] 9.9920e-01
 1.915e+01 7.7746e-04 7.7746e-04 [ 1.5460e-31 9.2074e-19 7.7746e-04 ] 0.0000e+00 [ 0.0000e+00 ] 9.9922e-01
 1.927e+01 7.5110e-04 7.5110e-04 [ 7.9181e-32 6.0598e-19 7.5110e-04 ] 0.0000e+00 [ 0.0000e+00 ] 9.9925e-01
 1.938e+01 7.2536e-04 7.2536e-04 [ 4.0468e-32 3.9794e-19 7.2536e-04 ] 0.0000e+00 [ 0.0000e+00 ] 9.9927e-01
 1.949e+01 7.0026e-04 7.0026e-04 [ 2.0640e-32 2.6074e-19 7.0026e-04 ] 0.0000e+00 [ 0.0000e+00 ] 9.9930e-01
 1.961e+01 6.7578e-04 6.7578e-04 [ 1.0505e-32 1.7046e-19 6.7578e-04 ] 0.0000e+00 [ 0.0000e+00 ] 9.9932e-01
 1.972e+01 6.5192e-04 6.5192e-04 [ 5.3358e-33 1.1120e-19 6.5192e-04 ] 0.0000e+00 [ 0.0000e+00 ] 9.9935e-01
 1.983e+01 6.2867e-04 6.2867e-04 [ 2.7047e-33 7.2376e-20 6.2867e-04 ] 0.0000e+00 [ 0.0000e+00 ] 9.9937e-01
 1.995e+01 6.0604e-04 6.0604e-04 [ 1.3683e-33 4.7006e-20 6.0604e-04 ] 0.0000e+00 [ 0.0000e+00 ] 9.9939e-01
 2.006e+01 5.8401e-04 5.8401e-04 [ 6.9081e-34 3.0462e-20 5.8401e-04 ] 0.0000e+00 [ 0.0000e+00 ] 9.9942e-01
 2.017e+01 5.6258e-04 5.6258e-04 [ 3.4809e-34 1.9697e-20 5.6258e-04 ] 0.0000e+00 [ 0.0000e+00 ] 9.9944e-01
 2.029e+01 5.4174e-04 5.4174e-04 [ 1.7505e-34 1.2709e-20 5.4174e-04 ] 0.0000e+00 [ 0.0000e+00 ] 9.9946e-01
 2.040e+01 5.2148e-04 5.2148e-04 [ 8.7864e-35 8.1826e-21 5.2148e-04 ] 0.0000e+00 [ 0.0000e+00 ] 9.9948e-01
 2.051e+01 5.0179e-04 5.0179e-04 [ 4.4017e-35 5.2568e-21 5.0179e-04 ] 0.0000e+00 [ 0.0000e+00 ] 9.9950e-01
 2.063e+01 4.8268e-04 4.8268e-04 [ 2.2009e-35 3.3699e-21 4.8268e-04 ] 0.0000e+00 [ 0.0000e+00 ] 9.9952e-01
 2.074e+01 4.6412e-04 4.6412e-04 [ 1.0984e-35 2.1557e-21 4.6412e-04 ] 0.0000e+00 [ 0.0000e+00 ] 9.9954e-01
 2.085e+01 4.4611e-04 4.4611e-04 [ 5.4716e-36 1.3760e-21 4.4611e-04 ] 0.0000e+00 [ 0.0000e+00 ] 9.9955e-01
 2.097e+01 4.2865e-04 4.2865e-04 [ 2.7206e-36 8.7646e-22 4.2865e-04 ] 0.0000e+00 [ 0.0000e+00 ] 9.9957e-01
 2.108e+01 4.1172e-04 4.1172e-04 [ 1.3502e-36 5.5709e-22 4.1172e-04 ] 0.0000e+00 [ 0.0000e+00 ] 9.9959e-01
 2.119e+01 3.9532e-04 3.9532e-04 [ 6.6891e-37 3.5334e-22 3.9532e-04 ] 0.0000e+00 [ 0.0000e+00 ] 9.9960e-01
 2.131e+01 3.7943e-04 3.7943e-04 [ 3.3078e-37 2.2364e-22 3.7943e-04 ] 0.0000e+00 [ 0.0000e+00 ] 9.9962e-01
 2.142e+01 3.6405e-04 3.6405e-04 [ 1.6328e-37 1.4125e-22 3.6405e-04 ] 0.0000e+00 [ 0.0000e+00 ] 9.9964e-01
 2.153e+01 3.4916e-04 3.4916e-04 [ 8.0458e-38 8.9027e-23 3.4916e-04 ] 0.0000e+00 [ 0.0000e+00 ] 9.9965e-01
 2.165e+01 3.3477e-04 3.3477e-04 [ 3.9576e-38 5.5995e-23 3.3477e-04 ] 0.0000e+00 [ 0.0000e+00 ] 9.9967e-01
 2.176e+01 3.2084e-04 3.2084e-04 [ 1.9433e-38 3.5146e-23 3.2084e-04 ] 0.0000e+00 [ 0.0000e+00 ] 9.9968e-01
 2.187e+01 3.0739e-04 3.0739e-04 [ 9.5259e-39 2.2014e-23 3.0739e-04 ] 0.0000e+00 [ 0.0000e+00 ] 9.9969e-01
 2.199e+01 2.9439e-04 2.9439e-04 [ 4.6615e-39 1.3760e-23 2.9439e-04 ] 0.0000e+00 [ 0.0000e+00 ] 9.9971e-01
 2.210e+01 2.8184e-04 2.8184e-04 [ 2.2772e-39 8.5836e-24 2.8184e-04 ] 0.0000e+00 [ 0.0000e+00 ] 9.9972e-01
 2.221e+01 2.6973e-04 2.6973e-04 [ 1.1106e-39 5.3434e-24 2.6973e-04 ] 0.0000e+00 [ 0.0000e+00 ] 9.9973e-01
 2.233e+01 2.5804e-04 2.5804e-04 [ 5.4072e-40 3.3195e-24 2.5804e-04 ] 0.0000e+00 [ 0.0000e+00 ] 9.9974e-01
 2.244e+01 2.4677e-04 2.4677e-04 [ 2.6283e-40 2.0581e-24 2.4677e-04 ] 0.0000e+00 [ 0.0000e+00 ] 9.9975e-01
 2.255e+01 2.3591e-04 2.3591e-04 [ 1.2755e-40 1.2734e-24 2.3591e-04 ] 0.0000e+00 [ 0.0000e+00 ] 9.9976e-01
 2.267e+01 2.2544e-04 2.2544e-04 [ 6.1796e-41 7.8630e-25 2.2544e-04 ] 0.0000e+00 [ 0.0000e+00 ] 9.9977e-01
 2.278e+01 2.1536e-04 2.1536e-04 [ 2.9892e-41 4.8456e-25 2.1536e-04 ] 0.0000e+00 [ 0.0000e+00 ] 9.9978e-01
 2.289e+01 2.0566e-04 2.0566e-04 [ 1.4436e-41 2.9801e-25 2.0566e-04 ] 0.0000e+00 [ 0.0000e+00 ] 9.9979e-01
 2.301e+01 1.9632e-04 1.9632e-04 [ 6.9606e-42 1.8292e-25 1.9632e-04 ] 0.0000e+00 [ 0.0000e+00 ] 9.9980e-01
 2.312e+01 1.8734e-04 1.8734e-04 [ 3.3510e-42 1.1205e-25 1.8734e-04 ] 0.0000e+00 [ 0.0000e+00 ] 9.9981e-01
 2.323e+01 1.7870e-04 1.7870e-04 [ 1.6107e-42 6.8504e-26 1.7870e-04 ] 0.0000e+00 [ 0.0000e+00 ] 9.9982e-01
 2.335e+01 1.7040e-04 1.7040e-04 [ 7.7301e-43 4.1799e-26 1.7040e-04 ] 0.0000e+00 [ 0.0000e+00 ] 9.9983e-01
 2.346e+01 1.6243e-04 1.6243e-04 [ 3.7042e-43 2.5454e-26 1.6243e-04 ] 0.0000e+00 [ 0.0000e+00 ] 9.9984e-01
 2.357e+01 1.5477e-04 1.5477e-04 [ 1.7723e-43 1.5471e-26 1.5477e-04 ] 0.0000e+00 [ 0.0000e+00 ] 9.9985e-01
 2.369e+01 1.4742e-04 1.4742e-04 [ 8.4670e-44 9.3847e-27 1.4742e-04 ] 0.0000e+00 [ 0.0000e+00 ] 9.9985e-01
 2.380e+01 1.4037e-04 1.4037e-04 [ 4.0390e-44 5.6818e-27 1.4037e-04 ] 0.0000e+00 [ 0.0000e+00 ] 9.9986e-01
 2.391e+01 1.3361e-04 1.3361e-04 [ 1.9239e-44 3.4333e-27 1.3361e-04 ] 0.0000e+00 [ 0.0000e+00 ] 9.9987e-01
 2.403e+01 1.2713e-04 1.2713e-04 [ 9.1502e-45 2.0707e-27 1.2713e-04 ] 0.0000e+00 [ 0.0000e+00 ] 9.9987e-01
 2.414e+01 1.2092e-04 1.2092e-04 [ 4.3457e-45 1.2465e-27 1.2092e-04 ] 0.0000e+00 [ 0.0000e+00 ] 9.9988e-01
 2.425e+01 1.1497e-04 1.1497e-04 [ 2.0609e-45 7.4890e-28 1.1497e-04 ] 0.0000e+00 [ 0.0000e+00 ] 9.9988e-01
 2.437e+01 1.0928e-04 1.0928e-04 [ 9.7594e-46 4.4910e-28 1.0928e-04 ] 0.0000e+00 [ 0.0000e+00 ] 9.9989e-01
 2.448e+01 1.0383e-04 1.0383e-04 [ 4.6151e-46 2.6881e-28 1.0383e-04 ] 0.0000e+00 [ 0.0000e+00 ] 9.9990e-01
 2.459e+01 9.8612e-05 9.8612e-05 [ 2.1793e-46 1.6059e-28 9.8612e-05 ] 0.0000e+00 [ 0.0000e+00 ] 9.9990e-01
 2.471e+01 9.3626e-05 9.3626e-05 [ 1.0277e-46 9.5763e-29 9.3626e-05 ] 0.0000e+00 [ 0.0000e+00 ] 9.9991e-01
 2.482e+01 8.8860e-05 8.8860e-05 [ 4.8393e-47 5.6998e-29 8.8860e-05 ] 0.0000e+00 [ 0.0000e+00 ] 9.9991e-01
 2.493e+01 8.4307e-05 8.4307e-05 [ 2.2757e-47 3.3863e-29 8.4307e-05 ] 0.0000e+00 [ 0.0000e+00 ] 9.9992e-01
 2.505e+01 7.9958e-05 7.9958e-05 [ 1.0687e-47 2.0081e-29 7.9958e-05 ] 0.0000e+00 [ 0.0000e+00 ] 9.9992e-01
 2.516e+01 7.5807e-05 7.5807e-05 [ 5.0117e-48 1.1886e-29 7.5807e-05 ] 0.0000e+00 [ 0.0000e+00 ] 9.9992e-01
 2.527e+01 7.1845e-05 7.1845e-05 [ 2.3472e-48 7.0228e-30 7.1845e-05 ] 0.0000e+00 [ 0.0000e+00 ] 9.9993e-01
 2.539e+01 6.8066e-05 6.8066e-05 [ 1.0978e-48 4.1418e-30 6.8066e-05 ] 0.0000e+00 [ 0.0000e+00 ] 9.9993e-01
 2.550e+01 6.4463e-05 6.4463e-05 [ 5.1278e-49 2.4382e-30 6.4463e-05 ] 0.0000e+00 [ 0.0000e+00 ] 9.9994e-01
 2.561e+01 6.1029e-05 6.1029e-05 [ 2.3920e-49 1.4328e-30 6.1029e-05 ] 0.0000e+00 [ 0.0000e+00 ] 9.9994e-01
 2.573e+01 5.7757e-05 5.7757e-05 [ 1.1144e-49 8.4045e-31 5.7757e-05 ] 0.0000e+00 [ 0.0000e+00 ] 9.9994e-01
 2.584e+01 5.4641e-05 5.4641e-05 [ 5.1849e-50 4.9211e-31 5.4641e-05 ] 0.0000e+00 [ 0.0000e+00 ] 9.9995e-01
 2.595e+01 5.1675e-05 5.1675e-05 [ 2.4093e-50 2.8764e-31 5.1675e-05 ] 0.0000e+00 [ 0.0000e+00 ] 9.9995e-01
 2.607e+01 4.8852e-05 4.8852e-05 [ 1.1181e-50 1.6783e-31 4.8852e-05 ] 0.0000e+00 [ 0.0000e+00 ] 9.9995e-01
 2.618e+01 4.6167e-05 4.6167e-05 [ 5.1823e-51 9.7747e-32 4.6167e-05 ] 0.0000e+00 [ 0.0000e+00 ] 9.9995e-01
 2.629e+01 4.3615e-05 4.3615e-05 [ 2.3989e-51 5.6832e-32 4.3615e-05 ] 0.0000e+00 [ 0.0000e+00 ] 9.9996e-01
 2.641e+01 4.1189e-05 4.1189e-05 [ 1.1091e-51 3.2985e-32 4.1189e-05 ] 0.0000e+00 [ 0.0000e+00 ] 9.9996e-01
 2.652e+01 3.8884e-05 3.8884e-05 [ 5.1215e-52 1.9111e-32 3.8884e-05 ] 0.0000e+00 [ 0.0000e+00 ] 9.9996e-01
 2.663e+01 3.6695e-05 3.6695e-05 [ 2.3620e-52 1.1054e-32 3.6695e-05 ] 0.0000e+00 [ 0.0000e+00 ] 9.9996e-01
 2.675e+01 3.4617e-05 3.4617e-05 [ 1.0880e-52 6.3825e-33 3.4617e-05 ] 0.0000e+00 [ 0.0000e+00 ] 9.9997e-01
 2.686e+01 3.2645e-05 3.2645e-05 [ 5.0059e-53 3.6789e-33 3.2645e-05 ] 0.0000e+00 [ 0.0000e+00 ] 9.9997e-01
 2.697e+01 3.0775e-05 3.0775e-05 [ 2.3004e-53 2.1170e-33 3.0775e-05 ] 0.0000e+00 [ 0.0000e+00 ] 9.9997e-01
 2.709e+01 2.9002e-05 2.9002e-05 [ 1.0558e-53 1.2161e-33 2.9002e-05 ] 0.0000e+00 [ 0.0000e+00 ] 9.9997e-01
 2.720e+01 2.7321e-05 2.7321e-05 [ 4.8404e-54 6.9742e-34 2.7321e-05 ] 0.0000e+00 [ 0.0000e+00 ] 9.9997e-01
 2.731e+01 2.5728e-05 2.5728e-05 [ 2.2164e-54 3.9929e-34 2.5728e-05 ] 0.0000e+00 [ 0.0000e+00 ] 9.9997e-01
 2.743e+01 2.4220e-05 2.4220e-05 [ 1.0137e-54 2.2822e-34 2.4220e-05 ] 0.0000e+00 [ 0.0000e+00 ] 9.9998e-01
 2.754e+01 2.2793e-05 2.2793e-05 [ 4.6313e-55 1.3023e-34 2.2793e-05 ] 0.0000e+00 [ 0.0000e+00 ] 9.9998e-01
 2.765e+01 2.1442e-05 2.1442e-05 [ 2.1134e-55 7.4188e-35 2.1442e-05 ] 0.0000e+00 [ 0.0000e+00 ] 9.9998e-01
 2.777e+01 2.0163e-05 2.0163e-05 [ 9.6328e-56 4.2193e-35 2.0163e-05 ] 0.0000e+00 [ 0.0000e+00 ] 9.9998e-01
 2.788e+01 1.8955e-05 1.8955e-05 [ 4.3858e-56 2.3958e-35 1.8955e-05 ] 0.0000e+00 [ 0.0000e+00 ] 9.9998e-01
 2.799e+01 1.7813e-05 1.7813e-05 [ 1.9946e-56 1.3581e-35 1.7813e-05 ] 0.0000e+00 [ 0.0000e+00 ] 9.9998e-01
 2.811e+01 1.6734e-05 1.6734e-05 [ 9.0609e-57 7.6865e-36 1.6734e-05 ] 0.0000e+00 [ 0.0000e+00 ] 9.9998e-01
 2.822e+01 1.5714e-05 1.5714e-05 [ 4.1116e-57 4.3433e-36 1.5714e-05 ] 0.0000e+00 [ 0.0000e+00 ] 9.9998e-01
 2.833e+01 1.4752e-05 1.4752e-05 [ 1.8637e-57 2.4502e-36 1.4752e-05 ] 0.0000e+00 [ 0.0000e+00 ] 9.9999e-01
 2.845e+01 1.3844e-05 1.3844e-05 [ 8.4388e-58 1.3801e-36 1.3844e-05 ] 0.0000e+00 [ 0.0000e+00 ] 9.9999e-01
 2.856e+01 1.2987e-05 1.2987e-05 [ 3.8169e-58 7.7609e-37 1.2987e-05 ] 0.0000e+00 [ 0.0000e+00 ] 9.9999e-01
 2.867e+01 1.2179e-05 1.2179e-05 [ 1.7245e-58 4.3575e-37 1.2179e-05 ] 0.0000e+00 [ 0.0000e+00 ] 9.9999e-01
 2.879e+01 1.1417e-05 1.1417e-05 [ 7.7835e-59 2.4427e-37 1.1417e-05 ] 0.0000e+00 [ 0.0000e+00 ] 9.9999e-01
 2.890e+01 1.0699e-05 1.0699e-05 [ 3.5093e-59 1.3672e-37 1.0699e-05 ] 0.0000e+00 [ 0.0000e+00 ] 9.9999e-01
 2.901e+01 1.0023e-05 1.0023e-05 [ 1.5805e-59 7.6402e-38 1.0023e-05 ] 0.0000e+00 [ 0.0000e+00 ] 9.9999e-01
 2.913e+01 9.3863e-06 9.3863e-06 [ 7.1112e-60 4.2630e-38 9.3863e-06 ] 0.0000e+00 [ 0.0000e+00 ] 9.9999e-01
 2.924e+01 8.7871e-06 8.7871e-06 [ 3.1962e-60 2.3749e-38 8.7871e-06 ] 0.0000e+00 [ 0.0000e+00 ] 9.9999e-01
 2.935e+01 8.2233e-06 8.2233e-06 [ 1.4351e-60 1.3211e-38 8.2233e-06 ] 0.0000e+00 [ 0.0000e+00 ] 9.9999e-01
 2.947e+01 7.6930e-06 7.6930e-06 [ 6.4370e-61 7.3372e-39 7.6930e-06 ] 0.0000e+00 [ 0.0000e+00 ] 9.9999e-01
 2.958e+01 7.1944e-06 7.1944e-06 [ 2.8843e-61 4.0689e-39 7.1944e-06 ] 0.0000e+00 [ 0.0000e+00 ] 9.9999e-01
 2.969e+01 6.7258e-06 6.7258e-06 [ 1.2912e-61 2.2531e-39 6.7258e-06 ] 0.0000e+00 [ 0.0000e+00 ] 9.9999e-01
 2.981e+01 6.2856e-06 6.2856e-06 [ 5.7740e-62 1.2457e-39 6.2856e-06 ] 0.0000e+00 [ 0.0000e+00 ] 9.9999e-01
 2.992e+01 5.8722e-06 5.8722e-06 [ 2.5796e-62 6.8771e-40 5.8722e-06 ] 0.0000e+00 [ 0.0000e+00 ] 9.9999e-01
 3.003e+01 5.4841e-06 5.4841e-06 [ 1.1513e-62 3.7910e-40 5.4841e-06 ] 0.0000e+00 [ 0.0000e+00 ] 9.9999e-01
 3.015e+01 5.1199e-06 5.1199e-06 [ 5.1335e-63 2.0867e-40 5.1199e-06 ] 0.0000e+00 [ 0.0000e+00 ] 9.9999e-01
 3.026e+01 4.7782e-06 4.7782e-06 [ 2.2867e-63 1.1469e-40 4.7782e-06 ] 0.0000e+00 [ 0.0000e+00 ] 1.0000e+00
 3.037e+01 4.4578e-06 4.4578e-06 [ 1.0177e-63 6.2943e-41 4.4578e-06 ] 0.0000e+00 [ 0.0000e+00 ] 1.0000e+00
 3.049e+01 4.1575e-06 4.1575e-06 [ 4.5245e-64 3.4494e-41 4.1575e-06 ] 0.0000e+00 [ 0.0000e+00 ] 1.0000e+00
 3.060e+01 3.8761e-06 3.8761e-06 [ 2.0097e-64 1.8876e-41 3.8761e-06 ] 0.0000e+00 [ 0.0000e+00 ] 1.0000e+00
 3.071e+01 3.6125e-06 3.6125e-06 [ 8.9184e-65 1.0315e-41 3.6125e-06 ] 0.0000e+00 [ 0.0000e+00 ] 1.0000e+00
 3.083e+01 3.3657e-06 3.3657e-06 [ 3.9540e-65 5.6282e-42 3.3657e-06 ] 0.0000e+00 [ 0.0000e+00 ] 1.0000e+00
 3.094e+01 3.1346e-06 3.1346e-06 [ 1.7514e-65 3.0667e-42 3.1346e-06 ] 0.0000e+00 [ 0.0000e+00 ] 1.0000e+00
 3.105e+01 2.9185e-06 2.9185e-06 [ 7.7506e-66 1.6686e-42 2.9185e-06 ] 0.0000e+00 [ 0.0000e+00 ] 1.0000e+00
 3.117e+01 2.7163e-06 2.7163e-06 [ 3.4268e-66 9.0661e-43 2.7163e-06 ] 0.0000e+00 [ 0.0000e+00 ] 1.0000e+00
 3.128e+01 2.5273e-06 2.5273e-06 [ 1.5137e-66 4.9191e-43 2.5273e-06 ] 0.0000e+00 [ 0.0000e+00 ] 1.0000e+00
 3.139e+01 2.3506e-06 2.3506e-06 [ 6.6806e-67 2.6652e-43 2.3506e-06 ] 0.0000e+00 [ 0.0000e+00 ] 1.0000e+00
 3.151e+01 2.1855e-06 2.1855e-06 [ 2.9458e-67 1.4421e-43 2.1855e-06 ] 0.0000e+00 [ 0.0000e+00 ] 1.0000e+00
 3.162e+01 2.0314e-06 2.0314e-06 [ 1.2978e-67 7.7918e-44 2.0314e-06 ] 0.0000e+00 [ 0.0000e+00 ] 1.0000e+00
 3.173e+01 1.8875e-06 1.8875e-06 [ 5.7123e-68 4.2043e-44 1.8875e-06 ] 0.0000e+00 [ 0.0000e+00 ] 1.0000e+00
 3.185e+01 1.7531e-06 1.7531e-06 [ 2.5121e-68 2.2654e-44 1.7531e-06 ] 0.0000e+00 [ 0.0000e+00 ] 1.0000e+00
 3.196e+01 1.6278e-06 1.6278e-06 [ 1.1038e-68 1.2191e-44 1.6278e-06 ] 0.0000e+00 [ 0.0000e+00 ] 1.0000e+00
 3.207e+01 1.5110e-06 1.5110e-06 [ 4.8460e-69 6.5510e-45 1.5110e-06 ] 0.0000e+00 [ 0.0000e+00 ] 1.0000e+00
 3.219e+01 1.4020e-06 1.4020e-06 [ 2.1257e-69 3.5156e-45 1.4020e-06 ] 0.0000e+00 [ 0.0000e+00 ] 1.0000e+00
 3.230e+01 1.3005e-06 1.3005e-06 [ 9.3163e-70 1.8842e-45 1.3005e-06 ] 0.0000e+00 [ 0.0000e+00 ] 1.0000e+00
 3.241e+01 1.2059e-06 1.2059e-06 [ 4.0796e-70 1.0085e-45 1.2059e-06 ] 0.0000e+00 [ 0.0000e+00 ] 1.0000e+00
 3.253e+01 1.1178e-06 1.1178e-06 [ 1.7850e-70 5.3904e-46 1.1178e-06 ] 0.0000e+00 [ 0.0000e+00 ] 1.0000e+00
 3.264e+01 1.0358e-06 1.0358e-06 [ 7.8034e-71 2.8775e-46 1.0358e-06 ] 0.0000e+00 [ 0.0000e+00 ] 1.0000e+00
 3.275e+01 9.5952e-07 9.5952e-07 [ 3.4086e-71 1.5341e-46 9.5952e-07 ] 0.0000e+00 [ 0.0000e+00 ] 1.0000e+00
 3.287e+01 8.8854e-07 8.8854e-07 [ 1.4877e-71 8.1677e-47 8.8854e-07 ] 0.0000e+00 [ 0.0000e+00 ] 1.0000e+00
 3.298e+01 8.2253e-07 8.2253e-07 [ 6.4878e-72 4.3430e-47 8.2253e-07 ] 0.0000e+00 [ 0.0000e+00 ] 1.0000e+00
 3.309e+01 7.6117e-07 7.6117e-07 [ 2.8270e-72 2.3064e-47 7.6117e-07 ] 0.0000e+00 [ 0.0000e+00 ] 1.0000e+00
 3.321e+01 7.0415e-07 7.0415e-07 [ 1.2309e-72 1.2232e-47 7.0415e-07 ] 0.0000e+00 [ 0.0000e+00 ] 1.0000e+00
 3.332e+01 6.5119e-07 6.5119e-07 [ 5.3549e-73 6.4793e-48 6.5119e-07 ] 0.0000e+00 [ 0.0000e+00 ] 1.0000e+00
 3.343e+01 6.0201e-07 6.0201e-07 [ 2.3278e-73 3.4277e-48 6.0201e-07 ] 0.0000e+00 [ 0.0000e+00 ] 1.0000e+00
 3.355e+01 5.5636e-07 5.5636e-07 [ 1.0111e-73 1.8110e-48 5.5636e-07 ] 0.0000e+00 [ 0.0000e+00 ] 1.0000e+00
 3.366e+01 5.1399e-07 5.1399e-07 [ 4.3883e-74 9.5567e-49 5.1399e-07 ] 0.0000e+00 [ 0.0000e+00 ] 1.0000e+00
 3.377e+01 4.7470e-07 4.7470e-07 [ 1.9032e-74 5.0367e-49 4.7470e-07 ] 0.0000e+00 [ 0.0000e+00 ] 1.0000e+00
 3.389e+01 4.3826e-07 4.3826e-07 [ 8.2473e-75 2.6512e-49 4.3826e-07 ] 0.0000e+00 [ 0.0000e+00 ] 1.0000e+00
 3.400e+01 4.0448e-07 4.0448e-07 [ 3.5712e-75 1.3938e-49 4.0448e-07 ] 0.0000e+00 [ 0.0000e+00 ] 1.0000e+00
 3.411e+01 3.7319e-07 3.7319e-07 [ 1.5452e-75 7.3188e-50 3.7319e-07 ] 0.0000e+00 [ 0.0000e+00 ] 1.0000e+00
 3.423e+01 3.4420e-07 3.4420e-07 [ 6.6810e-76 3.8383e-50 3.4420e-07 ] 0.0000e+00 [ 0.0000e+00 ] 1.0000e+00
 3.434e+01 3.1735e-07 3.1735e-07 [ 2.8865e-76 2.0105e-50 3.1735e-07 ] 0.0000e+00 [ 0.0000e+00 ] 1.0000e+00
 3.445e+01 2.9251e-07 2.9251e-07 [ 1.2461e-76 1.0519e-50 2.9251e-07 ] 0.0000e+00 [ 0.0000e+00 ] 1.0000e+00
 3.457e+01 2.6951e-07 2.6951e-07 [ 5.3758e-77 5.4965e-51 2.6951e-07 ] 0.0000e+00 [ 0.0000e+00 ] 1.0000e+00
 3.468e+01 2.4825e-07 2.4825e-07 [ 2.3174e-77 2.8687e-51 2.4825e-07 ] 0.0000e+00 [ 0.0000e+00 ] 1.0000e+00
 3.479e+01 2.2858e-07 2.2858e-07 [ 9.9825e-78 1.4955e-51 2.2858e-07 ] 0.0000e+00 [ 0.0000e+00 ] 1.0000e+00
 3.491e+01 2.1041e-07 2.1041e-07 [ 4.2970e-78 7.7867e-52 2.1041e-07 ] 0.0000e+00 [ 0.0000e+00 ] 1.0000e+00
 3.502e+01 1.9361e-07 1.9361e-07 [ 1.8483e-78 4.0496e-52 1.9361e-07 ] 0.0000e+00 [ 0.0000e+00 ] 1.0000e+00
 3.513e+01 1.7810e-07 1.7810e-07 [ 7.9448e-79 2.1036e-52 1.7810e-07 ] 0.0000e+00 [ 0.0000e+00 ] 1.0000e+00
 3.525e+01 1.6377e-07 1.6377e-07 [ 3.4125e-79 1.0915e-52 1.6377e-07 ] 0.0000e+00 [ 0.0000e+00 ] 1.0000e+00
 3.536e+01 1.5055e-07 1.5055e-07 [ 1.4647e-79 5.6568e-53 1.5055e-07 ] 0.0000e+00 [ 0.0000e+00 ] 1.0000e+00
 3.547e+01 1.3835e-07 1.3835e-07 [ 6.2827e-80 2.9283e-53 1.3835e-07 ] 0.0000e+00 [ 0.0000e+00 ] 1.0000e+00
 3.559e+01 1.2710e-07 1.2710e-07 [ 2.6929e-80 1.5141e-53 1.2710e-07 ] 0.0000e+00 [ 0.0000e+00 ] 1.0000e+00
 3.570e+01 1.1672e-07 1.1672e-07 [ 1.1535e-80 7.8203e-54 1.1672e-07 ] 0.0000e+00 [ 0.0000e+00 ] 1.0000e+00
 3.581e+01 1.0715e-07 1.0715e-07 [ 4.9373e-81 4.0345e-54 1.0715e-07 ] 0.0000e+00 [ 0.0000e+00 ] 1.0000e+00
 3.593e+01 9.8341e-08 9.8341e-08 [ 2.1119e-81 2.0790e-54 9.8341e-08 ] 0.0000e+00 [ 0.0000e+00 ] 1.0000e+00
 3.604e+01 9.0222e-08 9.0222e-08 [ 9.0274e-82 1.0702e-54 9.0222e-08 ] 0.0000e+00 [ 0.0000e+00 ] 1.0000e+00
 3.615e+01 8.2746e-08 8.2746e-08 [ 3.8562e-82 5.5024e-55 8.2746e-08 ] 0.0000e+00 [ 0.0000e+00 ] 1.0000e+00
 3.627e+01 7.5865e-08 7.5865e-08 [ 1.6461e-82 2.8260e-55 7.5865e-08 ] 0.0000e+00 [ 0.0000e+00 ] 1.0000e+00
 3.638e+01 6.9534e-08 6.9534e-08 [ 7.0224e-83 1.4498e-55 6.9534e-08 ] 0.0000e+00 [ 0.0000e+00 ] 1.0000e+00
 3.649e+01 6.3709e-08 6.3709e-08 [ 2.9937e-83 7.4298e-56 6.3709e-08 ] 0.0000e+00 [ 0.0000e+00 ] 1.0000e+00
 3.661e+01 5.8354e-08 5.8354e-08 [ 1.2754e-83 3.8034e-56 5.8354e-08 ] 0.0000e+00 [ 0.0000e+00 ] 1.0000e+00
 3.672e+01 5.3431e-08 5.3431e-08 [ 5.4303e-84 1.9449e-56 5.3431e-08 ] 0.0000e+00 [ 0.0000e+00 ] 1.0000e+00
 3.683e+01 4.8907e-08 4.8907e-08 [ 2.3105e-84 9.9344e-57 4.8907e-08 ] 0.0000e+00 [ 0.0000e+00 ] 1.0000e+00
 3.695e+01 4.4752e-08 4.4752e-08 [ 9.8244e-85 5.0690e-57 4.4752e-08 ] 0.0000e+00 [ 0.0000e+00 ] 1.0000e+00
 3.706e+01 4.0936e-08 4.0936e-08 [ 4.1747e-85 2.5837e-57 4.0936e-08 ] 0.0000e+00 [ 0.0000e+00 ] 1.0000e+00
 3.717e+01 3.7433e-08 3.7433e-08 [ 1.7729e-85 1.3155e-57 3.7433e-08 ] 0.0000e+00 [ 0.0000e+00 ] 1.0000e+00
 3.729e+01 3.4219e-08 3.4219e-08 [ 7.5241e-86 6.6912e-58 3.4219e-08 ] 0.0000e+00 [ 0.0000e+00 ] 1.0000e+00
 3.740e+01 3.1271e-08 3.1271e-08 [ 3.1912e-86 3.3998e-58 3.1271e-08 ] 0.0000e+00 [ 0.0000e+00 ] 1.0000e+00
 3.751e+01 2.8567e-08 2.8567e-08 [ 1.3526e-86 1.7256e-58 2.8567e-08 ] 0.0000e+00 [ 0.0000e+00 ] 1.0000e+00
 3.763e+01 2.6089e-08 2.6089e-08 [ 5.7299e-87 8.7493e-59 2.6089e-08 ] 0.0000e+00 [ 0.0000e+00 ] 1.0000e+00
 3.774e+01 2.3817e-08 2.3817e-08 [ 2.4257e-87 4.4316e-59 2.3817e-08 ] 0.0000e+00 [ 0.0000e+00 ] 1.0000e+00
 3.785e+01 2.1737e-08 2.1737e-08 [ 1.0263e-87 2.2423e-59 2.1737e-08 ] 0.0000e+00 [ 0.0000e+00 ] 1.0000e+00
 3.797e+01 1.9832e-08 1.9832e-08 [ 4.3395e-88 1.1334e-59 1.9832e-08 ] 0.0000e+00 [ 0.0000e+00 ] 1.0000e+00
 3.808e+01 1.8087e-08 1.8087e-08 [ 1.8338e-88 5.7233e-60 1.8087e-08 ] 0.0000e+00 [ 0.0000e+00 ] 1.0000e+00
 3.819e+01 1.6491e-08 1.6491e-08 [ 7.7444e-89 2.8871e-60 1.6491e-08 ] 0.0000e+00 [ 0.0000e+00 ] 1.0000e+00
 3.831e+01 1.5031e-08 1.5031e-08 [ 3.2687e-89 1.4549e-60 1.5031e-08 ] 0.0000e+00 [ 0.0000e+00 ] 1.0000e+00
 3.842e+01 1.3695e-08 1.3695e-08 [ 1.3788e-89 7.3245e-61 1.3695e-08 ] 0.0000e+00 [ 0.0000e+00 ] 1.0000e+00
 3.853e+01 1.2475e-08 1.2475e-08 [ 5.8126e-90 3.6837e-61 1.2475e-08 ] 0.0000e+00 [ 0.0000e+00 ] 1.0000e+00
 3.865e+01 1.1359e-08 1.1359e-08 [ 2.4490e-90 1.8508e-61 1.1359e-08 ] 0.0000e+00 [ 0.0000e+00 ] 1.0000e+00
 3.876e+01 1.0340e-08 1.0340e-08 [ 1.0312e-90 9.2899e-62 1.0340e-08 ] 0.0000e+00 [ 0.0000e+00 ] 1.0000e+00
 3.887e+01 9.4088e-09 9.4088e-09 [ 4.3398e-91 4.6584e-62 9.4088e-09 ] 0.0000e+00 [ 0.0000e+00 ] 1.0000e+00
 3.899e+01 8.5590e-09 8.5590e-09 [ 1.8253e-91 2.3336e-62 8.5590e-09 ] 0.0000e+00 [ 0.0000e+00 ] 1.0000e+00
 3.910e+01 7.7834e-09 7.7834e-09 [ 7.6728e-92 1.1679e-62 7.7834e-09 ] 0.0000e+00 [ 0.0000e+00 ] 1.0000e+00
 3.921e+01 7.0757e-09 7.0757e-09 [ 3.2235e-92 5.8393e-63 7.0757e-09 ] 0.0000e+00 [ 0.0000e+00 ] 1.0000e+00
 3.933e+01 6.4304e-09 6.4304e-09 [ 1.3535e-92 2.9168e-63 6.4304e-09 ] 0.0000e+00 [ 0.0000e+00 ] 1.0000e+00
 3.944e+01 5.8420e-09 5.8420e-09 [ 5.6799e-93 1.4555e-63 5.8420e-09 ] 0.0000e+00 [ 0.0000e+00 ] 1.0000e+00
 3.955e+01 5.3057e-09 5.3057e-09 [ 2.3822e-93 7.2566e-64 5.3057e-09 ] 0.0000e+00 [ 0.0000e+00 ] 1.0000e+00
 3.967e+01 4.8171e-09 4.8171e-09 [ 9.9860e-94 3.6144e-64 4.8171e-09 ] 0.0000e+00 [ 0.0000e+00 ] 1.0000e+00
 3.978e+01 4.3720e-09 4.3720e-09 [ 4.1837e-94 1.7985e-64 4.3720e-09 ] 0.0000e+00 [ 0.0000e+00 ] 1.0000e+00
 3.989e+01 3.9668e-09 3.9668e-09 [ 1.7518e-94 8.9414e-65 3.9668e-09 ] 0.0000e+00 [ 0.0000e+00 ] 1.0000e+00
 4.001e+01 3.5980e-09 3.5980e-09 [ 7.3312e-95 4.4410e-65 3.5980e-09 ] 0.0000e+00 [ 0.0000e+00 ] 1.0000e+00
 4.012e+01 3.2624e-09 3.2624e-09 [ 3.0665e-95 2.2037e-65 3.2624e-09 ] 0.0000e+00 [ 0.0000e+00 ] 1.0000e+00
 4.023e+01 2.9572e-09 2.9572e-09 [ 1.2819e-95 1.0925e-65 2.9572e-09 ] 0.0000e+00 [ 0.0000e+00 ] 1.0000e+00
 4.035e+01 2.6796e-09 2.6796e-09 [ 5.3562e-96 5.4114e-66 2.6796e-09 ] 0.0000e+00 [ 0.0000e+00 ] 1.0000e+00
 4.046e+01 2.4274e-09 2.4274e-09 [ 2.2368e-96 2.6779e-66 2.4274e-09 ] 0.0000e+00 [ 0.0000e+00 ] 1.0000e+00
 4.057e+01 2.1981e-09 2.1981e-09 [ 9.3360e-97 1.3240e-66 2.1981e-09 ] 0.0000e+00 [ 0.0000e+00 ] 1.0000e+00
 4.069e+01 1.9899e-09 1.9899e-09 [ 3.8946e-97 6.5400e-67 1.9899e-09 ] 0.0000e+00 [ 0.0000e+00 ] 1.0000e+00
 4.080e+01 1.8008e-09 1.8008e-09 [ 1.6239e-97 3.2276e-67 1.8008e-09 ] 0.0000e+00 [ 0.0000e+00 ] 1.0000e+00
 4.091e+01 1.6292e-09 1.6292e-09 [ 6.7672e-98 1.5915e-67 1.6292e-09 ] 0.0000e+00 [ 0.0000e+00 ] 1.0000e+00
 4.103e+01 1.4734e-09 1.4734e-09 [ 2.8187e-98 7.8402e-68 1.4734e-09 ] 0.0000e+00 [ 0.0000e+00 ] 1.0000e+00
 4.114e+01 1.3321e-09 1.3321e-09 [ 1.1734e-98 3.8590e-68 1.3321e-09 ] 0.0000e+00 [ 0.0000e+00 ] 1.0000e+00
 4.125e+01 1.2040e-09 1.2040e-09 [ 4.8827e-99 1.8977e-68 1.2040e-09 ] 0.0000e+00 [ 0.0000e+00 ] 1.0000e+00
 4.137e+01 1.0878e-09 1.0878e-09 [ 2.0306e-99 9.3244e-69 1.0878e-09 ] 0.0000e+00 [ 0.0000e+00 ] 1.0000e+00
 4.148e+01 9.8255e-10 9.8255e-10 [ 8.4410e-100 4.5775e-69 9.8255e-10 ] 0.0000e+00 [ 0.0000e+00 ] 1.0000e+00
 4.159e+01 8.8719e-10 8.8719e-10 [ 3.5070e-100 2.2452e-69 8.8719e-10 ] 0.0000e+00 [ 0.0000e+00 ] 1.0000e+00
 4.171e+01 8.0082e-10 8.0082e-10 [ 1.4563e-100 1.1003e-69 8.0082e-10 ] 0.0000e+00 [ 0.0000e+00 ] 1.0000e+00
 4.182e+01 7.2263e-10 7.2263e-10 [ 6.0447e-101 5.3875e-70 7.2263e-10 ] 0.0000e+00 [ 0.0000e+00 ] 1.0000e+00
 4.193e+01 6.5186e-10 6.5186e-10 [ 2.5077e-101 2.6357e-70 6.5186e-10 ] 0.0000e+00 [ 0.0000e+00 ] 1.0000e+00
 4.205e+01 5.8784e-10 5.8784e-10 [ 1.0398e-101 1.2884e-70 5.8784e-10 ] 0.0000e+00 [ 0.0000e+00 ] 1.0000e+00
 4.216e+01 5.2993e-10 5.2993e-10 [ 4.3096e-102 6.2923e-71 5.2993e-10 ] 0.0000e+00 [ 0.0000e+00 ] 1.0000e+00
 4.227e+01 4.7757e-10 4.7757e-10 [ 1.7853e-102 3.0706e-71 4.7757e-10 ] 0.0000e+00 [ 0.0000e+00 ] 1.0000e+00
 4.239e+01 4.3025e-10 4.3025e-10 [ 7.3922e-103 1.4972e-71 4.3025e-10 ] 0.0000e+00 [ 0.0000e+00 ] 1.0000e+00
 4.250e+01 3.8750e-10 3.8750e-10 [ 3.0593e-103 7.2938e-72 3.8750e-10 ] 0.0000e+00 [ 0.0000e+00 ] 1.0000e+00
 4.261e+01 3.4888e-10 3.4888e-10 [ 1.2655e-103 3.5504e-72 3.4888e-10 ] 0.0000e+00 [ 0.0000e+00 ] 1.0000e+00
 4.273e+01 3.1401e-10 3.1401e-10 [ 5.2327e-104 1.7268e-72 3.1401e-10 ] 0.0000e+00 [ 0.0000e+00 ] 1.0000e+00
 4.284e+01 2.8253e-10 2.8253e-10 [ 2.1626e-104 8.3918e-73 2.8253e-10 ] 0.0000e+00 [ 0.0000e+00 ] 1.0000e+00
 4.295e+01 2.5413e-10 2.5413e-10 [ 8.9333e-105 4.0748e-73 2.5413e-10 ] 0.0000e+00 [ 0.0000e+00 ] 1.0000e+00
 4.307e+01 2.2851e-10 2.2851e-10 [ 3.6885e-105 1.9770e-73 2.2851e-10 ] 0.0000e+00 [ 0.0000e+00 ] 1.0000e+00
 4.318e+01 2.0541e-10 2.0541e-10 [ 1.5223e-105 9.5844e-74 2.0541e-10 ] 0.0000e+00 [ 0.0000e+00 ] 1.0000e+00
 4.329e+01 1.8458e-10 1.8458e-10 [ 6.2797e-106 4.6427e-74 1.8458e-10 ] 0.0000e+00 [ 0.0000e+00 ] 1.0000e+00
 4.341e+01 1.6581e-10 1.6581e-10 [ 2.5893e-106 2.2471e-74 1.6581e-10 ] 0.0000e+00 [ 0.0000e+00 ] 1.0000e+00
 4.352e+01 1.4891e-10 1.4891e-10 [ 1.0672e-106 1.0868e-74 1.4891e-10 ] 0.0000e+00 [ 0.0000e+00 ] 1.0000e+00
 4.363e+01 1.3368e-10 1.3368e-10 [ 4.3964e-107 5.2518e-75 1.3368e-10 ] 0.0000e+00 [ 0.0000e+00 ] 1.0000e+00
 4.375e+01 1.1997e-10 1.1997e-10 [ 1.8103e-107 2.5359e-75 1.1997e-10 ] 0.0000e+00 [ 0.0000e+00 ] 1.0000e+00
 4.386e+01 1.0764e-10 1.0764e-10 [ 7.4512e-108 1.2235e-75 1.0764e-10 ] 0.0000e+00 [ 0.0000e+00 ] 1.0000e+00
 4.397e+01 9.6540e-11 9.6540e-11 [ 3.0655e-108 5.8987e-76 9.6540e-11 ] 0.0000e+00 [ 0.0000e+00 ] 1.0000e+00
 4.409e+01 8.6558e-11 8.6558e-11 [ 1.2607e-108 2.8416e-76 8.6558e-11 ] 0.0000e+00 [ 0.0000e+00 ] 1.0000e+00
 4.420e+01 7.7584e-11 7.7584e-11 [ 5.1820e-109 1.3679e-76 7.7584e-11 ] 0.0000e+00 [ 0.0000e+00 ] 1.0000e+00
 4.431e+01 6.9518e-11 6.9518e-11 [ 2.1291e-109 6.5793e-77 6.9518e-11 ] 0.0000e+00 [ 0.0000e+00 ] 1.0000e+00
 4.443e+01 6.2271e-11 6.2271e-11 [ 8.7444e-110 3.1622e-77 6.2271e-11 ] 0.0000e+00 [ 0.0000e+00 ] 1.0000e+00
 4.454e+01 5.5761e-11 5.5761e-11 [ 3.5898e-110 1.5187e-77 5.5761e-11 ] 0.0000e+00 [ 0.0000e+00 ] 1.0000e+00
 4.465e+01 4.9917e-11 4.9917e-11 [ 1.4731e-110 7.2880e-78 4.9917e-11 ] 0.0000e+00 [ 0.0000e+00 ] 1.0000e+00
 4.477e+01 4.4670e-11 4.4670e-11 [ 6.0421e-111 3.4949e-78 4.4670e-11 ] 0.0000e+00 [ 0.0000e+00 ] 1.0000e+00
 4.488e+01 3.9963e-11 3.9963e-11 [ 2.4773e-111 1.6747e-78 3.9963e-11 ] 0.0000e+00 [ 0.0000e+00 ] 1.0000e+00
 4.499e+01 3.5740e-11 3.5740e-11 [ 1.0153e-111 8.0185e-79 3.5740e-11 ] 0.0000e+00 [ 0.0000e+00 ] 1.0000e+00
 4.511e+01 3.1953e-11 3.1953e-11 [ 4.1591e-112 3.8366e-79 3.1953e-11 ] 0.0000e+00 [ 0.0000e+00 ] 1.0000e+00
 4.522e+01 2.8558e-11 2.8558e-11 [ 1.7031e-112 1.8343e-79 2.8558e-11 ] 0.0000e+00 [ 0.0000e+00 ] 1.0000e+00
 4.533e+01 2.5516e-11 2.5516e-11 [ 6.9711e-113 8.7635e-80 2.5516e-11 ] 0.0000e+00 [ 0.0000e+00 ] 1.0000e+00
 4.545e+01 2.2791e-11 2.2791e-11 [ 2.8523e-113 4.1837e-80 2.2791e-11 ] 0.0000e+00 [ 0.0000e+00 ] 1.0000e+00
 4.556e+01 2.0350e-11 2.0350e-11 [ 1.1665e-113 1.9959e-80 2.0350e-11 ] 0.0000e+00 [ 0.0000e+00 ] 1.0000e+00
 4.567e+01 1.8165e-11 1.8165e-11 [ 4.7690e-114 9.5147e-81 1.8165e-11 ] 0.0000e+00 [ 0.0000e+00 ] 1.0000e+00
 4.579e+01 1.6210e-11 1.6210e-11 [ 1.9489e-114 4.5325e-81 1.6210e-11 ] 0.0000e+00 [ 0.0000e+00 ] 1.0000e+00
 4.590e+01 1.4460e-11 1.4460e-11 [ 7.9610e-115 2.1576e-81 1.4460e-11 ] 0.0000e+00 [ 0.0000e+00 ] 1.0000e+00
 4.601e+01 1.2895e-11 1.2895e-11 [ 3.2507e-115 1.0263e-81 1.2895e-11 ] 0.0000e+00 [ 0.0000e+00 ] 1.0000e+00
 4.613e+01 1.1496e-11 1.1496e-11 [ 1.3268e-115 4.8787e-82 1.1496e-11 ] 0.0000e+00 [ 0.0000e+00 ] 1.0000e+00
 4.624e+01 1.0246e-11 1.0246e-11 [ 5.4135e-116 2.3174e-82 1.0246e-11 ] 0.0000e+00 [ 0.0000e+00 ] 1.0000e+00
 4.635e+01 9.1282e-12 9.1282e-12 [ 2.2079e-116 1.1000e-82 9.1282e-12 ] 0.0000e+00 [ 0.0000e+00 ] 1.0000e+00
 4.647e+01 8.1301e-12 8.1301e-12 [ 9.0012e-117 5.2180e-83 8.1301e-12 ] 0.0000e+00 [ 0.0000e+00 ] 1.0000e+00
 4.658e+01 7.2388e-12 7.2388e-12 [ 3.6682e-117 2.4734e-83 7.2388e-12 ] 0.0000e+00 [ 0.0000e+00 ] 1.0000e+00
 4.669e+01 6.4432e-12 6.4432e-12 [ 1.4943e-117 1.1716e-83 6.4432e-12 ] 0.0000e+00 [ 0.0000e+00 ] 1.0000e+00
 4.681e+01 5.7333e-12 5.7333e-12 [ 6.0851e-118 5.5459e-84 5.7333e-12 ] 0.0000e+00 [ 0.0000e+00 ] 1.0000e+00
 4.692e+01 5.0999e-12 5.0999e-12 [ 2.4770e-118 2.6234e-84 5.0999e-12 ] 0.0000e+00 [ 0.0000e+00 ] 1.0000e+00
 4.703e+01 4.5351e-12 4.5351e-12 [ 1.0079e-118 1.2401e-84 4.5351e-12 ] 0.0000e+00 [ 0.0000e+00 ] 1.0000e+00
 4.715e+01 4.0316e-12 4.0316e-12 [ 4.0996e-119 5.8581e-85 4.0316e-12 ] 0.0000e+00 [ 0.0000e+00 ] 1.0000e+00
 4.726e+01 3.5828e-12 3.5828e-12 [ 1.6669e-119 2.7654e-85 3.5828e-12 ] 0.0000e+00 [ 0.0000e+00 ] 1.0000e+00
 4.737e+01 3.1830e-12 3.1830e-12 [ 6.7750e-120 1.3046e-85 3.1830e-12 ] 0.0000e+00 [ 0.0000e+00 ] 1.0000e+00
 4.749e+01 2.8269e-12 2.8269e-12 [ 2.7526e-120 6.1501e-86 2.8269e-12 ] 0.0000e+00 [ 0.0000e+00 ] 1.0000e+00
 4.760e+01 2.5099e-12 2.5099e-12 [ 1.1180e-120 2.8974e-86 2.5099e-12 ] 0.0000e+00 [ 0.0000e+00 ] 1.0000e+00
 4.771e+01 2.2277e-12 2.2277e-12 [ 4.5388e-121 1.3641e-86 2.2277e-12 ] 0.0000e+00 [ 0.0000e+00 ] 1.0000e+00
 4.783e+01 1.9766e-12 1.9766e-12 [ 1.8421e-121 6.4180e-87 1.9766e-12 ] 0.0000e+00 [ 0.0000e+00 ] 1.0000e+00
 4.794e+01 1.7533e-12 1.7533e-12 [ 7.4732e-122 3.0176e-87 1.7533e-12 ] 0.0000e+00 [ 0.0000e+00 ] 1.0000e+00
 4.805e+01 1.5547e-12 1.5547e-12 [ 3.0307e-122 1.4179e-87 1.5547e-12 ] 0.0000e+00 [ 0.0000e+00 ] 1.0000e+00
 4.817e+01 1.3782e-12 1.3782e-12 [ 1.2287e-122 6.6579e-88 1.3782e-12 ] 0.0000e+00 [ 0.0000e+00 ] 1.0000e+00
 4.828e+01 1.2213e-12 1.2213e-12 [ 4.9793e-123 3.1243e-88 1.2213e-12 ] 0.0000e+00 [ 0.0000e+00 ] 1.0000e+00
 4.839e+01 1.0820e-12 1.0820e-12 [ 2.0172e-123 1.4651e-88 1.0820e-12 ] 0.0000e+00 [ 0.0000e+00 ] 1.0000e+00
 4.851e+01 9.5822e-13 9.5822e-13 [ 8.1690e-124 6.8664e-89 9.5822e-13 ] 0.0000e+00 [ 0.0000e+00 ] 1.0000e+00
 4.862e+01 8.4835e-13 8.4835e-13 [ 3.3070e-124 3.2159e-89 8.4835e-13 ] 0.0000e+00 [ 0.0000e+00 ] 1.0000e+00
 4.873e+01 7.5085e-13 7.5085e-13 [ 1.3383e-124 1.5052e-89 7.5085e-13 ] 0.0000e+00 [ 0.0000e+00 ] 1.0000e+00
 4.885e+01 6.6434e-13 6.6434e-13 [ 5.4140e-125 7.0406e-90 6.6434e-13 ] 0.0000e+00 [ 0.0000e+00 ] 1.0000e+00
 4.896e+01 5.8762e-13 5.8762e-13 [ 2.1894e-125 3.2912e-90 5.8762e-13 ] 0.0000e+00 [ 0.0000e+00 ] 1.0000e+00
 4.907e+01 5.1959e-13 5.1959e-13 [ 8.8510e-126 1.5375e-90 5.1959e-13 ] 0.0000e+00 [ 0.0000e+00 ] 1.0000e+00
 4.919e+01 4.5930e-13 4.5930e-13 [ 3.5769e-126 7.1783e-91 4.5930e-13 ] 0.0000e+00 [ 0.0000e+00 ] 1.0000e+00
 4.930e+01 4.0587e-13 4.0587e-13 [ 1.4450e-126 3.3492e-91 4.0587e-13 ] 0.0000e+00 [ 0.0000e+00 ] 1.0000e+00
 4.941e+01 3.5855e-13 3.5855e-13 [ 5.8356e-127 1.5617e-91 3.5855e-13 ] 0.0000e+00 [ 0.0000e+00 ] 1.0000e+00
 4.953e+01 3.1665e-13 3.1665e-13 [ 2.3559e-127 7.2776e-92 3.1665e-13 ] 0.0000e+00 [ 0.0000e+00 ] 1.0000e+00
 4.964e+01 2.7955e-13 2.7955e-13 [ 9.5078e-128 3.3893e-92 2.7955e-13 ] 0.0000e+00 [ 0.0000e+00 ] 1.0000e+00
 4.975e+01 2.4673e-13 2.4673e-13 [ 3.8358e-128 1.5775e-92 2.4673e-13 ] 0.0000e+00 [ 0.0000e+00 ] 1.0000e+00
 4.987e+01 2.1769e-13 2.1769e-13 [ 1.5470e-128 7.3376e-93 2.1769e-13 ] 0.0000e+00 [ 0.0000e+00 ] 1.0000e+00
 4.998e+01 1.9201e-13 1.9201e-13 [ 6.2370e-129 3.4110e-93 1.9201e-13 ] 0.0000e+00 [ 0.0000e+00 ] 1.0000e+00
 5.009e+01 1.6930e-13 1.6930e-13 [ 2.5137e-129 1.5847e-93 1.6930e-13 ] 0.0000e+00 [ 0.0000e+00 ] 1.0000e+00
 5.021e+01 1.4923e-13 1.4923e-13 [ 1.0128e-129 7.3576e-94 1.4923e-13 ] 0.0000e+00 [ 0.0000e+00 ] 1.0000e+00
 5.032e+01 1.3151e-13 1.3151e-13 [ 4.0792e-130 3.4141e-94 1.3151e-13 ] 0.0000e+00 [ 0.0000e+00 ] 1.0000e+00
 5.043e+01 1.1585e-13 1.1585e-13 [ 1.6425e-130 1.5833e-94 1.1585e-13 ] 0.0000e+00 [ 0.0000e+00 ] 1.0000e+00
 5.055e+01 1.0202e-13 1.0202e-13 [ 6.6111e-131 7.3380e-95 1.0202e-13 ] 0.0000e+00 [ 0.0000e+00 ] 1.0000e+00
 5.066e+01 8.9816e-14 8.9816e-14 [ 2.6602e-131 3.3990e-95 8.9816e-14 ] 0.0000e+00 [ 0.0000e+00 ] 1.0000e+00
 5.077e+01 7.9047e-14 7.9047e-14 [ 1.0701e-131 1.5735e-95 7.9047e-14 ] 0.0000e+00 [ 0.0000e+00 ] 1.0000e+00
 5.089e+01 6.9548e-14 6.9548e-14 [ 4.3029e-132 7.2796e-96 6.9548e-14 ] 0.0000e+00 [ 0.0000e+00 ] 1.0000e+00
 5.100e+01 6.1171e-14 6.1171e-14 [ 1.7297e-132 3.3660e-96 6.1171e-14 ] 0.0000e+00 [ 0.0000e+00 ] 1.0000e+00
 5.111e+01 5.3786e-14 5.3786e-14 [ 6.9513e-133 1.5555e-96 5.3786e-14 ] 0.0000e+00 [ 0.0000e+00 ] 1.0000e+00
 5.123e+01 4.7278e-14 4.7278e-14 [ 2.7926e-133 7.1839e-97 4.7278e-14 ] 0.0000e+00 [ 0.0000e+00 ] 1.0000e+00
 5.134e+01 4.1545e-14 4.1545e-14 [ 1.1216e-133 3.3159e-97 4.1545e-14 ] 0.0000e+00 [ 0.0000e+00 ] 1.0000e+00
 5.145e+01 3.6496e-14 3.6496e-14 [ 4.5029e-134 1.5297e-97 3.6496e-14 ] 0.0000e+00 [ 0.0000e+00 ] 1.0000e+00
 5.157e+01 3.2050e-14 3.2050e-14 [ 1.8073e-134 7.0527e-98 3.2050e-14 ] 0.0000e+00 [ 0.0000e+00 ] 1.0000e+00
 5.168e+01 2.8137e-14 2.8137e-14 [ 7.2517e-135 3.2498e-98 2.8137e-14 ] 0.0000e+00 [ 0.0000e+00 ] 1.0000e+00
 5.179e+01 2.4694e-14 2.4694e-14 [ 2.9088e-135 1.4966e-98 2.4694e-14 ] 0.0000e+00 [ 0.0000e+00 ] 1.0000e+00
 5.191e+01 2.1666e-14 2.1666e-14 [ 1.1664e-135 6.8885e-99 2.1666e-14 ] 0.0000e+00 [ 0.0000e+00 ] 1.0000e+00
 5.202e+01 1.9003e-14 1.9003e-14 [ 4.6758e-136 3.1688e-99 1.9003e-14 ] 0.0000e+00 [ 0.0000e+00 ] 1.0000e+00
 5.213e+01 1.6662e-14 1.6662e-14 [ 1.8738e-136 1.4569e-99 1.6662e-14 ] 0.0000e+00 [ 0.0000e+00 ] 1.0000e+00
 5.225e+01 1.4605e-14 1.4605e-14 [ 7.5071e-137 6.6943e-100 1.4605e-14 ] 0.0000e+00 [ 0.0000e+00 ] 1.0000e+00
 5.236e+01 1.2798e-14 1.2798e-14 [ 3.0067e-137 3.0743e-100 1.2798e-14 ] 0.0000e+00 [ 0.0000e+00 ] 1.0000e+00
 5.247e+01 1.1211e-14 1.1211e-14 [ 1.2038e-137 1.4111e-100 1.1211e-14 ] 0.0000e+00 [ 0.0000e+00 ] 1.0000e+00
 5.259e+01 9.8182e-15 9.8182e-15 [ 4.8186e-138 6.4732e-101 9.8182e-15 ] 0.0000e+00 [ 0.0000e+00 ] 1.0000e+00
 5.270e+01 8.5954e-15 8.5954e-15 [ 1.9282e-138 2.9679e-101 8.5954e-15 ] 0.0000e+00 [ 0.0000e+00 ] 1.0000e+00
 5.281e+01 7.5227e-15 7.5227e-15 [ 7.7134e-139 1.3600e-101 7.5227e-15 ] 0.0000e+00 [ 0.0000e+00 ] 1.0000e+00
 5.293e+01 6.5817e-15 6.5817e-15 [ 3.0847e-139 6.2286e-102 6.5817e-15 ] 0.0000e+00 [ 0.0000e+00 ] 1.0000e+00
 5.304e+01 5.7567e-15 5.7567e-15 [ 1.2333e-139 2.8511e-102 5.7567e-15 ] 0.0000e+00 [ 0.0000e+00 ] 1.0000e+00
 5.315e+01 5.0335e-15 5.0335e-15 [ 4.9292e-140 1.3044e-102 5.0335e-15 ] 0.0000e+00 [ 0.0000e+00 ] 1.0000e+00
 5.327e+01 4.3999e-15 4.3999e-15 [ 1.9696e-140 5.9642e-103 4.3999e-15 ] 0.0000e+00 [ 0.0000e+00 ] 1.0000e+00
 5.338e+01 3.8448e-15 3.8448e-15 [ 7.8675e-141 2.7257e-103 3.8448e-15 ] 0.0000e+00 [ 0.0000e+00 ] 1.0000e+00
 5.349e+01 3.3587e-15 3.3587e-15 [ 3.1418e-141 1.2450e-103 3.3587e-15 ] 0.0000e+00 [ 0.0000e+00 ] 1.0000e+00
 5.361e+01 2.9331e-15 2.9331e-15 [ 1.2543e-141 5.6838e-104 2.9331e-15 ] 0.0000e+00 [ 0.0000e+00 ] 1.0000e+00
 5.372e+01 2.5607e-15 2.5607e-15 [ 5.0060e-142 2.5934e-104 2.5607e-15 ] 0.0000e+00 [ 0.0000e+00 ] 1.0000e+00
 5.383e+01 2.2349e-15 2.2349e-15 [ 1.9974e-142 1.1827e-104 2.2349e-15 ] 0.0000e+00 [ 0.0000e+00 ] 1.0000e+00
 5.395e+01 1.9499e-15 1.9499e-15 [ 7.9673e-143 5.3909e-105 1.9499e-15 ] 0.0000e+00 [ 0.0000e+00 ] 1.0000e+00
 5.406e+01 1.7007e-15 1.7007e-15 [ 3.1772e-143 2.4559e-105 1.7007e-15 ] 0.0000e+00 [ 0.0000e+00 ] 1.0000e+00
 5.417e+01 1.4830e-15 1.4830e-15 [ 1.2666e-143 1.1183e-105 1.4830e-15 ] 0.0000e+00 [ 0.0000e+00 ] 1.0000e+00
 5.429e+01 1.2927e-15 1.2927e-15 [ 5.0482e-144 5.0892e-106 1.2927e-15 ] 0.0000e+00 [ 0.0000e+00 ] 1.0000e+00
 5.440e+01 1.1264e-15 1.1264e-15 [ 2.0114e-144 2.3149e-106 1.1264e-15 ] 0.0000e+00 [ 0.0000e+00 ] 1.0000e+00
 5.451e+01 9.8130e-16 9.8130e-16 [ 8.0122e-145 1.0524e-106 9.8130e-16 ] 0.0000e+00 [ 0.0000e+00 ] 1.0000e+00
 5.463e+01 8.5459e-16 8.5459e-16 [ 3.1907e-145 4.7822e-107 8.5459e-16 ] 0.0000e+00 [ 0.0000e+00 ] 1.0000e+00
 5.474e+01 7.4401e-16 7.4401e-16 [ 1.2703e-145 2.1720e-107 7.4401e-16 ] 0.0000e+00 [ 0.0000e+00 ] 1.0000e+00
 5.485e+01 6.4754e-16 6.4754e-16 [ 5.0558e-146 9.8594e-108 6.4754e-16 ] 0.0000e+00 [ 0.0000e+00 ] 1.0000e+00
 5.497e+01 5.6341e-16 5.6341e-16 [ 2.0117e-146 4.4734e-108 5.6341e-16 ] 0.0000e+00 [ 0.0000e+00 ] 1.0000e+00
 5.508e+01 4.9005e-16 4.9005e-16 [ 8.0024e-147 2.0286e-108 4.9005e-16 ] 0.0000e+00 [ 0.0000e+00 ] 1.0000e+00
 5.519e+01 4.2612e-16 4.2612e-16 [ 3.1825e-147 9.1949e-109 4.2612e-16 ] 0.0000e+00 [ 0.0000e+00 ] 1.0000e+00
 5.531e+01 3.7041e-16 3.7041e-16 [ 1.2653e-147 4.1656e-109 3.7041e-16 ] 0.0000e+00 [ 0.0000e+00 ] 1.0000e+00
 5.542e+01 3.2189e-16 3.2189e-16 [ 5.0292e-148 1.8862e-109 3.2189e-16 ] 0.0000e+00 [ 0.0000e+00 ] 1.0000e+00
 5.553e+01 2.7963e-16 2.7963e-16 [ 1.9985e-148 8.5369e-110 2.7963e-16 ] 0.0000e+00 [ 0.0000e+00 ] 1.0000e+00
 5.565e+01 2.4285e-16 2.4285e-16 [ 7.9393e-149 3.8618e-110 2.4285e-16 ] 0.0000e+00 [ 0.0000e+00 ] 1.0000e+00
 5.576e+01 2.1084e-16 2.1084e-16 [ 3.1532e-149 1.7461e-110 2.1084e-16 ] 0.0000e+00 [ 0.0000e+00 ] 1.0000e+00
 5.587e+01 1.8300e-16 1.8300e-16 [ 1.2520e-149 7.8910e-111 1.8300e-16 ] 0.0000e+00 [ 0.0000e+00 ] 1.0000e+00
 5.599e+01 1.5878e-16 1.5878e-16 [ 4.9699e-150 3.5644e-111 1.5878e-16 ] 0.0000e+00 [ 0.0000e+00 ] 1.0000e+00
 5.610e+01 1.3773e-16 1.3773e-16 [ 1.9723e-150 1.6093e-111 1.3773e-16 ] 0.0000e+00 [ 0.0000e+00 ] 1.0000e+00
 5.621e+01 1.1943e-16 1.1943e-16 [ 7.8253e-151 7.2623e-112 1.1943e-16 ] 0.0000e+00 [ 0.0000e+00 ] 1.0000e+00
 5.633e+01 1.0353e-16 1.0353e-16 [ 3.1039e-151 3.2757e-112 1.0353e-16 ] 0.0000e+00 [ 0.0000e+00 ] 1.0000e+00
 5.644e+01 8.9716e-17 8.9716e-17 [ 1.2309e-151 1.4768e-112 8.9716e-17 ] 0.0000e+00 [ 0.0000e+00 ] 1.0000e+00
 5.655e+01 7.7724e-17 7.7724e-17 [ 4.8797e-152 6.6550e-113 7.7724e-17 ] 0.0000e+00 [ 0.0000e+00 ] 1.0000e+00
 5.667e+01 6.7315e-17 6.7315e-17 [ 1.9341e-152 2.9975e-113 6.7315e-17 ] 0.0000e+00 [ 0.0000e+00 ] 1.0000e+00
 5.678e+01 5.8281e-17 5.8281e-17 [ 7.6638e-153 1.3495e-113 5.8281e-17 ] 0.0000e+00 [ 0.0000e+00 ] 1.0000e+00
 5.689e+01 5.0445e-17 5.0445e-17 [ 3.0360e-153 6.0725e-114 5.0445e-17 ] 0.0000e+00 [ 0.0000e+00 ] 1.0000e+00
 5.701e+01 4.3648e-17 4.3648e-17 [ 1.2024e-153 2.7313e-114 4.3648e-17 ] 0.0000e+00 [ 0.0000e+00 ] 1.0000e+00
 5.712e+01 3.7756e-17 3.7756e-17 [ 4.7610e-154 1.2279e-114 3.7756e-17 ] 0.0000e+00 [ 0.0000e+00 ] 1.0000e+00
 5.723e+01 3.2649e-17 3.2649e-17 [ 1.8847e-154 5.5177e-115 3.2649e-17 ] 0.0000e+00 [ 0.0000e+00 ] 1.0000e+00
 5.735e+01 2.8225e-17 2.8225e-17 [ 7.4587e-155 2.4783e-115 2.8225e-17 ] 0.0000e+00 [ 0.0000e+00 ] 1.0000e+00
 5.746e+01 2.4392e-17 2.4392e-17 [ 2.9511e-155 1.1126e-115 2.4392e-17 ] 0.0000e+00 [ 0.0000e+00 ] 1.0000e+00
 5.757e+01 2.1074e-17 2.1074e-17 [ 1.1673e-155 4.9929e-116 2.1074e-17 ] 0.0000e+00 [ 0.0000e+00 ] 1.0000e+00
 5.769e+01 1.8201e-17 1.8201e-17 [ 4.6165e-156 2.2395e-116 1.8201e-17 ] 0.0000e+00 [ 0.0000e+00 ] 1.0000e+00
 5.780e+01 1.5715e-17 1.5715e-17 [ 1.8252e-156 1.0040e-116 1.5715e-17 ] 0.0000e+00 [ 0.0000e+00 ] 1.0000e+00
 5.791e+01 1.3565e-17 1.3565e-17 [ 7.2147e-157 4.4994e-117 1.3565e-17 ] 0.0000e+00 [ 0.0000e+00 ] 1.0000e+00
 5.803e+01 1.1705e-17 1.1705e-17 [ 2.8511e-157 2.0154e-117 1.1705e-17 ] 0.0000e+00 [ 0.0000e+00 ] 1.0000e+00
 5.814e+01 1.0097e-17 1.0097e-17 [ 1.1264e-157 9.0236e-118 1.0097e-17 ] 0.0000e+00 [ 0.0000e+00 ] 1.0000e+00
 5.825e+01 8.7072e-18 8.7072e-18 [ 4.4493e-158 4.0383e-118 8.7072e-18 ] 0.0000e+00 [ 0.0000e+00 ] 1.0000e+00
 5.837e+01 7.5065e-18 7.5065e-18 [ 1.7570e-158 1.8064e-118 7.5065e-18 ] 0.0000e+00 [ 0.0000e+00 ] 1.0000e+00
 5.848e+01 6.4694e-18 6.4694e-18 [ 6.9369e-159 8.0771e-119 6.4694e-18 ] 0.0000e+00 [ 0.0000e+00 ] 1.0000e+00
 5.859e+01 5.5739e-18 5.5739e-18 [ 2.7381e-159 3.6099e-119 5.5739e-18 ] 0.0000e+00 [ 0.0000e+00 ] 1.0000e+00
 5.871e+01 4.8009e-18 4.8009e-18 [ 1.0805e-159 1.6127e-119 4.8009e-18 ] 0.0000e+00 [ 0.0000e+00 ] 1.0000e+00
 5.882e+01 4.1338e-18 4.1338e-18 [ 4.2629e-160 7.2013e-120 4.1338e-18 ] 0.0000e+00 [ 0.0000e+00 ] 1.0000e+00
 5.893e+01 3.5583e-18 3.5583e-18 [ 1.6814e-160 3.2142e-120 3.5583e-18 ] 0.0000e+00 [ 0.0000e+00 ] 1.0000e+00
 5.905e+01 3.0621e-18 3.0621e-18 [ 6.6307e-161 1.4340e-120 3.0621e-18 ] 0.0000e+00 [ 0.0000e+00 ] 1.0000e+00
 5.916e+01 2.6342e-18 2.6342e-18 [ 2.6142e-161 6.3951e-121 2.6342e-18 ] 0.0000e+00 [ 0.0000e+00 ] 1.0000e+00
 5.927e+01 2.2654e-18 2.2654e-18 [ 1.0304e-161 2.8507e-121 2.2654e-18 ] 0.0000e+00 [ 0.0000e+00 ] 1.0000e+00
 5.939e+01 1.9477e-18 1.9477e-18 [ 4.0606e-162 1.2702e-121 1.9477e-18 ] 0.0000e+00 [ 0.0000e+00 ] 1.0000e+00
 5.950e+01 1.6740e-18 1.6740e-18 [ 1.5998e-162 5.6572e-122 1.6740e-18 ] 0.0000e+00 [ 0.0000e+00 ] 1.0000e+00
 5.961e+01 1.4383e-18 1.4383e-18 [ 6.3016e-163 2.5185e-122 1.4383e-18 ] 0.0000e+00 [ 0.0000e+00 ] 1.0000e+00
 5.973e+01 1.2354e-18 1.2354e-18 [ 2.4816e-163 1.1208e-122 1.2354e-18 ] 0.0000e+00 [ 0.0000e+00 ] 1.0000e+00
 5.984e+01 1.0609e-18 1.0609e-18 [ 9.7706e-164 4.9852e-123 1.0609e-18 ] 0.0000e+00 [ 0.0000e+00 ] 1.0000e+00
 5.995e+01 9.1068e-19 9.1068e-19 [ 3.8460e-164 2.2166e-123 9.1068e-19 ] 0.0000e+00 [ 0.0000e+00 ] 1.0000e+00
 6.007e+01 7.8152e-19 7.8152e-19 [ 1.5136e-164 9.8512e-124 7.8152e-19 ] 0.0000e+00 [ 0.0000e+00 ] 1.0000e+00
 6.018e+01 6.7047e-19 6.7047e-19 [ 5.9552e-165 4.3764e-124 6.7047e-19 ] 0.0000e+00 [ 0.0000e+00 ] 1.0000e+00
 6.029e+01 5.7503e-19 5.7503e-19 [ 2.3426e-165 1.9434e-124 5.7503e-19 ] 0.0000e+00 [ 0.0000e+00 ] 1.0000e+00
 6.041e+01 4.9303e-19 4.9303e-19 [ 9.2130e-166 8.6265e-125 4.9303e-19 ] 0.0000e+00 [ 0.0000e+00 ] 1.0000e+00
 6.052e+01 4.2259e-19 4.2259e-19 [ 3.6225e-166 3.8275e-125 4.2259e-19 ] 0.0000e+00 [ 0.0000e+00 ] 1.0000e+00
 6.063e+01 3.6210e-19 3.6210e-19 [ 1.4240e-166 1.6976e-125 3.6210e-19 ] 0.0000e+00 [ 0.0000e+00 ] 1.0000e+00
 6.075e+01 3.1018e-19 3.1018e-19 [ 5.5968e-167 7.5258e-126 3.1018e-19 ] 0.0000e+00 [ 0.0000e+00 ] 1.0000e+00
 6.086e+01 2.6562e-19 2.6562e-19 [ 2.1992e-167 3.3351e-126 2.6562e-19 ] 0.0000e+00 [ 0.0000e+00 ] 1.0000e+00
 6.097e+01 2.2740e-19 2.2740e-19 [ 8.6396e-168 1.4773e-126 2.2740e-19 ] 0.0000e+00 [ 0.0000e+00 ] 1.0000e+00
 6.109e+01 1.9461e-19 1.9461e-19 [ 3.3934e-168 6.5415e-127 1.9461e-19 ] 0.0000e+00 [ 0.0000e+00 ] 1.0000e+00
 6.120e+01 1.6651e-19 1.6651e-19 [ 1.3325e-168 2.8953e-127 1.6651e-19 ] 0.0000e+00 [ 0.0000e+00 ] 1.0000e+00
 6.131e+01 1.4241e-19 1.4241e-19 [ 5.2315e-169 1.2810e-127 1.4241e-19 ] 0.0000e+00 [ 0.0000e+00 ] 1.0000e+00
 6.143e+01 1.2177e-19 1.2177e-19 [ 2.0535e-169 5.6652e-128 1.2177e-19 ] 0.0000e+00 [ 0.0000e+00 ] 1.0000e+00
 6.154e+01 1.0409e-19 1.0409e-19 [ 8.0585e-170 2.5045e-128 1.0409e-19 ] 0.0000e+00 [ 0.0000e+00 ] 1.0000e+00
 6.165e+01 8.8948e-20 8.8948e-20 [ 3.1618e-170 1.1067e-128 8.8948e-20 ] 0.0000e+00 [ 0.0000e+00 ] 1.0000e+00
 6.177e+01 7.5986e-20 7.5986e-20 [ 1.2403e-170 4.8886e-129 7.5986e-20 ] 0.0000e+00 [ 0.0000e+00 ] 1.0000e+00
 6.188e+01 6.4893e-20 6.4893e-20 [ 4.8642e-171 2.1586e-129 6.4893e-20 ] 0.0000e+00 [ 0.0000e+00 ] 1.0000e+00
 6.199e+01 5.5403e-20 5.5403e-20 [ 1.9073e-171 9.5274e-130 5.5403e-20 ] 0.0000e+00 [ 0.0000e+00 ] 1.0000e+00
 6.211e+01 4.7287e-20 4.7287e-20 [ 7.4770e-172 4.2035e-130 4.7287e-20 ] 0.0000e+00 [ 0.0000e+00 ] 1.0000e+00
 6.222e+01 4.0347e-20 4.0347e-20 [ 2.9306e-172 1.8539e-130 4.0347e-20 ] 0.0000e+00 [ 0.0000e+00 ] 1.0000e+00
 6.233e+01 3.4415e-20 3.4415e-20 [ 1.1484e-172 8.1729e-131 3.4415e-20 ] 0.0000e+00 [ 0.0000e+00 ] 1.0000e+00
 6.245e+01 2.9347e-20 2.9347e-20 [ 4.4991e-173 3.6017e-131 2.9347e-20 ] 0.0000e+00 [ 0.0000e+00 ] 1.0000e+00
 6.256e+01 2.5017e-20 2.5017e-20 [ 1.7623e-173 1.5866e-131 2.5017e-20 ] 0.0000e+00 [ 0.0000e+00 ] 1.0000e+00
 6.267e+01 2.1320e-20 2.1320e-20 [ 6.9017e-174 6.9865e-132 2.1320e-20 ] 0.0000e+00 [ 0.0000e+00 ] 1.0000e+00
 6.279e+01 1.8164e-20 1.8164e-20 [ 2.7023e-174 3.0753e-132 1.8164e-20 ] 0.0000e+00 [ 0.0000e+00 ] 1.0000e+00
 6.290e+01 1.5470e-20 1.5470e-20 [ 1.0579e-174 1.3531e-132 1.5470e-20 ] 0.0000e+00 [ 0.0000e+00 ] 1.0000e+00
 6.301e+01 1.3172e-20 1.3172e-20 [ 4.1403e-175 5.9516e-133 1.3172e-20 ] 0.0000e+00 [ 0.0000e+00 ] 1.0000e+00
 6.313e+01 1.1211e-20 1.1211e-20 [ 1.6201e-175 2.6168e-133 1.1211e-20 ] 0.0000e+00 [ 0.0000e+00 ] 1.0000e+00
 6.324e+01 9.5401e-21 9.5401e-21 [ 6.3384e-176 1.1501e-133 9.5401e-21 ] 0.0000e+00 [ 0.0000e+00 ] 1.0000e+00
 6.335e+01 8.1155e-21 8.1155e-21 [ 2.4793e-176 5.0527e-134 8.1155e-21 ] 0.0000e+00 [ 0.0000e+00 ] 1.0000e+00
 6.347e+01 6.9015e-21 6.9015e-21 [ 9.6958e-177 2.2190e-134 6.9015e-21 ] 0.0000e+00 [ 0.0000e+00 ] 1.0000e+00
 6.358e+01 5.8673e-21 5.8673e-21 [ 3.7910e-177 9.7417e-135 5.8673e-21 ] 0.0000e+00 [ 0.0000e+00 ] 1.0000e+00
 6.369e+01 4.9866e-21 4.9866e-21 [ 1.4820e-177 4.2751e-135 4.9866e-21 ] 0.0000e+00 [ 0.0000e+00 ] 1.0000e+00
 6.381e+01 4.2369e-21 4.2369e-21 [ 5.7922e-178 1.8754e-135 4.2369e-21 ] 0.0000e+00 [ 0.0000e+00 ] 1.0000e+00
 6.392e+01 3.5987e-21 3.5987e-21 [ 2.2634e-178 8.2240e-136 3.5987e-21 ] 0.0000e+00 [ 0.0000e+00 ] 1.0000e+00
 6.403e+01 3.0558e-21 3.0558e-21 [ 8.8429e-179 3.6050e-136 3.0558e-21 ] 0.0000e+00 [ 0.0000e+00 ] 1.0000e+00
 6.415e+01 2.5940e-21 2.5940e-21 [ 3.4542e-179 1.5797e-136 2.5940e-21 ] 0.0000e+00 [ 0.0000e+00 ] 1.0000e+00
 6.426e+01 2.2013e-21 2.2013e-21 [ 1.3490e-179 6.9197e-137 2.2013e-21 ] 0.0000e+00 [ 0.0000e+00 ] 1.0000e+00
 6.437e+01 1.8675e-21 1.8675e-21 [ 5.2673e-180 3.0299e-137 1.8675e-21 ] 0.0000e+00 [ 0.0000e+00 ] 1.0000e+00
 6.449e+01 1.5839e-21 1.5839e-21 [ 2.0563e-180 1.3262e-137 1.5839e-21 ] 0.0000e+00 [ 0.0000e+00 ] 1.0000e+00
 6.460e+01 1.3429e-21 1.3429e-21 [ 8.0261e-181 5.8031e-138 1.3429e-21 ] 0.0000e+00 [ 0.0000e+00 ] 1.0000e+00
 6.471e+01 1.1382e-21 1.1382e-21 [ 3.1321e-181 2.5382e-138 1.1382e-21 ] 0.0000e+00 [ 0.0000e+00 ] 1.0000e+00
 6.483e+01 9.6446e-22 9.6446e-22 [ 1.2220e-181 1.1098e-138 9.6446e-22 ] 0.0000e+00 [ 0.0000e+00 ] 1.0000e+00
 6.494e+01 8.1699e-22 8.1699e-22 [ 4.7671e-182 4.8508e-139 8.1699e-22 ] 0.0000e+00 [ 0.0000e+00 ] 1.0000e+00
 6.505e+01 6.9185e-22 6.9185e-22 [ 1.8593e-182 2.1195e-139 6.9185e-22 ] 0.0000e+00 [ 0.0000e+00 ] 1.0000e+00
 6.517e+01 5.8571e-22 5.8571e-22 [ 7.2501e-183 9.2571e-140 5.8571e-22 ] 0.0000e+00 [ 0.0000e+00 ] 1.0000e+00
 6.528e+01 4.9570e-22 4.9570e-22 [ 2.8266e-183 4.0418e-140 4.9570e-22 ] 0.0000e+00 [ 0.0000e+00 ] 1.0000e+00
 6.539e+01 4.1940e-22 4.1940e-22 [ 1.1018e-183 1.7641e-140 4.1940e-22 ] 0.0000e+00 [ 0.0000e+00 ] 1.0000e+00
 6.551e+01 3.5473e-22 3.5473e-22 [ 4.2942e-184 7.6968e-141 3.5473e-22 ] 0.0000e+00 [ 0.0000e+00 ] 1.0000e+00
 6.562e+01 2.9995e-22 2.9995e-22 [ 1.6732e-184 3.3570e-141 2.9995e-22 ] 0.0000e+00 [ 0.0000e+00 ] 1.0000e+00
 6.573e+01 2.5355e-22 2.5355e-22 [ 6.5187e-185 1.4636e-141 2.5355e-22 ] 0.0000e+00 [ 0.0000e+00 ] 1.0000e+00
 6.585e+01 2.1426e-22 2.1426e-22 [ 2.5391e-185 6.3793e-142 2.1426e-22 ] 0.0000e+00 [ 0.0000e+00 ] 1.0000e+00
 6.596e+01 1.8101e-22 1.8101e-22 [ 9.8885e-186 2.7794e-142 1.8101e-22 ] 0.0000e+00 [ 0.0000e+00 ] 1.0000e+00
 6.607e+01 1.5287e-22 1.5287e-22 [ 3.8503e-186 1.2106e-142 1.5287e-22 ] 0.0000e+00 [ 0.0000e+00 ] 1.0000e+00
 6.619e+01 1.2907e-22 1.2907e-22 [ 1.4989e-186 5.2707e-143 1.2907e-22 ] 0.0000e+00 [ 0.0000e+00 ] 1.0000e+00
 6.630e+01 1.0894e-22 1.0894e-22 [ 5.8343e-187 2.2940e-143 1.0894e-22 ] 0.0000e+00 [ 0.0000e+00 ] 1.0000e+00
 6.641e+01 9.1923e-23 9.1923e-23 [ 2.2705e-187 9.9812e-144 9.1923e-23 ] 0.0000e+00 [ 0.0000e+00 ] 1.0000e+00
 6.653e+01 7.7541e-23 7.7541e-23 [ 8.8343e-188 4.3413e-144 7.7541e-23 ] 0.0000e+00 [ 0.0000e+00 ] 1.0000e+00
 6.664e+01 6.5389e-23 6.5389e-23 [ 3.4367e-188 1.8876e-144 6.5389e-23 ] 0.0000e+00 [ 0.0000e+00 ] 1.0000e+00
 6.675e+01 5.5125e-23 5.5125e-23 [ 1.3367e-188 8.2044e-145 5.5125e-23 ] 0.0000e+00 [ 0.0000e+00 ] 1.0000e+00
 6.687e+01 4.6458e-23 4.6458e-23 [ 5.1983e-189 3.5648e-145 4.6458e-23 ] 0.0000e+00 [ 0.0000e+00 ] 1.0000e+00
 6.698e+01 3.9142e-23 3.9142e-23 [ 2.0212e-189 1.5484e-145 3.9142e-23 ] 0.0000e+00 [ 0.0000e+00 ] 1.0000e+00
 6.709e+01 3.2969e-23 3.2969e-23 [ 7.8572e-190 6.7233e-146 3.2969e-23 ] 0.0000e+00 [ 0.0000e+00 ] 1.0000e+00
 6.721e+01 2.7761e-23 2.7761e-23 [ 3.0539e-190 2.9184e-146 2.7761e-23 ] 0.0000e+00 [ 0.0000e+00 ] 1.0000e+00
 6.732e+01 2.3368e-23 2.3368e-23 [ 1.1868e-190 1.2663e-146 2.3368e-23 ] 0.0000e+00 [ 0.0000e+00 ] 1.0000e+00
 6.743e+01 1.9665e-23 1.9665e-23 [ 4.6112e-191 5.4930e-147 1.9665e-23 ] 0.0000e+00 [ 0.0000e+00 ] 1.0000e+00
 6.755e+01 1.6543e-23 1.6543e-23 [ 1.7913e-191 2.3819e-147 1.6543e-23 ] 0.0000e+00 [ 0.0000e+00 ] 1.0000e+00
 6.766e+01 1.3913e-23 1.3913e-23 [ 6.9577e-192 1.0325e-147 1.3913e-23 ] 0.0000e+00 [ 0.0000e+00 ] 1.0000e+00
 6.777e+01 1.1698e-23 1.1698e-23 [ 2.7019e-192 4.4745e-148 1.1698e-23 ] 0.0000e+00 [ 0.0000e+00 ] 1.0000e+00
 6.789e+01 9.8322e-24 9.8322e-24 [ 1.0491e-192 1.9384e-148 9.8322e-24 ] 0.0000e+00 [ 0.0000e+00 ] 1.0000e+00
 6.800e+01 8.2616e-24 8.2616e-24 [ 4.0727e-193 8.3943e-149 8.2616e-24 ] 0.0000e+00 [ 0.0000e+00 ] 1.0000e+00
 6.811e+01 6.9399e-24 6.9399e-24 [ 1.5808e-193 3.6340e-149 6.9399e-24 ] 0.0000e+00 [ 0.0000e+00 ] 1.0000e+00
 6.823e+01 5.8279e-24 5.8279e-24 [ 6.1346e-194 1.5727e-149 5.8279e-24 ] 0.0000e+00 [ 0.0000e+00 ] 1.0000e+00
 6.834e+01 4.8926e-24 4.8926e-24 [ 2.3803e-194 6.8043e-150 4.8926e-24 ] 0.0000e+00 [ 0.0000e+00 ] 1.0000e+00
 6.845e+01 4.1061e-24 4.1061e-24 [ 9.2341e-195 2.9428e-150 4.1061e-24 ] 0.0000e+00 [ 0.0000e+00 ] 1.0000e+00
 6.857e+01 3.4451e-24 3.4451e-24 [ 3.5817e-195 1.2724e-150 3.4451e-24 ] 0.0000e+00 [ 0.0000e+00 ] 1.0000e+00
 6.868e+01 2.8896e-24 2.8896e-24 [ 1.3890e-195 5.4994e-151 2.8896e-24 ] 0.0000e+00 [ 0.0000e+00 ] 1.0000e+00
 6.879e+01 2.4230e-24 2.4230e-24 [ 5.3860e-196 2.3762e-151 2.4230e-24 ] 0.0000e+00 [ 0.0000e+00 ] 1.0000e+00
 6.891e+01 2.0311e-24 2.0311e-24 [ 2.0881e-196 1.0264e-151 2.0311e-24 ] 0.0000e+00 [ 0.0000e+00 ] 1.0000e+00
 6.902e+01 1.7021e-24 1.7021e-24 [ 8.0938e-197 4.4321e-152 1.7021e-24 ] 0.0000e+00 [ 0.0000e+00 ] 1.0000e+00
 6.913e+01 1.4259e-24 1.4259e-24 [ 3.1368e-197 1.9132e-152 1.4259e-24 ] 0.0000e+00 [ 0.0000e+00 ] 1.0000e+00
 6.925e+01 1.1942e-24 1.1942e-24 [ 1.2155e-197 8.2561e-153 1.1942e-24 ] 0.0000e+00 [ 0.0000e+00 ] 1.0000e+00
 6.936e+01 9.9990e-25 9.9990e-25 [ 4.7091e-198 3.5617e-153 9.9990e-25 ] 0.0000e+00 [ 0.0000e+00 ] 1.0000e+00
 6.947e+01 8.3693e-25 8.3693e-25 [ 1.8241e-198 1.5360e-153 8.3693e-25 ] 0.0000e+00 [ 0.0000e+00 ] 1.0000e+00
 6.959e+01 7.0031e-25 7.0031e-25 [ 7.0649e-199 6.6223e-154 7.0031e-25 ] 0.0000e+00 [ 0.0000e+00 ] 1.0000e+00
 6.970e+01 5.8582e-25 5.8582e-25 [ 2.7358e-199 2.8542e-154 5.8582e-25 ] 0.0000e+00 [ 0.0000e+00 ] 1.0000e+00
 6.981e+01 4.8990e-25 4.8990e-25 [ 1.0592e-199 1.2298e-154 4.8990e-25 ] 0.0000e+00 [ 0.0000e+00 ] 1.0000e+00
 6.993e+01 4.0957e-25 4.0957e-25 [ 4.1005e-200 5.2969e-155 4.0957e-25 ] 0.0000e+00 [ 0.0000e+00 ] 1.0000e+00
 7.004e+01 3.4231e-25 3.4231e-25 [ 1.5871e-200 2.2808e-155 3.4231e-25 ] 0.0000e+00 [ 0.0000e+00 ] 1.0000e+00
 7.015e+01 2.8600e-25 2.8600e-25 [ 6.1419e-201 9.8182e-156 2.8600e-25 ] 0.0000e+00 [ 0.0000e+00 ] 1.0000e+00
 7.027e+01 2.3889e-25 2.3889e-25 [ 2.3765e-201 4.2251e-156 2.3889e-25 ] 0.0000e+00 [ 0.0000e+00 ] 1.0000e+00
 7.038e+01 1.9948e-25 1.9948e-25 [ 9.1937e-202 1.8176e-156 1.9948e-25 ] 0.0000e+00 [ 0.0000e+00 ] 1.0000e+00
 7.049e+01 1.6652e-25 1.6652e-25 [ 3.5561e-202 7.8171e-157 1.6652e-25 ] 0.0000e+00 [ 0.0000e+00 ] 1.0000e+00
 7.061e+01 1.3897e-25 1.3897e-25 [ 1.3753e-202 3.3609e-157 1.3897e-25 ] 0.0000e+00 [ 0.0000e+00 ] 1.0000e+00
 7.072e+01 1.1594e-25 1.1594e-25 [ 5.3181e-203 1.4445e-157 1.1594e-25 ] 0.0000e+00 [ 0.0000e+00 ] 1.0000e+00
 7.083e+01 9.6697e-26 9.6697e-26 [ 2.0561e-203 6.2069e-158 9.6697e-26 ] 0.0000e+00 [ 0.0000e+00 ] 1.0000e+00
 7.095e+01 8.0625e-26 8.0625e-26 [ 7.9480e-204 2.6662e-158 8.0625e-26 ] 0.0000e+00 [ 0.0000e+00 ] 1.0000e+00
 7.106e+01 6.7204e-26 6.7204e-26 [ 3.0719e-204 1.1449e-158 6.7204e-26 ] 0.0000e+00 [ 0.0000e+00 ] 1.0000e+00
 7.117e+01 5.6000e-26 5.6000e-26 [ 1.1871e-204 4.9151e-159 5.6000e-26 ] 0.0000e+00 [ 0.0000e+00 ] 1.0000e+00
 7.129e+01 4.6651e-26 4.6651e-26 [ 4.5867e-205 2.1094e-159 4.6651e-26 ] 0.0000e+00 [ 0.0000e+00 ] 1.0000e+00
 7.140e+01 3.8851e-26 3.8851e-26 [ 1.7720e-205 9.0501e-160 3.8851e-26 ] 0.0000e+00 [ 0.0000e+00 ] 1.0000e+00
 7.151e+01 3.2345e-26 3.2345e-26 [ 6.8444e-206 3.8817e-160 3.2345e-26 ] 0.0000e+00 [ 0.0000e+00 ] 1.0000e+00
 7.163e+01 2.6921e-26 2.6921e-26 [ 2.6433e-206 1.6644e-160 2.6921e-26 ] 0.0000e+00 [ 0.0000e+00 ] 1.0000e+00
 7.174e+01 2.2400e-26 2.2400e-26 [ 1.0207e-206 7.1348e-161 2.2400e-26 ] 0.0000e+00 [ 0.0000e+00 ] 1.0000e+00
 7.185e+01 1.8633e-26 1.8633e-26 [ 3.9407e-207 3.0575e-161 1.8633e-26 ] 0.0000e+00 [ 0.0000e+00 ] 1.0000e+00
 7.197e+01 1.5494e-26 1.5494e-26 [ 1.5212e-207 1.3099e-161 1.5494e-26 ] 0.0000e+00 [ 0.0000e+00 ] 1.0000e+00
 7.208e+01 1.2881e-26 1.2881e-26 [ 5.8714e-208 5.6100e-162 1.2881e-26 ] 0.0000e+00 [ 0.0000e+00 ] 1.0000e+00
 7.219e+01 1.0705e-26 1.0705e-26 [ 2.2658e-208 2.4020e-162 1.0705e-26 ] 0.0000e+00 [ 0.0000e+00 ] 1.0000e+00
 7.231e+01 8.8939e-27 8.8939e-27 [ 8.7426e-209 1.0281e-162 8.8939e-27 ] 0.0000e+00 [ 0.0000e+00 ] 1.0000e+00
 7.242e+01 7.3871e-27 7.3871e-27 [ 3.3728e-209 4.3995e-163 7.3871e-27 ] 0.0000e+00 [ 0.0000e+00 ] 1.0000e+00
 7.253e+01 6.1338e-27 6.1338e-27 [ 1.3010e-209 1.8821e-163 6.1338e-27 ] 0.0000e+00 [ 0.0000e+00 ] 1.0000e+00
 7.265e+01 5.0916e-27 5.0916e-27 [ 5.0177e-210 8.0491e-164 5.0916e-27 ] 0.0000e+00 [ 0.0000e+00 ] 1.0000e+00
 7.276e+01 4.2252e-27 4.2252e-27 [ 1.9349e-210 3.4414e-164 4.2252e-27 ] 0.0000e+00 [ 0.0000e+00 ] 1.0000e+00
 7.287e+01 3.5053e-27 3.5053e-27 [ 7.4603e-211 1.4709e-164 3.5053e-27 ] 0.0000e+00 [ 0.0000e+00 ] 1.0000e+00
 7.299e+01 2.9071e-27 2.9071e-27 [ 2.8760e-211 6.2854e-165 2.9071e-27 ] 0.0000e+00 [ 0.0000e+00 ] 1.0000e+00
 7.310e+01 2.4103e-27 2.4103e-27 [ 1.1085e-211 2.6850e-165 2.4103e-27 ] 0.0000e+00 [ 0.0000e+00 ] 1.0000e+00
 7.321e+01 1.9978e-27 1.9978e-27 [ 4.2722e-212 1.1467e-165 1.9978e-27 ] 0.0000e+00 [ 0.0000e+00 ] 1.0000e+00
 7.333e+01 1.6554e-27 1.6554e-27 [ 1.6462e-212 4.8956e-166 1.6554e-27 ] 0.0000e+00 [ 0.0000e+00 ] 1.0000e+00
 7.344e+01 1.3713e-27 1.3713e-27 [ 6.3426e-213 2.0896e-166 1.3713e-27 ] 0.0000e+00 [ 0.0000e+00 ] 1.0000e+00
 7.355e+01 1.1356e-27 1.1356e-27 [ 2.4433e-213 8.9163e-167 1.1356e-27 ] 0.0000e+00 [ 0.0000e+00 ] 1.0000e+00
 7.367e+01 9.4018e-28 9.4018e-28 [ 9.4108e-214 3.8036e-167 9.4018e-28 ] 0.0000e+00 [ 0.0000e+00 ] 1.0000e+00
 7.378e+01 7.7814e-28 7.7814e-28 [ 3.6242e-214 1.6221e-167 7.7814e-28 ] 0.0000e+00 [ 0.0000e+00 ] 1.0000e+00
 7.389e+01 6.4383e-28 6.4383e-28 [ 1.3955e-214 6.9159e-168 6.4383e-28 ] 0.0000e+00 [ 0.0000e+00 ] 1.0000e+00
 7.401e+01 5.3255e-28 5.3255e-28 [ 5.3728e-215 2.9478e-168 5.3255e-28 ] 0.0000e+00 [ 0.0000e+00 ] 1.0000e+00
 7.412e+01 4.4037e-28 4.4037e-28 [ 2.0682e-215 1.2561e-168 4.4037e-28 ] 0.0000e+00 [ 0.0000e+00 ] 1.0000e+00
 7.423e+01 3.6404e-28 3.6404e-28 [ 7.9604e-216 5.3509e-169 3.6404e-28 ] 0.0000e+00 [ 0.0000e+00 ] 1.0000e+00
 7.435e+01 3.0085e-28 3.0085e-28 [ 3.0634e-216 2.2789e-169 3.0085e-28 ] 0.0000e+00 [ 0.0000e+00 ] 1.0000e+00
 7.446e+01 2.4856e-28 2.4856e-28 [ 1.1788e-216 9.7026e-170 2.4856e-28 ] 0.0000e+00 [ 0.0000e+00 ] 1.0000e+00
 7.457e+01 2.0529e-28 2.0529e-28 [ 4.5350e-217 4.1299e-170 2.0529e-28 ] 0.0000e+00 [ 0.0000e+00 ] 1.0000e+00
 7.469e+01 1.6951e-28 1.6951e-28 [ 1.7445e-217 1.7574e-170 1.6951e-28 ] 0.0000e+00 [ 0.0000e+00 ] 1.0000e+00
 7.480e+01 1.3992e-28 1.3992e-28 [ 6.7096e-218 7.4765e-171 1.3992e-28 ] 0.0000e+00 [ 0.0000e+00 ] 1.0000e+00
 7.491e+01 1.1547e-28 1.1547e-28 [ 2.5803e-218 3.1798e-171 1.1547e-28 ] 0.0000e+00 [ 0.0000e+00 ] 1.0000e+00
 7.503e+01 9.5255e-29 9.5255e-29 [ 9.9214e-219 1.3520e-171 9.5255e-29 ] 0.0000e+00 [ 0.0000e+00 ] 1.0000e+00
 7.514e+01 7.8559e-29 7.8559e-29 [ 3.8143e-219 5.7471e-172 7.8559e-29 ] 0.0000e+00 [ 0.0000e+00 ] 1.0000e+00
 7.525e+01 6.4771e-29 6.4771e-29 [ 1.4662e-219 2.4423e-172 6.4771e-29 ] 0.0000e+00 [ 0.0000e+00 ] 1.0000e+00
 7.537e+01 5.3387e-29 5.3387e-29 [ 5.6355e-220 1.0376e-172 5.3387e-29 ] 0.0000e+00 [ 0.0000e+00 ] 1.0000e+00
 7.548e+01 4.3990e-29 4.3990e-29 [ 2.1657e-220 4.4072e-173 4.3990e-29 ] 0.0000e+00 [ 0.0000e+00 ] 1.0000e+00
 7.559e+01 3.6237e-29 3.6237e-29 [ 8.3216e-221 1.8714e-173 3.6237e-29 ] 0.0000e+00 [ 0.0000e+00 ] 1.0000e+00
 7.571e+01 2.9842e-29 2.9842e-29 [ 3.1971e-221 7.9445e-174 2.9842e-29 ] 0.0000e+00 [ 0.0000e+00 ] 1.0000e+00
 7.582e+01 2.4568e-29 2.4568e-29 [ 1.2281e-221 3.3717e-174 2.4568e-29 ] 0.0000e+00 [ 0.0000e+00 ] 1.0000e+00
 7.593e+01 2.0220e-29 2.0220e-29 [ 4.7170e-222 1.4306e-174 2.0220e-29 ] 0.0000e+00 [ 0.0000e+00 ] 1.0000e+00
 7.605e+01 1.6637e-29 1.6637e-29 [ 1.8115e-222 6.0682e-175 1.6637e-29 ] 0.0000e+00 [ 0.0000e+00 ] 1.0000e+00
 7.616e+01 1.3685e-29 1.3685e-29 [ 6.9558e-223 2.5733e-175 1.3685e-29 ] 0.0000e+00 [ 0.0000e+00 ] 1.0000e+00
 7.627e+01 1.1253e-29 1.1253e-29 [ 2.6705e-223 1.0910e-175 1.1253e-29 ] 0.0000e+00 [ 0.0000e+00 ] 1.0000e+00
 7.639e+01 9.2506e-30 9.2506e-30 [ 1.0251e-223 4.6242e-176 9.2506e-30 ] 0.0000e+00 [ 0.0000e+00 ] 1.0000e+00
 7.650e+01 7.6023e-30 7.6023e-30 [ 3.9348e-224 1.9595e-176 7.6023e-30 ] 0.0000e+00 [ 0.0000e+00 ] 1.0000e+00
 7.661e+01 6.2459e-30 6.2459e-30 [ 1.5101e-224 8.3009e-177 6.2459e-30 ] 0.0000e+00 [ 0.0000e+00 ] 1.0000e+00
 7.673e+01 5.1300e-30 5.1300e-30 [ 5.7944e-225 3.5156e-177 5.1300e-30 ] 0.0000e+00 [ 0.0000e+00 ] 1.0000e+00
 7.684e+01 4.2123e-30 4.2123e-30 [ 2.2232e-225 1.4886e-177 4.2123e-30 ] 0.0000e+00 [ 0.0000e+00 ] 1.0000e+00
 7.695e+01 3.4577e-30 3.4577e-30 [ 8.5284e-226 6.3012e-178 3.4577e-30 ] 0.0000e+00 [ 0.0000e+00 ] 1.0000e+00
 7.707e+01 2.8374e-30 2.8374e-30 [ 3.2712e-226 2.6667e-178 2.8374e-30 ] 0.0000e+00 [ 0.0000e+00 ] 1.0000e+00
 7.718e+01 2.3278e-30 2.3278e-30 [ 1.2546e-226 1.1282e-178 2.3278e-30 ] 0.0000e+00 [ 0.0000e+00 ] 1.0000e+00
 7.729e+01 1.9091e-30 1.9091e-30 [ 4.8109e-227 4.7723e-179 1.9091e-30 ] 0.0000e+00 [ 0.0000e+00 ] 1.0000e+00
 7.741e+01 1.5653e-30 1.5653e-30 [ 1.8446e-227 2.0181e-179 1.5653e-30 ] 0.0000e+00 [ 0.0000e+00 ] 1.0000e+00
 7.752e+01 1.2830e-30 1.2830e-30 [ 7.0714e-228 8.5319e-180 1.2830e-30 ] 0.0000e+00 [ 0.0000e+00 ] 1.0000e+00
 7.763e+01 1.0513e-30 1.0513e-30 [ 2.7105e-228 3.6061e-180 1.0513e-30 ] 0.0000e+00 [ 0.0000e+00 ] 1.0000e+00
 7.775e+01 8.6120e-31 8.6120e-31 [ 1.0389e-228 1.5238e-180 8.6120e-31 ] 0.0000e+00 [ 0.0000e+00 ] 1.0000e+00
 7.786e+01 7.0527e-31 7.0527e-31 [ 3.9810e-229 6.4373e-181 7.0527e-31 ] 0.0000e+00 [ 0.0000e+00 ] 1.0000e+00
 7.797e+01 5.7741e-31 5.7741e-31 [ 1.5254e-229 2.7188e-181 5.7741e-31 ] 0.0000e+00 [ 0.0000e+00 ] 1.0000e+00
 7.809e+01 4.7258e-31 4.7258e-31 [ 5.8439e-230 1.1480e-181 4.7258e-31 ] 0.0000e+00 [ 0.0000e+00 ] 1.0000e+00
 7.820e+01 3.8668e-31 3.8668e-31 [ 2.2386e-230 4.8461e-182 3.8668e-31 ] 0.0000e+00 [ 0.0000e+00 ] 1.0000e+00
 7.831e+01 3.1630e-31 3.1630e-31 [ 8.5741e-231 2.0452e-182 3.1630e-31 ] 0.0000e+00 [ 0.0000e+00 ] 1.0000e+00
 7.843e+01 2.5865e-31 2.5865e-31 [ 3.2835e-231 8.6293e-183 2.5865e-31 ] 0.0000e+00 [ 0.0000e+00 ] 1.0000e+00
 7.854e+01 2.1145e-31 2.1145e-31 [ 1.2573e-231 3.6400e-183 2.1145e-31 ] 0.0000e+00 [ 0.0000e+00 ] 1.0000e+00
 7.865e+01 1.7281e-31 1.7281e-31 [ 4.8138e-232 1.5351e-183 1.7281e-31 ] 0.0000e+00 [ 0.0000e+00 ] 1.0000e+00
 7.877e+01 1.4119e-31 1.4119e-31 [ 1.8428e-232 6.4721e-184 1.4119e-31 ] 0.0000e+00 [ 0.0000e+00 ] 1.0000e+00
 7.888e+01 1.1532e-31 1.1532e-31 [ 7.0535e-233 2.7281e-184 1.1532e-31 ] 0.0000e+00 [ 0.0000e+00 ] 1.0000e+00
 7.899e+01 9.4166e-32 9.4166e-32 [ 2.6995e-233 1.1496e-184 9.4166e-32 ] 0.0000e+00 [ 0.0000e+00 ] 1.0000e+00
 7.911e+01 7.6869e-32 7.6869e-32 [ 1.0330e-233 4.8435e-185 7.6869e-32 ] 0.0000e+00 [ 0.0000e+00 ] 1.0000e+00
 7.922e+01 6.2731e-32 6.2731e-32 [ 3.9524e-234 2.0401e-185 6.2731e-32 ] 0.0000e+00 [ 0.0000e+00 ] 1.0000e+00
 7.933e+01 5.1178e-32 5.1178e-32 [ 1.5121e-234 8.5910e-186 5.1178e-32 ] 0.0000e+00 [ 0.0000e+00 ] 1.0000e+00
 7.945e+01 4.1741e-32 4.1741e-32 [ 5.7839e-235 3.6168e-186 4.1741e-32 ] 0.0000e+00 [ 0.0000e+00 ] 1.0000e+00
 7.956e+01 3.4034e-32 3.4034e-32 [ 2.2122e-235 1.5223e-186 3.4034e-32 ] 0.0000e+00 [ 0.0000e+00 ] 1.0000e+00
 7.967e+01 2.7742e-32 2.7742e-32 [ 8.4597e-236 6.4059e-187 2.7742e-32 ] 0.0000e+00 [ 0.0000e+00 ] 1.0000e+00
 7.979e+01 2.2606e-32 2.2606e-32 [ 3.2348e-236 2.6949e-187 2.2606e-32 ] 0.0000e+00 [ 0.0000e+00 ] 1.0000e+00
 7.990e+01 1.8416e-32 1.8416e-32 [ 1.2367e-236 1.1335e-187 1.8416e-32 ] 0.0000e+00 [ 0.0000e+00 ] 1.0000e+00
 8.001e+01 1.4998e-32 1.4998e-32 [ 4.7276e-237 4.7662e-188 1.4998e-32 ] 0.0000e+00 [ 0.0000e+00 ] 1.0000e+00
 8.013e+01 1.2211e-32 1.2211e-32 [ 1.8070e-237 2.0037e-188 1.2211e-32 ] 0.0000e+00 [ 0.0000e+00 ] 1.0000e+00
 8.024e+01 9.9391e-33 9.9391e-33 [ 6.9059e-238 8.4213e-189 9.9391e-33 ] 0.0000e+00 [ 0.0000e+00 ] 1.0000e+00
 8.035e+01 8.0875e-33 8.0875e-33 [ 2.6389e-238 3.5386e-189 8.0875e-33 ] 0.0000e+00 [ 0.0000e+00 ] 1.0000e+00
 8.047e+01 6.5789e-33 6.5789e-33 [ 1.0083e-238 1.4865e-189 6.5789e-33 ] 0.0000e+00 [ 0.0000e+00 ] 1.0000e+00
 8.058e+01 5.3501e-33 5.3501e-33 [ 3.8519e-239 6.2433e-190 5.3501e-33 ] 0.0000e+00 [ 0.0000e+00 ] 1.0000e+00
 8.069e+01 4.3496e-33 4.3496e-33 [ 1.4713e-239 2.6215e-190 4.3496e-33 ] 0.0000e+00 [ 0.0000e+00 ] 1.0000e+00
 8.081e+01 3.5351e-33 3.5351e-33 [ 5.6194e-240 1.1005e-190 3.5351e-33 ] 0.0000e+00 [ 0.0000e+00 ] 1.0000e+00
 8.092e+01 2.8724e-33 2.8724e-33 [ 2.1459e-240 4.6186e-191 2.8724e-33 ] 0.0000e+00 [ 0.0000e+00 ] 1.0000e+00
 8.103e+01 2.3332e-33 2.3332e-33 [ 8.1939e-241 1.9379e-191 2.3332e-33 ] 0.0000e+00 [ 0.0000e+00 ] 1.0000e+00
 8.115e+01 1.8946e-33 1.8946e-33 [ 3.1283e-241 8.1296e-192 1.8946e-33 ] 0.0000e+00 [ 0.0000e+00 ] 1.0000e+00
 8.126e+01 1.5381e-33 1.5381e-33 [ 1.1942e-241 3.4095e-192 1.5381e-33 ] 0.0000e+00 [ 0.0000e+00 ] 1.0000e+00
 8.137e+01 1.2483e-33 1.2483e-33 [ 4.5580e-242 1.4296e-192 1.2483e-33 ] 0.0000e+00 [ 0.0000e+00 ] 1.0000e+00
 8.149e+01 1.0128e-33 1.0128e-33 [ 1.7395e-242 5.9928e-193 1.0128e-33 ] 0.0000e+00 [ 0.0000e+00 ] 1.0000e+00
 8.160e+01 8.2146e-34 8.2146e-34 [ 6.6376e-243 2.5115e-193 8.2146e-34 ] 0.0000e+00 [ 0.0000e+00 ] 1.0000e+00
 8.171e+01 6.6610e-34 6.6610e-34 [ 2.5325e-243 1.0523e-193 6.6610e-34 ] 0.0000e+00 [ 0.0000e+00 ] 1.0000e+00
 8.183e+01 5.3996e-34 5.3996e-34 [ 9.6610e-244 4.4082e-194 5.3996e-34 ] 0.0000e+00 [ 0.0000e+00 ] 1.0000e+00
 8.194e+01 4.3758e-34 4.3758e-34 [ 3.6851e-244 1.8462e-194 4.3758e-34 ] 0.0000e+00 [ 0.0000e+00 ] 1.0000e+00
 8.205e+01 3.5451e-34 3.5451e-34 [ 1.4054e-244 7.7299e-195 3.5451e-34 ] 0.0000e+00 [ 0.0000e+00 ] 1.0000e+00
 8.217e+01 2.8713e-34 2.8713e-34 [ 5.3595e-245 3.2358e-195 2.8713e-34 ] 0.0000e+00 [ 0.0000e+00 ] 1.0000e+00
 8.228e+01 2.3249e-34 2.3249e-34 [ 2.0435e-245 1.3542e-195 2.3249e-34 ] 0.0000e+00 [ 0.0000e+00 ] 1.0000e+00
 8.239e+01 1.8819e-34 1.8819e-34 [ 7.7906e-246 5.6660e-196 1.8819e-34 ] 0.0000e+00 [ 0.0000e+00 ] 1.0000e+00
 8.251e+01 1.5229e-34 1.5229e-34 [ 2.9697e-246 2.3701e-196 1.5229e-34 ] 0.0000e+00 [ 0.0000e+00 ] 1.0000e+00
 8.262e+01 1.2320e-34 1.2320e-34 [ 1.1319e-246 9.9121e-197 1.2320e-34 ] 0.0000e+00 [ 0.0000e+00 ] 1.0000e+00
 8.273e+01 9.9637e-35 9.9637e-35 [ 4.3133e-247 4.1444e-197 9.9637e-35 ] 0.0000e+00 [ 0.0000e+00 ] 1.0000e+00
 8.285e+01 8.0559e-35 8.0559e-35 [ 1.6435e-247 1.7324e-197 8.0559e-35 ] 0.0000e+00 [ 0.0000e+00 ] 1.0000e+00
 8.296e+01 6.5115e-35 6.5115e-35 [ 6.2616e-248 7.2399e-198 6.5115e-35 ] 0.0000e+00 [ 0.0000e+00 ] 1.0000e+00
 8.307e+01 5.2616e-35 5.2616e-35 [ 2.3853e-248 3.0249e-198 5.2616e-35 ] 0.0000e+00 [ 0.0000e+00 ] 1.0000e+00
 8.319e+01 4.2504e-35 4.2504e-35 [ 9.0851e-249 1.2636e-198 4.2504e-35 ] 0.0000e+00 [ 0.0000e+00 ] 1.0000e+00
 8.330e+01 3.4326e-35 3.4326e-35 [ 3.4599e-249 5.2768e-199 3.4326e-35 ] 0.0000e+00 [ 0.0000e+00 ] 1.0000e+00
 8.341e+01 2.7713e-35 2.7713e-35 [ 1.3175e-249 2.2032e-199 2.7713e-35 ] 0.0000e+00 [ 0.0000e+00 ] 1.0000e+00
 8.353e+01 2.2368e-35 2.2368e-35 [ 5.0159e-250 9.1964e-200 2.2368e-35 ] 0.0000e+00 [ 0.0000e+00 ] 1.0000e+00
 8.364e+01 1.8048e-35 1.8048e-35 [ 1.9094e-250 3.8378e-200 1.8048e-35 ] 0.0000e+00 [ 0.0000e+00 ] 1.0000e+00
 8.375e+01 1.4559e-35 1.4559e-35 [ 7.2678e-251 1.6012e-200 1.4559e-35 ] 0.0000e+00 [ 0.0000e+00 ] 1.0000e+00
 8.387e+01 1.1740e-35 1.1740e-35 [ 2.7659e-251 6.6790e-201 1.1740e-35 ] 0.0000e+00 [ 0.0000e+00 ] 1.0000e+00
 8.398e+01 9.4649e-36 9.4649e-36 [ 1.0525e-251 2.7853e-201 9.4649e-36 ] 0.0000e+00 [ 0.0000e+00 ] 1.0000e+00
 8.409e+01 7.6282e-36 7.6282e-36 [ 4.0043e-252 1.1612e-201 7.6282e-36 ] 0.0000e+00 [ 0.0000e+00 ] 1.0000e+00
 8.421e+01 6.1462e-36 6.1462e-36 [ 1.5233e-252 4.8403e-202 6.1462e-36 ] 0.0000e+00 [ 0.0000e+00 ] 1.0000e+00
 8.432e+01 4.9507e-36 4.9507e-36 [ 5.7939e-253 2.0171e-202 4.9507e-36 ] 0.0000e+00 [ 0.0000e+00 ] 1.0000e+00
 8.443e+01 3.9866e-36 3.9866e-36 [ 2.2034e-253 8.4035e-203 3.9866e-36 ] 0.0000e+00 [ 0.0000e+00 ] 1.0000e+00
 8.455e+01 3.2093e-36 3.2093e-36 [ 8.3785e-254 3.5002e-203 3.2093e-36 ] 0.0000e+00 [ 0.0000e+00 ] 1.0000e+00
 8.466e+01 2.5828e-36 2.5828e-36 [ 3.1854e-254 1.4576e-203 2.5828e-36 ] 0.0000e+00 [ 0.0000e+00 ] 1.0000e+00
 8.477e+01 2.0780e-36 2.0780e-36 [ 1.2109e-254 6.0681e-204 2.0780e-36 ] 0.0000e+00 [ 0.0000e+00 ] 1.0000e+00
 8.489e+01 1.6714e-36 1.6714e-36 [ 4.6024e-255 2.5256e-204 1.6714e-36 ] 0.0000e+00 [ 0.0000e+00 ] 1.0000e+00
 8.500e+01 1.3440e-36 1.3440e-36 [ 1.7490e-255 1.0510e-204 1.3440e-36 ] 0.0000e+00 [ 0.0000e+00 ] 1.0000e+00
 8.511e+01 1.0804e-36 1.0804e-36 [ 6.6458e-256 4.3721e-205 1.0804e-36 ] 0.0000e+00 [ 0.0000e+00 ] 1.0000e+00
 8.523e+01 8.6822e-37 8.6822e-37 [ 2.5248e-256 1.8184e-205 8.6822e-37 ] 0.0000e+00 [ 0.0000e+00 ] 1.0000e+00
 8.534e+01 6.9753e-37 6.9753e-37 [ 9.5907e-257 7.5610e-206 6.9753e-37 ] 0.0000e+00 [ 0.0000e+00 ] 1.0000e+00
 8.545e+01 5.6024e-37 5.6024e-37 [ 3.6425e-257 3.1431e-206 5.6024e-37 ] 0.0000e+00 [ 0.0000e+00 ] 1.0000e+00
 8.557e+01 4.4983e-37 4.4983e-37 [ 1.3832e-257 1.3063e-206 4.4983e-37 ] 0.0000e+00 [ 0.0000e+00 ] 1.0000e+00
 8.568e+01 3.6109e-37 3.6109e-37 [ 5.2517e-258 5.4275e-207 3.6109e-37 ] 0.0000e+00 [ 0.0000e+00 ] 1.0000e+00
 8.579e+01 2.8976e-37 2.8976e-37 [ 1.9937e-258 2.2545e-207 2.8976e-37 ] 0.0000e+00 [ 0.0000e+00 ] 1.0000e+00
 8.591e+01 2.3246e-37 2.3246e-37 [ 7.5671e-259 9.3628e-208 2.3246e-37 ] 0.0000e+00 [ 0.0000e+00 ] 1.0000e+00
 8.602e+01 1.8644e-37 1.8644e-37 [ 2.8717e-259 3.8873e-208 1.8644e-37 ] 0.0000e+00 [ 0.0000e+00 ] 1.0000e+00
 8.613e+01 1.4948e-37 1.4948e-37 [ 1.0896e-259 1.6135e-208 1.4948e-37 ] 0.0000e+00 [ 0.0000e+00 ] 1.0000e+00
 8.625e+01 1.1982e-37 1.1982e-37 [ 4.1338e-260 6.6955e-209 1.1982e-37 ] 0.0000e+00 [ 0.0000e+00 ] 1.0000e+00
 8.636e+01 9.6012e-38 9.6012e-38 [ 1.5680e-260 2.7777e-209 9.6012e-38 ] 0.0000e+00 [ 0.0000e+00 ] 1.0000e+00
 8.647e+01 7.6915e-38 7.6915e-38 [ 5.9467e-261 1.1521e-209 7.6915e-38 ] 0.0000e+00 [ 0.0000e+00 ] 1.0000e+00
 8.659e+01 6.1598e-38 6.1598e-38 [ 2.2549e-261 4.7770e-210 6.1598e-38 ] 0.0000e+00 [ 0.0000e+00 ] 1.0000e+00
 8.670e+01 4.9317e-38 4.9317e-38 [ 8.5489e-262 1.9802e-210 4.9317e-38 ] 0.0000e+00 [ 0.0000e+00 ] 1.0000e+00
 8.681e+01 3.9474e-38 3.9474e-38 [ 3.2405e-262 8.2066e-211 3.9474e-38 ] 0.0000e+00 [ 0.0000e+00 ] 1.0000e+00
 8.693e+01 3.1586e-38 3.1586e-38 [ 1.2281e-262 3.4001e-211 3.1586e-38 ] 0.0000e+00 [ 0.0000e+00 ] 1.0000e+00
 8.704e+01 2.5267e-38 2.5267e-38 [ 4.6537e-263 1.4084e-211 2.5267e-38 ] 0.0000e+00 [ 0.0000e+00 ] 1.0000e+00
 8.715e+01 2.0206e-38 2.0206e-38 [ 1.7631e-263 5.8319e-212 2.0206e-38 ] 0.0000e+00 [ 0.0000e+00 ] 1.0000e+00
 8.727e+01 1.6155e-38 1.6155e-38 [ 6.6784e-264 2.4143e-212 1.6155e-38 ] 0.0000e+00 [ 0.0000e+00 ] 1.0000e+00
 8.738e+01 1.2912e-38 1.2912e-38 [ 2.5292e-264 9.9921e-213 1.2912e-38 ] 0.0000e+00 [ 0.0000e+00 ] 1.0000e+00
 8.749e+01 1.0317e-38 1.0317e-38 [ 9.5770e-265 4.1343e-213 1.0317e-38 ] 0.0000e+00 [ 0.0000e+00 ] 1.0000e+00
 8.761e+01 8.2409e-39 8.2409e-39 [ 3.6257e-265 1.7101e-213 8.2409e-39 ] 0.0000e+00 [ 0.0000e+00 ] 1.0000e+00
 8.772e+01 6.5809e-39 6.5809e-39 [ 1.3724e-265 7.0717e-214 6.5809e-39 ] 0.0000e+00 [ 0.0000e+00 ] 1.0000e+00
 8.783e+01 5.2538e-39 5.2538e-39 [ 5.1935e-266 2.9235e-214 5.2538e-39 ] 0.0000e+00 [ 0.0000e+00 ] 1.0000e+00
 8.795e+01 4.1931e-39 4.1931e-39 [ 1.9650e-266 1.2083e-214 4.1931e-39 ] 0.0000e+00 [ 0.0000e+00 ] 1.0000e+00
 8.806e+01 3.3456e-39 3.3456e-39 [ 7.4335e-267 4.9922e-215 3.3456e-39 ] 0.0000e+00 [ 0.0000e+00 ] 1.0000e+00
 8.817e+01 2.6686e-39 2.6686e-39 [ 2.8115e-267 2.0621e-215 2.6686e-39 ] 0.0000e+00 [ 0.0000e+00 ] 1.0000e+00
 8.829e+01 2.1280e-39 2.1280e-39 [ 1.0631e-267 8.5150e-216 2.1280e-39 ] 0.0000e+00 [ 0.0000e+00 ] 1.0000e+00
 8.840e+01 1.6965e-39 1.6965e-39 [ 4.0193e-268 3.5151e-216 1.6965e-39 ] 0.0000e+00 [ 0.0000e+00 ] 1.0000e+00
 8.851e+01 1.3520e-39 1.3520e-39 [ 1.5192e-268 1.4506e-216 1.3520e-39 ] 0.0000e+00 [ 0.0000e+00 ] 1.0000e+00
 8.863e+01 1.0772e-39 1.0772e-39 [ 5.7412e-269 5.9849e-217 1.0772e-39 ] 0.0000e+00 [ 0.0000e+00 ] 1.0000e+00
 8.874e+01 8.5801e-40 8.5801e-40 [ 2.1692e-269 2.4684e-217 8.5801e-40 ] 0.0000e+00 [ 0.0000e+00 ] 1.0000e+00
 8.885e+01 6.8322e-40 6.8322e-40 [ 8.1938e-270 1.0178e-217 6.8322e-40 ] 0.0000e+00 [ 0.0000e+00 ] 1.0000e+00
 8.897e+01 5.4388e-40 5.4388e-40 [ 3.0945e-270 4.1952e-218 5.4388e-40 ] 0.0000e+00 [ 0.0000e+00 ] 1.0000e+00
 8.908e+01 4.3284e-40 4.3284e-40 [ 1.1684e-270 1.7287e-218 4.3284e-40 ] 0.0000e+00 [ 0.0000e+00 ] 1.0000e+00
 8.919e+01 3.4436e-40 3.4436e-40 [ 4.4106e-271 7.1212e-219 3.4436e-40 ] 0.0000e+00 [ 0.0000e+00 ] 1.0000e+00
 8.931e+01 2.7390e-40 2.7390e-40 [ 1.6646e-271 2.9325e-219 2.7390e-40 ] 0.0000e+00 [ 0.0000e+00 ] 1.0000e+00
 8.942e+01 2.1779e-40 2.1779e-40 [ 6.2809e-272 1.2072e-219 2.1779e-40 ] 0.0000e+00 [ 0.0000e+00 ] 1.0000e+00
 8.953e+01 1.7313e-40 1.7313e-40 [ 2.3693e-272 4.9683e-220 1.7313e-40 ] 0.0000e+00 [ 0.0000e+00 ] 1.0000e+00
 8.965e+01 1.3758e-40 1.3758e-40 [ 8.9357e-273 2.0440e-220 1.3758e-40 ] 0.0000e+00 [ 0.0000e+00 ] 1.0000e+00
 8.976e+01 1.0930e-40 1.0930e-40 [ 3.3692e-273 8.4064e-221 1.0930e-40 ] 0.0000e+00 [ 0.0000e+00 ] 1.0000e+00
 8.987e+01 8.6813e-41 8.6813e-41 [ 1.2700e-273 3.4562e-221 8.6813e-41 ] 0.0000e+00 [ 0.0000e+00 ] 1.0000e+00
 8.999e+01 6.8931e-41 6.8931e-41 [ 4.7863e-274 1.4205e-221 6.8931e-41 ] 0.0000e+00 [ 0.0000e+00 ] 1.0000e+00
 9.010e+01 5.4716e-41 5.4716e-41 [ 1.8033e-274 5.8361e-222 5.4716e-41 ] 0.0000e+00 [ 0.0000e+00 ] 1.0000e+00
 9.021e+01 4.3421e-41 4.3421e-41 [ 6.7924e-275 2.3970e-222 4.3421e-41 ] 0.0000e+00 [ 0.0000e+00 ] 1.0000e+00
 9.033e+01 3.4447e-41 3.4447e-41 [ 2.5578e-275 9.8412e-223 3.4447e-41 ] 0.0000e+00 [ 0.0000e+00 ] 1.0000e+00
 9.044e+01 2.7320e-41 2.7320e-41 [ 9.6294e-276 4.0391e-223 2.7320e-41 ] 0.0000e+00 [ 0.0000e+00 ] 1.0000e+00
 9.055e+01 2.1662e-41 2.1662e-41 [ 3.6242e-276 1.6571e-223 2.1662e-41 ] 0.0000e+00 [ 0.0000e+00 ] 1.0000e+00
 9.067e+01 1.7170e-41 1.7170e-41 [ 1.3636e-276 6.7964e-224 1.7170e-41 ] 0.0000e+00 [ 0.0000e+00 ] 1.0000e+00
 9.078e+01 1.3606e-41 1.3606e-41 [ 5.1295e-277 2.7864e-224 1.3606e-41 ] 0.0000e+00 [ 0.0000e+00 ] 1.0000e+00
 9.089e+01 1.0779e-41 1.0779e-41 [ 1.9289e-277 1.1419e-224 1.0779e-41 ] 0.0000e+00 [ 0.0000e+00 ] 1.0000e+00
 9.101e+01 8.5366e-42 8.5366e-42 [ 7.2516e-278 4.6782e-225 8.5366e-42 ] 0.0000e+00 [ 0.0000e+00 ] 1.0000e+00
 9.112e+01 6.7589e-42 6.7589e-42 [ 2.7254e-278 1.9158e-225 6.7589e-42 ] 0.0000e+00 [ 0.0000e+00 ] 1.0000e+00
 9.123e+01 5.3499e-42 5.3499e-42 [ 1.0240e-278 7.8425e-226 5.3499e-42 ] 0.0000e+00 [ 0.0000e+00 ] 1.0000e+00
 9.135e+01 4.2334e-42 4.2334e-42 [ 3.8460e-279 3.2091e-226 4.2334e-42 ] 0.0000e+00 [ 0.0000e+00 ] 1.0000e+00
 9.146e+01 3.3489e-42 3.3489e-42 [ 1.4441e-279 1.3126e-226 3.3489e-42 ] 0.0000e+00 [ 0.0000e+00 ] 1.0000e+00
 9.157e+01 2.6485e-42 2.6485e-42 [ 5.4207e-280 5.3670e-227 2.6485e-42 ] 0.0000e+00 [ 0.0000e+00 ] 1.0000e+00
 9.169e+01 2.0940e-42 2.0940e-42 [ 2.0341e-280 2.1935e-227 2.0940e-42 ] 0.0000e+00 [ 0.0000e+00 ] 1.0000e+00
 9.180e+01 1.6551e-42 1.6551e-42 [ 7.6302e-281 8.9612e-228 1.6551e-42 ] 0.0000e+00 [ 0.0000e+00 ] 1.0000e+00
 9.191e+01 1.3078e-42 1.3078e-42 [ 2.8612e-281 3.6594e-228 1.3078e-42 ] 0.0000e+00 [ 0.0000e+00 ] 1.0000e+00
 9.203e+01 1.0331e-42 1.0331e-42 [ 1.0726e-281 1.4937e-228 1.0331e-42 ] 0.0000e+00 [ 0.0000e+00 ] 1.0000e+00
 9.214e+01 8.1587e-43 8.1587e-43 [ 4.0193e-282 6.0944e-229 8.1587e-43 ] 0.0000e+00 [ 0.0000e+00 ] 1.0000e+00
 9.225e+01 6.4414e-43 6.4414e-43 [ 1.5056e-282 2.4854e-229 6.4414e-43 ] 0.0000e+00 [ 0.0000e+00 ] 1.0000e+00
 9.237e+01 5.0840e-43 5.0840e-43 [ 5.6378e-283 1.0132e-229 5.0840e-43 ] 0.0000e+00 [ 0.0000e+00 ] 1.0000e+00
 9.248e+01 4.0116e-43 4.0116e-43 [ 2.1103e-283 4.1282e-230 4.0116e-43 ] 0.0000e+00 [ 0.0000e+00 ] 1.0000e+00
 9.259e+01 3.1645e-43 3.1645e-43 [ 7.8964e-284 1.6813e-230 3.1645e-43 ] 0.0000e+00 [ 0.0000e+00 ] 1.0000e+00
 9.271e+01 2.4955e-43 2.4955e-43 [ 2.9535e-284 6.8439e-231 2.4955e-43 ] 0.0000e+00 [ 0.0000e+00 ] 1.0000e+00
 9.282e+01 1.9674e-43 1.9674e-43 [ 1.1042e-284 2.7846e-231 1.9674e-43 ] 0.0000e+00 [ 0.0000e+00 ] 1.0000e+00
 9.293e+01 1.5507e-43 1.5507e-43 [ 4.1269e-285 1.1324e-231 1.5507e-43 ] 0.0000e+00 [ 0.0000e+00 ] 1.0000e+00
 9.305e+01 1.2218e-43 1.2218e-43 [ 1.5417e-285 4.6029e-232 1.2218e-43 ] 0.0000e+00 [ 0.0000e+00 ] 1.0000e+00
 9.316e+01 9.6245e-44 9.6245e-44 [ 5.7568e-286 1.8700e-232 9.6245e-44 ] 0.0000e+00 [ 0.0000e+00 ] 1.0000e+00
 9.327e+01 7.5792e-44 7.5792e-44 [ 2.1487e-286 7.5930e-233 7.5792e-44 ] 0.0000e+00 [ 0.0000e+00 ] 1.0000e+00
 9.339e+01 5.9668e-44 5.9668e-44 [ 8.0163e-287 3.0815e-233 5.9668e-44 ] 0.0000e+00 [ 0.0000e+00 ] 1.0000e+00
 9.350e+01 4.6962e-44 4.6962e-44 [ 2.9893e-287 1.2499e-233 4.6962e-44 ] 0.0000e+00 [ 0.0000e+00 ] 1.0000e+00
 9.361e+01 3.6951e-44 3.6951e-44 [ 1.1142e-287 5.0667e-234 3.6951e-44 ] 0.0000e+00 [ 0.0000e+00 ] 1.0000e+00
 9.373e+01 2.9065e-44 2.9065e-44 [ 4.1510e-288 2.0528e-234 2.9065e-44 ] 0.0000e+00 [ 0.0000e+00 ] 1.0000e+00
 9.384e+01 2.2856e-44 2.2856e-44 [ 1.5457e-288 8.3121e-235 2.2856e-44 ] 0.0000e+00 [ 0.0000e+00 ] 1.0000e+00
 9.395e+01 1.7968e-44 1.7968e-44 [ 5.7525e-289 3.3637e-235 1.7968e-44 ] 0.0000e+00 [ 0.0000e+00 ] 1.0000e+00
 9.407e+01 1.4122e-44 1.4122e-44 [ 2.1398e-289 1.3604e-235 1.4122e-44 ] 0.0000e+00 [ 0.0000e+00 ] 1.0000e+00
 9.418e+01 1.1096e-44 1.1096e-44 [ 7.9552e-290 5.4982e-236 1.1096e-44 ] 0.0000e+00 [ 0.0000e+00 ] 1.0000e+00
 9.429e+01 8.7156e-45 8.7156e-45 [ 2.9559e-290 2.2208e-236 8.7156e-45 ] 0.0000e+00 [ 0.0000e+00 ] 1.0000e+00
 9.441e+01 6.8440e-45 6.8440e-45 [ 1.0977e-290 8.9641e-237 6.8440e-45 ] 0.0000e+00 [ 0.0000e+00 ] 1.0000e+00
 9.452e+01 5.3729e-45 5.3729e-45 [ 4.0737e-291 3.6159e-237 5.3729e-45 ] 0.0000e+00 [ 0.0000e+00 ] 1.0000e+00
 9.463e+01 4.2167e-45 4.2167e-45 [ 1.5109e-291 1.4575e-237 4.2167e-45 ] 0.0000e+00 [ 0.0000e+00 ] 1.0000e+00
 9.475e+01 3.3084e-45 3.3084e-45 [ 5.6005e-292 5.8709e-238 3.3084e-45 ] 0.0000e+00 [ 0.0000e+00 ] 1.0000e+00
 9.486e+01 2.5950e-45 2.5950e-45 [ 2.0745e-292 2.3630e-238 2.5950e-45 ] 0.0000e+00 [ 0.0000e+00 ] 1.0000e+00
 9.497e+01 2.0349e-45 2.0349e-45 [ 7.6792e-293 9.5039e-239 2.0349e-45 ] 0.0000e+00 [ 0.0000e+00 ] 1.0000e+00
 9.509e+01 1.5952e-45 1.5952e-45 [ 2.8406e-293 3.8194e-239 1.5952e-45 ] 0.0000e+00 [ 0.0000e+00 ] 1.0000e+00
 9.520e+01 1.2502e-45 1.2502e-45 [ 1.0500e-293 1.5337e-239 1.2502e-45 ] 0.0000e+00 [ 0.0000e+00 ] 1.0000e+00
 9.531e+01 9.7951e-46 9.7951e-46 [ 3.8781e-294 6.1531e-240 9.7951e-46 ] 0.0000e+00 [ 0.0000e+00 ] 1.0000e+00
 9.543e+01 7.6721e-46 7.6721e-46 [ 1.4312e-294 2.4665e-240 7.6721e-46 ] 0.0000e+00 [ 0.0000e+00 ] 1.0000e+00
 9.554e+01 6.0076e-46 6.0076e-46 [ 5.2777e-295 9.8782e-241 6.0076e-46 ] 0.0000e+00 [ 0.0000e+00 ] 1.0000e+00
 9.565e+01 4.7028e-46 4.7028e-46 [ 1.9445e-295 3.9524e-241 4.7028e-46 ] 0.0000e+00 [ 0.0000e+00 ] 1.0000e+00
 9.577e+01 3.6804e-46 3.6804e-46 [ 7.1577e-296 1.5799e-241 3.6804e-46 ] 0.0000e+00 [ 0.0000e+00 ] 1.0000e+00
 9.588e+01 2.8794e-46 2.8794e-46 [ 2.6323e-296 6.3085e-242 2.8794e-46 ] 0.0000e+00 [ 0.0000e+00 ] 1.0000e+00
 9.599e+01 2.2521e-46 2.2521e-46 [ 9.6709e-297 2.5164e-242 2.2521e-46 ] 0.0000e+00 [ 0.0000e+00 ] 1.0000e+00
 9.611e+01 1.7609e-46 1.7609e-46 [ 3.5493e-297 1.0026e-242 1.7609e-46 ] 0.0000e+00 [ 0.0000e+00 ] 1.0000e+00
 9.622e+01 1.3765e-46 1.3765e-46 [ 1.3012e-297 3.9901e-243 1.3765e-46 ] 0.0000e+00 [ 0.0000e+00 ] 1.0000e+00
 9.633e+01 1.0756e-46 1.0756e-46 [ 4.7649e-298 1.5860e-243 1.0756e-46 ] 0.0000e+00 [ 0.0000e+00 ] 1.0000e+00
 9.645e+01 8.4027e-47 8.4027e-47 [ 1.7427e-298 6.2957e-244 8.4027e-47 ] 0.0000e+00 [ 0.0000e+00 ] 1.0000e+00
 9.656e+01 6.5622e-47 6.5622e-47 [ 6.3658e-299 2.4957e-244 6.5622e-47 ] 0.0000e+00 [ 0.0000e+00 ] 1.0000e+00
 9.667e+01 5.1231e-47 5.1231e-47 [ 2.3221e-299 9.8792e-245 5.1231e-47 ] 0.0000e+00 [ 0.0000e+00 ] 1.0000e+00
 9.679e+01 3.9983e-47 3.9983e-47 [ 8.4581e-300 3.9047e-245 3.9983e-47 ] 0.0000e+00 [ 0.0000e+00 ] 1.0000e+00
 9.690e+01 3.1194e-47 3.1194e-47 [ 3.0760e-300 1.5408e-245 3.1194e-47 ] 0.0000e+00 [ 0.0000e+00 ] 1.0000e+00
 9.701e+01 2.4328e-47 2.4328e-47 [ 1.1168e-300 6.0693e-246 2.4328e-47 ] 0.0000e+00 [ 0.0000e+00 ] 1.0000e+00
 9.713e+01 1.8965e-47 1.8965e-47 [ 4.0478e-301 2.3863e-246 1.8965e-47 ] 0.0000e+00 [ 0.0000e+00 ] 1.0000e+00
 9.724e+01 1.4779e-47 1.4779e-47 [ 1.4643e-301 9.3637e-247 1.4779e-47 ] 0.0000e+00 [ 0.0000e+00 ] 1.0000e+00
 9.735e+01 1.1511e-47 1.1511e-47 [ 5.2859e-302 3.6664e-247 1.1511e-47 ] 0.0000e+00 [ 0.0000e+00 ] 1.0000e+00
 9.747e+01 8.9614e-48 8.9614e-48 [ 1.9039e-302 1.4322e-247 8.9614e-48 ] 0.0000e+00 [ 0.0000e+00 ] 1.0000e+00
 9.758e+01 6.9723e-48 6.9723e-48 [ 6.8407e-303 5.5808e-248 6.9723e-48 ] 0.0000e+00 [ 0.0000e+00 ] 1.0000e+00
 9.769e+01 5.4210e-48 5.4210e-48 [ 2.4513e-303 2.1686e-248 5.4210e-48 ] 0.0000e+00 [ 0.0000e+00 ] 1.0000e+00
 9.781e+01 4.2116e-48 4.2116e-48 [ 8.7580e-304 8.4010e-249 4.2116e-48 ] 0.0000e+00 [ 0.0000e+00 ] 1.0000e+00
 9.792e+01 3.2688e-48 3.2688e-48 [ 3.1189e-304 3.2437e-249 3.2688e-48 ] 0.0000e+00 [ 0.0000e+00 ] 1.0000e+00
 9.803e+01 2.5342e-48 2.5342e-48 [ 1.1066e-304 1.2477e-249 2.5342e-48 ] 0.0000e+00 [ 0.0000e+00 ] 1.0000e+00
 9.815e+01 1.9618e-48 1.9618e-48 [ 3.9105e-305 4.7797e-250 1.9618e-48 ] 0.0000e+00 [ 0.0000e+00 ] 1.0000e+00
 9.826e+01 1.5160e-48 1.5160e-48 [ 1.3755e-305 1.8223e-250 1.5160e-48 ] 0.0000e+00 [ 0.0000e+00 ] 1.0000e+00
 9.837e+01 1.1687e-48 1.1687e-48 [ 4.8124e-306 6.9107e-251 1.1687e-48 ] 0.0000e+00 [ 0.0000e+00 ] 1.0000e+00
 9.849e+01 8.9829e-49 8.9829e-49 [ 1.6735e-306 2.6045e-251 8.9829e-49 ] 0.0000e+00 [ 0.0000e+00 ] 1.0000e+00
 9.860e+01 6.8765e-49 6.8765e-49 [ 5.7780e-307 9.7451e-252 6.8765e-49 ] 0.0000e+00 [ 0.0000e+00 ] 1.0000e+00
 9.871e+01 5.2354e-49 5.2354e-49 [ 1.9781e-307 3.6152e-252 5.2354e-49 ] 0.0000e+00 [ 0.0000e+00 ] 1.0000e+00
 9.883e+01 3.9560e-49 3.9560e-49 [ 6.7031e-308 1.3274e-252 3.9560e-49 ] 0.0000e+00 [ 0.0000e+00 ] 1.0000e+00
 9.894e+01 2.9576e-49 2.9576e-49 [ 2.2430e-308 4.8123e-253 2.9576e-49 ] 0.0000e+00 [ 0.0000e+00 ] 1.0000e+00
 9.905e+01 2.1774e-49 2.1774e-49 [ 7.3870e-309 1.7170e-253 2.1774e-49 ] 0.0000e+00 [ 0.0000e+00 ] 1.0000e+00
 9.917e+01 1.5666e-49 1.5666e-49 [ 2.3827e-309 5.9992e-254 1.5666e-49 ] 0.0000e+00 [ 0.0000e+00 ] 1.0000e+00
 9.928e+01 1.0879e-49 1.0879e-49 [ 7.4703e-310 2.0372e-254 1.0879e-49 ] 0.0000e+00 [ 0.0000e+00 ] 1.0000e+00
 9.939e+01 7.1340e-50 7.1340e-50 [ 2.2473e-310 6.6361e-255 7.1340e-50 ] 0.0000e+00 [ 0.0000e+00 ] 1.0000e+00
 9.951e+01 4.2345e-50 4.2345e-50 [ 6.3240e-311 2.0196e-255 4.2345e-50 ] 0.0000e+00 [ 0.0000e+00 ] 1.0000e+00
 9.962e+01 2.0688e-50 2.0688e-50 [ 1.5581e-311 5.3569e-256 2.0688e-50 ] 0.0000e+00 [ 0.0000e+00 ] 1.0000e+00
 9.973e+01 6.2041e-51 6.2041e-51 [ 2.5665e-312 9.3551e-257 6.2041e-51 ] 0.0000e+00 [ 0.0000e+00 ] 1.0000e+00
 9.985e+01 0.0000e+00 0.0000e+00 [ 0.0000e+00 0.0000e+00 0.0000e+00 ] 0.0000e+00 [ 0.0000e+00 ] 1.0000e+00
