 0.000e+00 0.0000e+00 0.0000e+00 [ 0.0000e+00 0.0000e+00 0.0000e+00 0.0000e+00 0.0000e+00 0.0000e+00 ] 0.0000e+00 [ 0.0000e+00 ] 1.0000e+00
 1.133e-01 9.6890e-03 9.6890e-03 [ 9.3729e-03 2.8434e-04 1.7970e-06 8.1263e-07 1.3900e-06 2.7717e-05 ] 0.0000e+00 [ 0.0000e+00 ] 9.9031e-01
 2.267e-01 1.3779e-02 1.3779e-02 [ 1.2572e-02 1.0761e-03 7.8114e-06 3.6884e-06 6.1000e-06 1.1250e-04 ] 0.0000e+00 [ 0.0000e+00 ] 9.8622e-01
 3.400e-01 1.6808e-02 1.6808e-02 [ 1.4286e-02 2.2042e-03 2.0134e-05 1.0155e-05 1.5927e-05 2.7224e-04 ] 0.0000e+00 [ 0.0000e+00 ] 9.8319e-01
 4.533e-01 1.9163e-02 1.9163e-02 [ 1.5077e-02 3.4342e-03 4.3256e-05 2.3629e-05 3.4597e-05 5.4992e-04 ] 0.0000e+00 [ 0.0000e+00 ] 9.8084e-01
 5.667e-01 2.1249e-02 2.1249e-02 [ 1.5479e-02 4.5353e-03 8.6429e-05 5.1246e-05 6.9237e-05 1.0281e-03 ] 0.0000e+00 [ 0.0000e+00 ] 9.7875e-01
 6.800e-01 2.3342e-02 2.3342e-02 [ 1.5736e-02 5.3384e-03 1.6910e-04 1.0774e-04 1.3326e-04 1.8576e-03 ] 0.0000e+00 [ 0.0000e+00 ] 9.7666e-01
 7.933e-01 2.5862e-02 2.5862e-02 [ 1.5975e-02 5.7669e-03 3.3334e-04 2.2354e-04 2.5196e-04 3.3109e-03 ] 0.0000e+00 [ 0.0000e+00 ] 9.7414e-01
 9.067e-01 2.9611e-02 2.9611e-02 [ 1.6291e-02 5.8349e-03 6.7227e-04 4.6166e-04 4.7321e-04 5.8781e-03 ] 0.0000e+00 [ 0.0000e+00 ] 9.7039e-01
 1.020e+00 3.6088e-02 3.6088e-02 [ 1.6797e-02 5.6206e-03 1.3949e-03 9.5251e-04 8.8787e-04 1.0435e-02 ] 0.0000e+00 [ 0.0000e+00 ] 9.6391e-01
 1.133e+00 4.8022e-02 4.8022e-02 [ 1.7670e-02 5.2291e-03 2.9720e-03 1.9638e-03 1.6673e-03 1.8520e-02 ] 0.0000e+00 [ 0.0000e+00 ] 9.5198e-01
 1.247e+00 7.0305e-02 7.0305e-02 [ 1.9212e-02 4.7579e-03 6.4490e-03 4.0316e-03 3.1267e-03 3.2728e-02 ] 0.0000e+00 [ 0.0000e+00 ] 9.2970e-01
 1.360e+00 1.1125e-01 1.1125e-01 [ 2.1896e-02 4.2716e-03 1.4047e-02 8.1681e-03 5.8080e-03 5.7059e-02 ] 0.0000e+00 [ 0.0000e+00 ] 8.8875e-01
 1.473e+00 1.8309e-01 1.8309e-01 [ 2.6313e-02 3.7855e-03 2.9995e-02 1.6040e-02 1.0503e-02 9.6452e-02 ] 0.0000e+00 [ 0.0000e+00 ] 8.1691e-01
 1.587e+00 2.9746e-01 2.9746e-01 [ 3.2724e-02 3.2609e-03 6.0475e-02 2.9579e-02 1.7921e-02 1.5350e-01 ] 0.0000e+00 [ 0.0000e+00 ] 7.0254e-01
 1.700e+00 4.4903e-01 4.4903e-01 [ 4.0015e-02 2.6362e-03 1.0919e-01 4.8924e-02 2.7563e-02 2.2070e-01 ] 0.0000e+00 [ 0.0000e+00 ] 5.5097e-01
 1.813e+00 5.9816e-01 5.9816e-01 [ 4.5296e-02 1.9237e-03 1.6791e-01 6.9587e-02 3.6651e-02 2.7679e-01 ] 0.0000e+00 [ 0.0000e+00 ] 4.0184e-01
 1.927e+00 6.9934e-01 6.9934e-01 [ 4.6603e-02 1.2641e-03 2.1878e-01 8.5238e-02 4.2213e-02 3.0525e-01 ] 0.0000e+00 [ 0.0000e+00 ] 3.0066e-01
 2.040e+00 7.4933e-01 7.4933e-01 [ 4.5079e-02 7.8064e-04 2.5329e-01 9.4422e-02 4.4247e-02 3.1151e-01 ] 0.0000e+00 [ 0.0000e+00 ] 2.5067e-01
 2.153e+00 7.6970e-01 7.6970e-01 [ 4.2638e-02 4.7648e-04 2.7437e-01 9.9324e-02 4.4371e-02 3.0852e-01 ] 0.0000e+00 [ 0.0000e+00 ] 2.3030e-01
 2.267e+00 7.7712e-01 7.7712e-01 [ 4.0276e-02 3.0026e-04 2.8689e-01 1.0194e-01 4.3802e-02 3.0391e-01 ] 0.0000e+00 [ 0.0000e+00 ] 2.2288e-01
 2.380e+00 7.7950e-01 7.7950e-01 [ 3.8294e-02 2.0547e-04 2.9414e-01 1.0328e-01 4.3129e-02 3.0045e-01 ] 0.0000e+00 [ 0.0000e+00 ] 2.2050e-01
 2.493e+00 7.8009e-01 7.8009e-01 [ 3.6725e-02 1.6363e-04 2.9799e-01 1.0378e-01 4.2602e-02 2.9882e-01 ] 0.0000e+00 [ 0.0000e+00 ] 2.1991e-01
 2.607e+00 7.8008e-01 7.8008e-01 [ 3.5542e-02 1.6156e-04 2.9937e-01 1.0362e-01 4.2313e-02 2.9907e-01 ] 0.0000e+00 [ 0.0000e+00 ] 2.1992e-01
 2.720e+00 7.7974e-01 7.7974e-01 [ 3.4723e-02 1.9804e-04 2.9856e-01 1.0282e-01 4.2283e-02 3.0116e-01 ] 0.0000e+00 [ 0.0000e+00 ] 2.2026e-01
 2.833e+00 7.7860e-01 7.7860e-01 [ 3.4267e-02 2.8324e-04 2.9519e-01 1.0134e-01 4.2471e-02 3.0505e-01 ] 0.0000e+00 [ 0.0000e+00 ] 2.2140e-01
 2.947e+00 7.7507e-01 7.7507e-01 [ 3.4178e-02 4.4162e-04 2.8817e-01 9.8983e-02 4.2752e-02 3.1054e-01 ] 0.0000e+00 [ 0.0000e+00 ] 2.2493e-01
 3.060e+00 7.6497e-01 7.6497e-01 [ 3.4392e-02 7.1753e-04 2.7533e-01 9.5240e-02 4.2820e-02 3.1647e-01 ] 0.0000e+00 [ 0.0000e+00 ] 2.3503e-01
 3.173e+00 7.3827e-01 7.3827e-01 [ 3.4594e-02 1.1778e-03 2.5277e-01 8.8924e-02 4.1976e-02 3.1883e-01 ] 0.0000e+00 [ 0.0000e+00 ] 2.6173e-01
 3.287e+00 6.7577e-01 6.7577e-01 [ 3.3896e-02 1.8869e-03 2.1518e-01 7.7951e-02 3.8912e-02 3.0795e-01 ] 0.0000e+00 [ 0.0000e+00 ] 3.2423e-01
 3.400e+00 5.5889e-01 5.5889e-01 [ 3.0981e-02 2.8206e-03 1.6126e-01 6.0850e-02 3.2322e-02 2.7065e-01 ] 0.0000e+00 [ 0.0000e+00 ] 4.4111e-01
 3.513e+00 4.0401e-01 4.0401e-01 [ 2.5732e-02 3.8207e-03 1.0324e-01 4.0664e-02 2.3115e-02 2.0744e-01 ] 0.0000e+00 [ 0.0000e+00 ] 5.9599e-01
 3.627e+00 2.6090e-01 2.6090e-01 [ 2.0005e-02 4.7684e-03 5.8439e-02 2.3592e-02 1.4427e-02 1.3967e-01 ] 0.0000e+00 [ 0.0000e+00 ] 7.3910e-01
 3.740e+00 1.5943e-01 1.5943e-01 [ 1.5424e-02 5.6989e-03 3.1610e-02 1.2447e-02 8.2296e-03 8.6019e-02 ] 0.0000e+00 [ 0.0000e+00 ] 8.4057e-01
 3.853e+00 9.7814e-02 9.7814e-02 [ 1.2279e-02 6.7008e-03 1.7753e-02 6.2307e-03 4.4754e-03 5.0376e-02 ] 0.0000e+00 [ 0.0000e+00 ] 9.0219e-01
 3.967e+00 6.3316e-02 6.3316e-02 [ 1.0202e-02 7.8314e-03 1.1054e-02 3.0418e-03 2.3845e-03 2.8802e-02 ] 0.0000e+00 [ 0.0000e+00 ] 9.3668e-01
 4.080e+00 4.4794e-02 4.4794e-02 [ 8.7784e-03 9.1049e-03 7.8436e-03 1.4709e-03 1.2637e-03 1.6332e-02 ] 0.0000e+00 [ 0.0000e+00 ] 9.5521e-01
 4.193e+00 3.5123e-02 3.5123e-02 [ 7.7223e-03 1.0505e-02 6.2412e-03 7.1026e-04 6.7140e-04 9.2725e-03 ] 0.0000e+00 [ 0.0000e+00 ] 9.6488e-01
 4.307e+00 3.0239e-02 3.0239e-02 [ 6.8713e-03 1.1995e-02 5.3667e-03 3.4390e-04 3.5888e-04 5.3028e-03 ] 0.0000e+00 [ 0.0000e+00 ] 9.6976e-01
 4.420e+00 2.7918e-02 2.7918e-02 [ 6.1405e-03 1.3527e-02 4.8220e-03 1.6729e-04 1.9328e-04 3.0681e-03 ] 0.0000e+00 [ 0.0000e+00 ] 9.7208e-01
 4.533e+00 2.6950e-02 2.6950e-02 [ 5.4881e-03 1.5043e-02 4.4298e-03 8.1822e-05 1.0493e-04 1.8023e-03 ] 0.0000e+00 [ 0.0000e+00 ] 9.7305e-01
 4.647e+00 2.6667e-02 2.6667e-02 [ 4.8944e-03 1.6485e-02 4.1113e-03 4.0252e-05 5.7414e-05 1.0782e-03 ] 0.0000e+00 [ 0.0000e+00 ] 9.7333e-01
 4.760e+00 2.6688e-02 2.6688e-02 [ 4.3504e-03 1.7796e-02 3.8316e-03 1.9917e-05 3.1652e-05 6.5849e-04 ] 0.0000e+00 [ 0.0000e+00 ] 9.7331e-01
 4.873e+00 2.6792e-02 2.6792e-02 [ 3.8516e-03 1.8925e-02 3.5757e-03 9.9122e-06 1.7574e-05 4.1135e-04 ] 0.0000e+00 [ 0.0000e+00 ] 9.7321e-01
 4.987e+00 2.6846e-02 2.6846e-02 [ 3.3958e-03 1.9835e-02 3.3369e-03 4.9607e-06 9.8224e-06 2.6307e-04 ] 0.0000e+00 [ 0.0000e+00 ] 9.7315e-01
 5.100e+00 2.6773e-02 2.6773e-02 [ 2.9811e-03 2.0500e-02 3.1124e-03 2.4965e-06 5.5244e-06 1.7223e-04 ] 0.0000e+00 [ 0.0000e+00 ] 9.7323e-01
 5.213e+00 2.6534e-02 2.6534e-02 [ 2.6056e-03 2.0908e-02 2.9011e-03 1.2634e-06 3.1254e-06 1.1531e-04 ] 0.0000e+00 [ 0.0000e+00 ] 9.7347e-01
 5.327e+00 2.6112e-02 2.6112e-02 [ 2.2674e-03 2.1061e-02 2.7022e-03 6.4302e-07 1.7781e-06 7.8803e-05 ] 0.0000e+00 [ 0.0000e+00 ] 9.7389e-01
 5.440e+00 2.5510e-02 2.5510e-02 [ 1.9642e-03 2.0974e-02 2.5154e-03 3.2926e-07 1.0171e-06 5.4835e-05 ] 0.0000e+00 [ 0.0000e+00 ] 9.7449e-01
 5.553e+00 2.4742e-02 2.4742e-02 [ 1.6937e-03 2.0669e-02 2.3402e-03 1.6973e-07 5.8478e-07 3.8750e-05 ] 0.0000e+00 [ 0.0000e+00 ] 9.7526e-01
 5.667e+00 2.3832e-02 2.3832e-02 [ 1.4535e-03 2.0174e-02 2.1761e-03 8.8195e-08 3.3793e-07 2.7736e-05 ] 0.0000e+00 [ 0.0000e+00 ] 9.7617e-01
 5.780e+00 2.2806e-02 2.2806e-02 [ 1.2412e-03 1.9522e-02 2.0225e-03 4.6289e-08 1.9624e-07 2.0059e-05 ] 0.0000e+00 [ 0.0000e+00 ] 9.7719e-01
 5.893e+00 2.1692e-02 2.1692e-02 [ 1.0544e-03 1.8744e-02 1.8788e-03 2.4628e-08 1.1451e-07 1.4628e-05 ] 0.0000e+00 [ 0.0000e+00 ] 9.7831e-01
 6.007e+00 2.0519e-02 2.0519e-02 [ 8.9080e-04 1.7873e-02 1.7444e-03 1.3363e-08 6.7138e-08 1.0738e-05 ] 0.0000e+00 [ 0.0000e+00 ] 9.7948e-01
 6.120e+00 1.9311e-02 1.9311e-02 [ 7.4829e-04 1.6936e-02 1.6186e-03 7.4638e-09 3.9549e-08 7.9231e-06 ] 0.0000e+00 [ 0.0000e+00 ] 9.8069e-01
 6.233e+00 1.8092e-02 1.8092e-02 [ 6.2478e-04 1.5960e-02 1.5010e-03 4.3496e-09 2.3406e-08 5.8698e-06 ] 0.0000e+00 [ 0.0000e+00 ] 9.8191e-01
 6.347e+00 1.6879e-02 1.6879e-02 [ 5.1834e-04 1.4965e-02 1.3909e-03 2.6893e-09 1.3916e-08 4.3627e-06 ] 0.0000e+00 [ 0.0000e+00 ] 9.8312e-01
 6.460e+00 1.5688e-02 1.5688e-02 [ 4.2717e-04 1.3970e-02 1.2877e-03 1.7924e-09 8.3125e-09 3.2509e-06 ] 0.0000e+00 [ 0.0000e+00 ] 9.8431e-01
 6.573e+00 1.4532e-02 1.4532e-02 [ 3.4956e-04 1.2989e-02 1.1910e-03 1.2990e-09 4.9889e-09 2.4275e-06 ] 0.0000e+00 [ 0.0000e+00 ] 9.8547e-01
 6.687e+00 1.3418e-02 1.3418e-02 [ 2.8396e-04 1.2032e-02 1.1003e-03 1.0201e-09 3.0092e-09 1.8158e-06 ] 0.0000e+00 [ 0.0000e+00 ] 9.8658e-01
 6.800e+00 1.2353e-02 1.2353e-02 [ 2.2890e-04 1.1107e-02 1.0153e-03 8.5619e-10 1.8249e-09 1.3602e-06 ] 0.0000e+00 [ 0.0000e+00 ] 9.8765e-01
 6.913e+00 1.1340e-02 1.1340e-02 [ 1.8304e-04 1.0220e-02 9.3557e-04 7.5432e-10 1.1136e-09 1.0202e-06 ] 0.0000e+00 [ 0.0000e+00 ] 9.8866e-01
 7.027e+00 1.0380e-02 1.0380e-02 [ 1.4517e-04 9.3736e-03 8.6076e-04 6.8623e-10 6.8465e-10 7.6608e-07 ] 0.0000e+00 [ 0.0000e+00 ] 9.8962e-01
 7.140e+00 9.4753e-03 9.4753e-03 [ 1.1414e-04 8.5700e-03 7.9062e-04 6.3672e-10 4.2508e-10 5.7582e-07 ] 0.0000e+00 [ 0.0000e+00 ] 9.9052e-01
 7.253e+00 8.6241e-03 8.6241e-03 [ 8.8949e-05 7.8098e-03 7.2488e-04 5.9758e-10 2.6743e-10 4.3320e-07 ] 0.0000e+00 [ 0.0000e+00 ] 9.9138e-01
 7.367e+00 7.8252e-03 7.8252e-03 [ 6.8688e-05 7.0929e-03 6.6333e-04 5.6432e-10 1.7136e-10 3.2619e-07 ] 0.0000e+00 [ 0.0000e+00 ] 9.9217e-01
 7.480e+00 7.0772e-03 7.0772e-03 [ 5.2546e-05 6.4186e-03 6.0575e-04 5.3454e-10 1.1263e-10 2.4580e-07 ] 0.0000e+00 [ 0.0000e+00 ] 9.9292e-01
 7.593e+00 6.3781e-03 6.3781e-03 [ 3.9813e-05 5.7861e-03 5.5196e-04 5.0688e-10 7.6623e-11 1.8537e-07 ] 0.0000e+00 [ 0.0000e+00 ] 9.9362e-01
 7.707e+00 5.7262e-03 5.7262e-03 [ 2.9870e-05 5.1944e-03 5.0178e-04 4.8065e-10 5.4474e-11 1.3989e-07 ] 0.0000e+00 [ 0.0000e+00 ] 9.9427e-01
 7.820e+00 5.1197e-03 5.1197e-03 [ 2.2187e-05 4.6424e-03 4.5507e-04 4.5546e-10 4.0800e-11 1.0564e-07 ] 0.0000e+00 [ 0.0000e+00 ] 9.9488e-01
 7.933e+00 4.5571e-03 4.5571e-03 [ 1.6313e-05 4.1291e-03 4.1166e-04 4.3112e-10 3.2318e-11 7.9832e-08 ] 0.0000e+00 [ 0.0000e+00 ] 9.9544e-01
 8.047e+00 4.0370e-03 4.0370e-03 [ 1.1871e-05 3.6537e-03 3.7141e-04 4.0754e-10 2.7017e-11 6.0365e-08 ] 0.0000e+00 [ 0.0000e+00 ] 9.9596e-01
 8.160e+00 3.5580e-03 3.5580e-03 [ 8.5480e-06 3.2152e-03 3.3419e-04 3.8472e-10 2.3662e-11 4.5673e-08 ] 0.0000e+00 [ 0.0000e+00 ] 9.9644e-01
 8.273e+00 3.1188e-03 3.1188e-03 [ 6.0905e-06 2.8128e-03 2.9985e-04 3.6264e-10 2.1492e-11 3.4578e-08 ] 0.0000e+00 [ 0.0000e+00 ] 9.9688e-01
 8.387e+00 2.7182e-03 2.7182e-03 [ 4.2935e-06 2.4456e-03 2.6827e-04 3.4133e-10 2.0039e-11 2.6192e-08 ] 0.0000e+00 [ 0.0000e+00 ] 9.9728e-01
 8.500e+00 2.3550e-03 2.3550e-03 [ 2.9943e-06 2.1127e-03 2.3930e-04 3.2082e-10 1.9011e-11 1.9852e-08 ] 0.0000e+00 [ 0.0000e+00 ] 9.9765e-01
 8.613e+00 2.0276e-03 2.0276e-03 [ 2.0657e-06 1.8127e-03 2.1282e-04 3.0115e-10 1.8227e-11 1.5054e-08 ] 0.0000e+00 [ 0.0000e+00 ] 9.9797e-01
 8.727e+00 1.7347e-03 1.7347e-03 [ 1.4098e-06 1.5446e-03 1.8868e-04 2.8233e-10 1.7577e-11 1.1421e-08 ] 0.0000e+00 [ 0.0000e+00 ] 9.9827e-01
 8.840e+00 1.4744e-03 1.4744e-03 [ 9.5169e-07 1.3067e-03 1.6676e-04 2.6440e-10 1.6992e-11 8.6698e-09 ] 0.0000e+00 [ 0.0000e+00 ] 9.9853e-01
 8.953e+00 1.2449e-03 1.2449e-03 [ 6.3551e-07 1.0973e-03 1.4692e-04 2.4737e-10 1.6431e-11 6.5842e-09 ] 0.0000e+00 [ 0.0000e+00 ] 9.9876e-01
 9.067e+00 1.0441e-03 1.0441e-03 [ 4.1979e-07 9.1466e-04 1.2903e-04 2.3127e-10 1.5867e-11 5.0026e-09 ] 0.0000e+00 [ 0.0000e+00 ] 9.9896e-01
 9.180e+00 8.6991e-04 8.6991e-04 [ 2.7430e-07 7.5668e-04 1.1295e-04 2.1608e-10 1.5289e-11 3.8027e-09 ] 0.0000e+00 [ 0.0000e+00 ] 9.9913e-01
 9.293e+00 7.2000e-04 7.2000e-04 [ 1.7731e-07 6.2126e-04 9.8557e-05 2.0182e-10 1.4689e-11 2.8917e-09 ] 0.0000e+00 [ 0.0000e+00 ] 9.9928e-01
 9.407e+00 5.9207e-04 5.9207e-04 [ 1.1339e-07 5.0623e-04 8.5718e-05 1.8847e-10 1.4064e-11 2.1999e-09 ] 0.0000e+00 [ 0.0000e+00 ] 9.9941e-01
 9.520e+00 4.8379e-04 4.8379e-04 [ 7.1746e-08 4.0940e-04 7.4309e-05 1.7601e-10 1.3417e-11 1.6742e-09 ] 0.0000e+00 [ 0.0000e+00 ] 9.9952e-01
 9.633e+00 3.9289e-04 3.9289e-04 [ 4.4917e-08 3.2863e-04 6.4211e-05 1.6444e-10 1.2749e-11 1.2746e-09 ] 0.0000e+00 [ 0.0000e+00 ] 9.9961e-01
 9.747e+00 3.1719e-04 3.1719e-04 [ 2.7827e-08 2.6186e-04 5.5306e-05 1.5371e-10 1.2065e-11 9.7072e-10 ] 0.0000e+00 [ 0.0000e+00 ] 9.9968e-01
 9.860e+00 2.5465e-04 2.5465e-04 [ 1.7061e-08 2.0715e-04 4.7485e-05 1.4379e-10 1.1370e-11 7.3952e-10 ] 0.0000e+00 [ 0.0000e+00 ] 9.9975e-01
 9.973e+00 2.0336e-04 2.0336e-04 [ 1.0353e-08 1.6271e-04 4.0642e-05 1.3466e-10 1.0669e-11 5.6356e-10 ] 0.0000e+00 [ 0.0000e+00 ] 9.9980e-01
 1.009e+01 1.6160e-04 1.6160e-04 [ 6.2192e-09 1.2692e-04 3.4677e-05 1.2625e-10 9.9677e-12 4.2960e-10 ] 0.0000e+00 [ 0.0000e+00 ] 9.9984e-01
 1.020e+01 1.2784e-04 1.2784e-04 [ 3.6986e-09 9.8335e-05 2.9498e-05 1.1854e-10 9.2719e-12 3.2756e-10 ] 0.0000e+00 [ 0.0000e+00 ] 9.9987e-01
 1.031e+01 1.0071e-04 1.0071e-04 [ 2.1780e-09 7.5691e-05 2.5018e-05 1.1147e-10 8.5866e-12 2.4983e-10 ] 0.0000e+00 [ 0.0000e+00 ] 9.9990e-01
 1.043e+01 7.9050e-05 7.9050e-05 [ 1.2701e-09 5.7892e-05 2.1157e-05 1.0499e-10 7.9168e-12 1.9059e-10 ] 0.0000e+00 [ 0.0000e+00 ] 9.9992e-01
 1.054e+01 6.1849e-05 6.1849e-05 [ 7.3358e-10 4.4006e-05 1.7842e-05 9.9053e-11 7.2668e-12 1.4543e-10 ] 0.0000e+00 [ 0.0000e+00 ] 9.9994e-01
 1.065e+01 4.8258e-05 4.8258e-05 [ 4.1973e-10 3.3252e-05 1.5005e-05 9.3607e-11 6.6406e-12 1.1099e-10 ] 0.0000e+00 [ 0.0000e+00 ] 9.9995e-01
 1.077e+01 3.7570e-05 3.7570e-05 [ 2.3794e-10 2.4982e-05 1.2587e-05 8.8604e-11 6.0415e-12 8.4731e-11 ] 0.0000e+00 [ 0.0000e+00 ] 9.9996e-01
 1.088e+01 2.9197e-05 2.9197e-05 [ 1.3366e-10 1.8664e-05 1.0533e-05 8.3995e-11 5.4722e-12 6.4694e-11 ] 0.0000e+00 [ 0.0000e+00 ] 9.9997e-01
 1.099e+01 2.2662e-05 2.2662e-05 [ 7.4413e-11 1.3869e-05 8.7926e-06 7.9736e-11 4.9348e-12 4.9404e-11 ] 0.0000e+00 [ 0.0000e+00 ] 9.9998e-01
 1.111e+01 1.7577e-05 1.7577e-05 [ 4.1067e-11 1.0253e-05 7.3239e-06 7.5782e-11 4.4307e-12 3.7734e-11 ] 0.0000e+00 [ 0.0000e+00 ] 9.9998e-01
 1.122e+01 1.3629e-05 1.3629e-05 [ 2.2470e-11 7.5407e-06 6.0879e-06 7.2093e-11 3.9609e-12 2.8826e-11 ] 0.0000e+00 [ 0.0000e+00 ] 9.9999e-01
 1.133e+01 1.0570e-05 1.0570e-05 [ 1.2192e-11 5.5190e-06 5.0508e-06 6.8633e-11 3.5257e-12 2.2024e-11 ] 0.0000e+00 [ 0.0000e+00 ] 9.9999e-01
 1.145e+01 8.2033e-06 8.2033e-06 [ 6.5604e-12 4.0201e-06 4.1831e-06 6.5367e-11 3.1250e-12 1.6830e-11 ] 0.0000e+00 [ 0.0000e+00 ] 9.9999e-01
 1.156e+01 6.3738e-06 6.3738e-06 [ 3.5019e-12 2.9147e-06 3.4591e-06 6.2267e-11 2.7582e-12 1.2862e-11 ] 0.0000e+00 [ 0.0000e+00 ] 9.9999e-01
 1.167e+01 4.9600e-06 4.9600e-06 [ 1.8546e-12 2.1036e-06 2.8563e-06 5.9306e-11 2.4243e-12 9.8313e-12 ] 0.0000e+00 [ 0.0000e+00 ] 1.0000e+00
 1.179e+01 3.8673e-06 3.8673e-06 [ 9.7462e-13 1.5115e-06 2.3557e-06 5.6462e-11 2.1220e-12 7.5156e-12 ] 0.0000e+00 [ 0.0000e+00 ] 1.0000e+00
 1.190e+01 3.0223e-06 3.0223e-06 [ 5.0834e-13 1.0814e-06 1.9409e-06 5.3716e-11 1.8500e-12 5.7460e-12 ] 0.0000e+00 [ 0.0000e+00 ] 1.0000e+00
 1.201e+01 2.3681e-06 2.3681e-06 [ 2.6319e-13 7.7030e-07 1.5978e-06 5.1054e-11 1.6063e-12 4.3935e-12 ] 0.0000e+00 [ 0.0000e+00 ] 1.0000e+00
 1.213e+01 1.8609e-06 1.8609e-06 [ 1.3529e-13 5.4640e-07 1.3145e-06 4.8463e-11 1.3892e-12 3.3598e-12 ] 0.0000e+00 [ 0.0000e+00 ] 1.0000e+00
 1.224e+01 1.4670e-06 1.4670e-06 [ 6.9060e-14 3.8596e-07 1.0809e-06 4.5936e-11 1.1968e-12 2.5695e-12 ] 0.0000e+00 [ 0.0000e+00 ] 1.0000e+00
 1.235e+01 1.1602e-06 1.1602e-06 [ 3.5011e-14 2.7151e-07 8.8868e-07 4.3465e-11 1.0271e-12 1.9654e-12 ] 0.0000e+00 [ 0.0000e+00 ] 1.0000e+00
 1.247e+01 9.2082e-07 9.2082e-07 [ 1.7631e-14 1.9022e-07 7.3056e-07 4.1049e-11 8.7812e-13 1.5034e-12 ] 0.0000e+00 [ 0.0000e+00 ] 1.0000e+00
 1.258e+01 7.3342e-07 7.3342e-07 [ 8.8211e-15 1.3272e-07 6.0066e-07 3.8684e-11 7.4797e-13 1.1501e-12 ] 0.0000e+00 [ 0.0000e+00 ] 1.0000e+00
 1.269e+01 5.8627e-07 5.8627e-07 [ 4.3854e-15 9.2230e-08 4.9400e-07 3.6372e-11 6.3480e-13 8.7990e-13 ] 0.0000e+00 [ 0.0000e+00 ] 1.0000e+00
 1.281e+01 4.7034e-07 4.7034e-07 [ 2.1668e-15 6.3834e-08 4.0648e-07 3.4115e-11 5.3682e-13 6.7324e-13 ] 0.0000e+00 [ 0.0000e+00 ] 1.0000e+00
 1.292e+01 3.7870e-07 3.7870e-07 [ 1.0641e-15 4.4004e-08 3.3467e-07 3.1915e-11 4.5236e-13 5.1515e-13 ] 0.0000e+00 [ 0.0000e+00 ] 1.0000e+00
 1.303e+01 3.0600e-07 3.0600e-07 [ 5.1954e-16 3.0213e-08 2.7576e-07 2.9775e-11 3.7988e-13 3.9422e-13 ] 0.0000e+00 [ 0.0000e+00 ] 1.0000e+00
 1.315e+01 2.4811e-07 2.4811e-07 [ 2.5221e-16 2.0662e-08 2.2742e-07 2.7700e-11 3.1793e-13 3.0169e-13 ] 0.0000e+00 [ 0.0000e+00 ] 1.0000e+00
 1.326e+01 2.0184e-07 2.0184e-07 [ 1.2175e-16 1.4074e-08 1.8774e-07 2.5695e-11 2.6520e-13 2.3090e-13 ] 0.0000e+00 [ 0.0000e+00 ] 1.0000e+00
 1.337e+01 1.6473e-07 1.6473e-07 [ 5.8455e-17 9.5480e-09 1.5516e-07 2.3763e-11 2.2050e-13 1.7673e-13 ] 0.0000e+00 [ 0.0000e+00 ] 1.0000e+00
 1.349e+01 1.3485e-07 1.3485e-07 [ 2.7917e-17 6.4520e-09 1.2838e-07 2.1909e-11 1.8274e-13 1.3528e-13 ] 0.0000e+00 [ 0.0000e+00 ] 1.0000e+00
 1.360e+01 1.1070e-07 1.1070e-07 [ 1.3264e-17 4.3426e-09 1.0634e-07 2.0136e-11 1.5098e-13 1.0355e-13 ] 0.0000e+00 [ 0.0000e+00 ] 1.0000e+00
 1.371e+01 9.1126e-08 9.1126e-08 [ 6.2702e-18 2.9112e-09 8.8196e-08 1.8447e-11 1.2435e-13 7.9272e-14 ] 0.0000e+00 [ 0.0000e+00 ] 1.0000e+00
 1.383e+01 7.5195e-08 7.5195e-08 [ 2.9496e-18 1.9439e-09 7.3234e-08 1.6845e-11 1.0211e-13 6.0689e-14 ] 0.0000e+00 [ 0.0000e+00 ] 1.0000e+00
 1.394e+01 6.2190e-08 6.2190e-08 [ 1.3809e-18 1.2929e-09 6.0882e-08 1.5331e-11 8.3604e-14 4.6465e-14 ] 0.0000e+00 [ 0.0000e+00 ] 1.0000e+00
 1.405e+01 5.1539e-08 5.1539e-08 [ 6.4348e-19 8.5650e-10 5.0669e-08 1.3907e-11 6.8254e-14 3.5577e-14 ] 0.0000e+00 [ 0.0000e+00 ] 1.0000e+00
 1.417e+01 4.2791e-08 4.2791e-08 [ 2.9849e-19 5.6516e-10 4.2213e-08 1.2574e-11 5.5565e-14 2.7242e-14 ] 0.0000e+00 [ 0.0000e+00 ] 1.0000e+00
 1.428e+01 3.5584e-08 3.5584e-08 [ 1.3785e-19 3.7144e-10 3.5201e-08 1.1330e-11 4.5111e-14 2.0862e-14 ] 0.0000e+00 [ 0.0000e+00 ] 1.0000e+00
 1.439e+01 2.9631e-08 2.9631e-08 [ 6.3384e-20 2.4316e-10 2.9378e-08 1.0174e-11 3.6524e-14 1.5978e-14 ] 0.0000e+00 [ 0.0000e+00 ] 1.0000e+00
 1.451e+01 2.4703e-08 2.4703e-08 [ 2.9021e-20 1.5856e-10 2.4535e-08 9.1061e-12 2.9494e-14 1.2238e-14 ] 0.0000e+00 [ 0.0000e+00 ] 1.0000e+00
 1.462e+01 2.0613e-08 2.0613e-08 [ 1.3233e-20 1.0298e-10 2.0502e-08 8.1222e-12 2.3756e-14 9.3755e-15 ] 0.0000e+00 [ 0.0000e+00 ] 1.0000e+00
 1.473e+01 1.7212e-08 1.7212e-08 [ 6.0097e-21 6.6624e-11 1.7139e-08 7.2200e-12 1.9086e-14 7.1837e-15 ] 0.0000e+00 [ 0.0000e+00 ] 1.0000e+00
 1.485e+01 1.4379e-08 1.4379e-08 [ 2.7185e-21 4.2933e-11 1.4330e-08 6.3962e-12 1.5296e-14 5.5057e-15 ] 0.0000e+00 [ 0.0000e+00 ] 1.0000e+00
 1.496e+01 1.2016e-08 1.2016e-08 [ 1.2250e-21 2.7558e-11 1.1983e-08 5.6472e-12 1.2229e-14 4.2211e-15 ] 0.0000e+00 [ 0.0000e+00 ] 1.0000e+00
 1.507e+01 1.0041e-08 1.0041e-08 [ 5.4989e-22 1.7619e-11 1.0018e-08 4.9690e-12 9.7540e-15 3.2375e-15 ] 0.0000e+00 [ 0.0000e+00 ] 1.0000e+00
 1.519e+01 8.3894e-09 8.3894e-09 [ 2.4593e-22 1.1221e-11 8.3738e-09 4.3575e-12 7.7621e-15 2.4845e-15 ] 0.0000e+00 [ 0.0000e+00 ] 1.0000e+00
 1.530e+01 7.0068e-09 7.0068e-09 [ 1.0959e-22 7.1185e-12 6.9959e-09 3.8083e-12 6.1632e-15 1.9081e-15 ] 0.0000e+00 [ 0.0000e+00 ] 1.0000e+00
 1.541e+01 5.8488e-09 5.8488e-09 [ 4.8665e-23 4.4983e-12 5.8410e-09 3.3172e-12 4.8830e-15 1.4668e-15 ] 0.0000e+00 [ 0.0000e+00 ] 1.0000e+00
 1.553e+01 4.8785e-09 4.8785e-09 [ 2.1535e-23 2.8315e-12 4.8728e-09 2.8797e-12 3.8605e-15 1.1290e-15 ] 0.0000e+00 [ 0.0000e+00 ] 1.0000e+00
 1.564e+01 4.0654e-09 4.0654e-09 [ 9.4966e-24 1.7754e-12 4.0612e-09 2.4916e-12 3.0459e-15 8.7046e-16 ] 0.0000e+00 [ 0.0000e+00 ] 1.0000e+00
 1.575e+01 3.3842e-09 3.3842e-09 [ 4.1740e-24 1.1089e-12 3.3809e-09 2.1486e-12 2.3984e-15 6.7259e-16 ] 0.0000e+00 [ 0.0000e+00 ] 1.0000e+00
 1.587e+01 2.8136e-09 2.8136e-09 [ 1.8285e-24 6.8992e-13 2.8110e-09 1.8467e-12 1.8849e-15 5.2116e-16 ] 0.0000e+00 [ 0.0000e+00 ] 1.0000e+00
 1.598e+01 2.3360e-09 2.3360e-09 [ 7.9844e-25 4.2760e-13 2.3339e-09 1.5820e-12 1.4786e-15 4.0531e-16 ] 0.0000e+00 [ 0.0000e+00 ] 1.0000e+00
 1.609e+01 1.9364e-09 1.9364e-09 [ 3.4754e-25 2.6400e-13 1.9348e-09 1.3508e-12 1.1579e-15 3.1668e-16 ] 0.0000e+00 [ 0.0000e+00 ] 1.0000e+00
 1.621e+01 1.6026e-09 1.6026e-09 [ 1.5081e-25 1.6236e-13 1.6013e-09 1.1497e-12 9.0533e-16 2.4890e-16 ] 0.0000e+00 [ 0.0000e+00 ] 1.0000e+00
 1.632e+01 1.3240e-09 1.3240e-09 [ 6.5237e-26 9.9475e-14 1.3229e-09 9.7532e-13 7.0676e-16 1.9707e-16 ] 0.0000e+00 [ 0.0000e+00 ] 1.0000e+00
 1.643e+01 1.0918e-09 1.0918e-09 [ 2.8135e-26 6.0712e-14 1.0909e-09 8.2474e-13 5.5099e-16 1.5746e-16 ] 0.0000e+00 [ 0.0000e+00 ] 1.0000e+00
 1.655e+01 8.9851e-10 8.9851e-10 [ 1.2098e-26 3.6913e-14 8.9777e-10 6.9518e-13 4.2906e-16 1.2719e-16 ] 0.0000e+00 [ 0.0000e+00 ] 1.0000e+00
 1.666e+01 7.3794e-10 7.3794e-10 [ 5.1869e-27 2.2357e-14 7.3734e-10 5.8412e-13 3.3380e-16 1.0407e-16 ] 0.0000e+00 [ 0.0000e+00 ] 1.0000e+00
 1.677e+01 6.0479e-10 6.0479e-10 [ 2.2173e-27 1.3490e-14 6.0428e-10 4.8925e-13 2.5952e-16 8.6415e-17 ] 0.0000e+00 [ 0.0000e+00 ] 1.0000e+00
 1.689e+01 4.9457e-10 4.9457e-10 [ 9.4520e-28 8.1087e-15 4.9415e-10 4.0851e-13 2.0171e-16 7.2942e-17 ] 0.0000e+00 [ 0.0000e+00 ] 1.0000e+00
 1.700e+01 4.0353e-10 4.0353e-10 [ 4.0178e-28 4.8556e-15 4.0319e-10 3.4003e-13 1.5680e-16 6.2662e-17 ] 0.0000e+00 [ 0.0000e+00 ] 1.0000e+00
 1.711e+01 3.2850e-10 3.2850e-10 [ 1.7031e-28 2.8967e-15 3.2821e-10 2.8216e-13 1.2198e-16 5.4821e-17 ] 0.0000e+00 [ 0.0000e+00 ] 1.0000e+00
 1.723e+01 2.6679e-10 2.6679e-10 [ 7.1994e-29 1.7215e-15 2.6656e-10 2.3342e-13 9.5020e-17 4.8839e-17 ] 0.0000e+00 [ 0.0000e+00 ] 1.0000e+00
 1.734e+01 2.1616e-10 2.1616e-10 [ 3.0351e-29 1.0193e-15 2.1597e-10 1.9251e-13 7.4188e-17 4.4275e-17 ] 0.0000e+00 [ 0.0000e+00 ] 1.0000e+00
 1.745e+01 1.7472e-10 1.7472e-10 [ 1.2761e-29 6.0122e-16 1.7456e-10 1.5829e-13 5.8116e-17 4.0788e-17 ] 0.0000e+00 [ 0.0000e+00 ] 1.0000e+00
 1.757e+01 1.4089e-10 1.4089e-10 [ 5.3508e-30 3.5330e-16 1.4076e-10 1.2977e-13 4.5733e-17 3.8120e-17 ] 0.0000e+00 [ 0.0000e+00 ] 1.0000e+00
 1.768e+01 1.1333e-10 1.1333e-10 [ 2.2378e-30 2.0684e-16 1.1322e-10 1.0607e-13 3.6207e-17 3.6072e-17 ] 0.0000e+00 [ 0.0000e+00 ] 1.0000e+00
 1.779e+01 9.0943e-11 9.0943e-11 [ 9.3346e-31 1.2064e-16 9.0856e-11 8.6440e-14 2.8887e-17 3.4492e-17 ] 0.0000e+00 [ 0.0000e+00 ] 1.0000e+00
 1.791e+01 7.2801e-11 7.2801e-11 [ 3.8836e-31 7.0105e-17 7.2731e-11 7.0239e-14 2.3268e-17 3.3263e-17 ] 0.0000e+00 [ 0.0000e+00 ] 1.0000e+00
 1.802e+01 5.8138e-11 5.8138e-11 [ 1.6116e-31 4.0587e-17 5.8081e-11 5.6908e-14 1.8957e-17 3.2296e-17 ] 0.0000e+00 [ 0.0000e+00 ] 1.0000e+00
 1.813e+01 4.6317e-11 4.6317e-11 [ 6.6711e-32 2.3410e-17 4.6271e-11 4.5975e-14 1.5652e-17 3.1525e-17 ] 0.0000e+00 [ 0.0000e+00 ] 1.0000e+00
 1.825e+01 3.6813e-11 3.6813e-11 [ 2.7544e-32 1.3453e-17 3.6776e-11 3.7037e-14 1.3116e-17 3.0896e-17 ] 0.0000e+00 [ 0.0000e+00 ] 1.0000e+00
 1.836e+01 2.9190e-11 2.9190e-11 [ 1.1344e-32 7.7024e-18 2.9160e-11 2.9752e-14 1.1169e-17 3.0371e-17 ] 0.0000e+00 [ 0.0000e+00 ] 1.0000e+00
 1.847e+01 2.3092e-11 2.3092e-11 [ 4.6605e-33 4.3938e-18 2.3068e-11 2.3833e-14 9.6715e-18 2.9919e-17 ] 0.0000e+00 [ 0.0000e+00 ] 1.0000e+00
 1.859e+01 1.8226e-11 1.8226e-11 [ 1.9100e-33 2.4972e-18 1.8207e-11 1.9039e-14 8.5160e-18 2.9518e-17 ] 0.0000e+00 [ 0.0000e+00 ] 1.0000e+00
 1.870e+01 1.4354e-11 1.4354e-11 [ 7.8082e-34 1.4141e-18 1.4339e-11 1.5167e-14 7.6204e-18 2.9150e-17 ] 0.0000e+00 [ 0.0000e+00 ] 1.0000e+00
 1.881e+01 1.1279e-11 1.1279e-11 [ 3.1844e-34 7.9783e-19 1.1267e-11 1.2050e-14 6.9215e-18 2.8802e-17 ] 0.0000e+00 [ 0.0000e+00 ] 1.0000e+00
 1.893e+01 8.8443e-12 8.8443e-12 [ 1.2955e-34 4.4850e-19 8.8347e-12 9.5483e-15 6.3712e-18 2.8465e-17 ] 0.0000e+00 [ 0.0000e+00 ] 1.0000e+00
 1.904e+01 6.9206e-12 6.9206e-12 [ 5.2580e-35 2.5121e-19 6.9130e-12 7.5456e-15 5.9330e-18 2.8131e-17 ] 0.0000e+00 [ 0.0000e+00 ] 1.0000e+00
 1.915e+01 5.4042e-12 5.4042e-12 [ 2.1289e-35 1.4020e-19 5.3983e-12 5.9474e-15 5.5787e-18 2.7795e-17 ] 0.0000e+00 [ 0.0000e+00 ] 1.0000e+00
 1.927e+01 4.2118e-12 4.2118e-12 [ 8.5993e-36 7.7960e-20 4.2071e-12 4.6756e-15 5.2873e-18 2.7454e-17 ] 0.0000e+00 [ 0.0000e+00 ] 1.0000e+00
 1.938e+01 3.2762e-12 3.2762e-12 [ 3.4653e-36 4.3195e-20 3.2725e-12 3.6665e-15 5.0428e-18 2.7105e-17 ] 0.0000e+00 [ 0.0000e+00 ] 1.0000e+00
 1.949e+01 2.5437e-12 2.5437e-12 [ 1.3931e-36 2.3848e-20 2.5408e-12 2.8680e-15 4.8330e-18 2.6745e-17 ] 0.0000e+00 [ 0.0000e+00 ] 1.0000e+00
 1.961e+01 1.9714e-12 1.9714e-12 [ 5.5877e-37 1.3119e-20 1.9692e-12 2.2379e-15 4.6489e-18 2.6375e-17 ] 0.0000e+00 [ 0.0000e+00 ] 1.0000e+00
 1.972e+01 1.5253e-12 1.5253e-12 [ 2.2359e-37 7.1912e-21 1.5235e-12 1.7422e-15 4.4837e-18 2.5992e-17 ] 0.0000e+00 [ 0.0000e+00 ] 1.0000e+00
 1.983e+01 1.1781e-12 1.1781e-12 [ 8.9265e-38 3.9279e-21 1.1767e-12 1.3531e-15 4.3323e-18 2.5598e-17 ] 0.0000e+00 [ 0.0000e+00 ] 1.0000e+00
 1.995e+01 9.0852e-13 9.0852e-13 [ 3.5555e-38 2.1379e-21 9.0744e-13 1.0486e-15 4.1910e-18 2.5192e-17 ] 0.0000e+00 [ 0.0000e+00 ] 1.0000e+00
 2.006e+01 6.9954e-13 6.9954e-13 [ 1.4129e-38 1.1595e-21 6.9870e-13 8.1087e-16 4.0571e-18 2.4775e-17 ] 0.0000e+00 [ 0.0000e+00 ] 1.0000e+00
 2.017e+01 5.3782e-13 5.3782e-13 [ 5.6020e-39 6.2667e-22 5.3717e-13 6.2579e-16 3.9286e-18 2.4347e-17 ] 0.0000e+00 [ 0.0000e+00 ] 1.0000e+00
 2.029e+01 4.1290e-13 4.1290e-13 [ 2.2161e-39 3.3750e-22 4.1239e-13 4.8206e-16 3.8040e-18 2.3909e-17 ] 0.0000e+00 [ 0.0000e+00 ] 1.0000e+00
 2.040e+01 3.1656e-13 3.1656e-13 [ 8.7466e-40 1.8114e-22 3.1617e-13 3.7072e-16 3.6824e-18 2.3461e-17 ] 0.0000e+00 [ 0.0000e+00 ] 1.0000e+00
 2.051e+01 2.4238e-13 2.4238e-13 [ 3.4444e-40 9.6878e-23 2.4207e-13 2.8468e-16 3.5631e-18 2.3004e-17 ] 0.0000e+00 [ 0.0000e+00 ] 1.0000e+00
 2.063e+01 1.8535e-13 1.8535e-13 [ 1.3533e-40 5.1635e-23 1.8510e-13 2.1834e-16 3.4456e-18 2.2540e-17 ] 0.0000e+00 [ 0.0000e+00 ] 1.0000e+00
 2.074e+01 1.4156e-13 1.4156e-13 [ 5.3056e-41 2.7426e-23 1.4136e-13 1.6731e-16 3.3298e-18 2.2069e-17 ] 0.0000e+00 [ 0.0000e+00 ] 1.0000e+00
 2.085e+01 1.0798e-13 1.0798e-13 [ 2.0753e-41 1.4518e-23 1.0783e-13 1.2815e-16 3.2153e-18 2.1592e-17 ] 0.0000e+00 [ 0.0000e+00 ] 1.0000e+00
 2.097e+01 8.2275e-14 8.2275e-14 [ 8.0999e-42 7.6585e-24 8.2152e-14 9.8152e-17 3.1023e-18 2.1109e-17 ] 0.0000e+00 [ 0.0000e+00 ] 1.0000e+00
 2.108e+01 6.2616e-14 6.2616e-14 [ 3.1543e-42 4.0264e-24 6.2517e-14 7.5221e-17 2.9906e-18 2.0622e-17 ] 0.0000e+00 [ 0.0000e+00 ] 1.0000e+00
 2.119e+01 4.7602e-14 4.7602e-14 [ 1.2257e-42 2.1097e-24 4.7521e-14 5.7722e-17 2.8803e-18 2.0132e-17 ] 0.0000e+00 [ 0.0000e+00 ] 1.0000e+00
 2.131e+01 3.6148e-14 3.6148e-14 [ 4.7523e-43 1.1017e-24 3.6081e-14 4.4388e-17 2.7716e-18 1.9640e-17 ] 0.0000e+00 [ 0.0000e+00 ] 1.0000e+00
 2.142e+01 2.7420e-14 2.7420e-14 [ 1.8386e-43 5.7339e-25 2.7364e-14 3.4242e-17 2.6645e-18 1.9146e-17 ] 0.0000e+00 [ 0.0000e+00 ] 1.0000e+00
 2.153e+01 2.0777e-14 2.0777e-14 [ 7.0976e-44 2.9744e-25 2.0730e-14 2.6529e-17 2.5592e-18 1.8651e-17 ] 0.0000e+00 [ 0.0000e+00 ] 1.0000e+00
 2.165e+01 1.5727e-14 1.5727e-14 [ 2.7340e-44 1.5378e-25 1.5686e-14 2.0668e-17 2.4557e-18 1.8156e-17 ] 0.0000e+00 [ 0.0000e+00 ] 1.0000e+00
 2.176e+01 1.1892e-14 1.1892e-14 [ 1.0509e-44 7.9244e-26 1.1856e-14 1.6215e-17 2.3541e-18 1.7662e-17 ] 0.0000e+00 [ 0.0000e+00 ] 1.0000e+00
 2.187e+01 8.9825e-15 8.9825e-15 [ 4.0306e-45 4.0701e-26 8.9502e-15 1.2830e-17 2.2547e-18 1.7170e-17 ] 0.0000e+00 [ 0.0000e+00 ] 1.0000e+00
 2.199e+01 6.7779e-15 6.7779e-15 [ 1.5426e-45 2.0837e-26 6.7488e-15 1.0252e-17 2.1574e-18 1.6680e-17 ] 0.0000e+00 [ 0.0000e+00 ] 1.0000e+00
 2.210e+01 5.1093e-15 5.1093e-15 [ 5.8914e-46 1.0633e-26 5.0827e-15 8.2852e-18 2.0623e-18 1.6193e-17 ] 0.0000e+00 [ 0.0000e+00 ] 1.0000e+00
 2.221e+01 3.8476e-15 3.8476e-15 [ 2.2453e-46 5.4084e-27 3.8232e-15 6.7791e-18 1.9696e-18 1.5709e-17 ] 0.0000e+00 [ 0.0000e+00 ] 1.0000e+00
 2.233e+01 2.8948e-15 2.8948e-15 [ 8.5387e-47 2.7421e-27 2.8721e-15 5.6203e-18 1.8793e-18 1.5230e-17 ] 0.0000e+00 [ 0.0000e+00 ] 1.0000e+00
 2.244e+01 2.1761e-15 2.1761e-15 [ 3.2405e-47 1.3859e-27 2.1548e-15 4.7231e-18 1.7915e-18 1.4756e-17 ] 0.0000e+00 [ 0.0000e+00 ] 1.0000e+00
 2.255e+01 1.6345e-15 1.6345e-15 [ 1.2272e-47 6.9820e-28 1.6145e-15 4.0229e-18 1.7062e-18 1.4287e-17 ] 0.0000e+00 [ 0.0000e+00 ] 1.0000e+00
 2.267e+01 1.2269e-15 1.2269e-15 [ 4.6378e-48 3.5065e-28 1.2080e-15 3.4712e-18 1.6235e-18 1.3823e-17 ] 0.0000e+00 [ 0.0000e+00 ] 1.0000e+00
 2.278e+01 9.2047e-16 9.2047e-16 [ 1.7491e-48 1.7555e-28 9.0252e-16 3.0316e-18 1.5434e-18 1.3367e-17 ] 0.0000e+00 [ 0.0000e+00 ] 1.0000e+00
 2.289e+01 6.9040e-16 6.9040e-16 [ 6.5830e-49 8.7614e-29 6.7335e-16 2.6766e-18 1.4659e-18 1.2917e-17 ] 0.0000e+00 [ 0.0000e+00 ] 1.0000e+00
 2.301e+01 5.1787e-16 5.1787e-16 [ 2.4725e-49 4.3592e-29 5.0162e-16 2.3859e-18 1.3910e-18 1.2474e-17 ] 0.0000e+00 [ 0.0000e+00 ] 1.0000e+00
 2.312e+01 3.8862e-16 3.8862e-16 [ 9.2675e-50 2.1622e-29 3.7312e-16 2.1443e-18 1.3188e-18 1.2038e-17 ] 0.0000e+00 [ 0.0000e+00 ] 1.0000e+00
 2.323e+01 2.9192e-16 2.9192e-16 [ 3.4666e-50 1.0692e-29 2.7712e-16 1.9403e-18 1.2492e-18 1.1611e-17 ] 0.0000e+00 [ 0.0000e+00 ] 1.0000e+00
 2.335e+01 2.1963e-16 2.1963e-16 [ 1.2941e-50 5.2712e-30 2.0549e-16 1.7655e-18 1.1823e-18 1.1192e-17 ] 0.0000e+00 [ 0.0000e+00 ] 1.0000e+00
 2.346e+01 1.6565e-16 1.6565e-16 [ 4.8213e-51 2.5909e-30 1.5214e-16 1.6136e-18 1.1179e-18 1.0781e-17 ] 0.0000e+00 [ 0.0000e+00 ] 1.0000e+00
 2.357e+01 1.2537e-16 1.2537e-16 [ 1.7926e-51 1.2696e-30 1.1246e-16 1.4798e-18 1.0562e-18 1.0379e-17 ] 0.0000e+00 [ 0.0000e+00 ] 1.0000e+00
 2.369e+01 9.5340e-17 9.5340e-17 [ 6.6519e-52 6.2033e-31 8.2996e-17 1.3606e-18 9.9694e-19 9.9855e-18 ] 0.0000e+00 [ 0.0000e+00 ] 1.0000e+00
 2.380e+01 7.2951e-17 7.2951e-17 [ 2.4634e-52 3.0219e-31 6.1156e-17 1.2534e-18 9.4023e-19 9.6014e-18 ] 0.0000e+00 [ 0.0000e+00 ] 1.0000e+00
 2.391e+01 5.6261e-17 5.6261e-17 [ 9.1050e-53 1.4678e-31 4.4993e-17 1.1561e-18 8.8598e-19 9.2264e-18 ] 0.0000e+00 [ 0.0000e+00 ] 1.0000e+00
 2.403e+01 4.3813e-17 4.3813e-17 [ 3.3587e-53 7.1086e-32 3.3051e-17 1.0673e-18 8.3415e-19 8.8608e-18 ] 0.0000e+00 [ 0.0000e+00 ] 1.0000e+00
 2.414e+01 3.4518e-17 3.4518e-17 [ 1.2365e-53 3.4328e-32 2.4243e-17 9.8578e-19 7.8468e-19 8.5046e-18 ] 0.0000e+00 [ 0.0000e+00 ] 1.0000e+00
 2.425e+01 2.7564e-17 2.7564e-17 [ 4.5437e-54 1.6529e-32 1.7758e-17 9.1064e-19 7.3752e-19 8.1579e-18 ] 0.0000e+00 [ 0.0000e+00 ] 1.0000e+00
 2.437e+01 2.2346e-17 2.2346e-17 [ 1.6664e-54 7.9366e-33 1.2991e-17 8.4117e-19 6.9261e-19 7.8207e-18 ] 0.0000e+00 [ 0.0000e+00 ] 1.0000e+00
 2.448e+01 1.8413e-17 1.8413e-17 [ 6.0996e-55 3.8000e-33 9.4929e-18 7.7682e-19 6.4990e-19 7.4932e-18 ] 0.0000e+00 [ 0.0000e+00 ] 1.0000e+00
 2.459e+01 1.5432e-17 1.5432e-17 [ 2.2285e-55 1.8143e-33 6.9301e-18 7.1710e-19 6.0931e-19 7.1751e-18 ] 0.0000e+00 [ 0.0000e+00 ] 1.0000e+00
 2.471e+01 1.3155e-17 1.3155e-17 [ 8.1263e-56 8.6381e-34 5.0555e-18 6.6165e-19 5.7078e-19 6.8666e-18 ] 0.0000e+00 [ 0.0000e+00 ] 1.0000e+00
 2.482e+01 1.1398e-17 1.1398e-17 [ 2.9577e-56 4.1014e-34 3.6864e-18 6.1013e-19 5.3424e-19 6.5677e-18 ] 0.0000e+00 [ 0.0000e+00 ] 1.0000e+00
 2.493e+01 1.0028e-17 1.0028e-17 [ 1.0745e-56 1.9420e-34 2.6878e-18 5.6225e-19 4.9963e-19 6.2781e-18 ] 0.0000e+00 [ 0.0000e+00 ] 1.0000e+00
 2.505e+01 8.9431e-18 8.9431e-18 [ 3.8963e-57 9.1704e-35 1.9604e-18 5.1776e-19 4.6689e-19 5.9980e-18 ] 0.0000e+00 [ 0.0000e+00 ] 1.0000e+00
 2.516e+01 8.0707e-18 8.0707e-18 [ 1.4102e-57 4.3187e-35 1.4312e-18 4.7644e-19 4.3593e-19 5.7271e-18 ] 0.0000e+00 [ 0.0000e+00 ] 1.0000e+00
 2.527e+01 7.3566e-18 7.3566e-18 [ 5.0949e-58 2.0284e-35 1.0464e-18 4.3808e-19 4.0670e-19 5.4654e-18 ] 0.0000e+00 [ 0.0000e+00 ] 1.0000e+00
 2.539e+01 6.7612e-18 6.7612e-18 [ 1.8374e-58 9.5017e-36 7.6682e-19 4.0249e-19 3.7912e-19 5.2128e-18 ] 0.0000e+00 [ 0.0000e+00 ] 1.0000e+00
 2.550e+01 6.2555e-18 6.2555e-18 [ 6.6139e-59 4.4392e-36 5.6372e-19 3.6950e-19 3.5312e-19 4.9691e-18 ] 0.0000e+00 [ 0.0000e+00 ] 1.0000e+00
 2.561e+01 5.8180e-18 5.8180e-18 [ 2.3765e-59 2.0686e-36 4.1614e-19 3.3893e-19 3.2865e-19 4.7342e-18 ] 0.0000e+00 [ 0.0000e+00 ] 1.0000e+00
 2.573e+01 5.4331e-18 5.4331e-18 [ 8.5242e-60 9.6143e-37 3.0882e-19 3.1064e-19 3.0563e-19 4.5080e-18 ] 0.0000e+00 [ 0.0000e+00 ] 1.0000e+00
 2.584e+01 5.0894e-18 5.0894e-18 [ 3.0521e-60 4.4570e-37 2.3066e-19 2.8447e-19 2.8399e-19 4.2902e-18 ] 0.0000e+00 [ 0.0000e+00 ] 1.0000e+00
 2.595e+01 4.7784e-18 4.7784e-18 [ 1.0909e-60 2.0610e-37 1.7361e-19 2.6029e-19 2.6368e-19 4.0808e-18 ] 0.0000e+00 [ 0.0000e+00 ] 1.0000e+00
 2.607e+01 4.4939e-18 4.4939e-18 [ 3.8921e-61 9.5060e-38 1.3184e-19 2.3796e-19 2.4462e-19 3.8795e-18 ] 0.0000e+00 [ 0.0000e+00 ] 1.0000e+00
 2.618e+01 4.2315e-18 4.2315e-18 [ 1.3863e-61 4.3736e-38 1.0112e-19 2.1737e-19 2.2677e-19 3.6862e-18 ] 0.0000e+00 [ 0.0000e+00 ] 1.0000e+00
 2.629e+01 3.9875e-18 3.9875e-18 [ 4.9290e-62 2.0073e-38 7.8407e-20 1.9840e-19 2.1005e-19 3.5007e-18 ] 0.0000e+00 [ 0.0000e+00 ] 1.0000e+00
 2.641e+01 3.7596e-18 3.7596e-18 [ 1.7495e-62 9.1898e-39 6.1501e-20 1.8093e-19 1.9442e-19 3.3227e-18 ] 0.0000e+00 [ 0.0000e+00 ] 1.0000e+00
 2.652e+01 3.5456e-18 3.5456e-18 [ 6.1994e-63 4.1971e-39 4.8817e-20 1.6487e-19 1.7981e-19 3.1522e-18 ] 0.0000e+00 [ 0.0000e+00 ] 1.0000e+00
 2.663e+01 3.3443e-18 3.3443e-18 [ 2.1931e-63 1.9123e-39 3.9210e-20 1.5010e-19 1.6616e-19 2.9888e-18 ] 0.0000e+00 [ 0.0000e+00 ] 1.0000e+00
 2.675e+01 3.1543e-18 3.1543e-18 [ 7.7450e-64 8.6918e-40 3.1856e-20 1.3655e-19 1.5344e-19 2.8324e-18 ] 0.0000e+00 [ 0.0000e+00 ] 1.0000e+00
 2.686e+01 2.9747e-18 2.9747e-18 [ 2.7307e-64 3.9413e-40 2.6163e-20 1.2412e-19 1.4158e-19 2.6829e-18 ] 0.0000e+00 [ 0.0000e+00 ] 1.0000e+00
 2.697e+01 2.8049e-18 2.8049e-18 [ 9.6120e-65 1.7830e-40 2.1700e-20 1.1272e-19 1.3053e-19 2.5399e-18 ] 0.0000e+00 [ 0.0000e+00 ] 1.0000e+00
 2.709e+01 2.6440e-18 2.6440e-18 [ 3.3779e-65 8.0477e-41 1.8157e-20 1.0229e-19 1.2026e-19 2.4033e-18 ] 0.0000e+00 [ 0.0000e+00 ] 1.0000e+00
 2.720e+01 2.4917e-18 2.4917e-18 [ 1.1851e-65 3.6240e-41 1.5309e-20 9.2752e-20 1.1071e-19 2.2729e-18 ] 0.0000e+00 [ 0.0000e+00 ] 1.0000e+00
 2.731e+01 2.3474e-18 2.3474e-18 [ 4.1514e-66 1.6282e-41 1.2992e-20 8.4033e-20 1.0184e-19 2.1486e-18 ] 0.0000e+00 [ 0.0000e+00 ] 1.0000e+00
 2.743e+01 2.2107e-18 2.2107e-18 [ 1.4519e-66 7.2989e-42 1.1085e-20 7.6072e-20 9.3611e-20 2.0299e-18 ] 0.0000e+00 [ 0.0000e+00 ] 1.0000e+00
 2.754e+01 2.0812e-18 2.0812e-18 [ 5.0697e-67 3.2647e-42 9.5003e-21 6.8810e-20 8.5981e-20 1.9169e-18 ] 0.0000e+00 [ 0.0000e+00 ] 1.0000e+00
 2.765e+01 1.9586e-18 1.9586e-18 [ 1.7675e-67 1.4570e-42 8.1702e-21 6.2192e-20 7.8914e-20 1.8093e-18 ] 0.0000e+00 [ 0.0000e+00 ] 1.0000e+00
 2.777e+01 1.8425e-18 1.8425e-18 [ 6.1525e-68 6.4883e-43 7.0454e-21 5.6165e-20 7.2373e-20 1.7069e-18 ] 0.0000e+00 [ 0.0000e+00 ] 1.0000e+00
 2.788e+01 1.7325e-18 1.7325e-18 [ 2.1384e-68 2.8831e-43 6.0879e-21 5.0682e-20 6.6325e-20 1.6095e-18 ] 0.0000e+00 [ 0.0000e+00 ] 1.0000e+00
 2.799e+01 1.6286e-18 1.6286e-18 [ 7.4209e-69 1.2784e-43 5.2683e-21 4.5698e-20 6.0736e-20 1.5168e-18 ] 0.0000e+00 [ 0.0000e+00 ] 1.0000e+00
 2.811e+01 1.5302e-18 1.5302e-18 [ 2.5714e-69 5.6566e-44 4.5638e-21 4.1172e-20 5.5577e-20 1.4289e-18 ] 0.0000e+00 [ 0.0000e+00 ] 1.0000e+00
 2.822e+01 1.4372e-18 1.4372e-18 [ 8.8968e-70 2.4976e-44 3.9559e-21 3.7064e-20 5.0819e-20 1.3453e-18 ] 0.0000e+00 [ 0.0000e+00 ] 1.0000e+00
 2.833e+01 1.3493e-18 1.3493e-18 [ 3.0737e-70 1.1005e-44 3.4302e-21 3.3341e-20 4.6433e-20 1.2661e-18 ] 0.0000e+00 [ 0.0000e+00 ] 1.0000e+00
 2.845e+01 1.2663e-18 1.2663e-18 [ 1.0603e-70 4.8392e-45 2.9746e-21 2.9968e-20 4.2395e-20 1.1909e-18 ] 0.0000e+00 [ 0.0000e+00 ] 1.0000e+00
 2.856e+01 1.1879e-18 1.1879e-18 [ 3.6526e-71 2.1236e-45 2.5792e-21 2.6915e-20 3.8679e-20 1.1197e-18 ] 0.0000e+00 [ 0.0000e+00 ] 1.0000e+00
 2.867e+01 1.1139e-18 1.1139e-18 [ 1.2564e-71 9.3001e-46 2.2358e-21 2.4154e-20 3.5263e-20 1.0522e-18 ] 0.0000e+00 [ 0.0000e+00 ] 1.0000e+00
 2.879e+01 1.0441e-18 1.0441e-18 [ 4.3156e-72 4.0648e-46 1.9373e-21 2.1660e-20 3.2125e-20 9.8834e-19 ] 0.0000e+00 [ 0.0000e+00 ] 1.0000e+00
 2.890e+01 9.7823e-19 9.7823e-19 [ 1.4803e-72 1.7731e-46 1.6779e-21 1.9409e-20 2.9245e-20 9.2790e-19 ] 0.0000e+00 [ 0.0000e+00 ] 1.0000e+00
 2.901e+01 9.1618e-19 9.1618e-19 [ 5.0703e-73 7.7196e-47 1.4524e-21 1.7378e-20 2.6604e-20 8.7074e-19 ] 0.0000e+00 [ 0.0000e+00 ] 1.0000e+00
 2.913e+01 8.5771e-19 8.5771e-19 [ 1.7343e-73 3.3543e-47 1.2563e-21 1.5547e-20 2.4183e-20 8.1673e-19 ] 0.0000e+00 [ 0.0000e+00 ] 1.0000e+00
 2.924e+01 8.0265e-19 8.0265e-19 [ 5.9243e-74 1.4547e-47 1.0860e-21 1.3899e-20 2.1967e-20 7.6570e-19 ] 0.0000e+00 [ 0.0000e+00 ] 1.0000e+00
 2.935e+01 7.5082e-19 7.5082e-19 [ 2.0209e-74 6.2972e-48 9.3814e-22 1.2416e-20 1.9940e-20 7.1753e-19 ] 0.0000e+00 [ 0.0000e+00 ] 1.0000e+00
 2.947e+01 7.0206e-19 7.0206e-19 [ 6.8847e-75 2.7208e-48 8.0978e-22 1.1083e-20 1.8086e-20 6.7208e-19 ] 0.0000e+00 [ 0.0000e+00 ] 1.0000e+00
 2.958e+01 6.5619e-19 6.5619e-19 [ 2.3423e-75 1.1734e-48 6.9845e-22 9.8856e-21 1.6393e-20 6.2921e-19 ] 0.0000e+00 [ 0.0000e+00 ] 1.0000e+00
 2.969e+01 6.1307e-19 6.1307e-19 [ 7.9587e-76 5.0512e-49 6.0195e-22 8.8108e-21 1.4848e-20 5.8881e-19 ] 0.0000e+00 [ 0.0000e+00 ] 1.0000e+00
 2.981e+01 5.7255e-19 5.7255e-19 [ 2.7007e-76 2.1705e-49 5.1836e-22 7.8470e-21 1.3439e-20 5.5075e-19 ] 0.0000e+00 [ 0.0000e+00 ] 1.0000e+00
 2.992e+01 5.3450e-19 5.3450e-19 [ 9.1527e-77 9.3099e-50 4.4602e-22 6.9833e-21 1.2154e-20 5.1492e-19 ] 0.0000e+00 [ 0.0000e+00 ] 1.0000e+00
 3.003e+01 4.9877e-19 4.9877e-19 [ 3.0980e-77 3.9863e-50 3.8346e-22 6.2101e-21 1.0985e-20 4.8119e-19 ] 0.0000e+00 [ 0.0000e+00 ] 1.0000e+00
 3.015e+01 4.6524e-19 4.6524e-19 [ 1.0473e-77 1.7039e-50 3.2941e-22 5.5183e-21 9.9210e-21 4.4948e-19 ] 0.0000e+00 [ 0.0000e+00 ] 1.0000e+00
 3.026e+01 4.3379e-19 4.3379e-19 [ 3.5361e-78 7.2703e-51 2.8274e-22 4.8999e-21 8.9537e-21 4.1966e-19 ] 0.0000e+00 [ 0.0000e+00 ] 1.0000e+00
 3.037e+01 4.0431e-19 4.0431e-19 [ 1.1925e-78 3.0970e-51 2.4248e-22 4.3476e-21 8.0750e-21 3.9164e-19 ] 0.0000e+00 [ 0.0000e+00 ] 1.0000e+00
 3.049e+01 3.7667e-19 3.7667e-19 [ 4.0166e-79 1.3170e-51 2.0778e-22 3.8547e-21 7.2774e-21 3.6533e-19 ] 0.0000e+00 [ 0.0000e+00 ] 1.0000e+00
 3.060e+01 3.5079e-19 3.5079e-19 [ 1.3513e-79 5.5916e-52 1.7789e-22 3.4151e-21 6.5538e-21 3.4064e-19 ] 0.0000e+00 [ 0.0000e+00 ] 1.0000e+00
 3.071e+01 3.2655e-19 3.2655e-19 [ 4.5408e-80 2.3702e-52 1.5218e-22 3.0235e-21 5.8981e-21 3.1747e-19 ] 0.0000e+00 [ 0.0000e+00 ] 1.0000e+00
 3.083e+01 3.0386e-19 3.0386e-19 [ 1.5241e-80 1.0031e-52 1.3007e-22 2.6747e-21 5.3042e-21 2.9575e-19 ] 0.0000e+00 [ 0.0000e+00 ] 1.0000e+00
 3.094e+01 2.8263e-19 2.8263e-19 [ 5.1099e-81 4.2386e-53 1.1108e-22 2.3645e-21 4.7667e-21 2.7539e-19 ] 0.0000e+00 [ 0.0000e+00 ] 1.0000e+00
 3.105e+01 2.6278e-19 2.6278e-19 [ 1.7113e-81 1.7884e-53 9.4788e-23 2.0887e-21 4.2807e-21 2.5632e-19 ] 0.0000e+00 [ 0.0000e+00 ] 1.0000e+00
 3.117e+01 2.4423e-19 2.4423e-19 [ 5.7247e-82 7.5345e-54 8.0815e-23 1.8437e-21 3.8416e-21 2.3846e-19 ] 0.0000e+00 [ 0.0000e+00 ] 1.0000e+00
 3.128e+01 2.2690e-19 2.2690e-19 [ 1.9130e-82 3.1698e-54 6.8844e-23 1.6263e-21 3.4451e-21 2.2176e-19 ] 0.0000e+00 [ 0.0000e+00 ] 1.0000e+00
 3.139e+01 2.1071e-19 2.1071e-19 [ 6.3860e-83 1.3317e-54 5.8597e-23 1.4335e-21 3.0873e-21 2.0613e-19 ] 0.0000e+00 [ 0.0000e+00 ] 1.0000e+00
 3.151e+01 1.9559e-19 1.9559e-19 [ 2.1296e-83 5.5875e-55 4.9834e-23 1.2626e-21 2.7648e-21 1.9152e-19 ] 0.0000e+00 [ 0.0000e+00 ] 1.0000e+00
 3.162e+01 1.8149e-19 1.8149e-19 [ 7.0944e-84 2.3414e-55 4.2345e-23 1.1113e-21 2.4742e-21 1.7786e-19 ] 0.0000e+00 [ 0.0000e+00 ] 1.0000e+00
 3.173e+01 1.6834e-19 1.6834e-19 [ 2.3611e-84 9.8002e-56 3.5952e-23 9.7738e-22 2.2127e-21 1.6511e-19 ] 0.0000e+00 [ 0.0000e+00 ] 1.0000e+00
 3.185e+01 1.5608e-19 1.5608e-19 [ 7.8505e-85 4.0974e-56 3.0498e-23 8.5900e-22 1.9774e-21 1.5321e-19 ] 0.0000e+00 [ 0.0000e+00 ] 1.0000e+00
 3.196e+01 1.4465e-19 1.4465e-19 [ 2.6078e-85 1.7114e-56 2.5850e-23 7.5441e-22 1.7659e-21 1.4210e-19 ] 0.0000e+00 [ 0.0000e+00 ] 1.0000e+00
 3.207e+01 1.3401e-19 1.3401e-19 [ 8.6550e-86 7.1416e-57 2.1892e-23 6.6208e-22 1.5759e-21 1.3175e-19 ] 0.0000e+00 [ 0.0000e+00 ] 1.0000e+00
 3.219e+01 1.2409e-19 1.2409e-19 [ 2.8700e-86 2.9778e-57 1.8524e-23 5.8064e-22 1.4054e-21 1.2209e-19 ] 0.0000e+00 [ 0.0000e+00 ] 1.0000e+00
 3.230e+01 1.1487e-19 1.1487e-19 [ 9.5092e-87 1.2408e-57 1.5662e-23 5.0884e-22 1.2525e-21 1.1309e-19 ] 0.0000e+00 [ 0.0000e+00 ] 1.0000e+00
 3.241e+01 1.0629e-19 1.0629e-19 [ 3.1482e-87 5.1676e-58 1.3230e-23 4.4561e-22 1.1155e-21 1.0471e-19 ] 0.0000e+00 [ 0.0000e+00 ] 1.0000e+00
 3.253e+01 9.8309e-20 9.8309e-20 [ 1.0415e-87 2.1514e-58 1.1167e-23 3.8995e-22 9.9273e-22 9.6915e-20 ] 0.0000e+00 [ 0.0000e+00 ] 1.0000e+00
 3.264e+01 9.0892e-20 9.0892e-20 [ 3.4434e-88 8.9550e-59 9.4178e-24 3.4101e-22 8.8289e-22 8.9659e-20 ] 0.0000e+00 [ 0.0000e+00 ] 1.0000e+00
 3.275e+01 8.4001e-20 8.4001e-20 [ 1.1377e-88 3.7276e-59 7.9359e-24 2.9799e-22 7.8467e-22 8.2910e-20 ] 0.0000e+00 [ 0.0000e+00 ] 1.0000e+00
 3.287e+01 7.7601e-20 7.7601e-20 [ 3.7568e-89 1.5520e-59 6.6815e-24 2.6022e-22 6.9690e-22 7.6637e-20 ] 0.0000e+00 [ 0.0000e+00 ] 1.0000e+00
 3.298e+01 7.1660e-20 7.1660e-20 [ 1.2400e-89 6.4648e-60 5.6208e-24 2.2707e-22 6.1852e-22 7.0809e-20 ] 0.0000e+00 [ 0.0000e+00 ] 1.0000e+00
 3.309e+01 6.6148e-20 6.6148e-20 [ 4.0910e-90 2.6949e-60 4.7245e-24 1.9800e-22 5.4858e-22 6.5396e-20 ] 0.0000e+00 [ 0.0000e+00 ] 1.0000e+00
 3.321e+01 6.1035e-20 6.1035e-20 [ 1.3493e-90 1.1245e-60 3.9678e-24 1.7254e-22 4.8622e-22 6.0372e-20 ] 0.0000e+00 [ 0.0000e+00 ] 1.0000e+00
 3.332e+01 5.6294e-20 5.6294e-20 [ 4.4494e-91 4.6987e-61 3.3295e-24 1.5024e-22 4.3066e-22 5.5710e-20 ] 0.0000e+00 [ 0.0000e+00 ] 1.0000e+00
 3.343e+01 5.1901e-20 5.1901e-20 [ 1.4671e-91 1.9665e-61 2.7916e-24 1.3073e-22 3.8118e-22 5.1387e-20 ] 0.0000e+00 [ 0.0000e+00 ] 1.0000e+00
 3.355e+01 4.7832e-20 4.7832e-20 [ 4.8377e-92 8.2460e-62 2.3386e-24 1.1368e-22 3.3716e-22 4.7379e-20 ] 0.0000e+00 [ 0.0000e+00 ] 1.0000e+00
 3.366e+01 4.4064e-20 4.4064e-20 [ 1.5955e-92 3.4657e-62 1.9575e-24 9.8779e-23 2.9802e-22 4.3665e-20 ] 0.0000e+00 [ 0.0000e+00 ] 1.0000e+00
 3.377e+01 4.0577e-20 4.0577e-20 [ 5.2637e-93 1.4604e-62 1.6372e-24 8.5772e-23 2.6325e-22 4.0226e-20 ] 0.0000e+00 [ 0.0000e+00 ] 1.0000e+00
 3.389e+01 3.7350e-20 3.7350e-20 [ 1.7375e-93 6.1722e-63 1.3681e-24 7.4426e-23 2.3238e-22 3.7042e-20 ] 0.0000e+00 [ 0.0000e+00 ] 1.0000e+00
 3.400e+01 3.4367e-20 3.4367e-20 [ 5.7392e-94 2.6170e-63 1.1423e-24 6.4536e-23 2.0499e-22 3.4096e-20 ] 0.0000e+00 [ 0.0000e+00 ] 1.0000e+00
 3.411e+01 3.1609e-20 3.1609e-20 [ 1.8975e-94 1.1135e-63 9.5300e-25 5.5920e-23 1.8070e-22 3.1372e-20 ] 0.0000e+00 [ 0.0000e+00 ] 1.0000e+00
 3.423e+01 2.9061e-20 2.9061e-20 [ 6.2811e-95 4.7557e-64 7.9439e-25 4.8422e-23 1.5919e-22 2.8853e-20 ] 0.0000e+00 [ 0.0000e+00 ] 1.0000e+00
 3.434e+01 2.6708e-20 2.6708e-20 [ 2.0820e-95 2.0391e-64 6.6164e-25 4.1899e-23 1.4014e-22 2.6525e-20 ] 0.0000e+00 [ 0.0000e+00 ] 1.0000e+00
 3.445e+01 2.4535e-20 2.4535e-20 [ 6.9129e-96 8.7791e-65 5.5061e-25 3.6230e-23 1.2329e-22 2.4375e-20 ] 0.0000e+00 [ 0.0000e+00 ] 1.0000e+00
 3.457e+01 2.2530e-20 2.2530e-20 [ 2.2998e-96 3.7955e-65 4.5783e-25 3.1306e-23 1.0840e-22 2.2390e-20 ] 0.0000e+00 [ 0.0000e+00 ] 1.0000e+00
 3.468e+01 2.0681e-20 2.0681e-20 [ 7.6681e-97 1.6478e-65 3.8037e-25 2.7033e-23 9.5234e-23 2.0558e-20 ] 0.0000e+00 [ 0.0000e+00 ] 1.0000e+00
 3.479e+01 1.8976e-20 1.8976e-20 [ 2.5633e-97 7.1837e-66 3.1575e-25 2.3327e-23 8.3615e-23 1.8868e-20 ] 0.0000e+00 [ 0.0000e+00 ] 1.0000e+00
 3.491e+01 1.7404e-20 1.7404e-20 [ 8.5928e-98 3.1445e-66 2.6190e-25 2.0115e-23 7.3365e-23 1.7310e-20 ] 0.0000e+00 [ 0.0000e+00 ] 1.0000e+00
 3.502e+01 1.5956e-20 1.5956e-20 [ 2.8896e-98 1.3818e-66 2.1705e-25 1.7333e-23 6.4328e-23 1.5874e-20 ] 0.0000e+00 [ 0.0000e+00 ] 1.0000e+00
 3.513e+01 1.4623e-20 1.4623e-20 [ 9.7508e-99 6.0947e-67 1.7973e-25 1.4926e-23 5.6367e-23 1.4552e-20 ] 0.0000e+00 [ 0.0000e+00 ] 1.0000e+00
 3.525e+01 1.3396e-20 1.3396e-20 [ 3.3026e-99 2.6975e-67 1.4870e-25 1.2844e-23 4.9358e-23 1.3334e-20 ] 0.0000e+00 [ 0.0000e+00 ] 1.0000e+00
 3.536e+01 1.2267e-20 1.2267e-20 [ 1.1230e-99 1.1977e-67 1.2293e-25 1.1045e-23 4.3192e-23 1.2213e-20 ] 0.0000e+00 [ 0.0000e+00 ] 1.0000e+00
 3.547e+01 1.1229e-20 1.1229e-20 [ 3.8344e-100 5.3334e-68 1.0154e-25 9.4913e-24 3.7772e-23 1.1181e-20 ] 0.0000e+00 [ 0.0000e+00 ] 1.0000e+00
 3.559e+01 1.0274e-20 1.0274e-20 [ 1.3149e-100 2.3811e-68 8.3806e-26 8.1506e-24 3.3009e-23 1.0233e-20 ] 0.0000e+00 [ 0.0000e+00 ] 1.0000e+00
 3.570e+01 9.3971e-21 9.3971e-21 [ 4.5294e-101 1.0655e-68 6.9111e-26 6.9945e-24 2.8828e-23 9.3612e-21 ] 0.0000e+00 [ 0.0000e+00 ] 1.0000e+00
 3.581e+01 8.5914e-21 8.5914e-21 [ 1.5672e-101 4.7773e-69 5.6945e-26 5.9983e-24 2.5160e-23 8.5602e-21 ] 0.0000e+00 [ 0.0000e+00 ] 1.0000e+00
 3.593e+01 7.8516e-21 7.8516e-21 [ 5.4472e-102 2.1456e-69 4.6882e-26 5.1405e-24 2.1945e-23 7.8245e-21 ] 0.0000e+00 [ 0.0000e+00 ] 1.0000e+00
 3.604e+01 7.1727e-21 7.1727e-21 [ 1.9018e-102 9.6498e-70 3.8565e-26 4.4023e-24 1.9127e-23 7.1491e-21 ] 0.0000e+00 [ 0.0000e+00 ] 1.0000e+00
 3.615e+01 6.5499e-21 6.5499e-21 [ 6.6690e-103 4.3450e-70 3.1698e-26 3.7675e-24 1.6661e-23 6.5294e-21 ] 0.0000e+00 [ 0.0000e+00 ] 1.0000e+00
 3.627e+01 5.9788e-21 5.9788e-21 [ 2.3485e-103 1.9582e-70 2.6032e-26 3.2221e-24 1.4502e-23 5.9610e-21 ] 0.0000e+00 [ 0.0000e+00 ] 1.0000e+00
 3.638e+01 5.4553e-21 5.4553e-21 [ 8.3036e-104 8.8308e-71 2.1361e-26 2.7538e-24 1.2616e-23 5.4399e-21 ] 0.0000e+00 [ 0.0000e+00 ] 1.0000e+00
 3.649e+01 4.9756e-21 4.9756e-21 [ 2.9471e-104 3.9843e-71 1.7514e-26 2.3519e-24 1.0967e-23 4.9623e-21 ] 0.0000e+00 [ 0.0000e+00 ] 1.0000e+00
 3.661e+01 4.5364e-21 4.5364e-21 [ 1.0497e-104 1.7981e-71 1.4348e-26 2.0073e-24 9.5277e-24 4.5248e-21 ] 0.0000e+00 [ 0.0000e+00 ] 1.0000e+00
 3.672e+01 4.1342e-21 4.1342e-21 [ 3.7515e-105 8.1160e-72 1.1744e-26 1.7120e-24 8.2718e-24 4.1242e-21 ] 0.0000e+00 [ 0.0000e+00 ] 1.0000e+00
 3.683e+01 3.7662e-21 3.7662e-21 [ 1.3447e-105 3.6631e-72 9.6055e-27 1.4592e-24 7.1767e-24 3.7576e-21 ] 0.0000e+00 [ 0.0000e+00 ] 1.0000e+00
 3.695e+01 3.4296e-21 3.4296e-21 [ 4.8331e-106 1.6530e-72 7.8496e-27 1.2429e-24 6.2226e-24 3.4221e-21 ] 0.0000e+00 [ 0.0000e+00 ] 1.0000e+00
 3.706e+01 3.1218e-21 3.1218e-21 [ 1.7414e-106 7.4576e-73 6.4095e-27 1.0579e-24 5.3918e-24 3.1154e-21 ] 0.0000e+00 [ 0.0000e+00 ] 1.0000e+00
 3.717e+01 2.8406e-21 2.8406e-21 [ 6.2879e-107 3.3632e-73 5.2292e-27 8.9985e-25 4.6688e-24 2.8350e-21 ] 0.0000e+00 [ 0.0000e+00 ] 1.0000e+00
 3.729e+01 2.5836e-21 2.5836e-21 [ 2.2748e-107 1.5160e-73 4.2628e-27 7.6489e-25 4.0402e-24 2.5788e-21 ] 0.0000e+00 [ 0.0000e+00 ] 1.0000e+00
 3.740e+01 2.3490e-21 2.3490e-21 [ 8.2431e-108 6.8300e-74 3.4721e-27 6.4973e-25 3.4940e-24 2.3448e-21 ] 0.0000e+00 [ 0.0000e+00 ] 1.0000e+00
 3.751e+01 2.1348e-21 2.1348e-21 [ 2.9913e-108 3.0752e-74 2.8258e-27 5.5153e-25 3.0196e-24 2.1312e-21 ] 0.0000e+00 [ 0.0000e+00 ] 1.0000e+00
 3.763e+01 1.9393e-21 1.9393e-21 [ 1.0868e-108 1.3837e-74 2.2979e-27 4.6786e-25 2.6079e-24 1.9363e-21 ] 0.0000e+00 [ 0.0000e+00 ] 1.0000e+00
 3.774e+01 1.7611e-21 1.7611e-21 [ 3.9525e-109 6.2216e-75 1.8671e-27 3.9662e-25 2.2509e-24 1.7585e-21 ] 0.0000e+00 [ 0.0000e+00 ] 1.0000e+00
 3.785e+01 1.5986e-21 1.5986e-21 [ 1.4387e-109 2.7954e-75 1.5158e-27 3.3600e-25 1.9415e-24 1.5963e-21 ] 0.0000e+00 [ 0.0000e+00 ] 1.0000e+00
 3.797e+01 1.4505e-21 1.4505e-21 [ 5.2400e-110 1.2550e-75 1.2296e-27 2.8445e-25 1.6736e-24 1.4486e-21 ] 0.0000e+00 [ 0.0000e+00 ] 1.0000e+00
 3.808e+01 1.3156e-21 1.3156e-21 [ 1.9096e-110 5.6296e-76 9.9661e-28 2.4065e-25 1.4417e-24 1.3140e-21 ] 0.0000e+00 [ 0.0000e+00 ] 1.0000e+00
 3.819e+01 1.1928e-21 1.1928e-21 [ 6.9616e-111 2.5233e-76 8.0711e-28 2.0346e-25 1.2411e-24 1.1914e-21 ] 0.0000e+00 [ 0.0000e+00 ] 1.0000e+00
 3.831e+01 1.0811e-21 1.0811e-21 [ 2.5386e-111 1.1300e-76 6.5311e-28 1.7189e-25 1.0678e-24 1.0798e-21 ] 0.0000e+00 [ 0.0000e+00 ] 1.0000e+00
 3.842e+01 9.7936e-22 9.7936e-22 [ 9.2591e-112 5.0561e-77 5.2806e-28 1.4513e-25 9.1804e-25 9.7829e-22 ] 0.0000e+00 [ 0.0000e+00 ] 1.0000e+00
 3.853e+01 8.8687e-22 8.8687e-22 [ 3.3773e-112 2.2603e-77 4.2660e-28 1.2245e-25 7.8879e-25 8.8596e-22 ] 0.0000e+00 [ 0.0000e+00 ] 1.0000e+00
 3.865e+01 8.0281e-22 8.0281e-22 [ 1.2319e-112 1.0096e-77 3.4436e-28 1.0325e-25 6.7731e-25 8.0203e-22 ] 0.0000e+00 [ 0.0000e+00 ] 1.0000e+00
 3.876e+01 7.2642e-22 7.2642e-22 [ 4.4934e-113 4.5051e-78 2.7774e-28 8.7000e-26 5.8120e-25 7.2575e-22 ] 0.0000e+00 [ 0.0000e+00 ] 1.0000e+00
 3.887e+01 6.5704e-22 6.5704e-22 [ 1.6388e-113 2.0085e-78 2.2383e-28 7.3258e-26 4.9842e-25 6.5647e-22 ] 0.0000e+00 [ 0.0000e+00 ] 1.0000e+00
 3.899e+01 5.9405e-22 5.9405e-22 [ 5.9756e-114 8.9466e-79 1.8023e-28 6.1646e-26 4.2715e-25 5.9356e-22 ] 0.0000e+00 [ 0.0000e+00 ] 1.0000e+00
 3.910e+01 5.3689e-22 5.3689e-22 [ 2.1785e-114 3.9814e-79 1.4501e-28 5.1839e-26 3.6584e-25 5.3647e-22 ] 0.0000e+00 [ 0.0000e+00 ] 1.0000e+00
 3.921e+01 4.8503e-22 4.8503e-22 [ 7.9402e-115 1.7702e-79 1.1658e-28 4.3563e-26 3.1312e-25 4.8468e-22 ] 0.0000e+00 [ 0.0000e+00 ] 1.0000e+00
 3.933e+01 4.3801e-22 4.3801e-22 [ 2.8932e-115 7.8634e-80 9.3640e-29 3.6584e-26 2.6784e-25 4.3771e-22 ] 0.0000e+00 [ 0.0000e+00 ] 1.0000e+00
 3.944e+01 3.9539e-22 3.9539e-22 [ 1.0539e-115 3.4897e-80 7.5156e-29 3.0703e-26 2.2895e-25 3.9513e-22 ] 0.0000e+00 [ 0.0000e+00 ] 1.0000e+00
 3.955e+01 3.5678e-22 3.5678e-22 [ 3.8377e-116 1.5473e-80 6.0271e-29 2.5750e-26 1.9559e-25 3.5656e-22 ] 0.0000e+00 [ 0.0000e+00 ] 1.0000e+00
 3.967e+01 3.2181e-22 3.2181e-22 [ 1.3970e-116 6.8543e-81 4.8295e-29 2.1581e-26 1.6698e-25 3.2162e-22 ] 0.0000e+00 [ 0.0000e+00 ] 1.0000e+00
 3.978e+01 2.9015e-22 2.9015e-22 [ 5.0834e-117 3.0335e-81 3.8667e-29 1.8076e-26 1.4246e-25 2.8999e-22 ] 0.0000e+00 [ 0.0000e+00 ] 1.0000e+00
 3.989e+01 2.6150e-22 2.6150e-22 [ 1.8491e-117 1.3413e-81 3.0933e-29 1.5129e-26 1.2147e-25 2.6137e-22 ] 0.0000e+00 [ 0.0000e+00 ] 1.0000e+00
 4.001e+01 2.3559e-22 2.3559e-22 [ 6.7232e-118 5.9255e-82 2.4726e-29 1.2655e-26 1.0350e-25 2.3547e-22 ] 0.0000e+00 [ 0.0000e+00 ] 1.0000e+00
 4.012e+01 2.1216e-22 2.1216e-22 [ 2.4436e-118 2.6153e-82 1.9748e-29 1.0578e-26 8.8140e-26 2.1206e-22 ] 0.0000e+00 [ 0.0000e+00 ] 1.0000e+00
 4.023e+01 1.9099e-22 1.9099e-22 [ 8.8778e-119 1.1533e-82 1.5760e-29 8.8361e-27 7.5008e-26 1.9090e-22 ] 0.0000e+00 [ 0.0000e+00 ] 1.0000e+00
 4.035e+01 1.7186e-22 1.7186e-22 [ 3.2240e-119 5.0809e-83 1.2567e-29 7.3762e-27 6.3793e-26 1.7178e-22 ] 0.0000e+00 [ 0.0000e+00 ] 1.0000e+00
 4.046e+01 1.5458e-22 1.5458e-22 [ 1.1703e-119 2.2364e-83 1.0012e-29 6.1534e-27 5.4220e-26 1.5452e-22 ] 0.0000e+00 [ 0.0000e+00 ] 1.0000e+00
 4.057e+01 1.3899e-22 1.3899e-22 [ 4.2465e-120 9.8353e-84 7.9707e-30 5.1299e-27 4.6054e-26 1.3894e-22 ] 0.0000e+00 [ 0.0000e+00 ] 1.0000e+00
 4.069e+01 1.2492e-22 1.2492e-22 [ 1.5402e-120 4.3215e-84 6.3402e-30 4.2738e-27 3.9094e-26 1.2487e-22 ] 0.0000e+00 [ 0.0000e+00 ] 1.0000e+00
 4.080e+01 1.1223e-22 1.1223e-22 [ 5.5837e-121 1.8971e-84 5.0392e-30 3.5582e-27 3.3164e-26 1.1219e-22 ] 0.0000e+00 [ 0.0000e+00 ] 1.0000e+00
 4.091e+01 1.0079e-22 1.0079e-22 [ 2.0234e-121 8.3207e-85 4.0018e-30 2.9604e-27 2.8116e-26 1.0076e-22 ] 0.0000e+00 [ 0.0000e+00 ] 1.0000e+00
 4.103e+01 9.0477e-23 9.0477e-23 [ 7.3293e-122 3.6463e-85 3.1755e-30 2.4615e-27 2.3821e-26 9.0450e-23 ] 0.0000e+00 [ 0.0000e+00 ] 1.0000e+00
 4.114e+01 8.1189e-23 8.1189e-23 [ 2.6537e-122 1.5965e-85 2.5177e-30 2.0452e-27 2.0170e-26 8.1167e-23 ] 0.0000e+00 [ 0.0000e+00 ] 1.0000e+00
 4.125e+01 7.2826e-23 7.2826e-23 [ 9.6038e-123 6.9837e-86 1.9946e-30 1.6983e-27 1.7067e-26 7.2807e-23 ] 0.0000e+00 [ 0.0000e+00 ] 1.0000e+00
 4.137e+01 6.5298e-23 6.5298e-23 [ 3.4742e-123 3.0524e-86 1.5789e-30 1.4092e-27 1.4433e-26 6.5282e-23 ] 0.0000e+00 [ 0.0000e+00 ] 1.0000e+00
 4.148e+01 5.8525e-23 5.8525e-23 [ 1.2562e-123 1.3329e-86 1.2488e-30 1.1686e-27 1.2198e-26 5.8512e-23 ] 0.0000e+00 [ 0.0000e+00 ] 1.0000e+00
 4.159e+01 5.2434e-23 5.2434e-23 [ 4.5404e-124 5.8159e-87 9.8688e-31 9.6845e-28 1.0302e-26 5.2423e-23 ] 0.0000e+00 [ 0.0000e+00 ] 1.0000e+00
 4.171e+01 4.6959e-23 4.6959e-23 [ 1.6404e-124 2.5354e-87 7.7929e-31 8.0203e-28 8.6955e-27 4.6949e-23 ] 0.0000e+00 [ 0.0000e+00 ] 1.0000e+00
 4.182e+01 4.2038e-23 4.2038e-23 [ 5.9237e-125 1.1043e-87 6.1487e-31 6.6377e-28 7.3349e-27 4.2030e-23 ] 0.0000e+00 [ 0.0000e+00 ] 1.0000e+00
 4.193e+01 3.7618e-23 3.7618e-23 [ 2.1383e-125 4.8061e-88 4.8474e-31 5.4898e-28 6.1833e-27 3.7612e-23 ] 0.0000e+00 [ 0.0000e+00 ] 1.0000e+00
 4.205e+01 3.3650e-23 3.3650e-23 [ 7.7151e-126 2.0899e-88 3.8185e-31 4.5374e-28 5.2092e-27 3.3644e-23 ] 0.0000e+00 [ 0.0000e+00 ] 1.0000e+00
 4.216e+01 3.0088e-23 3.0088e-23 [ 2.7825e-126 9.0799e-89 3.0055e-31 3.7478e-28 4.3858e-27 3.0084e-23 ] 0.0000e+00 [ 0.0000e+00 ] 1.0000e+00
 4.227e+01 2.6893e-23 2.6893e-23 [ 1.0031e-126 3.9417e-89 2.3637e-31 3.0935e-28 3.6903e-27 2.6889e-23 ] 0.0000e+00 [ 0.0000e+00 ] 1.0000e+00
 4.239e+01 2.4027e-23 2.4027e-23 [ 3.6147e-127 1.7097e-89 1.8574e-31 2.5518e-28 3.1031e-27 2.4024e-23 ] 0.0000e+00 [ 0.0000e+00 ] 1.0000e+00
 4.250e+01 2.1459e-23 2.1459e-23 [ 1.3020e-127 7.4095e-90 1.4584e-31 2.1036e-28 2.6078e-27 2.1456e-23 ] 0.0000e+00 [ 0.0000e+00 ] 1.0000e+00
 4.261e+01 1.9157e-23 1.9157e-23 [ 4.6879e-128 3.2086e-90 1.1442e-31 1.7329e-28 2.1901e-27 1.9155e-23 ] 0.0000e+00 [ 0.0000e+00 ] 1.0000e+00
 4.273e+01 1.7096e-23 1.7096e-23 [ 1.6872e-128 1.3883e-90 8.9697e-32 1.4266e-28 1.8382e-27 1.7094e-23 ] 0.0000e+00 [ 0.0000e+00 ] 1.0000e+00
 4.284e+01 1.5250e-23 1.5250e-23 [ 6.0696e-129 6.0018e-91 7.0258e-32 1.1737e-28 1.5418e-27 1.5248e-23 ] 0.0000e+00 [ 0.0000e+00 ] 1.0000e+00
 4.295e+01 1.3598e-23 1.3598e-23 [ 2.1826e-129 2.5926e-91 5.4988e-32 9.6499e-29 1.2925e-27 1.3597e-23 ] 0.0000e+00 [ 0.0000e+00 ] 1.0000e+00
 4.307e+01 1.2120e-23 1.2120e-23 [ 7.8455e-130 1.1190e-91 4.3001e-32 7.9286e-29 1.0828e-27 1.2119e-23 ] 0.0000e+00 [ 0.0000e+00 ] 1.0000e+00
 4.318e+01 1.0799e-23 1.0799e-23 [ 2.8189e-130 4.8261e-92 3.3601e-32 6.5101e-29 9.0651e-28 1.0798e-23 ] 0.0000e+00 [ 0.0000e+00 ] 1.0000e+00
 4.329e+01 9.6179e-24 9.6179e-24 [ 1.0124e-130 2.0797e-92 2.6234e-32 5.3418e-29 7.5848e-28 9.6171e-24 ] 0.0000e+00 [ 0.0000e+00 ] 1.0000e+00
 4.341e+01 8.5626e-24 8.5626e-24 [ 3.6348e-131 8.9550e-93 2.0466e-32 4.3804e-29 6.3423e-28 8.5619e-24 ] 0.0000e+00 [ 0.0000e+00 ] 1.0000e+00
 4.352e+01 7.6200e-24 7.6200e-24 [ 1.3044e-131 3.8529e-93 1.5953e-32 3.5896e-29 5.3000e-28 7.6195e-24 ] 0.0000e+00 [ 0.0000e+00 ] 1.0000e+00
 4.363e+01 6.7786e-24 6.7786e-24 [ 4.6792e-132 1.6564e-93 1.2425e-32 2.9396e-29 4.4263e-28 6.7781e-24 ] 0.0000e+00 [ 0.0000e+00 ] 1.0000e+00
 4.375e+01 6.0277e-24 6.0277e-24 [ 1.6779e-132 7.1153e-94 9.6699e-33 2.4058e-29 3.6943e-28 6.0273e-24 ] 0.0000e+00 [ 0.0000e+00 ] 1.0000e+00
 4.386e+01 5.3578e-24 5.3578e-24 [ 6.0142e-133 3.0542e-94 7.5195e-33 1.9676e-29 3.0814e-28 5.3575e-24 ] 0.0000e+00 [ 0.0000e+00 ] 1.0000e+00
 4.397e+01 4.7605e-24 4.7605e-24 [ 2.1549e-133 1.3099e-94 5.8426e-33 1.6081e-29 2.5687e-28 4.7602e-24 ] 0.0000e+00 [ 0.0000e+00 ] 1.0000e+00
 4.409e+01 4.2281e-24 4.2281e-24 [ 7.7177e-134 5.6140e-95 4.5359e-33 1.3135e-29 2.1399e-28 4.2279e-24 ] 0.0000e+00 [ 0.0000e+00 ] 1.0000e+00
 4.420e+01 3.7538e-24 3.7538e-24 [ 2.7631e-134 2.4042e-95 3.5187e-33 1.0721e-29 1.7816e-28 3.7536e-24 ] 0.0000e+00 [ 0.0000e+00 ] 1.0000e+00
 4.431e+01 3.3314e-24 3.3314e-24 [ 9.8883e-135 1.0288e-95 2.7274e-33 8.7456e-30 1.4824e-28 3.3312e-24 ] 0.0000e+00 [ 0.0000e+00 ] 1.0000e+00
 4.443e+01 2.9553e-24 2.9553e-24 [ 3.5374e-135 4.3989e-96 2.1124e-33 7.1292e-30 1.2326e-28 2.9552e-24 ] 0.0000e+00 [ 0.0000e+00 ] 1.0000e+00
 4.454e+01 2.6207e-24 2.6207e-24 [ 1.2650e-135 1.8795e-96 1.6347e-33 5.8077e-30 1.0243e-28 2.6206e-24 ] 0.0000e+00 [ 0.0000e+00 ] 1.0000e+00
 4.465e+01 2.3230e-24 2.3230e-24 [ 4.5218e-136 8.0243e-97 1.2640e-33 4.7281e-30 8.5073e-29 2.3230e-24 ] 0.0000e+00 [ 0.0000e+00 ] 1.0000e+00
 4.477e+01 2.0584e-24 2.0584e-24 [ 1.6158e-136 3.4233e-97 9.7661e-34 3.8467e-30 7.0610e-29 2.0583e-24 ] 0.0000e+00 [ 0.0000e+00 ] 1.0000e+00
 4.488e+01 1.8231e-24 1.8231e-24 [ 5.7713e-137 1.4594e-97 7.5395e-34 3.1275e-30 5.8570e-29 1.8231e-24 ] 0.0000e+00 [ 0.0000e+00 ] 1.0000e+00
 4.499e+01 1.6142e-24 1.6142e-24 [ 2.0607e-137 6.2167e-98 5.8158e-34 2.5412e-30 4.8553e-29 1.6141e-24 ] 0.0000e+00 [ 0.0000e+00 ] 1.0000e+00
 4.511e+01 1.4286e-24 1.4286e-24 [ 7.3550e-138 2.6462e-98 4.4826e-34 2.0634e-30 4.0224e-29 1.4285e-24 ] 0.0000e+00 [ 0.0000e+00 ] 1.0000e+00
 4.522e+01 1.2638e-24 1.2638e-24 [ 2.6242e-138 1.1256e-98 3.4523e-34 1.6743e-30 3.3304e-29 1.2638e-24 ] 0.0000e+00 [ 0.0000e+00 ] 1.0000e+00
 4.533e+01 1.1176e-24 1.1176e-24 [ 9.3592e-139 4.7843e-99 2.6566e-34 1.3577e-30 2.7557e-29 1.1176e-24 ] 0.0000e+00 [ 0.0000e+00 ] 1.0000e+00
 4.545e+01 9.8795e-25 9.8795e-25 [ 3.3368e-139 2.0320e-99 2.0427e-34 1.1003e-30 2.2788e-29 9.8793e-25 ] 0.0000e+00 [ 0.0000e+00 ] 1.0000e+00
 4.556e+01 8.7298e-25 8.7298e-25 [ 1.1892e-139 8.6244e-100 1.5694e-34 8.9107e-31 1.8833e-29 8.7296e-25 ] 0.0000e+00 [ 0.0000e+00 ] 1.0000e+00
 4.567e+01 7.7109e-25 7.7109e-25 [ 4.2367e-140 3.6578e-100 1.2048e-34 7.2117e-31 1.5554e-29 7.7107e-25 ] 0.0000e+00 [ 0.0000e+00 ] 1.0000e+00
 4.579e+01 6.8082e-25 6.8082e-25 [ 1.5088e-140 1.5502e-100 9.2418e-35 5.8328e-31 1.2839e-29 6.8080e-25 ] 0.0000e+00 [ 0.0000e+00 ] 1.0000e+00
 4.590e+01 6.0088e-25 6.0088e-25 [ 5.3714e-141 6.5653e-101 7.0834e-35 4.7145e-31 1.0591e-29 6.0087e-25 ] 0.0000e+00 [ 0.0000e+00 ] 1.0000e+00
 4.601e+01 5.3012e-25 5.3012e-25 [ 1.9116e-141 2.7785e-101 5.4247e-35 3.8081e-31 8.7310e-30 5.3011e-25 ] 0.0000e+00 [ 0.0000e+00 ] 1.0000e+00
 4.613e+01 4.6750e-25 4.6750e-25 [ 6.8003e-142 1.1750e-101 4.1511e-35 3.0739e-31 7.1935e-30 4.6750e-25 ] 0.0000e+00 [ 0.0000e+00 ] 1.0000e+00
 4.624e+01 4.1212e-25 4.1212e-25 [ 2.4183e-142 4.9658e-102 3.1740e-35 2.4797e-31 5.9231e-30 4.1212e-25 ] 0.0000e+00 [ 0.0000e+00 ] 1.0000e+00
 4.635e+01 3.6316e-25 3.6316e-25 [ 8.5969e-143 2.0971e-102 2.4250e-35 1.9991e-31 4.8741e-30 3.6316e-25 ] 0.0000e+00 [ 0.0000e+00 ] 1.0000e+00
 4.647e+01 3.1989e-25 3.1989e-25 [ 3.0551e-143 8.8500e-103 1.8512e-35 1.6105e-31 4.0084e-30 3.1989e-25 ] 0.0000e+00 [ 0.0000e+00 ] 1.0000e+00
 4.658e+01 2.8166e-25 2.8166e-25 [ 1.0853e-143 3.7322e-103 1.4121e-35 1.2966e-31 3.2944e-30 2.8166e-25 ] 0.0000e+00 [ 0.0000e+00 ] 1.0000e+00
 4.669e+01 2.4791e-25 2.4791e-25 [ 3.8541e-144 1.5729e-103 1.0762e-35 1.0433e-31 2.7060e-30 2.4791e-25 ] 0.0000e+00 [ 0.0000e+00 ] 1.0000e+00
 4.681e+01 2.1811e-25 2.1811e-25 [ 1.3682e-144 6.6240e-104 8.1962e-36 8.3885e-32 2.2213e-30 2.1811e-25 ] 0.0000e+00 [ 0.0000e+00 ] 1.0000e+00
 4.692e+01 1.9182e-25 1.9182e-25 [ 4.8553e-145 2.7877e-104 6.2370e-36 6.7404e-32 1.8223e-30 1.9182e-25 ] 0.0000e+00 [ 0.0000e+00 ] 1.0000e+00
 4.703e+01 1.6863e-25 1.6863e-25 [ 1.7224e-145 1.1724e-104 4.7423e-36 5.4127e-32 1.4941e-30 1.6863e-25 ] 0.0000e+00 [ 0.0000e+00 ] 1.0000e+00
 4.715e+01 1.4819e-25 1.4819e-25 [ 6.1081e-146 4.9273e-105 3.6029e-36 4.3436e-32 1.2242e-30 1.4819e-25 ] 0.0000e+00 [ 0.0000e+00 ] 1.0000e+00
 4.726e+01 1.3018e-25 1.3018e-25 [ 2.1654e-146 2.0694e-105 2.7351e-36 3.4834e-32 1.0025e-30 1.3017e-25 ] 0.0000e+00 [ 0.0000e+00 ] 1.0000e+00
 4.737e+01 1.1430e-25 1.1430e-25 [ 7.6738e-147 8.6854e-106 2.0747e-36 2.7918e-32 8.2045e-31 1.1430e-25 ] 0.0000e+00 [ 0.0000e+00 ] 1.0000e+00
 4.749e+01 1.0033e-25 1.0033e-25 [ 2.7186e-147 3.6429e-106 1.5724e-36 2.2360e-32 6.7104e-31 1.0033e-25 ] 0.0000e+00 [ 0.0000e+00 ] 1.0000e+00
 4.760e+01 8.8028e-26 8.8028e-26 [ 9.6277e-148 1.5269e-106 1.1908e-36 1.7897e-32 5.4850e-31 8.8027e-26 ] 0.0000e+00 [ 0.0000e+00 ] 1.0000e+00
 4.771e+01 7.7204e-26 7.7204e-26 [ 3.4085e-148 6.3956e-107 9.0114e-37 1.4316e-32 4.4807e-31 7.7204e-26 ] 0.0000e+00 [ 0.0000e+00 ] 1.0000e+00
 4.783e+01 6.7685e-26 6.7685e-26 [ 1.2063e-148 2.6771e-107 6.8137e-37 1.1443e-32 3.6581e-31 6.7685e-26 ] 0.0000e+00 [ 0.0000e+00 ] 1.0000e+00
 4.794e+01 5.9317e-26 5.9317e-26 [ 4.2678e-149 1.1199e-107 5.1479e-37 9.1415e-33 2.9846e-31 5.9316e-26 ] 0.0000e+00 [ 0.0000e+00 ] 1.0000e+00
 4.805e+01 5.1962e-26 5.1962e-26 [ 1.5094e-149 4.6815e-108 3.8862e-37 7.2979e-33 2.4337e-31 5.1962e-26 ] 0.0000e+00 [ 0.0000e+00 ] 1.0000e+00
 4.817e+01 4.5502e-26 4.5502e-26 [ 5.3367e-150 1.9558e-108 2.9314e-37 5.8223e-33 1.9833e-31 4.5501e-26 ] 0.0000e+00 [ 0.0000e+00 ] 1.0000e+00
 4.828e+01 3.9829e-26 3.9829e-26 [ 1.8862e-150 8.1651e-109 2.2095e-37 4.6420e-33 1.6152e-31 3.9829e-26 ] 0.0000e+00 [ 0.0000e+00 ] 1.0000e+00
 4.839e+01 3.4849e-26 3.4849e-26 [ 6.6646e-151 3.4067e-109 1.6640e-37 3.6986e-33 1.3147e-31 3.4849e-26 ] 0.0000e+00 [ 0.0000e+00 ] 1.0000e+00
 4.851e+01 3.0481e-26 3.0481e-26 [ 2.3541e-151 1.4204e-109 1.2522e-37 2.9451e-33 1.0694e-31 3.0481e-26 ] 0.0000e+00 [ 0.0000e+00 ] 1.0000e+00
 4.862e+01 2.6649e-26 2.6649e-26 [ 8.3122e-152 5.9187e-110 9.4155e-38 2.3435e-33 8.6937e-32 2.6649e-26 ] 0.0000e+00 [ 0.0000e+00 ] 1.0000e+00
 4.873e+01 2.3290e-26 2.3290e-26 [ 2.9341e-152 2.4647e-110 7.0741e-38 1.8636e-33 7.0633e-32 2.3290e-26 ] 0.0000e+00 [ 0.0000e+00 ] 1.0000e+00
 4.885e+01 2.0346e-26 2.0346e-26 [ 1.0354e-152 1.0257e-110 5.3107e-38 1.4810e-33 5.7351e-32 2.0346e-26 ] 0.0000e+00 [ 0.0000e+00 ] 1.0000e+00
 4.896e+01 1.7768e-26 1.7768e-26 [ 3.6524e-153 4.2657e-111 3.9838e-38 1.1762e-33 4.6539e-32 1.7768e-26 ] 0.0000e+00 [ 0.0000e+00 ] 1.0000e+00
 4.907e+01 1.5510e-26 1.5510e-26 [ 1.2880e-153 1.7730e-111 2.9860e-38 9.3351e-34 3.7742e-32 1.5510e-26 ] 0.0000e+00 [ 0.0000e+00 ] 1.0000e+00
 4.919e+01 1.3534e-26 1.3534e-26 [ 4.5409e-154 7.3643e-112 2.2363e-38 7.4042e-34 3.0590e-32 1.3534e-26 ] 0.0000e+00 [ 0.0000e+00 ] 1.0000e+00
 4.930e+01 1.1805e-26 1.1805e-26 [ 1.6003e-154 3.0570e-112 1.6736e-38 5.8689e-34 2.4778e-32 1.1805e-26 ] 0.0000e+00 [ 0.0000e+00 ] 1.0000e+00
 4.941e+01 1.0292e-26 1.0292e-26 [ 5.6384e-155 1.2682e-112 1.2514e-38 4.6489e-34 2.0058e-32 1.0292e-26 ] 0.0000e+00 [ 0.0000e+00 ] 1.0000e+00
 4.953e+01 8.9705e-27 8.9705e-27 [ 1.9859e-155 5.2578e-113 9.3503e-39 3.6802e-34 1.6228e-32 8.9704e-27 ] 0.0000e+00 [ 0.0000e+00 ] 1.0000e+00
 4.964e+01 7.8152e-27 7.8152e-27 [ 6.9924e-156 2.1785e-113 6.9807e-39 2.9114e-34 1.3121e-32 7.8152e-27 ] 0.0000e+00 [ 0.0000e+00 ] 1.0000e+00
 4.975e+01 6.8060e-27 6.8060e-27 [ 2.4613e-156 9.0209e-114 5.2075e-39 2.3017e-34 1.0602e-32 6.8060e-27 ] 0.0000e+00 [ 0.0000e+00 ] 1.0000e+00
 4.987e+01 5.9249e-27 5.9249e-27 [ 8.6610e-157 3.7331e-114 3.8816e-39 1.8185e-34 8.5621e-33 5.9249e-27 ] 0.0000e+00 [ 0.0000e+00 ] 1.0000e+00
 4.998e+01 5.1558e-27 5.1558e-27 [ 3.0468e-157 1.5440e-114 2.8911e-39 1.4359e-34 6.9104e-33 5.1558e-27 ] 0.0000e+00 [ 0.0000e+00 ] 1.0000e+00
 5.009e+01 4.4847e-27 4.4847e-27 [ 1.0715e-157 6.3816e-115 2.1516e-39 1.1330e-34 5.5739e-33 4.4847e-27 ] 0.0000e+00 [ 0.0000e+00 ] 1.0000e+00
 5.021e+01 3.8995e-27 3.8995e-27 [ 3.7669e-158 2.6361e-115 1.6000e-39 8.9341e-35 4.4932e-33 3.8995e-27 ] 0.0000e+00 [ 0.0000e+00 ] 1.0000e+00
 5.032e+01 3.3893e-27 3.3893e-27 [ 1.3239e-158 1.0883e-115 1.1889e-39 7.0404e-35 3.6199e-33 3.3893e-27 ] 0.0000e+00 [ 0.0000e+00 ] 1.0000e+00
 5.043e+01 2.9448e-27 2.9448e-27 [ 4.6517e-159 4.4900e-116 8.8268e-40 5.5445e-35 2.9145e-33 2.9447e-27 ] 0.0000e+00 [ 0.0000e+00 ] 1.0000e+00
 5.055e+01 2.5575e-27 2.5575e-27 [ 1.6339e-159 1.8514e-116 6.5484e-40 4.3636e-35 2.3452e-33 2.5575e-27 ] 0.0000e+00 [ 0.0000e+00 ] 1.0000e+00
 5.066e+01 2.2203e-27 2.2203e-27 [ 5.7375e-160 7.6296e-117 4.8542e-40 3.4321e-35 1.8860e-33 2.2203e-27 ] 0.0000e+00 [ 0.0000e+00 ] 1.0000e+00
 5.077e+01 1.9268e-27 1.9268e-27 [ 2.0141e-160 3.1423e-117 3.5955e-40 2.6976e-35 1.5158e-33 1.9268e-27 ] 0.0000e+00 [ 0.0000e+00 ] 1.0000e+00
 5.089e+01 1.6714e-27 1.6714e-27 [ 7.0684e-161 1.2934e-117 2.6611e-40 2.1190e-35 1.2175e-33 1.6714e-27 ] 0.0000e+00 [ 0.0000e+00 ] 1.0000e+00
 5.100e+01 1.4493e-27 1.4493e-27 [ 2.4799e-161 5.3206e-118 1.9680e-40 1.6633e-35 9.7731e-34 1.4493e-27 ] 0.0000e+00 [ 0.0000e+00 ] 1.0000e+00
 5.111e+01 1.2563e-27 1.2563e-27 [ 8.6979e-162 2.1874e-118 1.4543e-40 1.3049e-35 7.8406e-34 1.2563e-27 ] 0.0000e+00 [ 0.0000e+00 ] 1.0000e+00
 5.123e+01 1.0885e-27 1.0885e-27 [ 3.0498e-162 8.9880e-119 1.0738e-40 1.0230e-35 6.2864e-34 1.0885e-27 ] 0.0000e+00 [ 0.0000e+00 ] 1.0000e+00
 5.134e+01 9.4275e-28 9.4275e-28 [ 1.0691e-162 3.6910e-119 7.9222e-41 8.0147e-36 5.0372e-34 9.4275e-28 ] 0.0000e+00 [ 0.0000e+00 ] 1.0000e+00
 5.145e+01 8.1621e-28 8.1621e-28 [ 3.7463e-163 1.5148e-119 5.8403e-41 6.2752e-36 4.0339e-34 8.1621e-28 ] 0.0000e+00 [ 0.0000e+00 ] 1.0000e+00
 5.157e+01 7.0637e-28 7.0637e-28 [ 1.3125e-163 6.2136e-120 4.3022e-41 4.9101e-36 3.2285e-34 7.0637e-28 ] 0.0000e+00 [ 0.0000e+00 ] 1.0000e+00
 5.168e+01 6.1108e-28 6.1108e-28 [ 4.5967e-164 2.5473e-120 3.1666e-41 3.8395e-36 2.5823e-34 6.1108e-28 ] 0.0000e+00 [ 0.0000e+00 ] 1.0000e+00
 5.179e+01 5.2844e-28 5.2844e-28 [ 1.6095e-164 1.0437e-120 2.3290e-41 3.0003e-36 2.0643e-34 5.2844e-28 ] 0.0000e+00 [ 0.0000e+00 ] 1.0000e+00
 5.191e+01 4.5679e-28 4.5679e-28 [ 5.6337e-165 4.2736e-121 1.7115e-41 2.3431e-36 1.6492e-34 4.5679e-28 ] 0.0000e+00 [ 0.0000e+00 ] 1.0000e+00
 5.202e+01 3.9470e-28 3.9470e-28 [ 1.9715e-165 1.7490e-121 1.2568e-41 1.8287e-36 1.3167e-34 3.9470e-28 ] 0.0000e+00 [ 0.0000e+00 ] 1.0000e+00
 5.213e+01 3.4092e-28 3.4092e-28 [ 6.8970e-166 7.1538e-122 9.2219e-42 1.4262e-36 1.0507e-34 3.4092e-28 ] 0.0000e+00 [ 0.0000e+00 ] 1.0000e+00
 5.225e+01 2.9435e-28 2.9435e-28 [ 2.4122e-166 2.9244e-122 6.7612e-42 1.1117e-36 8.3790e-35 2.9435e-28 ] 0.0000e+00 [ 0.0000e+00 ] 1.0000e+00
 5.236e+01 2.5405e-28 2.5405e-28 [ 8.4341e-167 1.1948e-122 4.9532e-42 8.6592e-37 6.6781e-35 2.5405e-28 ] 0.0000e+00 [ 0.0000e+00 ] 1.0000e+00
 5.247e+01 2.1918e-28 2.1918e-28 [ 2.9481e-167 4.8790e-123 3.6258e-42 6.7406e-37 5.3193e-35 2.1918e-28 ] 0.0000e+00 [ 0.0000e+00 ] 1.0000e+00
 5.259e+01 1.8902e-28 1.8902e-28 [ 1.0302e-167 1.9912e-123 2.6521e-42 5.2437e-37 4.2344e-35 1.8902e-28 ] 0.0000e+00 [ 0.0000e+00 ] 1.0000e+00
 5.270e+01 1.6294e-28 1.6294e-28 [ 3.5992e-168 8.1221e-124 1.9383e-42 4.0766e-37 3.3688e-35 1.6294e-28 ] 0.0000e+00 [ 0.0000e+00 ] 1.0000e+00
 5.281e+01 1.4041e-28 1.4041e-28 [ 1.2571e-168 3.3112e-124 1.4156e-42 3.1673e-37 2.6785e-35 1.4041e-28 ] 0.0000e+00 [ 0.0000e+00 ] 1.0000e+00
 5.293e+01 1.2095e-28 1.2095e-28 [ 4.3894e-169 1.3491e-124 1.0330e-42 2.4592e-37 2.1285e-35 1.2095e-28 ] 0.0000e+00 [ 0.0000e+00 ] 1.0000e+00
 5.304e+01 1.0414e-28 1.0414e-28 [ 1.5322e-169 5.4941e-125 7.5321e-43 1.9081e-37 1.6903e-35 1.0414e-28 ] 0.0000e+00 [ 0.0000e+00 ] 1.0000e+00
 5.315e+01 8.9636e-29 8.9636e-29 [ 5.3472e-170 2.2361e-125 5.4878e-43 1.4796e-37 1.3416e-35 8.9636e-29 ] 0.0000e+00 [ 0.0000e+00 ] 1.0000e+00
 5.327e+01 7.7121e-29 7.7121e-29 [ 1.8656e-170 9.0964e-126 3.9952e-43 1.1466e-37 1.0642e-35 7.7121e-29 ] 0.0000e+00 [ 0.0000e+00 ] 1.0000e+00
 5.338e+01 6.6327e-29 6.6327e-29 [ 6.5070e-171 3.6983e-126 2.9063e-43 8.8799e-38 8.4362e-36 6.6327e-29 ] 0.0000e+00 [ 0.0000e+00 ] 1.0000e+00
 5.349e+01 5.7022e-29 5.7022e-29 [ 2.2690e-171 1.5028e-126 2.1125e-43 6.8725e-38 6.6837e-36 5.7022e-29 ] 0.0000e+00 [ 0.0000e+00 ] 1.0000e+00
 5.361e+01 4.9003e-29 4.9003e-29 [ 7.9100e-172 6.1037e-127 1.5344e-43 5.3155e-38 5.2922e-36 4.9003e-29 ] 0.0000e+00 [ 0.0000e+00 ] 1.0000e+00
 5.372e+01 4.2095e-29 4.2095e-29 [ 2.7568e-172 2.4776e-127 1.1136e-43 4.1086e-38 4.1879e-36 4.2095e-29 ] 0.0000e+00 [ 0.0000e+00 ] 1.0000e+00
 5.383e+01 3.6147e-29 3.6147e-29 [ 9.6055e-173 1.0052e-127 8.0754e-44 3.1737e-38 3.3121e-36 3.6147e-29 ] 0.0000e+00 [ 0.0000e+00 ] 1.0000e+00
 5.395e+01 3.1027e-29 3.1027e-29 [ 3.3460e-173 4.0761e-128 5.8515e-44 2.4499e-38 2.6178e-36 3.1027e-29 ] 0.0000e+00 [ 0.0000e+00 ] 1.0000e+00
 5.406e+01 2.6622e-29 2.6622e-29 [ 1.1652e-173 1.6520e-128 4.2368e-44 1.8900e-38 2.0679e-36 2.6622e-29 ] 0.0000e+00 [ 0.0000e+00 ] 1.0000e+00
 5.417e+01 2.2834e-29 2.2834e-29 [ 4.0568e-174 6.6919e-129 3.0653e-44 1.4572e-38 1.6325e-36 2.2834e-29 ] 0.0000e+00 [ 0.0000e+00 ] 1.0000e+00
 5.429e+01 1.9577e-29 1.9577e-29 [ 1.4120e-174 2.7094e-129 2.2160e-44 1.1227e-38 1.2880e-36 1.9577e-29 ] 0.0000e+00 [ 0.0000e+00 ] 1.0000e+00
 5.440e+01 1.6778e-29 1.6778e-29 [ 4.9136e-175 1.0964e-129 1.6007e-44 8.6445e-39 1.0156e-36 1.6778e-29 ] 0.0000e+00 [ 0.0000e+00 ] 1.0000e+00
 5.451e+01 1.4373e-29 1.4373e-29 [ 1.7094e-175 4.4343e-130 1.1554e-44 6.6518e-39 8.0039e-37 1.4373e-29 ] 0.0000e+00 [ 0.0000e+00 ] 1.0000e+00
 5.463e+01 1.2309e-29 1.2309e-29 [ 5.9453e-176 1.7925e-130 8.3333e-45 5.1152e-39 6.3038e-37 1.2309e-29 ] 0.0000e+00 [ 0.0000e+00 ] 1.0000e+00
 5.474e+01 1.0537e-29 1.0537e-29 [ 2.0673e-176 7.2426e-131 6.0056e-45 3.9310e-39 4.9619e-37 1.0537e-29 ] 0.0000e+00 [ 0.0000e+00 ] 1.0000e+00
 5.485e+01 9.0161e-30 9.0161e-30 [ 7.1864e-177 2.9248e-131 4.3247e-45 3.0190e-39 3.9033e-37 9.0161e-30 ] 0.0000e+00 [ 0.0000e+00 ] 1.0000e+00
 5.497e+01 7.7120e-30 7.7120e-30 [ 2.4976e-177 1.1805e-131 3.1119e-45 2.3171e-39 3.0688e-37 7.7120e-30 ] 0.0000e+00 [ 0.0000e+00 ] 1.0000e+00
 5.508e+01 6.5939e-30 6.5939e-30 [ 8.6778e-178 4.7626e-132 2.2375e-45 1.7773e-39 2.4112e-37 6.5939e-30 ] 0.0000e+00 [ 0.0000e+00 ] 1.0000e+00
 5.519e+01 5.6358e-30 5.6358e-30 [ 3.0144e-178 1.9204e-132 1.6075e-45 1.3624e-39 1.8934e-37 5.6358e-30 ] 0.0000e+00 [ 0.0000e+00 ] 1.0000e+00
 5.531e+01 4.8150e-30 4.8150e-30 [ 1.0468e-178 7.7397e-133 1.1540e-45 1.0436e-39 1.4860e-37 4.8150e-30 ] 0.0000e+00 [ 0.0000e+00 ] 1.0000e+00
 5.542e+01 4.1121e-30 4.1121e-30 [ 3.6346e-179 3.1177e-133 8.2779e-46 7.9894e-40 1.1655e-37 4.1121e-30 ] 0.0000e+00 [ 0.0000e+00 ] 1.0000e+00
 5.553e+01 3.5105e-30 3.5105e-30 [ 1.2616e-179 1.2553e-133 5.9334e-46 6.1124e-40 9.1362e-38 3.5105e-30 ] 0.0000e+00 [ 0.0000e+00 ] 1.0000e+00
 5.565e+01 2.9957e-30 2.9957e-30 [ 4.3780e-180 5.0516e-134 4.2496e-46 4.6734e-40 7.1574e-38 2.9957e-30 ] 0.0000e+00 [ 0.0000e+00 ] 1.0000e+00
 5.576e+01 2.5554e-30 2.5554e-30 [ 1.5189e-180 2.0319e-134 3.0413e-46 3.5708e-40 5.6039e-38 2.5554e-30 ] 0.0000e+00 [ 0.0000e+00 ] 1.0000e+00
 5.587e+01 2.1790e-30 2.1790e-30 [ 5.2684e-181 8.1688e-135 2.1749e-46 2.7267e-40 4.3850e-38 2.1790e-30 ] 0.0000e+00 [ 0.0000e+00 ] 1.0000e+00
 5.599e+01 1.8573e-30 1.8573e-30 [ 1.8269e-181 3.2825e-135 1.5541e-46 2.0808e-40 3.4292e-38 1.8573e-30 ] 0.0000e+00 [ 0.0000e+00 ] 1.0000e+00
 5.610e+01 1.5825e-30 1.5825e-30 [ 6.3338e-182 1.3184e-135 1.1096e-46 1.5868e-40 2.6802e-38 1.5825e-30 ] 0.0000e+00 [ 0.0000e+00 ] 1.0000e+00
 5.621e+01 1.3478e-30 1.3478e-30 [ 2.1953e-182 5.2927e-136 7.9165e-47 1.2094e-40 2.0935e-38 1.3478e-30 ] 0.0000e+00 [ 0.0000e+00 ] 1.0000e+00
 5.633e+01 1.1475e-30 1.1475e-30 [ 7.6074e-183 2.1237e-136 5.6437e-47 9.2112e-41 1.6343e-38 1.1475e-30 ] 0.0000e+00 [ 0.0000e+00 ] 1.0000e+00
 5.644e+01 9.7656e-31 9.7656e-31 [ 2.6355e-183 8.5174e-137 4.0203e-47 7.0112e-41 1.2751e-38 9.7656e-31 ] 0.0000e+00 [ 0.0000e+00 ] 1.0000e+00
 5.655e+01 8.3077e-31 8.3077e-31 [ 9.1283e-184 3.4144e-137 2.8616e-47 5.3332e-41 9.9420e-39 8.3077e-31 ] 0.0000e+00 [ 0.0000e+00 ] 1.0000e+00
 5.667e+01 7.0647e-31 7.0647e-31 [ 3.1609e-184 1.3681e-137 2.0353e-47 4.0543e-41 7.7475e-39 7.0647e-31 ] 0.0000e+00 [ 0.0000e+00 ] 1.0000e+00
 5.678e+01 6.0053e-31 6.0053e-31 [ 1.0943e-184 5.4789e-138 1.4465e-47 3.0800e-41 6.0339e-39 6.0053e-31 ] 0.0000e+00 [ 0.0000e+00 ] 1.0000e+00
 5.689e+01 5.1028e-31 5.1028e-31 [ 3.7875e-185 2.1932e-138 1.0273e-47 2.3384e-41 4.6965e-39 5.1028e-31 ] 0.0000e+00 [ 0.0000e+00 ] 1.0000e+00
 5.701e+01 4.3343e-31 4.3343e-31 [ 1.3106e-185 8.7754e-139 7.2895e-48 1.7743e-41 3.6534e-39 4.3343e-31 ] 0.0000e+00 [ 0.0000e+00 ] 1.0000e+00
 5.712e+01 3.6800e-31 3.6800e-31 [ 4.5341e-186 3.5095e-139 5.1687e-48 1.3453e-41 2.8403e-39 3.6800e-31 ] 0.0000e+00 [ 0.0000e+00 ] 1.0000e+00
 5.723e+01 3.1234e-31 3.1234e-31 [ 1.5682e-186 1.4029e-139 3.6621e-48 1.0195e-41 2.2069e-39 3.1234e-31 ] 0.0000e+00 [ 0.0000e+00 ] 1.0000e+00
 5.735e+01 2.6498e-31 2.6498e-31 [ 5.4228e-187 5.6052e-140 2.5927e-48 7.7202e-42 1.7137e-39 2.6498e-31 ] 0.0000e+00 [ 0.0000e+00 ] 1.0000e+00
 5.746e+01 2.2473e-31 2.2473e-31 [ 1.8748e-187 2.2386e-140 1.8341e-48 5.8427e-42 1.3300e-39 2.2473e-31 ] 0.0000e+00 [ 0.0000e+00 ] 1.0000e+00
 5.757e+01 1.9051e-31 1.9051e-31 [ 6.4798e-188 8.9359e-141 1.2965e-48 4.4190e-42 1.0315e-39 1.9051e-31 ] 0.0000e+00 [ 0.0000e+00 ] 1.0000e+00
 5.769e+01 1.6144e-31 1.6144e-31 [ 2.2392e-188 3.5654e-141 9.1578e-49 3.3401e-42 7.9962e-40 1.6144e-31 ] 0.0000e+00 [ 0.0000e+00 ] 1.0000e+00
 5.780e+01 1.3675e-31 1.3675e-31 [ 7.7358e-189 1.4220e-141 6.4636e-49 2.5230e-42 6.1947e-40 1.3675e-31 ] 0.0000e+00 [ 0.0000e+00 ] 1.0000e+00
 5.791e+01 1.1579e-31 1.1579e-31 [ 2.6720e-189 5.6685e-142 4.5585e-49 1.9045e-42 4.7963e-40 1.1579e-31 ] 0.0000e+00 [ 0.0000e+00 ] 1.0000e+00
 5.803e+01 9.8011e-32 9.8011e-32 [ 9.2269e-190 2.2586e-142 3.2124e-49 1.4368e-42 3.7114e-40 9.8011e-32 ] 0.0000e+00 [ 0.0000e+00 ] 1.0000e+00
 5.814e+01 8.2927e-32 8.2927e-32 [ 3.1855e-190 8.9955e-143 2.2621e-49 1.0832e-42 2.8702e-40 8.2927e-32 ] 0.0000e+00 [ 0.0000e+00 ] 1.0000e+00
 5.825e+01 7.0136e-32 7.0136e-32 [ 1.0995e-190 3.5811e-143 1.5917e-49 8.1615e-43 2.2183e-40 7.0136e-32 ] 0.0000e+00 [ 0.0000e+00 ] 1.0000e+00
 5.837e+01 5.9296e-32 5.9296e-32 [ 3.7945e-191 1.4250e-143 1.1191e-49 6.1453e-43 1.7135e-40 5.9296e-32 ] 0.0000e+00 [ 0.0000e+00 ] 1.0000e+00
 5.848e+01 5.0112e-32 5.0112e-32 [ 1.3091e-191 5.6677e-144 7.8624e-50 4.6243e-43 1.3228e-40 5.0112e-32 ] 0.0000e+00 [ 0.0000e+00 ] 1.0000e+00
 5.859e+01 4.2333e-32 4.2333e-32 [ 4.5158e-192 2.2532e-144 5.5196e-50 3.4775e-43 1.0206e-40 4.2333e-32 ] 0.0000e+00 [ 0.0000e+00 ] 1.0000e+00
 5.871e+01 3.5749e-32 3.5749e-32 [ 1.5573e-192 8.9541e-145 3.8719e-50 2.6134e-43 7.8699e-41 3.5749e-32 ] 0.0000e+00 [ 0.0000e+00 ] 1.0000e+00
 5.882e+01 3.0176e-32 3.0176e-32 [ 5.3694e-193 3.5566e-145 2.7140e-50 1.9628e-43 6.0649e-41 3.0176e-32 ] 0.0000e+00 [ 0.0000e+00 ] 1.0000e+00
 5.893e+01 2.5463e-32 2.5463e-32 [ 1.8509e-193 1.4121e-145 1.9009e-50 1.4733e-43 4.6711e-41 2.5463e-32 ] 0.0000e+00 [ 0.0000e+00 ] 1.0000e+00
 5.905e+01 2.1477e-32 2.1477e-32 [ 6.3789e-194 5.6041e-146 1.3304e-50 1.1051e-43 3.5955e-41 2.1477e-32 ] 0.0000e+00 [ 0.0000e+00 ] 1.0000e+00
 5.916e+01 1.8108e-32 1.8108e-32 [ 2.1979e-194 2.2231e-146 9.3041e-51 8.2841e-44 2.7660e-41 1.8108e-32 ] 0.0000e+00 [ 0.0000e+00 ] 1.0000e+00
 5.927e+01 1.5262e-32 1.5262e-32 [ 7.5716e-195 8.8148e-147 6.5018e-51 6.2060e-44 2.1266e-41 1.5262e-32 ] 0.0000e+00 [ 0.0000e+00 ] 1.0000e+00
 5.939e+01 1.2858e-32 1.2858e-32 [ 2.6078e-195 3.4937e-147 4.5400e-51 4.6463e-44 1.6340e-41 1.2858e-32 ] 0.0000e+00 [ 0.0000e+00 ] 1.0000e+00
 5.950e+01 1.0829e-32 1.0829e-32 [ 8.9795e-196 1.3841e-147 3.1678e-51 3.4764e-44 1.2548e-41 1.0829e-32 ] 0.0000e+00 [ 0.0000e+00 ] 1.0000e+00
 5.961e+01 9.1160e-33 9.1160e-33 [ 3.0913e-196 5.4810e-148 2.2086e-51 2.5994e-44 9.6309e-42 9.1160e-33 ] 0.0000e+00 [ 0.0000e+00 ] 1.0000e+00
 5.973e+01 7.6712e-33 7.6712e-33 [ 1.0640e-196 2.1695e-148 1.5387e-51 1.9424e-44 7.3873e-42 7.6712e-33 ] 0.0000e+00 [ 0.0000e+00 ] 1.0000e+00
 5.984e+01 6.4529e-33 6.4529e-33 [ 3.6615e-197 8.5839e-149 1.0712e-51 1.4505e-44 5.6631e-42 6.4529e-33 ] 0.0000e+00 [ 0.0000e+00 ] 1.0000e+00
 5.995e+01 5.4260e-33 5.4260e-33 [ 1.2597e-197 3.3949e-149 7.4512e-52 1.0826e-44 4.3388e-42 5.4260e-33 ] 0.0000e+00 [ 0.0000e+00 ] 1.0000e+00
 6.007e+01 4.5608e-33 4.5608e-33 [ 4.3331e-198 1.3421e-149 5.1793e-52 8.0741e-45 3.3222e-42 4.5608e-33 ] 0.0000e+00 [ 0.0000e+00 ] 1.0000e+00
 6.018e+01 3.8320e-33 3.8320e-33 [ 1.4901e-198 5.3032e-150 3.5974e-52 6.0181e-45 2.5423e-42 3.8320e-33 ] 0.0000e+00 [ 0.0000e+00 ] 1.0000e+00
 6.029e+01 3.2184e-33 3.2184e-33 [ 5.1235e-199 2.0947e-150 2.4967e-52 4.4829e-45 1.9444e-42 3.2184e-33 ] 0.0000e+00 [ 0.0000e+00 ] 1.0000e+00
 6.041e+01 2.7021e-33 2.7021e-33 [ 1.7612e-199 8.2704e-151 1.7315e-52 3.3371e-45 1.4862e-42 2.7021e-33 ] 0.0000e+00 [ 0.0000e+00 ] 1.0000e+00
 6.052e+01 2.2677e-33 2.2677e-33 [ 6.0531e-200 3.2639e-151 1.1999e-52 2.4827e-45 1.1354e-42 2.2677e-33 ] 0.0000e+00 [ 0.0000e+00 ] 1.0000e+00
 6.063e+01 1.9024e-33 1.9024e-33 [ 2.0799e-200 1.2876e-151 8.3087e-53 1.8458e-45 8.6683e-43 1.9024e-33 ] 0.0000e+00 [ 0.0000e+00 ] 1.0000e+00
 6.075e+01 1.5953e-33 1.5953e-33 [ 7.1453e-201 5.0773e-152 5.7491e-53 1.3715e-45 6.6142e-43 1.5953e-33 ] 0.0000e+00 [ 0.0000e+00 ] 1.0000e+00
 6.086e+01 1.3373e-33 1.3373e-33 [ 2.4542e-201 2.0013e-152 3.9749e-53 1.0184e-45 5.0439e-43 1.3373e-33 ] 0.0000e+00 [ 0.0000e+00 ] 1.0000e+00
 6.097e+01 1.1205e-33 1.1205e-33 [ 8.4277e-202 7.8851e-153 2.7462e-53 7.5571e-46 3.8442e-43 1.1205e-33 ] 0.0000e+00 [ 0.0000e+00 ] 1.0000e+00
 6.109e+01 9.3859e-34 9.3859e-34 [ 2.8934e-202 3.1054e-153 1.8959e-53 5.6044e-46 2.9282e-43 9.3859e-34 ] 0.0000e+00 [ 0.0000e+00 ] 1.0000e+00
 6.120e+01 7.8587e-34 7.8587e-34 [ 9.9319e-203 1.2225e-153 1.3079e-53 4.1536e-46 2.2291e-43 7.8587e-34 ] 0.0000e+00 [ 0.0000e+00 ] 1.0000e+00
 6.131e+01 6.5774e-34 6.5774e-34 [ 3.4085e-203 4.8108e-154 9.0153e-54 3.0765e-46 1.6959e-43 6.5774e-34 ] 0.0000e+00 [ 0.0000e+00 ] 1.0000e+00
 6.143e+01 5.5029e-34 5.5029e-34 [ 1.1695e-203 1.8924e-154 6.2097e-54 2.2772e-46 1.2895e-43 5.5029e-34 ] 0.0000e+00 [ 0.0000e+00 ] 1.0000e+00
 6.154e+01 4.6022e-34 4.6022e-34 [ 4.0119e-204 7.4406e-155 4.2740e-54 1.6845e-46 9.7997e-44 4.6022e-34 ] 0.0000e+00 [ 0.0000e+00 ] 1.0000e+00
 6.165e+01 3.8474e-34 3.8474e-34 [ 1.3760e-204 2.9244e-155 2.9395e-54 1.2453e-46 7.4428e-44 3.8474e-34 ] 0.0000e+00 [ 0.0000e+00 ] 1.0000e+00
 6.177e+01 3.2152e-34 3.2152e-34 [ 4.7184e-205 1.1489e-155 2.0201e-54 9.2006e-47 5.6494e-44 3.2152e-34 ] 0.0000e+00 [ 0.0000e+00 ] 1.0000e+00
 6.188e+01 2.6858e-34 2.6858e-34 [ 1.6176e-205 4.5119e-156 1.3873e-54 6.7931e-47 4.2857e-44 2.6858e-34 ] 0.0000e+00 [ 0.0000e+00 ] 1.0000e+00
 6.199e+01 2.2427e-34 2.2427e-34 [ 5.5446e-206 1.7712e-156 9.5194e-55 5.0125e-47 3.2493e-44 2.2427e-34 ] 0.0000e+00 [ 0.0000e+00 ] 1.0000e+00
 6.211e+01 1.8720e-34 1.8720e-34 [ 1.9001e-206 6.9501e-157 6.5273e-55 3.6963e-47 2.4621e-44 1.8720e-34 ] 0.0000e+00 [ 0.0000e+00 ] 1.0000e+00
 6.222e+01 1.5619e-34 1.5619e-34 [ 6.5103e-207 2.7261e-157 4.4723e-55 2.7239e-47 1.8645e-44 1.5619e-34 ] 0.0000e+00 [ 0.0000e+00 ] 1.0000e+00
 6.233e+01 1.3027e-34 1.3027e-34 [ 2.2302e-207 1.0689e-157 3.0620e-55 2.0061e-47 1.4112e-44 1.3027e-34 ] 0.0000e+00 [ 0.0000e+00 ] 1.0000e+00
 6.245e+01 1.0861e-34 1.0861e-34 [ 7.6380e-208 4.1892e-158 2.0948e-55 1.4766e-47 1.0674e-44 1.0861e-34 ] 0.0000e+00 [ 0.0000e+00 ] 1.0000e+00
 6.256e+01 9.0520e-35 9.0520e-35 [ 2.6154e-208 1.6412e-158 1.4321e-55 1.0861e-47 8.0696e-45 9.0520e-35 ] 0.0000e+00 [ 0.0000e+00 ] 1.0000e+00
 6.267e+01 7.5412e-35 7.5412e-35 [ 8.9538e-209 6.4272e-159 9.7826e-56 7.9838e-48 6.0969e-45 7.5412e-35 ] 0.0000e+00 [ 0.0000e+00 ] 1.0000e+00
 6.279e+01 6.2800e-35 6.2800e-35 [ 3.0647e-209 2.5160e-159 6.6775e-56 5.8651e-48 4.6038e-45 6.2800e-35 ] 0.0000e+00 [ 0.0000e+00 ] 1.0000e+00
 6.290e+01 5.2278e-35 5.2278e-35 [ 1.0488e-209 9.8452e-160 4.5546e-56 4.3060e-48 3.4743e-45 5.2278e-35 ] 0.0000e+00 [ 0.0000e+00 ] 1.0000e+00
 6.301e+01 4.3502e-35 4.3502e-35 [ 3.5883e-210 3.8510e-160 3.1043e-56 3.1594e-48 2.6204e-45 4.3502e-35 ] 0.0000e+00 [ 0.0000e+00 ] 1.0000e+00
 6.313e+01 3.6185e-35 3.6185e-35 [ 1.2275e-210 1.5057e-160 2.1142e-56 2.3166e-48 1.9753e-45 3.6185e-35 ] 0.0000e+00 [ 0.0000e+00 ] 1.0000e+00
 6.324e+01 3.0087e-35 3.0087e-35 [ 4.1980e-211 5.8850e-161 1.4388e-56 1.6976e-48 1.4881e-45 3.0087e-35 ] 0.0000e+00 [ 0.0000e+00 ] 1.0000e+00
 6.335e+01 2.5007e-35 2.5007e-35 [ 1.4355e-211 2.2992e-161 9.7847e-57 1.2432e-48 1.1204e-45 2.5007e-35 ] 0.0000e+00 [ 0.0000e+00 ] 1.0000e+00
 6.347e+01 2.0777e-35 2.0777e-35 [ 4.9074e-212 8.9794e-162 6.6490e-57 9.0985e-49 8.4308e-46 2.0777e-35 ] 0.0000e+00 [ 0.0000e+00 ] 1.0000e+00
 6.358e+01 1.7256e-35 1.7256e-35 [ 1.6773e-212 3.5054e-162 4.5148e-57 6.6547e-49 6.3404e-46 1.7256e-35 ] 0.0000e+00 [ 0.0000e+00 ] 1.0000e+00
 6.369e+01 1.4326e-35 1.4326e-35 [ 5.7319e-213 1.3679e-162 3.0634e-57 4.8643e-49 4.7656e-46 1.4326e-35 ] 0.0000e+00 [ 0.0000e+00 ] 1.0000e+00
 6.381e+01 1.1889e-35 1.1889e-35 [ 1.9584e-213 5.3361e-163 2.0770e-57 3.5533e-49 3.5798e-46 1.1889e-35 ] 0.0000e+00 [ 0.0000e+00 ] 1.0000e+00
 6.392e+01 9.8625e-36 9.8625e-36 [ 6.6897e-214 2.0807e-163 1.4072e-57 2.5940e-49 2.6875e-46 9.8625e-36 ] 0.0000e+00 [ 0.0000e+00 ] 1.0000e+00
 6.403e+01 8.1784e-36 8.1784e-36 [ 2.2847e-214 8.1101e-164 9.5263e-58 1.8926e-49 2.0165e-46 8.1784e-36 ] 0.0000e+00 [ 0.0000e+00 ] 1.0000e+00
 6.415e+01 6.7792e-36 6.7792e-36 [ 7.8011e-215 3.1599e-164 6.4444e-58 1.3799e-49 1.5121e-46 6.7792e-36 ] 0.0000e+00 [ 0.0000e+00 ] 1.0000e+00
 6.426e+01 5.6173e-36 5.6173e-36 [ 2.6632e-215 1.2307e-164 4.3563e-58 1.0055e-49 1.1333e-46 5.6173e-36 ] 0.0000e+00 [ 0.0000e+00 ] 1.0000e+00
 6.437e+01 4.6527e-36 4.6527e-36 [ 9.0898e-216 4.7915e-165 2.9426e-58 7.3220e-50 8.4883e-47 4.6527e-36 ] 0.0000e+00 [ 0.0000e+00 ] 1.0000e+00
 6.449e+01 3.8523e-36 3.8523e-36 [ 3.1019e-216 1.8647e-165 1.9862e-58 5.3286e-50 6.3542e-47 3.8523e-36 ] 0.0000e+00 [ 0.0000e+00 ] 1.0000e+00
 6.460e+01 3.1883e-36 3.1883e-36 [ 1.0583e-216 7.2543e-166 1.3396e-58 3.8755e-50 4.7539e-47 3.1883e-36 ] 0.0000e+00 [ 0.0000e+00 ] 1.0000e+00
 6.471e+01 2.6378e-36 2.6378e-36 [ 3.6099e-217 2.8210e-166 9.0285e-59 2.8169e-50 3.5546e-47 2.6378e-36 ] 0.0000e+00 [ 0.0000e+00 ] 1.0000e+00
 6.483e+01 2.1815e-36 2.1815e-36 [ 1.2311e-217 1.0966e-166 6.0803e-59 2.0461e-50 2.6563e-47 2.1815e-36 ] 0.0000e+00 [ 0.0000e+00 ] 1.0000e+00
 6.494e+01 1.8034e-36 1.8034e-36 [ 4.1976e-218 4.2611e-167 4.0918e-59 1.4854e-50 1.9839e-47 1.8034e-36 ] 0.0000e+00 [ 0.0000e+00 ] 1.0000e+00
 6.505e+01 1.4903e-36 1.4903e-36 [ 1.4310e-218 1.6551e-167 2.7516e-59 1.0776e-50 1.4808e-47 1.4903e-36 ] 0.0000e+00 [ 0.0000e+00 ] 1.0000e+00
 6.517e+01 1.2310e-36 1.2310e-36 [ 4.8771e-219 6.4264e-168 1.8489e-59 7.8128e-51 1.1047e-47 1.2310e-36 ] 0.0000e+00 [ 0.0000e+00 ] 1.0000e+00
 6.528e+01 1.0165e-36 1.0165e-36 [ 1.6619e-219 2.4943e-168 1.2415e-59 5.6609e-51 8.2364e-48 1.0165e-36 ] 0.0000e+00 [ 0.0000e+00 ] 1.0000e+00
 6.539e+01 8.3904e-37 8.3904e-37 [ 5.6618e-220 9.6772e-169 8.3298e-60 4.0992e-51 6.1373e-48 8.3904e-37 ] 0.0000e+00 [ 0.0000e+00 ] 1.0000e+00
 6.551e+01 6.9229e-37 6.9229e-37 [ 1.9285e-220 3.7531e-169 5.5848e-60 2.9664e-51 4.5705e-48 6.9229e-37 ] 0.0000e+00 [ 0.0000e+00 ] 1.0000e+00
 6.562e+01 5.7098e-37 5.7098e-37 [ 6.5674e-221 1.4550e-169 3.7415e-60 2.1454e-51 3.4018e-48 5.7098e-37 ] 0.0000e+00 [ 0.0000e+00 ] 1.0000e+00
 6.573e+01 4.7075e-37 4.7075e-37 [ 2.2360e-221 5.6384e-170 2.5048e-60 1.5506e-51 2.5304e-48 4.7075e-37 ] 0.0000e+00 [ 0.0000e+00 ] 1.0000e+00
 6.585e+01 3.8797e-37 3.8797e-37 [ 7.6113e-222 2.1842e-170 1.6756e-60 1.1200e-51 1.8812e-48 3.8797e-37 ] 0.0000e+00 [ 0.0000e+00 ] 1.0000e+00
 6.596e+01 3.1962e-37 3.1962e-37 [ 2.5903e-222 8.4579e-171 1.1201e-60 8.0849e-52 1.3977e-48 3.1962e-37 ] 0.0000e+00 [ 0.0000e+00 ] 1.0000e+00
 6.607e+01 2.6321e-37 2.6321e-37 [ 8.8136e-223 3.2739e-171 7.4816e-61 5.8325e-52 1.0379e-48 2.6321e-37 ] 0.0000e+00 [ 0.0000e+00 ] 1.0000e+00
 6.619e+01 2.1667e-37 2.1667e-37 [ 2.9982e-223 1.2668e-171 4.9937e-61 4.2050e-52 7.7027e-49 2.1667e-37 ] 0.0000e+00 [ 0.0000e+00 ] 1.0000e+00
 6.630e+01 1.7830e-37 1.7830e-37 [ 1.0197e-223 4.8995e-172 3.3306e-61 3.0297e-52 5.7132e-49 1.7830e-37 ] 0.0000e+00 [ 0.0000e+00 ] 1.0000e+00
 6.641e+01 1.4666e-37 1.4666e-37 [ 3.4674e-224 1.8943e-172 2.2197e-61 2.1815e-52 4.2352e-49 1.4666e-37 ] 0.0000e+00 [ 0.0000e+00 ] 1.0000e+00
 6.653e+01 1.2059e-37 1.2059e-37 [ 1.1788e-224 7.3210e-173 1.4783e-61 1.5698e-52 3.1377e-49 1.2059e-37 ] 0.0000e+00 [ 0.0000e+00 ] 1.0000e+00
 6.664e+01 9.9116e-38 9.9116e-38 [ 4.0064e-225 2.8283e-173 9.8374e-62 1.1290e-52 2.3233e-49 9.9116e-38 ] 0.0000e+00 [ 0.0000e+00 ] 1.0000e+00
 6.675e+01 8.1435e-38 8.1435e-38 [ 1.3614e-225 1.0922e-173 6.5416e-62 8.1139e-53 1.7192e-49 8.1435e-38 ] 0.0000e+00 [ 0.0000e+00 ] 1.0000e+00
 6.687e+01 6.6882e-38 6.6882e-38 [ 4.6252e-226 4.2163e-174 4.3467e-62 5.8278e-53 1.2715e-49 6.6882e-38 ] 0.0000e+00 [ 0.0000e+00 ] 1.0000e+00
 6.698e+01 5.4909e-38 5.4909e-38 [ 1.5710e-226 1.6269e-174 2.8861e-62 4.1832e-53 9.3986e-50 5.4909e-38 ] 0.0000e+00 [ 0.0000e+00 ] 1.0000e+00
 6.709e+01 4.5062e-38 4.5062e-38 [ 5.3347e-227 6.2754e-175 1.9149e-62 3.0009e-53 6.9431e-50 4.5062e-38 ] 0.0000e+00 [ 0.0000e+00 ] 1.0000e+00
 6.721e+01 3.6967e-38 3.6967e-38 [ 1.8112e-227 2.4196e-175 1.2695e-62 2.1513e-53 5.1262e-50 3.6967e-38 ] 0.0000e+00 [ 0.0000e+00 ] 1.0000e+00
 6.732e+01 3.0314e-38 3.0314e-38 [ 6.1475e-228 9.3256e-176 8.4104e-63 1.5413e-53 3.7825e-50 3.0314e-38 ] 0.0000e+00 [ 0.0000e+00 ] 1.0000e+00
 6.743e+01 2.4849e-38 2.4849e-38 [ 2.0861e-228 3.5928e-176 5.5676e-63 1.1036e-53 2.7894e-50 2.4849e-38 ] 0.0000e+00 [ 0.0000e+00 ] 1.0000e+00
 6.755e+01 2.0361e-38 2.0361e-38 [ 7.0776e-229 1.3836e-176 3.6829e-63 7.8968e-54 2.0559e-50 2.0361e-38 ] 0.0000e+00 [ 0.0000e+00 ] 1.0000e+00
 6.766e+01 1.6678e-38 1.6678e-38 [ 2.4006e-229 5.3263e-177 2.4343e-63 5.6470e-54 1.5144e-50 1.6678e-38 ] 0.0000e+00 [ 0.0000e+00 ] 1.0000e+00
 6.777e+01 1.3655e-38 1.3655e-38 [ 8.1406e-230 2.0496e-177 1.6078e-63 4.0356e-54 1.1149e-50 1.3655e-38 ] 0.0000e+00 [ 0.0000e+00 ] 1.0000e+00
 6.789e+01 1.1176e-38 1.1176e-38 [ 2.7599e-230 7.8836e-178 1.0612e-63 2.8823e-54 8.2028e-51 1.1176e-38 ] 0.0000e+00 [ 0.0000e+00 ] 1.0000e+00
 6.800e+01 9.1439e-39 9.1439e-39 [ 9.3544e-231 3.0312e-178 6.9982e-64 2.0572e-54 6.0317e-51 9.1439e-39 ] 0.0000e+00 [ 0.0000e+00 ] 1.0000e+00
 6.811e+01 7.4782e-39 7.4782e-39 [ 3.1698e-231 1.1650e-178 4.6117e-64 1.4674e-54 4.4328e-51 7.4782e-39 ] 0.0000e+00 [ 0.0000e+00 ] 1.0000e+00
 6.823e+01 6.1136e-39 6.1136e-39 [ 1.0739e-231 4.4756e-179 3.0367e-64 1.0460e-54 3.2558e-51 6.1136e-39 ] 0.0000e+00 [ 0.0000e+00 ] 1.0000e+00
 6.834e+01 4.9961e-39 4.9961e-39 [ 3.6371e-232 1.7187e-179 1.9981e-64 7.4518e-55 2.3899e-51 4.9961e-39 ] 0.0000e+00 [ 0.0000e+00 ] 1.0000e+00
 6.845e+01 4.0812e-39 4.0812e-39 [ 1.2316e-232 6.5975e-180 1.3137e-64 5.3052e-55 1.7533e-51 4.0812e-39 ] 0.0000e+00 [ 0.0000e+00 ] 1.0000e+00
 6.857e+01 3.3326e-39 3.3326e-39 [ 4.1691e-233 2.5315e-180 8.6309e-65 3.7746e-55 1.2855e-51 3.3326e-39 ] 0.0000e+00 [ 0.0000e+00 ] 1.0000e+00
 6.868e+01 2.7203e-39 2.7203e-39 [ 1.4110e-233 9.7092e-181 5.6659e-65 2.6839e-55 9.4199e-52 2.7203e-39 ] 0.0000e+00 [ 0.0000e+00 ] 1.0000e+00
 6.879e+01 2.2197e-39 2.2197e-39 [ 4.7739e-234 3.7223e-181 3.7166e-65 1.9071e-55 6.8986e-52 2.2197e-39 ] 0.0000e+00 [ 0.0000e+00 ] 1.0000e+00
 6.891e+01 1.8104e-39 1.8104e-39 [ 1.6148e-234 1.4265e-181 2.4361e-65 1.3542e-55 5.0492e-52 1.8104e-39 ] 0.0000e+00 [ 0.0000e+00 ] 1.0000e+00
 6.902e+01 1.4761e-39 1.4761e-39 [ 5.4607e-235 5.4642e-182 1.5955e-65 9.6106e-56 3.6934e-52 1.4761e-39 ] 0.0000e+00 [ 0.0000e+00 ] 1.0000e+00
 6.913e+01 1.2030e-39 1.2030e-39 [ 1.8461e-235 2.0922e-182 1.0442e-65 6.8158e-56 2.7001e-52 1.2030e-39 ] 0.0000e+00 [ 0.0000e+00 ] 1.0000e+00
 6.925e+01 9.8012e-40 9.8012e-40 [ 6.2397e-236 8.0075e-183 6.8281e-66 4.8306e-56 1.9727e-52 9.8012e-40 ] 0.0000e+00 [ 0.0000e+00 ] 1.0000e+00
 6.936e+01 7.9820e-40 7.9820e-40 [ 2.1083e-236 3.0634e-183 4.4615e-66 3.4214e-56 1.4405e-52 7.9820e-40 ] 0.0000e+00 [ 0.0000e+00 ] 1.0000e+00
 6.947e+01 6.4979e-40 6.4979e-40 [ 7.1218e-237 1.1714e-183 2.9129e-66 2.4217e-56 1.0512e-52 6.4979e-40 ] 0.0000e+00 [ 0.0000e+00 ] 1.0000e+00
 6.959e+01 5.2878e-40 5.2878e-40 [ 2.4051e-237 4.4776e-184 1.9004e-66 1.7130e-56 7.6666e-53 5.2878e-40 ] 0.0000e+00 [ 0.0000e+00 ] 1.0000e+00
 6.970e+01 4.3014e-40 4.3014e-40 [ 8.1196e-238 1.7107e-184 1.2388e-66 1.2109e-56 5.5881e-53 4.3014e-40 ] 0.0000e+00 [ 0.0000e+00 ] 1.0000e+00
 6.981e+01 3.4976e-40 3.4976e-40 [ 2.7404e-238 6.5330e-185 8.0686e-67 8.5540e-57 4.0706e-53 3.4976e-40 ] 0.0000e+00 [ 0.0000e+00 ] 1.0000e+00
 6.993e+01 2.8430e-40 2.8430e-40 [ 9.2463e-239 2.4938e-185 5.2512e-67 6.0387e-57 2.9634e-53 2.8430e-40 ] 0.0000e+00 [ 0.0000e+00 ] 1.0000e+00
 7.004e+01 2.3100e-40 2.3100e-40 [ 3.1189e-239 9.5150e-186 3.4149e-67 4.2601e-57 2.1561e-53 2.3100e-40 ] 0.0000e+00 [ 0.0000e+00 ] 1.0000e+00
 7.015e+01 1.8762e-40 1.8762e-40 [ 1.0517e-239 3.6288e-186 2.2189e-67 3.0034e-57 1.5677e-53 1.8762e-40 ] 0.0000e+00 [ 0.0000e+00 ] 1.0000e+00
 7.027e+01 1.5232e-40 1.5232e-40 [ 3.5453e-240 1.3833e-186 1.4406e-67 2.1159e-57 1.1392e-53 1.5232e-40 ] 0.0000e+00 [ 0.0000e+00 ] 1.0000e+00
 7.038e+01 1.2362e-40 1.2362e-40 [ 1.1947e-240 5.2706e-187 9.3451e-68 1.4897e-57 8.2735e-54 1.2362e-40 ] 0.0000e+00 [ 0.0000e+00 ] 1.0000e+00
 7.049e+01 1.0029e-40 1.0029e-40 [ 4.0250e-241 2.0073e-187 6.0572e-68 1.0481e-57 6.0047e-54 1.0029e-40 ] 0.0000e+00 [ 0.0000e+00 ] 1.0000e+00
 7.061e+01 8.1334e-41 8.1334e-41 [ 1.3555e-241 7.6410e-188 3.9229e-68 7.3687e-58 4.3554e-54 8.1334e-41 ] 0.0000e+00 [ 0.0000e+00 ] 1.0000e+00
 7.072e+01 6.5934e-41 6.5934e-41 [ 4.5638e-242 2.9073e-188 2.5384e-68 5.1771e-58 3.1571e-54 6.5934e-41 ] 0.0000e+00 [ 0.0000e+00 ] 1.0000e+00
 7.083e+01 5.3429e-41 5.3429e-41 [ 1.5360e-242 1.1056e-188 1.6412e-68 3.6348e-58 2.2870e-54 5.3429e-41 ] 0.0000e+00 [ 0.0000e+00 ] 1.0000e+00
 7.095e+01 4.3279e-41 4.3279e-41 [ 5.1679e-243 4.2027e-189 1.0602e-68 2.5501e-58 1.6557e-54 4.3279e-41 ] 0.0000e+00 [ 0.0000e+00 ] 1.0000e+00
 7.106e+01 3.5044e-41 3.5044e-41 [ 1.7381e-243 1.5967e-189 6.8432e-69 1.7879e-58 1.1978e-54 3.5044e-41 ] 0.0000e+00 [ 0.0000e+00 ] 1.0000e+00
 7.117e+01 2.8365e-41 2.8365e-41 [ 5.8440e-244 6.0635e-190 4.4131e-69 1.2525e-58 8.6605e-55 2.8365e-41 ] 0.0000e+00 [ 0.0000e+00 ] 1.0000e+00
 7.129e+01 2.2950e-41 2.2950e-41 [ 1.9642e-244 2.3014e-190 2.8435e-69 8.7687e-59 6.2575e-55 2.2950e-41 ] 0.0000e+00 [ 0.0000e+00 ] 1.0000e+00
 7.140e+01 1.8562e-41 1.8562e-41 [ 6.5993e-245 8.7306e-191 1.8306e-69 6.1342e-59 4.5182e-55 1.8562e-41 ] 0.0000e+00 [ 0.0000e+00 ] 1.0000e+00
 7.151e+01 1.5007e-41 1.5007e-41 [ 2.2164e-245 3.3103e-191 1.1774e-69 4.2881e-59 3.2602e-55 1.5007e-41 ] 0.0000e+00 [ 0.0000e+00 ] 1.0000e+00
 7.163e+01 1.2128e-41 1.2128e-41 [ 7.4414e-246 1.2545e-191 7.5666e-70 2.9953e-59 2.3509e-55 1.2128e-41 ] 0.0000e+00 [ 0.0000e+00 ] 1.0000e+00
 7.174e+01 9.7982e-42 9.7982e-42 [ 2.4974e-246 4.7518e-192 4.8582e-70 2.0907e-59 1.6940e-55 9.7982e-42 ] 0.0000e+00 [ 0.0000e+00 ] 1.0000e+00
 7.185e+01 7.9126e-42 7.9126e-42 [ 8.3784e-247 1.7989e-192 3.1164e-70 1.4581e-59 1.2198e-55 7.9126e-42 ] 0.0000e+00 [ 0.0000e+00 ] 1.0000e+00
 7.197e+01 6.3874e-42 6.3874e-42 [ 2.8097e-247 6.8064e-193 1.9973e-70 1.0162e-59 8.7778e-56 6.3874e-42 ] 0.0000e+00 [ 0.0000e+00 ] 1.0000e+00
 7.208e+01 5.1543e-42 5.1543e-42 [ 9.4187e-248 2.5739e-193 1.2788e-70 7.0765e-60 6.3119e-56 5.1543e-42 ] 0.0000e+00 [ 0.0000e+00 ] 1.0000e+00
 7.219e+01 4.1576e-42 4.1576e-42 [ 3.1561e-248 9.7283e-194 8.1807e-71 4.9239e-60 4.5354e-56 4.1576e-42 ] 0.0000e+00 [ 0.0000e+00 ] 1.0000e+00
 7.231e+01 3.3524e-42 3.3524e-42 [ 1.0571e-248 3.6748e-194 5.2283e-71 3.4234e-60 3.2565e-56 3.3524e-42 ] 0.0000e+00 [ 0.0000e+00 ] 1.0000e+00
 7.242e+01 2.7021e-42 2.7021e-42 [ 3.5393e-249 1.3873e-194 3.3382e-71 2.3782e-60 2.3366e-56 2.7021e-42 ] 0.0000e+00 [ 0.0000e+00 ] 1.0000e+00
 7.253e+01 2.1771e-42 2.1771e-42 [ 1.1845e-249 5.2347e-195 2.1294e-71 1.6507e-60 1.6752e-56 2.1771e-42 ] 0.0000e+00 [ 0.0000e+00 ] 1.0000e+00
 7.265e+01 1.7534e-42 1.7534e-42 [ 3.9623e-250 1.9740e-195 1.3570e-71 1.1448e-60 1.2001e-56 1.7534e-42 ] 0.0000e+00 [ 0.0000e+00 ] 1.0000e+00
 7.276e+01 1.4117e-42 1.4117e-42 [ 1.3249e-250 7.4394e-196 8.6388e-72 7.9330e-61 8.5911e-57 1.4117e-42 ] 0.0000e+00 [ 0.0000e+00 ] 1.0000e+00
 7.287e+01 1.1361e-42 1.1361e-42 [ 4.4280e-251 2.8020e-196 5.4943e-72 5.4923e-61 6.1450e-57 1.1361e-42 ] 0.0000e+00 [ 0.0000e+00 ] 1.0000e+00
 7.299e+01 9.1395e-43 9.1395e-43 [ 1.4792e-251 1.0547e-196 3.4908e-72 3.7993e-61 4.3919e-57 9.1395e-43 ] 0.0000e+00 [ 0.0000e+00 ] 1.0000e+00
 7.310e+01 7.3498e-43 7.3498e-43 [ 4.9392e-252 3.9678e-197 2.2157e-72 2.6258e-61 3.1364e-57 7.3498e-43 ] 0.0000e+00 [ 0.0000e+00 ] 1.0000e+00
 7.321e+01 5.9082e-43 5.9082e-43 [ 1.6484e-252 1.4917e-197 1.4049e-72 1.8131e-61 2.2379e-57 5.9082e-43 ] 0.0000e+00 [ 0.0000e+00 ] 1.0000e+00
 7.333e+01 4.7476e-43 4.7476e-43 [ 5.4989e-253 5.6045e-198 8.8983e-73 1.2508e-61 1.5954e-57 4.7476e-43 ] 0.0000e+00 [ 0.0000e+00 ] 1.0000e+00
 7.344e+01 3.8135e-43 3.8135e-43 [ 1.8334e-253 2.1043e-198 5.6301e-73 8.6206e-62 1.1364e-57 3.8135e-43 ] 0.0000e+00 [ 0.0000e+00 ] 1.0000e+00
 7.355e+01 3.0620e-43 3.0620e-43 [ 6.1096e-254 7.8958e-199 3.5585e-73 5.9358e-62 8.0878e-58 3.0620e-43 ] 0.0000e+00 [ 0.0000e+00 ] 1.0000e+00
 7.367e+01 2.4577e-43 2.4577e-43 [ 2.0349e-254 2.9607e-199 2.2467e-73 4.0832e-62 5.7508e-58 2.4577e-43 ] 0.0000e+00 [ 0.0000e+00 ] 1.0000e+00
 7.378e+01 1.9719e-43 1.9719e-43 [ 6.7738e-255 1.1094e-199 1.4169e-73 2.8061e-62 4.0853e-58 1.9719e-43 ] 0.0000e+00 [ 0.0000e+00 ] 1.0000e+00
 7.389e+01 1.5815e-43 1.5815e-43 [ 2.2536e-255 4.1541e-200 8.9256e-74 1.9264e-62 2.8994e-58 1.5815e-43 ] 0.0000e+00 [ 0.0000e+00 ] 1.0000e+00
 7.401e+01 1.2679e-43 1.2679e-43 [ 7.4935e-256 1.5544e-200 5.6163e-74 1.3212e-62 2.0558e-58 1.2679e-43 ] 0.0000e+00 [ 0.0000e+00 ] 1.0000e+00
 7.412e+01 1.0161e-43 1.0161e-43 [ 2.4902e-256 5.8120e-201 3.5299e-74 9.0517e-63 1.4562e-58 1.0161e-43 ] 0.0000e+00 [ 0.0000e+00 ] 1.0000e+00
 7.423e+01 8.1402e-44 8.1402e-44 [ 8.2703e-257 2.1716e-201 2.2159e-74 6.1948e-63 1.0305e-58 8.1402e-44 ] 0.0000e+00 [ 0.0000e+00 ] 1.0000e+00
 7.435e+01 6.5187e-44 6.5187e-44 [ 2.7450e-257 8.1075e-202 1.3894e-74 4.2350e-63 7.2844e-59 6.5187e-44 ] 0.0000e+00 [ 0.0000e+00 ] 1.0000e+00
 7.446e+01 5.2182e-44 5.2182e-44 [ 9.1051e-258 3.0246e-202 8.7013e-75 2.8920e-63 5.1440e-59 5.2182e-44 ] 0.0000e+00 [ 0.0000e+00 ] 1.0000e+00
 7.457e+01 4.1755e-44 4.1755e-44 [ 3.0181e-258 1.1274e-202 5.4425e-75 1.9726e-63 3.6286e-59 4.1755e-44 ] 0.0000e+00 [ 0.0000e+00 ] 1.0000e+00
 7.469e+01 3.3399e-44 3.3399e-44 [ 9.9971e-259 4.1993e-203 3.3999e-75 1.3440e-63 2.5568e-59 3.3399e-44 ] 0.0000e+00 [ 0.0000e+00 ] 1.0000e+00
 7.480e+01 2.6705e-44 2.6705e-44 [ 3.3109e-259 1.5627e-203 2.1211e-75 9.1460e-64 1.7996e-59 2.6705e-44 ] 0.0000e+00 [ 0.0000e+00 ] 1.0000e+00
 7.491e+01 2.1345e-44 2.1345e-44 [ 1.0951e-259 5.8107e-204 1.3216e-75 6.2164e-64 1.2651e-59 2.1345e-44 ] 0.0000e+00 [ 0.0000e+00 ] 1.0000e+00
 7.503e+01 1.7054e-44 1.7054e-44 [ 3.5988e-260 2.1587e-204 8.2237e-76 4.2199e-64 8.8836e-60 1.7054e-44 ] 0.0000e+00 [ 0.0000e+00 ] 1.0000e+00
 7.514e+01 1.3620e-44 1.3620e-44 [ 1.1825e-260 8.0122e-205 5.1101e-76 2.8610e-64 6.2303e-60 1.3620e-44 ] 0.0000e+00 [ 0.0000e+00 ] 1.0000e+00
 7.525e+01 1.0874e-44 1.0874e-44 [ 3.8559e-261 2.9711e-205 3.1709e-76 1.9371e-64 4.3639e-60 1.0874e-44 ] 0.0000e+00 [ 0.0000e+00 ] 1.0000e+00
 7.537e+01 8.6778e-45 8.6778e-45 [ 1.2853e-261 1.1007e-205 1.9648e-76 1.3099e-64 3.0527e-60 8.6778e-45 ] 0.0000e+00 [ 0.0000e+00 ] 1.0000e+00
 7.548e+01 6.9226e-45 6.9226e-45 [ 2.5706e-262 4.0735e-206 1.2157e-76 8.8448e-65 2.1326e-60 6.9226e-45 ] 0.0000e+00 [ 0.0000e+00 ] 1.0000e+00
 7.559e+01 5.5203e-45 5.5203e-45 [ 0.0000e+00 1.5060e-206 7.5107e-77 5.9640e-65 1.4878e-60 5.5203e-45 ] 0.0000e+00 [ 0.0000e+00 ] 1.0000e+00
 7.571e+01 4.4004e-45 4.4004e-45 [ 0.0000e+00 5.5620e-207 4.6330e-77 4.0156e-65 1.0365e-60 4.4004e-45 ] 0.0000e+00 [ 0.0000e+00 ] 1.0000e+00
 7.582e+01 3.5063e-45 3.5063e-45 [ 0.0000e+00 2.0519e-207 2.8534e-77 2.6997e-65 7.2102e-61 3.5063e-45 ] 0.0000e+00 [ 0.0000e+00 ] 1.0000e+00
 7.593e+01 2.7927e-45 2.7927e-45 [ 0.0000e+00 7.5610e-208 1.7545e-77 1.8122e-65 5.0081e-61 2.7927e-45 ] 0.0000e+00 [ 0.0000e+00 ] 1.0000e+00
 7.605e+01 2.2235e-45 2.2235e-45 [ 0.0000e+00 2.7829e-208 1.0770e-77 1.2145e-65 3.4731e-61 2.2235e-45 ] 0.0000e+00 [ 0.0000e+00 ] 1.0000e+00
 7.616e+01 1.7696e-45 1.7696e-45 [ 0.0000e+00 1.0230e-208 6.6000e-78 8.1259e-66 2.4047e-61 1.7696e-45 ] 0.0000e+00 [ 0.0000e+00 ] 1.0000e+00
 7.627e+01 1.4078e-45 1.4078e-45 [ 0.0000e+00 3.7556e-209 4.0373e-78 5.4275e-66 1.6621e-61 1.4078e-45 ] 0.0000e+00 [ 0.0000e+00 ] 1.0000e+00
 7.639e+01 1.1195e-45 1.1195e-45 [ 0.0000e+00 1.3769e-209 2.4651e-78 3.6187e-66 1.1468e-61 1.1195e-45 ] 0.0000e+00 [ 0.0000e+00 ] 1.0000e+00
 7.650e+01 8.8992e-46 8.8992e-46 [ 0.0000e+00 5.0410e-210 1.5023e-78 2.4083e-66 7.8987e-62 8.8992e-46 ] 0.0000e+00 [ 0.0000e+00 ] 1.0000e+00
 7.661e+01 7.0709e-46 7.0709e-46 [ 0.0000e+00 1.8428e-210 9.1369e-79 1.5996e-66 5.4298e-62 7.0709e-46 ] 0.0000e+00 [ 0.0000e+00 ] 1.0000e+00
 7.673e+01 5.6158e-46 5.6158e-46 [ 0.0000e+00 6.7262e-211 5.5456e-79 1.0604e-66 3.7252e-62 5.6158e-46 ] 0.0000e+00 [ 0.0000e+00 ] 1.0000e+00
 7.684e+01 4.4581e-46 4.4581e-46 [ 0.0000e+00 2.4510e-211 3.3587e-79 7.0145e-67 2.5504e-62 4.4581e-46 ] 0.0000e+00 [ 0.0000e+00 ] 1.0000e+00
 7.695e+01 3.5374e-46 3.5374e-46 [ 0.0000e+00 8.9155e-212 2.0296e-79 4.6298e-67 1.7423e-62 3.5374e-46 ] 0.0000e+00 [ 0.0000e+00 ] 1.0000e+00
 7.707e+01 2.8055e-46 2.8055e-46 [ 0.0000e+00 3.2371e-212 1.2236e-79 3.0488e-67 1.1875e-62 2.8055e-46 ] 0.0000e+00 [ 0.0000e+00 ] 1.0000e+00
 7.718e+01 2.2238e-46 2.2238e-46 [ 0.0000e+00 1.1730e-212 7.3579e-80 2.0028e-67 8.0738e-63 2.2238e-46 ] 0.0000e+00 [ 0.0000e+00 ] 1.0000e+00
 7.729e+01 1.7618e-46 1.7618e-46 [ 0.0000e+00 4.2415e-213 4.4131e-80 1.3122e-67 5.4754e-63 1.7618e-46 ] 0.0000e+00 [ 0.0000e+00 ] 1.0000e+00
 7.741e+01 1.3949e-46 1.3949e-46 [ 0.0000e+00 1.5302e-213 2.6395e-80 8.5744e-68 3.7031e-63 1.3949e-46 ] 0.0000e+00 [ 0.0000e+00 ] 1.0000e+00
 7.752e+01 1.1036e-46 1.1036e-46 [ 0.0000e+00 5.5073e-214 1.5740e-80 5.5863e-68 2.4972e-63 1.1036e-46 ] 0.0000e+00 [ 0.0000e+00 ] 1.0000e+00
 7.763e+01 8.7254e-47 8.7254e-47 [ 0.0000e+00 1.9768e-214 9.3569e-81 3.6281e-68 1.6788e-63 8.7254e-47 ] 0.0000e+00 [ 0.0000e+00 ] 1.0000e+00
 7.775e+01 6.8924e-47 6.8924e-47 [ 0.0000e+00 7.0753e-215 5.5434e-81 2.3484e-68 1.1248e-63 6.8924e-47 ] 0.0000e+00 [ 0.0000e+00 ] 1.0000e+00
 7.786e+01 5.4390e-47 5.4390e-47 [ 0.0000e+00 2.5244e-215 3.2720e-81 1.5146e-68 7.5084e-64 5.4390e-47 ] 0.0000e+00 [ 0.0000e+00 ] 1.0000e+00
 7.797e+01 4.2870e-47 4.2870e-47 [ 0.0000e+00 8.9755e-216 1.9236e-81 9.7294e-69 4.9925e-64 4.2870e-47 ] 0.0000e+00 [ 0.0000e+00 ] 1.0000e+00
 7.809e+01 3.3742e-47 3.3742e-47 [ 0.0000e+00 3.1790e-216 1.1260e-81 6.2229e-69 3.3052e-64 3.3742e-47 ] 0.0000e+00 [ 0.0000e+00 ] 1.0000e+00
 7.820e+01 2.6512e-47 2.6512e-47 [ 0.0000e+00 1.1211e-216 6.5592e-82 3.9611e-69 2.1777e-64 2.6512e-47 ] 0.0000e+00 [ 0.0000e+00 ] 1.0000e+00
 7.831e+01 2.0786e-47 2.0786e-47 [ 0.0000e+00 3.9349e-217 3.8004e-82 2.5079e-69 1.4272e-64 2.0786e-47 ] 0.0000e+00 [ 0.0000e+00 ] 1.0000e+00
 7.843e+01 1.6253e-47 1.6253e-47 [ 0.0000e+00 1.3735e-217 2.1888e-82 1.5784e-69 9.2968e-65 1.6253e-47 ] 0.0000e+00 [ 0.0000e+00 ] 1.0000e+00
 7.854e+01 1.2664e-47 1.2664e-47 [ 0.0000e+00 4.7639e-218 1.2520e-82 9.8658e-70 6.0147e-65 1.2664e-47 ] 0.0000e+00 [ 0.0000e+00 ] 1.0000e+00
 7.865e+01 9.8222e-48 9.8222e-48 [ 0.0000e+00 1.6403e-218 7.1050e-83 6.1181e-70 3.8605e-65 9.8222e-48 ] 0.0000e+00 [ 0.0000e+00 ] 1.0000e+00
 7.877e+01 7.5715e-48 7.5715e-48 [ 0.0000e+00 5.5989e-219 3.9950e-83 3.7590e-70 2.4547e-65 7.5715e-48 ] 0.0000e+00 [ 0.0000e+00 ] 1.0000e+00
 7.888e+01 5.7879e-48 5.7879e-48 [ 0.0000e+00 1.8913e-219 2.2217e-83 2.2839e-70 1.5432e-65 5.7879e-48 ] 0.0000e+00 [ 0.0000e+00 ] 1.0000e+00
 7.899e+01 4.3730e-48 4.3730e-48 [ 0.0000e+00 6.3075e-220 1.2190e-83 1.3686e-70 9.5664e-66 4.3730e-48 ] 0.0000e+00 [ 0.0000e+00 ] 1.0000e+00
 7.911e+01 3.2493e-48 3.2493e-48 [ 0.0000e+00 2.0699e-220 6.5750e-84 8.0566e-71 5.8229e-66 3.2493e-48 ] 0.0000e+00 [ 0.0000e+00 ] 1.0000e+00
 7.922e+01 2.3556e-48 2.3556e-48 [ 0.0000e+00 6.6517e-221 3.4671e-84 4.6303e-71 3.4571e-66 2.3556e-48 ] 0.0000e+00 [ 0.0000e+00 ] 1.0000e+00
 7.933e+01 1.6448e-48 1.6448e-48 [ 0.0000e+00 2.0773e-221 1.7706e-84 2.5704e-71 1.9796e-66 1.6448e-48 ] 0.0000e+00 [ 0.0000e+00 ] 1.0000e+00
 7.945e+01 1.0814e-48 1.0814e-48 [ 0.0000e+00 6.2236e-222 8.6047e-85 1.3511e-71 1.0708e-66 1.0814e-48 ] 0.0000e+00 [ 0.0000e+00 ] 1.0000e+00
 7.956e+01 6.4099e-49 6.4099e-49 [ 0.0000e+00 1.7439e-222 3.8326e-85 6.4540e-72 5.2437e-67 6.4099e-49 ] 0.0000e+00 [ 0.0000e+00 ] 1.0000e+00
 7.967e+01 3.1067e-49 3.1067e-49 [ 0.0000e+00 4.2786e-223 1.4231e-85 2.5356e-72 2.1008e-67 3.1067e-49 ] 0.0000e+00 [ 0.0000e+00 ] 1.0000e+00
 7.979e+01 9.0882e-50 9.0882e-50 [ 0.0000e+00 7.0231e-224 3.1739e-86 5.8692e-73 4.9245e-68 9.0882e-50 ] 0.0000e+00 [ 0.0000e+00 ] 1.0000e+00
 7.990e+01 0.0000e+00 0.0000e+00 [ 0.0000e+00 0.0000e+00 0.0000e+00 0.0000e+00 0.0000e+00 0.0000e+00 ] 0.0000e+00 [ 0.0000e+00 ] 1.0000e+00
