 0.000e+00 0.0000e+00 0.0000e+00 [ 0.0000e+00 0.0000e+00 0.0000e+00 0.0000e+00 0.0000e+00 0.0000e+00 ] 0.0000e+00 [ 0.0000e+00 ] 1.0000e+00
 1.133e-01 2.0935e-02 2.0935e-02 [ 1.9468e-02 1.0190e-03 2.9476e-05 1.7984e-05 2.0353e-05 3.7960e-04 ] 0.0000e+00 [ 0.0000e+00 ] 9.7907e-01
 2.267e-01 3.2480e-02 3.2480e-02 [ 2.6559e-02 4.0121e-03 1.3443e-04 8.1384e-05 8.9966e-05 1.6026e-03 ] 0.0000e+00 [ 0.0000e+00 ] 9.6752e-01
 3.400e-01 4.4954e-02 4.4954e-02 [ 3.1365e-02 8.7707e-03 3.7223e-04 2.2227e-04 2.3689e-04 3.9873e-03 ] 0.0000e+00 [ 0.0000e+00 ] 9.5505e-01
 4.533e-01 5.9805e-02 5.9805e-02 [ 3.4790e-02 1.4957e-02 8.7069e-04 5.0903e-04 5.1771e-04 8.1610e-03 ] 0.0000e+00 [ 0.0000e+00 ] 9.4019e-01
 5.667e-01 7.9565e-02 7.9565e-02 [ 3.8225e-02 2.2158e-02 1.8946e-03 1.0744e-03 1.0354e-03 1.5178e-02 ] 0.0000e+00 [ 0.0000e+00 ] 9.2044e-01
 6.800e-01 1.0736e-01 1.0736e-01 [ 4.2673e-02 2.9922e-02 3.9732e-03 2.1632e-03 1.9665e-03 2.6663e-02 ] 0.0000e+00 [ 0.0000e+00 ] 8.9264e-01
 7.933e-01 1.4758e-01 1.4758e-01 [ 4.9067e-02 3.7736e-02 8.1157e-03 4.1987e-03 3.5928e-03 4.4872e-02 ] 0.0000e+00 [ 0.0000e+00 ] 8.5242e-01
 9.067e-01 2.0579e-01 2.0579e-01 [ 5.8262e-02 4.4901e-02 1.6083e-02 7.8370e-03 6.3092e-03 7.2394e-02 ] 0.0000e+00 [ 0.0000e+00 ] 7.9421e-01
 1.020e+00 2.8683e-01 2.8683e-01 [ 7.0618e-02 5.0364e-02 3.0468e-02 1.3898e-02 1.0534e-02 1.1095e-01 ] 0.0000e+00 [ 0.0000e+00 ] 7.1317e-01
 1.133e+00 3.9003e-01 3.9003e-01 [ 8.5098e-02 5.2707e-02 5.3897e-02 2.2965e-02 1.6412e-02 1.5895e-01 ] 0.0000e+00 [ 0.0000e+00 ] 6.0997e-01
 1.247e+00 5.0324e-01 5.0324e-01 [ 9.8565e-02 5.0721e-02 8.6744e-02 3.4621e-02 2.3376e-02 2.0921e-01 ] 0.0000e+00 [ 0.0000e+00 ] 4.9676e-01
 1.360e+00 6.0479e-01 6.0479e-01 [ 1.0696e-01 4.4538e-02 1.2498e-01 4.7090e-02 3.0107e-02 2.5111e-01 ] 0.0000e+00 [ 0.0000e+00 ] 3.9521e-01
 1.473e+00 6.7819e-01 6.7819e-01 [ 1.0833e-01 3.6022e-02 1.6207e-01 5.8304e-02 3.5381e-02 2.7808e-01 ] 0.0000e+00 [ 0.0000e+00 ] 3.2181e-01
 1.587e+00 7.2272e-01 7.2272e-01 [ 1.0394e-01 2.7463e-02 1.9357e-01 6.7345e-02 3.8882e-02 2.9152e-01 ] 0.0000e+00 [ 0.0000e+00 ] 2.7728e-01
 1.700e+00 7.4707e-01 7.4707e-01 [ 9.6270e-02 2.0217e-02 2.1850e-01 7.4431e-02 4.0987e-02 2.9666e-01 ] 0.0000e+00 [ 0.0000e+00 ] 2.5293e-01
 1.813e+00 7.5987e-01 7.5987e-01 [ 8.7314e-02 1.4621e-02 2.3764e-01 8.0114e-02 4.2191e-02 2.9799e-01 ] 0.0000e+00 [ 0.0000e+00 ] 2.4013e-01
 1.927e+00 7.6658e-01 7.6658e-01 [ 7.8232e-02 1.0497e-02 2.5206e-01 8.4836e-02 4.2856e-02 2.9810e-01 ] 0.0000e+00 [ 0.0000e+00 ] 2.3342e-01
 2.040e+00 7.7008e-01 7.7008e-01 [ 6.9645e-02 7.5252e-03 2.6268e-01 8.8864e-02 4.3200e-02 2.9817e-01 ] 0.0000e+00 [ 0.0000e+00 ] 2.2992e-01
 2.153e+00 7.7184e-01 7.7184e-01 [ 6.1873e-02 5.4038e-03 2.7022e-01 9.2345e-02 4.3348e-02 2.9864e-01 ] 0.0000e+00 [ 0.0000e+00 ] 2.2816e-01
 2.267e+00 7.7259e-01 7.7259e-01 [ 5.5070e-02 3.8938e-03 2.7531e-01 9.5358e-02 4.3372e-02 2.9958e-01 ] 0.0000e+00 [ 0.0000e+00 ] 2.2741e-01
 2.380e+00 7.7275e-01 7.7275e-01 [ 4.9287e-02 2.8187e-03 2.7848e-01 9.7950e-02 4.3315e-02 3.0091e-01 ] 0.0000e+00 [ 0.0000e+00 ] 2.2725e-01
 2.493e+00 7.7257e-01 7.7257e-01 [ 4.4501e-02 2.0521e-03 2.8018e-01 1.0016e-01 4.3204e-02 3.0248e-01 ] 0.0000e+00 [ 0.0000e+00 ] 2.2743e-01
 2.607e+00 7.7219e-01 7.7219e-01 [ 4.0640e-02 1.5050e-03 2.8083e-01 1.0200e-01 4.3060e-02 3.0415e-01 ] 0.0000e+00 [ 0.0000e+00 ] 2.2781e-01
 2.720e+00 7.7172e-01 7.7172e-01 [ 3.7600e-02 1.1145e-03 2.8080e-01 1.0352e-01 4.2896e-02 3.0579e-01 ] 0.0000e+00 [ 0.0000e+00 ] 2.2828e-01
 2.833e+00 7.7125e-01 7.7125e-01 [ 3.5259e-02 8.3692e-04 2.8041e-01 1.0475e-01 4.2723e-02 3.0728e-01 ] 0.0000e+00 [ 0.0000e+00 ] 2.2875e-01
 2.947e+00 7.7083e-01 7.7083e-01 [ 3.3495e-02 6.4120e-04 2.7991e-01 1.0570e-01 4.2551e-02 3.0853e-01 ] 0.0000e+00 [ 0.0000e+00 ] 2.2917e-01
 3.060e+00 7.7051e-01 7.7051e-01 [ 3.2189e-02 5.0576e-04 2.7954e-01 1.0641e-01 4.2386e-02 3.0948e-01 ] 0.0000e+00 [ 0.0000e+00 ] 2.2949e-01
 3.173e+00 7.7033e-01 7.7033e-01 [ 3.1234e-02 4.1554e-04 2.7947e-01 1.0690e-01 4.2237e-02 3.1007e-01 ] 0.0000e+00 [ 0.0000e+00 ] 2.2967e-01
 3.287e+00 7.7031e-01 7.7031e-01 [ 3.0539e-02 3.6022e-04 2.7984e-01 1.0719e-01 4.2107e-02 3.1027e-01 ] 0.0000e+00 [ 0.0000e+00 ] 2.2969e-01
 3.400e+00 7.7048e-01 7.7048e-01 [ 3.0031e-02 3.3299e-04 2.8075e-01 1.0730e-01 4.2004e-02 3.1006e-01 ] 0.0000e+00 [ 0.0000e+00 ] 2.2952e-01
 3.513e+00 7.7085e-01 7.7085e-01 [ 2.9647e-02 3.2971e-04 2.8226e-01 1.0723e-01 4.1931e-02 3.0945e-01 ] 0.0000e+00 [ 0.0000e+00 ] 2.2915e-01
 3.627e+00 7.7144e-01 7.7144e-01 [ 2.9341e-02 3.4835e-04 2.8441e-01 1.0700e-01 4.1895e-02 3.0844e-01 ] 0.0000e+00 [ 0.0000e+00 ] 2.2856e-01
 3.740e+00 7.7225e-01 7.7225e-01 [ 2.9075e-02 3.8866e-04 2.8720e-01 1.0660e-01 4.1901e-02 3.0709e-01 ] 0.0000e+00 [ 0.0000e+00 ] 2.2775e-01
 3.853e+00 7.7328e-01 7.7328e-01 [ 2.8820e-02 4.5209e-04 2.9056e-01 1.0603e-01 4.1954e-02 3.0546e-01 ] 0.0000e+00 [ 0.0000e+00 ] 2.2672e-01
 3.967e+00 7.7451e-01 7.7451e-01 [ 2.8554e-02 5.4184e-04 2.9443e-01 1.0528e-01 4.2062e-02 3.0364e-01 ] 0.0000e+00 [ 0.0000e+00 ] 2.2549e-01
 4.080e+00 7.7591e-01 7.7591e-01 [ 2.8258e-02 6.6311e-04 2.9866e-01 1.0435e-01 4.2231e-02 3.0175e-01 ] 0.0000e+00 [ 0.0000e+00 ] 2.2409e-01
 4.193e+00 7.7746e-01 7.7746e-01 [ 2.7917e-02 8.2373e-04 3.0306e-01 1.0322e-01 4.2468e-02 2.9997e-01 ] 0.0000e+00 [ 0.0000e+00 ] 2.2254e-01
 4.307e+00 7.7910e-01 7.7910e-01 [ 2.7520e-02 1.0352e-03 3.0737e-01 1.0189e-01 4.2779e-02 2.9851e-01 ] 0.0000e+00 [ 0.0000e+00 ] 2.2090e-01
 4.420e+00 7.8072e-01 7.8072e-01 [ 2.7061e-02 1.3144e-03 3.1124e-01 1.0034e-01 4.3169e-02 2.9760e-01 ] 0.0000e+00 [ 0.0000e+00 ] 2.1928e-01
 4.533e+00 7.8219e-01 7.8219e-01 [ 2.6539e-02 1.6868e-03 3.1422e-01 9.8552e-02 4.3636e-02 2.9756e-01 ] 0.0000e+00 [ 0.0000e+00 ] 2.1781e-01
 4.647e+00 7.8325e-01 7.8325e-01 [ 2.5964e-02 2.1911e-03 3.1571e-01 9.6504e-02 4.4172e-02 2.9870e-01 ] 0.0000e+00 [ 0.0000e+00 ] 2.1675e-01
 4.760e+00 7.8340e-01 7.8340e-01 [ 2.5354e-02 2.8876e-03 3.1494e-01 9.4141e-02 4.4743e-02 3.0133e-01 ] 0.0000e+00 [ 0.0000e+00 ] 2.1660e-01
 4.873e+00 7.8160e-01 7.8160e-01 [ 2.4739e-02 3.8694e-03 3.1081e-01 9.1342e-02 4.5273e-02 3.0557e-01 ] 0.0000e+00 [ 0.0000e+00 ] 2.1840e-01
 4.987e+00 7.7554e-01 7.7554e-01 [ 2.4141e-02 5.2744e-03 3.0171e-01 8.7839e-02 4.5584e-02 3.1100e-01 ] 0.0000e+00 [ 0.0000e+00 ] 2.2446e-01
 5.100e+00 7.6005e-01 7.6005e-01 [ 2.3531e-02 7.2827e-03 2.8513e-01 8.3057e-02 4.5287e-02 3.1576e-01 ] 0.0000e+00 [ 0.0000e+00 ] 2.3995e-01
 5.213e+00 7.2470e-01 7.2470e-01 [ 2.2729e-02 1.0047e-02 2.5744e-01 7.5916e-02 4.3624e-02 3.1494e-01 ] 0.0000e+00 [ 0.0000e+00 ] 2.7530e-01
 5.327e+00 6.5398e-01 6.5398e-01 [ 2.1310e-02 1.3476e-02 2.1520e-01 6.5027e-02 3.9488e-02 2.9948e-01 ] 0.0000e+00 [ 0.0000e+00 ] 3.4602e-01
 5.440e+00 5.4002e-01 5.4002e-01 [ 1.8853e-02 1.6982e-02 1.6068e-01 5.0197e-02 3.2305e-02 2.6100e-01 ] 0.0000e+00 [ 0.0000e+00 ] 4.5998e-01
 5.553e+00 4.0236e-01 4.0236e-01 [ 1.5564e-02 1.9760e-02 1.0589e-01 3.4192e-02 2.3391e-02 2.0357e-01 ] 0.0000e+00 [ 0.0000e+00 ] 5.9764e-01
 5.667e+00 2.7670e-01 2.7670e-01 [ 1.2249e-02 2.1536e-02 6.3454e-02 2.0835e-02 1.5200e-02 1.4343e-01 ] 0.0000e+00 [ 0.0000e+00 ] 7.2330e-01
 5.780e+00 1.8354e-01 1.8354e-01 [ 9.5162e-03 2.2634e-02 3.6545e-02 1.1736e-02 9.1599e-03 9.3946e-02 ] 0.0000e+00 [ 0.0000e+00 ] 8.1646e-01
 5.893e+00 1.2285e-01 1.2285e-01 [ 7.4835e-03 2.3483e-02 2.1450e-02 6.3018e-03 5.2798e-03 5.8854e-02 ] 0.0000e+00 [ 0.0000e+00 ] 8.7715e-01
 6.007e+00 8.6093e-02 8.6093e-02 [ 6.0096e-03 2.4345e-02 1.3465e-02 3.2974e-03 2.9752e-03 3.6002e-02 ] 0.0000e+00 [ 0.0000e+00 ] 9.1391e-01
 6.120e+00 6.4667e-02 6.4667e-02 [ 4.9172e-03 2.5308e-02 9.2814e-03 1.7042e-03 1.6612e-03 2.1795e-02 ] 0.0000e+00 [ 0.0000e+00 ] 9.3533e-01
 6.233e+00 5.2425e-02 5.2425e-02 [ 4.0734e-03 2.6358e-02 7.0200e-03 8.7677e-04 9.2615e-04 1.3170e-02 ] 0.0000e+00 [ 0.0000e+00 ] 9.4758e-01
 6.347e+00 4.5499e-02 4.5499e-02 [ 3.3945e-03 2.7438e-02 5.7101e-03 4.5104e-04 5.1776e-04 7.9877e-03 ] 0.0000e+00 [ 0.0000e+00 ] 9.5450e-01
 6.460e+00 4.1583e-02 4.1583e-02 [ 2.8316e-03 2.8472e-02 4.8734e-03 2.3256e-04 2.9089e-04 4.8819e-03 ] 0.0000e+00 [ 0.0000e+00 ] 9.5842e-01
 6.573e+00 3.9326e-02 3.9326e-02 [ 2.3564e-03 2.9392e-02 4.2778e-03 1.2034e-04 1.6441e-04 3.0158e-03 ] 0.0000e+00 [ 0.0000e+00 ] 9.6067e-01
 6.687e+00 3.7941e-02 3.7941e-02 [ 1.9520e-03 3.0134e-02 3.8113e-03 6.2538e-05 9.3529e-05 1.8878e-03 ] 0.0000e+00 [ 0.0000e+00 ] 9.6206e-01
 6.800e+00 3.6962e-02 3.6962e-02 [ 1.6074e-03 3.0649e-02 3.4197e-03 3.2645e-05 5.3553e-05 1.2000e-03 ] 0.0000e+00 [ 0.0000e+00 ] 9.6304e-01
 6.913e+00 3.6117e-02 3.6117e-02 [ 1.3146e-03 3.0902e-02 3.0763e-03 1.7120e-05 3.0860e-05 7.7584e-04 ] 0.0000e+00 [ 0.0000e+00 ] 9.6388e-01
 7.027e+00 3.5246e-02 3.5246e-02 [ 1.0672e-03 3.0873e-02 2.7676e-03 9.0194e-06 1.7894e-05 5.1077e-04 ] 0.0000e+00 [ 0.0000e+00 ] 9.6475e-01
 7.140e+00 3.4259e-02 3.4259e-02 [ 8.5958e-04 3.0555e-02 2.4866e-03 4.7736e-06 1.0437e-05 3.4257e-04 ] 0.0000e+00 [ 0.0000e+00 ] 9.6574e-01
 7.253e+00 3.3113e-02 3.3113e-02 [ 6.8679e-04 2.9954e-02 2.2296e-03 2.5379e-06 6.1221e-06 2.3403e-04 ] 0.0000e+00 [ 0.0000e+00 ] 9.6689e-01
 7.367e+00 3.1791e-02 3.1791e-02 [ 5.4418e-04 2.9085e-02 1.9941e-03 1.3554e-06 3.6105e-06 1.6272e-04 ] 0.0000e+00 [ 0.0000e+00 ] 9.6821e-01
 7.480e+00 3.0300e-02 3.0300e-02 [ 4.2753e-04 2.7976e-02 1.7786e-03 7.2710e-07 2.1402e-06 1.1499e-04 ] 0.0000e+00 [ 0.0000e+00 ] 9.6970e-01
 7.593e+00 2.8657e-02 2.8657e-02 [ 3.3297e-04 2.6659e-02 1.5816e-03 3.9182e-07 1.2748e-06 8.2453e-05 ] 0.0000e+00 [ 0.0000e+00 ] 9.7134e-01
 7.707e+00 2.6889e-02 2.6889e-02 [ 2.5703e-04 2.5169e-02 1.4021e-03 2.1211e-07 7.6289e-07 5.9878e-05 ] 0.0000e+00 [ 0.0000e+00 ] 9.7311e-01
 7.820e+00 2.5026e-02 2.5026e-02 [ 1.9663e-04 2.3546e-02 1.2390e-03 1.1536e-07 4.5856e-07 4.3956e-05 ] 0.0000e+00 [ 0.0000e+00 ] 9.7497e-01
 7.933e+00 2.3102e-02 2.3102e-02 [ 1.4904e-04 2.1828e-02 1.0912e-03 6.3038e-08 2.7679e-07 3.2559e-05 ] 0.0000e+00 [ 0.0000e+00 ] 9.7690e-01
 8.047e+00 2.1150e-02 2.1150e-02 [ 1.1191e-04 2.0055e-02 9.5772e-04 3.4618e-08 1.6775e-07 2.4297e-05 ] 0.0000e+00 [ 0.0000e+00 ] 9.7885e-01
 8.160e+00 1.9202e-02 1.9202e-02 [ 8.3235e-05 1.8263e-02 8.3763e-04 1.9108e-08 1.0205e-07 1.8240e-05 ] 0.0000e+00 [ 0.0000e+00 ] 9.8080e-01
 8.273e+00 1.7288e-02 1.7288e-02 [ 6.1308e-05 1.6483e-02 7.2994e-04 1.0603e-08 6.2309e-08 1.3760e-05 ] 0.0000e+00 [ 0.0000e+00 ] 9.8271e-01
 8.387e+00 1.5433e-02 1.5433e-02 [ 4.4713e-05 1.4744e-02 6.3371e-04 5.9156e-09 3.8174e-08 1.0421e-05 ] 0.0000e+00 [ 0.0000e+00 ] 9.8457e-01
 8.500e+00 1.3661e-02 1.3661e-02 [ 3.2286e-05 1.3072e-02 5.4804e-04 3.3195e-09 2.3463e-08 7.9174e-06 ] 0.0000e+00 [ 0.0000e+00 ] 9.8634e-01
 8.613e+00 1.1988e-02 1.1988e-02 [ 2.3077e-05 1.1487e-02 4.7207e-04 1.8738e-09 1.4465e-08 6.0309e-06 ] 0.0000e+00 [ 0.0000e+00 ] 9.8801e-01
 8.727e+00 1.0429e-02 1.0429e-02 [ 1.6325e-05 1.0003e-02 4.0496e-04 1.0643e-09 8.9426e-09 4.6037e-06 ] 0.0000e+00 [ 0.0000e+00 ] 9.8957e-01
 8.840e+00 8.9924e-03 8.9924e-03 [ 1.1430e-05 8.6315e-03 3.4593e-04 6.0835e-10 5.5431e-09 3.5205e-06 ] 0.0000e+00 [ 0.0000e+00 ] 9.9101e-01
 8.953e+00 7.6851e-03 7.6851e-03 [ 7.9186e-06 7.3802e-03 2.9422e-04 3.5004e-10 3.4441e-09 2.6963e-06 ] 0.0000e+00 [ 0.0000e+00 ] 9.9231e-01
 9.067e+00 6.5087e-03 6.5087e-03 [ 5.4282e-06 6.2521e-03 2.4912e-04 2.0277e-10 2.1446e-09 2.0677e-06 ] 0.0000e+00 [ 0.0000e+00 ] 9.9349e-01
 9.180e+00 5.4622e-03 5.4622e-03 [ 3.6815e-06 5.2469e-03 2.0997e-04 1.1828e-10 1.3381e-09 1.5875e-06 ] 0.0000e+00 [ 0.0000e+00 ] 9.9454e-01
 9.293e+00 4.5417e-03 4.5417e-03 [ 2.4702e-06 4.3618e-03 1.7615e-04 6.9476e-11 8.3637e-10 1.2201e-06 ] 0.0000e+00 [ 0.0000e+00 ] 9.9546e-01
 9.407e+00 3.7411e-03 3.7411e-03 [ 1.6396e-06 3.5915e-03 1.4707e-04 4.1101e-11 5.2358e-10 9.3853e-07 ] 0.0000e+00 [ 0.0000e+00 ] 9.9626e-01
 9.520e+00 3.0527e-03 3.0527e-03 [ 1.0766e-06 2.9287e-03 1.2219e-04 2.4489e-11 3.2821e-10 7.2257e-07 ] 0.0000e+00 [ 0.0000e+00 ] 9.9695e-01
 9.633e+00 2.4674e-03 2.4674e-03 [ 6.9930e-07 2.3651e-03 1.0101e-04 1.4694e-11 2.0598e-10 5.5673e-07 ] 0.0000e+00 [ 0.0000e+00 ] 9.9753e-01
 9.747e+00 1.9753e-03 1.9753e-03 [ 4.4932e-07 1.8913e-03 8.3082e-05 8.8792e-12 1.2939e-10 4.2926e-07 ] 0.0000e+00 [ 0.0000e+00 ] 9.9802e-01
 9.860e+00 1.5662e-03 1.5662e-03 [ 2.8559e-07 1.4976e-03 6.7984e-05 5.4024e-12 8.1344e-11 3.3118e-07 ] 0.0000e+00 [ 0.0000e+00 ] 9.9843e-01
 9.973e+00 1.2300e-03 1.2300e-03 [ 1.7957e-07 1.1742e-03 5.5340e-05 3.3091e-12 5.1169e-11 2.5567e-07 ] 0.0000e+00 [ 0.0000e+00 ] 9.9877e-01
 1.009e+01 9.5676e-04 9.5676e-04 [ 1.1169e-07 9.1164e-04 4.4809e-05 2.0400e-12 3.2201e-11 1.9749e-07 ] 0.0000e+00 [ 0.0000e+00 ] 9.9904e-01
 1.020e+01 7.3714e-04 7.3714e-04 [ 6.8730e-08 7.0083e-04 3.6090e-05 1.2653e-12 2.0269e-11 1.5262e-07 ] 0.0000e+00 [ 0.0000e+00 ] 9.9926e-01
 1.031e+01 5.6259e-04 5.6259e-04 [ 4.1844e-08 5.3352e-04 2.8911e-05 7.8944e-13 1.2760e-11 1.1800e-07 ] 0.0000e+00 [ 0.0000e+00 ] 9.9944e-01
 1.043e+01 4.2537e-04 4.2537e-04 [ 2.5206e-08 4.0222e-04 2.3035e-05 4.9523e-13 8.0331e-12 9.1274e-08 ] 0.0000e+00 [ 0.0000e+00 ] 9.9957e-01
 1.054e+01 3.1867e-04 3.1867e-04 [ 1.5024e-08 3.0033e-04 1.8254e-05 3.1224e-13 5.0563e-12 7.0629e-08 ] 0.0000e+00 [ 0.0000e+00 ] 9.9968e-01
 1.065e+01 2.3659e-04 2.3659e-04 [ 8.8620e-09 2.2214e-04 1.4387e-05 1.9778e-13 3.1818e-12 5.4673e-08 ] 0.0000e+00 [ 0.0000e+00 ] 9.9976e-01
 1.077e+01 1.7410e-04 1.7410e-04 [ 5.1733e-09 1.6277e-04 1.1277e-05 1.2581e-13 2.0015e-12 4.2336e-08 ] 0.0000e+00 [ 0.0000e+00 ] 9.9983e-01
 1.088e+01 1.2701e-04 1.2701e-04 [ 2.9892e-09 1.1819e-04 8.7920e-06 8.0329e-14 1.2584e-12 3.2792e-08 ] 0.0000e+00 [ 0.0000e+00 ] 9.9987e-01
 1.099e+01 9.1890e-05 9.1890e-05 [ 1.7097e-09 8.5046e-05 6.8172e-06 5.1463e-14 7.9082e-13 2.5407e-08 ] 0.0000e+00 [ 0.0000e+00 ] 9.9991e-01
 1.111e+01 6.5942e-05 6.5942e-05 [ 9.6810e-10 6.0664e-05 5.2574e-06 3.3066e-14 4.9666e-13 1.9690e-08 ] 0.0000e+00 [ 0.0000e+00 ] 9.9993e-01
 1.122e+01 4.6952e-05 4.6952e-05 [ 5.4276e-10 4.2903e-05 4.0328e-06 2.1299e-14 3.1171e-13 1.5263e-08 ] 0.0000e+00 [ 0.0000e+00 ] 9.9995e-01
 1.133e+01 3.3180e-05 3.3180e-05 [ 3.0133e-10 3.0091e-05 3.0769e-06 1.3749e-14 1.9549e-13 1.1834e-08 ] 0.0000e+00 [ 0.0000e+00 ] 9.9997e-01
 1.145e+01 2.3280e-05 2.3280e-05 [ 1.6568e-10 2.0936e-05 2.3353e-06 8.8905e-15 1.2251e-13 9.1770e-09 ] 0.0000e+00 [ 0.0000e+00 ] 9.9998e-01
 1.156e+01 1.6222e-05 1.6222e-05 [ 9.0227e-11 1.4452e-05 1.7631e-06 5.7568e-15 7.6712e-14 7.1179e-09 ] 0.0000e+00 [ 0.0000e+00 ] 9.9998e-01
 1.167e+01 1.1231e-05 1.1231e-05 [ 4.8677e-11 9.9010e-06 1.3242e-06 3.7316e-15 4.7995e-14 5.5217e-09 ] 0.0000e+00 [ 0.0000e+00 ] 9.9999e-01
 1.179e+01 7.7275e-06 7.7275e-06 [ 2.6018e-11 6.7336e-06 9.8954e-07 2.4207e-15 3.0002e-14 4.2841e-09 ] 0.0000e+00 [ 0.0000e+00 ] 9.9999e-01
 1.190e+01 5.2862e-06 5.2862e-06 [ 1.3780e-11 4.5472e-06 7.3572e-07 1.5710e-15 1.8738e-14 3.3244e-09 ] 0.0000e+00 [ 0.0000e+00 ] 9.9999e-01
 1.201e+01 3.5966e-06 3.5966e-06 [ 7.2327e-12 3.0497e-06 5.4429e-07 1.0197e-15 1.1693e-14 2.5800e-09 ] 0.0000e+00 [ 0.0000e+00 ] 1.0000e+00
 1.213e+01 2.4347e-06 2.4347e-06 [ 3.7628e-12 2.0320e-06 4.0070e-07 6.6187e-16 7.2899e-15 2.0026e-09 ] 0.0000e+00 [ 0.0000e+00 ] 1.0000e+00
 1.224e+01 1.6404e-06 1.6404e-06 [ 1.9405e-12 1.3453e-06 2.9358e-07 4.2948e-16 4.5407e-15 1.5546e-09 ] 0.0000e+00 [ 0.0000e+00 ] 1.0000e+00
 1.235e+01 1.1005e-06 1.1005e-06 [ 9.9218e-13 8.8518e-07 2.1408e-07 2.7855e-16 2.8258e-15 1.2069e-09 ] 0.0000e+00 [ 0.0000e+00 ] 1.0000e+00
 1.247e+01 7.3532e-07 7.3532e-07 [ 5.0303e-13 5.7899e-07 1.5539e-07 1.8055e-16 1.7569e-15 9.3708e-10 ] 0.0000e+00 [ 0.0000e+00 ] 1.0000e+00
 1.258e+01 4.8956e-07 4.8956e-07 [ 2.5292e-13 3.7655e-07 1.1228e-07 1.1693e-16 1.0914e-15 7.2766e-10 ] 0.0000e+00 [ 0.0000e+00 ] 1.0000e+00
 1.269e+01 3.2487e-07 3.2487e-07 [ 1.2613e-13 2.4353e-07 8.0774e-08 7.5650e-17 6.7734e-16 5.6509e-10 ] 0.0000e+00 [ 0.0000e+00 ] 1.0000e+00
 1.281e+01 2.1496e-07 2.1496e-07 [ 6.2398e-14 1.5666e-07 5.7857e-08 4.8891e-17 4.2000e-16 4.3888e-10 ] 0.0000e+00 [ 0.0000e+00 ] 1.0000e+00
 1.292e+01 1.4186e-07 1.4186e-07 [ 3.0626e-14 1.0025e-07 4.1269e-08 3.1559e-17 2.6020e-16 3.4088e-10 ] 0.0000e+00 [ 0.0000e+00 ] 1.0000e+00
 1.303e+01 9.3409e-08 9.3409e-08 [ 1.4916e-14 6.3829e-08 2.9316e-08 2.0344e-17 1.6106e-16 2.6479e-10 ] 0.0000e+00 [ 0.0000e+00 ] 1.0000e+00
 1.315e+01 6.1387e-08 6.1387e-08 [ 7.2091e-15 4.0439e-08 2.0742e-08 1.3097e-17 9.9602e-17 2.0569e-10 ] 0.0000e+00 [ 0.0000e+00 ] 1.0000e+00
 1.326e+01 4.0276e-08 4.0276e-08 [ 3.4584e-15 2.5497e-08 1.4620e-08 8.4188e-18 6.1545e-17 1.5980e-10 ] 0.0000e+00 [ 0.0000e+00 ] 1.0000e+00
 1.337e+01 2.6390e-08 2.6390e-08 [ 1.6470e-15 1.6000e-08 1.0266e-08 5.4035e-18 3.7996e-17 1.2415e-10 ] 0.0000e+00 [ 0.0000e+00 ] 1.0000e+00
 1.349e+01 1.7274e-08 1.7274e-08 [ 7.7869e-16 9.9945e-09 7.1830e-09 3.4629e-18 2.3438e-17 9.6465e-11 ] 0.0000e+00 [ 0.0000e+00 ] 1.0000e+00
 1.360e+01 1.1298e-08 1.1298e-08 [ 3.6557e-16 6.2149e-09 5.0084e-09 2.2158e-18 1.4446e-17 7.4955e-11 ] 0.0000e+00 [ 0.0000e+00 ] 1.0000e+00
 1.371e+01 7.3863e-09 7.3863e-09 [ 1.7044e-16 3.8475e-09 3.4805e-09 1.4156e-18 8.8967e-18 5.8245e-11 ] 0.0000e+00 [ 0.0000e+00 ] 1.0000e+00
 1.383e+01 4.8278e-09 4.8278e-09 [ 7.8928e-17 2.3715e-09 2.4110e-09 9.0301e-19 5.4745e-18 4.5263e-11 ] 0.0000e+00 [ 0.0000e+00 ] 1.0000e+00
 1.394e+01 3.1556e-09 3.1556e-09 [ 3.6307e-17 1.4555e-09 1.6650e-09 5.7521e-19 3.3660e-18 3.5176e-11 ] 0.0000e+00 [ 0.0000e+00 ] 1.0000e+00
 1.405e+01 2.0633e-09 2.0633e-09 [ 1.6593e-17 8.8945e-10 1.1465e-09 3.6591e-19 2.0680e-18 2.7338e-11 ] 0.0000e+00 [ 0.0000e+00 ] 1.0000e+00
 1.417e+01 1.3497e-09 1.3497e-09 [ 7.5349e-18 5.4128e-10 7.8722e-10 2.3250e-19 1.2695e-18 2.1247e-11 ] 0.0000e+00 [ 0.0000e+00 ] 1.0000e+00
 1.428e+01 8.8367e-10 8.8367e-10 [ 3.4002e-18 3.2803e-10 5.3913e-10 1.4759e-19 7.7875e-19 1.6514e-11 ] 0.0000e+00 [ 0.0000e+00 ] 1.0000e+00
 1.439e+01 5.7911e-10 5.7911e-10 [ 1.5250e-18 1.9797e-10 3.6830e-10 9.3623e-20 4.7733e-19 1.2836e-11 ] 0.0000e+00 [ 0.0000e+00 ] 1.0000e+00
 1.451e+01 3.7998e-10 3.7998e-10 [ 6.7990e-19 1.1900e-10 2.5100e-10 5.9378e-20 2.9236e-19 9.9776e-12 ] 0.0000e+00 [ 0.0000e+00 ] 1.0000e+00
 1.462e+01 2.4968e-10 2.4968e-10 [ 3.0134e-19 7.1234e-11 1.7069e-10 3.7671e-20 1.7894e-19 7.7559e-12 ] 0.0000e+00 [ 0.0000e+00 ] 1.0000e+00
 1.473e+01 1.6433e-10 1.6433e-10 [ 1.3279e-19 4.2472e-11 1.1583e-10 2.3926e-20 1.0943e-19 6.0291e-12 ] 0.0000e+00 [ 0.0000e+00 ] 1.0000e+00
 1.485e+01 1.0836e-10 1.0836e-10 [ 5.8189e-20 2.5221e-11 7.8455e-11 1.5227e-20 6.6880e-20 4.6869e-12 ] 0.0000e+00 [ 0.0000e+00 ] 1.0000e+00
 1.496e+01 7.1605e-11 7.1605e-11 [ 2.5359e-20 1.4918e-11 5.3044e-11 9.7247e-21 4.0844e-20 3.6437e-12 ] 0.0000e+00 [ 0.0000e+00 ] 1.0000e+00
 1.507e+01 4.7426e-11 4.7426e-11 [ 1.0992e-20 8.7890e-12 3.5804e-11 6.2425e-21 2.4925e-20 2.8327e-12 ] 0.0000e+00 [ 0.0000e+00 ] 1.0000e+00
 1.519e+01 3.1491e-11 3.1491e-11 [ 4.7395e-21 5.1577e-12 2.4131e-11 4.0365e-21 1.5200e-20 2.2023e-12 ] 0.0000e+00 [ 0.0000e+00 ] 1.0000e+00
 1.530e+01 2.0968e-11 2.0968e-11 [ 2.0331e-21 3.0149e-12 1.6241e-11 2.6362e-21 9.2633e-21 1.7122e-12 ] 0.0000e+00 [ 0.0000e+00 ] 1.0000e+00
 1.541e+01 1.4004e-11 1.4004e-11 [ 8.6774e-22 1.7555e-12 1.0917e-11 1.7443e-21 5.6413e-21 1.3312e-12 ] 0.0000e+00 [ 0.0000e+00 ] 1.0000e+00
 1.553e+01 9.3834e-12 9.3834e-12 [ 3.6855e-22 1.0182e-12 7.3301e-12 1.1734e-21 3.4332e-21 1.0350e-12 ] 0.0000e+00 [ 0.0000e+00 ] 1.0000e+00
 1.564e+01 6.3098e-12 6.3098e-12 [ 1.5578e-22 5.8830e-13 4.9167e-12 8.0517e-22 2.0880e-21 8.0477e-13 ] 0.0000e+00 [ 0.0000e+00 ] 1.0000e+00
 1.575e+01 4.2593e-12 4.2593e-12 [ 6.5536e-23 3.3861e-13 3.2950e-12 5.6535e-22 1.2690e-21 6.2574e-13 ] 0.0000e+00 [ 0.0000e+00 ] 1.0000e+00
 1.587e+01 2.8871e-12 2.8871e-12 [ 2.7444e-23 1.9415e-13 2.2064e-12 4.0707e-22 7.7078e-22 4.8655e-13 ] 0.0000e+00 [ 0.0000e+00 ] 1.0000e+00
 1.598e+01 1.9657e-12 1.9657e-12 [ 1.1441e-23 1.1090e-13 1.4764e-12 3.0084e-22 4.6787e-22 3.7832e-13 ] 0.0000e+00 [ 0.0000e+00 ] 1.0000e+00
 1.609e+01 1.3447e-12 1.3447e-12 [ 4.7490e-24 6.3107e-14 9.8739e-13 2.2806e-22 2.8383e-22 2.9418e-13 ] 0.0000e+00 [ 0.0000e+00 ] 1.0000e+00
 1.621e+01 9.2453e-13 9.2453e-13 [ 1.9628e-24 3.5776e-14 6.6000e-13 1.7702e-22 1.7208e-22 2.2875e-13 ] 0.0000e+00 [ 0.0000e+00 ] 1.0000e+00
 1.632e+01 6.3906e-13 6.3906e-13 [ 8.0781e-25 2.0206e-14 4.4097e-13 1.4026e-22 1.0427e-22 1.7788e-13 ] 0.0000e+00 [ 0.0000e+00 ] 1.0000e+00
 1.643e+01 4.4422e-13 4.4422e-13 [ 3.3111e-25 1.1370e-14 2.9453e-13 1.1307e-22 6.3154e-23 1.3832e-13 ] 0.0000e+00 [ 0.0000e+00 ] 1.0000e+00
 1.655e+01 3.1060e-13 3.1060e-13 [ 1.3518e-25 6.3742e-15 1.9666e-13 9.2406e-23 3.8231e-23 1.0757e-13 ] 0.0000e+00 [ 0.0000e+00 ] 1.0000e+00
 1.666e+01 2.1849e-13 2.1849e-13 [ 5.4971e-26 3.5603e-15 1.3128e-13 7.6313e-23 2.3134e-23 8.3648e-14 ] 0.0000e+00 [ 0.0000e+00 ] 1.0000e+00
 1.677e+01 1.5466e-13 1.5466e-13 [ 2.2269e-26 1.9814e-15 8.7627e-14 6.3506e-23 1.3994e-23 6.5050e-14 ] 0.0000e+00 [ 0.0000e+00 ] 1.0000e+00
 1.689e+01 1.1017e-13 1.1017e-13 [ 8.9877e-27 1.0987e-15 5.8481e-14 5.3129e-23 8.4631e-24 5.0587e-14 ] 0.0000e+00 [ 0.0000e+00 ] 1.0000e+00
 1.700e+01 7.8973e-14 7.8973e-14 [ 3.6142e-27 6.0701e-16 3.9026e-14 4.4602e-23 5.1175e-24 3.9340e-14 ] 0.0000e+00 [ 0.0000e+00 ] 1.0000e+00
 1.711e+01 5.6971e-14 5.6971e-14 [ 1.4482e-27 3.3417e-16 2.6043e-14 3.7519e-23 3.0945e-24 3.0594e-14 ] 0.0000e+00 [ 0.0000e+00 ] 1.0000e+00
 1.723e+01 4.1355e-14 4.1355e-14 [ 5.7825e-28 1.8331e-16 1.7378e-14 3.1589e-23 1.8716e-24 2.3793e-14 ] 0.0000e+00 [ 0.0000e+00 ] 1.0000e+00
 1.734e+01 3.0201e-14 3.0201e-14 [ 2.3011e-28 1.0020e-16 1.1597e-14 2.6597e-23 1.1324e-24 1.8504e-14 ] 0.0000e+00 [ 0.0000e+00 ] 1.0000e+00
 1.745e+01 2.2185e-14 2.2185e-14 [ 9.1263e-29 5.4575e-17 7.7395e-15 2.2382e-23 6.8570e-25 1.4390e-14 ] 0.0000e+00 [ 0.0000e+00 ] 1.0000e+00
 1.757e+01 1.6387e-14 1.6387e-14 [ 3.6078e-29 2.9622e-17 5.1654e-15 1.8816e-23 4.1565e-25 1.1192e-14 ] 0.0000e+00 [ 0.0000e+00 ] 1.0000e+00
 1.768e+01 1.2168e-14 1.2168e-14 [ 1.4217e-29 1.6023e-17 3.4477e-15 1.5795e-23 2.5234e-25 8.7040e-15 ] 0.0000e+00 [ 0.0000e+00 ] 1.0000e+00
 1.779e+01 9.0795e-15 9.0795e-15 [ 5.5847e-30 8.6367e-18 2.3015e-15 1.3238e-23 1.5352e-25 6.7694e-15 ] 0.0000e+00 [ 0.0000e+00 ] 1.0000e+00
 1.791e+01 6.8059e-15 6.8059e-15 [ 2.1871e-30 4.6395e-18 1.5365e-15 1.1074e-23 9.3660e-26 5.2648e-15 ] 0.0000e+00 [ 0.0000e+00 ] 1.0000e+00
 1.802e+01 5.1230e-15 5.1230e-15 [ 8.5395e-31 2.4838e-18 1.0259e-15 9.2458e-24 5.7350e-26 4.0946e-15 ] 0.0000e+00 [ 0.0000e+00 ] 1.0000e+00
 1.813e+01 3.8710e-15 3.8710e-15 [ 3.3245e-31 1.3253e-18 6.8509e-16 7.7030e-24 3.5280e-26 3.1846e-15 ] 0.0000e+00 [ 0.0000e+00 ] 1.0000e+00
 1.825e+01 2.9351e-15 2.9351e-15 [ 1.2905e-31 7.0474e-19 4.5756e-16 6.4037e-24 2.1830e-26 2.4768e-15 ] 0.0000e+00 [ 0.0000e+00 ] 1.0000e+00
 1.836e+01 2.2324e-15 2.2324e-15 [ 4.9957e-32 3.7351e-19 3.0564e-16 5.3116e-24 1.3605e-26 1.9264e-15 ] 0.0000e+00 [ 0.0000e+00 ] 1.0000e+00
 1.847e+01 1.7026e-15 1.7026e-15 [ 1.9285e-32 1.9731e-19 2.0419e-16 4.3957e-24 8.5521e-27 1.4982e-15 ] 0.0000e+00 [ 0.0000e+00 ] 1.0000e+00
 1.859e+01 1.3018e-15 1.3018e-15 [ 7.4245e-33 1.0389e-19 1.3643e-16 3.6293e-24 5.4310e-27 1.1653e-15 ] 0.0000e+00 [ 0.0000e+00 ] 1.0000e+00
 1.870e+01 9.9756e-16 9.9756e-16 [ 2.8508e-33 5.4523e-20 9.1174e-17 2.9895e-24 3.4897e-27 9.0633e-16 ] 0.0000e+00 [ 0.0000e+00 ] 1.0000e+00
 1.881e+01 7.6589e-16 7.6589e-16 [ 1.0918e-33 2.8522e-20 6.0940e-17 2.4567e-24 2.2720e-27 7.0492e-16 ] 0.0000e+00 [ 0.0000e+00 ] 1.0000e+00
 1.893e+01 5.8902e-16 5.8902e-16 [ 4.1705e-34 1.4873e-20 4.0738e-17 2.0140e-24 1.5006e-27 5.4827e-16 ] 0.0000e+00 [ 0.0000e+00 ] 1.0000e+00
 1.904e+01 4.5368e-16 4.5368e-16 [ 1.5892e-34 7.7312e-21 2.7238e-17 1.6472e-24 1.0063e-27 4.2644e-16 ] 0.0000e+00 [ 0.0000e+00 ] 1.0000e+00
 1.915e+01 3.4990e-16 3.4990e-16 [ 6.0405e-35 4.0060e-21 1.8215e-17 1.3440e-24 6.8541e-28 3.3168e-16 ] 0.0000e+00 [ 0.0000e+00 ] 1.0000e+00
 1.927e+01 2.7016e-16 2.7016e-16 [ 2.2905e-35 2.0693e-21 1.2183e-17 1.0940e-24 4.7417e-28 2.5798e-16 ] 0.0000e+00 [ 0.0000e+00 ] 1.0000e+00
 1.938e+01 2.0880e-16 2.0880e-16 [ 8.6649e-36 1.0656e-21 8.1503e-18 8.8838e-25 3.3298e-28 2.0065e-16 ] 0.0000e+00 [ 0.0000e+00 ] 1.0000e+00
 1.949e+01 1.6152e-16 1.6152e-16 [ 3.2703e-36 5.4706e-22 5.4536e-18 7.1970e-25 2.3716e-28 1.5607e-16 ] 0.0000e+00 [ 0.0000e+00 ] 1.0000e+00
 1.961e+01 1.2504e-16 1.2504e-16 [ 1.2315e-36 2.8000e-22 3.6499e-18 5.8166e-25 1.7112e-28 1.2139e-16 ] 0.0000e+00 [ 0.0000e+00 ] 1.0000e+00
 1.972e+01 9.6860e-17 9.6860e-17 [ 4.6268e-37 1.4287e-22 2.4433e-18 4.6900e-25 1.2493e-28 9.4416e-17 ] 0.0000e+00 [ 0.0000e+00 ] 1.0000e+00
 1.983e+01 7.5074e-17 7.5074e-17 [ 1.7345e-37 7.2686e-23 1.6360e-18 3.7726e-25 9.2167e-29 7.3438e-17 ] 0.0000e+00 [ 0.0000e+00 ] 1.0000e+00
 1.995e+01 5.8216e-17 5.8216e-17 [ 6.4884e-38 3.6869e-23 1.0957e-18 3.0276e-25 6.8645e-29 5.7120e-17 ] 0.0000e+00 [ 0.0000e+00 ] 1.0000e+00
 2.006e+01 4.5163e-17 4.5163e-17 [ 2.4220e-38 1.8646e-23 7.3408e-19 2.4240e-25 5.1568e-29 4.4429e-17 ] 0.0000e+00 [ 0.0000e+00 ] 1.0000e+00
 2.017e+01 3.5049e-17 3.5049e-17 [ 9.0217e-39 9.4029e-24 4.9194e-19 1.9363e-25 3.9052e-29 3.4557e-17 ] 0.0000e+00 [ 0.0000e+00 ] 1.0000e+00
 2.029e+01 2.7209e-17 2.7209e-17 [ 3.3536e-39 4.7279e-24 3.2978e-19 1.5431e-25 2.9805e-29 2.6879e-17 ] 0.0000e+00 [ 0.0000e+00 ] 1.0000e+00
 2.040e+01 2.1128e-17 2.1128e-17 [ 1.2441e-39 2.3705e-24 2.2114e-19 1.2270e-25 2.2928e-29 2.0907e-17 ] 0.0000e+00 [ 0.0000e+00 ] 1.0000e+00
 2.051e+01 1.6410e-17 1.6410e-17 [ 4.6061e-40 1.1851e-24 1.4835e-19 9.7336e-26 1.7783e-29 1.6262e-17 ] 0.0000e+00 [ 0.0000e+00 ] 1.0000e+00
 2.063e+01 1.2749e-17 1.2749e-17 [ 1.7020e-40 5.9083e-25 9.9557e-20 7.7042e-26 1.3917e-29 1.2649e-17 ] 0.0000e+00 [ 0.0000e+00 ] 1.0000e+00
 2.074e+01 9.9055e-18 9.9055e-18 [ 6.2768e-41 2.9373e-25 6.6839e-20 6.0841e-26 1.1000e-29 9.8387e-18 ] 0.0000e+00 [ 0.0000e+00 ] 1.0000e+00
 2.085e+01 7.6976e-18 7.6976e-18 [ 2.3104e-41 1.4563e-25 4.4893e-20 4.7940e-26 8.7900e-30 7.6528e-18 ] 0.0000e+00 [ 0.0000e+00 ] 1.0000e+00
 2.097e+01 5.9827e-18 5.9827e-18 [ 8.4885e-42 7.2000e-26 3.0167e-20 3.7690e-26 7.1107e-30 5.9525e-18 ] 0.0000e+00 [ 0.0000e+00 ] 1.0000e+00
 2.108e+01 4.6503e-18 4.6503e-18 [ 3.1129e-42 3.5501e-26 2.0281e-20 2.9567e-26 5.8299e-30 4.6300e-18 ] 0.0000e+00 [ 0.0000e+00 ] 1.0000e+00
 2.119e+01 3.6150e-18 3.6150e-18 [ 1.1395e-42 1.7457e-26 1.3642e-20 2.3143e-26 4.8492e-30 3.6014e-18 ] 0.0000e+00 [ 0.0000e+00 ] 1.0000e+00
 2.131e+01 2.8104e-18 2.8104e-18 [ 4.1635e-43 8.5616e-27 9.1808e-21 1.8076e-26 4.0949e-30 2.8013e-18 ] 0.0000e+00 [ 0.0000e+00 ] 1.0000e+00
 2.142e+01 2.1851e-18 2.1851e-18 [ 1.5186e-43 4.1878e-27 6.1819e-21 1.4088e-26 3.5117e-30 2.1789e-18 ] 0.0000e+00 [ 0.0000e+00 ] 1.0000e+00
 2.153e+01 1.6990e-18 1.6990e-18 [ 5.5294e-44 2.0430e-27 4.1650e-21 1.0956e-26 3.0577e-30 1.6948e-18 ] 0.0000e+00 [ 0.0000e+00 ] 1.0000e+00
 2.165e+01 1.3211e-18 1.3211e-18 [ 2.0098e-44 9.9407e-28 2.8077e-21 8.5023e-27 2.7016e-30 1.3183e-18 ] 0.0000e+00 [ 0.0000e+00 ] 1.0000e+00
 2.176e+01 1.0273e-18 1.0273e-18 [ 7.2928e-45 4.8245e-28 1.8938e-21 6.5843e-27 2.4195e-30 1.0254e-18 ] 0.0000e+00 [ 0.0000e+00 ] 1.0000e+00
 2.187e+01 7.9889e-19 7.9889e-19 [ 2.6418e-45 2.3354e-28 1.2781e-21 5.0884e-27 2.1935e-30 7.9761e-19 ] 0.0000e+00 [ 0.0000e+00 ] 1.0000e+00
 2.199e+01 6.2127e-19 6.2127e-19 [ 9.5542e-46 1.1277e-28 8.6311e-22 3.9243e-27 2.0100e-30 6.2041e-19 ] 0.0000e+00 [ 0.0000e+00 ] 1.0000e+00
 2.210e+01 4.8316e-19 4.8316e-19 [ 3.4496e-46 5.4314e-29 5.8318e-22 3.0203e-27 1.8587e-30 4.8258e-19 ] 0.0000e+00 [ 0.0000e+00 ] 1.0000e+00
 2.221e+01 3.7576e-19 3.7576e-19 [ 1.2435e-46 2.6095e-29 3.9427e-22 2.3200e-27 1.7321e-30 3.7537e-19 ] 0.0000e+00 [ 0.0000e+00 ] 1.0000e+00
 2.233e+01 2.9224e-19 2.9224e-19 [ 4.4755e-47 1.2506e-29 2.6669e-22 1.7785e-27 1.6241e-30 2.9197e-19 ] 0.0000e+00 [ 0.0000e+00 ] 1.0000e+00
 2.244e+01 2.2729e-19 2.2729e-19 [ 1.6082e-47 5.9790e-30 1.8049e-22 1.3607e-27 1.5304e-30 2.2711e-19 ] 0.0000e+00 [ 0.0000e+00 ] 1.0000e+00
 2.255e+01 1.7678e-19 1.7678e-19 [ 5.7698e-48 2.8515e-30 1.2221e-22 1.0391e-27 1.4477e-30 1.7665e-19 ] 0.0000e+00 [ 0.0000e+00 ] 1.0000e+00
 2.267e+01 1.3749e-19 1.3749e-19 [ 2.0669e-48 1.3567e-30 8.2791e-23 7.9202e-28 1.3736e-30 1.3741e-19 ] 0.0000e+00 [ 0.0000e+00 ] 1.0000e+00
 2.278e+01 1.0694e-19 1.0694e-19 [ 7.3930e-49 6.4395e-31 5.6108e-23 6.0259e-28 1.3061e-30 1.0688e-19 ] 0.0000e+00 [ 0.0000e+00 ] 1.0000e+00
 2.289e+01 8.3174e-20 8.3174e-20 [ 2.6404e-49 3.0493e-31 3.8039e-23 4.5766e-28 1.2438e-30 8.3136e-20 ] 0.0000e+00 [ 0.0000e+00 ] 1.0000e+00
 2.301e+01 6.4692e-20 6.4692e-20 [ 9.4161e-50 1.4405e-31 2.5798e-23 3.4700e-28 1.1858e-30 6.4666e-20 ] 0.0000e+00 [ 0.0000e+00 ] 1.0000e+00
 2.312e+01 5.0317e-20 5.0317e-20 [ 3.3530e-50 6.7894e-32 1.7501e-23 2.6266e-28 1.1313e-30 5.0300e-20 ] 0.0000e+00 [ 0.0000e+00 ] 1.0000e+00
 2.323e+01 3.9137e-20 3.9137e-20 [ 1.1923e-50 3.1926e-32 1.1875e-23 1.9852e-28 1.0796e-30 3.9125e-20 ] 0.0000e+00 [ 0.0000e+00 ] 1.0000e+00
 2.335e+01 3.0441e-20 3.0441e-20 [ 4.2334e-51 1.4978e-32 8.0588e-24 1.4983e-28 1.0304e-30 3.0433e-20 ] 0.0000e+00 [ 0.0000e+00 ] 1.0000e+00
 2.346e+01 2.3677e-20 2.3677e-20 [ 1.5010e-51 7.0114e-33 5.4697e-24 1.1294e-28 9.8335e-31 2.3671e-20 ] 0.0000e+00 [ 0.0000e+00 ] 1.0000e+00
 2.357e+01 1.8416e-20 1.8416e-20 [ 5.3147e-52 3.2746e-33 3.7127e-24 8.5034e-29 9.3818e-31 1.8412e-20 ] 0.0000e+00 [ 0.0000e+00 ] 1.0000e+00
 2.369e+01 1.4324e-20 1.4324e-20 [ 1.8792e-52 1.5260e-33 2.5200e-24 6.3966e-29 8.9473e-31 1.4322e-20 ] 0.0000e+00 [ 0.0000e+00 ] 1.0000e+00
 2.380e+01 1.1142e-20 1.1142e-20 [ 6.6353e-53 7.0957e-34 1.7104e-24 4.8086e-29 8.5290e-31 1.1140e-20 ] 0.0000e+00 [ 0.0000e+00 ] 1.0000e+00
 2.391e+01 8.6660e-21 8.6660e-21 [ 2.3397e-53 3.2922e-34 1.1608e-24 3.6136e-29 8.1257e-31 8.6648e-21 ] 0.0000e+00 [ 0.0000e+00 ] 1.0000e+00
 2.403e+01 6.7405e-21 6.7405e-21 [ 8.2393e-54 1.5241e-34 7.8770e-25 2.7157e-29 7.7369e-31 6.7397e-21 ] 0.0000e+00 [ 0.0000e+00 ] 1.0000e+00
 2.414e+01 5.2428e-21 5.2428e-21 [ 2.8976e-54 7.0410e-35 5.3441e-25 2.0420e-29 7.3618e-31 5.2423e-21 ] 0.0000e+00 [ 0.0000e+00 ] 1.0000e+00
 2.425e+01 4.0779e-21 4.0779e-21 [ 1.0177e-54 3.2458e-35 3.6248e-25 1.5371e-29 7.0003e-31 4.0775e-21 ] 0.0000e+00 [ 0.0000e+00 ] 1.0000e+00
 2.437e+01 3.1718e-21 3.1718e-21 [ 3.5696e-55 1.4931e-35 2.4580e-25 1.1591e-29 6.6518e-31 3.1716e-21 ] 0.0000e+00 [ 0.0000e+00 ] 1.0000e+00
 2.448e+01 2.4670e-21 2.4670e-21 [ 1.2505e-55 6.8540e-36 1.6663e-25 8.7632e-30 6.3161e-31 2.4669e-21 ] 0.0000e+00 [ 0.0000e+00 ] 1.0000e+00
 2.459e+01 1.9189e-21 1.9189e-21 [ 4.3750e-56 3.1398e-36 1.1292e-25 6.6493e-30 5.9929e-31 1.9188e-21 ] 0.0000e+00 [ 0.0000e+00 ] 1.0000e+00
 2.471e+01 1.4925e-21 1.4925e-21 [ 1.5287e-56 1.4354e-36 7.6503e-26 5.0691e-30 5.6821e-31 1.4924e-21 ] 0.0000e+00 [ 0.0000e+00 ] 1.0000e+00
 2.482e+01 1.1609e-21 1.1609e-21 [ 5.3350e-57 6.5484e-37 5.1812e-26 3.8877e-30 5.3834e-31 1.1608e-21 ] 0.0000e+00 [ 0.0000e+00 ] 1.0000e+00
 2.493e+01 9.0290e-22 9.0290e-22 [ 1.8596e-57 2.9815e-37 3.5078e-26 3.0036e-30 5.0965e-31 9.0287e-22 ] 0.0000e+00 [ 0.0000e+00 ] 1.0000e+00
 2.505e+01 7.0227e-22 7.0227e-22 [ 6.4737e-58 1.3547e-37 2.3742e-26 2.3411e-30 4.8213e-31 7.0224e-22 ] 0.0000e+00 [ 0.0000e+00 ] 1.0000e+00
 2.516e+01 5.4621e-22 5.4621e-22 [ 2.2510e-58 6.1435e-38 1.6064e-26 1.8435e-30 4.5575e-31 5.4620e-22 ] 0.0000e+00 [ 0.0000e+00 ] 1.0000e+00
 2.527e+01 4.2483e-22 4.2483e-22 [ 7.8174e-59 2.7805e-38 1.0866e-26 1.4685e-30 4.3049e-31 4.2482e-22 ] 0.0000e+00 [ 0.0000e+00 ] 1.0000e+00
 2.539e+01 3.3042e-22 3.3042e-22 [ 2.7117e-59 1.2560e-38 7.3487e-27 1.1847e-30 4.0632e-31 3.3042e-22 ] 0.0000e+00 [ 0.0000e+00 ] 1.0000e+00
 2.550e+01 2.5699e-22 2.5699e-22 [ 9.3953e-60 5.6623e-39 4.9688e-27 9.6862e-31 3.8322e-31 2.5699e-22 ] 0.0000e+00 [ 0.0000e+00 ] 1.0000e+00
 2.561e+01 1.9988e-22 1.9988e-22 [ 3.2514e-60 2.5478e-39 3.3592e-27 8.0297e-31 3.6117e-31 1.9988e-22 ] 0.0000e+00 [ 0.0000e+00 ] 1.0000e+00
 2.573e+01 1.5546e-22 1.5546e-22 [ 1.1239e-60 1.1443e-39 2.2709e-27 6.7483e-31 3.4012e-31 1.5546e-22 ] 0.0000e+00 [ 0.0000e+00 ] 1.0000e+00
 2.584e+01 1.2091e-22 1.2091e-22 [ 3.8806e-61 5.1293e-40 1.5351e-27 5.7468e-31 3.2007e-31 1.2091e-22 ] 0.0000e+00 [ 0.0000e+00 ] 1.0000e+00
 2.595e+01 9.4038e-23 9.4038e-23 [ 1.3383e-61 2.2950e-40 1.0378e-27 4.9547e-31 3.0097e-31 9.4037e-23 ] 0.0000e+00 [ 0.0000e+00 ] 1.0000e+00
 2.607e+01 7.3137e-23 7.3137e-23 [ 4.6106e-62 1.0249e-40 7.0171e-28 4.3197e-31 2.8280e-31 7.3136e-23 ] 0.0000e+00 [ 0.0000e+00 ] 1.0000e+00
 2.618e+01 5.6882e-23 5.6882e-23 [ 1.5866e-62 4.5690e-41 4.7456e-28 3.8034e-31 2.6553e-31 5.6881e-23 ] 0.0000e+00 [ 0.0000e+00 ] 1.0000e+00
 2.629e+01 4.4239e-23 4.4239e-23 [ 5.4536e-63 2.0331e-41 3.2104e-28 3.3773e-31 2.4914e-31 4.4238e-23 ] 0.0000e+00 [ 0.0000e+00 ] 1.0000e+00
 2.641e+01 3.4406e-23 3.4406e-23 [ 1.8725e-63 9.0303e-42 2.1726e-28 3.0203e-31 2.3358e-31 3.4405e-23 ] 0.0000e+00 [ 0.0000e+00 ] 1.0000e+00
 2.652e+01 2.6758e-23 2.6758e-23 [ 6.4226e-64 4.0038e-42 1.4711e-28 2.7169e-31 2.1884e-31 2.6758e-23 ] 0.0000e+00 [ 0.0000e+00 ] 1.0000e+00
 2.663e+01 2.0810e-23 2.0810e-23 [ 2.2005e-64 1.7720e-42 9.9657e-29 2.4555e-31 2.0487e-31 2.0810e-23 ] 0.0000e+00 [ 0.0000e+00 ] 1.0000e+00
 2.675e+01 1.6184e-23 1.6184e-23 [ 7.5315e-65 7.8292e-43 6.7557e-29 2.2275e-31 1.9166e-31 1.6184e-23 ] 0.0000e+00 [ 0.0000e+00 ] 1.0000e+00
 2.686e+01 1.2587e-23 1.2587e-23 [ 2.5750e-65 3.4531e-43 4.5829e-29 2.0264e-31 1.7917e-31 1.2587e-23 ] 0.0000e+00 [ 0.0000e+00 ] 1.0000e+00
 2.697e+01 9.7886e-24 9.7886e-24 [ 8.7948e-66 1.5204e-43 3.1114e-29 1.8474e-31 1.6738e-31 9.7886e-24 ] 0.0000e+00 [ 0.0000e+00 ] 1.0000e+00
 2.709e+01 7.6126e-24 7.6126e-24 [ 3.0007e-66 6.6826e-44 2.1142e-29 1.6868e-31 1.5625e-31 7.6126e-24 ] 0.0000e+00 [ 0.0000e+00 ] 1.0000e+00
 2.720e+01 5.9203e-24 5.9203e-24 [ 1.0228e-66 2.9323e-44 1.4380e-29 1.5418e-31 1.4575e-31 5.9203e-24 ] 0.0000e+00 [ 0.0000e+00 ] 1.0000e+00
 2.731e+01 4.6041e-24 4.6041e-24 [ 3.4825e-67 1.2845e-44 9.7899e-30 1.4103e-31 1.3586e-31 4.6041e-24 ] 0.0000e+00 [ 0.0000e+00 ] 1.0000e+00
 2.743e+01 3.5806e-24 3.5806e-24 [ 1.1846e-67 5.6178e-45 6.6721e-30 1.2905e-31 1.2656e-31 3.5806e-24 ] 0.0000e+00 [ 0.0000e+00 ] 1.0000e+00
 2.754e+01 2.7846e-24 2.7846e-24 [ 4.0255e-68 2.4529e-45 4.5523e-30 1.1810e-31 1.1780e-31 2.7846e-24 ] 0.0000e+00 [ 0.0000e+00 ] 1.0000e+00
 2.765e+01 2.1655e-24 2.1655e-24 [ 1.3666e-68 1.0692e-45 3.1097e-30 1.0808e-31 1.0958e-31 2.1655e-24 ] 0.0000e+00 [ 0.0000e+00 ] 1.0000e+00
 2.777e+01 1.6841e-24 1.6841e-24 [ 4.6348e-69 4.6535e-46 2.1268e-30 9.8884e-32 1.0186e-31 1.6841e-24 ] 0.0000e+00 [ 0.0000e+00 ] 1.0000e+00
 2.788e+01 1.3097e-24 1.3097e-24 [ 1.5704e-69 2.0221e-46 1.4566e-30 9.0444e-32 9.4614e-32 1.3097e-24 ] 0.0000e+00 [ 0.0000e+00 ] 1.0000e+00
 2.799e+01 1.0186e-24 1.0186e-24 [ 5.3157e-70 8.7724e-47 9.9898e-31 8.2689e-32 8.7823e-32 1.0186e-24 ] 0.0000e+00 [ 0.0000e+00 ] 1.0000e+00
 2.811e+01 7.9215e-25 7.9215e-25 [ 1.7977e-70 3.7999e-47 6.8622e-31 7.5563e-32 8.1463e-32 7.9215e-25 ] 0.0000e+00 [ 0.0000e+00 ] 1.0000e+00
 2.822e+01 6.1606e-25 6.1606e-25 [ 6.0736e-71 1.6434e-47 4.7221e-31 6.9013e-32 7.5512e-32 6.1606e-25 ] 0.0000e+00 [ 0.0000e+00 ] 1.0000e+00
 2.833e+01 4.7912e-25 4.7912e-25 [ 2.0501e-71 7.0967e-48 3.2559e-31 6.2995e-32 6.9946e-32 4.7912e-25 ] 0.0000e+00 [ 0.0000e+00 ] 1.0000e+00
 2.845e+01 3.7263e-25 3.7263e-25 [ 6.9137e-72 3.0599e-48 2.2501e-31 5.7466e-32 6.4746e-32 3.7263e-25 ] 0.0000e+00 [ 0.0000e+00 ] 1.0000e+00
 2.856e+01 2.8981e-25 2.8981e-25 [ 2.3294e-72 1.3174e-48 1.5593e-31 5.2389e-32 5.9892e-32 2.8981e-25 ] 0.0000e+00 [ 0.0000e+00 ] 1.0000e+00
 2.867e+01 2.2540e-25 2.2540e-25 [ 7.8413e-73 5.6634e-49 1.0840e-31 4.7728e-32 5.5363e-32 2.2540e-25 ] 0.0000e+00 [ 0.0000e+00 ] 1.0000e+00
 2.879e+01 1.7532e-25 1.7532e-25 [ 2.6372e-73 2.4310e-49 7.5652e-32 4.3453e-32 5.1142e-32 1.7532e-25 ] 0.0000e+00 [ 0.0000e+00 ] 1.0000e+00
 2.890e+01 1.3636e-25 1.3636e-25 [ 8.8616e-74 1.0420e-49 5.3042e-32 3.9534e-32 4.7210e-32 1.3636e-25 ] 0.0000e+00 [ 0.0000e+00 ] 1.0000e+00
 2.901e+01 1.0607e-25 1.0607e-25 [ 2.9751e-74 4.4601e-50 3.7398e-32 3.5944e-32 4.3551e-32 1.0607e-25 ] 0.0000e+00 [ 0.0000e+00 ] 1.0000e+00
 2.913e+01 8.2507e-26 8.2507e-26 [ 9.9796e-75 1.9063e-50 2.6545e-32 3.2657e-32 4.0149e-32 8.2506e-26 ] 0.0000e+00 [ 0.0000e+00 ] 1.0000e+00
 2.924e+01 6.4182e-26 6.4182e-26 [ 3.3446e-75 8.1359e-51 1.8992e-32 2.9650e-32 3.6987e-32 6.4182e-26 ] 0.0000e+00 [ 0.0000e+00 ] 1.0000e+00
 2.935e+01 4.9930e-26 4.9930e-26 [ 1.1200e-75 3.4676e-51 1.3714e-32 2.6901e-32 3.4051e-32 4.9930e-26 ] 0.0000e+00 [ 0.0000e+00 ] 1.0000e+00
 2.947e+01 3.8845e-26 3.8845e-26 [ 3.7473e-76 1.4758e-51 1.0010e-32 2.4389e-32 3.1327e-32 3.8845e-26 ] 0.0000e+00 [ 0.0000e+00 ] 1.0000e+00
 2.958e+01 3.0223e-26 3.0223e-26 [ 1.2527e-76 6.2728e-52 7.3950e-33 2.2097e-32 2.8801e-32 3.0223e-26 ] 0.0000e+00 [ 0.0000e+00 ] 1.0000e+00
 2.969e+01 2.3516e-26 2.3516e-26 [ 4.1844e-77 2.6625e-52 5.5359e-33 2.0006e-32 2.6462e-32 2.3516e-26 ] 0.0000e+00 [ 0.0000e+00 ] 1.0000e+00
 2.981e+01 1.8299e-26 1.8299e-26 [ 1.3966e-77 1.1286e-52 4.2034e-33 1.8100e-32 2.4296e-32 1.8299e-26 ] 0.0000e+00 [ 0.0000e+00 ] 1.0000e+00
 2.992e+01 1.4241e-26 1.4241e-26 [ 4.6573e-78 4.7774e-53 3.2389e-33 1.6364e-32 2.2293e-32 1.4241e-26 ] 0.0000e+00 [ 0.0000e+00 ] 1.0000e+00
 3.003e+01 1.1084e-26 1.1084e-26 [ 1.5519e-78 2.0197e-53 2.5330e-33 1.4784e-32 2.0441e-32 1.1084e-26 ] 0.0000e+00 [ 0.0000e+00 ] 1.0000e+00
 3.015e+01 8.6273e-27 8.6273e-27 [ 5.1672e-79 8.5270e-54 2.0099e-33 1.3348e-32 1.8730e-32 8.6272e-27 ] 0.0000e+00 [ 0.0000e+00 ] 1.0000e+00
 3.026e+01 6.7161e-27 6.7161e-27 [ 1.7191e-79 3.5954e-54 1.6167e-33 1.2043e-32 1.7152e-32 6.7160e-27 ] 0.0000e+00 [ 0.0000e+00 ] 1.0000e+00
 3.037e+01 5.2289e-27 5.2289e-27 [ 5.7149e-80 1.5140e-54 1.3168e-33 1.0857e-32 1.5696e-32 5.2289e-27 ] 0.0000e+00 [ 0.0000e+00 ] 1.0000e+00
 3.049e+01 4.0716e-27 4.0716e-27 [ 1.8984e-80 6.3673e-55 1.0847e-33 9.7819e-33 1.4354e-32 4.0716e-27 ] 0.0000e+00 [ 0.0000e+00 ] 1.0000e+00
 3.060e+01 3.1709e-27 3.1709e-27 [ 6.3015e-81 2.6744e-55 9.0217e-34 8.8070e-33 1.3118e-32 3.1709e-27 ] 0.0000e+00 [ 0.0000e+00 ] 1.0000e+00
 3.071e+01 2.4698e-27 2.4698e-27 [ 2.0901e-81 1.1219e-55 7.5657e-34 7.9237e-33 1.1981e-32 2.4698e-27 ] 0.0000e+00 [ 0.0000e+00 ] 1.0000e+00
 3.083e+01 1.9241e-27 1.9241e-27 [ 6.9275e-82 4.7004e-56 6.3880e-34 7.1241e-33 1.0935e-32 1.9241e-27 ] 0.0000e+00 [ 0.0000e+00 ] 1.0000e+00
 3.094e+01 1.4992e-27 1.4992e-27 [ 2.2944e-82 1.9669e-56 5.4236e-34 6.4008e-33 9.9738e-33 1.4992e-27 ] 0.0000e+00 [ 0.0000e+00 ] 1.0000e+00
 3.105e+01 1.1684e-27 1.1684e-27 [ 7.5937e-83 8.2199e-57 4.6250e-34 5.7470e-33 9.0913e-33 1.1684e-27 ] 0.0000e+00 [ 0.0000e+00 ] 1.0000e+00
 3.117e+01 9.1079e-28 9.1079e-28 [ 2.5114e-83 3.4310e-57 3.9575e-34 5.1565e-33 8.2815e-33 9.1078e-28 ] 0.0000e+00 [ 0.0000e+00 ] 1.0000e+00
 3.128e+01 7.1013e-28 7.1013e-28 [ 8.3002e-84 1.4304e-57 3.3952e-34 4.6234e-33 7.5389e-33 7.1012e-28 ] 0.0000e+00 [ 0.0000e+00 ] 1.0000e+00
 3.139e+01 5.5381e-28 5.5381e-28 [ 2.7413e-84 5.9558e-58 2.9183e-34 4.1427e-33 6.8584e-33 5.5380e-28 ] 0.0000e+00 [ 0.0000e+00 ] 1.0000e+00
 3.151e+01 4.3201e-28 4.3201e-28 [ 9.0475e-85 2.4769e-58 2.5118e-34 3.7094e-33 6.2353e-33 4.3200e-28 ] 0.0000e+00 [ 0.0000e+00 ] 1.0000e+00
 3.162e+01 3.3710e-28 3.3710e-28 [ 2.9840e-85 1.0288e-58 2.1639e-34 3.3192e-33 5.6652e-33 3.3709e-28 ] 0.0000e+00 [ 0.0000e+00 ] 1.0000e+00
 3.173e+01 2.6311e-28 2.6311e-28 [ 9.8353e-86 4.2682e-59 1.8652e-34 2.9681e-33 5.1439e-33 2.6310e-28 ] 0.0000e+00 [ 0.0000e+00 ] 1.0000e+00
 3.185e+01 2.0543e-28 2.0543e-28 [ 3.2396e-86 1.7686e-59 1.6082e-34 2.6523e-33 4.6675e-33 2.0542e-28 ] 0.0000e+00 [ 0.0000e+00 ] 1.0000e+00
 3.196e+01 1.6044e-28 1.6044e-28 [ 1.0664e-86 7.3197e-60 1.3867e-34 2.3685e-33 4.2325e-33 1.6044e-28 ] 0.0000e+00 [ 0.0000e+00 ] 1.0000e+00
 3.207e+01 1.2535e-28 1.2535e-28 [ 3.5079e-87 3.0257e-60 1.1955e-34 2.1136e-33 3.8356e-33 1.2535e-28 ] 0.0000e+00 [ 0.0000e+00 ] 1.0000e+00
 3.219e+01 9.7974e-29 9.7974e-29 [ 1.1532e-87 1.2492e-60 1.0304e-34 1.8850e-33 3.4737e-33 9.7969e-29 ] 0.0000e+00 [ 0.0000e+00 ] 1.0000e+00
 3.230e+01 7.6606e-29 7.6606e-29 [ 3.7888e-88 5.1516e-61 8.8771e-35 1.6799e-33 3.1440e-33 7.6601e-29 ] 0.0000e+00 [ 0.0000e+00 ] 1.0000e+00
 3.241e+01 5.9923e-29 5.9923e-29 [ 1.2440e-88 2.1219e-61 7.6446e-35 1.4962e-33 2.8437e-33 5.9919e-29 ] 0.0000e+00 [ 0.0000e+00 ] 1.0000e+00
 3.253e+01 4.6895e-29 4.6895e-29 [ 4.0821e-89 8.7291e-62 6.5796e-35 1.3316e-33 2.5705e-33 4.6891e-29 ] 0.0000e+00 [ 0.0000e+00 ] 1.0000e+00
 3.264e+01 3.6716e-29 3.6716e-29 [ 1.3387e-89 3.5868e-62 5.6597e-35 1.1844e-33 2.3220e-33 3.6713e-29 ] 0.0000e+00 [ 0.0000e+00 ] 1.0000e+00
 3.275e+01 2.8761e-29 2.8761e-29 [ 4.3876e-90 1.4721e-62 4.8653e-35 1.0527e-33 2.0962e-33 2.8758e-29 ] 0.0000e+00 [ 0.0000e+00 ] 1.0000e+00
 3.287e+01 2.2542e-29 2.2542e-29 [ 1.4372e-90 6.0342e-63 4.1797e-35 9.3511e-34 1.8912e-33 2.2539e-29 ] 0.0000e+00 [ 0.0000e+00 ] 1.0000e+00
 3.298e+01 1.7678e-29 1.7678e-29 [ 4.7048e-91 2.4706e-63 3.5883e-35 8.3008e-34 1.7052e-33 1.7675e-29 ] 0.0000e+00 [ 0.0000e+00 ] 1.0000e+00
 3.309e+01 1.3871e-29 1.3871e-29 [ 1.5393e-91 1.0103e-63 3.0784e-35 7.3636e-34 1.5365e-33 1.3869e-29 ] 0.0000e+00 [ 0.0000e+00 ] 1.0000e+00
 3.321e+01 1.0892e-29 1.0892e-29 [ 5.0333e-92 4.1265e-64 2.6391e-35 6.5279e-34 1.3836e-33 1.0890e-29 ] 0.0000e+00 [ 0.0000e+00 ] 1.0000e+00
 3.332e+01 8.5583e-30 8.5583e-30 [ 1.6449e-92 1.6834e-64 2.2608e-35 5.7833e-34 1.2451e-33 8.5564e-30 ] 0.0000e+00 [ 0.0000e+00 ] 1.0000e+00
 3.343e+01 6.7297e-30 6.7297e-30 [ 5.3728e-93 6.8594e-65 1.9353e-35 5.1202e-34 1.1198e-33 6.7280e-30 ] 0.0000e+00 [ 0.0000e+00 ] 1.0000e+00
 3.355e+01 5.2961e-30 5.2961e-30 [ 1.7539e-93 2.7916e-65 1.6555e-35 4.5303e-34 1.0065e-33 5.2946e-30 ] 0.0000e+00 [ 0.0000e+00 ] 1.0000e+00
 3.366e+01 4.1715e-30 4.1715e-30 [ 5.7225e-94 1.1347e-65 1.4151e-35 4.0057e-34 9.0404e-34 4.1702e-30 ] 0.0000e+00 [ 0.0000e+00 ] 1.0000e+00
 3.377e+01 3.2889e-30 3.2889e-30 [ 1.8661e-94 4.6070e-66 1.2087e-35 3.5395e-34 8.1153e-34 3.2877e-30 ] 0.0000e+00 [ 0.0000e+00 ] 1.0000e+00
 3.389e+01 2.5957e-30 2.5957e-30 [ 6.0819e-95 1.8681e-66 1.0316e-35 3.1256e-34 7.2803e-34 2.5946e-30 ] 0.0000e+00 [ 0.0000e+00 ] 1.0000e+00
 3.400e+01 2.0509e-30 2.0509e-30 [ 1.9812e-95 7.5662e-67 8.7983e-36 2.7582e-34 6.5272e-34 2.0499e-30 ] 0.0000e+00 [ 0.0000e+00 ] 1.0000e+00
 3.411e+01 1.6224e-30 1.6224e-30 [ 6.4503e-96 3.0607e-67 7.4981e-36 2.4325e-34 5.8483e-34 1.6216e-30 ] 0.0000e+00 [ 0.0000e+00 ] 1.0000e+00
 3.423e+01 1.2852e-30 1.2852e-30 [ 2.0990e-96 1.2366e-67 6.3852e-36 2.1439e-34 5.2368e-34 1.2844e-30 ] 0.0000e+00 [ 0.0000e+00 ] 1.0000e+00
 3.434e+01 1.0195e-30 1.0195e-30 [ 6.8266e-97 4.9902e-68 5.4334e-36 1.8883e-34 4.6863e-34 1.0189e-30 ] 0.0000e+00 [ 0.0000e+00 ] 1.0000e+00
 3.445e+01 8.1014e-31 8.1014e-31 [ 2.2192e-97 2.0113e-68 4.6200e-36 1.6621e-34 4.1910e-34 8.0955e-31 ] 0.0000e+00 [ 0.0000e+00 ] 1.0000e+00
 3.457e+01 6.4490e-31 6.4490e-31 [ 7.2101e-98 8.0967e-69 3.9254e-36 1.4620e-34 3.7458e-34 6.4438e-31 ] 0.0000e+00 [ 0.0000e+00 ] 1.0000e+00
 3.468e+01 5.1438e-31 5.1438e-31 [ 2.3414e-98 3.2555e-69 3.3327e-36 1.2852e-34 3.3458e-34 5.1392e-31 ] 0.0000e+00 [ 0.0000e+00 ] 1.0000e+00
 3.479e+01 4.1117e-31 4.1117e-31 [ 7.5997e-99 1.3073e-69 2.8274e-36 1.1291e-34 2.9867e-34 4.1076e-31 ] 0.0000e+00 [ 0.0000e+00 ] 1.0000e+00
 3.491e+01 3.2946e-31 3.2946e-31 [ 2.4654e-99 5.2436e-70 2.3969e-36 9.9129e-35 2.6645e-34 3.2910e-31 ] 0.0000e+00 [ 0.0000e+00 ] 1.0000e+00
 3.502e+01 2.6469e-31 2.6469e-31 [ 7.9942e-100 2.1006e-70 2.0304e-36 8.6975e-35 2.3756e-34 2.6436e-31 ] 0.0000e+00 [ 0.0000e+00 ] 1.0000e+00
 3.513e+01 2.1327e-31 2.1327e-31 [ 2.5908e-100 8.4050e-71 1.7186e-36 7.6263e-35 2.1167e-34 2.1298e-31 ] 0.0000e+00 [ 0.0000e+00 ] 1.0000e+00
 3.525e+01 1.7239e-31 1.7239e-31 [ 8.3923e-101 3.3589e-71 1.4537e-36 6.6827e-35 1.8849e-34 1.7213e-31 ] 0.0000e+00 [ 0.0000e+00 ] 1.0000e+00
 3.536e+01 1.3983e-31 1.3983e-31 [ 2.7171e-101 1.3407e-71 1.2286e-36 5.8522e-35 1.6774e-34 1.3960e-31 ] 0.0000e+00 [ 0.0000e+00 ] 1.0000e+00
 3.547e+01 1.1384e-31 1.1384e-31 [ 8.7926e-102 5.3450e-72 1.0376e-36 5.1216e-35 1.4918e-34 1.1364e-31 ] 0.0000e+00 [ 0.0000e+00 ] 1.0000e+00
 3.559e+01 9.3066e-32 9.3066e-32 [ 2.8439e-102 2.1283e-72 8.7566e-37 4.4794e-35 1.3260e-34 9.2888e-32 ] 0.0000e+00 [ 0.0000e+00 ] 1.0000e+00
 3.570e+01 7.6414e-32 7.6414e-32 [ 9.1936e-103 8.4646e-73 7.3842e-37 3.9153e-35 1.1779e-34 7.6256e-32 ] 0.0000e+00 [ 0.0000e+00 ] 1.0000e+00
 3.581e+01 6.3033e-32 6.3033e-32 [ 2.9706e-103 3.3625e-73 6.2222e-37 3.4200e-35 1.0457e-34 6.2894e-32 ] 0.0000e+00 [ 0.0000e+00 ] 1.0000e+00
 3.593e+01 5.2252e-32 5.2252e-32 [ 9.5936e-104 1.3341e-73 5.2392e-37 2.9855e-35 9.2773e-35 5.2129e-32 ] 0.0000e+00 [ 0.0000e+00 ] 1.0000e+00
 3.604e+01 4.3538e-32 4.3538e-32 [ 3.0967e-104 5.2871e-74 4.4081e-37 2.6046e-35 8.2259e-35 4.3429e-32 ] 0.0000e+00 [ 0.0000e+00 ] 1.0000e+00
 3.615e+01 3.6471e-32 3.6471e-32 [ 9.9909e-105 2.0928e-74 3.7061e-37 2.2708e-35 7.2893e-35 3.6375e-32 ] 0.0000e+00 [ 0.0000e+00 ] 1.0000e+00
 3.627e+01 3.0720e-32 3.0720e-32 [ 3.2217e-105 8.2747e-75 3.1135e-37 1.9786e-35 6.4554e-35 3.0635e-32 ] 0.0000e+00 [ 0.0000e+00 ] 1.0000e+00
 3.638e+01 2.6020e-32 2.6020e-32 [ 1.0384e-105 3.2679e-75 2.6137e-37 1.7229e-35 5.7134e-35 2.5945e-32 ] 0.0000e+00 [ 0.0000e+00 ] 1.0000e+00
 3.649e+01 2.2163e-32 2.2163e-32 [ 3.3450e-106 1.2891e-75 2.1925e-37 1.4993e-35 5.0536e-35 2.2097e-32 ] 0.0000e+00 [ 0.0000e+00 ] 1.0000e+00
 3.661e+01 1.8983e-32 1.8983e-32 [ 1.0770e-106 5.0799e-76 1.8378e-37 1.3039e-35 4.4674e-35 1.8925e-32 ] 0.0000e+00 [ 0.0000e+00 ] 1.0000e+00
 3.672e+01 1.6349e-32 1.6349e-32 [ 3.4658e-107 1.9995e-76 1.5393e-37 1.1332e-35 3.9467e-35 1.6298e-32 ] 0.0000e+00 [ 0.0000e+00 ] 1.0000e+00
 3.683e+01 1.4156e-32 1.4156e-32 [ 1.1148e-107 7.8622e-77 1.2883e-37 9.8430e-36 3.4846e-35 1.4111e-32 ] 0.0000e+00 [ 0.0000e+00 ] 1.0000e+00
 3.695e+01 1.2320e-32 1.2320e-32 [ 3.5837e-108 3.0882e-77 1.0775e-37 8.5441e-36 3.0748e-35 1.2281e-32 ] 0.0000e+00 [ 0.0000e+00 ] 1.0000e+00
 3.706e+01 1.0775e-32 1.0775e-32 [ 1.1515e-108 1.2118e-77 9.0046e-38 7.4120e-36 2.7116e-35 1.0740e-32 ] 0.0000e+00 [ 0.0000e+00 ] 1.0000e+00
 3.717e+01 9.4673e-33 9.4673e-33 [ 3.6978e-109 4.7507e-78 7.5196e-38 6.4259e-36 2.3898e-35 9.4369e-33 ] 0.0000e+00 [ 0.0000e+00 ] 1.0000e+00
 3.729e+01 8.3542e-33 8.3542e-33 [ 1.1869e-109 1.8607e-78 6.2748e-38 5.5675e-36 2.1049e-35 8.3276e-33 ] 0.0000e+00 [ 0.0000e+00 ] 1.0000e+00
 3.740e+01 7.4015e-33 7.4015e-33 [ 3.8077e-110 7.2814e-79 5.2321e-38 4.8208e-36 1.8529e-35 7.3781e-33 ] 0.0000e+00 [ 0.0000e+00 ] 1.0000e+00
 3.751e+01 6.5814e-33 6.5814e-33 [ 1.2209e-110 2.8472e-79 4.3594e-38 4.1717e-36 1.6301e-35 6.5608e-33 ] 0.0000e+00 [ 0.0000e+00 ] 1.0000e+00
 3.763e+01 5.8716e-33 5.8716e-33 [ 3.9126e-111 1.1125e-79 3.6296e-38 3.6077e-36 1.4332e-35 5.8536e-33 ] 0.0000e+00 [ 0.0000e+00 ] 1.0000e+00
 3.774e+01 5.2540e-33 5.2540e-33 [ 1.2532e-111 4.3443e-80 3.0196e-38 3.1181e-36 1.2593e-35 5.2382e-33 ] 0.0000e+00 [ 0.0000e+00 ] 1.0000e+00
 3.785e+01 4.7139e-33 4.7139e-33 [ 4.0120e-112 1.6955e-80 2.5103e-38 2.6932e-36 1.1059e-35 4.7002e-33 ] 0.0000e+00 [ 0.0000e+00 ] 1.0000e+00
 3.797e+01 4.2394e-33 4.2394e-33 [ 1.2837e-112 6.6149e-81 2.0854e-38 2.3248e-36 9.7059e-36 4.2274e-33 ] 0.0000e+00 [ 0.0000e+00 ] 1.0000e+00
 3.808e+01 3.8206e-33 3.8206e-33 [ 4.1054e-113 2.5801e-81 1.7311e-38 2.0055e-36 8.5133e-36 3.8101e-33 ] 0.0000e+00 [ 0.0000e+00 ] 1.0000e+00
 3.819e+01 3.4495e-33 3.4495e-33 [ 1.3123e-113 1.0063e-81 1.4359e-38 1.7290e-36 7.4627e-36 3.4403e-33 ] 0.0000e+00 [ 0.0000e+00 ] 1.0000e+00
 3.831e+01 3.1193e-33 3.1193e-33 [ 4.1924e-114 3.9250e-82 1.1901e-38 1.4898e-36 6.5379e-36 3.1113e-33 ] 0.0000e+00 [ 0.0000e+00 ] 1.0000e+00
 3.842e+01 2.8246e-33 2.8246e-33 [ 1.3387e-114 1.5316e-82 9.8571e-39 1.2828e-36 5.7243e-36 2.8175e-33 ] 0.0000e+00 [ 0.0000e+00 ] 1.0000e+00
 3.853e+01 2.5606e-33 2.5606e-33 [ 4.2727e-115 5.9803e-83 8.1579e-39 1.1039e-36 5.0090e-36 2.5545e-33 ] 0.0000e+00 [ 0.0000e+00 ] 1.0000e+00
 3.865e+01 2.3236e-33 2.3236e-33 [ 1.3631e-115 2.3375e-83 6.7466e-39 9.4938e-37 4.3805e-36 2.3183e-33 ] 0.0000e+00 [ 0.0000e+00 ] 1.0000e+00
 3.876e+01 2.1103e-33 2.1103e-33 [ 4.3464e-116 9.1486e-84 5.5753e-39 8.1598e-37 3.8285e-36 2.1056e-33 ] 0.0000e+00 [ 0.0000e+00 ] 1.0000e+00
 3.887e+01 1.9178e-33 1.9178e-33 [ 1.3853e-116 3.5872e-84 4.6039e-39 7.0090e-37 3.3442e-36 1.9138e-33 ] 0.0000e+00 [ 0.0000e+00 ] 1.0000e+00
 3.899e+01 1.7438e-33 1.7438e-33 [ 4.4138e-117 1.4098e-84 3.7989e-39 6.0168e-37 2.9194e-36 1.7403e-33 ] 0.0000e+00 [ 0.0000e+00 ] 1.0000e+00
 3.910e+01 1.5863e-33 1.5863e-33 [ 1.4057e-117 5.5566e-85 3.1323e-39 5.1619e-37 2.5470e-36 1.5833e-33 ] 0.0000e+00 [ 0.0000e+00 ] 1.0000e+00
 3.921e+01 1.4435e-33 1.4435e-33 [ 4.4755e-118 2.1977e-85 2.5808e-39 4.4257e-37 2.2208e-36 1.4409e-33 ] 0.0000e+00 [ 0.0000e+00 ] 1.0000e+00
 3.933e+01 1.3139e-33 1.3139e-33 [ 1.4245e-118 8.7282e-86 2.1248e-39 3.7922e-37 1.9353e-36 1.3116e-33 ] 0.0000e+00 [ 0.0000e+00 ] 1.0000e+00
 3.944e+01 1.1961e-33 1.1961e-33 [ 4.5328e-119 3.4833e-86 1.7481e-39 3.2474e-37 1.6855e-36 1.1941e-33 ] 0.0000e+00 [ 0.0000e+00 ] 1.0000e+00
 3.955e+01 1.0890e-33 1.0890e-33 [ 1.4422e-119 1.3979e-86 1.4370e-39 2.7792e-37 1.4670e-36 1.0873e-33 ] 0.0000e+00 [ 0.0000e+00 ] 1.0000e+00
 3.967e+01 9.9152e-34 9.9152e-34 [ 4.5881e-120 5.6453e-87 1.1805e-39 2.3770e-37 1.2761e-36 9.9001e-34 ] 0.0000e+00 [ 0.0000e+00 ] 1.0000e+00
 3.978e+01 9.0275e-34 9.0275e-34 [ 1.4597e-120 2.2958e-87 9.6902e-40 2.0318e-37 1.1094e-36 9.0144e-34 ] 0.0000e+00 [ 0.0000e+00 ] 1.0000e+00
 3.989e+01 8.2188e-34 8.2188e-34 [ 4.6448e-121 9.4073e-88 7.9484e-40 1.7357e-37 9.6396e-37 8.2074e-34 ] 0.0000e+00 [ 0.0000e+00 ] 1.0000e+00
 4.001e+01 7.4818e-34 7.4818e-34 [ 1.4784e-121 3.8861e-88 6.5149e-40 1.4818e-37 8.3707e-37 7.4720e-34 ] 0.0000e+00 [ 0.0000e+00 ] 1.0000e+00
 4.012e+01 6.8100e-34 6.8100e-34 [ 4.7079e-122 1.6189e-88 5.3359e-40 1.2643e-37 7.2645e-37 6.8015e-34 ] 0.0000e+00 [ 0.0000e+00 ] 1.0000e+00
 4.023e+01 6.1976e-34 6.1976e-34 [ 1.5002e-122 6.8028e-89 4.3670e-40 1.0780e-37 6.3008e-37 6.1902e-34 ] 0.0000e+00 [ 0.0000e+00 ] 1.0000e+00
 4.035e+01 5.6392e-34 5.6392e-34 [ 4.7852e-123 2.8835e-89 3.5714e-40 9.1867e-38 5.4617e-37 5.6328e-34 ] 0.0000e+00 [ 0.0000e+00 ] 1.0000e+00
 4.046e+01 5.1300e-34 5.1300e-34 [ 1.5282e-123 1.2327e-89 2.9186e-40 7.8239e-38 4.7317e-37 5.1245e-34 ] 0.0000e+00 [ 0.0000e+00 ] 1.0000e+00
 4.057e+01 4.6657e-34 4.6657e-34 [ 4.8879e-124 5.3130e-90 2.3833e-40 6.6592e-38 4.0968e-37 4.6610e-34 ] 0.0000e+00 [ 0.0000e+00 ] 1.0000e+00
 4.069e+01 4.2424e-34 4.2424e-34 [ 1.5665e-124 2.3077e-90 1.9448e-40 5.6644e-38 3.5450e-37 4.2383e-34 ] 0.0000e+00 [ 0.0000e+00 ] 1.0000e+00
 4.080e+01 3.8566e-34 3.8566e-34 [ 5.0325e-125 1.0096e-90 1.5858e-40 4.8154e-38 3.0658e-37 3.8530e-34 ] 0.0000e+00 [ 0.0000e+00 ] 1.0000e+00
 4.091e+01 3.5048e-34 3.5048e-34 [ 1.6215e-125 4.4453e-91 1.2921e-40 4.0911e-38 2.6498e-37 3.5017e-34 ] 0.0000e+00 [ 0.0000e+00 ] 1.0000e+00
 4.103e+01 3.1842e-34 3.1842e-34 [ 5.2428e-126 1.9687e-91 1.0520e-40 3.4736e-38 2.2889e-37 3.1816e-34 ] 0.0000e+00 [ 0.0000e+00 ] 1.0000e+00
 4.114e+01 2.8922e-34 2.8922e-34 [ 1.7022e-126 8.7634e-92 8.5586e-41 2.9476e-38 1.9761e-37 2.8899e-34 ] 0.0000e+00 [ 0.0000e+00 ] 1.0000e+00
 4.125e+01 2.6261e-34 2.6261e-34 [ 5.5532e-127 3.9180e-92 6.9580e-41 2.4997e-38 1.7050e-37 2.6241e-34 ] 0.0000e+00 [ 0.0000e+00 ] 1.0000e+00
 4.137e+01 2.3837e-34 2.3837e-34 [ 1.8217e-127 1.7582e-92 5.6525e-41 2.1186e-38 1.4702e-37 2.3820e-34 ] 0.0000e+00 [ 0.0000e+00 ] 1.0000e+00
 4.148e+01 2.1630e-34 2.1630e-34 [ 6.0135e-128 7.9147e-93 4.5885e-41 1.7945e-38 1.2670e-37 2.1616e-34 ] 0.0000e+00 [ 0.0000e+00 ] 1.0000e+00
 4.159e+01 1.9622e-34 1.9622e-34 [ 1.9989e-128 3.5719e-93 3.7221e-41 1.5190e-38 1.0913e-37 1.9609e-34 ] 0.0000e+00 [ 0.0000e+00 ] 1.0000e+00
 4.171e+01 1.7794e-34 1.7794e-34 [ 6.6956e-129 1.6154e-93 3.0170e-41 1.2851e-38 9.3941e-38 1.7783e-34 ] 0.0000e+00 [ 0.0000e+00 ] 1.0000e+00
 4.182e+01 1.6131e-34 1.6131e-34 [ 2.2612e-129 7.3171e-94 2.4437e-41 1.0865e-38 8.0819e-38 1.6122e-34 ] 0.0000e+00 [ 0.0000e+00 ] 1.0000e+00
 4.193e+01 1.4619e-34 1.4619e-34 [ 7.7029e-130 3.3186e-94 1.9779e-41 9.1811e-39 6.9489e-38 1.4611e-34 ] 0.0000e+00 [ 0.0000e+00 ] 1.0000e+00
 4.205e+01 1.3243e-34 1.3243e-34 [ 2.6477e-130 1.5065e-94 1.5996e-41 7.7532e-39 5.9714e-38 1.3237e-34 ] 0.0000e+00 [ 0.0000e+00 ] 1.0000e+00
 4.216e+01 1.1994e-34 1.1994e-34 [ 9.1841e-131 6.8432e-95 1.2928e-41 6.5434e-39 5.1284e-38 1.1988e-34 ] 0.0000e+00 [ 0.0000e+00 ] 1.0000e+00
 4.227e+01 1.0858e-34 1.0858e-34 [ 3.2148e-131 3.1098e-95 1.0440e-41 5.5190e-39 4.4018e-38 1.0853e-34 ] 0.0000e+00 [ 0.0000e+00 ] 1.0000e+00
 4.239e+01 9.8266e-35 9.8266e-35 [ 1.1353e-131 1.4135e-95 8.4252e-42 4.6522e-39 3.7761e-38 9.8224e-35 ] 0.0000e+00 [ 0.0000e+00 ] 1.0000e+00
 4.250e+01 8.8901e-35 8.8901e-35 [ 4.0435e-132 6.4249e-96 6.7940e-42 3.9192e-39 3.2374e-38 8.8865e-35 ] 0.0000e+00 [ 0.0000e+00 ] 1.0000e+00
 4.261e+01 8.0401e-35 8.0401e-35 [ 1.4516e-132 2.9201e-96 5.4746e-42 3.2997e-39 2.7740e-38 8.0370e-35 ] 0.0000e+00 [ 0.0000e+00 ] 1.0000e+00
 4.273e+01 7.2687e-35 7.2687e-35 [ 5.2499e-133 1.3269e-96 4.4081e-42 2.7765e-39 2.3755e-38 7.2661e-35 ] 0.0000e+00 [ 0.0000e+00 ] 1.0000e+00
 4.284e+01 6.5691e-35 6.5691e-35 [ 1.9113e-133 6.0275e-97 3.5468e-42 2.3348e-39 2.0331e-38 6.5669e-35 ] 0.0000e+00 [ 0.0000e+00 ] 1.0000e+00
 4.295e+01 5.9348e-35 5.9348e-35 [ 7.0001e-134 2.7370e-97 2.8517e-42 1.9622e-39 1.7391e-38 5.9329e-35 ] 0.0000e+00 [ 0.0000e+00 ] 1.0000e+00
 4.307e+01 5.3598e-35 5.3598e-35 [ 2.5772e-134 1.2423e-97 2.2911e-42 1.6481e-39 1.4867e-38 5.3582e-35 ] 0.0000e+00 [ 0.0000e+00 ] 1.0000e+00
 4.318e+01 4.8388e-35 4.8388e-35 [ 9.5317e-135 5.6354e-98 1.8393e-42 1.3834e-39 1.2703e-38 4.8374e-35 ] 0.0000e+00 [ 0.0000e+00 ] 1.0000e+00
 4.329e+01 4.3670e-35 4.3670e-35 [ 3.5391e-135 2.5550e-98 1.4756e-42 1.1605e-39 1.0847e-38 4.3658e-35 ] 0.0000e+00 [ 0.0000e+00 ] 1.0000e+00
 4.341e+01 3.9397e-35 3.9397e-35 [ 1.3184e-135 1.1578e-98 1.1829e-42 9.7298e-40 9.2570e-39 3.9387e-35 ] 0.0000e+00 [ 0.0000e+00 ] 1.0000e+00
 4.352e+01 3.5530e-35 3.5530e-35 [ 4.9249e-136 5.2428e-99 9.4756e-43 8.1526e-40 7.8956e-39 3.5521e-35 ] 0.0000e+00 [ 0.0000e+00 ] 1.0000e+00
 4.363e+01 3.2031e-35 3.2031e-35 [ 1.8440e-136 2.3726e-99 7.5849e-43 6.8269e-40 6.7306e-39 3.2024e-35 ] 0.0000e+00 [ 0.0000e+00 ] 1.0000e+00
 4.375e+01 2.8867e-35 2.8867e-35 [ 6.9172e-137 1.0730e-99 6.0669e-43 5.7134e-40 5.7342e-39 2.8860e-35 ] 0.0000e+00 [ 0.0000e+00 ] 1.0000e+00
 4.386e+01 2.6006e-35 2.6006e-35 [ 2.5988e-137 4.8495e-100 4.8492e-43 4.7786e-40 4.8825e-39 2.6000e-35 ] 0.0000e+00 [ 0.0000e+00 ] 1.0000e+00
 4.397e+01 2.3420e-35 2.3420e-35 [ 9.7753e-138 2.1902e-100 3.8731e-43 3.9944e-40 4.1550e-39 2.3415e-35 ] 0.0000e+00 [ 0.0000e+00 ] 1.0000e+00
 4.409e+01 2.1084e-35 2.1084e-35 [ 3.6805e-138 9.8849e-101 3.0911e-43 3.3369e-40 3.5339e-39 2.1080e-35 ] 0.0000e+00 [ 0.0000e+00 ] 1.0000e+00
 4.420e+01 1.8974e-35 1.8974e-35 [ 1.3868e-138 4.4581e-101 2.4653e-43 2.7860e-40 3.0039e-39 1.8971e-35 ] 0.0000e+00 [ 0.0000e+00 ] 1.0000e+00
 4.431e+01 1.7069e-35 1.7069e-35 [ 5.2280e-139 2.0092e-101 1.9647e-43 2.3246e-40 2.5519e-39 1.7066e-35 ] 0.0000e+00 [ 0.0000e+00 ] 1.0000e+00
 4.443e+01 1.5350e-35 1.5350e-35 [ 1.9717e-139 9.0486e-102 1.5646e-43 1.9384e-40 2.1667e-39 1.5348e-35 ] 0.0000e+00 [ 0.0000e+00 ] 1.0000e+00
 4.454e+01 1.3799e-35 1.3799e-35 [ 7.4378e-140 4.0722e-102 1.2450e-43 1.6155e-40 1.8386e-39 1.3797e-35 ] 0.0000e+00 [ 0.0000e+00 ] 1.0000e+00
 4.465e+01 1.2401e-35 1.2401e-35 [ 2.8062e-140 1.8313e-102 9.9003e-44 1.3455e-40 1.5593e-39 1.2399e-35 ] 0.0000e+00 [ 0.0000e+00 ] 1.0000e+00
 4.477e+01 1.1140e-35 1.1140e-35 [ 1.0588e-140 8.2298e-103 7.8668e-44 1.1200e-40 1.3217e-39 1.1138e-35 ] 0.0000e+00 [ 0.0000e+00 ] 1.0000e+00
 4.488e+01 1.0004e-35 1.0004e-35 [ 3.9951e-141 3.6958e-103 6.2464e-44 9.3176e-41 1.1197e-39 1.0002e-35 ] 0.0000e+00 [ 0.0000e+00 ] 1.0000e+00
 4.499e+01 8.9801e-36 8.9801e-36 [ 1.5073e-141 1.6585e-103 4.9561e-44 7.7467e-41 9.4797e-40 8.9791e-36 ] 0.0000e+00 [ 0.0000e+00 ] 1.0000e+00
 4.511e+01 8.0585e-36 8.0585e-36 [ 5.6859e-142 7.4369e-104 3.9295e-44 6.4368e-41 8.0215e-40 8.0577e-36 ] 0.0000e+00 [ 0.0000e+00 ] 1.0000e+00
 4.522e+01 7.2289e-36 7.2289e-36 [ 2.1445e-142 3.3325e-104 3.1132e-44 5.3452e-41 6.7838e-40 7.2282e-36 ] 0.0000e+00 [ 0.0000e+00 ] 1.0000e+00
 4.533e+01 6.4824e-36 6.4824e-36 [ 8.0870e-143 1.4922e-104 2.4647e-44 4.4361e-41 5.7338e-40 6.4818e-36 ] 0.0000e+00 [ 0.0000e+00 ] 1.0000e+00
 4.545e+01 5.8109e-36 5.8109e-36 [ 3.0489e-143 6.6772e-105 1.9498e-44 3.6794e-41 4.8436e-40 5.8104e-36 ] 0.0000e+00 [ 0.0000e+00 ] 1.0000e+00
 4.556e+01 5.2071e-36 5.2071e-36 [ 1.1492e-143 2.9857e-105 1.5414e-44 3.0500e-41 4.0893e-40 5.2067e-36 ] 0.0000e+00 [ 0.0000e+00 ] 1.0000e+00
 4.567e+01 4.6644e-36 4.6644e-36 [ 4.3302e-144 1.3341e-105 1.2177e-44 2.5267e-41 3.4505e-40 4.6640e-36 ] 0.0000e+00 [ 0.0000e+00 ] 1.0000e+00
 4.579e+01 4.1768e-36 4.1768e-36 [ 1.6312e-144 5.9569e-106 9.6118e-45 2.0920e-41 2.9099e-40 4.1765e-36 ] 0.0000e+00 [ 0.0000e+00 ] 1.0000e+00
 4.590e+01 3.7388e-36 3.7388e-36 [ 6.1430e-145 2.6580e-106 7.5818e-45 1.7310e-41 2.4526e-40 3.7385e-36 ] 0.0000e+00 [ 0.0000e+00 ] 1.0000e+00
 4.601e+01 3.3455e-36 3.3455e-36 [ 2.3127e-145 1.1852e-106 5.9761e-45 1.4315e-41 2.0660e-40 3.3453e-36 ] 0.0000e+00 [ 0.0000e+00 ] 1.0000e+00
 4.613e+01 2.9926e-36 2.9926e-36 [ 8.7042e-146 5.2809e-107 4.7071e-45 1.1831e-41 1.7393e-40 2.9924e-36 ] 0.0000e+00 [ 0.0000e+00 ] 1.0000e+00
 4.624e+01 2.6759e-36 2.6759e-36 [ 3.2749e-146 2.3514e-107 3.7048e-45 9.7720e-42 1.4635e-40 2.6758e-36 ] 0.0000e+00 [ 0.0000e+00 ] 1.0000e+00
 4.635e+01 2.3919e-36 2.3919e-36 [ 1.2318e-146 1.0463e-107 2.9138e-45 8.0667e-42 1.2307e-40 2.3918e-36 ] 0.0000e+00 [ 0.0000e+00 ] 1.0000e+00
 4.647e+01 2.1373e-36 2.1373e-36 [ 4.6314e-147 4.6524e-108 2.2900e-45 6.6550e-42 1.0344e-40 2.1372e-36 ] 0.0000e+00 [ 0.0000e+00 ] 1.0000e+00
 4.658e+01 1.9091e-36 1.9091e-36 [ 1.7408e-147 2.0673e-108 1.7984e-45 5.4871e-42 8.6890e-41 1.9090e-36 ] 0.0000e+00 [ 0.0000e+00 ] 1.0000e+00
 4.669e+01 1.7046e-36 1.7046e-36 [ 6.5411e-148 9.1797e-109 1.4114e-45 4.5214e-42 7.2947e-41 1.7046e-36 ] 0.0000e+00 [ 0.0000e+00 ] 1.0000e+00
 4.681e+01 1.5216e-36 1.5216e-36 [ 2.4570e-148 4.0735e-109 1.1068e-45 3.7235e-42 6.1208e-41 1.5215e-36 ] 0.0000e+00 [ 0.0000e+00 ] 1.0000e+00
 4.692e+01 1.3576e-36 1.3576e-36 [ 9.2260e-149 1.8064e-109 8.6731e-46 3.0646e-42 5.1328e-41 1.3576e-36 ] 0.0000e+00 [ 0.0000e+00 ] 1.0000e+00
 4.703e+01 1.2110e-36 1.2110e-36 [ 3.4632e-149 8.0048e-110 6.7916e-46 2.5208e-42 4.3020e-41 1.2109e-36 ] 0.0000e+00 [ 0.0000e+00 ] 1.0000e+00
 4.715e+01 1.0797e-36 1.0797e-36 [ 1.2996e-149 3.5449e-110 5.3143e-46 2.0722e-42 3.6036e-41 1.0797e-36 ] 0.0000e+00 [ 0.0000e+00 ] 1.0000e+00
 4.726e+01 9.6241e-37 9.6241e-37 [ 4.8750e-150 1.5688e-110 4.1553e-46 1.7025e-42 3.0169e-41 9.6237e-37 ] 0.0000e+00 [ 0.0000e+00 ] 1.0000e+00
 4.737e+01 8.5751e-37 8.5751e-37 [ 1.8281e-150 6.9382e-111 3.2467e-46 1.3979e-42 2.5243e-41 8.5748e-37 ] 0.0000e+00 [ 0.0000e+00 ] 1.0000e+00
 4.749e+01 7.6378e-37 7.6378e-37 [ 6.8533e-151 3.0665e-111 2.5350e-46 1.1471e-42 2.1109e-41 7.6376e-37 ] 0.0000e+00 [ 0.0000e+00 ] 1.0000e+00
 4.760e+01 6.8005e-37 6.8005e-37 [ 2.5683e-151 1.3544e-111 1.9778e-46 9.4076e-43 1.7643e-41 6.8003e-37 ] 0.0000e+00 [ 0.0000e+00 ] 1.0000e+00
 4.771e+01 6.0528e-37 6.0528e-37 [ 9.6215e-152 5.9781e-112 1.5420e-46 7.7107e-43 1.4738e-41 6.0527e-37 ] 0.0000e+00 [ 0.0000e+00 ] 1.0000e+00
 4.783e+01 5.3855e-37 5.3855e-37 [ 3.6033e-152 2.6369e-112 1.2013e-46 6.3162e-43 1.2304e-41 5.3853e-37 ] 0.0000e+00 [ 0.0000e+00 ] 1.0000e+00
 4.794e+01 4.7900e-37 4.7900e-37 [ 1.3490e-152 1.1624e-112 9.3522e-47 5.1708e-43 1.0266e-41 4.7899e-37 ] 0.0000e+00 [ 0.0000e+00 ] 1.0000e+00
 4.805e+01 4.2588e-37 4.2588e-37 [ 5.0488e-153 5.1205e-113 7.2754e-47 4.2306e-43 8.5612e-42 4.2587e-37 ] 0.0000e+00 [ 0.0000e+00 ] 1.0000e+00
 4.817e+01 3.7852e-37 3.7852e-37 [ 1.8890e-153 2.2543e-113 5.6557e-47 3.4593e-43 7.1355e-42 3.7851e-37 ] 0.0000e+00 [ 0.0000e+00 ] 1.0000e+00
 4.828e+01 3.3631e-37 3.3631e-37 [ 7.0651e-154 9.9179e-114 4.3934e-47 2.8269e-43 5.9439e-42 3.3630e-37 ] 0.0000e+00 [ 0.0000e+00 ] 1.0000e+00
 4.839e+01 2.9870e-37 2.9870e-37 [ 2.6416e-154 4.3607e-114 3.4103e-47 2.3088e-43 4.9485e-42 2.9869e-37 ] 0.0000e+00 [ 0.0000e+00 ] 1.0000e+00
 4.851e+01 2.6520e-37 2.6520e-37 [ 9.8738e-155 1.9161e-114 2.6453e-47 1.8845e-43 4.1175e-42 2.6519e-37 ] 0.0000e+00 [ 0.0000e+00 ] 1.0000e+00
 4.862e+01 2.3537e-37 2.3537e-37 [ 3.6894e-155 8.4138e-115 2.0504e-47 1.5373e-43 3.4242e-42 2.3537e-37 ] 0.0000e+00 [ 0.0000e+00 ] 1.0000e+00
 4.873e+01 2.0883e-37 2.0883e-37 [ 1.3781e-155 3.6923e-115 1.5882e-47 1.2533e-43 2.8460e-42 2.0882e-37 ] 0.0000e+00 [ 0.0000e+00 ] 1.0000e+00
 4.885e+01 1.8521e-37 1.8521e-37 [ 5.1463e-156 1.6193e-115 1.2292e-47 1.0212e-43 2.3642e-42 1.8521e-37 ] 0.0000e+00 [ 0.0000e+00 ] 1.0000e+00
 4.896e+01 1.6420e-37 1.6420e-37 [ 1.9211e-156 7.0974e-116 9.5072e-48 8.3158e-44 1.9628e-42 1.6420e-37 ] 0.0000e+00 [ 0.0000e+00 ] 1.0000e+00
 4.907e+01 1.4553e-37 1.4553e-37 [ 7.1693e-157 3.1088e-116 7.3478e-48 6.7676e-44 1.6287e-42 1.4553e-37 ] 0.0000e+00 [ 0.0000e+00 ] 1.0000e+00
 4.919e+01 1.2893e-37 1.2893e-37 [ 2.6747e-157 1.3609e-116 5.6748e-48 5.5044e-44 1.3507e-42 1.2893e-37 ] 0.0000e+00 [ 0.0000e+00 ] 1.0000e+00
 4.930e+01 1.1419e-37 1.1419e-37 [ 9.9752e-158 5.9535e-117 4.3795e-48 4.4743e-44 1.1195e-42 1.1419e-37 ] 0.0000e+00 [ 0.0000e+00 ] 1.0000e+00
 4.941e+01 1.0109e-37 1.0109e-37 [ 3.7192e-158 2.6029e-117 3.3774e-48 3.6349e-44 9.2740e-43 1.0109e-37 ] 0.0000e+00 [ 0.0000e+00 ] 1.0000e+00
 4.953e+01 8.9470e-38 8.9470e-38 [ 1.3862e-158 1.1373e-117 2.6027e-48 2.9512e-44 7.6783e-43 8.9469e-38 ] 0.0000e+00 [ 0.0000e+00 ] 1.0000e+00
 4.964e+01 7.9155e-38 7.9155e-38 [ 5.1652e-159 4.9664e-118 2.0043e-48 2.3947e-44 6.3536e-43 7.9154e-38 ] 0.0000e+00 [ 0.0000e+00 ] 1.0000e+00
 4.975e+01 7.0003e-38 7.0003e-38 [ 1.9240e-159 2.1674e-118 1.5423e-48 1.9420e-44 5.2546e-43 7.0003e-38 ] 0.0000e+00 [ 0.0000e+00 ] 1.0000e+00
 4.987e+01 6.1888e-38 6.1888e-38 [ 7.1646e-160 9.4529e-119 1.1860e-48 1.5739e-44 4.3433e-43 6.1888e-38 ] 0.0000e+00 [ 0.0000e+00 ] 1.0000e+00
 4.998e+01 5.4694e-38 5.4694e-38 [ 2.6672e-160 4.1204e-119 9.1131e-49 1.2749e-44 3.5880e-43 5.4694e-38 ] 0.0000e+00 [ 0.0000e+00 ] 1.0000e+00
 5.009e+01 4.8320e-38 4.8320e-38 [ 9.9260e-161 1.7949e-119 6.9975e-49 1.0320e-44 2.9625e-43 4.8319e-38 ] 0.0000e+00 [ 0.0000e+00 ] 1.0000e+00
 5.021e+01 4.2673e-38 4.2673e-38 [ 3.6929e-161 7.8145e-120 5.3691e-49 8.3494e-45 2.4446e-43 4.2673e-38 ] 0.0000e+00 [ 0.0000e+00 ] 1.0000e+00
 5.032e+01 3.7673e-38 3.7673e-38 [ 1.3735e-161 3.4001e-120 4.1167e-49 6.7510e-45 2.0162e-43 3.7672e-38 ] 0.0000e+00 [ 0.0000e+00 ] 1.0000e+00
 5.043e+01 3.3246e-38 3.3246e-38 [ 5.1071e-162 1.4785e-120 3.1541e-49 5.4554e-45 1.6619e-43 3.3246e-38 ] 0.0000e+00 [ 0.0000e+00 ] 1.0000e+00
 5.055e+01 2.9330e-38 2.9330e-38 [ 1.8984e-162 6.4256e-121 2.4149e-49 4.4058e-45 1.3692e-43 2.9330e-38 ] 0.0000e+00 [ 0.0000e+00 ] 1.0000e+00
 5.066e+01 2.5866e-38 2.5866e-38 [ 7.0544e-163 2.7909e-121 1.8476e-49 3.5561e-45 1.1273e-43 2.5865e-38 ] 0.0000e+00 [ 0.0000e+00 ] 1.0000e+00
 5.077e+01 2.2802e-38 2.2802e-38 [ 2.6207e-163 1.2115e-121 1.4125e-49 2.8685e-45 9.2773e-44 2.2802e-38 ] 0.0000e+00 [ 0.0000e+00 ] 1.0000e+00
 5.089e+01 2.0095e-38 2.0095e-38 [ 9.7329e-164 5.2557e-122 1.0791e-49 2.3126e-45 7.6304e-44 2.0095e-38 ] 0.0000e+00 [ 0.0000e+00 ] 1.0000e+00
 5.100e+01 1.7702e-38 1.7702e-38 [ 3.6136e-164 2.2788e-122 8.2382e-50 1.8633e-45 6.2724e-44 1.7702e-38 ] 0.0000e+00 [ 0.0000e+00 ] 1.0000e+00
 5.111e+01 1.5589e-38 1.5589e-38 [ 1.3413e-164 9.8746e-123 6.2847e-50 1.5004e-45 5.1532e-44 1.5589e-38 ] 0.0000e+00 [ 0.0000e+00 ] 1.0000e+00
 5.123e+01 1.3724e-38 1.3724e-38 [ 4.9770e-165 4.2765e-123 4.7910e-50 1.2074e-45 4.2315e-44 1.3724e-38 ] 0.0000e+00 [ 0.0000e+00 ] 1.0000e+00
 5.134e+01 1.2077e-38 1.2077e-38 [ 1.8463e-165 1.8510e-123 3.6496e-50 9.7113e-46 3.4727e-44 1.2077e-38 ] 0.0000e+00 [ 0.0000e+00 ] 1.0000e+00
 5.145e+01 1.0624e-38 1.0624e-38 [ 6.8469e-166 8.0073e-124 2.7782e-50 7.8061e-46 2.8484e-44 1.0624e-38 ] 0.0000e+00 [ 0.0000e+00 ] 1.0000e+00
 5.157e+01 9.3427e-39 9.3427e-39 [ 2.5385e-166 3.4619e-124 2.1133e-50 6.2709e-46 2.3350e-44 9.3427e-39 ] 0.0000e+00 [ 0.0000e+00 ] 1.0000e+00
 5.168e+01 8.2130e-39 8.2130e-39 [ 9.4086e-167 1.4959e-124 1.6064e-50 5.0348e-46 1.9131e-44 8.2130e-39 ] 0.0000e+00 [ 0.0000e+00 ] 1.0000e+00
 5.179e+01 7.2173e-39 7.2173e-39 [ 3.4862e-167 6.4600e-125 1.2202e-50 4.0399e-46 1.5666e-44 7.2173e-39 ] 0.0000e+00 [ 0.0000e+00 ] 1.0000e+00
 5.191e+01 6.3401e-39 6.3401e-39 [ 1.2914e-167 2.7882e-125 9.2614e-51 3.2397e-46 1.2822e-44 6.3401e-39 ] 0.0000e+00 [ 0.0000e+00 ] 1.0000e+00
 5.202e+01 5.5675e-39 5.5675e-39 [ 4.7825e-168 1.2028e-125 7.0247e-51 2.5965e-46 1.0488e-44 5.5675e-39 ] 0.0000e+00 [ 0.0000e+00 ] 1.0000e+00
 5.213e+01 4.8873e-39 4.8873e-39 [ 1.7706e-168 5.1856e-126 5.3243e-51 2.0797e-46 8.5743e-45 4.8873e-39 ] 0.0000e+00 [ 0.0000e+00 ] 1.0000e+00
 5.225e+01 4.2888e-39 4.2888e-39 [ 6.5535e-169 2.2344e-126 4.0326e-51 1.6649e-46 7.0060e-45 4.2888e-39 ] 0.0000e+00 [ 0.0000e+00 ] 1.0000e+00
 5.236e+01 3.7622e-39 3.7622e-39 [ 2.4250e-169 9.6228e-127 3.0521e-51 1.3320e-46 5.7214e-45 3.7622e-39 ] 0.0000e+00 [ 0.0000e+00 ] 1.0000e+00
 5.247e+01 3.2990e-39 3.2990e-39 [ 8.9705e-170 4.1419e-127 2.3083e-51 1.0650e-46 4.6698e-45 3.2990e-39 ] 0.0000e+00 [ 0.0000e+00 ] 1.0000e+00
 5.259e+01 2.8919e-39 2.8919e-39 [ 3.3175e-170 1.7818e-127 1.7446e-51 8.5106e-47 3.8094e-45 2.8919e-39 ] 0.0000e+00 [ 0.0000e+00 ] 1.0000e+00
 5.270e+01 2.5341e-39 2.5341e-39 [ 1.2265e-170 7.6609e-128 1.3175e-51 6.7969e-47 3.1058e-45 2.5341e-39 ] 0.0000e+00 [ 0.0000e+00 ] 1.0000e+00
 5.281e+01 2.2198e-39 2.2198e-39 [ 4.5335e-171 3.2920e-128 9.9433e-52 5.4251e-47 2.5308e-45 2.2198e-39 ] 0.0000e+00 [ 0.0000e+00 ] 1.0000e+00
 5.293e+01 1.9438e-39 1.9438e-39 [ 1.6752e-171 1.4139e-128 7.4986e-52 4.3276e-47 2.0611e-45 1.9438e-39 ] 0.0000e+00 [ 0.0000e+00 ] 1.0000e+00
 5.304e+01 1.7015e-39 1.7015e-39 [ 6.1887e-172 6.0693e-129 5.6510e-52 3.4501e-47 1.6777e-45 1.7015e-39 ] 0.0000e+00 [ 0.0000e+00 ] 1.0000e+00
 5.315e+01 1.4889e-39 1.4889e-39 [ 2.2856e-172 2.6039e-129 4.2555e-52 2.7489e-47 1.3649e-45 1.4889e-39 ] 0.0000e+00 [ 0.0000e+00 ] 1.0000e+00
 5.327e+01 1.3024e-39 1.3024e-39 [ 8.4391e-173 1.1165e-129 3.2024e-52 2.1890e-47 1.1098e-45 1.3024e-39 ] 0.0000e+00 [ 0.0000e+00 ] 1.0000e+00
 5.338e+01 1.1389e-39 1.1389e-39 [ 3.1151e-173 4.7852e-130 2.4081e-52 1.7421e-47 9.0184e-46 1.1389e-39 ] 0.0000e+00 [ 0.0000e+00 ] 1.0000e+00
 5.349e+01 9.9550e-40 9.9550e-40 [ 1.1496e-173 2.0497e-130 1.8096e-52 1.3856e-47 7.3248e-46 9.9550e-40 ] 0.0000e+00 [ 0.0000e+00 ] 1.0000e+00
 5.361e+01 8.6988e-40 8.6988e-40 [ 4.2411e-174 8.7754e-131 1.3588e-52 1.1014e-47 5.9460e-46 8.6987e-40 ] 0.0000e+00 [ 0.0000e+00 ] 1.0000e+00
 5.372e+01 7.5984e-40 7.5984e-40 [ 1.5643e-174 3.7550e-131 1.0196e-52 8.7500e-48 4.8241e-46 7.5984e-40 ] 0.0000e+00 [ 0.0000e+00 ] 1.0000e+00
 5.383e+01 6.6348e-40 6.6348e-40 [ 5.7682e-175 1.6059e-131 7.6455e-53 6.9473e-48 3.9118e-46 6.6348e-40 ] 0.0000e+00 [ 0.0000e+00 ] 1.0000e+00
 5.395e+01 5.7914e-40 5.7914e-40 [ 2.1264e-175 6.8645e-132 5.7288e-53 5.5127e-48 3.1702e-46 5.7914e-40 ] 0.0000e+00 [ 0.0000e+00 ] 1.0000e+00
 5.406e+01 5.0534e-40 5.0534e-40 [ 7.8368e-176 2.9327e-132 4.2895e-53 4.3718e-48 2.5679e-46 5.0534e-40 ] 0.0000e+00 [ 0.0000e+00 ] 1.0000e+00
 5.417e+01 4.4079e-40 4.4079e-40 [ 2.8875e-176 1.2523e-132 3.2095e-53 3.4650e-48 2.0789e-46 4.4079e-40 ] 0.0000e+00 [ 0.0000e+00 ] 1.0000e+00
 5.429e+01 3.8435e-40 3.8435e-40 [ 1.0637e-176 5.3447e-133 2.3997e-53 2.7447e-48 1.6821e-46 3.8435e-40 ] 0.0000e+00 [ 0.0000e+00 ] 1.0000e+00
 5.440e+01 3.3502e-40 3.3502e-40 [ 3.9171e-177 2.2799e-133 1.7930e-53 2.1729e-48 1.3602e-46 3.3502e-40 ] 0.0000e+00 [ 0.0000e+00 ] 1.0000e+00
 5.451e+01 2.9192e-40 2.9192e-40 [ 1.4422e-177 9.7205e-134 1.3387e-53 1.7191e-48 1.0994e-46 2.9192e-40 ] 0.0000e+00 [ 0.0000e+00 ] 1.0000e+00
 5.463e+01 2.5427e-40 2.5427e-40 [ 5.3083e-178 4.1423e-134 9.9879e-54 1.3594e-48 8.8811e-47 2.5427e-40 ] 0.0000e+00 [ 0.0000e+00 ] 1.0000e+00
 5.474e+01 2.2140e-40 2.2140e-40 [ 1.9534e-178 1.7643e-134 7.4466e-54 1.0743e-48 7.1703e-47 2.2140e-40 ] 0.0000e+00 [ 0.0000e+00 ] 1.0000e+00
 5.485e+01 1.9271e-40 1.9271e-40 [ 7.1865e-179 7.5108e-135 5.5480e-54 8.4846e-49 5.7860e-47 1.9271e-40 ] 0.0000e+00 [ 0.0000e+00 ] 1.0000e+00
 5.497e+01 1.6768e-40 1.6768e-40 [ 2.6432e-179 3.1958e-135 4.1305e-54 6.6973e-49 4.6663e-47 1.6768e-40 ] 0.0000e+00 [ 0.0000e+00 ] 1.0000e+00
 5.508e+01 1.4585e-40 1.4585e-40 [ 9.7194e-180 1.3591e-135 3.0729e-54 5.2834e-49 3.7613e-47 1.4585e-40 ] 0.0000e+00 [ 0.0000e+00 ] 1.0000e+00
 5.519e+01 1.2682e-40 1.2682e-40 [ 3.5731e-180 5.7772e-136 2.2845e-54 4.1655e-49 3.0302e-47 1.2682e-40 ] 0.0000e+00 [ 0.0000e+00 ] 1.0000e+00
 5.531e+01 1.1023e-40 1.1023e-40 [ 1.3132e-180 2.4545e-136 1.6972e-54 3.2823e-49 2.4399e-47 1.1023e-40 ] 0.0000e+00 [ 0.0000e+00 ] 1.0000e+00
 5.542e+01 9.5777e-41 9.5777e-41 [ 4.8252e-181 1.0423e-136 1.2600e-54 2.5848e-49 1.9635e-47 9.5777e-41 ] 0.0000e+00 [ 0.0000e+00 ] 1.0000e+00
 5.553e+01 8.3190e-41 8.3190e-41 [ 1.7726e-181 4.4241e-137 9.3473e-55 2.0344e-49 1.5793e-47 8.3190e-41 ] 0.0000e+00 [ 0.0000e+00 ] 1.0000e+00
 5.565e+01 7.2232e-41 7.2232e-41 [ 6.5099e-182 1.8768e-137 6.9294e-55 1.6002e-49 1.2696e-47 7.2232e-41 ] 0.0000e+00 [ 0.0000e+00 ] 1.0000e+00
 5.576e+01 6.2695e-41 6.2695e-41 [ 2.3903e-182 7.9584e-138 5.1333e-55 1.2580e-49 1.0200e-47 6.2695e-41 ] 0.0000e+00 [ 0.0000e+00 ] 1.0000e+00
 5.587e+01 5.4398e-41 5.4398e-41 [ 8.7742e-183 3.3729e-138 3.8001e-55 9.8834e-50 8.1909e-48 5.4398e-41 ] 0.0000e+00 [ 0.0000e+00 ] 1.0000e+00
 5.599e+01 4.7182e-41 4.7182e-41 [ 3.2201e-183 1.4288e-138 2.8111e-55 7.7605e-50 6.5739e-48 4.7182e-41 ] 0.0000e+00 [ 0.0000e+00 ] 1.0000e+00
 5.610e+01 4.0910e-41 4.0910e-41 [ 1.1815e-183 6.0499e-139 2.0780e-55 6.0901e-50 5.2732e-48 4.0910e-41 ] 0.0000e+00 [ 0.0000e+00 ] 1.0000e+00
 5.621e+01 3.5458e-41 3.5458e-41 [ 4.3339e-184 2.5604e-139 1.5350e-55 4.7764e-50 4.2276e-48 3.5458e-41 ] 0.0000e+00 [ 0.0000e+00 ] 1.0000e+00
 5.633e+01 3.0722e-41 3.0722e-41 [ 1.5894e-184 1.0831e-139 1.1331e-55 3.7440e-50 3.3875e-48 3.0722e-41 ] 0.0000e+00 [ 0.0000e+00 ] 1.0000e+00
 5.644e+01 2.6610e-41 2.6610e-41 [ 5.8274e-185 4.5792e-140 8.3585e-56 2.9329e-50 2.7129e-48 2.6610e-41 ] 0.0000e+00 [ 0.0000e+00 ] 1.0000e+00
 5.655e+01 2.3040e-41 2.3040e-41 [ 2.1361e-185 1.9352e-140 6.1613e-56 2.2963e-50 2.1715e-48 2.3040e-41 ] 0.0000e+00 [ 0.0000e+00 ] 1.0000e+00
 5.667e+01 1.9941e-41 1.9941e-41 [ 7.8281e-186 8.1745e-141 4.5385e-56 1.7968e-50 1.7372e-48 1.9941e-41 ] 0.0000e+00 [ 0.0000e+00 ] 1.0000e+00
 5.678e+01 1.7254e-41 1.7254e-41 [ 2.8681e-186 3.4513e-141 3.3407e-56 1.4051e-50 1.3890e-48 1.7254e-41 ] 0.0000e+00 [ 0.0000e+00 ] 1.0000e+00
 5.689e+01 1.4923e-41 1.4923e-41 [ 1.0506e-186 1.4565e-141 2.4573e-56 1.0982e-50 1.1100e-48 1.4923e-41 ] 0.0000e+00 [ 0.0000e+00 ] 1.0000e+00
 5.701e+01 1.2903e-41 1.2903e-41 [ 3.8474e-187 6.1436e-142 1.8062e-56 8.5779e-51 8.8653e-49 1.2903e-41 ] 0.0000e+00 [ 0.0000e+00 ] 1.0000e+00
 5.712e+01 1.1152e-41 1.1152e-41 [ 1.4087e-187 2.5902e-142 1.3267e-56 6.6964e-51 7.0769e-49 1.1152e-41 ] 0.0000e+00 [ 0.0000e+00 ] 1.0000e+00
 5.723e+01 9.6351e-42 9.6351e-42 [ 5.1564e-188 1.0916e-142 9.7383e-57 5.2245e-51 5.6462e-49 9.6351e-42 ] 0.0000e+00 [ 0.0000e+00 ] 1.0000e+00
 5.735e+01 8.3218e-42 8.3218e-42 [ 1.8871e-188 4.5980e-143 7.1429e-57 4.0738e-51 4.5024e-49 8.3218e-42 ] 0.0000e+00 [ 0.0000e+00 ] 1.0000e+00
 5.746e+01 7.1850e-42 7.1850e-42 [ 6.9043e-189 1.9359e-143 5.2355e-57 3.1747e-51 3.5883e-49 7.1850e-42 ] 0.0000e+00 [ 0.0000e+00 ] 1.0000e+00
 5.757e+01 6.2013e-42 6.2013e-42 [ 2.5256e-189 8.1470e-144 3.8348e-57 2.4725e-51 2.8583e-49 6.2013e-42 ] 0.0000e+00 [ 0.0000e+00 ] 1.0000e+00
 5.769e+01 5.3504e-42 5.3504e-42 [ 9.2363e-190 3.4270e-144 2.8068e-57 1.9246e-51 2.2756e-49 5.3504e-42 ] 0.0000e+00 [ 0.0000e+00 ] 1.0000e+00
 5.780e+01 4.6146e-42 4.6146e-42 [ 3.3771e-190 1.4409e-144 2.0529e-57 1.4972e-51 1.8107e-49 4.6146e-42 ] 0.0000e+00 [ 0.0000e+00 ] 1.0000e+00
 5.791e+01 3.9787e-42 3.9787e-42 [ 1.2345e-190 6.0556e-145 1.5005e-57 1.1641e-51 1.4400e-49 3.9787e-42 ] 0.0000e+00 [ 0.0000e+00 ] 1.0000e+00
 5.803e+01 3.4291e-42 3.4291e-42 [ 4.5116e-191 2.5438e-145 1.0959e-57 9.0451e-52 1.1446e-49 3.4291e-42 ] 0.0000e+00 [ 0.0000e+00 ] 1.0000e+00
 5.814e+01 2.9544e-42 2.9544e-42 [ 1.6485e-191 1.0681e-145 7.9990e-58 7.0243e-52 9.0927e-50 2.9544e-42 ] 0.0000e+00 [ 0.0000e+00 ] 1.0000e+00
 5.825e+01 2.5446e-42 2.5446e-42 [ 6.0219e-192 4.4828e-146 5.8341e-58 5.4517e-52 7.2196e-50 2.5446e-42 ] 0.0000e+00 [ 0.0000e+00 ] 1.0000e+00
 5.837e+01 2.1908e-42 2.1908e-42 [ 2.1993e-192 1.8806e-146 4.2522e-58 4.2288e-52 5.7293e-50 2.1908e-42 ] 0.0000e+00 [ 0.0000e+00 ] 1.0000e+00
 5.848e+01 1.8855e-42 1.8855e-42 [ 8.0306e-193 7.8856e-147 3.0970e-58 3.2783e-52 4.5442e-50 1.8855e-42 ] 0.0000e+00 [ 0.0000e+00 ] 1.0000e+00
 5.859e+01 1.6222e-42 1.6222e-42 [ 2.9316e-193 3.3051e-147 2.2541e-58 2.5400e-52 3.6022e-50 1.6222e-42 ] 0.0000e+00 [ 0.0000e+00 ] 1.0000e+00
 5.871e+01 1.3952e-42 1.3952e-42 [ 1.0700e-193 1.3847e-147 1.6394e-58 1.9668e-52 2.8541e-50 1.3952e-42 ] 0.0000e+00 [ 0.0000e+00 ] 1.0000e+00
 5.882e+01 1.1996e-42 1.1996e-42 [ 3.9044e-194 5.7986e-148 1.1915e-58 1.5221e-52 2.2600e-50 1.1996e-42 ] 0.0000e+00 [ 0.0000e+00 ] 1.0000e+00
 5.893e+01 1.0310e-42 1.0310e-42 [ 1.4244e-194 2.4272e-148 8.6537e-59 1.1772e-52 1.7887e-50 1.0310e-42 ] 0.0000e+00 [ 0.0000e+00 ] 1.0000e+00
 5.905e+01 8.8576e-43 8.8576e-43 [ 5.1953e-195 1.0155e-148 6.2807e-59 9.0997e-53 1.4149e-50 8.8576e-43 ] 0.0000e+00 [ 0.0000e+00 ] 1.0000e+00
 5.916e+01 7.6074e-43 7.6074e-43 [ 1.8945e-195 4.2471e-149 4.5552e-59 7.0299e-53 1.1186e-50 7.6074e-43 ] 0.0000e+00 [ 0.0000e+00 ] 1.0000e+00
 5.927e+01 6.5313e-43 6.5313e-43 [ 6.9070e-196 1.7754e-149 3.3014e-59 5.4277e-53 8.8393e-51 6.5313e-43 ] 0.0000e+00 [ 0.0000e+00 ] 1.0000e+00
 5.939e+01 5.6055e-43 5.6055e-43 [ 2.5176e-196 7.4187e-150 2.3910e-59 4.1883e-53 6.9809e-51 5.6055e-43 ] 0.0000e+00 [ 0.0000e+00 ] 1.0000e+00
 5.950e+01 4.8092e-43 4.8092e-43 [ 9.1748e-197 3.0986e-150 1.7305e-59 3.2300e-53 5.5103e-51 4.8092e-43 ] 0.0000e+00 [ 0.0000e+00 ] 1.0000e+00
 5.961e+01 4.1246e-43 4.1246e-43 [ 3.3428e-197 1.2936e-150 1.2515e-59 2.4895e-53 4.3472e-51 4.1246e-43 ] 0.0000e+00 [ 0.0000e+00 ] 1.0000e+00
 5.973e+01 3.5362e-43 3.5362e-43 [ 1.2177e-197 5.3986e-151 9.0453e-60 1.9177e-53 3.4277e-51 3.5362e-43 ] 0.0000e+00 [ 0.0000e+00 ] 1.0000e+00
 5.984e+01 3.0307e-43 3.0307e-43 [ 4.4347e-198 2.2519e-151 6.5327e-60 1.4764e-53 2.7013e-51 3.0307e-43 ] 0.0000e+00 [ 0.0000e+00 ] 1.0000e+00
 5.995e+01 2.5965e-43 2.5965e-43 [ 1.6147e-198 9.3896e-152 4.7147e-60 1.1359e-53 2.1277e-51 2.5965e-43 ] 0.0000e+00 [ 0.0000e+00 ] 1.0000e+00
 6.007e+01 2.2238e-43 2.2238e-43 [ 5.8781e-199 3.9134e-152 3.4003e-60 8.7351e-54 1.6750e-51 2.2238e-43 ] 0.0000e+00 [ 0.0000e+00 ] 1.0000e+00
 6.018e+01 1.9039e-43 1.9039e-43 [ 2.1394e-199 1.6304e-152 2.4506e-60 6.7132e-54 1.3179e-51 1.9039e-43 ] 0.0000e+00 [ 0.0000e+00 ] 1.0000e+00
 6.029e+01 1.6294e-43 1.6294e-43 [ 7.7848e-200 6.7893e-153 1.7649e-60 5.1563e-54 1.0364e-51 1.6294e-43 ] 0.0000e+00 [ 0.0000e+00 ] 1.0000e+00
 6.041e+01 1.3940e-43 1.3940e-43 [ 2.8322e-200 2.8261e-153 1.2702e-60 3.9582e-54 8.1458e-52 1.3940e-43 ] 0.0000e+00 [ 0.0000e+00 ] 1.0000e+00
 6.052e+01 1.1922e-43 1.1922e-43 [ 1.0301e-200 1.1759e-153 9.1355e-61 3.0367e-54 6.3990e-52 1.1922e-43 ] 0.0000e+00 [ 0.0000e+00 ] 1.0000e+00
 6.063e+01 1.0193e-43 1.0193e-43 [ 3.7461e-201 4.8905e-154 6.5656e-61 2.3284e-54 5.0241e-52 1.0193e-43 ] 0.0000e+00 [ 0.0000e+00 ] 1.0000e+00
 6.075e+01 8.7112e-44 8.7112e-44 [ 1.3620e-201 2.0331e-154 4.7154e-61 1.7843e-54 3.9425e-52 8.7112e-44 ] 0.0000e+00 [ 0.0000e+00 ] 1.0000e+00
 6.086e+01 7.4423e-44 7.4423e-44 [ 4.9508e-202 8.4489e-155 3.3842e-61 1.3665e-54 3.0921e-52 7.4423e-44 ] 0.0000e+00 [ 0.0000e+00 ] 1.0000e+00
 6.097e+01 6.3561e-44 6.3561e-44 [ 1.7993e-202 3.5096e-155 2.4271e-61 1.0460e-54 2.4239e-52 6.3561e-44 ] 0.0000e+00 [ 0.0000e+00 ] 1.0000e+00
 6.109e+01 5.4264e-44 5.4264e-44 [ 6.5376e-203 1.4572e-155 1.7395e-61 8.0017e-55 1.8990e-52 5.4264e-44 ] 0.0000e+00 [ 0.0000e+00 ] 1.0000e+00
 6.120e+01 4.6311e-44 4.6311e-44 [ 2.3749e-203 6.0482e-156 1.2458e-61 6.1176e-55 1.4870e-52 4.6311e-44 ] 0.0000e+00 [ 0.0000e+00 ] 1.0000e+00
 6.131e+01 3.9510e-44 3.9510e-44 [ 8.6256e-204 2.5092e-156 8.9161e-62 4.6745e-55 1.1638e-52 3.9510e-44 ] 0.0000e+00 [ 0.0000e+00 ] 1.0000e+00
 6.143e+01 3.3696e-44 3.3696e-44 [ 3.1322e-204 1.0406e-156 6.3768e-62 3.5698e-55 9.1036e-53 3.3696e-44 ] 0.0000e+00 [ 0.0000e+00 ] 1.0000e+00
 6.154e+01 2.8727e-44 2.8727e-44 [ 1.1371e-204 4.3136e-157 4.5575e-62 2.7245e-55 7.1173e-53 2.8727e-44 ] 0.0000e+00 [ 0.0000e+00 ] 1.0000e+00
 6.165e+01 2.4483e-44 2.4483e-44 [ 4.1275e-205 1.7874e-157 3.2549e-62 2.0782e-55 5.5614e-53 2.4483e-44 ] 0.0000e+00 [ 0.0000e+00 ] 1.0000e+00
 6.177e+01 2.0858e-44 2.0858e-44 [ 1.4978e-205 7.4035e-158 2.3231e-62 1.5843e-55 4.3433e-53 2.0858e-44 ] 0.0000e+00 [ 0.0000e+00 ] 1.0000e+00
 6.188e+01 1.7764e-44 1.7764e-44 [ 5.4345e-206 3.0653e-158 1.6568e-62 1.2071e-55 3.3902e-53 1.7764e-44 ] 0.0000e+00 [ 0.0000e+00 ] 1.0000e+00
 6.199e+01 1.5123e-44 1.5123e-44 [ 1.9714e-206 1.2686e-158 1.1808e-62 9.1918e-56 2.6448e-53 1.5123e-44 ] 0.0000e+00 [ 0.0000e+00 ] 1.0000e+00
 6.211e+01 1.2871e-44 1.2871e-44 [ 7.1497e-207 5.2482e-159 8.4101e-63 6.9953e-56 2.0623e-53 1.2871e-44 ] 0.0000e+00 [ 0.0000e+00 ] 1.0000e+00
 6.222e+01 1.0950e-44 1.0950e-44 [ 2.5925e-207 2.1703e-159 5.9857e-63 5.3206e-56 1.6072e-53 1.0950e-44 ] 0.0000e+00 [ 0.0000e+00 ] 1.0000e+00
 6.233e+01 9.3123e-45 9.3123e-45 [ 9.3984e-208 8.9712e-160 4.2572e-63 4.0445e-56 1.2518e-53 9.3123e-45 ] 0.0000e+00 [ 0.0000e+00 ] 1.0000e+00
 6.245e+01 7.9170e-45 7.9170e-45 [ 3.4065e-208 3.7069e-160 3.0257e-63 3.0726e-56 9.7454e-54 7.9170e-45 ] 0.0000e+00 [ 0.0000e+00 ] 1.0000e+00
 6.256e+01 6.7283e-45 6.7283e-45 [ 1.2344e-208 1.5311e-160 2.1490e-63 2.3330e-56 7.5827e-54 6.7283e-45 ] 0.0000e+00 [ 0.0000e+00 ] 1.0000e+00
 6.267e+01 5.7161e-45 5.7161e-45 [ 4.4724e-209 6.3213e-161 1.5253e-63 1.7704e-56 5.8968e-54 5.7161e-45 ] 0.0000e+00 [ 0.0000e+00 ] 1.0000e+00
 6.279e+01 4.8545e-45 4.8545e-45 [ 1.6200e-209 2.6088e-161 1.0818e-63 1.3427e-56 4.5833e-54 4.8545e-45 ] 0.0000e+00 [ 0.0000e+00 ] 1.0000e+00
 6.290e+01 4.1213e-45 4.1213e-45 [ 5.8670e-210 1.0762e-161 7.6674e-64 1.0177e-56 3.5605e-54 4.1213e-45 ] 0.0000e+00 [ 0.0000e+00 ] 1.0000e+00
 6.301e+01 3.4977e-45 3.4977e-45 [ 2.1243e-210 4.4382e-162 5.4306e-64 7.7096e-57 2.7645e-54 3.4977e-45 ] 0.0000e+00 [ 0.0000e+00 ] 1.0000e+00
 6.313e+01 2.9673e-45 2.9673e-45 [ 7.6902e-211 1.8295e-162 3.8437e-64 5.8370e-57 2.1453e-54 2.9673e-45 ] 0.0000e+00 [ 0.0000e+00 ] 1.0000e+00
 6.324e+01 2.5165e-45 2.5165e-45 [ 2.7834e-211 7.5384e-163 2.7187e-64 4.4166e-57 1.6639e-54 2.5165e-45 ] 0.0000e+00 [ 0.0000e+00 ] 1.0000e+00
 6.335e+01 2.1335e-45 2.1335e-45 [ 1.0072e-211 3.1050e-163 1.9216e-64 3.3400e-57 1.2899e-54 2.1335e-45 ] 0.0000e+00 [ 0.0000e+00 ] 1.0000e+00
 6.347e+01 1.8081e-45 1.8081e-45 [ 3.6438e-212 1.2784e-163 1.3572e-64 2.5244e-57 9.9939e-55 1.8081e-45 ] 0.0000e+00 [ 0.0000e+00 ] 1.0000e+00
 6.358e+01 1.5318e-45 1.5318e-45 [ 1.3180e-212 5.2614e-164 9.5797e-65 1.9068e-57 7.7390e-55 1.5318e-45 ] 0.0000e+00 [ 0.0000e+00 ] 1.0000e+00
 6.369e+01 1.2973e-45 1.2973e-45 [ 4.7664e-213 2.1646e-164 6.7570e-65 1.4395e-57 5.9898e-55 1.2973e-45 ] 0.0000e+00 [ 0.0000e+00 ] 1.0000e+00
 6.381e+01 1.0982e-45 1.0982e-45 [ 1.7234e-213 8.9015e-165 4.7627e-65 1.0861e-57 4.6335e-55 1.0982e-45 ] 0.0000e+00 [ 0.0000e+00 ] 1.0000e+00
 6.392e+01 9.2945e-46 9.2945e-46 [ 6.2297e-214 3.6592e-165 3.3547e-65 8.1901e-58 3.5824e-55 9.2945e-46 ] 0.0000e+00 [ 0.0000e+00 ] 1.0000e+00
 6.403e+01 7.8632e-46 7.8632e-46 [ 2.2515e-214 1.5036e-165 2.3613e-65 6.1724e-58 2.7683e-55 7.8632e-46 ] 0.0000e+00 [ 0.0000e+00 ] 1.0000e+00
 6.415e+01 6.6499e-46 6.6499e-46 [ 8.1356e-215 6.1763e-166 1.6609e-65 4.6490e-58 2.1380e-55 6.6499e-46 ] 0.0000e+00 [ 0.0000e+00 ] 1.0000e+00
 6.426e+01 5.6219e-46 5.6219e-46 [ 2.9391e-215 2.5360e-166 1.1675e-65 3.4997e-58 1.6504e-55 5.6219e-46 ] 0.0000e+00 [ 0.0000e+00 ] 1.0000e+00
 6.437e+01 4.7512e-46 4.7512e-46 [ 1.0616e-215 1.0409e-166 8.2005e-66 2.6329e-58 1.2733e-55 4.7512e-46 ] 0.0000e+00 [ 0.0000e+00 ] 1.0000e+00
 6.449e+01 4.0139e-46 4.0139e-46 [ 3.8335e-216 4.2704e-167 5.7562e-66 1.9797e-58 9.8188e-56 4.0139e-46 ] 0.0000e+00 [ 0.0000e+00 ] 1.0000e+00
 6.460e+01 3.3898e-46 3.3898e-46 [ 1.3840e-216 1.7514e-167 4.0377e-66 1.4877e-58 7.5674e-56 3.3898e-46 ] 0.0000e+00 [ 0.0000e+00 ] 1.0000e+00
 6.471e+01 2.8618e-46 2.8618e-46 [ 4.9958e-217 7.1798e-168 2.8303e-66 1.1173e-58 5.8292e-56 2.8618e-46 ] 0.0000e+00 [ 0.0000e+00 ] 1.0000e+00
 6.483e+01 2.4152e-46 2.4152e-46 [ 1.8029e-217 2.9423e-168 1.9826e-66 8.3870e-59 4.4879e-56 2.4152e-46 ] 0.0000e+00 [ 0.0000e+00 ] 1.0000e+00
 6.494e+01 2.0376e-46 2.0376e-46 [ 6.5052e-218 1.2053e-168 1.3878e-66 6.2918e-59 3.4533e-56 2.0376e-46 ] 0.0000e+00 [ 0.0000e+00 ] 1.0000e+00
 6.505e+01 1.7184e-46 1.7184e-46 [ 2.3467e-218 4.9352e-169 9.7078e-67 4.7173e-59 2.6559e-56 1.7184e-46 ] 0.0000e+00 [ 0.0000e+00 ] 1.0000e+00
 6.517e+01 1.4487e-46 1.4487e-46 [ 8.4634e-219 2.0201e-169 6.7860e-67 3.5348e-59 2.0415e-56 1.4487e-46 ] 0.0000e+00 [ 0.0000e+00 ] 1.0000e+00
 6.528e+01 1.2209e-46 1.2209e-46 [ 3.0518e-219 8.2653e-170 4.7404e-67 2.6472e-59 1.5684e-56 1.2209e-46 ] 0.0000e+00 [ 0.0000e+00 ] 1.0000e+00
 6.539e+01 1.0285e-46 1.0285e-46 [ 1.1002e-219 3.3805e-170 3.3091e-67 1.9813e-59 1.2044e-56 1.0285e-46 ] 0.0000e+00 [ 0.0000e+00 ] 1.0000e+00
 6.551e+01 8.6621e-47 8.6621e-47 [ 3.9654e-220 1.3821e-170 2.3084e-67 1.4821e-59 9.2429e-57 8.6621e-47 ] 0.0000e+00 [ 0.0000e+00 ] 1.0000e+00
 6.562e+01 7.2924e-47 7.2924e-47 [ 1.4289e-220 5.6482e-171 1.6092e-67 1.1080e-59 7.0898e-57 7.2924e-47 ] 0.0000e+00 [ 0.0000e+00 ] 1.0000e+00
 6.573e+01 6.1371e-47 6.1371e-47 [ 5.1480e-221 2.3074e-171 1.1210e-67 8.2791e-60 5.4354e-57 6.1371e-47 ] 0.0000e+00 [ 0.0000e+00 ] 1.0000e+00
 6.585e+01 5.1631e-47 5.1631e-47 [ 1.8543e-221 9.4223e-172 7.8034e-68 6.1824e-60 4.1649e-57 5.1631e-47 ] 0.0000e+00 [ 0.0000e+00 ] 1.0000e+00
 6.596e+01 4.3421e-47 4.3421e-47 [ 6.6776e-222 3.8462e-172 5.4284e-68 4.6141e-60 3.1896e-57 4.3421e-47 ] 0.0000e+00 [ 0.0000e+00 ] 1.0000e+00
 6.607e+01 3.6504e-47 3.6504e-47 [ 2.4042e-222 1.5694e-172 3.7737e-68 3.4416e-60 2.4415e-57 3.6504e-47 ] 0.0000e+00 [ 0.0000e+00 ] 1.0000e+00
 6.619e+01 3.0678e-47 3.0678e-47 [ 8.6540e-223 6.4011e-173 2.6215e-68 2.5656e-60 1.8678e-57 3.0678e-47 ] 0.0000e+00 [ 0.0000e+00 ] 1.0000e+00
 6.630e+01 2.5773e-47 2.5773e-47 [ 3.1144e-223 2.6098e-173 1.8199e-68 1.9115e-60 1.4282e-57 2.5773e-47 ] 0.0000e+00 [ 0.0000e+00 ] 1.0000e+00
 6.641e+01 2.1645e-47 2.1645e-47 [ 1.1205e-223 1.0636e-173 1.2625e-68 1.4233e-60 1.0915e-57 2.1645e-47 ] 0.0000e+00 [ 0.0000e+00 ] 1.0000e+00
 6.653e+01 1.8172e-47 1.8172e-47 [ 4.0308e-224 4.3332e-174 8.7520e-69 1.0592e-60 8.3368e-58 1.8172e-47 ] 0.0000e+00 [ 0.0000e+00 ] 1.0000e+00
 6.664e+01 1.5250e-47 1.5250e-47 [ 1.4496e-224 1.7646e-174 6.0630e-69 7.8777e-61 6.3644e-58 1.5250e-47 ] 0.0000e+00 [ 0.0000e+00 ] 1.0000e+00
 6.675e+01 1.2794e-47 1.2794e-47 [ 5.2121e-225 7.1833e-175 4.1972e-69 5.8557e-61 4.8562e-58 1.2794e-47 ] 0.0000e+00 [ 0.0000e+00 ] 1.0000e+00
 6.687e+01 1.0730e-47 1.0730e-47 [ 1.8736e-225 2.9229e-175 2.9036e-69 4.3502e-61 3.7034e-58 1.0730e-47 ] 0.0000e+00 [ 0.0000e+00 ] 1.0000e+00
 6.698e+01 8.9953e-48 8.9953e-48 [ 6.7335e-226 1.1889e-175 2.0073e-69 3.2298e-61 2.8227e-58 8.9953e-48 ] 0.0000e+00 [ 0.0000e+00 ] 1.0000e+00
 6.709e+01 7.5386e-48 7.5386e-48 [ 2.4194e-226 4.8338e-176 1.3867e-69 2.3967e-61 2.1504e-58 7.5386e-48 ] 0.0000e+00 [ 0.0000e+00 ] 1.0000e+00
 6.721e+01 6.3157e-48 6.3157e-48 [ 8.6909e-227 1.9646e-176 9.5726e-70 1.7774e-61 1.6373e-58 6.3157e-48 ] 0.0000e+00 [ 0.0000e+00 ] 1.0000e+00
 6.732e+01 5.2893e-48 5.2893e-48 [ 3.1212e-227 7.9811e-177 6.6037e-70 1.3174e-61 1.2460e-58 5.2893e-48 ] 0.0000e+00 [ 0.0000e+00 ] 1.0000e+00
 6.743e+01 4.4281e-48 4.4281e-48 [ 1.1207e-227 3.2411e-177 4.5524e-70 9.7582e-62 9.4769e-59 4.4281e-48 ] 0.0000e+00 [ 0.0000e+00 ] 1.0000e+00
 6.755e+01 3.7059e-48 3.7059e-48 [ 4.0228e-228 1.3156e-177 3.1360e-70 7.2242e-62 7.2042e-59 3.7059e-48 ] 0.0000e+00 [ 0.0000e+00 ] 1.0000e+00
 6.766e+01 3.1003e-48 3.1003e-48 [ 1.4437e-228 5.3384e-178 2.1588e-70 5.3451e-62 5.4737e-59 3.1003e-48 ] 0.0000e+00 [ 0.0000e+00 ] 1.0000e+00
 6.777e+01 2.5929e-48 2.5929e-48 [ 5.1799e-229 2.1652e-178 1.4851e-70 3.9524e-62 4.1566e-59 2.5929e-48 ] 0.0000e+00 [ 0.0000e+00 ] 1.0000e+00
 6.789e+01 2.1677e-48 2.1677e-48 [ 1.8580e-229 8.7784e-179 1.0209e-70 2.9209e-62 3.1548e-59 2.1677e-48 ] 0.0000e+00 [ 0.0000e+00 ] 1.0000e+00
 6.800e+01 1.8116e-48 1.8116e-48 [ 6.6631e-230 3.5576e-179 7.0125e-71 2.1574e-62 2.3931e-59 1.8116e-48 ] 0.0000e+00 [ 0.0000e+00 ] 1.0000e+00
 6.811e+01 1.5135e-48 1.5135e-48 [ 2.3889e-230 1.4412e-179 4.8136e-71 1.5925e-62 1.8144e-59 1.5135e-48 ] 0.0000e+00 [ 0.0000e+00 ] 1.0000e+00
 6.823e+01 1.2640e-48 1.2640e-48 [ 8.5625e-231 5.8356e-180 3.3019e-71 1.1748e-62 1.3748e-59 1.2640e-48 ] 0.0000e+00 [ 0.0000e+00 ] 1.0000e+00
 6.834e+01 1.0553e-48 1.0553e-48 [ 3.0683e-231 2.3620e-180 2.2633e-71 8.6616e-63 1.0412e-59 1.0553e-48 ] 0.0000e+00 [ 0.0000e+00 ] 1.0000e+00
 6.845e+01 8.8068e-49 8.8068e-49 [ 1.0992e-231 9.5565e-181 1.5503e-71 6.3823e-63 7.8816e-60 8.8068e-49 ] 0.0000e+00 [ 0.0000e+00 ] 1.0000e+00
 6.857e+01 7.3473e-49 7.3473e-49 [ 3.9368e-232 3.8648e-181 1.0611e-71 4.7000e-63 5.9627e-60 7.3473e-49 ] 0.0000e+00 [ 0.0000e+00 ] 1.0000e+00
 6.868e+01 6.1275e-49 6.1275e-49 [ 1.4096e-232 1.5623e-181 7.2576e-72 3.4590e-63 4.5085e-60 6.1275e-49 ] 0.0000e+00 [ 0.0000e+00 ] 1.0000e+00
 6.879e+01 5.1085e-49 5.1085e-49 [ 5.0460e-233 6.3130e-182 4.9603e-72 2.5442e-63 3.4072e-60 5.1085e-49 ] 0.0000e+00 [ 0.0000e+00 ] 1.0000e+00
 6.891e+01 4.2575e-49 4.2575e-49 [ 1.8058e-233 2.5498e-182 3.3878e-72 1.8702e-63 2.5734e-60 4.2575e-49 ] 0.0000e+00 [ 0.0000e+00 ] 1.0000e+00
 6.902e+01 3.5470e-49 3.5470e-49 [ 6.4606e-234 1.0294e-182 2.3120e-72 1.3740e-63 1.9427e-60 3.5470e-49 ] 0.0000e+00 [ 0.0000e+00 ] 1.0000e+00
 6.913e+01 2.9540e-49 2.9540e-49 [ 2.3108e-234 4.1544e-183 1.5767e-72 1.0088e-63 1.4657e-60 2.9540e-49 ] 0.0000e+00 [ 0.0000e+00 ] 1.0000e+00
 6.925e+01 2.4593e-49 2.4593e-49 [ 8.2628e-235 1.6758e-183 1.0745e-72 7.4020e-64 1.1052e-60 2.4593e-49 ] 0.0000e+00 [ 0.0000e+00 ] 1.0000e+00
 6.936e+01 2.0468e-49 2.0468e-49 [ 2.9537e-235 6.7567e-184 7.3168e-73 5.4279e-64 8.3294e-61 2.0468e-49 ] 0.0000e+00 [ 0.0000e+00 ] 1.0000e+00
 6.947e+01 1.7028e-49 1.7028e-49 [ 1.0556e-235 2.7231e-184 4.9787e-73 3.9779e-64 6.2739e-61 1.7028e-49 ] 0.0000e+00 [ 0.0000e+00 ] 1.0000e+00
 6.959e+01 1.4162e-49 1.4162e-49 [ 3.7713e-236 1.0970e-184 3.3852e-73 2.9135e-64 4.7230e-61 1.4162e-49 ] 0.0000e+00 [ 0.0000e+00 ] 1.0000e+00
 6.970e+01 1.1774e-49 1.1774e-49 [ 1.3470e-236 4.4172e-185 2.3000e-73 2.1325e-64 3.5535e-61 1.1774e-49 ] 0.0000e+00 [ 0.0000e+00 ] 1.0000e+00
 6.981e+01 9.7851e-50 9.7851e-50 [ 4.8095e-237 1.7778e-185 1.5615e-73 1.5599e-64 2.6721e-61 9.7851e-50 ] 0.0000e+00 [ 0.0000e+00 ] 1.0000e+00
 6.993e+01 8.1294e-50 8.1294e-50 [ 1.7168e-237 7.1522e-186 1.0593e-73 1.1404e-64 2.0082e-61 8.1294e-50 ] 0.0000e+00 [ 0.0000e+00 ] 1.0000e+00
 7.004e+01 6.7516e-50 6.7516e-50 [ 6.1262e-238 2.8760e-186 7.1808e-74 8.3313e-65 1.5083e-61 6.7516e-50 ] 0.0000e+00 [ 0.0000e+00 ] 1.0000e+00
 7.015e+01 5.6053e-50 5.6053e-50 [ 2.1854e-238 1.1559e-186 4.8639e-74 6.0828e-65 1.1323e-61 5.6053e-50 ] 0.0000e+00 [ 0.0000e+00 ] 1.0000e+00
 7.027e+01 4.6521e-50 4.6521e-50 [ 7.7938e-239 4.6439e-187 3.2920e-74 4.4383e-65 8.4947e-62 4.6521e-50 ] 0.0000e+00 [ 0.0000e+00 ] 1.0000e+00
 7.038e+01 3.8596e-50 3.8596e-50 [ 2.7786e-239 1.8648e-187 2.2264e-74 3.2363e-65 6.3693e-62 3.8596e-50 ] 0.0000e+00 [ 0.0000e+00 ] 1.0000e+00
 7.049e+01 3.2010e-50 3.2010e-50 [ 9.9029e-240 7.4846e-188 1.5045e-74 2.3583e-65 4.7729e-62 3.2010e-50 ] 0.0000e+00 [ 0.0000e+00 ] 1.0000e+00
 7.061e+01 2.6538e-50 2.6538e-50 [ 3.5282e-240 3.0026e-188 1.0159e-74 1.7173e-65 3.5745e-62 2.6538e-50 ] 0.0000e+00 [ 0.0000e+00 ] 1.0000e+00
 7.072e+01 2.1994e-50 2.1994e-50 [ 1.2566e-240 1.2040e-188 6.8542e-75 1.2498e-65 2.6754e-62 2.1994e-50 ] 0.0000e+00 [ 0.0000e+00 ] 1.0000e+00
 7.083e+01 1.8222e-50 1.8222e-50 [ 4.4743e-241 4.8255e-189 4.6208e-75 9.0891e-66 2.0012e-62 1.8222e-50 ] 0.0000e+00 [ 0.0000e+00 ] 1.0000e+00
 7.095e+01 1.5092e-50 1.5092e-50 [ 1.5925e-241 1.9330e-189 3.1126e-75 6.6056e-66 1.4961e-62 1.5092e-50 ] 0.0000e+00 [ 0.0000e+00 ] 1.0000e+00
 7.106e+01 1.2495e-50 1.2495e-50 [ 5.6663e-242 7.7398e-190 2.0949e-75 4.7975e-66 1.1177e-62 1.2495e-50 ] 0.0000e+00 [ 0.0000e+00 ] 1.0000e+00
 7.117e+01 1.0341e-50 1.0341e-50 [ 2.0154e-242 3.0974e-190 1.4088e-75 3.4819e-66 8.3453e-63 1.0341e-50 ] 0.0000e+00 [ 0.0000e+00 ] 1.0000e+00
 7.129e+01 8.5556e-51 8.5556e-51 [ 7.1659e-243 1.2389e-190 9.4667e-76 2.5253e-66 6.2270e-63 8.5556e-51 ] 0.0000e+00 [ 0.0000e+00 ] 1.0000e+00
 7.140e+01 7.0759e-51 7.0759e-51 [ 2.5470e-243 4.9531e-191 6.3558e-76 1.8302e-66 4.6435e-63 7.0759e-51 ] 0.0000e+00 [ 0.0000e+00 ] 1.0000e+00
 7.151e+01 5.8502e-51 5.8502e-51 [ 9.0494e-244 1.9792e-191 4.2636e-76 1.3256e-66 3.4604e-63 5.8502e-51 ] 0.0000e+00 [ 0.0000e+00 ] 1.0000e+00
 7.163e+01 4.8351e-51 4.8351e-51 [ 3.2141e-244 7.9043e-192 2.8577e-76 9.5935e-67 2.5771e-63 4.8351e-51 ] 0.0000e+00 [ 0.0000e+00 ] 1.0000e+00
 7.174e+01 3.9947e-51 3.9947e-51 [ 1.1411e-244 3.1551e-192 1.9137e-76 6.9381e-67 1.9180e-63 3.9947e-51 ] 0.0000e+00 [ 0.0000e+00 ] 1.0000e+00
 7.185e+01 3.2993e-51 3.2993e-51 [ 4.0498e-245 1.2587e-192 1.2804e-76 5.0140e-67 1.4265e-63 3.2993e-51 ] 0.0000e+00 [ 0.0000e+00 ] 1.0000e+00
 7.197e+01 2.7239e-51 2.7239e-51 [ 1.4367e-245 5.0191e-193 8.5598e-77 3.6208e-67 1.0603e-63 2.7239e-51 ] 0.0000e+00 [ 0.0000e+00 ] 1.0000e+00
 7.208e+01 2.2482e-51 2.2482e-51 [ 5.0948e-246 2.0002e-193 5.7173e-77 2.6128e-67 7.8751e-64 2.2482e-51 ] 0.0000e+00 [ 0.0000e+00 ] 1.0000e+00
 7.219e+01 1.8548e-51 1.8548e-51 [ 1.8060e-246 7.9668e-194 3.8152e-77 1.8839e-67 5.8451e-64 1.8548e-51 ] 0.0000e+00 [ 0.0000e+00 ] 1.0000e+00
 7.231e+01 1.5298e-51 1.5298e-51 [ 6.3992e-247 3.1714e-194 2.5437e-77 1.3574e-67 4.3354e-64 1.5298e-51 ] 0.0000e+00 [ 0.0000e+00 ] 1.0000e+00
 7.242e+01 1.2613e-51 1.2613e-51 [ 2.2665e-247 1.2618e-194 1.6944e-77 9.7721e-68 3.2133e-64 1.2613e-51 ] 0.0000e+00 [ 0.0000e+00 ] 1.0000e+00
 7.253e+01 1.0395e-51 1.0395e-51 [ 8.0241e-248 5.0171e-195 1.1276e-77 7.0297e-68 2.3799e-64 1.0395e-51 ] 0.0000e+00 [ 0.0000e+00 ] 1.0000e+00
 7.265e+01 8.5648e-52 8.5648e-52 [ 2.8396e-248 1.9938e-195 7.4972e-78 5.0528e-68 1.7613e-64 8.5648e-52 ] 0.0000e+00 [ 0.0000e+00 ] 1.0000e+00
 7.276e+01 7.0542e-52 7.0542e-52 [ 1.0044e-248 7.9184e-196 4.9801e-78 3.6289e-68 1.3025e-64 7.0542e-52 ] 0.0000e+00 [ 0.0000e+00 ] 1.0000e+00
 7.287e+01 5.8079e-52 5.8079e-52 [ 3.5513e-249 3.1430e-196 3.3049e-78 2.6041e-68 9.6254e-65 5.8079e-52 ] 0.0000e+00 [ 0.0000e+00 ] 1.0000e+00
 7.299e+01 4.7802e-52 4.7802e-52 [ 1.2550e-249 1.2468e-196 2.1910e-78 1.8671e-68 7.1074e-65 4.7802e-52 ] 0.0000e+00 [ 0.0000e+00 ] 1.0000e+00
 7.310e+01 3.9330e-52 3.9330e-52 [ 4.4331e-250 4.9426e-197 1.4512e-78 1.3376e-68 5.2439e-65 3.9330e-52 ] 0.0000e+00 [ 0.0000e+00 ] 1.0000e+00
 7.321e+01 3.2348e-52 3.2348e-52 [ 1.5652e-250 1.9582e-197 9.6022e-79 9.5738e-69 3.8659e-65 3.2348e-52 ] 0.0000e+00 [ 0.0000e+00 ] 1.0000e+00
 7.333e+01 2.6596e-52 2.6596e-52 [ 5.5233e-251 7.7533e-198 6.3471e-79 6.8465e-69 2.8476e-65 2.6596e-52 ] 0.0000e+00 [ 0.0000e+00 ] 1.0000e+00
 7.344e+01 2.1859e-52 2.1859e-52 [ 1.9481e-251 3.0678e-198 4.1912e-79 4.8917e-69 2.0959e-65 2.1859e-52 ] 0.0000e+00 [ 0.0000e+00 ] 1.0000e+00
 7.355e+01 1.7960e-52 1.7960e-52 [ 6.8678e-252 1.2131e-198 2.7648e-79 3.4919e-69 1.5412e-65 1.7960e-52 ] 0.0000e+00 [ 0.0000e+00 ] 1.0000e+00
 7.367e+01 1.4751e-52 1.4751e-52 [ 2.4198e-252 4.7936e-199 1.8219e-79 2.4903e-69 1.1324e-65 1.4751e-52 ] 0.0000e+00 [ 0.0000e+00 ] 1.0000e+00
 7.378e+01 1.2112e-52 1.2112e-52 [ 8.5216e-253 1.8929e-199 1.1993e-79 1.7743e-69 8.3125e-66 1.2112e-52 ] 0.0000e+00 [ 0.0000e+00 ] 1.0000e+00
 7.389e+01 9.9409e-53 9.9409e-53 [ 2.9993e-253 7.4696e-200 7.8862e-80 1.2630e-69 6.0964e-66 9.9409e-53 ] 0.0000e+00 [ 0.0000e+00 ] 1.0000e+00
 7.401e+01 8.1563e-53 8.1563e-53 [ 1.0550e-253 2.9455e-200 5.1800e-80 8.9810e-70 4.4670e-66 8.1563e-53 ] 0.0000e+00 [ 0.0000e+00 ] 1.0000e+00
 7.412e+01 6.6898e-53 6.6898e-53 [ 3.7091e-254 1.1607e-200 3.3987e-80 6.3800e-70 3.2700e-66 6.6898e-53 ] 0.0000e+00 [ 0.0000e+00 ] 1.0000e+00
 7.423e+01 5.4850e-53 5.4850e-53 [ 1.3032e-254 4.5702e-201 2.2274e-80 4.5276e-70 2.3914e-66 5.4850e-53 ] 0.0000e+00 [ 0.0000e+00 ] 1.0000e+00
 7.435e+01 4.4957e-53 4.4957e-53 [ 4.5759e-255 1.7982e-201 1.4581e-80 3.2097e-70 1.7472e-66 4.4957e-53 ] 0.0000e+00 [ 0.0000e+00 ] 1.0000e+00
 7.446e+01 3.6835e-53 3.6835e-53 [ 1.6057e-255 7.0695e-202 9.5338e-81 2.2730e-70 1.2752e-66 3.6835e-53 ] 0.0000e+00 [ 0.0000e+00 ] 1.0000e+00
 7.457e+01 3.0170e-53 3.0170e-53 [ 5.6310e-256 2.7772e-202 6.2263e-81 1.6079e-70 9.2975e-67 3.0170e-53 ] 0.0000e+00 [ 0.0000e+00 ] 1.0000e+00
 7.469e+01 2.4702e-53 2.4702e-53 [ 1.9734e-256 1.0901e-202 4.0613e-81 1.1362e-70 6.7715e-67 2.4702e-53 ] 0.0000e+00 [ 0.0000e+00 ] 1.0000e+00
 7.480e+01 2.0219e-53 2.0219e-53 [ 6.9110e-257 4.2754e-203 2.6459e-81 8.0191e-71 4.9265e-67 2.0219e-53 ] 0.0000e+00 [ 0.0000e+00 ] 1.0000e+00
 7.491e+01 1.6543e-53 1.6543e-53 [ 2.4185e-257 1.6754e-203 1.7216e-81 5.6532e-71 3.5801e-67 1.6543e-53 ] 0.0000e+00 [ 0.0000e+00 ] 1.0000e+00
 7.503e+01 1.3531e-53 1.3531e-53 [ 8.4577e-258 6.5594e-204 1.1187e-81 3.9806e-71 2.5987e-67 1.3531e-53 ] 0.0000e+00 [ 0.0000e+00 ] 1.0000e+00
 7.514e+01 1.1063e-53 1.1063e-53 [ 2.9554e-258 2.5658e-204 7.2602e-82 2.7995e-71 1.8841e-67 1.1063e-53 ] 0.0000e+00 [ 0.0000e+00 ] 1.0000e+00
 7.525e+01 9.0423e-54 9.0423e-54 [ 1.0319e-258 1.0027e-204 4.7053e-82 1.9663e-71 1.3644e-67 9.0423e-54 ] 0.0000e+00 [ 0.0000e+00 ] 1.0000e+00
 7.537e+01 7.3880e-54 7.3880e-54 [ 3.6001e-259 3.9150e-205 3.0453e-82 1.3793e-71 9.8675e-68 7.3880e-54 ] 0.0000e+00 [ 0.0000e+00 ] 1.0000e+00
 7.548e+01 6.0342e-54 6.0342e-54 [ 1.2549e-259 1.5270e-205 1.9682e-82 9.6629e-72 7.1273e-68 6.0342e-54 ] 0.0000e+00 [ 0.0000e+00 ] 1.0000e+00
 7.559e+01 4.9268e-54 4.9268e-54 [ 4.3706e-260 5.9501e-206 1.2702e-82 6.7601e-72 5.1412e-68 4.9268e-54 ] 0.0000e+00 [ 0.0000e+00 ] 1.0000e+00
 7.571e+01 4.0211e-54 4.0211e-54 [ 1.5208e-260 2.3160e-206 8.1854e-83 4.7227e-72 3.7035e-68 4.0211e-54 ] 0.0000e+00 [ 0.0000e+00 ] 1.0000e+00
 7.582e+01 3.2807e-54 3.2807e-54 [ 5.2865e-261 9.0049e-207 5.2667e-83 3.2945e-72 2.6641e-68 3.2807e-54 ] 0.0000e+00 [ 0.0000e+00 ] 1.0000e+00
 7.593e+01 2.6757e-54 2.6757e-54 [ 1.8359e-261 3.4972e-207 3.3834e-83 2.2948e-72 1.9135e-68 2.6757e-54 ] 0.0000e+00 [ 0.0000e+00 ] 1.0000e+00
 7.605e+01 2.1814e-54 2.1814e-54 [ 6.3690e-262 1.3566e-207 2.1701e-83 1.5960e-72 1.3724e-68 2.1814e-54 ] 0.0000e+00 [ 0.0000e+00 ] 1.0000e+00
 7.616e+01 1.7778e-54 1.7778e-54 [ 2.2071e-262 5.2561e-208 1.3895e-83 1.1082e-72 9.8273e-69 1.7778e-54 ] 0.0000e+00 [ 0.0000e+00 ] 1.0000e+00
 7.627e+01 1.4483e-54 1.4483e-54 [ 7.6396e-263 2.0338e-208 8.8821e-84 7.6825e-73 7.0256e-69 1.4483e-54 ] 0.0000e+00 [ 0.0000e+00 ] 1.0000e+00
 7.639e+01 1.1794e-54 1.1794e-54 [ 2.6412e-263 7.8589e-209 5.6674e-84 5.3165e-73 5.0141e-69 1.1794e-54 ] 0.0000e+00 [ 0.0000e+00 ] 1.0000e+00
 7.650e+01 9.6003e-55 9.6003e-55 [ 9.1197e-264 3.0326e-209 3.6095e-84 3.6726e-73 3.5722e-69 9.6003e-55 ] 0.0000e+00 [ 0.0000e+00 ] 1.0000e+00
 7.661e+01 7.8114e-55 7.8114e-55 [ 3.1447e-264 1.1685e-209 2.2945e-84 2.5323e-73 2.5403e-69 7.8114e-55 ] 0.0000e+00 [ 0.0000e+00 ] 1.0000e+00
 7.673e+01 6.3530e-55 6.3530e-55 [ 1.0828e-264 4.4953e-210 1.4556e-84 1.7426e-73 1.8030e-69 6.3530e-55 ] 0.0000e+00 [ 0.0000e+00 ] 1.0000e+00
 7.684e+01 5.1646e-55 5.1646e-55 [ 3.7229e-265 1.7265e-210 9.2149e-85 1.1968e-73 1.2771e-69 5.1646e-55 ] 0.0000e+00 [ 0.0000e+00 ] 1.0000e+00
 7.695e+01 4.1964e-55 4.1964e-55 [ 1.2779e-265 6.6197e-211 5.8208e-85 8.2012e-74 9.0265e-70 4.1964e-55 ] 0.0000e+00 [ 0.0000e+00 ] 1.0000e+00
 7.707e+01 3.4079e-55 3.4079e-55 [ 4.3792e-266 2.5334e-211 3.6684e-85 5.6076e-74 6.3658e-70 3.4079e-55 ] 0.0000e+00 [ 0.0000e+00 ] 1.0000e+00
 7.718e+01 2.7661e-55 2.7661e-55 [ 1.4979e-266 9.6763e-212 2.3063e-85 3.8251e-74 4.4788e-70 2.7661e-55 ] 0.0000e+00 [ 0.0000e+00 ] 1.0000e+00
 7.729e+01 2.2437e-55 2.2437e-55 [ 5.1136e-267 3.6881e-212 1.4463e-85 2.6026e-74 3.1433e-70 2.2437e-55 ] 0.0000e+00 [ 0.0000e+00 ] 1.0000e+00
 7.741e+01 1.8188e-55 1.8188e-55 [ 1.7420e-267 1.4026e-212 9.0448e-86 1.7661e-74 2.2001e-70 1.8188e-55 ] 0.0000e+00 [ 0.0000e+00 ] 1.0000e+00
 7.752e+01 1.4732e-55 1.4732e-55 [ 5.9205e-268 5.3208e-213 5.6401e-86 1.1951e-74 1.5356e-70 1.4732e-55 ] 0.0000e+00 [ 0.0000e+00 ] 1.0000e+00
 7.763e+01 1.1922e-55 1.1922e-55 [ 2.0072e-268 2.0132e-213 3.5061e-86 8.0618e-75 1.0685e-70 1.1922e-55 ] 0.0000e+00 [ 0.0000e+00 ] 1.0000e+00
 7.775e+01 9.6386e-56 9.6386e-56 [ 6.7862e-269 7.5954e-214 2.1723e-86 5.4205e-75 7.4106e-71 9.6386e-56 ] 0.0000e+00 [ 0.0000e+00 ] 1.0000e+00
 7.786e+01 7.7833e-56 7.7833e-56 [ 2.2875e-269 2.8566e-214 1.3410e-86 3.6316e-75 5.1213e-71 7.7833e-56 ] 0.0000e+00 [ 0.0000e+00 ] 1.0000e+00
 7.797e+01 6.2764e-56 6.2764e-56 [ 7.6852e-270 1.0707e-214 8.2461e-87 2.4236e-75 3.5254e-71 6.2764e-56 ] 0.0000e+00 [ 0.0000e+00 ] 1.0000e+00
 7.809e+01 5.0527e-56 5.0527e-56 [ 2.5724e-270 3.9975e-215 5.0488e-87 1.6105e-75 2.4165e-71 5.0527e-56 ] 0.0000e+00 [ 0.0000e+00 ] 1.0000e+00
 7.820e+01 4.0593e-56 4.0593e-56 [ 8.5748e-271 1.4862e-215 3.0766e-87 1.0652e-75 1.6486e-71 4.0593e-56 ] 0.0000e+00 [ 0.0000e+00 ] 1.0000e+00
 7.831e+01 3.2528e-56 3.2528e-56 [ 2.8450e-271 5.4986e-216 1.8649e-87 7.0079e-76 1.1188e-71 3.2528e-56 ] 0.0000e+00 [ 0.0000e+00 ] 1.0000e+00
 7.843e+01 2.5982e-56 2.5982e-56 [ 9.3886e-272 2.0233e-216 1.1237e-87 4.5832e-76 7.5471e-72 2.5982e-56 ] 0.0000e+00 [ 0.0000e+00 ] 1.0000e+00
 7.854e+01 2.0668e-56 2.0668e-56 [ 3.0793e-272 7.3981e-217 6.7247e-88 2.9771e-76 5.0565e-72 2.0668e-56 ] 0.0000e+00 [ 0.0000e+00 ] 1.0000e+00
 7.865e+01 1.6353e-56 1.6353e-56 [ 1.0027e-272 2.6854e-217 3.9931e-88 1.9187e-76 3.3610e-72 1.6353e-56 ] 0.0000e+00 [ 0.0000e+00 ] 1.0000e+00
 7.877e+01 1.2847e-56 1.2847e-56 [ 3.2373e-273 9.6633e-218 2.3494e-88 1.2251e-76 2.2130e-72 1.2847e-56 ] 0.0000e+00 [ 0.0000e+00 ] 1.0000e+00
 7.888e+01 9.9971e-57 9.9971e-57 [ 1.0345e-273 3.4413e-218 1.3671e-88 7.7348e-77 1.4405e-72 9.9971e-57 ] 0.0000e+00 [ 0.0000e+00 ] 1.0000e+00
 7.899e+01 7.6777e-57 7.6777e-57 [ 3.2642e-274 1.2099e-218 7.8485e-89 4.8152e-77 9.2424e-73 7.6777e-57 ] 0.0000e+00 [ 0.0000e+00 ] 1.0000e+00
 7.911e+01 5.7881e-57 5.7881e-57 [ 1.0137e-274 4.1861e-219 4.4284e-89 2.9434e-77 5.8190e-73 5.7881e-57 ] 0.0000e+00 [ 0.0000e+00 ] 1.0000e+00
 7.922e+01 4.2481e-57 4.2481e-57 [ 3.0828e-275 1.4182e-219 2.4415e-89 1.7549e-77 3.5697e-73 4.2481e-57 ] 0.0000e+00 [ 0.0000e+00 ] 1.0000e+00
 7.933e+01 2.9949e-57 2.9949e-57 [ 9.1128e-276 4.6693e-220 1.3022e-89 1.0089e-77 2.1083e-73 2.9949e-57 ] 0.0000e+00 [ 0.0000e+00 ] 1.0000e+00
 7.945e+01 1.9819e-57 1.9819e-57 [ 2.5849e-276 1.4747e-220 6.5938e-90 5.4778e-78 1.1730e-73 1.9819e-57 ] 0.0000e+00 [ 0.0000e+00 ] 1.0000e+00
 7.956e+01 1.1781e-57 1.1781e-57 [ 6.8620e-277 4.3529e-221 3.0475e-90 2.6914e-78 5.8849e-74 1.1781e-57 ] 0.0000e+00 [ 0.0000e+00 ] 1.0000e+00
 7.967e+01 5.7029e-58 5.7029e-58 [ 1.5993e-277 1.1219e-221 1.1662e-90 1.0810e-78 2.4024e-74 5.7029e-58 ] 0.0000e+00 [ 0.0000e+00 ] 1.0000e+00
 7.979e+01 1.6583e-58 1.6583e-58 [ 2.5179e-278 1.9153e-222 2.6534e-91 2.5382e-79 5.6993e-75 1.6583e-58 ] 0.0000e+00 [ 0.0000e+00 ] 1.0000e+00
 7.990e+01 0.0000e+00 0.0000e+00 [ 0.0000e+00 0.0000e+00 0.0000e+00 0.0000e+00 0.0000e+00 0.0000e+00 ] 0.0000e+00 [ 0.0000e+00 ] 1.0000e+00
