 0.000e+00 0.0000e+00 0.0000e+00 [ 0.0000e+00 0.0000e+00 0.0000e+00 0.0000e+00 0.0000e+00 0.0000e+00 ] 0.0000e+00 [ 0.0000e+00 ] 9.9995e-01
 1.133e-01 5.3048e-03 5.3048e-03 [ 5.1658e-03 1.2559e-04 1.3899e-06 4.2540e-07 6.8590e-07 1.0819e-05 ] 0.0000e+00 [ 0.0000e+00 ] 9.9464e-01
 2.267e-01 7.7649e-03 7.7649e-03 [ 7.2343e-03 4.7726e-04 5.8336e-06 1.8630e-06 2.9263e-06 4.2714e-05 ] 0.0000e+00 [ 0.0000e+00 ] 9.9219e-01
 3.400e-01 9.5020e-03 9.5020e-03 [ 8.3913e-03 9.8489e-04 1.4212e-05 4.8535e-06 7.3106e-06 9.9458e-05 ] 0.0000e+00 [ 0.0000e+00 ] 9.9046e-01
 4.533e-01 1.0761e-02 1.0761e-02 [ 8.9651e-03 1.5504e-03 2.8267e-05 1.0519e-05 1.4988e-05 1.9150e-04 ] 0.0000e+00 [ 0.0000e+00 ] 9.8922e-01
 5.667e-01 1.1771e-02 1.1771e-02 [ 9.2593e-03 2.0727e-03 5.1215e-05 2.0998e-05 2.7987e-05 3.3868e-04 ] 0.0000e+00 [ 0.0000e+00 ] 9.8822e-01
 6.800e-01 1.2648e-02 1.2648e-02 [ 9.4225e-03 2.4703e-03 8.9006e-05 4.0288e-05 4.9801e-05 5.7577e-04 ] 0.0000e+00 [ 0.0000e+00 ] 9.8735e-01
 7.933e-01 1.3504e-02 1.3504e-02 [ 9.5294e-03 2.6971e-03 1.5290e-04 7.5854e-05 8.6428e-05 9.6256e-04 ] 0.0000e+00 [ 0.0000e+00 ] 9.8650e-01
 9.067e-01 1.4523e-02 1.4523e-02 [ 9.6216e-03 2.7453e-03 2.6468e-04 1.4171e-04 1.4823e-04 1.6017e-03 ] 0.0000e+00 [ 0.0000e+00 ] 9.8548e-01
 1.020e+00 1.6022e-02 1.6022e-02 [ 9.7280e-03 2.6390e-03 4.6731e-04 2.6431e-04 2.5329e-04 2.6697e-03 ] 0.0000e+00 [ 0.0000e+00 ] 9.8398e-01
 1.133e+00 1.8545e-02 1.8545e-02 [ 9.8794e-03 2.4216e-03 8.4675e-04 4.9385e-04 4.3338e-04 4.4703e-03 ] 0.0000e+00 [ 0.0000e+00 ] 9.8146e-01
 1.247e+00 2.3035e-02 2.3035e-02 [ 1.0119e-02 2.1423e-03 1.5769e-03 9.2594e-04 7.4474e-04 7.5257e-03 ] 0.0000e+00 [ 0.0000e+00 ] 9.7696e-01
 1.360e+00 3.1130e-02 3.1130e-02 [ 1.0520e-02 1.8446e-03 3.0117e-03 1.7422e-03 1.2870e-03 1.2724e-02 ] 0.0000e+00 [ 0.0000e+00 ] 9.6887e-01
 1.473e+00 4.5696e-02 4.5696e-02 [ 1.1206e-02 1.5605e-03 5.8680e-03 3.2837e-03 2.2350e-03 2.1542e-02 ] 0.0000e+00 [ 0.0000e+00 ] 9.5430e-01
 1.587e+00 7.1639e-02 7.1639e-02 [ 1.2381e-02 1.3085e-03 1.1569e-02 6.1707e-03 3.8852e-03 3.6325e-02 ] 0.0000e+00 [ 0.0000e+00 ] 9.2836e-01
 1.700e+00 1.1680e-01 1.1680e-01 [ 1.4345e-02 1.0946e-03 2.2786e-02 1.1454e-02 6.7029e-03 6.0417e-02 ] 0.0000e+00 [ 0.0000e+00 ] 8.8320e-01
 1.813e+00 1.9173e-01 1.9173e-01 [ 1.7439e-02 9.1435e-04 4.3922e-02 2.0643e-02 1.1290e-02 9.7524e-02 ] 0.0000e+00 [ 0.0000e+00 ] 8.0826e-01
 1.927e+00 3.0492e-01 3.0492e-01 [ 2.1771e-02 7.5606e-04 8.0259e-02 3.5135e-02 1.8069e-02 1.4893e-01 ] 0.0000e+00 [ 0.0000e+00 ] 6.9507e-01
 2.040e+00 4.4945e-01 4.4945e-01 [ 2.6677e-02 6.0724e-04 1.3317e-01 5.4375e-02 2.6476e-02 2.0814e-01 ] 0.0000e+00 [ 0.0000e+00 ] 5.5055e-01
 2.153e+00 5.9146e-01 5.9146e-01 [ 3.0578e-02 4.6750e-04 1.9282e-01 7.4007e-02 3.4395e-02 2.5919e-01 ] 0.0000e+00 [ 0.0000e+00 ] 4.0854e-01
 2.267e+00 6.9201e-01 6.9201e-01 [ 3.2308e-02 3.5482e-04 2.4203e-01 8.8488e-02 3.9635e-02 2.8919e-01 ] 0.0000e+00 [ 0.0000e+00 ] 3.0799e-01
 2.380e+00 7.4401e-01 7.4401e-01 [ 3.2326e-02 2.8861e-04 2.7220e-01 9.6308e-02 4.2048e-02 3.0084e-01 ] 0.0000e+00 [ 0.0000e+00 ] 2.5599e-01
 2.493e+00 7.6276e-01 7.6276e-01 [ 3.1724e-02 2.7649e-04 2.8507e-01 9.9173e-02 4.2748e-02 3.0377e-01 ] 0.0000e+00 [ 0.0000e+00 ] 2.3723e-01
 2.607e+00 7.5934e-01 7.5934e-01 [ 3.1101e-02 3.2327e-04 2.8348e-01 9.8456e-02 4.2476e-02 3.0351e-01 ] 0.0000e+00 [ 0.0000e+00 ] 2.4066e-01
 2.720e+00 7.3155e-01 7.3155e-01 [ 3.0381e-02 4.4014e-04 2.6679e-01 9.3903e-02 4.1097e-02 2.9893e-01 ] 0.0000e+00 [ 0.0000e+00 ] 2.6845e-01
 2.833e+00 6.6526e-01 6.6526e-01 [ 2.8873e-02 6.4030e-04 2.3164e-01 8.3838e-02 3.7689e-02 2.8258e-01 ] 0.0000e+00 [ 0.0000e+00 ] 3.3473e-01
 2.947e+00 5.4909e-01 5.4909e-01 [ 2.5725e-02 9.1900e-04 1.7843e-01 6.7233e-02 3.1382e-02 2.4540e-01 ] 0.0000e+00 [ 0.0000e+00 ] 4.5091e-01
 3.060e+00 4.0190e-01 4.0190e-01 [ 2.1105e-02 1.2460e-03 1.1957e-01 4.7172e-02 2.3069e-02 1.8974e-01 ] 0.0000e+00 [ 0.0000e+00 ] 5.9809e-01
 3.173e+00 2.6560e-01 2.6560e-01 [ 1.6366e-02 1.6000e-03 7.1560e-02 2.9369e-02 1.5157e-02 1.3155e-01 ] 0.0000e+00 [ 0.0000e+00 ] 7.3440e-01
 3.287e+00 1.6545e-01 1.6545e-01 [ 1.2599e-02 1.9914e-03 4.0396e-02 1.6847e-02 9.2295e-03 8.4384e-02 ] 0.0000e+00 [ 0.0000e+00 ] 8.3455e-01
 3.400e+00 1.0156e-01 1.0156e-01 [ 1.0004e-02 2.4448e-03 2.2805e-02 9.2292e-03 5.3909e-03 5.1687e-02 ] 0.0000e+00 [ 0.0000e+00 ] 8.9843e-01
 3.513e+00 6.3825e-02 6.3825e-02 [ 8.3113e-03 2.9808e-03 1.3569e-02 4.9533e-03 3.0926e-03 3.0918e-02 ] 0.0000e+00 [ 0.0000e+00 ] 9.3617e-01
 3.627e+00 4.2398e-02 4.2398e-02 [ 7.1933e-03 3.6102e-03 8.8597e-03 2.6488e-03 1.7671e-03 1.8319e-02 ] 0.0000e+00 [ 0.0000e+00 ] 9.5760e-01
 3.740e+00 3.0488e-02 3.0488e-02 [ 6.4078e-03 4.3345e-03 6.4580e-03 1.4292e-03 1.0135e-03 1.0845e-02 ] 0.0000e+00 [ 0.0000e+00 ] 9.6951e-01
 3.853e+00 2.3981e-02 2.3981e-02 [ 5.8061e-03 5.1469e-03 5.2028e-03 7.8750e-04 5.8601e-04 6.4516e-03 ] 0.0000e+00 [ 0.0000e+00 ] 9.7602e-01
 3.967e+00 2.0514e-02 2.0514e-02 [ 5.3051e-03 6.0328e-03 4.5119e-03 4.4977e-04 3.4251e-04 3.8716e-03 ] 0.0000e+00 [ 0.0000e+00 ] 9.7949e-01
 4.080e+00 1.8755e-02 1.8755e-02 [ 4.8610e-03 6.9706e-03 4.0979e-03 2.7133e-04 2.0287e-04 2.3513e-03 ] 0.0000e+00 [ 0.0000e+00 ] 9.8125e-01
 4.193e+00 1.7953e-02 1.7953e-02 [ 4.4522e-03 7.9326e-03 3.8200e-03 1.7652e-04 1.2218e-04 1.4493e-03 ] 0.0000e+00 [ 0.0000e+00 ] 9.8205e-01
 4.307e+00 1.7675e-02 1.7675e-02 [ 4.0689e-03 8.8870e-03 3.6089e-03 1.2581e-04 7.5189e-05 9.0903e-04 ] 0.0000e+00 [ 0.0000e+00 ] 9.8234e-01
 4.420e+00 1.7666e-02 1.7666e-02 [ 3.7071e-03 9.8002e-03 3.4309e-03 9.8452e-05 4.7638e-05 5.8155e-04 ] 0.0000e+00 [ 0.0000e+00 ] 9.8235e-01
 4.533e+00 1.7770e-02 1.7770e-02 [ 3.3656e-03 1.0639e-02 3.2698e-03 8.3526e-05 3.1396e-05 3.8024e-04 ] 0.0000e+00 [ 0.0000e+00 ] 9.8225e-01
 4.647e+00 1.7890e-02 1.7890e-02 [ 3.0446e-03 1.1376e-02 3.1180e-03 7.5243e-05 2.1786e-05 2.5447e-04 ] 0.0000e+00 [ 0.0000e+00 ] 9.8213e-01
 4.760e+00 1.7964e-02 1.7964e-02 [ 2.7444e-03 1.1986e-02 2.9724e-03 7.0517e-05 1.6094e-05 1.7446e-04 ] 0.0000e+00 [ 0.0000e+00 ] 9.8206e-01
 4.873e+00 1.7954e-02 1.7954e-02 [ 2.4652e-03 1.2454e-02 2.8316e-03 6.7697e-05 1.2735e-05 1.2254e-04 ] 0.0000e+00 [ 0.0000e+00 ] 9.8207e-01
 4.987e+00 1.7840e-02 1.7840e-02 [ 2.2069e-03 1.2772e-02 2.6956e-03 6.5893e-05 1.0772e-05 8.8152e-05 ] 0.0000e+00 [ 0.0000e+00 ] 9.8218e-01
 5.100e+00 1.7614e-02 1.7614e-02 [ 1.9692e-03 1.2941e-02 2.5645e-03 6.4624e-05 9.6517e-06 6.4887e-05 ] 0.0000e+00 [ 0.0000e+00 ] 9.8241e-01
 5.213e+00 1.7277e-02 1.7277e-02 [ 1.7516e-03 1.2965e-02 2.4385e-03 6.3631e-05 9.0408e-06 4.8815e-05 ] 0.0000e+00 [ 0.0000e+00 ] 9.8275e-01
 5.327e+00 1.6837e-02 1.6837e-02 [ 1.5533e-03 1.2857e-02 2.3179e-03 6.2774e-05 8.7402e-06 3.7487e-05 ] 0.0000e+00 [ 0.0000e+00 ] 9.8319e-01
 5.440e+00 1.6308e-02 1.6308e-02 [ 1.3732e-03 1.2632e-02 2.2028e-03 6.1978e-05 8.6293e-06 2.9350e-05 ] 0.0000e+00 [ 0.0000e+00 ] 9.8372e-01
 5.553e+00 1.5705e-02 1.5705e-02 [ 1.2103e-03 1.2308e-02 2.0934e-03 6.1203e-05 8.6346e-06 2.3400e-05 ] 0.0000e+00 [ 0.0000e+00 ] 9.8433e-01
 5.667e+00 1.5044e-02 1.5044e-02 [ 1.0635e-03 1.1903e-02 1.9894e-03 6.0429e-05 8.7111e-06 1.8979e-05 ] 0.0000e+00 [ 0.0000e+00 ] 9.8499e-01
 5.780e+00 1.4341e-02 1.4341e-02 [ 9.3164e-04 1.1434e-02 1.8910e-03 5.9645e-05 8.8310e-06 1.5644e-05 ] 0.0000e+00 [ 0.0000e+00 ] 9.8569e-01
 5.893e+00 1.3612e-02 1.3612e-02 [ 8.1353e-04 1.0920e-02 1.7977e-03 5.8847e-05 8.9769e-06 1.3091e-05 ] 0.0000e+00 [ 0.0000e+00 ] 9.8642e-01
 6.007e+00 1.2871e-02 1.2871e-02 [ 7.0809e-04 1.0375e-02 1.7096e-03 5.8033e-05 9.1376e-06 1.1111e-05 ] 0.0000e+00 [ 0.0000e+00 ] 9.8717e-01
 6.120e+00 1.2128e-02 1.2128e-02 [ 6.1427e-04 9.8115e-03 1.6263e-03 5.7203e-05 9.3059e-06 9.5532e-06 ] 0.0000e+00 [ 0.0000e+00 ] 9.8791e-01
 6.233e+00 1.1394e-02 1.1394e-02 [ 5.3104e-04 9.2417e-03 1.5475e-03 5.6358e-05 9.4765e-06 8.3111e-06 ] 0.0000e+00 [ 0.0000e+00 ] 9.8865e-01
 6.347e+00 1.0677e-02 1.0677e-02 [ 4.5745e-04 8.6744e-03 1.4731e-03 5.5499e-05 9.6459e-06 7.3069e-06 ] 0.0000e+00 [ 0.0000e+00 ] 9.8937e-01
 6.460e+00 9.9829e-03 9.9829e-03 [ 3.9261e-04 8.1166e-03 1.4028e-03 5.4628e-05 9.8111e-06 6.4833e-06 ] 0.0000e+00 [ 0.0000e+00 ] 9.9006e-01
 6.573e+00 9.3151e-03 9.3151e-03 [ 3.3567e-04 7.5736e-03 1.3363e-03 5.3746e-05 9.9697e-06 5.7981e-06 ] 0.0000e+00 [ 0.0000e+00 ] 9.9073e-01
 6.687e+00 8.6770e-03 8.6770e-03 [ 2.8586e-04 7.0494e-03 1.2735e-03 5.2855e-05 1.0119e-05 5.2197e-06 ] 0.0000e+00 [ 0.0000e+00 ] 9.9137e-01
 6.800e+00 8.0702e-03 8.0702e-03 [ 2.4244e-04 6.5466e-03 1.2142e-03 5.1957e-05 1.0258e-05 4.7246e-06 ] 0.0000e+00 [ 0.0000e+00 ] 9.9198e-01
 6.913e+00 7.4955e-03 7.4955e-03 [ 2.0476e-04 6.0669e-03 1.1582e-03 5.1055e-05 1.0385e-05 4.2949e-06 ] 0.0000e+00 [ 0.0000e+00 ] 9.9255e-01
 7.027e+00 6.9530e-03 6.9530e-03 [ 1.7217e-04 5.6110e-03 1.1052e-03 5.0151e-05 1.0496e-05 3.9173e-06 ] 0.0000e+00 [ 0.0000e+00 ] 9.9309e-01
 7.140e+00 6.4422e-03 6.4422e-03 [ 1.4412e-04 5.1794e-03 1.0553e-03 4.9248e-05 1.0591e-05 3.5815e-06 ] 0.0000e+00 [ 0.0000e+00 ] 9.9360e-01
 7.253e+00 5.9624e-03 5.9624e-03 [ 1.2008e-04 4.7718e-03 1.0082e-03 4.8349e-05 1.0668e-05 3.2800e-06 ] 0.0000e+00 [ 0.0000e+00 ] 9.9408e-01
 7.367e+00 5.5125e-03 5.5125e-03 [ 9.9571e-05 4.3880e-03 9.6376e-04 4.7456e-05 1.0724e-05 3.0068e-06 ] 0.0000e+00 [ 0.0000e+00 ] 9.9453e-01
 7.480e+00 5.0916e-03 5.0916e-03 [ 8.2155e-05 4.0274e-03 9.2201e-04 4.6574e-05 1.0759e-05 2.7575e-06 ] 0.0000e+00 [ 0.0000e+00 ] 9.9495e-01
 7.593e+00 4.6985e-03 4.6985e-03 [ 6.7438e-05 3.6893e-03 8.8279e-04 4.5704e-05 1.0771e-05 2.5288e-06 ] 0.0000e+00 [ 0.0000e+00 ] 9.9534e-01
 7.707e+00 4.3320e-03 4.3320e-03 [ 5.5066e-05 3.3730e-03 8.4604e-04 4.4851e-05 1.0758e-05 2.3179e-06 ] 0.0000e+00 [ 0.0000e+00 ] 9.9571e-01
 7.820e+00 3.9911e-03 3.9911e-03 [ 4.4719e-05 3.0778e-03 8.1169e-04 4.4018e-05 1.0720e-05 2.1229e-06 ] 0.0000e+00 [ 0.0000e+00 ] 9.9605e-01
 7.933e+00 3.6747e-03 3.6747e-03 [ 3.6113e-05 2.8031e-03 7.7969e-04 4.3208e-05 1.0656e-05 1.9421e-06 ] 0.0000e+00 [ 0.0000e+00 ] 9.9636e-01
 8.047e+00 3.3819e-03 3.3819e-03 [ 2.8995e-05 2.5482e-03 7.5000e-04 4.2423e-05 1.0565e-05 1.7744e-06 ] 0.0000e+00 [ 0.0000e+00 ] 9.9665e-01
 8.160e+00 3.1118e-03 3.1118e-03 [ 2.3142e-05 2.3123e-03 7.2258e-04 4.1668e-05 1.0446e-05 1.6188e-06 ] 0.0000e+00 [ 0.0000e+00 ] 9.9692e-01
 8.273e+00 2.8633e-03 2.8633e-03 [ 1.8358e-05 2.0948e-03 6.9742e-04 4.0943e-05 1.0300e-05 1.4742e-06 ] 0.0000e+00 [ 0.0000e+00 ] 9.9717e-01
 8.387e+00 2.6357e-03 2.6357e-03 [ 1.4472e-05 1.8950e-03 6.7451e-04 4.0251e-05 1.0128e-05 1.3402e-06 ] 0.0000e+00 [ 0.0000e+00 ] 9.9739e-01
 8.500e+00 2.4280e-03 2.4280e-03 [ 1.1336e-05 1.7121e-03 6.5383e-04 3.9594e-05 9.9284e-06 1.2160e-06 ] 0.0000e+00 [ 0.0000e+00 ] 9.9760e-01
 8.613e+00 2.2394e-03 2.2394e-03 [ 8.8210e-06 1.5454e-03 6.3539e-04 3.8974e-05 9.7038e-06 1.1011e-06 ] 0.0000e+00 [ 0.0000e+00 ] 9.9778e-01
 8.727e+00 2.0689e-03 2.0689e-03 [ 6.8181e-06 1.3940e-03 6.1920e-04 3.8389e-05 9.4549e-06 9.9504e-07 ] 0.0000e+00 [ 0.0000e+00 ] 9.9795e-01
 8.840e+00 1.9156e-03 1.9156e-03 [ 5.2340e-06 1.2571e-03 6.0529e-04 3.7842e-05 9.1834e-06 8.9725e-07 ] 0.0000e+00 [ 0.0000e+00 ] 9.9810e-01
 8.953e+00 1.7785e-03 1.7785e-03 [ 3.9900e-06 1.1338e-03 5.9365e-04 3.7332e-05 8.8909e-06 8.0733e-07 ] 0.0000e+00 [ 0.0000e+00 ] 9.9824e-01
 9.067e+00 1.6566e-03 1.6566e-03 [ 3.0202e-06 1.0231e-03 5.8432e-04 3.6856e-05 8.5796e-06 7.2482e-07 ] 0.0000e+00 [ 0.0000e+00 ] 9.9836e-01
 9.180e+00 1.5489e-03 1.5489e-03 [ 2.2697e-06 9.2400e-04 5.7731e-04 3.6415e-05 8.2517e-06 6.4930e-07 ] 0.0000e+00 [ 0.0000e+00 ] 9.9846e-01
 9.293e+00 1.4544e-03 1.4544e-03 [ 1.6934e-06 8.3554e-04 5.7262e-04 3.6006e-05 7.9096e-06 5.8034e-07 ] 0.0000e+00 [ 0.0000e+00 ] 9.9855e-01
 9.407e+00 1.3719e-03 1.3719e-03 [ 1.2541e-06 7.5673e-04 5.7026e-04 3.5626e-05 7.5559e-06 5.1755e-07 ] 0.0000e+00 [ 0.0000e+00 ] 9.9863e-01
 9.520e+00 1.3006e-03 1.3006e-03 [ 9.2189e-07 6.8658e-04 5.7022e-04 3.5272e-05 7.1933e-06 4.6051e-07 ] 0.0000e+00 [ 0.0000e+00 ] 9.9870e-01
 9.633e+00 1.2394e-03 1.2394e-03 [ 6.7263e-07 6.2412e-04 5.7248e-04 3.4941e-05 6.8244e-06 4.0883e-07 ] 0.0000e+00 [ 0.0000e+00 ] 9.9876e-01
 9.747e+00 1.1874e-03 1.1874e-03 [ 4.8708e-07 5.6844e-04 5.7698e-04 3.4628e-05 6.4519e-06 3.6214e-07 ] 0.0000e+00 [ 0.0000e+00 ] 9.9881e-01
 9.860e+00 1.1434e-03 1.1434e-03 [ 3.5006e-07 5.1870e-04 5.8366e-04 3.4329e-05 6.0784e-06 3.2007e-07 ] 0.0000e+00 [ 0.0000e+00 ] 9.9886e-01
 9.973e+00 1.1068e-03 1.1068e-03 [ 2.4967e-07 4.7408e-04 5.9243e-04 3.4039e-05 5.7065e-06 2.8225e-07 ] 0.0000e+00 [ 0.0000e+00 ] 9.9889e-01
 1.009e+01 1.0766e-03 1.0766e-03 [ 1.7673e-07 4.3388e-04 6.0318e-04 3.3754e-05 5.3385e-06 2.4835e-07 ] 0.0000e+00 [ 0.0000e+00 ] 9.9892e-01
 1.020e+01 1.0520e-03 1.0520e-03 [ 1.2415e-07 3.9745e-04 6.1575e-04 3.3468e-05 4.9767e-06 2.1804e-07 ] 0.0000e+00 [ 0.0000e+00 ] 9.9894e-01
 1.031e+01 1.0323e-03 1.0323e-03 [ 8.6549e-08 3.6424e-04 6.2997e-04 3.3177e-05 4.6232e-06 1.9101e-07 ] 0.0000e+00 [ 0.0000e+00 ] 9.9896e-01
 1.043e+01 1.0168e-03 1.0168e-03 [ 5.9881e-08 3.3377e-04 6.4565e-04 3.2875e-05 4.2798e-06 1.6697e-07 ] 0.0000e+00 [ 0.0000e+00 ] 9.9898e-01
 1.054e+01 1.0049e-03 1.0049e-03 [ 4.1117e-08 3.0564e-04 6.6257e-04 3.2557e-05 3.9480e-06 1.4565e-07 ] 0.0000e+00 [ 0.0000e+00 ] 9.9899e-01
 1.065e+01 9.9600e-04 9.9600e-04 [ 2.8021e-08 2.7953e-04 6.8046e-04 3.2220e-05 3.6293e-06 1.2677e-07 ] 0.0000e+00 [ 0.0000e+00 ] 9.9900e-01
 1.077e+01 9.8957e-04 9.8957e-04 [ 1.8953e-08 2.5518e-04 6.9907e-04 3.1858e-05 3.3248e-06 1.1011e-07 ] 0.0000e+00 [ 0.0000e+00 ] 9.9900e-01
 1.088e+01 9.8512e-04 9.8512e-04 [ 1.2724e-08 2.3240e-04 7.1812e-04 3.1467e-05 3.0354e-06 9.5446e-08 ] 0.0000e+00 [ 0.0000e+00 ] 9.9901e-01
 1.099e+01 9.8222e-04 9.8222e-04 [ 8.4793e-09 2.1103e-04 7.3730e-04 3.1044e-05 2.7617e-06 8.2561e-08 ] 0.0000e+00 [ 0.0000e+00 ] 9.9901e-01
 1.111e+01 9.8046e-04 9.8046e-04 [ 5.6090e-09 1.9098e-04 7.5631e-04 3.0585e-05 2.5041e-06 7.1271e-08 ] 0.0000e+00 [ 0.0000e+00 ] 9.9901e-01
 1.122e+01 9.7945e-04 9.7945e-04 [ 3.6833e-09 1.7217e-04 7.7486e-04 3.0089e-05 2.2630e-06 6.1401e-08 ] 0.0000e+00 [ 0.0000e+00 ] 9.9901e-01
 1.133e+01 9.7884e-04 9.7884e-04 [ 2.4012e-09 1.5456e-04 7.9263e-04 2.9553e-05 2.0382e-06 5.2793e-08 ] 0.0000e+00 [ 0.0000e+00 ] 9.9901e-01
 1.145e+01 9.7832e-04 9.7832e-04 [ 1.5541e-09 1.3812e-04 8.0934e-04 2.8977e-05 1.8297e-06 4.5304e-08 ] 0.0000e+00 [ 0.0000e+00 ] 9.9901e-01
 1.156e+01 9.7758e-04 9.7758e-04 [ 9.9874e-10 1.2283e-04 8.2471e-04 2.8358e-05 1.6372e-06 3.8803e-08 ] 0.0000e+00 [ 0.0000e+00 ] 9.9901e-01
 1.167e+01 9.7633e-04 9.7633e-04 [ 6.3731e-10 1.0867e-04 8.3846e-04 2.7698e-05 1.4602e-06 3.3171e-08 ] 0.0000e+00 [ 0.0000e+00 ] 9.9901e-01
 1.179e+01 9.7433e-04 9.7433e-04 [ 4.0383e-10 9.5636e-05 8.5037e-04 2.6997e-05 1.2981e-06 2.8305e-08 ] 0.0000e+00 [ 0.0000e+00 ] 9.9901e-01
 1.190e+01 9.7134e-04 9.7134e-04 [ 2.5412e-10 8.3697e-05 8.6021e-04 2.6257e-05 1.1505e-06 2.4109e-08 ] 0.0000e+00 [ 0.0000e+00 ] 9.9902e-01
 1.201e+01 9.6715e-04 9.6715e-04 [ 1.5882e-10 7.2832e-05 8.6780e-04 2.5479e-05 1.0164e-06 2.0498e-08 ] 0.0000e+00 [ 0.0000e+00 ] 9.9902e-01
 1.213e+01 9.6156e-04 9.6156e-04 [ 9.8586e-11 6.3010e-05 8.7298e-04 2.4666e-05 8.9518e-07 1.7398e-08 ] 0.0000e+00 [ 0.0000e+00 ] 9.9903e-01
 1.224e+01 9.5443e-04 9.5443e-04 [ 6.0787e-11 5.4190e-05 8.7561e-04 2.3821e-05 7.8604e-07 1.4743e-08 ] 0.0000e+00 [ 0.0000e+00 ] 9.9903e-01
 1.235e+01 9.4560e-04 9.4560e-04 [ 3.7232e-11 4.6326e-05 8.7562e-04 2.2948e-05 6.8814e-07 1.2472e-08 ] 0.0000e+00 [ 0.0000e+00 ] 9.9904e-01
 1.247e+01 9.3497e-04 9.3497e-04 [ 2.2655e-11 3.9364e-05 8.7295e-04 2.2050e-05 6.0066e-07 1.0535e-08 ] 0.0000e+00 [ 0.0000e+00 ] 9.9905e-01
 1.258e+01 9.2247e-04 9.2247e-04 [ 1.3696e-11 3.3244e-05 8.6756e-04 2.1131e-05 5.2278e-07 8.8865e-09 ] 0.0000e+00 [ 0.0000e+00 ] 9.9907e-01
 1.269e+01 9.0805e-04 9.0805e-04 [ 8.2267e-12 2.7904e-05 8.5948e-04 2.0197e-05 4.5370e-07 7.4858e-09 ] 0.0000e+00 [ 0.0000e+00 ] 9.9908e-01
 1.281e+01 8.9168e-04 8.9168e-04 [ 4.9102e-12 2.3277e-05 8.4876e-04 1.9252e-05 3.9264e-07 6.2982e-09 ] 0.0000e+00 [ 0.0000e+00 ] 9.9910e-01
 1.292e+01 8.7340e-04 8.7340e-04 [ 2.9123e-12 1.9298e-05 8.3546e-04 1.8301e-05 3.3886e-07 5.2935e-09 ] 0.0000e+00 [ 0.0000e+00 ] 9.9912e-01
 1.303e+01 8.5323e-04 8.5323e-04 [ 1.7166e-12 1.5901e-05 8.1969e-04 1.7348e-05 2.9165e-07 4.4452e-09 ] 0.0000e+00 [ 0.0000e+00 ] 9.9914e-01
 1.315e+01 8.3127e-04 8.3127e-04 [ 1.0056e-12 1.3021e-05 8.0159e-04 1.6399e-05 2.5035e-07 3.7306e-09 ] 0.0000e+00 [ 0.0000e+00 ] 9.9916e-01
 1.326e+01 8.0759e-04 8.0759e-04 [ 5.8552e-13 1.0597e-05 7.8132e-04 1.5457e-05 2.1433e-07 3.1297e-09 ] 0.0000e+00 [ 0.0000e+00 ] 9.9918e-01
 1.337e+01 7.8234e-04 7.8234e-04 [ 3.3887e-13 8.5715e-06 7.5906e-04 1.4527e-05 1.8302e-07 2.6257e-09 ] 0.0000e+00 [ 0.0000e+00 ] 9.9921e-01
 1.349e+01 7.5566e-04 7.5566e-04 [ 1.9496e-13 6.8909e-06 7.3500e-04 1.3614e-05 1.5590e-07 2.2038e-09 ] 0.0000e+00 [ 0.0000e+00 ] 9.9923e-01
 1.360e+01 7.2771e-04 7.2771e-04 [ 1.1151e-13 5.5061e-06 7.0935e-04 1.2722e-05 1.3246e-07 1.8515e-09 ] 0.0000e+00 [ 0.0000e+00 ] 9.9926e-01
 1.371e+01 6.9868e-04 6.9868e-04 [ 6.3404e-14 4.3730e-06 6.8234e-04 1.1853e-05 1.1227e-07 1.5580e-09 ] 0.0000e+00 [ 0.0000e+00 ] 9.9929e-01
 1.383e+01 6.6875e-04 6.6875e-04 [ 3.5844e-14 3.4522e-06 6.5419e-04 1.1011e-05 9.4934e-08 1.3140e-09 ] 0.0000e+00 [ 0.0000e+00 ] 9.9932e-01
 1.394e+01 6.3813e-04 6.3813e-04 [ 2.0148e-14 2.7090e-06 6.2514e-04 1.0199e-05 8.0086e-08 1.1118e-09 ] 0.0000e+00 [ 0.0000e+00 ] 9.9935e-01
 1.405e+01 6.0702e-04 6.0702e-04 [ 1.1262e-14 2.1131e-06 5.9542e-04 9.4184e-06 6.7405e-08 9.4468e-10 ] 0.0000e+00 [ 0.0000e+00 ] 9.9938e-01
 1.417e+01 5.7562e-04 5.7562e-04 [ 6.2595e-15 1.6385e-06 5.6525e-04 8.6722e-06 5.6605e-08 8.0700e-10 ] 0.0000e+00 [ 0.0000e+00 ] 9.9941e-01
 1.428e+01 5.4413e-04 5.4413e-04 [ 3.4599e-15 1.2631e-06 5.3486e-04 7.9615e-06 4.7430e-08 6.9396e-10 ] 0.0000e+00 [ 0.0000e+00 ] 9.9944e-01
 1.439e+01 5.1275e-04 5.1275e-04 [ 1.9020e-15 9.6796e-07 5.0445e-04 7.2875e-06 3.9657e-08 6.0152e-10 ] 0.0000e+00 [ 0.0000e+00 ] 9.9948e-01
 1.451e+01 4.8166e-04 4.8166e-04 [ 1.0399e-15 7.3748e-07 4.7424e-04 6.6508e-06 3.3087e-08 5.2625e-10 ] 0.0000e+00 [ 0.0000e+00 ] 9.9951e-01
 1.462e+01 4.5104e-04 4.5104e-04 [ 5.6547e-16 5.5864e-07 4.4440e-04 6.0517e-06 2.7549e-08 4.6529e-10 ] 0.0000e+00 [ 0.0000e+00 ] 9.9954e-01
 1.473e+01 4.2103e-04 4.2103e-04 [ 3.0587e-16 4.2075e-07 4.1510e-04 5.4904e-06 2.2891e-08 4.1622e-10 ] 0.0000e+00 [ 0.0000e+00 ] 9.9957e-01
 1.485e+01 3.9180e-04 3.9180e-04 [ 1.6457e-16 3.1508e-07 3.8650e-04 4.9664e-06 1.8984e-08 3.7702e-10 ] 0.0000e+00 [ 0.0000e+00 ] 9.9960e-01
 1.496e+01 3.6346e-04 3.6346e-04 [ 8.8087e-17 2.3462e-07 3.5873e-04 4.4791e-06 1.5713e-08 3.4599e-10 ] 0.0000e+00 [ 0.0000e+00 ] 9.9963e-01
 1.507e+01 3.3612e-04 3.3612e-04 [ 4.6904e-17 1.7372e-07 3.3191e-04 4.0278e-06 1.2982e-08 3.2170e-10 ] 0.0000e+00 [ 0.0000e+00 ] 9.9965e-01
 1.519e+01 3.0988e-04 3.0988e-04 [ 2.4848e-17 1.2791e-07 3.0613e-04 3.6113e-06 1.0706e-08 3.0299e-10 ] 0.0000e+00 [ 0.0000e+00 ] 9.9968e-01
 1.530e+01 2.8482e-04 2.8482e-04 [ 1.3096e-17 9.3661e-08 2.8148e-04 3.2284e-06 8.8133e-09 2.8885e-10 ] 0.0000e+00 [ 0.0000e+00 ] 9.9971e-01
 1.541e+01 2.6098e-04 2.6098e-04 [ 6.8681e-18 6.8203e-08 2.5803e-04 2.8776e-06 7.2434e-09 2.7847e-10 ] 0.0000e+00 [ 0.0000e+00 ] 9.9973e-01
 1.553e+01 2.3842e-04 2.3842e-04 [ 3.5839e-18 4.9393e-08 2.3580e-04 2.5574e-06 5.9438e-09 2.7117e-10 ] 0.0000e+00 [ 0.0000e+00 ] 9.9975e-01
 1.564e+01 2.1715e-04 2.1715e-04 [ 1.8609e-18 3.5576e-08 2.1484e-04 2.2663e-06 4.8701e-09 2.6637e-10 ] 0.0000e+00 [ 0.0000e+00 ] 9.9977e-01
 1.575e+01 1.9719e-04 1.9719e-04 [ 9.6155e-19 2.5486e-08 1.9516e-04 2.0024e-06 3.9849e-09 2.6360e-10 ] 0.0000e+00 [ 0.0000e+00 ] 9.9979e-01
 1.587e+01 1.7854e-04 1.7854e-04 [ 4.9445e-19 1.8160e-08 1.7676e-04 1.7642e-06 3.2566e-09 2.6248e-10 ] 0.0000e+00 [ 0.0000e+00 ] 9.9981e-01
 1.598e+01 1.6118e-04 1.6118e-04 [ 2.5304e-19 1.2871e-08 1.5962e-04 1.5498e-06 2.6587e-09 2.6267e-10 ] 0.0000e+00 [ 0.0000e+00 ] 9.9983e-01
 1.609e+01 1.4509e-04 1.4509e-04 [ 1.2888e-19 9.0741e-09 1.4372e-04 1.3575e-06 2.1686e-09 2.6392e-10 ] 0.0000e+00 [ 0.0000e+00 ] 9.9985e-01
 1.621e+01 1.3023e-04 1.3023e-04 [ 6.5338e-20 6.3638e-09 1.2904e-04 1.1857e-06 1.7679e-09 2.6599e-10 ] 0.0000e+00 [ 0.0000e+00 ] 9.9986e-01
 1.632e+01 1.1656e-04 1.1656e-04 [ 3.2970e-20 4.4397e-09 1.1552e-04 1.0327e-06 1.4408e-09 2.6870e-10 ] 0.0000e+00 [ 0.0000e+00 ] 9.9988e-01
 1.643e+01 1.0403e-04 1.0403e-04 [ 1.6560e-20 3.0814e-09 1.0313e-04 8.9684e-07 1.1744e-09 2.7189e-10 ] 0.0000e+00 [ 0.0000e+00 ] 9.9989e-01
 1.655e+01 9.2595e-05 9.2595e-05 [ 8.2804e-21 2.1277e-09 9.1815e-05 7.7666e-07 9.5773e-10 2.7545e-10 ] 0.0000e+00 [ 0.0000e+00 ] 9.9990e-01
 1.666e+01 8.2188e-05 8.2188e-05 [ 4.1217e-21 1.4616e-09 8.1515e-05 6.7069e-07 7.8195e-10 2.7926e-10 ] 0.0000e+00 [ 0.0000e+00 ] 9.9991e-01
 1.677e+01 7.2753e-05 7.2753e-05 [ 2.0425e-21 9.9903e-10 7.2173e-05 5.7754e-07 6.3961e-10 2.8323e-10 ] 0.0000e+00 [ 0.0000e+00 ] 9.9992e-01
 1.689e+01 6.4228e-05 6.4228e-05 [ 1.0077e-21 6.7941e-10 6.3731e-05 4.9595e-07 5.2457e-10 2.8729e-10 ] 0.0000e+00 [ 0.0000e+00 ] 9.9993e-01
 1.700e+01 5.6552e-05 5.6552e-05 [ 4.9504e-22 4.5974e-10 5.6126e-05 4.2469e-07 4.3179e-10 2.9137e-10 ] 0.0000e+00 [ 0.0000e+00 ] 9.9994e-01
 1.711e+01 4.9662e-05 4.9662e-05 [ 2.4213e-22 3.0956e-10 4.9298e-05 3.6267e-07 3.5710e-10 2.9543e-10 ] 0.0000e+00 [ 0.0000e+00 ] 9.9994e-01
 1.723e+01 4.3499e-05 4.3499e-05 [ 1.1793e-22 2.0742e-10 4.3189e-05 3.0885e-07 2.9710e-10 2.9941e-10 ] 0.0000e+00 [ 0.0000e+00 ] 9.9995e-01
 1.734e+01 3.8003e-05 3.8003e-05 [ 5.7196e-23 1.3830e-10 3.7740e-05 2.6230e-07 2.4900e-10 3.0329e-10 ] 0.0000e+00 [ 0.0000e+00 ] 9.9996e-01
 1.745e+01 3.3117e-05 3.3117e-05 [ 2.7625e-23 9.1773e-11 3.2894e-05 2.2216e-07 2.1053e-10 3.0703e-10 ] 0.0000e+00 [ 0.0000e+00 ] 9.9996e-01
 1.757e+01 2.8787e-05 2.8787e-05 [ 1.3287e-23 6.0606e-11 2.8598e-05 1.8766e-07 1.7981e-10 3.1060e-10 ] 0.0000e+00 [ 0.0000e+00 ] 9.9997e-01
 1.768e+01 2.4960e-05 2.4960e-05 [ 6.3653e-24 3.9833e-11 2.4802e-05 1.5809e-07 1.5533e-10 3.1399e-10 ] 0.0000e+00 [ 0.0000e+00 ] 9.9997e-01
 1.779e+01 2.1590e-05 2.1590e-05 [ 3.0371e-24 2.6058e-11 2.1456e-05 1.3282e-07 1.3587e-10 3.1716e-10 ] 0.0000e+00 [ 0.0000e+00 ] 9.9997e-01
 1.791e+01 1.8629e-05 1.8629e-05 [ 1.4433e-24 1.6966e-11 1.8517e-05 1.1130e-07 1.2041e-10 3.2011e-10 ] 0.0000e+00 [ 0.0000e+00 ] 9.9998e-01
 1.802e+01 1.6035e-05 1.6035e-05 [ 6.8323e-25 1.0996e-11 1.5942e-05 9.3026e-08 1.0817e-10 3.2282e-10 ] 0.0000e+00 [ 0.0000e+00 ] 9.9998e-01
 1.813e+01 1.3770e-05 1.3770e-05 [ 3.2217e-25 7.0935e-12 1.3692e-05 7.7549e-08 9.8474e-11 3.2527e-10 ] 0.0000e+00 [ 0.0000e+00 ] 9.9998e-01
 1.825e+01 1.1796e-05 1.1796e-05 [ 1.5134e-25 4.5553e-12 1.1731e-05 6.4482e-08 9.0804e-11 3.2747e-10 ] 0.0000e+00 [ 0.0000e+00 ] 9.9998e-01
 1.836e+01 1.0082e-05 1.0082e-05 [ 7.0820e-26 2.9122e-12 1.0028e-05 5.3482e-08 8.4734e-11 3.2940e-10 ] 0.0000e+00 [ 0.0000e+00 ] 9.9999e-01
 1.847e+01 8.5968e-06 8.5968e-06 [ 3.3018e-26 1.8534e-12 8.5521e-06 4.4248e-08 7.9922e-11 3.3105e-10 ] 0.0000e+00 [ 0.0000e+00 ] 9.9999e-01
 1.859e+01 7.3134e-06 7.3134e-06 [ 1.5337e-26 1.1743e-12 7.2765e-06 3.6519e-08 7.6096e-11 3.3242e-10 ] 0.0000e+00 [ 0.0000e+00 ] 9.9999e-01
 1.870e+01 6.2074e-06 6.2074e-06 [ 7.0979e-27 7.4077e-13 6.1769e-06 3.0067e-08 7.3037e-11 3.3350e-10 ] 0.0000e+00 [ 0.0000e+00 ] 9.9999e-01
 1.881e+01 5.2565e-06 5.2565e-06 [ 3.2731e-27 4.6526e-13 5.2314e-06 2.4697e-08 7.0570e-11 3.3430e-10 ] 0.0000e+00 [ 0.0000e+00 ] 9.9999e-01
 1.893e+01 4.4413e-06 4.4413e-06 [ 1.5040e-27 2.9095e-13 4.4206e-06 2.0240e-08 6.8556e-11 3.3482e-10 ] 0.0000e+00 [ 0.0000e+00 ] 9.9999e-01
 1.904e+01 3.7439e-06 3.7439e-06 [ 6.8865e-28 1.8117e-13 3.7270e-06 1.6550e-08 6.6885e-11 3.3504e-10 ] 0.0000e+00 [ 0.0000e+00 ] 9.9999e-01
 1.915e+01 3.1490e-06 3.1490e-06 [ 3.1423e-28 1.1233e-13 3.1351e-06 1.3504e-08 6.5468e-11 3.3497e-10 ] 0.0000e+00 [ 0.0000e+00 ] 9.9999e-01
 1.927e+01 2.6427e-06 2.6427e-06 [ 1.4289e-28 6.9357e-14 2.6313e-06 1.0996e-08 6.4239e-11 3.3462e-10 ] 0.0000e+00 [ 0.0000e+00 ] 9.9999e-01
 1.938e+01 2.2128e-06 2.2128e-06 [ 6.4757e-29 4.2644e-14 2.2035e-06 8.9363e-09 6.3141e-11 3.3399e-10 ] 0.0000e+00 [ 0.0000e+00 ] 1.0000e+00
 1.949e+01 1.8488e-06 1.8488e-06 [ 2.9249e-29 2.6112e-14 1.8411e-06 7.2492e-09 6.2134e-11 3.3308e-10 ] 0.0000e+00 [ 0.0000e+00 ] 1.0000e+00
 1.961e+01 1.5412e-06 1.5412e-06 [ 1.3167e-29 1.5923e-14 1.5349e-06 5.8708e-09 6.1184e-11 3.3189e-10 ] 0.0000e+00 [ 0.0000e+00 ] 1.0000e+00
 1.972e+01 1.2819e-06 1.2819e-06 [ 5.9084e-30 9.6707e-15 1.2768e-06 4.7474e-09 6.0267e-11 3.3043e-10 ] 0.0000e+00 [ 0.0000e+00 ] 1.0000e+00
 1.983e+01 1.0639e-06 1.0639e-06 [ 2.6426e-30 5.8498e-15 1.0597e-06 3.8341e-09 5.9364e-11 3.2870e-10 ] 0.0000e+00 [ 0.0000e+00 ] 1.0000e+00
 1.995e+01 8.8102e-07 8.8102e-07 [ 1.1782e-30 3.5244e-15 8.7754e-07 3.0934e-09 5.8459e-11 3.2671e-10 ] 0.0000e+00 [ 0.0000e+00 ] 1.0000e+00
 2.006e+01 7.2798e-07 7.2798e-07 [ 5.2363e-31 2.1150e-15 7.2510e-07 2.4940e-09 5.7543e-11 3.2448e-10 ] 0.0000e+00 [ 0.0000e+00 ] 1.0000e+00
 2.017e+01 6.0019e-07 6.0019e-07 [ 2.3200e-31 1.2642e-15 5.9780e-07 2.0101e-09 5.6609e-11 3.2200e-10 ] 0.0000e+00 [ 0.0000e+00 ] 1.0000e+00
 2.029e+01 4.9376e-07 4.9376e-07 [ 1.0247e-31 7.5278e-16 4.9176e-07 1.6202e-09 5.5651e-11 3.1928e-10 ] 0.0000e+00 [ 0.0000e+00 ] 1.0000e+00
 2.040e+01 4.0531e-07 4.0531e-07 [ 4.5124e-32 4.4651e-16 4.0363e-07 1.3067e-09 5.4666e-11 3.1633e-10 ] 0.0000e+00 [ 0.0000e+00 ] 1.0000e+00
 2.051e+01 3.3198e-07 3.3198e-07 [ 1.9811e-32 2.6384e-16 3.3056e-07 1.0552e-09 5.3654e-11 3.1316e-10 ] 0.0000e+00 [ 0.0000e+00 ] 1.0000e+00
 2.063e+01 2.7132e-07 2.7132e-07 [ 8.6717e-33 1.5531e-16 2.7011e-07 8.5362e-10 5.2612e-11 3.0979e-10 ] 0.0000e+00 [ 0.0000e+00 ] 1.0000e+00
 2.074e+01 2.2127e-07 2.2127e-07 [ 3.7847e-33 9.1081e-17 2.2022e-07 6.9241e-10 5.1543e-11 3.0621e-10 ] 0.0000e+00 [ 0.0000e+00 ] 1.0000e+00
 2.085e+01 1.8007e-07 1.8007e-07 [ 1.6470e-33 5.3217e-17 1.7915e-07 5.6363e-10 5.0447e-11 3.0244e-10 ] 0.0000e+00 [ 0.0000e+00 ] 1.0000e+00
 2.097e+01 1.4622e-07 1.4622e-07 [ 7.1471e-34 3.0979e-17 1.4541e-07 4.6085e-10 4.9325e-11 2.9849e-10 ] 0.0000e+00 [ 0.0000e+00 ] 1.0000e+00
 2.108e+01 1.1849e-07 1.1849e-07 [ 3.0926e-34 1.7968e-17 1.1777e-07 3.7888e-10 4.8181e-11 2.9437e-10 ] 0.0000e+00 [ 0.0000e+00 ] 1.0000e+00
 2.119e+01 9.5815e-08 9.5815e-08 [ 1.3344e-34 1.0384e-17 9.5164e-08 3.1352e-10 4.7016e-11 2.9009e-10 ] 0.0000e+00 [ 0.0000e+00 ] 1.0000e+00
 2.131e+01 7.7321e-08 7.7321e-08 [ 5.7421e-35 5.9796e-18 7.6728e-08 2.6138e-10 4.5833e-11 2.8566e-10 ] 0.0000e+00 [ 0.0000e+00 ] 1.0000e+00
 2.142e+01 6.2271e-08 6.2271e-08 [ 2.4641e-35 3.4311e-18 6.1725e-08 2.1976e-10 4.4635e-11 2.8109e-10 ] 0.0000e+00 [ 0.0000e+00 ] 1.0000e+00
 2.153e+01 5.0052e-08 5.0052e-08 [ 1.0545e-35 1.9619e-18 4.9546e-08 1.8647e-10 4.3424e-11 2.7640e-10 ] 0.0000e+00 [ 0.0000e+00 ] 1.0000e+00
 2.165e+01 4.0154e-08 4.0154e-08 [ 4.5010e-36 1.1179e-18 3.9681e-08 1.5978e-10 4.2204e-11 2.7158e-10 ] 0.0000e+00 [ 0.0000e+00 ] 1.0000e+00
 2.176e+01 3.2156e-08 3.2156e-08 [ 1.9161e-36 6.3475e-19 3.1710e-08 1.3830e-10 4.0977e-11 2.6666e-10 ] 0.0000e+00 [ 0.0000e+00 ] 1.0000e+00
 2.187e+01 2.5706e-08 2.5706e-08 [ 8.1352e-37 3.5919e-19 2.5284e-08 1.2094e-10 3.9747e-11 2.6164e-10 ] 0.0000e+00 [ 0.0000e+00 ] 1.0000e+00
 2.199e+01 2.0517e-08 2.0517e-08 [ 3.4451e-37 2.0257e-19 2.0115e-08 1.0682e-10 3.8515e-11 2.5653e-10 ] 0.0000e+00 [ 0.0000e+00 ] 1.0000e+00
 2.210e+01 1.6352e-08 1.6352e-08 [ 1.4552e-37 1.1385e-19 1.5968e-08 9.5253e-11 3.7285e-11 2.5135e-10 ] 0.0000e+00 [ 0.0000e+00 ] 1.0000e+00
 2.221e+01 1.3017e-08 1.3017e-08 [ 6.1314e-38 6.3778e-20 1.2649e-08 8.5696e-11 3.6060e-11 2.4611e-10 ] 0.0000e+00 [ 0.0000e+00 ] 1.0000e+00
 2.233e+01 1.0351e-08 1.0351e-08 [ 2.5769e-38 3.5609e-20 9.9974e-09 7.7721e-11 3.4840e-11 2.4080e-10 ] 0.0000e+00 [ 0.0000e+00 ] 1.0000e+00
 2.244e+01 8.2249e-09 8.2249e-09 [ 1.0803e-38 1.9816e-20 7.8848e-09 7.0994e-11 3.3630e-11 2.3545e-10 ] 0.0000e+00 [ 0.0000e+00 ] 1.0000e+00
 2.255e+01 6.5332e-09 6.5332e-09 [ 4.5181e-39 1.0992e-20 6.2054e-09 6.5252e-11 3.2431e-11 2.3007e-10 ] 0.0000e+00 [ 0.0000e+00 ] 1.0000e+00
 2.267e+01 5.1897e-09 5.1897e-09 [ 1.8850e-39 6.0771e-21 4.8735e-09 6.0291e-11 3.1245e-11 2.2466e-10 ] 0.0000e+00 [ 0.0000e+00 ] 1.0000e+00
 2.278e+01 4.1247e-09 4.1247e-09 [ 7.8453e-40 3.3492e-21 3.8195e-09 5.5951e-11 3.0074e-11 2.1922e-10 ] 0.0000e+00 [ 0.0000e+00 ] 1.0000e+00
 2.289e+01 3.2822e-09 3.2822e-09 [ 3.2575e-40 1.8400e-21 2.9874e-09 5.2108e-11 2.8921e-11 2.1378e-10 ] 0.0000e+00 [ 0.0000e+00 ] 1.0000e+00
 2.301e+01 2.6167e-09 2.6167e-09 [ 1.3494e-40 1.0076e-21 2.3319e-09 4.8666e-11 2.7786e-11 2.0834e-10 ] 0.0000e+00 [ 0.0000e+00 ] 1.0000e+00
 2.312e+01 2.0919e-09 2.0919e-09 [ 5.5768e-41 5.5010e-22 1.8168e-09 4.5551e-11 2.6670e-11 2.0291e-10 ] 0.0000e+00 [ 0.0000e+00 ] 1.0000e+00
 2.323e+01 1.6786e-09 1.6786e-09 [ 2.2995e-41 2.9938e-22 1.4128e-09 4.2705e-11 2.5577e-11 1.9749e-10 ] 0.0000e+00 [ 0.0000e+00 ] 1.0000e+00
 2.335e+01 1.3534e-09 1.3534e-09 [ 9.4599e-42 1.6243e-22 1.0968e-09 4.0083e-11 2.4506e-11 1.9209e-10 ] 0.0000e+00 [ 0.0000e+00 ] 1.0000e+00
 2.346e+01 1.0978e-09 1.0978e-09 [ 3.8830e-42 8.7863e-23 8.4996e-10 3.7651e-11 2.3459e-11 1.8672e-10 ] 0.0000e+00 [ 0.0000e+00 ] 1.0000e+00
 2.357e+01 8.9689e-10 8.9689e-10 [ 1.5903e-42 4.7382e-23 6.5768e-10 3.5383e-11 2.2437e-11 1.8139e-10 ] 0.0000e+00 [ 0.0000e+00 ] 1.0000e+00
 2.369e+01 7.3898e-10 7.3898e-10 [ 6.4987e-43 2.5475e-23 5.0818e-10 3.3257e-11 2.1440e-11 1.7611e-10 ] 0.0000e+00 [ 0.0000e+00 ] 1.0000e+00
 2.380e+01 6.1477e-10 6.1477e-10 [ 2.6499e-43 1.3656e-23 3.9217e-10 3.1258e-11 2.0470e-11 1.7087e-10 ] 0.0000e+00 [ 0.0000e+00 ] 1.0000e+00
 2.391e+01 5.1692e-10 5.1692e-10 [ 1.0782e-43 7.2989e-24 3.0234e-10 2.9372e-11 1.9526e-11 1.6568e-10 ] 0.0000e+00 [ 0.0000e+00 ] 1.0000e+00
 2.403e+01 4.3965e-10 4.3965e-10 [ 4.3775e-44 3.8896e-24 2.3289e-10 2.7591e-11 1.8610e-11 1.6055e-10 ] 0.0000e+00 [ 0.0000e+00 ] 1.0000e+00
 2.414e+01 3.7843e-10 3.7843e-10 [ 1.7735e-44 2.0668e-24 1.7930e-10 2.5906e-11 1.7722e-11 1.5549e-10 ] 0.0000e+00 [ 0.0000e+00 ] 1.0000e+00
 2.425e+01 3.2970e-10 3.2970e-10 [ 7.1702e-45 1.0950e-24 1.3802e-10 2.4310e-11 1.6862e-11 1.5050e-10 ] 0.0000e+00 [ 0.0000e+00 ] 1.0000e+00
 2.437e+01 2.9068e-10 2.9068e-10 [ 2.8929e-45 5.7851e-25 1.0626e-10 2.2798e-11 1.6030e-11 1.4558e-10 ] 0.0000e+00 [ 0.0000e+00 ] 1.0000e+00
 2.448e+01 2.5920e-10 2.5920e-10 [ 1.1647e-45 3.0476e-25 8.1866e-11 2.1365e-11 1.5226e-11 1.4074e-10 ] 0.0000e+00 [ 0.0000e+00 ] 1.0000e+00
 2.459e+01 2.3359e-10 2.3359e-10 [ 4.6799e-46 1.6010e-25 6.3142e-11 2.0008e-11 1.4450e-11 1.3599e-10 ] 0.0000e+00 [ 0.0000e+00 ] 1.0000e+00
 2.471e+01 2.1252e-10 2.1252e-10 [ 1.8766e-46 8.3865e-26 4.8785e-11 1.8723e-11 1.3703e-11 1.3131e-10 ] 0.0000e+00 [ 0.0000e+00 ] 1.0000e+00
 2.482e+01 1.9500e-10 1.9500e-10 [ 7.5100e-47 4.3810e-26 3.7783e-11 1.7507e-11 1.2983e-11 1.2673e-10 ] 0.0000e+00 [ 0.0000e+00 ] 1.0000e+00
 2.493e+01 1.8023e-10 1.8023e-10 [ 2.9994e-47 2.2823e-26 2.9352e-11 1.6356e-11 1.2292e-11 1.2223e-10 ] 0.0000e+00 [ 0.0000e+00 ] 1.0000e+00
 2.505e+01 1.6761e-10 1.6761e-10 [ 1.1956e-47 1.1857e-26 2.2891e-11 1.5269e-11 1.1627e-11 1.1783e-10 ] 0.0000e+00 [ 0.0000e+00 ] 1.0000e+00
 2.516e+01 1.5668e-10 1.5668e-10 [ 4.7565e-48 6.1430e-27 1.7935e-11 1.4242e-11 1.0990e-11 1.1352e-10 ] 0.0000e+00 [ 0.0000e+00 ] 1.0000e+00
 2.527e+01 1.4708e-10 1.4708e-10 [ 1.8887e-48 3.1741e-27 1.4129e-11 1.3273e-11 1.0379e-11 1.0930e-10 ] 0.0000e+00 [ 0.0000e+00 ] 1.0000e+00
 2.539e+01 1.3854e-10 1.3854e-10 [ 7.4849e-49 1.6357e-27 1.1201e-11 1.2359e-11 9.7939e-12 1.0519e-10 ] 0.0000e+00 [ 0.0000e+00 ] 1.0000e+00
 2.550e+01 1.3085e-10 1.3085e-10 [ 2.9607e-49 8.4066e-28 8.9416e-12 1.1499e-11 9.2347e-12 1.0117e-10 ] 0.0000e+00 [ 0.0000e+00 ] 1.0000e+00
 2.561e+01 1.2384e-10 1.2384e-10 [ 1.1689e-49 4.3091e-28 7.1926e-12 1.0689e-11 8.7005e-12 9.7257e-11 ] 0.0000e+00 [ 0.0000e+00 ] 1.0000e+00
 2.573e+01 1.1739e-10 1.1739e-10 [ 4.6065e-50 2.2030e-28 5.8327e-12 9.9287e-12 8.1907e-12 9.3442e-11 ] 0.0000e+00 [ 0.0000e+00 ] 1.0000e+00
 2.584e+01 1.1142e-10 1.1142e-10 [ 1.8120e-50 1.1233e-28 4.7700e-12 9.2143e-12 7.7048e-12 8.9728e-11 ] 0.0000e+00 [ 0.0000e+00 ] 1.0000e+00
 2.595e+01 1.0583e-10 1.0583e-10 [ 7.1146e-51 5.7130e-29 3.9343e-12 8.5441e-12 7.2420e-12 8.6114e-11 ] 0.0000e+00 [ 0.0000e+00 ] 1.0000e+00
 2.607e+01 1.0059e-10 1.0059e-10 [ 2.7884e-51 2.8981e-29 3.2726e-12 7.9160e-12 6.8017e-12 8.2603e-11 ] 0.0000e+00 [ 0.0000e+00 ] 1.0000e+00
 2.618e+01 9.5648e-11 9.5648e-11 [ 1.0909e-51 1.4664e-29 2.7446e-12 7.3280e-12 6.3833e-12 7.9192e-11 ] 0.0000e+00 [ 0.0000e+00 ] 1.0000e+00
 2.629e+01 9.0966e-11 9.0966e-11 [ 4.2601e-52 7.4007e-30 2.3197e-12 6.7781e-12 5.9859e-12 7.5883e-11 ] 0.0000e+00 [ 0.0000e+00 ] 1.0000e+00
 2.641e+01 8.6521e-11 8.6521e-11 [ 1.6607e-52 3.7257e-30 1.9748e-12 6.2642e-12 5.6091e-12 7.2673e-11 ] 0.0000e+00 [ 0.0000e+00 ] 1.0000e+00
 2.652e+01 8.2292e-11 8.2292e-11 [ 6.4627e-53 1.8709e-30 1.6921e-12 5.7846e-12 5.2519e-12 6.9563e-11 ] 0.0000e+00 [ 0.0000e+00 ] 1.0000e+00
 2.663e+01 7.8261e-11 7.8261e-11 [ 2.5106e-53 9.3717e-31 1.4583e-12 5.3373e-12 4.9137e-12 6.6552e-11 ] 0.0000e+00 [ 0.0000e+00 ] 1.0000e+00
 2.675e+01 7.4416e-11 7.4416e-11 [ 9.7364e-54 4.6828e-31 1.2632e-12 4.9206e-12 4.5939e-12 6.3638e-11 ] 0.0000e+00 [ 0.0000e+00 ] 1.0000e+00
 2.686e+01 7.0744e-11 7.0744e-11 [ 3.7694e-54 2.3342e-31 1.0990e-12 4.5328e-12 4.2916e-12 6.0821e-11 ] 0.0000e+00 [ 0.0000e+00 ] 1.0000e+00
 2.697e+01 6.7237e-11 6.7237e-11 [ 1.4568e-54 1.1606e-31 9.5954e-13 4.1722e-12 4.0063e-12 5.8099e-11 ] 0.0000e+00 [ 0.0000e+00 ] 1.0000e+00
 2.709e+01 6.3885e-11 6.3885e-11 [ 5.6211e-55 5.7572e-32 8.4034e-13 3.8372e-12 3.7371e-12 5.5470e-11 ] 0.0000e+00 [ 0.0000e+00 ] 1.0000e+00
 2.720e+01 6.0682e-11 6.0682e-11 [ 2.1653e-55 2.8490e-32 7.3773e-13 3.5262e-12 3.4834e-12 5.2934e-11 ] 0.0000e+00 [ 0.0000e+00 ] 1.0000e+00
 2.731e+01 5.7621e-11 5.7621e-11 [ 8.3269e-56 1.4064e-32 6.4889e-13 3.2379e-12 3.2445e-12 5.0489e-11 ] 0.0000e+00 [ 0.0000e+00 ] 1.0000e+00
 2.743e+01 5.4695e-11 5.4695e-11 [ 3.1970e-56 6.9267e-33 5.7159e-13 2.9709e-12 3.0198e-12 4.8133e-11 ] 0.0000e+00 [ 0.0000e+00 ] 1.0000e+00
 2.754e+01 5.1901e-11 5.1901e-11 [ 1.2255e-56 3.4034e-33 5.0404e-13 2.7237e-12 2.8086e-12 4.5864e-11 ] 0.0000e+00 [ 0.0000e+00 ] 1.0000e+00
 2.765e+01 4.9231e-11 4.9231e-11 [ 4.6898e-57 1.6683e-33 4.4482e-13 2.4951e-12 2.6102e-12 4.3681e-11 ] 0.0000e+00 [ 0.0000e+00 ] 1.0000e+00
 2.777e+01 4.6682e-11 4.6682e-11 [ 1.7919e-57 8.1593e-34 3.9274e-13 2.2840e-12 2.4241e-12 4.1581e-11 ] 0.0000e+00 [ 0.0000e+00 ] 1.0000e+00
 2.788e+01 4.4249e-11 4.4249e-11 [ 6.8360e-58 3.9813e-34 3.4684e-13 2.0891e-12 2.2497e-12 3.9563e-11 ] 0.0000e+00 [ 0.0000e+00 ] 1.0000e+00
 2.799e+01 4.1927e-11 4.1927e-11 [ 2.6037e-58 1.9382e-34 3.0633e-13 1.9093e-12 2.0862e-12 3.7625e-11 ] 0.0000e+00 [ 0.0000e+00 ] 1.0000e+00
 2.811e+01 3.9712e-11 3.9712e-11 [ 9.9020e-59 9.4148e-35 2.7052e-13 1.7437e-12 1.9333e-12 3.5765e-11 ] 0.0000e+00 [ 0.0000e+00 ] 1.0000e+00
 2.822e+01 3.7601e-11 3.7601e-11 [ 3.7599e-59 4.5629e-35 2.3884e-13 1.5912e-12 1.7903e-12 3.3980e-11 ] 0.0000e+00 [ 0.0000e+00 ] 1.0000e+00
 2.833e+01 3.5588e-11 3.5588e-11 [ 1.4255e-59 2.2065e-35 2.1080e-13 1.4510e-12 1.6567e-12 3.2269e-11 ] 0.0000e+00 [ 0.0000e+00 ] 1.0000e+00
 2.845e+01 3.3670e-11 3.3670e-11 [ 5.3965e-60 1.0647e-35 1.8597e-13 1.3221e-12 1.5319e-12 3.0630e-11 ] 0.0000e+00 [ 0.0000e+00 ] 1.0000e+00
 2.856e+01 3.1844e-11 3.1844e-11 [ 2.0399e-60 5.1263e-36 1.6398e-13 1.2038e-12 1.4156e-12 2.9061e-11 ] 0.0000e+00 [ 0.0000e+00 ] 1.0000e+00
 2.867e+01 3.0105e-11 3.0105e-11 [ 7.6993e-61 2.4629e-36 1.4452e-13 1.0952e-12 1.3071e-12 2.7559e-11 ] 0.0000e+00 [ 0.0000e+00 ] 1.0000e+00
 2.879e+01 2.8451e-11 2.8451e-11 [ 2.9018e-61 1.1808e-36 1.2728e-13 9.9569e-13 1.2061e-12 2.6122e-11 ] 0.0000e+00 [ 0.0000e+00 ] 1.0000e+00
 2.890e+01 2.6878e-11 2.6878e-11 [ 1.0921e-61 5.6493e-37 1.1203e-13 9.0454e-13 1.1122e-12 2.4749e-11 ] 0.0000e+00 [ 0.0000e+00 ] 1.0000e+00
 2.901e+01 2.5382e-11 2.5382e-11 [ 4.1040e-62 2.6972e-37 9.8545e-14 8.2113e-13 1.0248e-12 2.3437e-11 ] 0.0000e+00 [ 0.0000e+00 ] 1.0000e+00
 2.913e+01 2.3960e-11 2.3960e-11 [ 1.5401e-62 1.2851e-37 8.6620e-14 7.4486e-13 9.4364e-13 2.2185e-11 ] 0.0000e+00 [ 0.0000e+00 ] 1.0000e+00
 2.924e+01 2.2610e-11 2.2610e-11 [ 5.7717e-63 6.1112e-38 7.6084e-14 6.7518e-13 8.6830e-13 2.0990e-11 ] 0.0000e+00 [ 0.0000e+00 ] 1.0000e+00
 2.935e+01 2.1327e-11 2.1327e-11 [ 2.1600e-63 2.9003e-38 6.6780e-14 6.1156e-13 7.9842e-13 1.9850e-11 ] 0.0000e+00 [ 0.0000e+00 ] 1.0000e+00
 2.947e+01 2.0110e-11 2.0110e-11 [ 8.0723e-64 1.3738e-38 5.8571e-14 5.5354e-13 7.3366e-13 1.8764e-11 ] 0.0000e+00 [ 0.0000e+00 ] 1.0000e+00
 2.958e+01 1.8955e-11 1.8955e-11 [ 3.0128e-64 6.4953e-39 5.1333e-14 5.0066e-13 6.7368e-13 1.7729e-11 ] 0.0000e+00 [ 0.0000e+00 ] 1.0000e+00
 2.969e+01 1.7860e-11 1.7860e-11 [ 1.1230e-64 3.0653e-39 4.4955e-14 4.5250e-13 6.1818e-13 1.6744e-11 ] 0.0000e+00 [ 0.0000e+00 ] 1.0000e+00
 2.981e+01 1.6822e-11 1.6822e-11 [ 4.1804e-65 1.4440e-39 3.9339e-14 4.0868e-13 5.6687e-13 1.5807e-11 ] 0.0000e+00 [ 0.0000e+00 ] 1.0000e+00
 2.992e+01 1.5838e-11 1.5838e-11 [ 1.5542e-65 6.7905e-40 3.4399e-14 3.6884e-13 5.1945e-13 1.4915e-11 ] 0.0000e+00 [ 0.0000e+00 ] 1.0000e+00
 3.003e+01 1.4906e-11 1.4906e-11 [ 5.7710e-66 3.1880e-40 3.0056e-14 3.3265e-13 4.7568e-13 1.4068e-11 ] 0.0000e+00 [ 0.0000e+00 ] 1.0000e+00
 3.015e+01 1.4024e-11 1.4024e-11 [ 2.1403e-66 1.4943e-40 2.6240e-14 2.9979e-13 4.3530e-13 1.3262e-11 ] 0.0000e+00 [ 0.0000e+00 ] 1.0000e+00
 3.026e+01 1.3189e-11 1.3189e-11 [ 7.9283e-67 6.9931e-41 2.2892e-14 2.6999e-13 3.9808e-13 1.2498e-11 ] 0.0000e+00 [ 0.0000e+00 ] 1.0000e+00
 3.037e+01 1.2399e-11 1.2399e-11 [ 2.9335e-67 3.2679e-41 1.9955e-14 2.4297e-13 3.6380e-13 1.1772e-11 ] 0.0000e+00 [ 0.0000e+00 ] 1.0000e+00
 3.049e+01 1.1652e-11 1.1652e-11 [ 1.0842e-67 1.5250e-41 1.7382e-14 2.1851e-13 3.3224e-13 1.1084e-11 ] 0.0000e+00 [ 0.0000e+00 ] 1.0000e+00
 3.060e+01 1.0946e-11 1.0946e-11 [ 4.0028e-68 7.1073e-42 1.5128e-14 1.9637e-13 3.0322e-13 1.0431e-11 ] 0.0000e+00 [ 0.0000e+00 ] 1.0000e+00
 3.071e+01 1.0279e-11 1.0279e-11 [ 1.4763e-68 3.3084e-42 1.3157e-14 1.7635e-13 2.7654e-13 9.8131e-12 ] 0.0000e+00 [ 0.0000e+00 ] 1.0000e+00
 3.083e+01 9.6492e-12 9.6492e-12 [ 5.4391e-69 1.5384e-42 1.1434e-14 1.5826e-13 2.5204e-13 9.2275e-12 ] 0.0000e+00 [ 0.0000e+00 ] 1.0000e+00
 3.094e+01 9.0545e-12 9.0545e-12 [ 2.0021e-69 7.1460e-43 9.9282e-15 1.4192e-13 2.2956e-13 8.6731e-12 ] 0.0000e+00 [ 0.0000e+00 ] 1.0000e+00
 3.105e+01 8.4932e-12 8.4932e-12 [ 7.3629e-70 3.3167e-43 8.6144e-15 1.2719e-13 2.0895e-13 8.1485e-12 ] 0.0000e+00 [ 0.0000e+00 ] 1.0000e+00
 3.117e+01 7.9639e-12 7.9639e-12 [ 2.7055e-70 1.5382e-43 7.4686e-15 1.1390e-13 1.9006e-13 7.6524e-12 ] 0.0000e+00 [ 0.0000e+00 ] 1.0000e+00
 3.128e+01 7.4647e-12 7.4647e-12 [ 9.9337e-71 7.1300e-44 6.4702e-15 1.0193e-13 1.7276e-13 7.1835e-12 ] 0.0000e+00 [ 0.0000e+00 ] 1.0000e+00
 3.139e+01 6.9942e-12 6.9942e-12 [ 3.6447e-71 3.3034e-44 5.6009e-15 9.1160e-14 1.5693e-13 6.7405e-12 ] 0.0000e+00 [ 0.0000e+00 ] 1.0000e+00
 3.151e+01 6.5510e-12 6.5510e-12 [ 1.3364e-71 1.5301e-44 4.8447e-15 8.1470e-14 1.4246e-13 6.3222e-12 ] 0.0000e+00 [ 0.0000e+00 ] 1.0000e+00
 3.162e+01 6.1335e-12 6.1335e-12 [ 4.8975e-72 7.0866e-45 4.1873e-15 7.2759e-14 1.2924e-13 5.9273e-12 ] 0.0000e+00 [ 0.0000e+00 ] 1.0000e+00
 3.173e+01 5.7406e-12 5.7406e-12 [ 1.7939e-72 3.2824e-45 3.6164e-15 6.4935e-14 1.1717e-13 5.5549e-12 ] 0.0000e+00 [ 0.0000e+00 ] 1.0000e+00
 3.185e+01 5.3708e-12 5.3708e-12 [ 6.5684e-73 1.5207e-45 3.1208e-15 5.7914e-14 1.0615e-13 5.2036e-12 ] 0.0000e+00 [ 0.0000e+00 ] 1.0000e+00
 3.196e+01 5.0230e-12 5.0230e-12 [ 2.4044e-73 7.0487e-46 2.6911e-15 5.1616e-14 9.6112e-14 4.8726e-12 ] 0.0000e+00 [ 0.0000e+00 ] 1.0000e+00
 3.207e+01 4.6960e-12 4.6960e-12 [ 8.7996e-74 3.2692e-46 2.3188e-15 4.5972e-14 8.6964e-14 4.5607e-12 ] 0.0000e+00 [ 0.0000e+00 ] 1.0000e+00
 3.219e+01 4.3886e-12 4.3886e-12 [ 3.2203e-74 1.5176e-46 1.9965e-15 4.0917e-14 7.8634e-14 4.2671e-12 ] 0.0000e+00 [ 0.0000e+00 ] 1.0000e+00
 3.230e+01 4.0998e-12 4.0998e-12 [ 1.1786e-74 7.0519e-47 1.7176e-15 3.6394e-14 7.1057e-14 3.9907e-12 ] 0.0000e+00 [ 0.0000e+00 ] 1.0000e+00
 3.241e+01 3.8287e-12 3.8287e-12 [ 4.3143e-75 3.2809e-47 1.4766e-15 3.2349e-14 6.4167e-14 3.7307e-12 ] 0.0000e+00 [ 0.0000e+00 ] 1.0000e+00
 3.253e+01 3.5741e-12 3.5741e-12 [ 1.5798e-75 1.5286e-47 1.2684e-15 2.8734e-14 5.7909e-14 3.4862e-12 ] 0.0000e+00 [ 0.0000e+00 ] 1.0000e+00
 3.264e+01 3.3353e-12 3.3353e-12 [ 5.7876e-76 7.1331e-48 1.0887e-15 2.5506e-14 5.2227e-14 3.2564e-12 ] 0.0000e+00 [ 0.0000e+00 ] 1.0000e+00
 3.275e+01 3.1112e-12 3.1112e-12 [ 2.1216e-76 3.3344e-48 9.3376e-16 2.2626e-14 4.7072e-14 3.0406e-12 ] 0.0000e+00 [ 0.0000e+00 ] 1.0000e+00
 3.287e+01 2.9011e-12 2.9011e-12 [ 7.7837e-77 1.5616e-48 8.0026e-16 2.0057e-14 4.2398e-14 2.8379e-12 ] 0.0000e+00 [ 0.0000e+00 ] 1.0000e+00
 3.298e+01 2.7043e-12 2.7043e-12 [ 2.8583e-77 7.3279e-49 6.8532e-16 1.7768e-14 3.8164e-14 2.6476e-12 ] 0.0000e+00 [ 0.0000e+00 ] 1.0000e+00
 3.309e+01 2.5198e-12 2.5198e-12 [ 1.0508e-77 3.4458e-49 5.8644e-16 1.5730e-14 3.4331e-14 2.4692e-12 ] 0.0000e+00 [ 0.0000e+00 ] 1.0000e+00
 3.321e+01 2.3471e-12 2.3471e-12 [ 3.8680e-78 1.6238e-49 5.0145e-16 1.3917e-14 3.0863e-14 2.3018e-12 ] 0.0000e+00 [ 0.0000e+00 ] 1.0000e+00
 3.332e+01 2.1854e-12 2.1854e-12 [ 1.4259e-78 7.6685e-50 4.2844e-16 1.2304e-14 2.7727e-14 2.1449e-12 ] 0.0000e+00 [ 0.0000e+00 ] 1.0000e+00
 3.343e+01 2.0341e-12 2.0341e-12 [ 5.2648e-79 3.6295e-50 3.6579e-16 1.0871e-14 2.4894e-14 1.9979e-12 ] 0.0000e+00 [ 0.0000e+00 ] 1.0000e+00
 3.355e+01 1.8925e-12 1.8925e-12 [ 1.9474e-79 1.7215e-50 3.1206e-16 9.5988e-15 2.2337e-14 1.8603e-12 ] 0.0000e+00 [ 0.0000e+00 ] 1.0000e+00
 3.366e+01 1.7602e-12 1.7602e-12 [ 7.2167e-80 8.1827e-51 2.6602e-16 8.4698e-15 2.0029e-14 1.7314e-12 ] 0.0000e+00 [ 0.0000e+00 ] 1.0000e+00
 3.377e+01 1.6365e-12 1.6365e-12 [ 2.6799e-80 3.8973e-51 2.2659e-16 7.4687e-15 1.7949e-14 1.6109e-12 ] 0.0000e+00 [ 0.0000e+00 ] 1.0000e+00
 3.389e+01 1.5210e-12 1.5210e-12 [ 9.9736e-81 1.8599e-51 1.9287e-16 6.5817e-15 1.6074e-14 1.4981e-12 ] 0.0000e+00 [ 0.0000e+00 ] 1.0000e+00
 3.400e+01 1.4131e-12 1.4131e-12 [ 3.7202e-81 8.8918e-52 1.6404e-16 5.7962e-15 1.4386e-14 1.3927e-12 ] 0.0000e+00 [ 0.0000e+00 ] 1.0000e+00
 3.411e+01 1.3123e-12 1.3123e-12 [ 1.3909e-81 4.2582e-52 1.3941e-16 5.1011e-15 1.2867e-14 1.2942e-12 ] 0.0000e+00 [ 0.0000e+00 ] 1.0000e+00
 3.423e+01 1.2183e-12 1.2183e-12 [ 5.2131e-82 2.0424e-52 1.1839e-16 4.4864e-15 1.1501e-14 1.2022e-12 ] 0.0000e+00 [ 0.0000e+00 ] 1.0000e+00
 3.434e+01 1.1307e-12 1.1307e-12 [ 1.9587e-82 9.8098e-53 1.0046e-16 3.9433e-15 1.0274e-14 1.1163e-12 ] 0.0000e+00 [ 0.0000e+00 ] 1.0000e+00
 3.445e+01 1.0489e-12 1.0489e-12 [ 7.3776e-83 4.7175e-53 8.5186e-17 3.4636e-15 9.1721e-15 1.0362e-12 ] 0.0000e+00 [ 0.0000e+00 ] 1.0000e+00
 3.457e+01 9.7269e-13 9.7269e-13 [ 2.7857e-83 2.2711e-53 7.2178e-17 3.0404e-15 8.1831e-15 9.6139e-13 ] 0.0000e+00 [ 0.0000e+00 ] 1.0000e+00
 3.468e+01 9.0169e-13 9.0169e-13 [ 1.0545e-83 1.0943e-53 6.1109e-17 2.6671e-15 7.2962e-15 8.9166e-13 ] 0.0000e+00 [ 0.0000e+00 ] 1.0000e+00
 3.479e+01 8.3556e-13 8.3556e-13 [ 4.0011e-84 5.2771e-54 5.1699e-17 2.3382e-15 6.5014e-15 8.2667e-13 ] 0.0000e+00 [ 0.0000e+00 ] 1.0000e+00
 3.491e+01 7.7401e-13 7.7401e-13 [ 1.5217e-84 2.5462e-54 4.3705e-17 2.0485e-15 5.7895e-15 7.6612e-13 ] 0.0000e+00 [ 0.0000e+00 ] 1.0000e+00
 3.502e+01 7.1672e-13 7.1672e-13 [ 5.8005e-85 1.2291e-54 3.6919e-17 1.7935e-15 5.1523e-15 7.0974e-13 ] 0.0000e+00 [ 0.0000e+00 ] 1.0000e+00
 3.513e+01 6.6343e-13 6.6343e-13 [ 2.2158e-85 5.9348e-55 3.1163e-17 1.5693e-15 4.5825e-15 6.5725e-13 ] 0.0000e+00 [ 0.0000e+00 ] 1.0000e+00
 3.525e+01 6.1388e-13 6.1388e-13 [ 8.4818e-86 2.8662e-55 2.6285e-17 1.3722e-15 4.0731e-15 6.0841e-13 ] 0.0000e+00 [ 0.0000e+00 ] 1.0000e+00
 3.536e+01 5.6782e-13 5.6782e-13 [ 3.2529e-86 1.3843e-55 2.2153e-17 1.1991e-15 3.6181e-15 5.6298e-13 ] 0.0000e+00 [ 0.0000e+00 ] 1.0000e+00
 3.547e+01 5.2502e-13 5.2502e-13 [ 1.2498e-86 6.6850e-56 1.8657e-17 1.0472e-15 3.2119e-15 5.2075e-13 ] 0.0000e+00 [ 0.0000e+00 ] 1.0000e+00
 3.559e+01 4.8528e-13 4.8528e-13 [ 4.8094e-87 3.2279e-56 1.5701e-17 9.1393e-16 2.8496e-15 4.8150e-13 ] 0.0000e+00 [ 0.0000e+00 ] 1.0000e+00
 3.570e+01 4.4837e-13 4.4837e-13 [ 1.8535e-87 1.5581e-56 1.3203e-17 7.9712e-16 2.5266e-15 4.4503e-13 ] 0.0000e+00 [ 0.0000e+00 ] 1.0000e+00
 3.581e+01 4.1412e-13 4.1412e-13 [ 7.1531e-88 7.5187e-57 1.1094e-17 6.9480e-16 2.2388e-15 4.1118e-13 ] 0.0000e+00 [ 0.0000e+00 ] 1.0000e+00
 3.593e+01 3.8235e-13 3.8235e-13 [ 2.7639e-88 3.6265e-57 9.3153e-18 6.0523e-16 1.9826e-15 3.7975e-13 ] 0.0000e+00 [ 0.0000e+00 ] 1.0000e+00
 3.604e+01 3.5289e-13 3.5289e-13 [ 1.0691e-88 1.7483e-57 7.8157e-18 5.2687e-16 1.7546e-15 3.5060e-13 ] 0.0000e+00 [ 0.0000e+00 ] 1.0000e+00
 3.615e+01 3.2557e-13 3.2557e-13 [ 4.1391e-89 8.4233e-58 6.5526e-18 4.5837e-16 1.5519e-15 3.2356e-13 ] 0.0000e+00 [ 0.0000e+00 ] 1.0000e+00
 3.627e+01 3.0027e-13 3.0027e-13 [ 1.6038e-89 4.0558e-58 5.4895e-18 3.9852e-16 1.3717e-15 2.9849e-13 ] 0.0000e+00 [ 0.0000e+00 ] 1.0000e+00
 3.638e+01 2.7682e-13 2.7682e-13 [ 6.2188e-90 1.9515e-58 4.5954e-18 3.4627e-16 1.2118e-15 2.7526e-13 ] 0.0000e+00 [ 0.0000e+00 ] 1.0000e+00
 3.649e+01 2.5512e-13 2.5512e-13 [ 2.4127e-90 9.3835e-59 3.8440e-18 3.0067e-16 1.0698e-15 2.5374e-13 ] 0.0000e+00 [ 0.0000e+00 ] 1.0000e+00
 3.661e+01 2.3503e-13 2.3503e-13 [ 9.3653e-91 4.5083e-59 3.2131e-18 2.6092e-16 9.4388e-16 2.3382e-13 ] 0.0000e+00 [ 0.0000e+00 ] 1.0000e+00
 3.672e+01 2.1644e-13 2.1644e-13 [ 3.6366e-91 2.1643e-59 2.6837e-18 2.2628e-16 8.3228e-16 2.1538e-13 ] 0.0000e+00 [ 0.0000e+00 ] 1.0000e+00
 3.683e+01 1.9925e-13 1.9925e-13 [ 1.4125e-91 1.0382e-59 2.2399e-18 1.9612e-16 7.3342e-16 1.9832e-13 ] 0.0000e+00 [ 0.0000e+00 ] 1.0000e+00
 3.695e+01 1.8336e-13 1.8336e-13 [ 5.4877e-92 4.9755e-60 1.8681e-18 1.6987e-16 6.4592e-16 1.8254e-13 ] 0.0000e+00 [ 0.0000e+00 ] 1.0000e+00
 3.706e+01 1.6867e-13 1.6867e-13 [ 2.1322e-92 2.3824e-60 1.5568e-18 1.4704e-16 5.6851e-16 1.6796e-13 ] 0.0000e+00 [ 0.0000e+00 ] 1.0000e+00
 3.717e+01 1.5511e-13 1.5511e-13 [ 8.2853e-93 1.1398e-60 1.2964e-18 1.2720e-16 5.0008e-16 1.5448e-13 ] 0.0000e+00 [ 0.0000e+00 ] 1.0000e+00
 3.729e+01 1.4258e-13 1.4258e-13 [ 3.2194e-93 5.4478e-61 1.0788e-18 1.0997e-16 4.3961e-16 1.4203e-13 ] 0.0000e+00 [ 0.0000e+00 ] 1.0000e+00
 3.740e+01 1.3102e-13 1.3102e-13 [ 1.2509e-93 2.6015e-61 8.9701e-19 9.5014e-17 3.8623e-16 1.3054e-13 ] 0.0000e+00 [ 0.0000e+00 ] 1.0000e+00
 3.751e+01 1.2035e-13 1.2035e-13 [ 4.8598e-94 1.2411e-61 7.4531e-19 8.2040e-17 3.3912e-16 1.1993e-13 ] 0.0000e+00 [ 0.0000e+00 ] 1.0000e+00
 3.763e+01 1.1051e-13 1.1051e-13 [ 1.8878e-94 5.9155e-62 6.1880e-19 7.0794e-17 2.9757e-16 1.1014e-13 ] 0.0000e+00 [ 0.0000e+00 ] 1.0000e+00
 3.774e+01 1.0143e-13 1.0143e-13 [ 7.3316e-95 2.8168e-62 5.1338e-19 6.1052e-17 2.6096e-16 1.0111e-13 ] 0.0000e+00 [ 0.0000e+00 ] 1.0000e+00
 3.785e+01 9.3073e-14 9.3073e-14 [ 2.8467e-95 1.3400e-62 4.2561e-19 5.2617e-17 2.2872e-16 9.2791e-14 ] 0.0000e+00 [ 0.0000e+00 ] 1.0000e+00
 3.797e+01 8.5369e-14 8.5369e-14 [ 1.1050e-95 6.3684e-63 3.5257e-19 4.5320e-17 2.0034e-16 8.5123e-14 ] 0.0000e+00 [ 0.0000e+00 ] 1.0000e+00
 3.808e+01 7.8274e-14 7.8274e-14 [ 4.2882e-96 3.0237e-63 2.9186e-19 3.9010e-17 1.7537e-16 7.8059e-14 ] 0.0000e+00 [ 0.0000e+00 ] 1.0000e+00
 3.819e+01 7.1743e-14 7.1743e-14 [ 1.6635e-96 1.4342e-63 2.4142e-19 3.3559e-17 1.5343e-16 7.1555e-14 ] 0.0000e+00 [ 0.0000e+00 ] 1.0000e+00
 3.831e+01 6.5732e-14 6.5732e-14 [ 6.4513e-97 6.7965e-64 1.9954e-19 2.8851e-17 1.3415e-16 6.5569e-14 ] 0.0000e+00 [ 0.0000e+00 ] 1.0000e+00
 3.842e+01 6.0204e-14 6.0204e-14 [ 2.5010e-97 3.2175e-64 1.6481e-19 2.4788e-17 1.1722e-16 6.0061e-14 ] 0.0000e+00 [ 0.0000e+00 ] 1.0000e+00
 3.853e+01 5.5120e-14 5.5120e-14 [ 9.6919e-98 1.5217e-64 1.3602e-19 2.1284e-17 1.0237e-16 5.4996e-14 ] 0.0000e+00 [ 0.0000e+00 ] 1.0000e+00
 3.865e+01 5.0447e-14 5.0447e-14 [ 3.7544e-98 7.1900e-65 1.1218e-19 1.8265e-17 8.9346e-17 5.0339e-14 ] 0.0000e+00 [ 0.0000e+00 ] 1.0000e+00
 3.876e+01 4.6153e-14 4.6153e-14 [ 1.4538e-98 3.3939e-65 9.2447e-20 1.5664e-17 7.7933e-17 4.6060e-14 ] 0.0000e+00 [ 0.0000e+00 ] 1.0000e+00
 3.887e+01 4.2210e-14 4.2210e-14 [ 5.6268e-99 1.6005e-65 7.6129e-20 1.3425e-17 6.7937e-17 4.2129e-14 ] 0.0000e+00 [ 0.0000e+00 ] 1.0000e+00
 3.899e+01 3.8589e-14 3.8589e-14 [ 2.1770e-99 7.5402e-66 6.2645e-20 1.1499e-17 5.9188e-17 3.8519e-14 ] 0.0000e+00 [ 0.0000e+00 ] 1.0000e+00
 3.910e+01 3.5267e-14 3.5267e-14 [ 8.4189e-100 3.5489e-66 5.1511e-20 9.8432e-18 5.1535e-17 3.5205e-14 ] 0.0000e+00 [ 0.0000e+00 ] 1.0000e+00
 3.921e+01 3.2218e-14 3.2218e-14 [ 3.2544e-100 1.6688e-66 4.2324e-20 8.4208e-18 4.4845e-17 3.2165e-14 ] 0.0000e+00 [ 0.0000e+00 ] 1.0000e+00
 3.933e+01 2.9422e-14 2.9422e-14 [ 1.2575e-100 7.8392e-67 3.4750e-20 7.1995e-18 3.9000e-17 2.9376e-14 ] 0.0000e+00 [ 0.0000e+00 ] 1.0000e+00
 3.944e+01 2.6860e-14 2.6860e-14 [ 4.8565e-101 3.6791e-67 2.8510e-20 6.1515e-18 3.3897e-17 2.6820e-14 ] 0.0000e+00 [ 0.0000e+00 ] 1.0000e+00
 3.955e+01 2.4511e-14 2.4511e-14 [ 1.8748e-101 1.7250e-67 2.3374e-20 5.2529e-18 2.9444e-17 2.4476e-14 ] 0.0000e+00 [ 0.0000e+00 ] 1.0000e+00
 3.967e+01 2.2360e-14 2.2360e-14 [ 7.2341e-102 8.0803e-68 1.9148e-20 4.4828e-18 2.5561e-17 2.2330e-14 ] 0.0000e+00 [ 0.0000e+00 ] 1.0000e+00
 3.978e+01 2.0390e-14 2.0390e-14 [ 2.7901e-102 3.7815e-68 1.5675e-20 3.8233e-18 2.2177e-17 2.0364e-14 ] 0.0000e+00 [ 0.0000e+00 ] 1.0000e+00
 3.989e+01 1.8587e-14 1.8587e-14 [ 1.0756e-102 1.7680e-68 1.2822e-20 3.2588e-18 1.9230e-17 1.8564e-14 ] 0.0000e+00 [ 0.0000e+00 ] 1.0000e+00
 4.001e+01 1.6937e-14 1.6937e-14 [ 4.1448e-103 8.2585e-69 1.0481e-20 2.7759e-18 1.6665e-17 1.6918e-14 ] 0.0000e+00 [ 0.0000e+00 ] 1.0000e+00
 4.012e+01 1.5428e-14 1.5428e-14 [ 1.5964e-103 3.8540e-69 8.5610e-21 2.3632e-18 1.4433e-17 1.5411e-14 ] 0.0000e+00 [ 0.0000e+00 ] 1.0000e+00
 4.023e+01 1.4048e-14 1.4048e-14 [ 6.1459e-104 1.7969e-69 6.9875e-21 2.0106e-18 1.2493e-17 1.4034e-14 ] 0.0000e+00 [ 0.0000e+00 ] 1.0000e+00
 4.035e+01 1.2787e-14 1.2787e-14 [ 2.3650e-104 8.3701e-70 5.6990e-21 1.7096e-18 1.0807e-17 1.2775e-14 ] 0.0000e+00 [ 0.0000e+00 ] 1.0000e+00
 4.046e+01 1.1636e-14 1.1636e-14 [ 9.0963e-105 3.8953e-70 4.6447e-21 1.4527e-18 9.3434e-18 1.1625e-14 ] 0.0000e+00 [ 0.0000e+00 ] 1.0000e+00
 4.057e+01 1.0583e-14 1.0583e-14 [ 3.4971e-105 1.8112e-70 3.7826e-21 1.2337e-18 8.0732e-18 1.0574e-14 ] 0.0000e+00 [ 0.0000e+00 ] 1.0000e+00
 4.069e+01 9.6231e-15 9.6231e-15 [ 1.3439e-105 8.4135e-71 3.0782e-21 1.0471e-18 6.9716e-18 9.6151e-15 ] 0.0000e+00 [ 0.0000e+00 ] 1.0000e+00
 4.080e+01 8.7467e-15 8.7467e-15 [ 5.1618e-106 3.9048e-71 2.5032e-21 8.8815e-19 6.0168e-18 8.7398e-15 ] 0.0000e+00 [ 0.0000e+00 ] 1.0000e+00
 4.091e+01 7.9472e-15 7.9472e-15 [ 1.9818e-106 1.8107e-71 2.0341e-21 7.5288e-19 5.1897e-18 7.9412e-15 ] 0.0000e+00 [ 0.0000e+00 ] 1.0000e+00
 4.103e+01 7.2182e-15 7.2182e-15 [ 7.6051e-107 8.3885e-72 1.6517e-21 6.3783e-19 4.4737e-18 7.2130e-15 ] 0.0000e+00 [ 0.0000e+00 ] 1.0000e+00
 4.114e+01 6.5536e-15 6.5536e-15 [ 2.9172e-107 3.8828e-72 1.3402e-21 5.4003e-19 3.8543e-18 6.5492e-15 ] 0.0000e+00 [ 0.0000e+00 ] 1.0000e+00
 4.125e+01 5.9481e-15 5.9481e-15 [ 1.1185e-107 1.7956e-72 1.0866e-21 4.5695e-19 3.3187e-18 5.9443e-15 ] 0.0000e+00 [ 0.0000e+00 ] 1.0000e+00
 4.137e+01 5.3966e-15 5.3966e-15 [ 4.2864e-108 8.2968e-73 8.8038e-22 3.8642e-19 2.8558e-18 5.3934e-15 ] 0.0000e+00 [ 0.0000e+00 ] 1.0000e+00
 4.148e+01 4.8944e-15 4.8944e-15 [ 1.6420e-108 3.8302e-73 7.1276e-22 3.2658e-19 2.4561e-18 4.8917e-15 ] 0.0000e+00 [ 0.0000e+00 ] 1.0000e+00
 4.159e+01 4.4374e-15 4.4374e-15 [ 6.2870e-109 1.7667e-73 5.7664e-22 2.7583e-19 2.1111e-18 4.4350e-15 ] 0.0000e+00 [ 0.0000e+00 ] 1.0000e+00
 4.171e+01 4.0216e-15 4.0216e-15 [ 2.4062e-109 8.1415e-74 4.6616e-22 2.3283e-19 1.8135e-18 4.0195e-15 ] 0.0000e+00 [ 0.0000e+00 ] 1.0000e+00
 4.182e+01 3.6434e-15 3.6434e-15 [ 9.2052e-110 3.7487e-74 3.7658e-22 1.9642e-19 1.5570e-18 3.6417e-15 ] 0.0000e+00 [ 0.0000e+00 ] 1.0000e+00
 4.193e+01 3.2996e-15 3.2996e-15 [ 3.5200e-110 1.7246e-74 3.0399e-22 1.6560e-19 1.3359e-18 3.2981e-15 ] 0.0000e+00 [ 0.0000e+00 ] 1.0000e+00
 4.205e+01 2.9872e-15 2.9872e-15 [ 1.3454e-110 7.9271e-75 2.4521e-22 1.3953e-19 1.1456e-18 2.9859e-15 ] 0.0000e+00 [ 0.0000e+00 ] 1.0000e+00
 4.216e+01 2.7033e-15 2.7033e-15 [ 5.1403e-111 3.6406e-75 1.9765e-22 1.1750e-19 9.8185e-19 2.7022e-15 ] 0.0000e+00 [ 0.0000e+00 ] 1.0000e+00
 4.227e+01 2.4456e-15 2.4456e-15 [ 1.9630e-111 1.6706e-75 1.5920e-22 9.8884e-20 8.4101e-19 2.4446e-15 ] 0.0000e+00 [ 0.0000e+00 ] 1.0000e+00
 4.239e+01 2.2116e-15 2.2116e-15 [ 7.4935e-112 7.6594e-76 1.2814e-22 8.3168e-20 7.1996e-19 2.2108e-15 ] 0.0000e+00 [ 0.0000e+00 ] 1.0000e+00
 4.250e+01 1.9993e-15 1.9993e-15 [ 2.8593e-112 3.5088e-76 1.0306e-22 6.9907e-20 6.1597e-19 1.9986e-15 ] 0.0000e+00 [ 0.0000e+00 ] 1.0000e+00
 4.261e+01 1.8067e-15 1.8067e-15 [ 1.0905e-112 1.6060e-76 8.2826e-23 5.8726e-20 5.2670e-19 1.8061e-15 ] 0.0000e+00 [ 0.0000e+00 ] 1.0000e+00
 4.273e+01 1.6321e-15 1.6321e-15 [ 4.1576e-113 7.3451e-77 6.6517e-23 4.9303e-20 4.5011e-19 1.6316e-15 ] 0.0000e+00 [ 0.0000e+00 ] 1.0000e+00
 4.284e+01 1.4738e-15 1.4738e-15 [ 1.5844e-113 3.3564e-77 5.3381e-23 4.1368e-20 3.8443e-19 1.4734e-15 ] 0.0000e+00 [ 0.0000e+00 ] 1.0000e+00
 4.295e+01 1.3304e-15 1.3304e-15 [ 6.0353e-114 1.5325e-77 4.2808e-23 3.4689e-20 3.2815e-19 1.3300e-15 ] 0.0000e+00 [ 0.0000e+00 ] 1.0000e+00
 4.307e+01 1.2005e-15 1.2005e-15 [ 2.2980e-114 6.9914e-78 3.4304e-23 2.9071e-20 2.7995e-19 1.2002e-15 ] 0.0000e+00 [ 0.0000e+00 ] 1.0000e+00
 4.318e+01 1.0829e-15 1.0829e-15 [ 8.7465e-115 3.1870e-78 2.7469e-23 2.4348e-20 2.3869e-19 1.0826e-15 ] 0.0000e+00 [ 0.0000e+00 ] 1.0000e+00
 4.329e+01 9.7645e-16 9.7645e-16 [ 3.3276e-115 1.4516e-78 2.1980e-23 2.0380e-20 2.0340e-19 9.7622e-16 ] 0.0000e+00 [ 0.0000e+00 ] 1.0000e+00
 4.341e+01 8.8016e-16 8.8016e-16 [ 1.2655e-115 6.6061e-79 1.7575e-23 1.7048e-20 1.7322e-19 8.7997e-16 ] 0.0000e+00 [ 0.0000e+00 ] 1.0000e+00
 4.352e+01 7.9308e-16 7.9308e-16 [ 4.8106e-116 3.0040e-79 1.4042e-23 1.4253e-20 1.4744e-19 7.9292e-16 ] 0.0000e+00 [ 0.0000e+00 ] 1.0000e+00
 4.363e+01 7.1435e-16 7.1435e-16 [ 1.8279e-116 1.3650e-79 1.1212e-23 1.1909e-20 1.2542e-19 7.1422e-16 ] 0.0000e+00 [ 0.0000e+00 ] 1.0000e+00
 4.375e+01 6.4321e-16 6.4321e-16 [ 6.9431e-117 6.1971e-80 8.9452e-24 9.9443e-21 1.0663e-19 6.4310e-16 ] 0.0000e+00 [ 0.0000e+00 ] 1.0000e+00
 4.386e+01 5.7895e-16 5.7895e-16 [ 2.6362e-117 2.8113e-80 7.1316e-24 8.2988e-21 9.0608e-20 5.7885e-16 ] 0.0000e+00 [ 0.0000e+00 ] 1.0000e+00
 4.397e+01 5.2091e-16 5.2091e-16 [ 1.0005e-117 1.2744e-80 5.6816e-24 6.9215e-21 7.6946e-20 5.2083e-16 ] 0.0000e+00 [ 0.0000e+00 ] 1.0000e+00
 4.409e+01 4.6853e-16 4.6853e-16 [ 3.7957e-118 5.7722e-81 4.5231e-24 5.7693e-21 6.5307e-20 4.6846e-16 ] 0.0000e+00 [ 0.0000e+00 ] 1.0000e+00
 4.420e+01 4.2126e-16 4.2126e-16 [ 1.4394e-118 2.6124e-81 3.5982e-24 4.8061e-21 5.5397e-20 4.2120e-16 ] 0.0000e+00 [ 0.0000e+00 ] 1.0000e+00
 4.431e+01 3.7862e-16 3.7862e-16 [ 5.4565e-119 1.1814e-81 2.8603e-24 4.0013e-21 4.6964e-20 3.7857e-16 ] 0.0000e+00 [ 0.0000e+00 ] 1.0000e+00
 4.443e+01 3.4018e-16 3.4018e-16 [ 2.0676e-119 5.3388e-82 2.2721e-24 3.3292e-21 3.9792e-20 3.4014e-16 ] 0.0000e+00 [ 0.0000e+00 ] 1.0000e+00
 4.454e+01 3.0553e-16 3.0553e-16 [ 7.8318e-120 2.4107e-82 1.8036e-24 2.7684e-21 3.3696e-20 3.0549e-16 ] 0.0000e+00 [ 0.0000e+00 ] 1.0000e+00
 4.465e+01 2.7431e-16 2.7431e-16 [ 2.9654e-120 1.0877e-82 1.4306e-24 2.3007e-21 2.8518e-20 2.7428e-16 ] 0.0000e+00 [ 0.0000e+00 ] 1.0000e+00
 4.477e+01 2.4619e-16 2.4619e-16 [ 1.1224e-120 4.9039e-83 1.1339e-24 1.9109e-21 2.4122e-20 2.4616e-16 ] 0.0000e+00 [ 0.0000e+00 ] 1.0000e+00
 4.488e+01 2.2088e-16 2.2088e-16 [ 4.2465e-121 2.2093e-83 8.9814e-25 1.5861e-21 2.0392e-20 2.2085e-16 ] 0.0000e+00 [ 0.0000e+00 ] 1.0000e+00
 4.499e+01 1.9809e-16 1.9809e-16 [ 1.6060e-121 9.9455e-84 7.1086e-25 1.3158e-21 1.7229e-20 1.9807e-16 ] 0.0000e+00 [ 0.0000e+00 ] 1.0000e+00
 4.511e+01 1.7759e-16 1.7759e-16 [ 6.0717e-122 4.4738e-84 5.6222e-25 1.0909e-21 1.4548e-20 1.7758e-16 ] 0.0000e+00 [ 0.0000e+00 ] 1.0000e+00
 4.522e+01 1.5916e-16 1.5916e-16 [ 2.2946e-122 2.0110e-84 4.4434e-25 9.0390e-22 1.2278e-20 1.5915e-16 ] 0.0000e+00 [ 0.0000e+00 ] 1.0000e+00
 4.533e+01 1.4259e-16 1.4259e-16 [ 8.6684e-123 9.0327e-85 3.5092e-25 7.4851e-22 1.0356e-20 1.4258e-16 ] 0.0000e+00 [ 0.0000e+00 ] 1.0000e+00
 4.545e+01 1.2769e-16 1.2769e-16 [ 3.2735e-123 4.0542e-85 2.7694e-25 6.1947e-22 8.7299e-21 1.2769e-16 ] 0.0000e+00 [ 0.0000e+00 ] 1.0000e+00
 4.556e+01 1.1432e-16 1.1432e-16 [ 1.2357e-123 1.8183e-85 2.1840e-25 5.1236e-22 7.3551e-21 1.1431e-16 ] 0.0000e+00 [ 0.0000e+00 ] 1.0000e+00
 4.567e+01 1.0230e-16 1.0230e-16 [ 4.6630e-124 8.1492e-86 1.7211e-25 4.2353e-22 6.1932e-21 1.0230e-16 ] 0.0000e+00 [ 0.0000e+00 ] 1.0000e+00
 4.579e+01 9.1519e-17 9.1519e-17 [ 1.7589e-124 3.6496e-86 1.3553e-25 3.4989e-22 5.2120e-21 9.1513e-17 ] 0.0000e+00 [ 0.0000e+00 ] 1.0000e+00
 4.590e+01 8.1842e-17 8.1842e-17 [ 6.6326e-125 1.6333e-86 1.0665e-25 2.8888e-22 4.3837e-21 8.1838e-17 ] 0.0000e+00 [ 0.0000e+00 ] 1.0000e+00
 4.601e+01 7.3163e-17 7.3163e-17 [ 2.5001e-125 7.3040e-87 8.3861e-26 2.3837e-22 3.6850e-21 7.3159e-17 ] 0.0000e+00 [ 0.0000e+00 ] 1.0000e+00
 4.613e+01 6.5380e-17 6.5380e-17 [ 9.4204e-126 3.2640e-87 6.5895e-26 1.9657e-22 3.0960e-21 6.5377e-17 ] 0.0000e+00 [ 0.0000e+00 ] 1.0000e+00
 4.624e+01 5.8404e-17 5.8404e-17 [ 3.5483e-126 1.4576e-87 5.1741e-26 1.6201e-22 2.5996e-21 5.8401e-17 ] 0.0000e+00 [ 0.0000e+00 ] 1.0000e+00
 4.635e+01 5.2154e-17 5.2154e-17 [ 1.3361e-126 6.5043e-88 4.0597e-26 1.3344e-22 2.1816e-21 5.2151e-17 ] 0.0000e+00 [ 0.0000e+00 ] 1.0000e+00
 4.647e+01 4.6555e-17 4.6555e-17 [ 5.0289e-127 2.9004e-88 3.1831e-26 1.0985e-22 1.8298e-21 4.6554e-17 ] 0.0000e+00 [ 0.0000e+00 ] 1.0000e+00
 4.658e+01 4.1543e-17 4.1543e-17 [ 1.8922e-127 1.2925e-88 2.4939e-26 9.0371e-23 1.5338e-21 4.1542e-17 ] 0.0000e+00 [ 0.0000e+00 ] 1.0000e+00
 4.669e+01 3.7057e-17 3.7057e-17 [ 7.1172e-128 5.7553e-89 1.9526e-26 7.4304e-23 1.2850e-21 3.7056e-17 ] 0.0000e+00 [ 0.0000e+00 ] 1.0000e+00
 4.681e+01 3.3044e-17 3.3044e-17 [ 2.6761e-128 2.5610e-89 1.5276e-26 6.1058e-23 1.0760e-21 3.3043e-17 ] 0.0000e+00 [ 0.0000e+00 ] 1.0000e+00
 4.692e+01 2.9455e-17 2.9455e-17 [ 1.0058e-128 1.1388e-89 1.1943e-26 5.0143e-23 9.0045e-22 2.9454e-17 ] 0.0000e+00 [ 0.0000e+00 ] 1.0000e+00
 4.703e+01 2.6246e-17 2.6246e-17 [ 3.7793e-129 5.0606e-90 9.3302e-27 4.1156e-23 7.5313e-22 2.6245e-17 ] 0.0000e+00 [ 0.0000e+00 ] 1.0000e+00
 4.715e+01 2.3378e-17 2.3378e-17 [ 1.4195e-129 2.2472e-90 7.2839e-27 3.3759e-23 6.2955e-22 2.3378e-17 ] 0.0000e+00 [ 0.0000e+00 ] 1.0000e+00
 4.726e+01 2.0816e-17 2.0816e-17 [ 5.3301e-130 9.9723e-91 5.6822e-27 2.7675e-23 5.2597e-22 2.0816e-17 ] 0.0000e+00 [ 0.0000e+00 ] 1.0000e+00
 4.737e+01 1.8529e-17 1.8529e-17 [ 2.0006e-130 4.4223e-91 4.4296e-27 2.2674e-23 4.3918e-22 1.8528e-17 ] 0.0000e+00 [ 0.0000e+00 ] 1.0000e+00
 4.749e+01 1.6486e-17 1.6486e-17 [ 7.5068e-131 1.9597e-91 3.4506e-27 1.8566e-23 3.6650e-22 1.6486e-17 ] 0.0000e+00 [ 0.0000e+00 ] 1.0000e+00
 4.760e+01 1.4664e-17 1.4664e-17 [ 2.8158e-131 8.6788e-92 2.6860e-27 1.5193e-23 3.0569e-22 1.4664e-17 ] 0.0000e+00 [ 0.0000e+00 ] 1.0000e+00
 4.771e+01 1.3038e-17 1.3038e-17 [ 1.0558e-131 3.8409e-92 2.0894e-27 1.2426e-23 2.5482e-22 1.3038e-17 ] 0.0000e+00 [ 0.0000e+00 ] 1.0000e+00
 4.783e+01 1.1589e-17 1.1589e-17 [ 3.9577e-132 1.6987e-92 1.6241e-27 1.0157e-23 2.1230e-22 1.1589e-17 ] 0.0000e+00 [ 0.0000e+00 ] 1.0000e+00
 4.794e+01 1.0297e-17 1.0297e-17 [ 1.4830e-132 7.5074e-93 1.2615e-27 8.2967e-24 1.7678e-22 1.0297e-17 ] 0.0000e+00 [ 0.0000e+00 ] 1.0000e+00
 4.805e+01 9.1454e-18 9.1454e-18 [ 5.5552e-133 3.3158e-93 9.7919e-28 6.7735e-24 1.4711e-22 9.1452e-18 ] 0.0000e+00 [ 0.0000e+00 ] 1.0000e+00
 4.817e+01 8.1199e-18 8.1199e-18 [ 2.0802e-133 1.4635e-93 7.5949e-28 5.5267e-24 1.2236e-22 8.1197e-18 ] 0.0000e+00 [ 0.0000e+00 ] 1.0000e+00
 4.828e+01 7.2068e-18 7.2068e-18 [ 7.7873e-134 6.4555e-94 5.8867e-28 4.5067e-24 1.0172e-22 7.2067e-18 ] 0.0000e+00 [ 0.0000e+00 ] 1.0000e+00
 4.839e+01 6.3941e-18 6.3941e-18 [ 2.9142e-134 2.8456e-94 4.5594e-28 3.6728e-24 8.4510e-23 6.3940e-18 ] 0.0000e+00 [ 0.0000e+00 ] 1.0000e+00
 4.851e+01 5.6710e-18 5.6710e-18 [ 1.0902e-134 1.2535e-94 3.5288e-28 2.9914e-24 7.0174e-23 5.6709e-18 ] 0.0000e+00 [ 0.0000e+00 ] 1.0000e+00
 4.862e+01 5.0279e-18 5.0279e-18 [ 4.0770e-135 5.5182e-95 2.7292e-28 2.4350e-24 5.8238e-23 5.0278e-18 ] 0.0000e+00 [ 0.0000e+00 ] 1.0000e+00
 4.873e+01 4.4561e-18 4.4561e-18 [ 1.5242e-135 2.4277e-95 2.1093e-28 1.9810e-24 4.8305e-23 4.4560e-18 ] 0.0000e+00 [ 0.0000e+00 ] 1.0000e+00
 4.885e+01 3.9479e-18 3.9479e-18 [ 5.6966e-136 1.0674e-95 1.6290e-28 1.6106e-24 4.0044e-23 3.9479e-18 ] 0.0000e+00 [ 0.0000e+00 ] 1.0000e+00
 4.896e+01 3.4965e-18 3.4965e-18 [ 2.1283e-136 4.6897e-96 1.2572e-28 1.3087e-24 3.3178e-23 3.4964e-18 ] 0.0000e+00 [ 0.0000e+00 ] 1.0000e+00
 4.907e+01 3.0955e-18 3.0955e-18 [ 7.9493e-137 2.0592e-96 9.6955e-29 1.0628e-24 2.7474e-23 3.0955e-18 ] 0.0000e+00 [ 0.0000e+00 ] 1.0000e+00
 4.919e+01 2.7396e-18 2.7396e-18 [ 2.9681e-137 9.0362e-97 7.4718e-29 8.6261e-25 2.2738e-23 2.7395e-18 ] 0.0000e+00 [ 0.0000e+00 ] 1.0000e+00
 4.930e+01 2.4237e-18 2.4237e-18 [ 1.1079e-137 3.9627e-97 5.7540e-29 6.9969e-25 1.8808e-23 2.4236e-18 ] 0.0000e+00 [ 0.0000e+00 ] 1.0000e+00
 4.941e+01 2.1434e-18 2.1434e-18 [ 4.1340e-138 1.7367e-97 4.4280e-29 5.6721e-25 1.5548e-23 2.1434e-18 ] 0.0000e+00 [ 0.0000e+00 ] 1.0000e+00
 4.953e+01 1.8949e-18 1.8949e-18 [ 1.5421e-138 7.6066e-98 3.4051e-29 4.5955e-25 1.2847e-23 1.8949e-18 ] 0.0000e+00 [ 0.0000e+00 ] 1.0000e+00
 4.964e+01 1.6746e-18 1.6746e-18 [ 5.7506e-139 3.3295e-98 2.6166e-29 3.7210e-25 1.0609e-23 1.6746e-18 ] 0.0000e+00 [ 0.0000e+00 ] 1.0000e+00
 4.975e+01 1.4794e-18 1.4794e-18 [ 2.1438e-139 1.4565e-98 2.0093e-29 3.0112e-25 8.7559e-24 1.4794e-18 ] 0.0000e+00 [ 0.0000e+00 ] 1.0000e+00
 4.987e+01 1.3065e-18 1.3065e-18 [ 7.9896e-140 6.3673e-99 1.5418e-29 2.4353e-25 7.2227e-24 1.3065e-18 ] 0.0000e+00 [ 0.0000e+00 ] 1.0000e+00
 4.998e+01 1.1534e-18 1.1534e-18 [ 2.9766e-140 2.7819e-99 1.1823e-29 1.9684e-25 5.9546e-24 1.1534e-18 ] 0.0000e+00 [ 0.0000e+00 ] 1.0000e+00
 5.009e+01 1.0178e-18 1.0178e-18 [ 1.1087e-140 1.2147e-99 9.0593e-30 1.5901e-25 4.9065e-24 1.0178e-18 ] 0.0000e+00 [ 0.0000e+00 ] 1.0000e+00
 5.021e+01 8.9789e-19 8.9789e-19 [ 4.1280e-141 5.3005e-100 6.9368e-30 1.2838e-25 4.0406e-24 8.9788e-19 ] 0.0000e+00 [ 0.0000e+00 ] 1.0000e+00
 5.032e+01 7.9180e-19 7.9180e-19 [ 1.5365e-141 2.3116e-100 5.3078e-30 1.0358e-25 3.3257e-24 7.9180e-19 ] 0.0000e+00 [ 0.0000e+00 ] 1.0000e+00
 5.043e+01 6.9800e-19 6.9800e-19 [ 5.7177e-142 1.0075e-100 4.0584e-30 8.3529e-26 2.7358e-24 6.9800e-19 ] 0.0000e+00 [ 0.0000e+00 ] 1.0000e+00
 5.055e+01 6.1510e-19 6.1510e-19 [ 2.1270e-142 4.3884e-101 3.1009e-30 6.7318e-26 2.2493e-24 6.1509e-19 ] 0.0000e+00 [ 0.0000e+00 ] 1.0000e+00
 5.066e+01 5.4184e-19 5.4184e-19 [ 7.9101e-143 1.9103e-101 2.3676e-30 5.4221e-26 1.8483e-24 5.4184e-19 ] 0.0000e+00 [ 0.0000e+00 ] 1.0000e+00
 5.077e+01 4.7714e-19 4.7714e-19 [ 2.9408e-143 8.3110e-102 1.8065e-30 4.3647e-26 1.5180e-24 4.7714e-19 ] 0.0000e+00 [ 0.0000e+00 ] 1.0000e+00
 5.089e+01 4.2002e-19 4.2002e-19 [ 1.0930e-143 3.6136e-102 1.3773e-30 3.5114e-26 1.2460e-24 4.2002e-19 ] 0.0000e+00 [ 0.0000e+00 ] 1.0000e+00
 5.100e+01 3.6960e-19 3.6960e-19 [ 4.0613e-144 1.5703e-102 1.0494e-30 2.8233e-26 1.0222e-24 3.6960e-19 ] 0.0000e+00 [ 0.0000e+00 ] 1.0000e+00
 5.111e+01 3.2512e-19 3.2512e-19 [ 1.5086e-144 6.8194e-103 7.9897e-31 2.2687e-26 8.3811e-25 3.2512e-19 ] 0.0000e+00 [ 0.0000e+00 ] 1.0000e+00
 5.123e+01 2.8589e-19 2.8589e-19 [ 5.6020e-145 2.9598e-103 6.0787e-31 1.8220e-26 6.8681e-25 2.8589e-19 ] 0.0000e+00 [ 0.0000e+00 ] 1.0000e+00
 5.134e+01 2.5130e-19 2.5130e-19 [ 2.0797e-145 1.2839e-103 4.6215e-31 1.4624e-26 5.6252e-25 2.5130e-19 ] 0.0000e+00 [ 0.0000e+00 ] 1.0000e+00
 5.145e+01 2.2082e-19 2.2082e-19 [ 7.7182e-146 5.5660e-104 3.5111e-31 1.1731e-26 4.6047e-25 2.2082e-19 ] 0.0000e+00 [ 0.0000e+00 ] 1.0000e+00
 5.157e+01 1.9397e-19 1.9397e-19 [ 2.8636e-146 2.4116e-104 2.6656e-31 9.4045e-27 3.7673e-25 1.9397e-19 ] 0.0000e+00 [ 0.0000e+00 ] 1.0000e+00
 5.168e+01 1.7032e-19 1.7032e-19 [ 1.0622e-146 1.0443e-104 2.0223e-31 7.5351e-27 3.0805e-25 1.7032e-19 ] 0.0000e+00 [ 0.0000e+00 ] 1.0000e+00
 5.179e+01 1.4950e-19 1.4950e-19 [ 3.9386e-147 4.5194e-105 1.5332e-31 6.0338e-27 2.5175e-25 1.4950e-19 ] 0.0000e+00 [ 0.0000e+00 ] 1.0000e+00
 5.191e+01 1.3118e-19 1.3118e-19 [ 1.4601e-147 1.9548e-105 1.1615e-31 4.8288e-27 2.0563e-25 1.3118e-19 ] 0.0000e+00 [ 0.0000e+00 ] 1.0000e+00
 5.202e+01 1.1507e-19 1.1507e-19 [ 5.4110e-148 8.4500e-106 8.7932e-32 3.8622e-27 1.6787e-25 1.1507e-19 ] 0.0000e+00 [ 0.0000e+00 ] 1.0000e+00
 5.213e+01 1.0089e-19 1.0089e-19 [ 2.0048e-148 3.6507e-106 6.6521e-32 3.0872e-27 1.3697e-25 1.0089e-19 ] 0.0000e+00 [ 0.0000e+00 ] 1.0000e+00
 5.225e+01 8.8436e-20 8.8436e-20 [ 7.4255e-149 1.5763e-106 5.0289e-32 2.4664e-27 1.1169e-25 8.8436e-20 ] 0.0000e+00 [ 0.0000e+00 ] 1.0000e+00
 5.236e+01 7.7488e-20 7.7488e-20 [ 2.7496e-149 6.8027e-107 3.7990e-32 1.9692e-27 9.1031e-26 7.7488e-20 ] 0.0000e+00 [ 0.0000e+00 ] 1.0000e+00
 5.247e+01 6.7872e-20 6.7872e-20 [ 1.0179e-149 2.9341e-107 2.8679e-32 1.5713e-27 7.4152e-26 6.7872e-20 ] 0.0000e+00 [ 0.0000e+00 ] 1.0000e+00
 5.259e+01 5.9427e-20 5.9427e-20 [ 3.7669e-150 1.2648e-107 2.1635e-32 1.2531e-27 6.0371e-26 5.9427e-20 ] 0.0000e+00 [ 0.0000e+00 ] 1.0000e+00
 5.270e+01 5.2015e-20 5.2015e-20 [ 1.3937e-150 5.4490e-108 1.6309e-32 9.9879e-28 4.9123e-26 5.2015e-20 ] 0.0000e+00 [ 0.0000e+00 ] 1.0000e+00
 5.281e+01 4.5511e-20 4.5511e-20 [ 5.1550e-151 2.3463e-108 1.2286e-32 7.9560e-28 3.9950e-26 4.5511e-20 ] 0.0000e+00 [ 0.0000e+00 ] 1.0000e+00
 5.293e+01 3.9806e-20 3.9806e-20 [ 1.9062e-151 1.0097e-108 9.2485e-33 6.3338e-28 3.2472e-26 3.9806e-20 ] 0.0000e+00 [ 0.0000e+00 ] 1.0000e+00
 5.304e+01 3.4804e-20 3.4804e-20 [ 7.0469e-152 4.3430e-109 6.9571e-33 5.0394e-28 2.6379e-26 3.4804e-20 ] 0.0000e+00 [ 0.0000e+00 ] 1.0000e+00
 5.315e+01 3.0420e-20 3.0420e-20 [ 2.6044e-152 1.8670e-109 5.2298e-33 4.0072e-28 2.1418e-26 3.0420e-20 ] 0.0000e+00 [ 0.0000e+00 ] 1.0000e+00
 5.327e+01 2.6579e-20 2.6579e-20 [ 9.6226e-153 8.0214e-110 3.9285e-33 3.1846e-28 1.7381e-26 2.6579e-20 ] 0.0000e+00 [ 0.0000e+00 ] 1.0000e+00
 5.338e+01 2.3214e-20 2.3214e-20 [ 3.5544e-153 3.4445e-110 2.9489e-33 2.5294e-28 1.4097e-26 2.3214e-20 ] 0.0000e+00 [ 0.0000e+00 ] 1.0000e+00
 5.349e+01 2.0268e-20 2.0268e-20 [ 1.3126e-153 1.4783e-110 2.2121e-33 2.0078e-28 1.1427e-26 2.0268e-20 ] 0.0000e+00 [ 0.0000e+00 ] 1.0000e+00
 5.361e+01 1.7690e-20 1.7690e-20 [ 4.8458e-154 6.3413e-111 1.6582e-33 1.5928e-28 9.2581e-27 1.7690e-20 ] 0.0000e+00 [ 0.0000e+00 ] 1.0000e+00
 5.372e+01 1.5434e-20 1.5434e-20 [ 1.7885e-154 2.7187e-111 1.2421e-33 1.2629e-28 7.4967e-27 1.5434e-20 ] 0.0000e+00 [ 0.0000e+00 ] 1.0000e+00
 5.383e+01 1.3461e-20 1.3461e-20 [ 6.5995e-155 1.1649e-111 9.2975e-34 1.0007e-28 6.0671e-27 1.3461e-20 ] 0.0000e+00 [ 0.0000e+00 ] 1.0000e+00
 5.395e+01 1.1736e-20 1.1736e-20 [ 2.4345e-155 4.9891e-112 6.9547e-34 7.9254e-29 4.9075e-27 1.1736e-20 ] 0.0000e+00 [ 0.0000e+00 ] 1.0000e+00
 5.406e+01 1.0228e-20 1.0228e-20 [ 8.9783e-156 2.1355e-112 5.1985e-34 6.2729e-29 3.9674e-27 1.0228e-20 ] 0.0000e+00 [ 0.0000e+00 ] 1.0000e+00
 5.417e+01 8.9114e-21 8.9114e-21 [ 3.3103e-156 9.1362e-113 3.8831e-34 4.9620e-29 3.2056e-27 8.9114e-21 ] 0.0000e+00 [ 0.0000e+00 ] 1.0000e+00
 5.429e+01 7.7612e-21 7.7612e-21 [ 1.2202e-156 3.9066e-113 2.8985e-34 3.9228e-29 2.5887e-27 7.7612e-21 ] 0.0000e+00 [ 0.0000e+00 ] 1.0000e+00
 5.440e+01 6.7570e-21 6.7570e-21 [ 4.4965e-157 1.6696e-113 2.1620e-34 3.0995e-29 2.0894e-27 6.7570e-21 ] 0.0000e+00 [ 0.0000e+00 ] 1.0000e+00
 5.451e+01 5.8807e-21 5.8807e-21 [ 1.6566e-157 7.1315e-114 1.6116e-34 2.4475e-29 1.6855e-27 5.8807e-21 ] 0.0000e+00 [ 0.0000e+00 ] 1.0000e+00
 5.463e+01 5.1162e-21 5.1162e-21 [ 6.1015e-158 3.0446e-114 1.2004e-34 1.9316e-29 1.3589e-27 5.1162e-21 ] 0.0000e+00 [ 0.0000e+00 ] 1.0000e+00
 5.474e+01 4.4496e-21 4.4496e-21 [ 2.2467e-158 1.2992e-114 8.9351e-35 1.5235e-29 1.0951e-27 4.4496e-21 ] 0.0000e+00 [ 0.0000e+00 ] 1.0000e+00
 5.485e+01 3.8684e-21 3.8684e-21 [ 8.2709e-159 5.5408e-115 6.6461e-35 1.2010e-29 8.8195e-28 3.8684e-21 ] 0.0000e+00 [ 0.0000e+00 ] 1.0000e+00
 5.497e+01 3.3619e-21 3.3619e-21 [ 3.0440e-159 2.3619e-115 4.9401e-35 9.4615e-30 7.0993e-28 3.3619e-21 ] 0.0000e+00 [ 0.0000e+00 ] 1.0000e+00
 5.508e+01 2.9207e-21 2.9207e-21 [ 1.1200e-159 1.0063e-115 3.6694e-35 7.4497e-30 5.7116e-28 2.9207e-21 ] 0.0000e+00 [ 0.0000e+00 ] 1.0000e+00
 5.519e+01 2.5365e-21 2.5365e-21 [ 4.1201e-160 4.2851e-116 2.7236e-35 5.8623e-30 4.5926e-28 2.5365e-21 ] 0.0000e+00 [ 0.0000e+00 ] 1.0000e+00
 5.531e+01 2.2021e-21 2.2021e-21 [ 1.5152e-160 1.8238e-116 2.0202e-35 4.6104e-30 3.6909e-28 2.2021e-21 ] 0.0000e+00 [ 0.0000e+00 ] 1.0000e+00
 5.542e+01 1.9111e-21 1.9111e-21 [ 5.5710e-161 7.7588e-117 1.4974e-35 3.6238e-30 2.9646e-28 1.9111e-21 ] 0.0000e+00 [ 0.0000e+00 ] 1.0000e+00
 5.553e+01 1.6579e-21 1.6579e-21 [ 2.0478e-161 3.2990e-117 1.1092e-35 2.8467e-30 2.3800e-28 1.6579e-21 ] 0.0000e+00 [ 0.0000e+00 ] 1.0000e+00
 5.565e+01 1.4378e-21 1.4378e-21 [ 7.5255e-162 1.4020e-117 8.2098e-36 2.2349e-30 1.9096e-28 1.4378e-21 ] 0.0000e+00 [ 0.0000e+00 ] 1.0000e+00
 5.576e+01 1.2465e-21 1.2465e-21 [ 2.7649e-162 5.9554e-118 6.0725e-36 1.7536e-30 1.5314e-28 1.2465e-21 ] 0.0000e+00 [ 0.0000e+00 ] 1.0000e+00
 5.587e+01 1.0802e-21 1.0802e-21 [ 1.0156e-162 2.5284e-118 4.4885e-36 1.3752e-30 1.2274e-28 1.0802e-21 ] 0.0000e+00 [ 0.0000e+00 ] 1.0000e+00
 5.599e+01 9.3580e-22 9.3580e-22 [ 3.7293e-163 1.0729e-118 3.3154e-36 1.0778e-30 9.8323e-29 9.3580e-22 ] 0.0000e+00 [ 0.0000e+00 ] 1.0000e+00
 5.610e+01 8.1041e-22 8.1041e-22 [ 1.3692e-163 4.5508e-119 2.4471e-36 8.4421e-31 7.8722e-29 8.1041e-22 ] 0.0000e+00 [ 0.0000e+00 ] 1.0000e+00
 5.621e+01 7.0157e-22 7.0157e-22 [ 5.0254e-164 1.9293e-119 1.8050e-36 6.6087e-31 6.2995e-29 7.0157e-22 ] 0.0000e+00 [ 0.0000e+00 ] 1.0000e+00
 5.633e+01 6.0713e-22 6.0713e-22 [ 1.8441e-164 8.1748e-120 1.3304e-36 5.1705e-31 5.0382e-29 6.0713e-22 ] 0.0000e+00 [ 0.0000e+00 ] 1.0000e+00
 5.644e+01 5.2522e-22 5.2522e-22 [ 6.7654e-165 3.4622e-120 9.7998e-37 4.0430e-31 4.0274e-29 5.2522e-22 ] 0.0000e+00 [ 0.0000e+00 ] 1.0000e+00
 5.655e+01 4.5420e-22 4.5420e-22 [ 2.4814e-165 1.4656e-120 7.2132e-37 3.1595e-31 3.2176e-29 4.5420e-22 ] 0.0000e+00 [ 0.0000e+00 ] 1.0000e+00
 5.667e+01 3.9264e-22 3.9264e-22 [ 9.0991e-166 6.2013e-121 5.3057e-37 2.4677e-31 2.5693e-29 3.9264e-22 ] 0.0000e+00 [ 0.0000e+00 ] 1.0000e+00
 5.678e+01 3.3931e-22 3.3931e-22 [ 3.3358e-166 2.6226e-121 3.8999e-37 1.9262e-31 2.0505e-29 3.3931e-22 ] 0.0000e+00 [ 0.0000e+00 ] 1.0000e+00
 5.689e+01 2.9311e-22 2.9311e-22 [ 1.2226e-166 1.1086e-121 2.8646e-37 1.5027e-31 1.6356e-29 2.9311e-22 ] 0.0000e+00 [ 0.0000e+00 ] 1.0000e+00
 5.701e+01 2.5312e-22 2.5312e-22 [ 4.4801e-167 4.6840e-122 2.1026e-37 1.1716e-31 1.3039e-29 2.5312e-22 ] 0.0000e+00 [ 0.0000e+00 ] 1.0000e+00
 5.712e+01 2.1851e-22 2.1851e-22 [ 1.6413e-167 1.9781e-122 1.5423e-37 9.1295e-32 1.0390e-29 2.1851e-22 ] 0.0000e+00 [ 0.0000e+00 ] 1.0000e+00
 5.723e+01 1.8856e-22 1.8856e-22 [ 6.0113e-168 8.3497e-123 1.1305e-37 7.1099e-32 8.2740e-30 1.8856e-22 ] 0.0000e+00 [ 0.0000e+00 ] 1.0000e+00
 5.735e+01 1.6266e-22 1.6266e-22 [ 2.2012e-168 3.5229e-123 8.2806e-38 5.5339e-32 6.5857e-30 1.6266e-22 ] 0.0000e+00 [ 0.0000e+00 ] 1.0000e+00
 5.746e+01 1.4027e-22 1.4027e-22 [ 8.0584e-169 1.4856e-123 6.0612e-38 4.3047e-32 5.2391e-30 1.4027e-22 ] 0.0000e+00 [ 0.0000e+00 ] 1.0000e+00
 5.757e+01 1.2091e-22 1.2091e-22 [ 2.9494e-169 6.2622e-124 4.4336e-38 3.3466e-32 4.1656e-30 1.2091e-22 ] 0.0000e+00 [ 0.0000e+00 ] 1.0000e+00
 5.769e+01 1.0419e-22 1.0419e-22 [ 1.0793e-169 2.6384e-124 3.2408e-38 2.6003e-32 3.3103e-30 1.0419e-22 ] 0.0000e+00 [ 0.0000e+00 ] 1.0000e+00
 5.780e+01 8.9755e-23 8.9755e-23 [ 3.9483e-170 1.1111e-124 2.3672e-38 2.0193e-32 2.6292e-30 8.9755e-23 ] 0.0000e+00 [ 0.0000e+00 ] 1.0000e+00
 5.791e+01 7.7290e-23 7.7290e-23 [ 1.4441e-170 4.6769e-125 1.7280e-38 1.5671e-32 2.0872e-30 7.7290e-23 ] 0.0000e+00 [ 0.0000e+00 ] 1.0000e+00
 5.803e+01 6.6532e-23 6.6532e-23 [ 5.2808e-171 1.9678e-125 1.2604e-38 1.2156e-32 1.6560e-30 6.6532e-23 ] 0.0000e+00 [ 0.0000e+00 ] 1.0000e+00
 5.814e+01 5.7252e-23 5.7252e-23 [ 1.9306e-171 8.2753e-126 9.1878e-39 9.4230e-33 1.3132e-30 5.7252e-23 ] 0.0000e+00 [ 0.0000e+00 ] 1.0000e+00
 5.825e+01 4.9248e-23 4.9248e-23 [ 7.0565e-172 3.4786e-126 6.6927e-39 7.3006e-33 1.0408e-30 4.9248e-23 ] 0.0000e+00 [ 0.0000e+00 ] 1.0000e+00
 5.837e+01 4.2349e-23 4.2349e-23 [ 2.5786e-172 1.4616e-126 4.8718e-39 5.6529e-33 8.2444e-31 4.2349e-23 ] 0.0000e+00 [ 0.0000e+00 ] 1.0000e+00
 5.848e+01 3.6403e-23 3.6403e-23 [ 9.4208e-173 6.1381e-127 3.5439e-39 4.3747e-33 6.5273e-31 3.6403e-23 ] 0.0000e+00 [ 0.0000e+00 ] 1.0000e+00
 5.859e+01 3.1281e-23 3.1281e-23 [ 3.4410e-173 2.5767e-127 2.5761e-39 3.3835e-33 5.1651e-31 3.1281e-23 ] 0.0000e+00 [ 0.0000e+00 ] 1.0000e+00
 5.871e+01 2.6870e-23 2.6870e-23 [ 1.2566e-173 1.0812e-127 1.8713e-39 2.6154e-33 4.0850e-31 2.6870e-23 ] 0.0000e+00 [ 0.0000e+00 ] 1.0000e+00
 5.882e+01 2.3073e-23 2.3073e-23 [ 4.5878e-174 4.5344e-128 1.3584e-39 2.0205e-33 3.2290e-31 2.3073e-23 ] 0.0000e+00 [ 0.0000e+00 ] 1.0000e+00
 5.893e+01 1.9806e-23 1.9806e-23 [ 1.6746e-174 1.9009e-128 9.8543e-40 1.5600e-33 2.5511e-31 1.9806e-23 ] 0.0000e+00 [ 0.0000e+00 ] 1.0000e+00
 5.905e+01 1.6995e-23 1.6995e-23 [ 6.1114e-175 7.9654e-129 7.1435e-40 1.2038e-33 2.0144e-31 1.6995e-23 ] 0.0000e+00 [ 0.0000e+00 ] 1.0000e+00
 5.916e+01 1.4578e-23 1.4578e-23 [ 2.2298e-175 3.3363e-129 5.1749e-40 9.2837e-34 1.5898e-31 1.4578e-23 ] 0.0000e+00 [ 0.0000e+00 ] 1.0000e+00
 5.927e+01 1.2500e-23 1.2500e-23 [ 8.1338e-176 1.3968e-129 3.7462e-40 7.1556e-34 1.2540e-31 1.2500e-23 ] 0.0000e+00 [ 0.0000e+00 ] 1.0000e+00
 5.939e+01 1.0715e-23 1.0715e-23 [ 2.9664e-176 5.8451e-130 2.7100e-40 5.5122e-34 9.8860e-32 1.0715e-23 ] 0.0000e+00 [ 0.0000e+00 ] 1.0000e+00
 5.950e+01 9.1815e-24 9.1815e-24 [ 1.0816e-176 2.4450e-130 1.9591e-40 4.2438e-34 7.7897e-32 9.1815e-24 ] 0.0000e+00 [ 0.0000e+00 ] 1.0000e+00
 5.961e+01 7.8646e-24 7.8646e-24 [ 3.9429e-177 1.0223e-130 1.4153e-40 3.2654e-34 6.1347e-32 7.8646e-24 ] 0.0000e+00 [ 0.0000e+00 ] 1.0000e+00
 5.973e+01 6.7342e-24 6.7342e-24 [ 1.4370e-177 4.2723e-131 1.0217e-40 2.5111e-34 4.8287e-32 6.7342e-24 ] 0.0000e+00 [ 0.0000e+00 ] 1.0000e+00
 5.984e+01 5.7643e-24 5.7643e-24 [ 5.2362e-178 1.7847e-131 7.3712e-41 1.9299e-34 3.7987e-32 5.7643e-24 ] 0.0000e+00 [ 0.0000e+00 ] 1.0000e+00
 5.995e+01 4.9324e-24 4.9324e-24 [ 1.9076e-178 7.4524e-132 5.3141e-41 1.4824e-34 2.9869e-32 4.9324e-24 ] 0.0000e+00 [ 0.0000e+00 ] 1.0000e+00
 6.007e+01 4.2190e-24 4.2190e-24 [ 6.9479e-179 3.1105e-132 3.8285e-41 1.1381e-34 2.3473e-32 4.2190e-24 ] 0.0000e+00 [ 0.0000e+00 ] 1.0000e+00
 6.018e+01 3.6075e-24 3.6075e-24 [ 2.5301e-179 1.2977e-132 2.7563e-41 8.7317e-35 1.8437e-32 3.6075e-24 ] 0.0000e+00 [ 0.0000e+00 ] 1.0000e+00
 6.029e+01 3.0836e-24 3.0836e-24 [ 9.2112e-180 5.4118e-133 1.9830e-41 6.6956e-35 1.4474e-32 3.0836e-24 ] 0.0000e+00 [ 0.0000e+00 ] 1.0000e+00
 6.041e+01 2.6348e-24 2.6348e-24 [ 3.3528e-180 2.2559e-133 1.4257e-41 5.1313e-35 1.1356e-32 2.6348e-24 ] 0.0000e+00 [ 0.0000e+00 ] 1.0000e+00
 6.052e+01 2.2506e-24 2.2506e-24 [ 1.2201e-180 9.3997e-134 1.0243e-41 3.9302e-35 8.9058e-33 2.2506e-24 ] 0.0000e+00 [ 0.0000e+00 ] 1.0000e+00
 6.063e+01 1.9217e-24 1.9217e-24 [ 4.4393e-181 3.9149e-134 7.3539e-42 3.0086e-35 6.9803e-33 1.9217e-24 ] 0.0000e+00 [ 0.0000e+00 ] 1.0000e+00
 6.075e+01 1.6403e-24 1.6403e-24 [ 1.6149e-181 1.6298e-134 5.2763e-42 2.3018e-35 5.4682e-33 1.6403e-24 ] 0.0000e+00 [ 0.0000e+00 ] 1.0000e+00
 6.086e+01 1.3996e-24 1.3996e-24 [ 5.8730e-182 6.7825e-135 3.7830e-42 1.7600e-35 4.2815e-33 1.3996e-24 ] 0.0000e+00 [ 0.0000e+00 ] 1.0000e+00
 6.097e+01 1.1938e-24 1.1938e-24 [ 2.1355e-182 2.8213e-135 2.7105e-42 1.3450e-35 3.3505e-33 1.1938e-24 ] 0.0000e+00 [ 0.0000e+00 ] 1.0000e+00
 6.109e+01 1.0179e-24 1.0179e-24 [ 7.7631e-183 1.1731e-135 1.9407e-42 1.0272e-35 2.6205e-33 1.0179e-24 ] 0.0000e+00 [ 0.0000e+00 ] 1.0000e+00
 6.120e+01 8.6764e-25 8.6764e-25 [ 2.8215e-183 4.8755e-136 1.3886e-42 7.8410e-36 2.0486e-33 8.6764e-25 ] 0.0000e+00 [ 0.0000e+00 ] 1.0000e+00
 6.131e+01 7.3929e-25 7.3929e-25 [ 1.0253e-183 2.0255e-136 9.9286e-43 5.9817e-36 1.6006e-33 7.3929e-25 ] 0.0000e+00 [ 0.0000e+00 ] 1.0000e+00
 6.143e+01 6.2970e-25 6.2970e-25 [ 3.7249e-184 8.4112e-137 7.0943e-43 4.5608e-36 1.2499e-33 6.2970e-25 ] 0.0000e+00 [ 0.0000e+00 ] 1.0000e+00
 6.154e+01 5.3617e-25 5.3617e-25 [ 1.3530e-184 3.4915e-137 5.0656e-43 3.4754e-36 9.7554e-34 5.3617e-25 ] 0.0000e+00 [ 0.0000e+00 ] 1.0000e+00
 6.165e+01 4.5637e-25 4.5637e-25 [ 4.9134e-185 1.4487e-137 3.6146e-43 2.6468e-36 7.6100e-34 4.5637e-25 ] 0.0000e+00 [ 0.0000e+00 ] 1.0000e+00
 6.177e+01 3.8831e-25 3.8831e-25 [ 1.7839e-185 6.0087e-138 2.5775e-43 2.0146e-36 5.9333e-34 3.8831e-25 ] 0.0000e+00 [ 0.0000e+00 ] 1.0000e+00
 6.188e+01 3.3029e-25 3.3029e-25 [ 6.4757e-186 2.4911e-138 1.8366e-43 1.5325e-36 4.6236e-34 3.3029e-25 ] 0.0000e+00 [ 0.0000e+00 ] 1.0000e+00
 6.199e+01 2.8084e-25 2.8084e-25 [ 2.3502e-186 1.0324e-138 1.3079e-43 1.1651e-36 3.6011e-34 2.8084e-25 ] 0.0000e+00 [ 0.0000e+00 ] 1.0000e+00
 6.211e+01 2.3870e-25 2.3870e-25 [ 8.5278e-187 4.2765e-139 9.3069e-44 8.8533e-37 2.8033e-34 2.3870e-25 ] 0.0000e+00 [ 0.0000e+00 ] 1.0000e+00
 6.222e+01 2.0282e-25 2.0282e-25 [ 3.0937e-187 1.7708e-139 6.6183e-44 6.7233e-37 2.1810e-34 2.0282e-25 ] 0.0000e+00 [ 0.0000e+00 ] 1.0000e+00
 6.233e+01 1.7227e-25 1.7227e-25 [ 1.1221e-187 7.3295e-140 4.7032e-44 5.1029e-37 1.6960e-34 1.7227e-25 ] 0.0000e+00 [ 0.0000e+00 ] 1.0000e+00
 6.245e+01 1.4627e-25 1.4627e-25 [ 4.0689e-188 3.0325e-140 3.3400e-44 3.8708e-37 1.3182e-34 1.4627e-25 ] 0.0000e+00 [ 0.0000e+00 ] 1.0000e+00
 6.256e+01 1.2415e-25 1.2415e-25 [ 1.4752e-188 1.2542e-140 2.3703e-44 2.9345e-37 1.0240e-34 1.2415e-25 ] 0.0000e+00 [ 0.0000e+00 ] 1.0000e+00
 6.267e+01 1.0534e-25 1.0534e-25 [ 5.3472e-189 5.1847e-141 1.6810e-44 2.2235e-37 7.9502e-35 1.0534e-25 ] 0.0000e+00 [ 0.0000e+00 ] 1.0000e+00
 6.279e+01 8.9349e-26 8.9349e-26 [ 1.9378e-189 2.1425e-141 1.1913e-44 1.6838e-37 6.1693e-35 8.9349e-26 ] 0.0000e+00 [ 0.0000e+00 ] 1.0000e+00
 6.290e+01 7.5758e-26 7.5758e-26 [ 7.0213e-190 8.8501e-142 8.4373e-45 1.2743e-37 4.7848e-35 7.5758e-26 ] 0.0000e+00 [ 0.0000e+00 ] 1.0000e+00
 6.301e+01 6.4212e-26 6.4212e-26 [ 2.5435e-190 3.6543e-142 5.9714e-45 9.6389e-38 3.7091e-35 6.4212e-26 ] 0.0000e+00 [ 0.0000e+00 ] 1.0000e+00
 6.313e+01 5.4407e-26 5.4407e-26 [ 9.2119e-191 1.5083e-142 4.2234e-45 7.2868e-38 2.8737e-35 5.4407e-26 ] 0.0000e+00 [ 0.0000e+00 ] 1.0000e+00
 6.324e+01 4.6082e-26 4.6082e-26 [ 3.3356e-191 6.2227e-143 2.9850e-45 5.5055e-38 2.2253e-35 4.6082e-26 ] 0.0000e+00 [ 0.0000e+00 ] 1.0000e+00
 6.335e+01 3.9018e-26 3.9018e-26 [ 1.2076e-191 2.5663e-143 2.1083e-45 4.1573e-38 1.7223e-35 3.9018e-26 ] 0.0000e+00 [ 0.0000e+00 ] 1.0000e+00
 6.347e+01 3.3025e-26 3.3025e-26 [ 4.3709e-192 1.0579e-143 1.4881e-45 3.1374e-38 1.3323e-35 3.3025e-26 ] 0.0000e+00 [ 0.0000e+00 ] 1.0000e+00
 6.358e+01 2.7943e-26 2.7943e-26 [ 1.5817e-192 4.3595e-144 1.0496e-45 2.3664e-38 1.0301e-35 2.7943e-26 ] 0.0000e+00 [ 0.0000e+00 ] 1.0000e+00
 6.369e+01 2.3634e-26 2.3634e-26 [ 5.7227e-193 1.7958e-144 7.3982e-46 1.7839e-38 7.9597e-36 2.3634e-26 ] 0.0000e+00 [ 0.0000e+00 ] 1.0000e+00
 6.381e+01 1.9983e-26 1.9983e-26 [ 2.0701e-193 7.3940e-145 5.2112e-46 1.3440e-38 6.1476e-36 1.9983e-26 ] 0.0000e+00 [ 0.0000e+00 ] 1.0000e+00
 6.392e+01 1.6890e-26 1.6890e-26 [ 7.4865e-194 3.0433e-145 3.6682e-46 1.0120e-38 4.7456e-36 1.6890e-26 ] 0.0000e+00 [ 0.0000e+00 ] 1.0000e+00
 6.403e+01 1.4271e-26 1.4271e-26 [ 2.7069e-194 1.2521e-145 2.5803e-46 7.6157e-39 3.6614e-36 1.4271e-26 ] 0.0000e+00 [ 0.0000e+00 ] 1.0000e+00
 6.415e+01 1.2054e-26 1.2054e-26 [ 9.7856e-195 5.1493e-146 1.8138e-46 5.7280e-39 2.8234e-36 1.2054e-26 ] 0.0000e+00 [ 0.0000e+00 ] 1.0000e+00
 6.426e+01 1.0177e-26 1.0177e-26 [ 3.5368e-195 2.1169e-146 1.2742e-46 4.3057e-39 2.1760e-36 1.0177e-26 ] 0.0000e+00 [ 0.0000e+00 ] 1.0000e+00
 6.437e+01 8.5900e-27 8.5900e-27 [ 1.2780e-195 8.6989e-147 8.9445e-47 3.2347e-39 1.6763e-36 8.5900e-27 ] 0.0000e+00 [ 0.0000e+00 ] 1.0000e+00
 6.449e+01 7.2477e-27 7.2477e-27 [ 4.6172e-196 3.5733e-147 6.2747e-47 2.4288e-39 1.2906e-36 7.2477e-27 ] 0.0000e+00 [ 0.0000e+00 ] 1.0000e+00
 6.460e+01 6.1131e-27 6.1131e-27 [ 1.6677e-196 1.4672e-147 4.3989e-47 1.8226e-39 9.9312e-37 6.1131e-27 ] 0.0000e+00 [ 0.0000e+00 ] 1.0000e+00
 6.471e+01 5.1543e-27 5.1543e-27 [ 6.0225e-197 6.0222e-148 3.0817e-47 1.3670e-39 7.6383e-37 5.1543e-27 ] 0.0000e+00 [ 0.0000e+00 ] 1.0000e+00
 6.483e+01 4.3443e-27 4.3443e-27 [ 2.1744e-197 2.4708e-148 2.1575e-47 1.0246e-39 5.8716e-37 4.3443e-27 ] 0.0000e+00 [ 0.0000e+00 ] 1.0000e+00
 6.494e+01 3.6603e-27 3.6603e-27 [ 7.8489e-198 1.0133e-148 1.5094e-47 7.6760e-40 4.5112e-37 3.6603e-27 ] 0.0000e+00 [ 0.0000e+00 ] 1.0000e+00
 6.505e+01 3.0830e-27 3.0830e-27 [ 2.8326e-198 4.1542e-149 1.0553e-47 5.7472e-40 3.4642e-37 3.0830e-27 ] 0.0000e+00 [ 0.0000e+00 ] 1.0000e+00
 6.517e+01 2.5958e-27 2.5958e-27 [ 1.0221e-198 1.7024e-149 7.3731e-48 4.3006e-40 2.6588e-37 2.5958e-27 ] 0.0000e+00 [ 0.0000e+00 ] 1.0000e+00
 6.528e+01 2.1848e-27 2.1848e-27 [ 3.6870e-199 6.9736e-150 5.1478e-48 3.2163e-40 2.0396e-37 2.1848e-27 ] 0.0000e+00 [ 0.0000e+00 ] 1.0000e+00
 6.539e+01 1.8383e-27 1.8383e-27 [ 1.3297e-199 2.8555e-150 3.5918e-48 2.4041e-40 1.5638e-37 1.8383e-27 ] 0.0000e+00 [ 0.0000e+00 ] 1.0000e+00
 6.551e+01 1.5462e-27 1.5462e-27 [ 4.7949e-200 1.1688e-150 2.5043e-48 1.7959e-40 1.1983e-37 1.5462e-27 ] 0.0000e+00 [ 0.0000e+00 ] 1.0000e+00
 6.562e+01 1.3000e-27 1.3000e-27 [ 1.7286e-200 4.7821e-151 1.7450e-48 1.3408e-40 9.1781e-38 1.3000e-27 ] 0.0000e+00 [ 0.0000e+00 ] 1.0000e+00
 6.573e+01 1.0927e-27 1.0927e-27 [ 6.2302e-201 1.9558e-151 1.2150e-48 1.0005e-40 7.0259e-38 1.0927e-27 ] 0.0000e+00 [ 0.0000e+00 ] 1.0000e+00
 6.585e+01 9.1806e-28 9.1806e-28 [ 2.2451e-201 7.9960e-152 8.4544e-49 7.4614e-41 5.3756e-38 9.1806e-28 ] 0.0000e+00 [ 0.0000e+00 ] 1.0000e+00
 6.596e+01 7.7110e-28 7.7110e-28 [ 8.0882e-202 3.2676e-152 5.8788e-49 5.5612e-41 4.1107e-38 7.7110e-28 ] 0.0000e+00 [ 0.0000e+00 ] 1.0000e+00
 6.607e+01 6.4743e-28 6.4743e-28 [ 2.9133e-202 1.3348e-152 4.0850e-49 4.1426e-41 3.1419e-38 6.4743e-28 ] 0.0000e+00 [ 0.0000e+00 ] 1.0000e+00
 6.619e+01 5.4341e-28 5.4341e-28 [ 1.0491e-202 5.4506e-153 2.8367e-49 3.0842e-41 2.4001e-38 5.4341e-28 ] 0.0000e+00 [ 0.0000e+00 ] 1.0000e+00
 6.630e+01 4.5594e-28 4.5594e-28 [ 3.7771e-203 2.2248e-153 1.9685e-49 2.2948e-41 1.8325e-38 4.5594e-28 ] 0.0000e+00 [ 0.0000e+00 ] 1.0000e+00
 6.641e+01 3.8242e-28 3.8242e-28 [ 1.3595e-203 9.0775e-154 1.3650e-49 1.7065e-41 1.3984e-38 3.8242e-28 ] 0.0000e+00 [ 0.0000e+00 ] 1.0000e+00
 6.653e+01 3.2064e-28 3.2064e-28 [ 4.8926e-204 3.7022e-154 9.4595e-50 1.2683e-41 1.0666e-38 3.2064e-28 ] 0.0000e+00 [ 0.0000e+00 ] 1.0000e+00
 6.664e+01 2.6875e-28 2.6875e-28 [ 1.7603e-204 1.5093e-154 6.5508e-50 9.4213e-42 8.1307e-39 2.6875e-28 ] 0.0000e+00 [ 0.0000e+00 ] 1.0000e+00
 6.675e+01 2.2517e-28 2.2517e-28 [ 6.3317e-205 6.1509e-155 4.5334e-50 6.9942e-42 6.1949e-39 2.2517e-28 ] 0.0000e+00 [ 0.0000e+00 ] 1.0000e+00
 6.687e+01 1.8860e-28 1.8860e-28 [ 2.2770e-205 2.5056e-155 3.1351e-50 5.1894e-42 4.7175e-39 1.8860e-28 ] 0.0000e+00 [ 0.0000e+00 ] 1.0000e+00
 6.698e+01 1.5791e-28 1.5791e-28 [ 8.1866e-206 1.0203e-155 2.1666e-50 3.8481e-42 3.5906e-39 1.5791e-28 ] 0.0000e+00 [ 0.0000e+00 ] 1.0000e+00
 6.709e+01 1.3217e-28 1.3217e-28 [ 2.9427e-206 4.1527e-156 1.4963e-50 2.8519e-42 2.7314e-39 1.3217e-28 ] 0.0000e+00 [ 0.0000e+00 ] 1.0000e+00
 6.721e+01 1.1059e-28 1.1059e-28 [ 1.0575e-206 1.6896e-156 1.0327e-50 2.1123e-42 2.0767e-39 1.1059e-28 ] 0.0000e+00 [ 0.0000e+00 ] 1.0000e+00
 6.732e+01 9.2495e-29 9.2495e-29 [ 3.7994e-207 6.8715e-157 7.1218e-51 1.5637e-42 1.5782e-39 9.2495e-29 ] 0.0000e+00 [ 0.0000e+00 ] 1.0000e+00
 6.743e+01 7.7337e-29 7.7337e-29 [ 1.3647e-207 2.7935e-157 4.9082e-51 1.1569e-42 1.1986e-39 7.7337e-29 ] 0.0000e+00 [ 0.0000e+00 ] 1.0000e+00
 6.755e+01 6.4640e-29 6.4640e-29 [ 4.9008e-208 1.1352e-157 3.3803e-51 8.5541e-43 9.0992e-40 6.4640e-29 ] 0.0000e+00 [ 0.0000e+00 ] 1.0000e+00
 6.766e+01 5.4009e-29 5.4009e-29 [ 1.7595e-208 4.6110e-158 2.3264e-51 6.3214e-43 6.9037e-40 5.4009e-29 ] 0.0000e+00 [ 0.0000e+00 ] 1.0000e+00
 6.777e+01 4.5111e-29 4.5111e-29 [ 6.3154e-209 1.8722e-158 1.6000e-51 4.6688e-43 5.2353e-40 4.5111e-29 ] 0.0000e+00 [ 0.0000e+00 ] 1.0000e+00
 6.789e+01 3.7665e-29 3.7665e-29 [ 2.2663e-209 7.5985e-159 1.0996e-51 3.4462e-43 3.9679e-40 3.7665e-29 ] 0.0000e+00 [ 0.0000e+00 ] 1.0000e+00
 6.800e+01 3.1438e-29 3.1438e-29 [ 8.1303e-210 3.0827e-159 7.5520e-52 2.5423e-43 3.0058e-40 3.1438e-29 ] 0.0000e+00 [ 0.0000e+00 ] 1.0000e+00
 6.811e+01 2.6231e-29 2.6231e-29 [ 2.9160e-210 1.2501e-159 5.1830e-52 1.8744e-43 2.2757e-40 2.6231e-29 ] 0.0000e+00 [ 0.0000e+00 ] 1.0000e+00
 6.823e+01 2.1878e-29 2.1878e-29 [ 1.0456e-210 5.0672e-160 3.5546e-52 1.3811e-43 1.7221e-40 2.1878e-29 ] 0.0000e+00 [ 0.0000e+00 ] 1.0000e+00
 6.834e+01 1.8242e-29 1.8242e-29 [ 3.7483e-211 2.0531e-160 2.4361e-52 1.0171e-43 1.3024e-40 1.8242e-29 ] 0.0000e+00 [ 0.0000e+00 ] 1.0000e+00
 6.845e+01 1.5205e-29 1.5205e-29 [ 1.3434e-211 8.3154e-161 1.6684e-52 7.4859e-44 9.8453e-41 1.5205e-29 ] 0.0000e+00 [ 0.0000e+00 ] 1.0000e+00
 6.857e+01 1.2669e-29 1.2669e-29 [ 4.8132e-212 3.3664e-161 1.1418e-52 5.5063e-44 7.4382e-41 1.2669e-29 ] 0.0000e+00 [ 0.0000e+00 ] 1.0000e+00
 6.868e+01 1.0552e-29 1.0552e-29 [ 1.7241e-212 1.3623e-161 7.8084e-53 4.0479e-44 5.6166e-41 1.0552e-29 ] 0.0000e+00 [ 0.0000e+00 ] 1.0000e+00
 6.879e+01 8.7859e-30 8.7859e-30 [ 6.1740e-213 5.5102e-162 5.3362e-53 2.9740e-44 4.2389e-41 8.7859e-30 ] 0.0000e+00 [ 0.0000e+00 ] 1.0000e+00
 6.891e+01 7.3128e-30 7.3128e-30 [ 2.2103e-213 2.2279e-162 3.6441e-53 2.1837e-44 3.1973e-41 7.3128e-30 ] 0.0000e+00 [ 0.0000e+00 ] 1.0000e+00
 6.902e+01 6.0846e-30 6.0846e-30 [ 7.9109e-214 9.0037e-163 2.4867e-53 1.6024e-44 2.4104e-41 6.0846e-30 ] 0.0000e+00 [ 0.0000e+00 ] 1.0000e+00
 6.913e+01 5.0610e-30 5.0610e-30 [ 2.8306e-214 3.6371e-163 1.6957e-53 1.1752e-44 1.8162e-41 5.0610e-30 ] 0.0000e+00 [ 0.0000e+00 ] 1.0000e+00
 6.925e+01 4.2080e-30 4.2080e-30 [ 1.0125e-214 1.4686e-163 1.1555e-53 8.6136e-45 1.3677e-41 4.2080e-30 ] 0.0000e+00 [ 0.0000e+00 ] 1.0000e+00
 6.936e+01 3.4976e-30 3.4976e-30 [ 3.6209e-215 5.9274e-164 7.8681e-54 6.3095e-45 1.0294e-41 3.4976e-30 ] 0.0000e+00 [ 0.0000e+00 ] 1.0000e+00
 6.947e+01 2.9062e-30 2.9062e-30 [ 1.2945e-215 2.3913e-164 5.3536e-54 4.6189e-45 7.7436e-42 2.9062e-30 ] 0.0000e+00 [ 0.0000e+00 ] 1.0000e+00
 6.959e+01 2.4139e-30 2.4139e-30 [ 4.6266e-216 9.6428e-165 3.6400e-54 3.3793e-45 5.8218e-42 2.4139e-30 ] 0.0000e+00 [ 0.0000e+00 ] 1.0000e+00
 6.970e+01 2.0043e-30 2.0043e-30 [ 1.6531e-216 3.8866e-165 2.4731e-54 2.4708e-45 4.3746e-42 2.0043e-30 ] 0.0000e+00 [ 0.0000e+00 ] 1.0000e+00
 6.981e+01 1.6636e-30 1.6636e-30 [ 5.9047e-217 1.5659e-165 1.6790e-54 1.8055e-45 3.2852e-42 1.6636e-30 ] 0.0000e+00 [ 0.0000e+00 ] 1.0000e+00
 6.993e+01 1.3804e-30 1.3804e-30 [ 2.1085e-217 6.3056e-166 1.1390e-54 1.3185e-45 2.4658e-42 1.3804e-30 ] 0.0000e+00 [ 0.0000e+00 ] 1.0000e+00
 7.004e+01 1.1449e-30 1.1449e-30 [ 7.5268e-218 2.5381e-166 7.7213e-55 9.6223e-46 1.8497e-42 1.1449e-30 ] 0.0000e+00 [ 0.0000e+00 ] 1.0000e+00
 7.015e+01 9.4935e-31 9.4935e-31 [ 2.6861e-218 1.0211e-166 5.2302e-55 7.0180e-46 1.3867e-42 9.4935e-31 ] 0.0000e+00 [ 0.0000e+00 ] 1.0000e+00
 7.027e+01 7.8689e-31 7.8689e-31 [ 9.5828e-219 4.1063e-167 3.5401e-55 5.1153e-46 1.0391e-42 7.8689e-31 ] 0.0000e+00 [ 0.0000e+00 ] 1.0000e+00
 7.038e+01 6.5201e-31 6.5201e-31 [ 3.4176e-219 1.6505e-167 2.3943e-55 3.7261e-46 7.7810e-43 6.5201e-31 ] 0.0000e+00 [ 0.0000e+00 ] 1.0000e+00
 7.049e+01 5.4006e-31 5.4006e-31 [ 1.2185e-219 6.6309e-168 1.6181e-55 2.7124e-46 5.8234e-43 5.4006e-31 ] 0.0000e+00 [ 0.0000e+00 ] 1.0000e+00
 7.061e+01 4.4717e-31 4.4717e-31 [ 4.3429e-220 2.6627e-168 1.0927e-55 1.9733e-46 4.3558e-43 4.4717e-31 ] 0.0000e+00 [ 0.0000e+00 ] 1.0000e+00
 7.072e+01 3.7014e-31 3.7014e-31 [ 1.5473e-220 1.0687e-168 7.3729e-56 1.4346e-46 3.2561e-43 3.7014e-31 ] 0.0000e+00 [ 0.0000e+00 ] 1.0000e+00
 7.083e+01 3.0626e-31 3.0626e-31 [ 5.5113e-221 4.2874e-169 4.9710e-56 1.0423e-46 2.4326e-43 3.0626e-31 ] 0.0000e+00 [ 0.0000e+00 ] 1.0000e+00
 7.095e+01 2.5333e-31 2.5333e-31 [ 1.9623e-221 1.7191e-169 3.3489e-56 7.5673e-47 1.8163e-43 2.5333e-31 ] 0.0000e+00 [ 0.0000e+00 ] 1.0000e+00
 7.106e+01 2.0947e-31 2.0947e-31 [ 6.9846e-222 6.8898e-170 2.2543e-56 5.4905e-47 1.3553e-43 2.0947e-31 ] 0.0000e+00 [ 0.0000e+00 ] 1.0000e+00
 7.117e+01 1.7314e-31 1.7314e-31 [ 2.4852e-222 2.7599e-170 1.5162e-56 3.9810e-47 1.0107e-43 1.7314e-31 ] 0.0000e+00 [ 0.0000e+00 ] 1.0000e+00
 7.129e+01 1.4306e-31 1.4306e-31 [ 8.8394e-223 1.1050e-170 1.0190e-56 2.8845e-47 7.5323e-44 1.4306e-31 ] 0.0000e+00 [ 0.0000e+00 ] 1.0000e+00
 7.140e+01 1.1817e-31 1.1817e-31 [ 3.1429e-223 4.4216e-171 6.8423e-57 2.0886e-47 5.6101e-44 1.1817e-31 ] 0.0000e+00 [ 0.0000e+00 ] 1.0000e+00
 7.151e+01 9.7576e-32 9.7576e-32 [ 1.1171e-223 1.7684e-171 4.5908e-57 1.5112e-47 4.1757e-44 9.7576e-32 ] 0.0000e+00 [ 0.0000e+00 ] 1.0000e+00
 7.163e+01 8.0542e-32 8.0542e-32 [ 3.9689e-224 7.0693e-172 3.0776e-57 1.0927e-47 3.1061e-44 8.0542e-32 ] 0.0000e+00 [ 0.0000e+00 ] 1.0000e+00
 7.174e+01 6.6459e-32 6.6459e-32 [ 1.4096e-224 2.8244e-172 2.0614e-57 7.8949e-48 2.3090e-44 6.6459e-32 ] 0.0000e+00 [ 0.0000e+00 ] 1.0000e+00
 7.185e+01 5.4819e-32 5.4819e-32 [ 5.0044e-225 1.1278e-172 1.3795e-57 5.7002e-48 1.7153e-44 5.4819e-32 ] 0.0000e+00 [ 0.0000e+00 ] 1.0000e+00
 7.197e+01 4.5203e-32 4.5203e-32 [ 1.7760e-225 4.5013e-173 9.2245e-58 4.1125e-48 1.2734e-44 4.5203e-32 ] 0.0000e+00 [ 0.0000e+00 ] 1.0000e+00
 7.208e+01 3.7260e-32 3.7260e-32 [ 6.3002e-226 1.7955e-173 6.1627e-58 2.9649e-48 9.4467e-45 3.7260e-32 ] 0.0000e+00 [ 0.0000e+00 ] 1.0000e+00
 7.219e+01 3.0702e-32 3.0702e-32 [ 2.2340e-226 7.1580e-174 4.1135e-58 2.1359e-48 7.0034e-45 3.0702e-32 ] 0.0000e+00 [ 0.0000e+00 ] 1.0000e+00
 7.231e+01 2.5290e-32 2.5290e-32 [ 7.9186e-227 2.8520e-174 2.7433e-58 1.5375e-48 5.1884e-45 2.5290e-32 ] 0.0000e+00 [ 0.0000e+00 ] 1.0000e+00
 7.242e+01 2.0825e-32 2.0825e-32 [ 2.8056e-227 1.1357e-174 1.8278e-58 1.1059e-48 3.8411e-45 2.0825e-32 ] 0.0000e+00 [ 0.0000e+00 ] 1.0000e+00
 7.253e+01 1.7142e-32 1.7142e-32 [ 9.9362e-228 4.5199e-175 1.2168e-58 7.9485e-49 2.8416e-45 1.7142e-32 ] 0.0000e+00 [ 0.0000e+00 ] 1.0000e+00
 7.265e+01 1.4105e-32 1.4105e-32 [ 3.5174e-228 1.7978e-175 8.0925e-59 5.7083e-49 2.1006e-45 1.4105e-32 ] 0.0000e+00 [ 0.0000e+00 ] 1.0000e+00
 7.276e+01 1.1603e-32 1.1603e-32 [ 1.2446e-228 7.1465e-176 5.3771e-59 4.0961e-49 1.5517e-45 1.1603e-32 ] 0.0000e+00 [ 0.0000e+00 ] 1.0000e+00
 7.287e+01 9.5407e-33 9.5407e-33 [ 4.4020e-229 2.8391e-176 3.5695e-59 2.9368e-49 1.1454e-45 9.5407e-33 ] 0.0000e+00 [ 0.0000e+00 ] 1.0000e+00
 7.299e+01 7.8425e-33 7.8425e-33 [ 1.5562e-229 1.1272e-176 2.3673e-59 2.1039e-49 8.4478e-46 7.8425e-33 ] 0.0000e+00 [ 0.0000e+00 ] 1.0000e+00
 7.310e+01 6.4444e-33 6.4444e-33 [ 5.4988e-230 4.4727e-177 1.5685e-59 1.5059e-49 6.2259e-46 6.4444e-33 ] 0.0000e+00 [ 0.0000e+00 ] 1.0000e+00
 7.321e+01 5.2936e-33 5.2936e-33 [ 1.9421e-230 1.7736e-177 1.0382e-59 1.0770e-49 4.5848e-46 5.2936e-33 ] 0.0000e+00 [ 0.0000e+00 ] 1.0000e+00
 7.333e+01 4.3469e-33 4.3469e-33 [ 6.8557e-231 7.0285e-178 6.8651e-60 7.6954e-50 3.3734e-46 4.3469e-33 ] 0.0000e+00 [ 0.0000e+00 ] 1.0000e+00
 7.344e+01 3.5682e-33 3.5682e-33 [ 2.4189e-231 2.7835e-178 4.5351e-60 5.4938e-50 2.4801e-46 3.5682e-33 ] 0.0000e+00 [ 0.0000e+00 ] 1.0000e+00
 7.355e+01 2.9280e-33 2.9280e-33 [ 8.5302e-232 1.1016e-178 2.9928e-60 3.9184e-50 1.8218e-46 2.9280e-33 ] 0.0000e+00 [ 0.0000e+00 ] 1.0000e+00
 7.367e+01 2.4019e-33 2.4019e-33 [ 3.0066e-232 4.3568e-179 1.9729e-60 2.7923e-50 1.3371e-46 2.4019e-33 ] 0.0000e+00 [ 0.0000e+00 ] 1.0000e+00
 7.378e+01 1.9696e-33 1.9696e-33 [ 1.0591e-232 1.7219e-179 1.2993e-60 1.9879e-50 9.8044e-47 1.9696e-33 ] 0.0000e+00 [ 0.0000e+00 ] 1.0000e+00
 7.389e+01 1.6145e-33 1.6145e-33 [ 3.7290e-233 6.8007e-180 8.5472e-61 1.4139e-50 7.1829e-47 1.6145e-33 ] 0.0000e+00 [ 0.0000e+00 ] 1.0000e+00
 7.401e+01 1.3230e-33 1.3230e-33 [ 1.3121e-233 2.6840e-180 5.6167e-61 1.0046e-50 5.2575e-47 1.3230e-33 ] 0.0000e+00 [ 0.0000e+00 ] 1.0000e+00
 7.412e+01 1.0838e-33 1.0838e-33 [ 4.6144e-234 1.0585e-180 3.6869e-61 7.1312e-51 3.8446e-47 1.0838e-33 ] 0.0000e+00 [ 0.0000e+00 ] 1.0000e+00
 7.423e+01 8.8748e-34 8.8748e-34 [ 1.6218e-234 4.1716e-181 2.4174e-61 5.0569e-51 2.8086e-47 8.8748e-34 ] 0.0000e+00 [ 0.0000e+00 ] 1.0000e+00
 7.435e+01 7.2649e-34 7.2649e-34 [ 5.6965e-235 1.6427e-181 1.5832e-61 3.5822e-51 2.0498e-47 7.2649e-34 ] 0.0000e+00 [ 0.0000e+00 ] 1.0000e+00
 7.446e+01 5.9450e-34 5.9450e-34 [ 1.9996e-235 6.4639e-182 1.0357e-61 2.5349e-51 1.4945e-47 5.9450e-34 ] 0.0000e+00 [ 0.0000e+00 ] 1.0000e+00
 7.457e+01 4.8632e-34 4.8632e-34 [ 7.0146e-236 2.5414e-182 6.7674e-62 1.7918e-51 1.0885e-47 4.8632e-34 ] 0.0000e+00 [ 0.0000e+00 ] 1.0000e+00
 7.469e+01 3.9768e-34 3.9768e-34 [ 2.4591e-236 9.9840e-183 4.4166e-62 1.2652e-51 7.9198e-48 3.9768e-34 ] 0.0000e+00 [ 0.0000e+00 ] 1.0000e+00
 7.480e+01 3.2509e-34 3.2509e-34 [ 8.6146e-237 3.9190e-183 2.8788e-62 8.9233e-52 5.7559e-48 3.2509e-34 ] 0.0000e+00 [ 0.0000e+00 ] 1.0000e+00
 7.491e+01 2.6566e-34 2.6566e-34 [ 3.0157e-237 1.5370e-183 1.8742e-62 6.2862e-52 4.1786e-48 2.6566e-34 ] 0.0000e+00 [ 0.0000e+00 ] 1.0000e+00
 7.503e+01 2.1701e-34 2.1701e-34 [ 1.0549e-237 6.0226e-184 1.2185e-62 4.4232e-52 3.0301e-48 2.1701e-34 ] 0.0000e+00 [ 0.0000e+00 ] 1.0000e+00
 7.514e+01 1.7721e-34 1.7721e-34 [ 3.6875e-238 2.3578e-184 7.9124e-63 3.1085e-52 2.1947e-48 1.7721e-34 ] 0.0000e+00 [ 0.0000e+00 ] 1.0000e+00
 7.525e+01 1.4466e-34 1.4466e-34 [ 1.2879e-238 9.2219e-185 5.1310e-63 2.1819e-52 1.5876e-48 1.4466e-34 ] 0.0000e+00 [ 0.0000e+00 ] 1.0000e+00
 7.537e+01 1.1805e-34 1.1805e-34 [ 4.4947e-239 3.6035e-185 3.3228e-63 1.5295e-52 1.1471e-48 1.1805e-34 ] 0.0000e+00 [ 0.0000e+00 ] 1.0000e+00
 7.548e+01 9.6298e-35 9.6298e-35 [ 1.5673e-239 1.4067e-185 2.1488e-63 1.0708e-52 8.2773e-49 9.6298e-35 ] 0.0000e+00 [ 0.0000e+00 ] 1.0000e+00
 7.559e+01 7.8527e-35 7.8527e-35 [ 5.4600e-240 5.4855e-186 1.3876e-63 7.4859e-53 5.9649e-49 7.8527e-35 ] 0.0000e+00 [ 0.0000e+00 ] 1.0000e+00
 7.571e+01 6.4012e-35 6.4012e-35 [ 1.9004e-240 2.1369e-186 8.9474e-64 5.2263e-53 4.2926e-49 6.4012e-35 ] 0.0000e+00 [ 0.0000e+00 ] 1.0000e+00
 7.582e+01 5.2161e-35 5.2161e-35 [ 6.6084e-241 8.3152e-187 5.7606e-64 3.6435e-53 3.0848e-49 5.2161e-35 ] 0.0000e+00 [ 0.0000e+00 ] 1.0000e+00
 7.593e+01 4.2489e-35 4.2489e-35 [ 2.2957e-241 3.2320e-187 3.7031e-64 2.5363e-53 2.2137e-49 4.2489e-35 ] 0.0000e+00 [ 0.0000e+00 ] 1.0000e+00
 7.605e+01 3.4597e-35 3.4597e-35 [ 7.9665e-242 1.2547e-187 2.3767e-64 1.7628e-53 1.5861e-49 3.4597e-35 ] 0.0000e+00 [ 0.0000e+00 ] 1.0000e+00
 7.616e+01 2.8160e-35 2.8160e-35 [ 2.7615e-242 4.8652e-188 1.5228e-64 1.2233e-53 1.1347e-49 2.8160e-35 ] 0.0000e+00 [ 0.0000e+00 ] 1.0000e+00
 7.627e+01 2.2913e-35 2.2913e-35 [ 9.5617e-243 1.8840e-188 9.7408e-65 8.4747e-54 8.1042e-50 2.2913e-35 ] 0.0000e+00 [ 0.0000e+00 ] 1.0000e+00
 7.639e+01 1.8636e-35 1.8636e-35 [ 3.3067e-243 7.2861e-189 6.2196e-65 5.8611e-54 5.7785e-50 1.8636e-35 ] 0.0000e+00 [ 0.0000e+00 ] 1.0000e+00
 7.650e+01 1.5151e-35 1.5151e-35 [ 1.1421e-243 2.8138e-189 3.9640e-65 4.0464e-54 4.1129e-50 1.5151e-35 ] 0.0000e+00 [ 0.0000e+00 ] 1.0000e+00
 7.661e+01 1.2312e-35 1.2312e-35 [ 3.9394e-244 1.0850e-189 2.5216e-65 2.7883e-54 2.9221e-50 1.2312e-35 ] 0.0000e+00 [ 0.0000e+00 ] 1.0000e+00
 7.673e+01 1.0001e-35 1.0001e-35 [ 1.3569e-244 4.1775e-190 1.6008e-65 1.9177e-54 2.0720e-50 1.0001e-35 ] 0.0000e+00 [ 0.0000e+00 ] 1.0000e+00
 7.684e+01 8.1206e-36 8.1206e-36 [ 4.6666e-245 1.6057e-190 1.0142e-65 1.3162e-54 1.4663e-50 8.1206e-36 ] 0.0000e+00 [ 0.0000e+00 ] 1.0000e+00
 7.695e+01 6.5902e-36 6.5902e-36 [ 1.6024e-245 6.1613e-191 6.4112e-66 9.0148e-55 1.0355e-50 6.5902e-36 ] 0.0000e+00 [ 0.0000e+00 ] 1.0000e+00
 7.707e+01 5.3455e-36 5.3455e-36 [ 5.4926e-246 2.3598e-191 4.0435e-66 6.1604e-55 7.2961e-51 5.3455e-36 ] 0.0000e+00 [ 0.0000e+00 ] 1.0000e+00
 7.718e+01 4.3335e-36 4.3335e-36 [ 1.8793e-246 9.0202e-192 2.5441e-66 4.1998e-55 5.1287e-51 4.3335e-36 ] 0.0000e+00 [ 0.0000e+00 ] 1.0000e+00
 7.729e+01 3.5109e-36 3.5109e-36 [ 6.4175e-247 3.4407e-192 1.5966e-66 2.8560e-55 3.5962e-51 3.5109e-36 ] 0.0000e+00 [ 0.0000e+00 ] 1.0000e+00
 7.741e+01 2.8425e-36 2.8425e-36 [ 2.1868e-247 1.3095e-192 9.9930e-67 1.9370e-55 2.5149e-51 2.8425e-36 ] 0.0000e+00 [ 0.0000e+00 ] 1.0000e+00
 7.752e+01 2.2997e-36 2.2997e-36 [ 7.4346e-248 4.9714e-193 6.2364e-67 1.3100e-55 1.7538e-51 2.2997e-36 ] 0.0000e+00 [ 0.0000e+00 ] 1.0000e+00
 7.763e+01 1.8589e-36 1.8589e-36 [ 2.5212e-248 1.8825e-193 3.8799e-67 8.8325e-56 1.2193e-51 1.8589e-36 ] 0.0000e+00 [ 0.0000e+00 ] 1.0000e+00
 7.775e+01 1.5011e-36 1.5011e-36 [ 8.5267e-249 7.1076e-194 2.4059e-67 5.9356e-56 8.4489e-52 1.5011e-36 ] 0.0000e+00 [ 0.0000e+00 ] 1.0000e+00
 7.786e+01 1.2108e-36 1.2108e-36 [ 2.8751e-249 2.6752e-194 1.4865e-67 3.9747e-56 5.8338e-52 1.2108e-36 ] 0.0000e+00 [ 0.0000e+00 ] 1.0000e+00
 7.797e+01 9.7524e-37 9.7524e-37 [ 9.6620e-250 1.0034e-194 9.1482e-68 2.6512e-56 4.0125e-52 9.7524e-37 ] 0.0000e+00 [ 0.0000e+00 ] 1.0000e+00
 7.809e+01 7.8422e-37 7.8422e-37 [ 3.2350e-250 3.7492e-195 5.6060e-68 1.7609e-56 2.7481e-52 7.8422e-37 ] 0.0000e+00 [ 0.0000e+00 ] 1.0000e+00
 7.820e+01 6.2934e-37 6.2934e-37 [ 1.0787e-250 1.3949e-195 3.4191e-68 1.1641e-56 1.8732e-52 6.2934e-37 ] 0.0000e+00 [ 0.0000e+00 ] 1.0000e+00
 7.831e+01 5.0376e-37 5.0376e-37 [ 3.5798e-251 5.1648e-196 2.0743e-68 7.6550e-57 1.2702e-52 5.0376e-37 ] 0.0000e+00 [ 0.0000e+00 ] 1.0000e+00
 7.843e+01 4.0196e-37 4.0196e-37 [ 1.1817e-251 1.9018e-196 1.2510e-68 5.0040e-57 8.5613e-53 4.0196e-37 ] 0.0000e+00 [ 0.0000e+00 ] 1.0000e+00
 7.854e+01 3.1943e-37 3.1943e-37 [ 3.8769e-252 6.9593e-197 7.4934e-69 3.2490e-57 5.7313e-53 3.1943e-37 ] 0.0000e+00 [ 0.0000e+00 ] 1.0000e+00
 7.865e+01 2.5249e-37 2.5249e-37 [ 1.2628e-252 2.5279e-197 4.4536e-69 2.0930e-57 3.8065e-53 2.5249e-37 ] 0.0000e+00 [ 0.0000e+00 ] 1.0000e+00
 7.877e+01 1.9819e-37 1.9819e-37 [ 4.0782e-253 9.1035e-198 2.6228e-69 1.3358e-57 2.5043e-53 1.9819e-37 ] 0.0000e+00 [ 0.0000e+00 ] 1.0000e+00
 7.888e+01 1.5409e-37 1.5409e-37 [ 1.3036e-253 3.2443e-198 1.5277e-69 8.4299e-58 1.6289e-53 1.5409e-37 ] 0.0000e+00 [ 0.0000e+00 ] 1.0000e+00
 7.899e+01 1.1825e-37 1.1825e-37 [ 4.1145e-254 1.1415e-198 8.7782e-70 5.2458e-58 1.0443e-53 1.1825e-37 ] 0.0000e+00 [ 0.0000e+00 ] 1.0000e+00
 7.911e+01 8.9085e-38 8.9085e-38 [ 1.2780e-254 3.9523e-199 4.9577e-70 3.2053e-58 6.5699e-54 8.9085e-38 ] 0.0000e+00 [ 0.0000e+00 ] 1.0000e+00
 7.922e+01 6.5347e-38 6.5347e-38 [ 3.8880e-255 1.3399e-199 2.7359e-70 1.9103e-58 4.0274e-54 6.5347e-38 ] 0.0000e+00 [ 0.0000e+00 ] 1.0000e+00
 7.933e+01 4.6051e-38 4.6051e-38 [ 1.1496e-255 4.4148e-200 1.4605e-70 1.0979e-58 2.3770e-54 4.6051e-38 ] 0.0000e+00 [ 0.0000e+00 ] 1.0000e+00
 7.945e+01 3.0466e-38 3.0466e-38 [ 3.2619e-256 1.3953e-200 7.4020e-71 5.9588e-59 1.3217e-54 3.0466e-38 ] 0.0000e+00 [ 0.0000e+00 ] 1.0000e+00
 7.956e+01 1.8110e-38 1.8110e-38 [ 8.6615e-257 4.1215e-201 3.4238e-71 2.9268e-59 6.6279e-55 1.8110e-38 ] 0.0000e+00 [ 0.0000e+00 ] 1.0000e+00
 7.967e+01 8.7683e-39 8.7683e-39 [ 2.0192e-257 1.0629e-201 1.3110e-71 1.1754e-59 2.7047e-55 8.7683e-39 ] 0.0000e+00 [ 0.0000e+00 ] 1.0000e+00
 7.979e+01 2.5513e-39 2.5513e-39 [ 3.1792e-258 1.8157e-202 2.9841e-72 2.7593e-60 6.4147e-56 2.5513e-39 ] 0.0000e+00 [ 0.0000e+00 ] 1.0000e+00
 7.990e+01 0.0000e+00 0.0000e+00 [ 0.0000e+00 0.0000e+00 0.0000e+00 0.0000e+00 0.0000e+00 0.0000e+00 ] 0.0000e+00 [ 0.0000e+00 ] 1.0000e+00
