 0.000e+00 0.0000e+00 0.0000e+00 [ 0.0000e+00 0.0000e+00 0.0000e+00 0.0000e+00 0.0000e+00 0.0000e+00 0.0000e+00 0.0000e+00 0.0000e+00 0.0000e+00 ] 0.0000e+00 [ 0.0000e+00 ] 1.0000e+00
 1.133e-01 5.5092e-03 5.5092e-03 [ 4.5232e-03 1.2973e-05 9.7800e-05 3.3999e-04 2.8669e-05 1.0306e-04 3.6627e-05 1.2332e-04 1.4709e-04 9.6502e-05 ] 0.0000e+00 [ 0.0000e+00 ] 9.9449e-01
 2.267e-01 1.1320e-02 1.1320e-02 [ 7.3196e-03 5.2268e-05 3.8984e-04 1.3931e-03 1.1865e-04 4.2142e-04 1.5096e-04 5.0210e-04 6.0257e-04 3.6949e-04 ] 0.0000e+00 [ 0.0000e+00 ] 9.8868e-01
 3.400e-01 1.8591e-02 1.8591e-02 [ 9.3486e-03 1.1885e-04 8.7124e-04 3.2575e-03 2.8201e-04 9.8229e-04 3.5644e-04 1.1621e-03 1.4087e-03 8.0349e-04 ] 0.0000e+00 [ 0.0000e+00 ] 9.8141e-01
 4.533e-01 2.7949e-02 2.7949e-02 [ 1.0884e-02 2.1403e-04 1.5327e-03 6.0987e-03 5.3973e-04 1.8307e-03 6.7604e-04 2.1451e-03 2.6361e-03 1.3921e-03 ] 0.0000e+00 [ 0.0000e+00 ] 9.7205e-01
 5.667e-01 4.0160e-02 4.0160e-02 [ 1.2183e-02 3.3913e-04 2.3601e-03 1.0154e-02 9.2308e-04 3.0299e-03 1.1432e-03 3.5079e-03 4.3837e-03 2.1362e-03 ] 0.0000e+00 [ 0.0000e+00 ] 9.5984e-01
 6.800e-01 5.6059e-02 5.6059e-02 [ 1.3421e-02 4.9512e-04 3.3341e-03 1.5733e-02 1.4751e-03 4.6598e-03 1.8023e-03 5.3193e-03 6.7777e-03 3.0414e-03 ] 0.0000e+00 [ 0.0000e+00 ] 9.4394e-01
 7.933e-01 7.6551e-02 7.6551e-02 [ 1.4724e-02 6.8199e-04 4.4292e-03 2.3211e-02 2.2510e-03 6.8130e-03 2.7082e-03 7.6541e-03 9.9636e-03 4.1152e-03 ] 0.0000e+00 [ 0.0000e+00 ] 9.2345e-01
 9.067e-01 1.0254e-01 1.0254e-01 [ 1.6176e-02 8.9797e-04 5.6119e-03 3.3001e-02 3.3167e-03 9.5841e-03 3.9219e-03 1.0581e-02 1.4091e-02 5.3614e-03 ] 0.0000e+00 [ 0.0000e+00 ] 8.9746e-01
 1.020e+00 1.3478e-01 1.3478e-01 [ 1.7825e-02 1.1386e-03 6.8385e-03 4.5487e-02 4.7418e-03 1.3050e-02 5.5027e-03 1.4141e-02 1.9281e-02 6.7737e-03 ] 0.0000e+00 [ 0.0000e+00 ] 8.6522e-01
 1.133e+00 1.7359e-01 1.7359e-01 [ 1.9670e-02 1.3955e-03 8.0532e-03 6.0912e-02 6.5862e-03 1.7243e-02 7.4927e-03 1.8323e-02 2.5585e-02 8.3274e-03 ] 0.0000e+00 [ 0.0000e+00 ] 8.2641e-01
 1.247e+00 2.1854e-01 2.1854e-01 [ 2.1650e-02 1.6561e-03 9.1887e-03 7.9232e-02 8.8792e-03 2.2108e-02 9.8962e-03 2.3035e-02 3.2927e-02 9.9718e-03 ] 0.0000e+00 [ 0.0000e+00 ] 7.8146e-01
 1.360e+00 2.6817e-01 2.6817e-01 [ 2.3631e-02 1.9043e-03 1.0172e-02 9.9965e-02 1.1593e-02 2.7482e-02 1.2659e-02 2.8079e-02 4.1060e-02 1.1629e-02 ] 0.0000e+00 [ 0.0000e+00 ] 7.3183e-01
 1.473e+00 3.1990e-01 3.1990e-01 [ 2.5416e-02 2.1222e-03 1.0939e-02 1.2212e-01 1.4627e-02 3.3081e-02 1.5656e-02 3.3169e-02 4.9566e-02 1.3200e-02 ] 0.0000e+00 [ 0.0000e+00 ] 6.8010e-01
 1.587e+00 3.7038e-01 3.7038e-01 [ 2.6784e-02 2.2948e-03 1.1447e-02 1.4432e-01 1.7804e-02 3.8546e-02 1.8709e-02 3.7977e-02 5.7911e-02 1.4590e-02 ] 0.0000e+00 [ 0.0000e+00 ] 6.2962e-01
 1.700e+00 4.1625e-01 4.1625e-01 [ 2.7548e-02 2.4138e-03 1.1695e-02 1.6504e-01 2.0909e-02 4.3521e-02 2.1612e-02 4.2210e-02 6.5569e-02 1.5728e-02 ] 0.0000e+00 [ 0.0000e+00 ] 5.8375e-01
 1.813e+00 4.5489e-01 4.5489e-01 [ 2.7604e-02 2.4797e-03 1.1719e-02 1.8302e-01 2.3726e-02 4.7734e-02 2.4188e-02 4.5680e-02 7.2142e-02 1.6589e-02 ] 0.0000e+00 [ 0.0000e+00 ] 5.4511e-01
 1.927e+00 4.8490e-01 4.8490e-01 [ 2.6954e-02 2.5010e-03 1.1585e-02 1.9746e-01 2.6090e-02 5.1047e-02 2.6313e-02 4.8333e-02 7.7422e-02 1.7195e-02 ] 0.0000e+00 [ 0.0000e+00 ] 5.1510e-01
 2.040e+00 5.0607e-01 5.0607e-01 [ 2.5691e-02 2.4902e-03 1.1368e-02 2.0806e-01 2.7896e-02 5.3442e-02 2.7927e-02 5.0220e-02 8.1378e-02 1.7596e-02 ] 0.0000e+00 [ 0.0000e+00 ] 4.9393e-01
 2.153e+00 5.1884e-01 5.1884e-01 [ 2.3953e-02 2.4600e-03 1.1135e-02 2.1484e-01 2.9092e-02 5.4974e-02 2.9012e-02 5.1443e-02 8.4078e-02 1.7852e-02 ] 0.0000e+00 [ 0.0000e+00 ] 4.8116e-01
 2.267e+00 5.2389e-01 5.2389e-01 [ 2.1890e-02 2.4203e-03 1.0930e-02 2.1799e-01 2.9662e-02 5.5711e-02 2.9572e-02 5.2096e-02 8.5607e-02 1.8012e-02 ] 0.0000e+00 [ 0.0000e+00 ] 4.7611e-01
 2.380e+00 5.2167e-01 5.2167e-01 [ 1.9635e-02 2.3762e-03 1.0777e-02 2.1763e-01 2.9602e-02 5.5696e-02 2.9610e-02 5.2230e-02 8.6007e-02 1.8100e-02 ] 0.0000e+00 [ 0.0000e+00 ] 4.7833e-01
 2.493e+00 5.1226e-01 5.1226e-01 [ 1.7295e-02 2.3284e-03 1.0677e-02 2.1379e-01 2.8915e-02 5.4924e-02 2.9122e-02 5.1836e-02 8.5252e-02 1.8116e-02 ] 0.0000e+00 [ 0.0000e+00 ] 4.8774e-01
 2.607e+00 4.9542e-01 4.9542e-01 [ 1.4951e-02 2.2732e-03 1.0608e-02 2.0639e-01 2.7614e-02 5.3355e-02 2.8098e-02 5.0850e-02 8.3256e-02 1.8032e-02 ] 0.0000e+00 [ 0.0000e+00 ] 5.0458e-01
 2.720e+00 4.7085e-01 4.7085e-01 [ 1.2668e-02 2.2042e-03 1.0534e-02 1.9536e-01 2.5728e-02 5.0933e-02 2.6535e-02 4.9177e-02 7.9911e-02 1.7803e-02 ] 0.0000e+00 [ 0.0000e+00 ] 5.2915e-01
 2.833e+00 4.3852e-01 4.3852e-01 [ 1.0501e-02 2.1141e-03 1.0408e-02 1.8082e-01 2.3329e-02 4.7634e-02 2.4461e-02 4.6732e-02 7.5152e-02 1.7375e-02 ] 0.0000e+00 [ 0.0000e+00 ] 5.6148e-01
 2.947e+00 3.9913e-01 3.9913e-01 [ 8.5023e-03 1.9973e-03 1.0183e-02 1.6321e-01 2.0538e-02 4.3513e-02 2.1950e-02 4.3490e-02 6.9040e-02 1.6706e-02 ] 0.0000e+00 [ 0.0000e+00 ] 6.0087e-01
 3.060e+00 3.5433e-01 3.5433e-01 [ 6.7175e-03 1.8519e-03 9.8267e-03 1.4341e-01 1.7527e-02 3.8736e-02 1.9137e-02 3.9533e-02 6.1808e-02 1.5785e-02 ] 0.0000e+00 [ 0.0000e+00 ] 6.4567e-01
 3.173e+00 3.0663e-01 3.0663e-01 [ 5.1817e-03 1.6814e-03 9.3256e-03 1.2262e-01 1.4498e-02 3.3573e-02 1.6198e-02 3.5052e-02 5.3866e-02 1.4638e-02 ] 0.0000e+00 [ 0.0000e+00 ] 6.9337e-01
 3.287e+00 2.5892e-01 2.5892e-01 [ 3.9106e-03 1.4938e-03 8.6926e-03 1.0215e-01 1.1640e-02 2.8346e-02 1.3324e-02 3.0321e-02 4.5719e-02 1.3330e-02 ] 0.0000e+00 [ 0.0000e+00 ] 7.4108e-01
 3.400e+00 2.1385e-01 2.1385e-01 [ 2.8971e-03 1.2992e-03 7.9596e-03 8.3125e-02 9.0977e-03 2.3360e-02 1.0673e-02 2.5630e-02 3.7863e-02 1.1941e-02 ] 0.0000e+00 [ 0.0000e+00 ] 7.8615e-01
 3.513e+00 1.7333e-01 1.7333e-01 [ 2.1157e-03 1.1080e-03 7.1681e-03 6.6319e-02 6.9477e-03 1.8847e-02 8.3548e-03 2.1225e-02 3.0687e-02 1.0554e-02 ] 0.0000e+00 [ 0.0000e+00 ] 8.2667e-01
 3.627e+00 1.3838e-01 1.3838e-01 [ 1.5295e-03 9.2826e-04 6.3588e-03 5.2079e-02 5.2059e-03 1.4936e-02 6.4142e-03 1.7274e-02 2.4423e-02 9.2336e-03 ] 0.0000e+00 [ 0.0000e+00 ] 8.6162e-01
 3.740e+00 1.0923e-01 1.0923e-01 [ 1.0986e-03 7.6550e-04 5.5657e-03 4.0408e-02 3.8432e-03 1.1667e-02 4.8479e-03 1.3859e-02 1.9157e-02 8.0227e-03 ] 0.0000e+00 [ 0.0000e+00 ] 8.9077e-01
 3.853e+00 8.5536e-02 8.5536e-02 [ 7.8630e-04 6.2243e-04 4.8130e-03 3.1086e-02 2.8056e-03 9.0089e-03 3.6198e-03 1.0993e-02 1.4859e-02 6.9420e-03 ] 0.0000e+00 [ 0.0000e+00 ] 9.1446e-01
 3.967e+00 6.6632e-02 6.6632e-02 [ 5.6186e-04 4.9965e-04 4.1165e-03 2.3780e-02 2.0318e-03 6.8952e-03 2.6784e-03 8.6418e-03 1.1431e-02 5.9959e-03 ] 0.0000e+00 [ 0.0000e+00 ] 9.3337e-01
 4.080e+00 5.1755e-02 5.1755e-02 [ 4.0124e-04 3.9638e-04 3.4846e-03 1.8129e-02 1.4636e-03 5.2418e-03 1.9689e-03 6.7462e-03 8.7455e-03 5.1778e-03 ] 0.0000e+00 [ 0.0000e+00 ] 9.4825e-01
 4.193e+00 4.0154e-02 4.0154e-02 [ 2.8643e-04 3.1095e-04 2.9205e-03 1.3798e-02 1.0509e-03 3.9643e-03 1.4409e-03 5.2378e-03 6.6684e-03 4.4756e-03 ] 0.0000e+00 [ 0.0000e+00 ] 9.5985e-01
 4.307e+00 3.1161e-02 3.1161e-02 [ 2.0432e-04 2.4133e-04 2.4241e-03 1.0499e-02 7.5328e-04 2.9865e-03 1.0516e-03 4.0494e-03 5.0771e-03 3.8746e-03 ] 0.0000e+00 [ 0.0000e+00 ] 9.6884e-01
 4.420e+00 2.4211e-02 2.4211e-02 [ 1.4556e-04 1.8535e-04 1.9927e-03 7.9921e-03 5.3977e-04 2.2430e-03 7.6645e-04 3.1201e-03 3.8658e-03 3.3606e-03 ] 0.0000e+00 [ 0.0000e+00 ] 9.7579e-01
 4.533e+00 1.8849e-02 1.8849e-02 [ 1.0347e-04 1.4090e-04 1.6224e-03 6.0908e-03 3.8700e-04 1.6806e-03 5.5839e-04 2.3974e-03 2.9477e-03 2.9200e-03 ] 0.0000e+00 [ 0.0000e+00 ] 9.8115e-01
 4.647e+00 1.4711e-02 1.4711e-02 [ 7.3318e-05 1.0604e-04 1.3083e-03 4.6486e-03 2.7783e-04 1.2569e-03 4.0699e-04 1.8379e-03 2.2533e-03 2.5414e-03 ] 0.0000e+00 [ 0.0000e+00 ] 9.8529e-01
 4.760e+00 1.1514e-02 1.1514e-02 [ 5.1748e-05 7.9004e-05 1.0450e-03 3.5536e-03 1.9982e-04 9.3841e-04 2.9696e-04 1.4062e-03 1.7284e-03 2.2149e-03 ] 0.0000e+00 [ 0.0000e+00 ] 9.8849e-01
 4.873e+00 9.0409e-03 9.0409e-03 [ 3.6349e-05 5.8285e-05 8.2686e-04 2.7211e-03 1.4402e-04 6.9965e-04 2.1700e-04 1.0740e-03 1.3314e-03 1.9323e-03 ] 0.0000e+00 [ 0.0000e+00 ] 9.9096e-01
 4.987e+00 7.1233e-03 7.1233e-03 [ 2.5393e-05 4.2582e-05 6.4815e-04 2.0869e-03 1.0406e-04 5.2098e-04 1.5887e-04 8.1887e-04 1.0306e-03 1.6868e-03 ] 0.0000e+00 [ 0.0000e+00 ] 9.9288e-01
 5.100e+00 5.6326e-03 5.6326e-03 [ 1.7632e-05 3.0813e-05 5.0344e-04 1.6029e-03 7.5382e-05 3.8746e-04 1.1657e-04 6.2339e-04 8.0210e-04 1.4729e-03 ] 0.0000e+00 [ 0.0000e+00 ] 9.9437e-01
 5.213e+00 4.4707e-03 4.4707e-03 [ 1.2163e-05 2.2086e-05 3.8756e-04 1.2328e-03 5.4757e-05 2.8782e-04 8.5722e-05 4.7385e-04 6.2784e-04 1.2861e-03 ] 0.0000e+00 [ 0.0000e+00 ] 9.9553e-01
 5.327e+00 3.5623e-03 3.5623e-03 [ 8.3327e-06 1.5685e-05 2.9577e-04 9.4916e-04 3.9885e-05 2.1357e-04 6.3194e-05 3.5964e-04 4.9440e-04 1.1227e-03 ] 0.0000e+00 [ 0.0000e+00 ] 9.9644e-01
 5.440e+00 2.8498e-03 2.8498e-03 [ 5.6675e-06 1.1039e-05 2.2384e-04 7.3145e-04 2.9134e-05 1.5828e-04 4.6704e-05 2.7255e-04 3.9172e-04 9.7945e-04 ] 0.0000e+00 [ 0.0000e+00 ] 9.9715e-01
 5.553e+00 2.2891e-03 2.2891e-03 [ 3.8262e-06 7.6996e-06 1.6804e-04 5.6406e-04 2.1340e-05 1.1718e-04 3.4605e-05 2.0624e-04 3.1228e-04 8.5387e-04 ] 0.0000e+00 [ 0.0000e+00 ] 9.9771e-01
 5.667e+00 1.8463e-03 1.8463e-03 [ 2.5637e-06 5.3241e-06 1.2517e-04 4.3519e-04 1.5674e-05 8.6649e-05 2.5705e-05 1.5584e-04 2.5047e-04 7.4373e-04 ] 0.0000e+00 [ 0.0000e+00 ] 9.9815e-01
 5.780e+00 1.4953e-03 1.4953e-03 [ 1.7046e-06 3.6503e-06 9.2551e-05 3.3587e-04 1.1543e-05 6.4001e-05 1.9143e-05 1.1758e-04 2.0209e-04 6.4715e-04 ] 0.0000e+00 [ 0.0000e+00 ] 9.9850e-01
 5.893e+00 1.2159e-03 1.2159e-03 [ 1.1246e-06 2.4820e-06 6.7948e-05 2.5924e-04 8.5234e-06 4.7220e-05 1.4291e-05 8.8578e-05 1.6398e-04 5.6249e-04 ] 0.0000e+00 [ 0.0000e+00 ] 9.9878e-01
 6.007e+00 9.9261e-04 9.9261e-04 [ 7.3630e-07 1.6741e-06 4.9548e-05 2.0008e-04 6.3096e-06 3.4801e-05 1.0694e-05 6.6634e-05 1.3377e-04 4.8836e-04 ] 0.0000e+00 [ 0.0000e+00 ] 9.9901e-01
 6.120e+00 8.1345e-04 8.1345e-04 [ 4.7834e-07 1.1203e-06 3.5897e-05 1.5440e-04 4.6822e-06 2.5620e-05 8.0213e-06 5.0055e-05 1.0967e-04 4.2350e-04 ] 0.0000e+00 [ 0.0000e+00 ] 9.9919e-01
 6.233e+00 6.6907e-04 6.6907e-04 [ 3.0839e-07 7.4399e-07 2.5848e-05 1.1910e-04 3.4826e-06 1.8842e-05 6.0296e-06 3.7547e-05 9.0338e-05 3.6683e-04 ] 0.0000e+00 [ 0.0000e+00 ] 9.9933e-01
 6.347e+00 5.5223e-04 5.5223e-04 [ 1.9731e-07 4.9041e-07 1.8503e-05 9.1836e-05 2.5960e-06 1.3843e-05 4.5419e-06 2.8127e-05 7.4730e-05 3.1737e-04 ] 0.0000e+00 [ 0.0000e+00 ] 9.9945e-01
 6.460e+00 4.5729e-04 4.5729e-04 [ 1.2530e-07 3.2092e-07 1.3170e-05 7.0775e-05 1.9392e-06 1.0161e-05 3.4279e-06 2.1042e-05 6.2059e-05 2.7426e-04 ] 0.0000e+00 [ 0.0000e+00 ] 9.9954e-01
 6.573e+00 3.7981e-04 3.7981e-04 [ 7.8983e-08 2.0853e-07 9.3245e-06 5.4511e-05 1.4514e-06 7.4522e-06 2.5918e-06 1.5722e-05 5.1718e-05 2.3675e-04 ] 0.0000e+00 [ 0.0000e+00 ] 9.9962e-01
 6.687e+00 3.1634e-04 3.1634e-04 [ 4.9425e-08 1.3458e-07 6.5679e-06 4.1958e-05 1.0882e-06 5.4611e-06 1.9629e-06 1.1733e-05 4.3236e-05 2.0415e-04 ] 0.0000e+00 [ 0.0000e+00 ] 9.9968e-01
 6.800e+00 2.6415e-04 2.6415e-04 [ 3.0708e-08 8.6273e-08 4.6034e-06 3.2272e-05 8.1735e-07 3.9991e-06 1.4888e-06 8.7470e-06 3.6247e-05 1.7586e-04 ] 0.0000e+00 [ 0.0000e+00 ] 9.9974e-01
 6.913e+00 2.2108e-04 2.2108e-04 [ 1.8945e-08 5.4949e-08 3.2112e-06 2.4804e-05 6.1482e-07 2.9268e-06 1.1307e-06 6.5142e-06 3.0465e-05 1.5134e-04 ] 0.0000e+00 [ 0.0000e+00 ] 9.9978e-01
 7.027e+00 1.8542e-04 1.8542e-04 [ 1.1607e-08 3.4778e-08 2.2298e-06 1.9050e-05 4.6313e-07 2.1409e-06 8.5976e-07 4.8470e-06 2.5662e-05 1.3012e-04 ] 0.0000e+00 [ 0.0000e+00 ] 9.9981e-01
 7.140e+00 1.5580e-04 1.5580e-04 [ 7.0638e-09 2.1876e-08 1.5415e-06 1.4620e-05 3.4931e-07 1.5654e-06 6.5441e-07 3.6038e-06 2.1660e-05 1.1178e-04 ] 0.0000e+00 [ 0.0000e+00 ] 9.9984e-01
 7.253e+00 1.3113e-04 1.3113e-04 [ 4.2705e-09 1.3679e-08 1.0612e-06 1.1212e-05 2.6376e-07 1.1443e-06 4.9854e-07 2.6779e-06 1.8314e-05 9.5940e-05 ] 0.0000e+00 [ 0.0000e+00 ] 9.9987e-01
 7.367e+00 1.1053e-04 1.1053e-04 [ 2.5651e-09 8.5036e-09 7.2748e-07 8.5915e-06 1.9936e-07 8.3627e-07 3.8006e-07 1.9889e-06 1.5510e-05 8.2286e-05 ] 0.0000e+00 [ 0.0000e+00 ] 9.9989e-01
 7.480e+00 9.3291e-05 9.3291e-05 [ 1.5310e-09 5.2564e-09 4.9672e-07 6.5788e-06 1.5081e-07 6.1114e-07 2.8991e-07 1.4768e-06 1.3153e-05 7.0526e-05 ] 0.0000e+00 [ 0.0000e+00 ] 9.9991e-01
 7.593e+00 7.8831e-05 7.8831e-05 [ 9.0816e-10 3.2313e-09 3.3783e-07 5.0341e-06 1.1417e-07 4.4662e-07 2.2123e-07 1.0964e-06 1.1169e-05 6.0407e-05 ] 0.0000e+00 [ 0.0000e+00 ] 9.9992e-01
 7.707e+00 6.6682e-05 6.6682e-05 [ 5.3546e-10 1.9757e-09 2.2889e-07 3.8495e-06 8.6493e-08 3.2645e-07 1.6887e-07 8.1417e-07 9.4953e-06 5.1710e-05 ] 0.0000e+00 [ 0.0000e+00 ] 9.9993e-01
 7.820e+00 5.6457e-05 5.6457e-05 [ 3.1385e-10 1.2016e-09 1.5451e-07 2.9417e-06 6.5558e-08 2.3866e-07 1.2892e-07 6.0479e-07 8.0807e-06 4.4240e-05 ] 0.0000e+00 [ 0.0000e+00 ] 9.9994e-01
 7.933e+00 4.7838e-05 4.7838e-05 [ 1.8290e-10 7.2710e-10 1.0391e-07 2.2466e-06 4.9711e-08 1.7455e-07 9.8423e-08 4.4954e-07 6.8833e-06 3.7831e-05 ] 0.0000e+00 [ 0.0000e+00 ] 9.9995e-01
 8.047e+00 4.0565e-05 4.0565e-05 [ 1.0599e-10 4.3776e-10 6.9639e-08 1.7147e-06 3.7707e-08 1.2771e-07 7.5135e-08 3.3445e-07 5.8685e-06 3.2336e-05 ] 0.0000e+00 [ 0.0000e+00 ] 9.9996e-01
 8.160e+00 3.4419e-05 3.4419e-05 [ 6.1084e-11 2.6226e-10 4.6507e-08 1.3081e-06 2.8609e-08 9.3495e-08 5.7347e-08 2.4913e-07 5.0075e-06 2.7628e-05 ] 0.0000e+00 [ 0.0000e+00 ] 9.9997e-01
 8.273e+00 2.9222e-05 2.9222e-05 [ 3.5014e-11 1.5636e-10 3.0952e-08 9.9734e-07 2.1710e-08 6.8486e-08 4.3758e-08 1.8586e-07 4.2760e-06 2.3598e-05 ] 0.0000e+00 [ 0.0000e+00 ] 9.9997e-01
 8.387e+00 2.4822e-05 2.4822e-05 [ 1.9965e-11 9.2780e-11 2.0530e-08 7.6005e-07 1.6476e-08 5.0200e-08 3.3377e-08 1.3892e-07 3.6541e-06 2.0149e-05 ] 0.0000e+00 [ 0.0000e+00 ] 9.9998e-01
 8.500e+00 2.1095e-05 2.1095e-05 [ 1.1326e-11 5.4799e-11 1.3573e-08 5.7896e-07 1.2504e-08 3.6823e-08 2.5447e-08 1.0407e-07 3.1247e-06 1.7199e-05 ] 0.0000e+00 [ 0.0000e+00 ] 9.9998e-01
 8.613e+00 1.7936e-05 1.7936e-05 [ 6.3925e-12 3.2218e-11 8.9436e-09 4.4083e-07 9.4892e-09 2.7032e-08 1.9392e-08 7.8169e-08 2.6739e-06 1.4678e-05 ] 0.0000e+00 [ 0.0000e+00 ] 9.9998e-01
 8.727e+00 1.5256e-05 1.5256e-05 [ 3.5903e-12 1.8857e-11 5.8745e-09 3.3553e-07 7.2007e-09 1.9860e-08 1.4769e-08 5.8894e-08 2.2896e-06 1.2524e-05 ] 0.0000e+00 [ 0.0000e+00 ] 9.9998e-01
 8.840e+00 1.2981e-05 1.2981e-05 [ 2.0067e-12 1.0988e-11 3.8464e-09 2.5529e-07 5.4633e-09 1.4603e-08 1.1241e-08 4.4525e-08 1.9617e-06 1.0684e-05 ] 0.0000e+00 [ 0.0000e+00 ] 9.9999e-01
 8.953e+00 1.1050e-05 1.1050e-05 [ 1.1163e-12 6.3746e-12 2.5106e-09 1.9418e-07 4.1443e-09 1.0747e-08 8.5502e-09 3.3792e-08 1.6819e-06 9.1140e-06 ] 0.0000e+00 [ 0.0000e+00 ] 9.9999e-01
 9.067e+00 9.4090e-06 9.4090e-06 [ 6.1805e-13 3.6823e-12 1.6337e-09 1.4765e-07 3.1430e-09 7.9157e-09 6.4992e-09 2.5755e-08 1.4428e-06 7.7736e-06 ] 0.0000e+00 [ 0.0000e+00 ] 9.9999e-01
 9.180e+00 8.0146e-06 8.0146e-06 [ 3.4063e-13 2.1181e-12 1.0599e-09 1.1224e-07 2.3831e-09 5.8355e-09 4.9366e-09 1.9720e-08 1.2385e-06 6.6300e-06 ] 0.0000e+00 [ 0.0000e+00 ] 9.9999e-01
 9.293e+00 6.8292e-06 6.8292e-06 [ 1.8689e-13 1.2132e-12 6.8553e-10 8.5300e-08 1.8063e-09 4.3056e-09 3.7471e-09 1.5175e-08 1.0637e-06 5.6544e-06 ] 0.0000e+00 [ 0.0000e+00 ] 9.9999e-01
 9.407e+00 5.8209e-06 5.8209e-06 [ 1.0209e-13 6.9198e-13 4.4209e-10 6.4811e-08 1.3687e-09 3.1796e-09 2.8422e-09 1.1739e-08 9.1417e-07 4.8224e-06 ] 0.0000e+00 [ 0.0000e+00 ] 9.9999e-01
 9.520e+00 4.9632e-06 4.9632e-06 [ 5.5519e-14 3.9308e-13 2.8427e-10 4.9232e-08 1.0368e-09 2.3501e-09 2.1543e-09 9.1307e-09 7.8610e-07 4.1129e-06 ] 0.0000e+00 [ 0.0000e+00 ] 1.0000e+00
 9.633e+00 4.2332e-06 4.2332e-06 [ 3.0064e-14 2.2237e-13 1.8225e-10 3.7390e-08 7.8504e-10 1.7384e-09 1.6318e-09 7.1427e-09 6.7636e-07 3.5080e-06 ] 0.0000e+00 [ 0.0000e+00 ] 1.0000e+00
 9.747e+00 3.6118e-06 3.6118e-06 [ 1.6210e-14 1.2529e-13 1.1652e-10 2.8391e-08 5.9421e-10 1.2870e-09 1.2353e-09 5.6202e-09 5.8229e-07 2.9922e-06 ] 0.0000e+00 [ 0.0000e+00 ] 1.0000e+00
 9.860e+00 3.0826e-06 3.0826e-06 [ 8.7041e-15 7.0312e-14 7.4279e-11 2.1554e-08 4.4960e-10 9.5359e-10 9.3456e-10 4.4481e-09 5.0158e-07 2.5526e-06 ] 0.0000e+00 [ 0.0000e+00 ] 1.0000e+00
 9.973e+00 2.6318e-06 2.6318e-06 [ 4.6542e-15 3.9300e-14 4.7220e-11 1.6361e-08 3.4005e-10 7.0714e-10 7.0669e-10 3.5411e-09 4.3231e-07 2.1778e-06 ] 0.0000e+00 [ 0.0000e+00 ] 1.0000e+00
 1.009e+01 2.2477e-06 2.2477e-06 [ 2.4785e-15 2.1880e-14 2.9934e-11 1.2417e-08 2.5709e-10 5.2480e-10 5.3415e-10 2.8353e-09 3.7282e-07 1.8583e-06 ] 0.0000e+00 [ 0.0000e+00 ] 1.0000e+00
 1.020e+01 1.9204e-06 1.9204e-06 [ 1.3145e-15 1.2134e-14 1.8924e-11 9.4217e-09 1.9429e-10 3.8979e-10 4.0360e-10 2.2829e-09 3.2169e-07 1.5859e-06 ] 0.0000e+00 [ 0.0000e+00 ] 1.0000e+00
 1.031e+01 1.6412e-06 1.6412e-06 [ 6.9441e-16 6.7029e-15 1.1931e-11 7.1481e-09 1.4677e-10 2.8975e-10 3.0490e-10 1.8480e-09 2.7773e-07 1.3538e-06 ] 0.0000e+00 [ 0.0000e+00 ] 1.0000e+00
 1.043e+01 1.4032e-06 1.4032e-06 [ 3.6537e-16 3.6884e-15 7.5014e-12 5.4223e-09 1.1083e-10 2.1556e-10 2.3032e-10 1.5037e-09 2.3990e-07 1.1558e-06 ] 0.0000e+00 [ 0.0000e+00 ] 1.0000e+00
 1.054e+01 1.2002e-06 1.2002e-06 [ 1.9149e-16 2.0219e-15 4.7038e-12 4.1125e-09 8.3659e-11 1.6050e-10 1.7399e-10 1.2294e-09 2.0734e-07 9.8706e-07 ] 0.0000e+00 [ 0.0000e+00 ] 1.0000e+00
 1.065e+01 1.0269e-06 1.0269e-06 [ 9.9968e-17 1.1041e-15 2.9416e-12 3.1186e-09 6.3124e-11 1.1961e-10 1.3148e-10 1.0098e-09 1.7929e-07 8.4315e-07 ] 0.0000e+00 [ 0.0000e+00 ] 1.0000e+00
 1.077e+01 8.7896e-07 8.7896e-07 [ 5.1988e-17 6.0066e-16 1.8347e-12 2.3645e-09 4.7612e-11 8.9211e-11 9.9398e-11 8.3285e-10 1.5512e-07 7.2041e-07 ] 0.0000e+00 [ 0.0000e+00 ] 1.0000e+00
 1.088e+01 7.5265e-07 7.5265e-07 [ 2.6933e-17 3.2554e-16 1.1413e-12 1.7925e-09 3.5899e-11 6.6599e-11 7.5199e-11 6.8958e-10 1.3427e-07 6.1572e-07 ] 0.0000e+00 [ 0.0000e+00 ] 1.0000e+00
 1.099e+01 6.4475e-07 6.4475e-07 [ 1.3901e-17 1.7578e-16 7.0805e-13 1.3586e-09 2.7059e-11 4.9765e-11 5.6945e-11 5.7300e-10 1.1627e-07 5.2641e-07 ] 0.0000e+00 [ 0.0000e+00 ] 1.0000e+00
 1.111e+01 5.5255e-07 5.5255e-07 [ 7.1473e-18 9.4562e-17 4.3813e-13 1.0296e-09 2.0388e-11 3.7223e-11 4.3174e-11 4.7767e-10 1.0074e-07 4.5020e-07 ] 0.0000e+00 [ 0.0000e+00 ] 1.0000e+00
 1.122e+01 4.7374e-07 4.7374e-07 [ 3.6613e-18 5.0683e-17 2.7040e-13 7.8007e-10 1.5358e-11 2.7870e-11 3.2784e-11 3.9937e-10 8.7319e-08 3.8516e-07 ] 0.0000e+00 [ 0.0000e+00 ] 1.0000e+00
 1.133e+01 4.0634e-07 4.0634e-07 [ 1.8687e-18 2.7066e-17 1.6645e-13 5.9092e-10 1.1565e-11 2.0890e-11 2.4940e-11 3.3479e-10 7.5718e-08 3.2964e-07 ] 0.0000e+00 [ 0.0000e+00 ] 1.0000e+00
 1.145e+01 3.4869e-07 3.4869e-07 [ 9.5026e-19 1.4401e-17 1.0220e-13 4.4755e-10 8.7066e-12 1.5676e-11 1.9014e-11 2.8133e-10 6.5685e-08 2.8223e-07 ] 0.0000e+00 [ 0.0000e+00 ] 1.0000e+00
 1.156e+01 2.9934e-07 2.9934e-07 [ 4.8148e-19 7.6352e-18 6.2585e-14 3.3889e-10 6.5531e-12 1.1777e-11 1.4532e-11 2.3692e-10 5.7003e-08 2.4173e-07 ] 0.0000e+00 [ 0.0000e+00 ] 1.0000e+00
 1.167e+01 2.5710e-07 2.5710e-07 [ 2.4308e-19 4.0334e-18 3.8228e-14 2.5656e-10 4.9313e-12 8.8595e-12 1.1139e-11 1.9991e-10 4.9486e-08 2.0713e-07 ] 0.0000e+00 [ 0.0000e+00 ] 1.0000e+00
 1.179e+01 2.2092e-07 2.2092e-07 [ 1.2229e-19 2.1232e-18 2.3291e-14 1.9418e-10 3.7102e-12 6.6736e-12 8.5654e-12 1.6897e-10 4.2975e-08 1.7756e-07 ] 0.0000e+00 [ 0.0000e+00 ] 1.0000e+00
 1.190e+01 1.8992e-07 1.8992e-07 [ 6.1302e-20 1.1137e-18 1.4154e-14 1.4694e-10 2.7910e-12 5.0342e-12 6.6099e-12 1.4304e-10 3.7331e-08 1.5228e-07 ] 0.0000e+00 [ 0.0000e+00 ] 1.0000e+00
 1.201e+01 1.6334e-07 1.6334e-07 [ 3.0623e-20 5.8211e-19 8.5794e-15 1.1116e-10 2.0994e-12 3.8033e-12 5.1205e-12 1.2127e-10 3.2438e-08 1.3066e-07 ] 0.0000e+00 [ 0.0000e+00 ] 1.0000e+00
 1.213e+01 1.4055e-07 1.4055e-07 [ 1.5245e-20 3.0321e-19 5.1872e-15 8.4066e-11 1.5790e-12 2.8780e-12 3.9833e-12 1.0293e-10 2.8194e-08 1.1216e-07 ] 0.0000e+00 [ 0.0000e+00 ] 1.0000e+00
 1.224e+01 1.2100e-07 1.2100e-07 [ 7.5629e-21 1.5739e-19 3.1283e-15 6.3560e-11 1.1875e-12 2.1815e-12 3.1122e-12 8.7472e-11 2.4511e-08 9.6329e-08 ] 0.0000e+00 [ 0.0000e+00 ] 1.0000e+00
 1.235e+01 1.0421e-07 1.0421e-07 [ 3.7392e-21 8.1417e-20 1.8818e-15 4.8041e-11 8.9314e-13 1.6566e-12 2.4429e-12 7.4408e-11 2.1313e-08 8.2771e-08 ] 0.0000e+00 [ 0.0000e+00 ] 1.0000e+00
 1.247e+01 8.9796e-08 8.9796e-08 [ 1.8425e-21 4.1973e-20 1.1292e-15 3.6300e-11 6.7176e-13 1.2605e-12 1.9266e-12 6.3351e-11 1.8535e-08 7.1157e-08 ] 0.0000e+00 [ 0.0000e+00 ] 1.0000e+00
 1.258e+01 7.7410e-08 7.7410e-08 [ 9.0484e-22 2.1566e-20 6.7582e-16 2.7420e-11 5.0529e-13 9.6100e-13 1.5267e-12 5.3981e-11 1.6122e-08 6.1204e-08 ] 0.0000e+00 [ 0.0000e+00 ] 1.0000e+00
 1.269e+01 6.6764e-08 6.6764e-08 [ 4.4289e-22 1.1043e-20 4.0348e-16 2.0704e-11 3.8012e-13 7.3429e-13 1.2157e-12 4.6029e-11 1.4025e-08 5.2669e-08 ] 0.0000e+00 [ 0.0000e+00 ] 1.0000e+00
 1.281e+01 5.7608e-08 5.7608e-08 [ 2.1607e-22 5.6361e-21 2.4027e-16 1.5628e-11 2.8601e-13 5.6237e-13 9.7275e-13 3.9273e-11 1.2202e-08 4.5349e-08 ] 0.0000e+00 [ 0.0000e+00 ] 1.0000e+00
 1.292e+01 4.9729e-08 4.9729e-08 [ 1.0507e-22 2.8670e-21 1.4273e-16 1.1792e-11 2.1525e-13 4.3177e-13 7.8198e-13 3.3527e-11 1.0617e-08 3.9066e-08 ] 0.0000e+00 [ 0.0000e+00 ] 1.0000e+00
 1.303e+01 4.2947e-08 4.2947e-08 [ 5.0928e-23 1.4536e-21 8.4571e-17 8.8941e-12 1.6204e-13 3.3236e-13 6.3148e-13 2.8635e-11 9.2375e-09 3.3671e-08 ] 0.0000e+00 [ 0.0000e+00 ] 1.0000e+00
 1.315e+01 3.7106e-08 3.7106e-08 [ 2.4606e-23 7.3461e-22 4.9985e-17 6.7056e-12 1.2203e-13 2.5656e-13 5.1216e-13 2.4467e-11 8.0377e-09 2.9036e-08 ] 0.0000e+00 [ 0.0000e+00 ] 1.0000e+00
 1.326e+01 3.2072e-08 3.2072e-08 [ 1.1851e-23 3.7005e-22 2.9470e-17 5.0535e-12 9.1930e-14 1.9862e-13 4.1709e-13 2.0913e-11 6.9937e-09 2.5052e-08 ] 0.0000e+00 [ 0.0000e+00 ] 1.0000e+00
 1.337e+01 2.7733e-08 2.7733e-08 [ 5.6898e-24 1.8581e-22 1.7331e-17 3.8067e-12 6.9286e-14 1.5425e-13 3.4096e-13 1.7879e-11 6.0850e-09 2.1626e-08 ] 0.0000e+00 [ 0.0000e+00 ] 1.0000e+00
 1.349e+01 2.3990e-08 2.3990e-08 [ 2.7233e-24 9.3005e-23 1.0167e-17 2.8662e-12 5.2246e-14 1.2018e-13 2.7972e-13 1.5289e-11 5.2941e-09 1.8678e-08 ] 0.0000e+00 [ 0.0000e+00 ] 1.0000e+00
 1.360e+01 2.0760e-08 2.0760e-08 [ 1.2994e-24 4.6405e-23 5.9495e-18 2.1571e-12 3.9420e-14 9.3949e-14 2.3023e-13 1.3076e-11 4.6055e-09 1.6139e-08 ] 0.0000e+00 [ 0.0000e+00 ] 1.0000e+00
 1.371e+01 1.7972e-08 1.7972e-08 [ 6.1811e-25 2.3082e-23 3.4729e-18 1.6226e-12 2.9761e-14 7.3708e-14 1.9005e-13 1.1184e-11 4.0061e-09 1.3953e-08 ] 0.0000e+00 [ 0.0000e+00 ] 1.0000e+00
 1.383e+01 1.5563e-08 1.5563e-08 [ 2.9314e-25 1.1445e-23 2.0221e-18 1.2200e-12 2.2484e-14 5.8041e-14 1.5730e-13 9.5663e-12 3.4842e-09 1.2068e-08 ] 0.0000e+00 [ 0.0000e+00 ] 1.0000e+00
 1.394e+01 1.3482e-08 1.3482e-08 [ 1.3861e-25 5.6578e-24 1.1745e-18 9.1678e-13 1.7000e-14 4.5878e-14 1.3051e-13 8.1822e-12 3.0298e-09 1.0443e-08 ] 0.0000e+00 [ 0.0000e+00 ] 1.0000e+00
 1.405e+01 1.1683e-08 1.1683e-08 [ 6.5343e-26 2.7883e-24 6.8050e-19 6.8858e-13 1.2864e-14 3.6405e-14 1.0850e-13 6.9976e-12 2.6341e-09 9.0409e-09 ] 0.0000e+00 [ 0.0000e+00 ] 1.0000e+00
 1.417e+01 1.0127e-08 1.0127e-08 [ 3.0714e-26 1.3700e-24 3.9329e-19 5.1691e-13 9.7436e-15 2.9003e-14 9.0383e-14 5.9837e-12 2.2896e-09 7.8303e-09 ] 0.0000e+00 [ 0.0000e+00 ] 1.0000e+00
 1.428e+01 8.7800e-09 8.7800e-09 [ 1.4395e-26 6.7112e-25 2.2674e-19 3.8782e-13 7.3874e-15 2.3199e-14 7.5411e-14 5.1155e-12 1.9897e-09 6.7847e-09 ] 0.0000e+00 [ 0.0000e+00 ] 1.0000e+00
 1.439e+01 7.6144e-09 7.6144e-09 [ 6.7273e-27 3.2778e-25 1.3040e-19 2.9082e-13 5.6069e-15 1.8631e-14 6.3010e-14 4.3722e-12 1.7286e-09 5.8810e-09 ] 0.0000e+00 [ 0.0000e+00 ] 1.0000e+00
 1.451e+01 6.6050e-09 6.6050e-09 [ 3.1349e-27 1.5962e-25 7.4810e-20 2.1795e-13 4.2606e-15 1.5023e-14 5.2714e-14 3.7356e-12 1.5013e-09 5.0997e-09 ] 0.0000e+00 [ 0.0000e+00 ] 1.0000e+00
 1.462e+01 5.7306e-09 5.7306e-09 [ 1.4567e-27 7.7504e-26 4.2812e-20 1.6325e-13 3.2416e-15 1.2161e-14 4.4148e-14 3.1905e-12 1.3035e-09 4.4237e-09 ] 0.0000e+00 [ 0.0000e+00 ] 1.0000e+00
 1.473e+01 4.9729e-09 4.9729e-09 [ 6.7501e-28 3.7523e-26 2.4440e-20 1.2221e-13 2.4696e-15 9.8827e-15 3.7008e-14 2.7237e-12 1.1313e-09 3.8386e-09 ] 0.0000e+00 [ 0.0000e+00 ] 1.0000e+00
 1.485e+01 4.3160e-09 4.3160e-09 [ 3.1192e-28 1.8114e-26 1.3918e-20 9.1435e-14 1.8842e-15 8.0614e-15 3.1047e-14 2.3241e-12 9.8156e-10 3.3320e-09 ] 0.0000e+00 [ 0.0000e+00 ] 1.0000e+00
 1.496e+01 3.7464e-09 3.7464e-09 [ 1.4374e-28 8.7199e-27 7.9063e-21 6.8370e-14 1.4398e-15 6.5994e-15 2.6063e-14 1.9820e-12 8.5125e-10 2.8931e-09 ] 0.0000e+00 [ 0.0000e+00 ] 1.0000e+00
 1.507e+01 3.2523e-09 3.2523e-09 [ 6.6060e-29 4.1857e-27 4.4804e-21 5.1094e-14 1.1020e-15 5.4211e-15 2.1891e-14 1.6891e-12 7.3790e-10 2.5126e-09 ] 0.0000e+00 [ 0.0000e+00 ] 1.0000e+00
 1.519e+01 2.8236e-09 2.8236e-09 [ 3.0278e-29 2.0036e-27 2.5327e-21 3.8162e-14 8.4489e-16 4.4675e-15 1.8395e-14 1.4386e-12 6.3934e-10 2.1827e-09 ] 0.0000e+00 [ 0.0000e+00 ] 1.0000e+00
 1.530e+01 2.4515e-09 2.4515e-09 [ 1.3841e-29 9.5644e-28 1.4283e-21 2.8487e-14 6.4898e-16 3.6927e-15 1.5463e-14 1.2243e-12 5.5366e-10 1.8966e-09 ] 0.0000e+00 [ 0.0000e+00 ] 1.0000e+00
 1.541e+01 2.1285e-09 2.1285e-09 [ 6.3101e-30 4.5530e-28 8.0347e-22 2.1253e-14 4.9947e-16 3.0608e-15 1.3001e-14 1.0411e-12 4.7918e-10 1.6482e-09 ] 0.0000e+00 [ 0.0000e+00 ] 1.0000e+00
 1.553e+01 1.8480e-09 1.8480e-09 [ 2.8694e-30 2.1615e-28 4.5089e-22 1.5847e-14 3.8519e-16 2.5434e-15 1.0933e-14 8.8458e-13 4.1447e-10 1.4326e-09 ] 0.0000e+00 [ 0.0000e+00 ] 1.0000e+00
 1.564e+01 1.6044e-09 1.6044e-09 [ 1.3014e-30 1.0234e-28 2.5242e-22 1.1810e-14 2.9769e-16 2.1182e-15 9.1953e-15 7.5087e-13 3.5826e-10 1.2454e-09 ] 0.0000e+00 [ 0.0000e+00 ] 1.0000e+00
 1.575e+01 1.3929e-09 1.3929e-09 [ 5.8873e-31 4.8323e-29 1.4097e-22 8.7962e-15 2.3058e-16 1.7677e-15 7.7337e-15 6.3673e-13 3.0945e-10 1.0828e-09 ] 0.0000e+00 [ 0.0000e+00 ] 1.0000e+00
 1.587e+01 1.2091e-09 1.2091e-09 [ 2.6566e-31 2.2757e-29 7.8533e-23 6.5483e-15 1.7901e-16 1.4777e-15 6.5040e-15 5.3938e-13 2.6709e-10 9.4143e-10 ] 0.0000e+00 [ 0.0000e+00 ] 1.0000e+00
 1.598e+01 1.0494e-09 1.0494e-09 [ 1.1957e-31 1.0689e-29 4.3646e-23 4.8725e-15 1.3931e-16 1.2371e-15 5.4691e-15 4.5639e-13 2.3032e-10 8.1858e-10 ] 0.0000e+00 [ 0.0000e+00 ] 1.0000e+00
 1.609e+01 9.1060e-10 9.1060e-10 [ 5.3685e-32 5.0074e-30 2.4198e-23 3.6237e-15 1.0868e-16 1.0370e-15 4.5979e-15 3.8570e-13 1.9844e-10 7.1176e-10 ] 0.0000e+00 [ 0.0000e+00 ] 1.0000e+00
 1.621e+01 7.9000e-10 7.9000e-10 [ 2.4044e-32 2.3397e-30 1.3384e-23 2.6938e-15 8.4996e-17 8.7002e-16 3.8643e-15 3.2554e-13 1.7079e-10 6.1887e-10 ] 0.0000e+00 [ 0.0000e+00 ] 1.0000e+00
 1.632e+01 6.8518e-10 6.8518e-10 [ 1.0742e-32 1.0904e-30 7.3845e-24 2.0016e-15 6.6640e-17 7.3048e-16 3.2465e-15 2.7440e-13 1.4684e-10 5.3806e-10 ] 0.0000e+00 [ 0.0000e+00 ] 1.0000e+00
 1.643e+01 5.9409e-10 5.9409e-10 [ 4.7878e-33 5.0690e-31 4.0646e-24 1.4866e-15 5.2381e-17 6.1360e-16 2.7261e-15 2.3095e-13 1.2609e-10 4.6776e-10 ] 0.0000e+00 [ 0.0000e+00 ] 1.0000e+00
 1.655e+01 5.1491e-10 5.1491e-10 [ 2.1287e-33 2.3504e-31 2.2319e-24 1.1037e-15 4.1276e-17 5.1553e-16 2.2879e-15 1.9409e-13 1.0814e-10 4.0657e-10 ] 0.0000e+00 [ 0.0000e+00 ] 1.0000e+00
 1.666e+01 4.4608e-10 4.4608e-10 [ 9.4421e-34 1.0871e-31 1.2226e-24 8.1911e-16 3.2605e-17 4.3314e-16 1.9188e-15 1.6284e-13 9.2605e-11 3.5331e-10 ] 0.0000e+00 [ 0.0000e+00 ] 1.0000e+00
 1.677e+01 3.8626e-10 3.8626e-10 [ 4.1781e-34 5.0152e-32 6.6808e-25 6.0768e-16 2.5817e-17 3.6381e-16 1.6079e-15 1.3638e-13 7.9179e-11 3.0694e-10 ] 0.0000e+00 [ 0.0000e+00 ] 1.0000e+00
 1.689e+01 3.3426e-10 3.3426e-10 [ 1.8444e-34 2.3080e-32 3.6419e-25 4.5068e-16 2.0489e-17 3.0544e-16 1.3461e-15 1.1401e-13 6.7582e-11 2.6657e-10 ] 0.0000e+00 [ 0.0000e+00 ] 1.0000e+00
 1.700e+01 2.8907e-10 2.8907e-10 [ 8.1231e-35 1.0595e-32 1.9805e-25 3.3413e-16 1.6296e-17 2.5624e-16 1.1258e-15 9.5125e-14 5.7574e-11 2.3140e-10 ] 0.0000e+00 [ 0.0000e+00 ] 1.0000e+00
 1.711e+01 2.4979e-10 2.4979e-10 [ 3.5691e-35 4.8515e-33 1.0744e-25 2.4765e-16 1.2986e-17 2.1475e-16 9.4028e-16 7.9196e-14 4.8945e-11 2.0076e-10 ] 0.0000e+00 [ 0.0000e+00 ] 1.0000e+00
 1.723e+01 2.1565e-10 2.1565e-10 [ 1.5644e-35 2.2160e-33 5.8142e-26 1.8350e-16 1.0366e-17 1.7975e-16 7.8424e-16 6.5784e-14 4.1514e-11 1.7407e-10 ] 0.0000e+00 [ 0.0000e+00 ] 1.0000e+00
 1.734e+01 1.8598e-10 1.8598e-10 [ 6.8412e-36 1.0097e-33 3.1385e-26 1.3593e-16 8.2868e-18 1.5023e-16 6.5300e-16 5.4508e-14 3.5121e-11 1.5080e-10 ] 0.0000e+00 [ 0.0000e+00 ] 1.0000e+00
 1.745e+01 1.6019e-10 1.6019e-10 [ 2.9845e-36 4.5885e-34 1.6899e-26 1.0065e-16 6.6323e-18 1.2533e-16 5.4270e-16 4.5044e-14 2.9628e-11 1.3052e-10 ] 0.0000e+00 [ 0.0000e+00 ] 1.0000e+00
 1.757e+01 1.3778e-10 1.3778e-10 [ 1.2988e-36 2.0800e-34 9.0758e-27 7.4507e-17 5.3122e-18 1.0433e-16 4.5004e-16 3.7114e-14 2.4916e-11 1.1283e-10 ] 0.0000e+00 [ 0.0000e+00 ] 1.0000e+00
 1.768e+01 1.1831e-10 1.1831e-10 [ 5.6381e-37 9.4036e-35 4.8613e-27 5.5128e-17 4.2563e-18 8.6622e-17 3.7226e-16 3.0481e-14 2.0881e-11 9.7397e-11 ] 0.0000e+00 [ 0.0000e+00 ] 1.0000e+00
 1.779e+01 1.0138e-10 1.0138e-10 [ 2.4412e-37 4.2399e-35 2.5967e-27 4.0767e-17 3.4097e-18 7.1708e-17 3.0702e-16 2.4945e-14 1.7430e-11 8.3925e-11 ] 0.0000e+00 [ 0.0000e+00 ] 1.0000e+00
 1.791e+01 8.6666e-11 8.6666e-11 [ 1.0541e-37 1.9062e-35 1.3831e-27 3.0125e-17 2.7293e-18 5.9155e-17 2.5235e-16 2.0333e-14 1.4485e-11 7.2160e-11 ] 0.0000e+00 [ 0.0000e+00 ] 1.0000e+00
 1.802e+01 7.3874e-11 7.3874e-11 [ 4.5390e-38 8.5449e-36 7.3444e-28 2.2239e-17 2.1815e-18 4.8599e-17 2.0659e-16 1.6499e-14 1.1978e-11 6.1880e-11 ] 0.0000e+00 [ 0.0000e+00 ] 1.0000e+00
 1.813e+01 6.2751e-11 6.2751e-11 [ 1.9484e-38 3.8180e-36 3.8872e-28 1.6394e-17 1.7396e-18 3.9735e-17 1.6833e-16 1.3319e-14 9.8478e-12 5.2889e-11 ] 0.0000e+00 [ 0.0000e+00 ] 1.0000e+00
 1.825e+01 5.3076e-11 5.3076e-11 [ 8.3356e-39 1.7000e-36 2.0500e-28 1.2063e-17 1.3825e-18 3.2301e-17 1.3640e-16 1.0689e-14 8.0433e-12 4.5022e-11 ] 0.0000e+00 [ 0.0000e+00 ] 1.0000e+00
 1.836e+01 4.4657e-11 4.4657e-11 [ 3.5526e-39 7.5396e-37 1.0768e-28 8.8533e-18 1.0937e-18 2.6079e-17 1.0978e-16 8.5187e-15 6.5190e-12 3.8129e-11 ] 0.0000e+00 [ 0.0000e+00 ] 1.0000e+00
 1.847e+01 3.7329e-11 3.7329e-11 [ 1.5076e-39 3.3289e-37 5.6306e-29 6.4738e-18 8.5995e-19 2.0881e-17 8.7644e-17 6.7333e-15 5.2358e-12 3.2086e-11 ] 0.0000e+00 [ 0.0000e+00 ] 1.0000e+00
 1.859e+01 3.0948e-11 3.0948e-11 [ 6.3650e-40 1.4621e-37 2.9285e-29 4.7100e-18 6.7066e-19 1.6550e-17 6.9277e-17 5.2692e-15 4.1597e-12 2.6783e-11 ] 0.0000e+00 [ 0.0000e+00 ] 1.0000e+00
 1.870e+01 2.5389e-11 2.5389e-11 [ 2.6708e-40 6.3817e-38 1.5134e-29 3.4026e-18 5.1748e-19 1.2953e-17 5.4085e-17 4.0733e-15 3.2612e-12 2.2124e-11 ] 0.0000e+00 [ 0.0000e+00 ] 1.0000e+00
 1.881e+01 2.0548e-11 2.0548e-11 [ 1.1122e-40 2.7639e-38 7.7597e-30 2.4340e-18 3.9371e-19 9.9789e-18 4.1570e-17 3.1008e-15 2.5151e-12 1.8030e-11 ] 0.0000e+00 [ 0.0000e+00 ] 1.0000e+00
 1.893e+01 1.6336e-11 1.6336e-11 [ 4.5866e-41 1.1853e-38 3.9388e-30 1.7169e-18 2.9399e-19 7.5326e-18 3.1313e-17 2.3144e-15 1.8996e-12 1.4434e-11 ] 0.0000e+00 [ 0.0000e+00 ] 1.0000e+00
 1.904e+01 1.2678e-11 1.2678e-11 [ 1.8675e-41 5.0178e-39 1.9730e-30 1.1871e-18 2.1406e-19 5.5357e-18 2.2969e-17 1.6831e-15 1.3963e-12 1.1280e-11 ] 0.0000e+00 [ 0.0000e+00 ] 1.0000e+00
 1.915e+01 9.5184e-12 9.5184e-12 [ 7.4722e-42 2.0871e-39 9.7037e-31 7.9728e-19 1.5052e-19 3.9231e-18 1.6251e-17 1.1815e-15 9.8943e-13 8.5277e-12 ] 0.0000e+00 [ 0.0000e+00 ] 1.0000e+00
 1.927e+01 6.8140e-12 6.8140e-12 [ 2.9158e-42 8.4641e-40 4.6450e-31 5.1260e-19 1.0070e-19 2.6416e-18 1.0927e-17 7.8891e-16 6.6599e-13 6.1472e-12 ] 0.0000e+00 [ 0.0000e+00 ] 1.0000e+00
 1.938e+01 4.5402e-12 4.5402e-12 [ 1.0946e-42 3.3000e-40 2.1287e-31 3.0778e-19 6.2498e-20 1.6480e-18 6.8091e-18 4.8869e-16 4.1530e-13 4.1244e-12 ] 0.0000e+00 [ 0.0000e+00 ] 1.0000e+00
 1.949e+01 2.6911e-12 2.6911e-12 [ 3.8393e-43 1.2003e-40 9.0114e-32 1.6466e-19 3.4322e-20 9.0858e-19 3.7507e-18 2.6791e-16 2.2887e-13 2.4619e-12 ] 0.0000e+00 [ 0.0000e+00 ] 1.0000e+00
 1.961e+01 1.2832e-12 1.2832e-12 [ 1.1635e-43 3.7568e-41 3.2140e-32 7.0589e-20 1.4994e-20 3.9803e-19 1.6420e-18 1.1688e-16 1.0023e-13 1.1828e-12 ] 0.0000e+00 [ 0.0000e+00 ] 1.0000e+00
 1.972e+01 3.6019e-13 3.6019e-13 [ 2.2522e-44 7.4457e-42 6.9823e-33 1.7267e-20 3.7099e-21 9.8646e-20 4.0679e-19 2.8895e-17 2.4833e-14 3.3532e-13 ] 0.0000e+00 [ 0.0000e+00 ] 1.0000e+00
 1.983e+01 0.0000e+00 0.0000e+00 [ 0.0000e+00 0.0000e+00 0.0000e+00 0.0000e+00 0.0000e+00 0.0000e+00 0.0000e+00 0.0000e+00 0.0000e+00 0.0000e+00 ] 0.0000e+00 [ 0.0000e+00 ] 1.0000e+00
