 0.000e+00 0.0000e+00 0.0000e+00 [ 0.0000e+00 0.0000e+00 0.0000e+00 0.0000e+00 0.0000e+00 0.0000e+00 ] 0.0000e+00 [ 0.0000e+00 ] 1.0000e+00
 1.133e-01 1.8333e-02 1.8333e-02 [ 1.5650e-02 1.4749e-03 1.4648e-04 6.6618e-05 6.1333e-05 9.3401e-04 ] 0.0000e+00 [ 0.0000e+00 ] 9.8167e-01
 2.267e-01 3.6565e-02 3.6565e-02 [ 2.5684e-02 5.8886e-03 6.2902e-04 2.8242e-04 2.5729e-04 3.8232e-03 ] 0.0000e+00 [ 0.0000e+00 ] 9.6344e-01
 3.400e-01 5.9477e-02 5.9477e-02 [ 3.4430e-02 1.3176e-02 1.5823e-03 6.9606e-04 6.2358e-04 8.9692e-03 ] 0.0000e+00 [ 0.0000e+00 ] 9.4052e-01
 4.533e-01 8.8492e-02 8.8492e-02 [ 4.2587e-02 2.3166e-02 3.2532e-03 1.3929e-03 1.2205e-03 1.6873e-02 ] 0.0000e+00 [ 0.0000e+00 ] 9.1151e-01
 5.667e-01 1.2553e-01 1.2553e-01 [ 5.1150e-02 3.5528e-02 6.0346e-03 2.5006e-03 2.1337e-03 2.8182e-02 ] 0.0000e+00 [ 0.0000e+00 ] 8.7447e-01
 6.800e-01 1.7222e-01 1.7222e-01 [ 6.0792e-02 4.9700e-02 1.0495e-02 4.1894e-03 3.4698e-03 4.3578e-02 ] 0.0000e+00 [ 0.0000e+00 ] 8.2778e-01
 7.933e-01 2.2958e-01 2.2958e-01 [ 7.1827e-02 6.4814e-02 1.7378e-02 6.6591e-03 5.3406e-03 6.3561e-02 ] 0.0000e+00 [ 0.0000e+00 ] 7.7042e-01
 9.067e-01 2.9732e-01 2.9732e-01 [ 8.4104e-02 7.9648e-02 2.7511e-02 1.0098e-02 7.8310e-03 8.8129e-02 ] 0.0000e+00 [ 0.0000e+00 ] 7.0268e-01
 1.020e+00 3.7314e-01 3.7314e-01 [ 9.6876e-02 9.2689e-02 4.1592e-02 1.4614e-02 1.0949e-02 1.1642e-01 ] 0.0000e+00 [ 0.0000e+00 ] 6.2686e-01
 1.133e+00 4.5232e-01 4.5232e-01 [ 1.0883e-01 1.0239e-01 5.9860e-02 2.0147e-02 1.4580e-02 1.4652e-01 ] 0.0000e+00 [ 0.0000e+00 ] 5.4768e-01
 1.247e+00 5.2848e-01 5.2848e-01 [ 1.1836e-01 1.0759e-01 8.1819e-02 2.6432e-02 1.8480e-02 1.7579e-01 ] 0.0000e+00 [ 0.0000e+00 ] 4.7152e-01
 1.360e+00 5.9544e-01 5.9544e-01 [ 1.2417e-01 1.0800e-01 1.0626e-01 3.3055e-02 2.2337e-02 2.0162e-01 ] 0.0000e+00 [ 0.0000e+00 ] 4.0456e-01
 1.473e+00 6.4939e-01 6.4939e-01 [ 1.2572e-01 1.0422e-01 1.3166e-01 3.9598e-02 2.5877e-02 2.2233e-01 ] 0.0000e+00 [ 0.0000e+00 ] 3.5061e-01
 1.587e+00 6.8981e-01 6.8981e-01 [ 1.2331e-01 9.7491e-02 1.5672e-01 4.5778e-02 2.8949e-02 2.3755e-01 ] 0.0000e+00 [ 0.0000e+00 ] 3.1019e-01
 1.700e+00 7.1860e-01 7.1860e-01 [ 1.1782e-01 8.9159e-02 1.8066e-01 5.1479e-02 3.1526e-02 2.4795e-01 ] 0.0000e+00 [ 0.0000e+00 ] 2.8140e-01
 1.813e+00 7.3867e-01 7.3867e-01 [ 1.1024e-01 8.0308e-02 2.0314e-01 5.6712e-02 3.3661e-02 2.5461e-01 ] 0.0000e+00 [ 0.0000e+00 ] 2.6133e-01
 1.927e+00 7.5276e-01 7.5276e-01 [ 1.0146e-01 7.1645e-02 2.2411e-01 6.1539e-02 3.5433e-02 2.5857e-01 ] 0.0000e+00 [ 0.0000e+00 ] 2.4724e-01
 2.040e+00 7.6293e-01 7.6293e-01 [ 9.2147e-02 6.3560e-02 2.4361e-01 6.6026e-02 3.6914e-02 2.6067e-01 ] 0.0000e+00 [ 0.0000e+00 ] 2.3707e-01
 2.153e+00 7.7060e-01 7.7060e-01 [ 8.2799e-02 5.6222e-02 2.6170e-01 7.0222e-02 3.8163e-02 2.6148e-01 ] 0.0000e+00 [ 0.0000e+00 ] 2.2940e-01
 2.267e+00 7.7664e-01 7.7664e-01 [ 7.3753e-02 4.9674e-02 2.7844e-01 7.4160e-02 3.9221e-02 2.6139e-01 ] 0.0000e+00 [ 0.0000e+00 ] 2.2336e-01
 2.380e+00 7.8160e-01 7.8160e-01 [ 6.5234e-02 4.3891e-02 2.9384e-01 7.7856e-02 4.0119e-02 2.6066e-01 ] 0.0000e+00 [ 0.0000e+00 ] 2.1840e-01
 2.493e+00 7.8580e-01 7.8580e-01 [ 5.7388e-02 3.8817e-02 3.0792e-01 8.1319e-02 4.0881e-02 2.5947e-01 ] 0.0000e+00 [ 0.0000e+00 ] 2.1420e-01
 2.607e+00 7.8941e-01 7.8941e-01 [ 5.0293e-02 3.4385e-02 3.2070e-01 8.4552e-02 4.1524e-02 2.5795e-01 ] 0.0000e+00 [ 0.0000e+00 ] 2.1059e-01
 2.720e+00 7.9256e-01 7.9256e-01 [ 4.3980e-02 3.0527e-02 3.3221e-01 8.7558e-02 4.2067e-02 2.5622e-01 ] 0.0000e+00 [ 0.0000e+00 ] 2.0744e-01
 2.833e+00 7.9531e-01 7.9531e-01 [ 3.8441e-02 2.7176e-02 3.4248e-01 9.0342e-02 4.2524e-02 2.5435e-01 ] 0.0000e+00 [ 0.0000e+00 ] 2.0469e-01
 2.947e+00 7.9772e-01 7.9772e-01 [ 3.3642e-02 2.4274e-02 3.5155e-01 9.2908e-02 4.2909e-02 2.5243e-01 ] 0.0000e+00 [ 0.0000e+00 ] 2.0228e-01
 3.060e+00 7.9981e-01 7.9981e-01 [ 2.9526e-02 2.1766e-02 3.5949e-01 9.5262e-02 4.3238e-02 2.5053e-01 ] 0.0000e+00 [ 0.0000e+00 ] 2.0019e-01
 3.173e+00 8.0163e-01 8.0163e-01 [ 2.6028e-02 1.9605e-02 3.6634e-01 9.7412e-02 4.3522e-02 2.4872e-01 ] 0.0000e+00 [ 0.0000e+00 ] 1.9837e-01
 3.287e+00 8.0319e-01 8.0319e-01 [ 2.3075e-02 1.7747e-02 3.7219e-01 9.9365e-02 4.3774e-02 2.4704e-01 ] 0.0000e+00 [ 0.0000e+00 ] 1.9681e-01
 3.400e+00 8.0452e-01 8.0452e-01 [ 2.0593e-02 1.6156e-02 3.7708e-01 1.0113e-01 4.4006e-02 2.4555e-01 ] 0.0000e+00 [ 0.0000e+00 ] 1.9548e-01
 3.513e+00 8.0564e-01 8.0564e-01 [ 1.8513e-02 1.4799e-02 3.8109e-01 1.0271e-01 4.4227e-02 2.4429e-01 ] 0.0000e+00 [ 0.0000e+00 ] 1.9436e-01
 3.627e+00 8.0656e-01 8.0656e-01 [ 1.6767e-02 1.3649e-02 3.8427e-01 1.0412e-01 4.4447e-02 2.4331e-01 ] 0.0000e+00 [ 0.0000e+00 ] 1.9344e-01
 3.740e+00 8.0730e-01 8.0730e-01 [ 1.5298e-02 1.2681e-02 3.8666e-01 1.0536e-01 4.4674e-02 2.4262e-01 ] 0.0000e+00 [ 0.0000e+00 ] 1.9270e-01
 3.853e+00 8.0788e-01 8.0788e-01 [ 1.4053e-02 1.1876e-02 3.8832e-01 1.0643e-01 4.4916e-02 2.4228e-01 ] 0.0000e+00 [ 0.0000e+00 ] 1.9212e-01
 3.967e+00 8.0830e-01 8.0830e-01 [ 1.2987e-02 1.1216e-02 3.8927e-01 1.0734e-01 4.5177e-02 2.4231e-01 ] 0.0000e+00 [ 0.0000e+00 ] 1.9170e-01
 4.080e+00 8.0858e-01 8.0858e-01 [ 1.2064e-02 1.0688e-02 3.8954e-01 1.0810e-01 4.5465e-02 2.4273e-01 ] 0.0000e+00 [ 0.0000e+00 ] 1.9142e-01
 4.193e+00 8.0872e-01 8.0872e-01 [ 1.1252e-02 1.0281e-02 3.8914e-01 1.0869e-01 4.5782e-02 2.4358e-01 ] 0.0000e+00 [ 0.0000e+00 ] 1.9128e-01
 4.307e+00 8.0873e-01 8.0873e-01 [ 1.0526e-02 9.9844e-03 3.8808e-01 1.0913e-01 4.6133e-02 2.4488e-01 ] 0.0000e+00 [ 0.0000e+00 ] 1.9127e-01
 4.420e+00 8.0861e-01 8.0861e-01 [ 9.8651e-03 9.7936e-03 3.8635e-01 1.0940e-01 4.6520e-02 2.4668e-01 ] 0.0000e+00 [ 0.0000e+00 ] 1.9139e-01
 4.533e+00 8.0834e-01 8.0834e-01 [ 9.2545e-03 9.7044e-03 3.8393e-01 1.0952e-01 4.6946e-02 2.4900e-01 ] 0.0000e+00 [ 0.0000e+00 ] 1.9166e-01
 4.647e+00 8.0794e-01 8.0794e-01 [ 8.6815e-03 9.7155e-03 3.8079e-01 1.0946e-01 4.7410e-02 2.5188e-01 ] 0.0000e+00 [ 0.0000e+00 ] 1.9206e-01
 4.760e+00 8.0738e-01 8.0738e-01 [ 8.1371e-03 9.8284e-03 3.7690e-01 1.0924e-01 4.7913e-02 2.5536e-01 ] 0.0000e+00 [ 0.0000e+00 ] 1.9262e-01
 4.873e+00 8.0664e-01 8.0664e-01 [ 7.6147e-03 1.0048e-02 3.7219e-01 1.0884e-01 4.8452e-02 2.5949e-01 ] 0.0000e+00 [ 0.0000e+00 ] 1.9336e-01
 4.987e+00 8.0570e-01 8.0570e-01 [ 7.1098e-03 1.0382e-02 3.6660e-01 1.0825e-01 4.9024e-02 2.6433e-01 ] 0.0000e+00 [ 0.0000e+00 ] 1.9430e-01
 5.100e+00 8.0451e-01 8.0451e-01 [ 6.6200e-03 1.0844e-02 3.6004e-01 1.0747e-01 4.9622e-02 2.6991e-01 ] 0.0000e+00 [ 0.0000e+00 ] 1.9549e-01
 5.213e+00 8.0300e-01 8.0300e-01 [ 6.1440e-03 1.1451e-02 3.5241e-01 1.0648e-01 5.0233e-02 2.7629e-01 ] 0.0000e+00 [ 0.0000e+00 ] 1.9700e-01
 5.327e+00 8.0105e-01 8.0105e-01 [ 5.6820e-03 1.2229e-02 3.4355e-01 1.0524e-01 5.0842e-02 2.8350e-01 ] 0.0000e+00 [ 0.0000e+00 ] 1.9895e-01
 5.440e+00 7.9843e-01 7.9843e-01 [ 5.2347e-03 1.3207e-02 3.3330e-01 1.0374e-01 5.1420e-02 2.9153e-01 ] 0.0000e+00 [ 0.0000e+00 ] 2.0157e-01
 5.553e+00 7.9478e-01 7.9478e-01 [ 4.8036e-03 1.4426e-02 3.2142e-01 1.0190e-01 5.1925e-02 3.0031e-01 ] 0.0000e+00 [ 0.0000e+00 ] 2.0522e-01
 5.667e+00 7.8943e-01 7.8943e-01 [ 4.3896e-03 1.5924e-02 3.0759e-01 9.9629e-02 5.2284e-02 3.0961e-01 ] 0.0000e+00 [ 0.0000e+00 ] 2.1057e-01
 5.780e+00 7.8115e-01 7.8115e-01 [ 3.9926e-03 1.7739e-02 2.9135e-01 9.6767e-02 5.2384e-02 3.1892e-01 ] 0.0000e+00 [ 0.0000e+00 ] 2.1885e-01
 5.893e+00 7.6789e-01 7.6789e-01 [ 3.6097e-03 1.9880e-02 2.7207e-01 9.3057e-02 5.2042e-02 3.2723e-01 ] 0.0000e+00 [ 0.0000e+00 ] 2.3211e-01
 6.007e+00 7.4634e-01 7.4634e-01 [ 3.2339e-03 2.2292e-02 2.4898e-01 8.8126e-02 5.0981e-02 3.3273e-01 ] 0.0000e+00 [ 0.0000e+00 ] 2.5366e-01
 6.120e+00 7.1195e-01 7.1195e-01 [ 2.8546e-03 2.4798e-02 2.2135e-01 8.1514e-02 4.8837e-02 3.3260e-01 ] 0.0000e+00 [ 0.0000e+00 ] 2.8805e-01
 6.233e+00 6.6007e-01 6.6007e-01 [ 2.4614e-03 2.7057e-02 1.8905e-01 7.2852e-02 4.5255e-02 3.2339e-01 ] 0.0000e+00 [ 0.0000e+00 ] 3.3993e-01
 6.347e+00 5.8869e-01 5.8869e-01 [ 2.0528e-03 2.8610e-02 1.5336e-01 6.2196e-02 4.0105e-02 3.0236e-01 ] 0.0000e+00 [ 0.0000e+00 ] 4.1131e-01
 6.460e+00 5.0147e-01 5.0147e-01 [ 1.6433e-03 2.9046e-02 1.1726e-01 5.0302e-02 3.3712e-02 2.6950e-01 ] 0.0000e+00 [ 0.0000e+00 ] 4.9853e-01
 6.573e+00 4.0756e-01 4.0756e-01 [ 1.2602e-03 2.8216e-02 8.4419e-02 3.8461e-02 2.6827e-02 2.2838e-01 ] 0.0000e+00 [ 0.0000e+00 ] 5.9244e-01
 6.687e+00 3.1767e-01 3.1767e-01 [ 9.2954e-04 2.6298e-02 5.7560e-02 2.7925e-02 2.0299e-02 1.8465e-01 ] 0.0000e+00 [ 0.0000e+00 ] 6.8233e-01
 6.800e+00 2.3956e-01 2.3956e-01 [ 6.6474e-04 2.3669e-02 3.7545e-02 1.9417e-02 1.4729e-02 1.4353e-01 ] 0.0000e+00 [ 0.0000e+00 ] 7.6044e-01
 6.913e+00 1.7651e-01 1.7651e-01 [ 4.6504e-04 2.0727e-02 2.3692e-02 1.3055e-02 1.0349e-02 1.0822e-01 ] 0.0000e+00 [ 0.0000e+00 ] 8.2349e-01
 7.027e+00 1.2819e-01 1.2819e-01 [ 3.2080e-04 1.7780e-02 1.4612e-02 8.5629e-03 7.1025e-03 7.9807e-02 ] 0.0000e+00 [ 0.0000e+00 ] 8.7181e-01
 7.140e+00 9.2393e-02 9.2393e-02 [ 2.1955e-04 1.5016e-02 8.8842e-03 5.5182e-03 4.7954e-03 5.7960e-02 ] 0.0000e+00 [ 0.0000e+00 ] 9.0761e-01
 7.253e+00 6.6434e-02 6.6434e-02 [ 1.4969e-04 1.2531e-02 5.3607e-03 3.5131e-03 3.2023e-03 4.1677e-02 ] 0.0000e+00 [ 0.0000e+00 ] 9.3357e-01
 7.367e+00 4.7819e-02 4.7819e-02 [ 1.0191e-04 1.0355e-02 3.2269e-03 2.2181e-03 2.1232e-03 2.9794e-02 ] 0.0000e+00 [ 0.0000e+00 ] 9.5218e-01
 7.480e+00 3.4533e-02 3.4533e-02 [ 6.9364e-05 8.4843e-03 1.9456e-03 1.3928e-03 1.4015e-03 2.1240e-02 ] 0.0000e+00 [ 0.0000e+00 ] 9.6547e-01
 7.593e+00 2.5050e-02 2.5050e-02 [ 4.7208e-05 6.8960e-03 1.1786e-03 8.7141e-04 9.2277e-04 1.5134e-02 ] 0.0000e+00 [ 0.0000e+00 ] 9.7495e-01
 7.707e+00 1.8262e-02 1.8262e-02 [ 3.2118e-05 5.5611e-03 7.1924e-04 5.4399e-04 6.0673e-04 1.0799e-02 ] 0.0000e+00 [ 0.0000e+00 ] 9.8174e-01
 7.820e+00 1.3379e-02 1.3379e-02 [ 2.1830e-05 4.4490e-03 4.4295e-04 3.3913e-04 3.9873e-04 7.7273e-03 ] 0.0000e+00 [ 0.0000e+00 ] 9.8662e-01
 7.933e+00 9.8464e-03 9.8464e-03 [ 1.4813e-05 3.5302e-03 2.7570e-04 2.1126e-04 2.6204e-04 5.5523e-03 ] 0.0000e+00 [ 0.0000e+00 ] 9.9015e-01
 8.047e+00 7.2754e-03 7.2754e-03 [ 1.0027e-05 2.7776e-03 1.7360e-04 1.3156e-04 1.7228e-04 4.0104e-03 ] 0.0000e+00 [ 0.0000e+00 ] 9.9272e-01
 8.160e+00 5.3936e-03 5.3936e-03 [ 6.7665e-06 2.1664e-03 1.1063e-04 8.1926e-05 1.1333e-04 2.9145e-03 ] 0.0000e+00 [ 0.0000e+00 ] 9.9461e-01
 8.273e+00 4.0090e-03 4.0090e-03 [ 4.5490e-06 1.6746e-03 7.1344e-05 5.1025e-05 7.4606e-05 2.1330e-03 ] 0.0000e+00 [ 0.0000e+00 ] 9.9599e-01
 8.387e+00 2.9860e-03 2.9860e-03 [ 3.0451e-06 1.2825e-03 4.6543e-05 3.1788e-05 4.9152e-05 1.5730e-03 ] 0.0000e+00 [ 0.0000e+00 ] 9.9701e-01
 8.500e+00 2.2276e-03 2.2276e-03 [ 2.0287e-06 9.7304e-04 3.0687e-05 1.9811e-05 3.2408e-05 1.1697e-03 ] 0.0000e+00 [ 0.0000e+00 ] 9.9777e-01
 8.613e+00 1.6641e-03 1.6641e-03 [ 1.3446e-06 7.3127e-04 2.0427e-05 1.2352e-05 2.1385e-05 8.7727e-04 ] 0.0000e+00 [ 0.0000e+00 ] 9.9834e-01
 8.727e+00 1.2446e-03 1.2446e-03 [ 8.8640e-07 5.4432e-04 1.3709e-05 7.7047e-06 1.4123e-05 6.6383e-04 ] 0.0000e+00 [ 0.0000e+00 ] 9.9876e-01
 8.840e+00 9.3208e-04 9.3208e-04 [ 5.8100e-07 4.0127e-04 9.2637e-06 4.8083e-06 9.3331e-06 5.0682e-04 ] 0.0000e+00 [ 0.0000e+00 ] 9.9907e-01
 8.953e+00 6.9919e-04 6.9919e-04 [ 3.7858e-07 2.9297e-04 6.2940e-06 3.0023e-06 6.1722e-06 3.9037e-04 ] 0.0000e+00 [ 0.0000e+00 ] 9.9930e-01
 9.067e+00 5.2560e-04 5.2560e-04 [ 2.4520e-07 2.1186e-04 4.2941e-06 1.8756e-06 4.0844e-06 3.0325e-04 ] 0.0000e+00 [ 0.0000e+00 ] 9.9947e-01
 9.180e+00 3.9620e-04 3.9620e-04 [ 1.5783e-07 1.5174e-04 2.9384e-06 1.1723e-06 2.7044e-06 2.3749e-04 ] 0.0000e+00 [ 0.0000e+00 ] 9.9960e-01
 9.293e+00 2.9970e-04 2.9970e-04 [ 1.0096e-07 1.0765e-04 2.0145e-06 7.3314e-07 1.7915e-06 1.8741e-04 ] 0.0000e+00 [ 0.0000e+00 ] 9.9970e-01
 9.407e+00 2.2768e-04 2.2768e-04 [ 6.4170e-08 7.5661e-05 1.3825e-06 4.5874e-07 1.1874e-06 1.4892e-04 ] 0.0000e+00 [ 0.0000e+00 ] 9.9977e-01
 9.520e+00 1.7385e-04 1.7385e-04 [ 4.0528e-08 5.2686e-05 9.4889e-07 2.8719e-07 7.8729e-07 1.1910e-04 ] 0.0000e+00 [ 0.0000e+00 ] 9.9983e-01
 9.633e+00 1.3352e-04 1.3352e-04 [ 2.5432e-08 3.6354e-05 6.5100e-07 1.7990e-07 5.2220e-07 9.5791e-05 ] 0.0000e+00 [ 0.0000e+00 ] 9.9987e-01
 9.747e+00 1.0322e-04 1.0322e-04 [ 1.5857e-08 2.4861e-05 4.4618e-07 1.1275e-07 3.4646e-07 7.7436e-05 ] 0.0000e+00 [ 0.0000e+00 ] 9.9990e-01
 9.860e+00 8.0343e-05 8.0343e-05 [ 9.8235e-09 1.6852e-05 3.0536e-07 7.0706e-08 2.2992e-07 6.2876e-05 ] 0.0000e+00 [ 0.0000e+00 ] 9.9992e-01
 9.973e+00 6.2987e-05 6.2987e-05 [ 6.0466e-09 1.1325e-05 2.0861e-07 4.4365e-08 1.5262e-07 5.1250e-05 ] 0.0000e+00 [ 0.0000e+00 ] 9.9994e-01
 1.009e+01 4.9735e-05 4.9735e-05 [ 3.6980e-09 7.5465e-06 1.4221e-07 2.7854e-08 1.0131e-07 4.1914e-05 ] 0.0000e+00 [ 0.0000e+00 ] 9.9995e-01
 1.020e+01 3.9547e-05 3.9547e-05 [ 2.2472e-09 4.9875e-06 9.6726e-08 1.7498e-08 6.7264e-08 3.4376e-05 ] 0.0000e+00 [ 0.0000e+00 ] 9.9996e-01
 1.031e+01 3.1655e-05 3.1655e-05 [ 1.3569e-09 3.2699e-06 6.5623e-08 1.0999e-08 4.4660e-08 2.8262e-05 ] 0.0000e+00 [ 0.0000e+00 ] 9.9997e-01
 1.043e+01 2.5493e-05 2.5493e-05 [ 8.1408e-10 2.1271e-06 4.4404e-08 6.9183e-09 2.9652e-08 2.3284e-05 ] 0.0000e+00 [ 0.0000e+00 ] 9.9997e-01
 1.054e+01 2.0643e-05 2.0643e-05 [ 4.8534e-10 1.3732e-06 2.9964e-08 4.3543e-09 1.9687e-08 1.9216e-05 ] 0.0000e+00 [ 0.0000e+00 ] 9.9998e-01
 1.065e+01 1.6798e-05 1.6798e-05 [ 2.8753e-10 8.8000e-07 2.0163e-08 2.7423e-09 1.3070e-08 1.5881e-05 ] 0.0000e+00 [ 0.0000e+00 ] 9.9998e-01
 1.077e+01 1.3726e-05 1.3726e-05 [ 1.6928e-10 5.5993e-07 1.3528e-08 1.7283e-09 8.6762e-09 1.3142e-05 ] 0.0000e+00 [ 0.0000e+00 ] 9.9999e-01
 1.088e+01 1.1256e-05 1.1256e-05 [ 9.9037e-11 3.5383e-07 9.0504e-09 1.0900e-09 5.7587e-09 1.0886e-05 ] 0.0000e+00 [ 0.0000e+00 ] 9.9999e-01
 1.099e+01 9.2578e-06 9.2578e-06 [ 5.7585e-11 2.2211e-07 6.0369e-09 6.8787e-10 3.8216e-09 9.0251e-06 ] 0.0000e+00 [ 0.0000e+00 ] 9.9999e-01
 1.111e+01 7.6332e-06 7.6332e-06 [ 3.3276e-11 1.3853e-07 4.0149e-09 4.3443e-10 2.5357e-09 7.4876e-06 ] 0.0000e+00 [ 0.0000e+00 ] 9.9999e-01
 1.122e+01 6.3063e-06 6.3063e-06 [ 1.9112e-11 8.5875e-08 2.6622e-09 2.7457e-10 1.6821e-09 6.2157e-06 ] 0.0000e+00 [ 0.0000e+00 ] 9.9999e-01
 1.133e+01 5.2184e-06 5.2184e-06 [ 1.0910e-11 5.2920e-08 1.7600e-09 1.7367e-10 1.1156e-09 5.1625e-06 ] 0.0000e+00 [ 0.0000e+00 ] 9.9999e-01
 1.145e+01 4.3238e-06 4.3238e-06 [ 6.1904e-12 3.2427e-08 1.1601e-09 1.0993e-10 7.3969e-10 4.2894e-06 ] 0.0000e+00 [ 0.0000e+00 ] 1.0000e+00
 1.156e+01 3.5863e-06 3.5863e-06 [ 3.4914e-12 1.9763e-08 7.6247e-10 6.9642e-11 4.9032e-10 3.5652e-06 ] 0.0000e+00 [ 0.0000e+00 ] 1.0000e+00
 1.167e+01 2.9770e-06 2.9770e-06 [ 1.9575e-12 1.1983e-08 4.9965e-10 4.4153e-11 3.2494e-10 2.9641e-06 ] 0.0000e+00 [ 0.0000e+00 ] 1.0000e+00
 1.179e+01 2.4727e-06 2.4727e-06 [ 1.0910e-12 7.2301e-09 3.2647e-10 2.8016e-11 2.1528e-10 2.4649e-06 ] 0.0000e+00 [ 0.0000e+00 ] 1.0000e+00
 1.190e+01 2.0549e-06 2.0549e-06 [ 6.0445e-13 4.3421e-09 2.1270e-10 1.7792e-11 1.4258e-10 2.0502e-06 ] 0.0000e+00 [ 0.0000e+00 ] 1.0000e+00
 1.201e+01 1.7084e-06 1.7084e-06 [ 3.3295e-13 2.5961e-09 1.3818e-10 1.1308e-11 9.4407e-11 1.7055e-06 ] 0.0000e+00 [ 0.0000e+00 ] 1.0000e+00
 1.213e+01 1.4207e-06 1.4207e-06 [ 1.8234e-13 1.5457e-09 8.9519e-11 7.1937e-12 6.2490e-11 1.4190e-06 ] 0.0000e+00 [ 0.0000e+00 ] 1.0000e+00
 1.224e+01 1.1817e-06 1.1817e-06 [ 9.9281e-14 9.1671e-10 5.7830e-11 4.5801e-12 4.1351e-11 1.1807e-06 ] 0.0000e+00 [ 0.0000e+00 ] 1.0000e+00
 1.235e+01 9.8314e-07 9.8314e-07 [ 5.3749e-14 5.4163e-10 3.7255e-11 2.9186e-12 2.7354e-11 9.8253e-07 ] 0.0000e+00 [ 0.0000e+00 ] 1.0000e+00
 1.247e+01 8.1804e-07 8.1804e-07 [ 2.8934e-14 3.1889e-10 2.3934e-11 1.8615e-12 1.8090e-11 8.1768e-07 ] 0.0000e+00 [ 0.0000e+00 ] 1.0000e+00
 1.258e+01 6.8074e-07 6.8074e-07 [ 1.5488e-14 1.8712e-10 1.5335e-11 1.1883e-12 1.1959e-11 6.8053e-07 ] 0.0000e+00 [ 0.0000e+00 ] 1.0000e+00
 1.269e+01 5.6654e-07 5.6654e-07 [ 8.2447e-15 1.0946e-10 9.7990e-12 7.5921e-13 7.9042e-12 5.6641e-07 ] 0.0000e+00 [ 0.0000e+00 ] 1.0000e+00
 1.281e+01 4.7152e-07 4.7152e-07 [ 4.3645e-15 6.3843e-11 6.2449e-12 4.8549e-13 5.2224e-12 4.7145e-07 ] 0.0000e+00 [ 0.0000e+00 ] 1.0000e+00
 1.292e+01 3.9246e-07 3.9246e-07 [ 2.2978e-15 3.7133e-11 3.9695e-12 3.1073e-13 3.4495e-12 3.9242e-07 ] 0.0000e+00 [ 0.0000e+00 ] 1.0000e+00
 1.303e+01 3.2668e-07 3.2668e-07 [ 1.2031e-15 2.1541e-11 2.5167e-12 1.9905e-13 2.2778e-12 3.2665e-07 ] 0.0000e+00 [ 0.0000e+00 ] 1.0000e+00
 1.315e+01 2.7192e-07 2.7192e-07 [ 6.2658e-16 1.2466e-11 1.5915e-12 1.2761e-13 1.5037e-12 2.7191e-07 ] 0.0000e+00 [ 0.0000e+00 ] 1.0000e+00
 1.326e+01 2.2635e-07 2.2635e-07 [ 3.2457e-16 7.1967e-12 1.0039e-12 8.1885e-14 9.9235e-13 2.2635e-07 ] 0.0000e+00 [ 0.0000e+00 ] 1.0000e+00
 1.337e+01 1.8843e-07 1.8843e-07 [ 1.6724e-16 4.1457e-12 6.3170e-13 5.2586e-14 6.5473e-13 1.8842e-07 ] 0.0000e+00 [ 0.0000e+00 ] 1.0000e+00
 1.349e+01 1.5685e-07 1.5685e-07 [ 8.5718e-17 2.3831e-12 3.9652e-13 3.3797e-14 4.3186e-13 1.5685e-07 ] 0.0000e+00 [ 0.0000e+00 ] 1.0000e+00
 1.360e+01 1.3058e-07 1.3058e-07 [ 4.3707e-17 1.3672e-12 2.4829e-13 2.1739e-14 2.8479e-13 1.3057e-07 ] 0.0000e+00 [ 0.0000e+00 ] 1.0000e+00
 1.371e+01 1.0870e-07 1.0870e-07 [ 2.2171e-17 7.8286e-13 1.5511e-13 1.3993e-14 1.8775e-13 1.0870e-07 ] 0.0000e+00 [ 0.0000e+00 ] 1.0000e+00
 1.383e+01 9.0491e-08 9.0491e-08 [ 1.1189e-17 4.4745e-13 9.6670e-14 9.0143e-15 1.2375e-13 9.0490e-08 ] 0.0000e+00 [ 0.0000e+00 ] 1.0000e+00
 1.394e+01 7.5332e-08 7.5332e-08 [ 5.6186e-18 2.5529e-13 6.0110e-14 5.8110e-15 8.1548e-14 7.5332e-08 ] 0.0000e+00 [ 0.0000e+00 ] 1.0000e+00
 1.405e+01 6.2713e-08 6.2713e-08 [ 2.8072e-18 1.4540e-13 3.7292e-14 3.7486e-15 5.3726e-14 6.2713e-08 ] 0.0000e+00 [ 0.0000e+00 ] 1.0000e+00
 1.417e+01 5.2208e-08 5.2208e-08 [ 1.3957e-18 8.2681e-14 2.3084e-14 2.4197e-15 3.5389e-14 5.2208e-08 ] 0.0000e+00 [ 0.0000e+00 ] 1.0000e+00
 1.428e+01 4.3463e-08 4.3463e-08 [ 6.9049e-19 4.6938e-14 1.4258e-14 1.5629e-15 2.3306e-14 4.3463e-08 ] 0.0000e+00 [ 0.0000e+00 ] 1.0000e+00
 1.439e+01 3.6183e-08 3.6183e-08 [ 3.3996e-19 2.6605e-14 8.7877e-15 1.0101e-15 1.5345e-14 3.6183e-08 ] 0.0000e+00 [ 0.0000e+00 ] 1.0000e+00
 1.451e+01 3.0123e-08 3.0123e-08 [ 1.6658e-19 1.5056e-14 5.4046e-15 6.5315e-16 1.0102e-14 3.0123e-08 ] 0.0000e+00 [ 0.0000e+00 ] 1.0000e+00
 1.462e+01 2.5077e-08 2.5077e-08 [ 8.1239e-20 8.5077e-15 3.3170e-15 4.2257e-16 6.6491e-15 2.5077e-08 ] 0.0000e+00 [ 0.0000e+00 ] 1.0000e+00
 1.473e+01 2.0877e-08 2.0877e-08 [ 3.9435e-20 4.8000e-15 2.0316e-15 2.7352e-16 4.3758e-15 2.0877e-08 ] 0.0000e+00 [ 0.0000e+00 ] 1.0000e+00
 1.485e+01 1.7380e-08 1.7380e-08 [ 1.9054e-20 2.7041e-15 1.2419e-15 1.7713e-16 2.8792e-15 1.7380e-08 ] 0.0000e+00 [ 0.0000e+00 ] 1.0000e+00
 1.496e+01 1.4469e-08 1.4469e-08 [ 9.1649e-21 1.5211e-15 7.5762e-16 1.1475e-16 1.8942e-15 1.4469e-08 ] 0.0000e+00 [ 0.0000e+00 ] 1.0000e+00
 1.507e+01 1.2046e-08 1.2046e-08 [ 4.3885e-21 8.5433e-16 4.6130e-16 7.4365e-17 1.2460e-15 1.2046e-08 ] 0.0000e+00 [ 0.0000e+00 ] 1.0000e+00
 1.519e+01 1.0028e-08 1.0028e-08 [ 2.0921e-21 4.7913e-16 2.8035e-16 4.8210e-17 8.1954e-16 1.0028e-08 ] 0.0000e+00 [ 0.0000e+00 ] 1.0000e+00
 1.530e+01 8.3486e-09 8.3486e-09 [ 9.9300e-22 2.6831e-16 1.7007e-16 3.1263e-17 5.3896e-16 8.3486e-09 ] 0.0000e+00 [ 0.0000e+00 ] 1.0000e+00
 1.541e+01 6.9503e-09 6.9503e-09 [ 4.6930e-22 1.5003e-16 1.0298e-16 2.0279e-17 3.5440e-16 6.9503e-09 ] 0.0000e+00 [ 0.0000e+00 ] 1.0000e+00
 1.553e+01 5.7863e-09 5.7863e-09 [ 2.2086e-22 8.3764e-17 6.2245e-17 1.3157e-17 2.3301e-16 5.7863e-09 ] 0.0000e+00 [ 0.0000e+00 ] 1.0000e+00
 1.564e+01 4.8172e-09 4.8172e-09 [ 1.0351e-22 4.6697e-17 3.7559e-17 8.5373e-18 1.5319e-16 4.8172e-09 ] 0.0000e+00 [ 0.0000e+00 ] 1.0000e+00
 1.575e+01 4.0104e-09 4.0104e-09 [ 4.8309e-23 2.5994e-17 2.2625e-17 5.5407e-18 1.0070e-16 4.0104e-09 ] 0.0000e+00 [ 0.0000e+00 ] 1.0000e+00
 1.587e+01 3.3387e-09 3.3387e-09 [ 2.2456e-23 1.4448e-17 1.3607e-17 3.5963e-18 6.6189e-17 3.3387e-09 ] 0.0000e+00 [ 0.0000e+00 ] 1.0000e+00
 1.598e+01 2.7795e-09 2.7795e-09 [ 1.0397e-23 8.0181e-18 8.1701e-18 2.3344e-18 4.3502e-17 2.7795e-09 ] 0.0000e+00 [ 0.0000e+00 ] 1.0000e+00
 1.609e+01 2.3140e-09 2.3140e-09 [ 4.7953e-24 4.4431e-18 4.8979e-18 1.5154e-18 2.8588e-17 2.3140e-09 ] 0.0000e+00 [ 0.0000e+00 ] 1.0000e+00
 1.621e+01 1.9264e-09 1.9264e-09 [ 2.2031e-24 2.4583e-18 2.9318e-18 9.8369e-19 1.8786e-17 1.9264e-09 ] 0.0000e+00 [ 0.0000e+00 ] 1.0000e+00
 1.632e+01 1.6038e-09 1.6038e-09 [ 1.0084e-24 1.3581e-18 1.7523e-18 6.3855e-19 1.2344e-17 1.6038e-09 ] 0.0000e+00 [ 0.0000e+00 ] 1.0000e+00
 1.643e+01 1.3352e-09 1.3352e-09 [ 4.5985e-25 7.4912e-19 1.0459e-18 4.1448e-19 8.1103e-18 1.3352e-09 ] 0.0000e+00 [ 0.0000e+00 ] 1.0000e+00
 1.655e+01 1.1116e-09 1.1116e-09 [ 2.0894e-25 4.1258e-19 6.2334e-19 2.6901e-19 5.3283e-18 1.1116e-09 ] 0.0000e+00 [ 0.0000e+00 ] 1.0000e+00
 1.666e+01 9.2541e-10 9.2541e-10 [ 9.4597e-26 2.2688e-19 3.7101e-19 1.7458e-19 3.5003e-18 9.2541e-10 ] 0.0000e+00 [ 0.0000e+00 ] 1.0000e+00
 1.677e+01 7.7042e-10 7.7042e-10 [ 4.2679e-26 1.2457e-19 2.2054e-19 1.1328e-19 2.2993e-18 7.7042e-10 ] 0.0000e+00 [ 0.0000e+00 ] 1.0000e+00
 1.689e+01 6.4139e-10 6.4139e-10 [ 1.9190e-26 6.8294e-20 1.3092e-19 7.3495e-20 1.5103e-18 6.4139e-10 ] 0.0000e+00 [ 0.0000e+00 ] 1.0000e+00
 1.700e+01 5.3397e-10 5.3397e-10 [ 8.5995e-27 3.7382e-20 7.7629e-20 4.7673e-20 9.9194e-19 5.3397e-10 ] 0.0000e+00 [ 0.0000e+00 ] 1.0000e+00
 1.711e+01 4.4454e-10 4.4454e-10 [ 3.8410e-27 2.0431e-20 4.5974e-20 3.0917e-20 6.5146e-19 4.4454e-10 ] 0.0000e+00 [ 0.0000e+00 ] 1.0000e+00
 1.723e+01 3.7009e-10 3.7009e-10 [ 1.7101e-27 1.1149e-20 2.7196e-20 2.0045e-20 4.2782e-19 3.7009e-10 ] 0.0000e+00 [ 0.0000e+00 ] 1.0000e+00
 1.734e+01 3.0811e-10 3.0811e-10 [ 7.5900e-28 6.0743e-21 1.6070e-20 1.2993e-20 2.8093e-19 3.0811e-10 ] 0.0000e+00 [ 0.0000e+00 ] 1.0000e+00
 1.745e+01 2.5651e-10 2.5651e-10 [ 3.3583e-28 3.3044e-21 9.4853e-21 8.4200e-21 1.8447e-19 2.5651e-10 ] 0.0000e+00 [ 0.0000e+00 ] 1.0000e+00
 1.757e+01 2.1355e-10 2.1355e-10 [ 1.4814e-28 1.7949e-21 5.5931e-21 5.4547e-21 1.2112e-19 2.1355e-10 ] 0.0000e+00 [ 0.0000e+00 ] 1.0000e+00
 1.768e+01 1.7779e-10 1.7779e-10 [ 6.5159e-29 9.7340e-22 3.2948e-21 3.5327e-21 7.9518e-20 1.7779e-10 ] 0.0000e+00 [ 0.0000e+00 ] 1.0000e+00
 1.779e+01 1.4801e-10 1.4801e-10 [ 2.8577e-29 5.2709e-22 1.9390e-21 2.2871e-21 5.2202e-20 1.4801e-10 ] 0.0000e+00 [ 0.0000e+00 ] 1.0000e+00
 1.791e+01 1.2322e-10 1.2322e-10 [ 1.2498e-29 2.8498e-22 1.1401e-21 1.4803e-21 3.4268e-20 1.2322e-10 ] 0.0000e+00 [ 0.0000e+00 ] 1.0000e+00
 1.802e+01 1.0259e-10 1.0259e-10 [ 5.4507e-30 1.5384e-22 6.6978e-22 9.5770e-22 2.2494e-20 1.0259e-10 ] 0.0000e+00 [ 0.0000e+00 ] 1.0000e+00
 1.813e+01 8.5405e-11 8.5405e-11 [ 2.3709e-30 8.2923e-23 3.9315e-22 6.1938e-22 1.4764e-20 8.5405e-11 ] 0.0000e+00 [ 0.0000e+00 ] 1.0000e+00
 1.825e+01 7.1102e-11 7.1102e-11 [ 1.0286e-30 4.4628e-23 2.3059e-22 4.0043e-22 9.6895e-21 7.1102e-11 ] 0.0000e+00 [ 0.0000e+00 ] 1.0000e+00
 1.836e+01 5.9194e-11 5.9194e-11 [ 4.4507e-31 2.3982e-23 1.3514e-22 2.5878e-22 6.3589e-21 5.9194e-11 ] 0.0000e+00 [ 0.0000e+00 ] 1.0000e+00
 1.847e+01 4.9281e-11 4.9281e-11 [ 1.9211e-31 1.2867e-23 7.9146e-23 1.6717e-22 4.1728e-21 4.9281e-11 ] 0.0000e+00 [ 0.0000e+00 ] 1.0000e+00
 1.859e+01 4.1028e-11 4.1028e-11 [ 8.2717e-32 6.8936e-24 4.6320e-23 1.0795e-22 2.7380e-21 4.1028e-11 ] 0.0000e+00 [ 0.0000e+00 ] 1.0000e+00
 1.870e+01 3.4157e-11 3.4157e-11 [ 3.5531e-32 3.6876e-24 2.7091e-23 6.9679e-23 1.7965e-21 3.4157e-11 ] 0.0000e+00 [ 0.0000e+00 ] 1.0000e+00
 1.881e+01 2.8436e-11 2.8436e-11 [ 1.5226e-32 1.9697e-24 1.5835e-23 4.4957e-23 1.1786e-21 2.8436e-11 ] 0.0000e+00 [ 0.0000e+00 ] 1.0000e+00
 1.893e+01 2.3674e-11 2.3674e-11 [ 6.5102e-33 1.0505e-24 9.2502e-24 2.8995e-23 7.7322e-22 2.3674e-11 ] 0.0000e+00 [ 0.0000e+00 ] 1.0000e+00
 1.904e+01 1.9709e-11 1.9709e-11 [ 2.7773e-33 5.5941e-25 5.4006e-24 1.8692e-23 5.0722e-22 1.9709e-11 ] 0.0000e+00 [ 0.0000e+00 ] 1.0000e+00
 1.915e+01 1.6408e-11 1.6408e-11 [ 1.1822e-33 2.9746e-25 3.1514e-24 1.2045e-23 3.3271e-22 1.6408e-11 ] 0.0000e+00 [ 0.0000e+00 ] 1.0000e+00
 1.927e+01 1.3661e-11 1.3661e-11 [ 5.0215e-34 1.5793e-25 1.8381e-24 7.7581e-24 2.1823e-22 1.3661e-11 ] 0.0000e+00 [ 0.0000e+00 ] 1.0000e+00
 1.938e+01 1.1373e-11 1.1373e-11 [ 2.1285e-34 8.3731e-26 1.0715e-24 4.9949e-24 1.4314e-22 1.1373e-11 ] 0.0000e+00 [ 0.0000e+00 ] 1.0000e+00
 1.949e+01 9.4681e-12 9.4681e-12 [ 9.0035e-35 4.4326e-26 6.2441e-25 3.2144e-24 9.3878e-23 9.4681e-12 ] 0.0000e+00 [ 0.0000e+00 ] 1.0000e+00
 1.961e+01 7.8825e-12 7.8825e-12 [ 3.8008e-35 2.3431e-26 3.6371e-25 2.0677e-24 6.1570e-23 7.8825e-12 ] 0.0000e+00 [ 0.0000e+00 ] 1.0000e+00
 1.972e+01 6.5624e-12 6.5624e-12 [ 1.6013e-35 1.2367e-26 2.1177e-25 1.3295e-24 4.0381e-23 6.5624e-12 ] 0.0000e+00 [ 0.0000e+00 ] 1.0000e+00
 1.983e+01 5.4634e-12 5.4634e-12 [ 6.7336e-36 6.5184e-27 1.2326e-25 8.5449e-25 2.6484e-23 5.4634e-12 ] 0.0000e+00 [ 0.0000e+00 ] 1.0000e+00
 1.995e+01 4.5484e-12 4.5484e-12 [ 2.8261e-36 3.4306e-27 7.1720e-26 5.4895e-25 1.7370e-23 4.5484e-12 ] 0.0000e+00 [ 0.0000e+00 ] 1.0000e+00
 2.006e+01 3.7867e-12 3.7867e-12 [ 1.1839e-36 1.8029e-27 4.1717e-26 3.5251e-25 1.1394e-23 3.7867e-12 ] 0.0000e+00 [ 0.0000e+00 ] 1.0000e+00
 2.017e+01 3.1525e-12 3.1525e-12 [ 4.9506e-37 9.4614e-28 2.4259e-26 2.2626e-25 7.4746e-24 3.1525e-12 ] 0.0000e+00 [ 0.0000e+00 ] 1.0000e+00
 2.029e+01 2.6245e-12 2.6245e-12 [ 2.0664e-37 4.9580e-28 1.4103e-26 1.4517e-25 4.9042e-24 2.6245e-12 ] 0.0000e+00 [ 0.0000e+00 ] 1.0000e+00
 2.040e+01 2.1850e-12 2.1850e-12 [ 8.6098e-38 2.5944e-28 8.1964e-27 9.3103e-26 3.2184e-24 2.1850e-12 ] 0.0000e+00 [ 0.0000e+00 ] 1.0000e+00
 2.051e+01 1.8191e-12 1.8191e-12 [ 3.5811e-38 1.3557e-28 4.7627e-27 5.9685e-26 2.1128e-24 1.8191e-12 ] 0.0000e+00 [ 0.0000e+00 ] 1.0000e+00
 2.063e+01 1.5144e-12 1.5144e-12 [ 1.4870e-38 7.0737e-29 2.7668e-27 3.8246e-26 1.3875e-24 1.5144e-12 ] 0.0000e+00 [ 0.0000e+00 ] 1.0000e+00
 2.074e+01 1.2608e-12 1.2608e-12 [ 6.1638e-39 3.6858e-29 1.6070e-27 2.4498e-26 9.1158e-25 1.2608e-12 ] 0.0000e+00 [ 0.0000e+00 ] 1.0000e+00
 2.085e+01 1.0496e-12 1.0496e-12 [ 2.5508e-39 1.9178e-29 9.3324e-28 1.5686e-26 5.9928e-25 1.0496e-12 ] 0.0000e+00 [ 0.0000e+00 ] 1.0000e+00
 2.097e+01 8.7384e-13 8.7384e-13 [ 1.0539e-39 9.9644e-30 5.4186e-28 1.0040e-26 3.9427e-25 8.7384e-13 ] 0.0000e+00 [ 0.0000e+00 ] 1.0000e+00
 2.108e+01 7.2749e-13 7.2749e-13 [ 4.3471e-40 5.1701e-30 3.1457e-28 6.4235e-27 2.5963e-25 7.2749e-13 ] 0.0000e+00 [ 0.0000e+00 ] 1.0000e+00
 2.119e+01 6.0565e-13 6.0565e-13 [ 1.7902e-40 2.6788e-30 1.8260e-28 4.1082e-27 1.7116e-25 6.0565e-13 ] 0.0000e+00 [ 0.0000e+00 ] 1.0000e+00
 2.131e+01 5.0422e-13 5.0422e-13 [ 7.3611e-41 1.3860e-30 1.0598e-28 2.6266e-27 1.1299e-25 5.0422e-13 ] 0.0000e+00 [ 0.0000e+00 ] 1.0000e+00
 2.142e+01 4.1977e-13 4.1977e-13 [ 3.0220e-41 7.1616e-31 6.1499e-29 1.6787e-27 7.4713e-26 4.1977e-13 ] 0.0000e+00 [ 0.0000e+00 ] 1.0000e+00
 2.153e+01 3.4947e-13 3.4947e-13 [ 1.2388e-41 3.6953e-31 3.5685e-29 1.0725e-27 4.9499e-26 3.4947e-13 ] 0.0000e+00 [ 0.0000e+00 ] 1.0000e+00
 2.165e+01 2.9094e-13 2.9094e-13 [ 5.0700e-42 1.9040e-31 2.0705e-29 6.8504e-28 3.2871e-26 2.9094e-13 ] 0.0000e+00 [ 0.0000e+00 ] 1.0000e+00
 2.176e+01 2.4221e-13 2.4221e-13 [ 2.0720e-42 9.7975e-32 1.2012e-29 4.3742e-28 2.1889e-26 2.4221e-13 ] 0.0000e+00 [ 0.0000e+00 ] 1.0000e+00
 2.187e+01 2.0164e-13 2.0164e-13 [ 8.4549e-43 5.0345e-32 6.9684e-30 2.7923e-28 1.4623e-26 2.0164e-13 ] 0.0000e+00 [ 0.0000e+00 ] 1.0000e+00
 2.199e+01 1.6787e-13 1.6787e-13 [ 3.4451e-43 2.5834e-32 4.0422e-30 1.7820e-28 9.8049e-27 1.6787e-13 ] 0.0000e+00 [ 0.0000e+00 ] 1.0000e+00
 2.210e+01 1.3975e-13 1.3975e-13 [ 1.4017e-43 1.3239e-32 2.3447e-30 1.1371e-28 6.6028e-27 1.3975e-13 ] 0.0000e+00 [ 0.0000e+00 ] 1.0000e+00
 2.221e+01 1.1634e-13 1.1634e-13 [ 5.6949e-44 6.7751e-33 1.3600e-30 7.2537e-29 4.4681e-27 1.1634e-13 ] 0.0000e+00 [ 0.0000e+00 ] 1.0000e+00
 2.233e+01 9.6857e-14 9.6857e-14 [ 2.3104e-44 3.4625e-33 7.8877e-31 4.6267e-29 3.0402e-27 9.6857e-14 ] 0.0000e+00 [ 0.0000e+00 ] 1.0000e+00
 2.244e+01 8.0634e-14 8.0634e-14 [ 9.3604e-45 1.7671e-33 4.5746e-31 2.9508e-29 2.0813e-27 8.0634e-14 ] 0.0000e+00 [ 0.0000e+00 ] 1.0000e+00
 2.255e+01 6.7128e-14 6.7128e-14 [ 3.7869e-45 9.0068e-34 2.6531e-31 1.8818e-29 1.4343e-27 6.7128e-14 ] 0.0000e+00 [ 0.0000e+00 ] 1.0000e+00
 2.267e+01 5.5884e-14 5.5884e-14 [ 1.5299e-45 4.5844e-34 1.5387e-31 1.2001e-29 9.9564e-28 5.5884e-14 ] 0.0000e+00 [ 0.0000e+00 ] 1.0000e+00
 2.278e+01 4.6523e-14 4.6523e-14 [ 6.1726e-46 2.3303e-34 8.9233e-32 7.6538e-30 6.9646e-28 4.6523e-14 ] 0.0000e+00 [ 0.0000e+00 ] 1.0000e+00
 2.289e+01 3.8730e-14 3.8730e-14 [ 2.4870e-46 1.1829e-34 5.1749e-32 4.8819e-30 4.9110e-28 3.8730e-14 ] 0.0000e+00 [ 0.0000e+00 ] 1.0000e+00
 2.301e+01 3.2242e-14 3.2242e-14 [ 1.0007e-46 5.9969e-35 3.0011e-32 3.1146e-30 3.4918e-28 3.2242e-14 ] 0.0000e+00 [ 0.0000e+00 ] 1.0000e+00
 2.312e+01 2.6841e-14 2.6841e-14 [ 4.0209e-47 3.0361e-35 1.7404e-32 1.9877e-30 2.5035e-28 2.6841e-14 ] 0.0000e+00 [ 0.0000e+00 ] 1.0000e+00
 2.323e+01 2.2345e-14 2.2345e-14 [ 1.6135e-47 1.5350e-35 1.0093e-32 1.2691e-30 1.8099e-28 2.2345e-14 ] 0.0000e+00 [ 0.0000e+00 ] 1.0000e+00
 2.335e+01 1.8601e-14 1.8601e-14 [ 6.4665e-48 7.7509e-36 5.8536e-33 8.1073e-31 1.3191e-28 1.8601e-14 ] 0.0000e+00 [ 0.0000e+00 ] 1.0000e+00
 2.346e+01 1.5485e-14 1.5485e-14 [ 2.5882e-48 3.9084e-36 3.3948e-33 5.1830e-31 9.6884e-29 1.5485e-14 ] 0.0000e+00 [ 0.0000e+00 ] 1.0000e+00
 2.357e+01 1.2891e-14 1.2891e-14 [ 1.0346e-48 1.9683e-36 1.9689e-33 3.3166e-31 7.1684e-29 1.2891e-14 ] 0.0000e+00 [ 0.0000e+00 ] 1.0000e+00
 2.369e+01 1.0731e-14 1.0731e-14 [ 4.1302e-49 9.8989e-37 1.1419e-33 2.1247e-31 5.3400e-29 1.0731e-14 ] 0.0000e+00 [ 0.0000e+00 ] 1.0000e+00
 2.380e+01 8.9332e-15 8.9332e-15 [ 1.6468e-49 4.9719e-37 6.6232e-34 1.3630e-31 4.0027e-29 8.9332e-15 ] 0.0000e+00 [ 0.0000e+00 ] 1.0000e+00
 2.391e+01 7.4365e-15 7.4365e-15 [ 6.5576e-50 2.4939e-37 3.8417e-34 8.7587e-32 3.0171e-29 7.4365e-15 ] 0.0000e+00 [ 0.0000e+00 ] 1.0000e+00
 2.403e+01 6.1905e-15 6.1905e-15 [ 2.6080e-50 1.2493e-37 2.2284e-34 5.6396e-32 2.2855e-29 6.1905e-15 ] 0.0000e+00 [ 0.0000e+00 ] 1.0000e+00
 2.414e+01 5.1532e-15 5.1532e-15 [ 1.0360e-50 6.2502e-38 1.2927e-34 3.6400e-32 1.7389e-29 5.1532e-15 ] 0.0000e+00 [ 0.0000e+00 ] 1.0000e+00
 2.425e+01 4.2897e-15 4.2897e-15 [ 4.1100e-51 3.1228e-38 7.4990e-35 2.3560e-32 1.3280e-29 4.2897e-15 ] 0.0000e+00 [ 0.0000e+00 ] 1.0000e+00
 2.437e+01 3.5709e-15 3.5709e-15 [ 1.6286e-51 1.5582e-38 4.3507e-35 1.5300e-32 1.0176e-29 3.5709e-15 ] 0.0000e+00 [ 0.0000e+00 ] 1.0000e+00
 2.448e+01 2.9724e-15 2.9724e-15 [ 6.4456e-52 7.7651e-39 2.5243e-35 9.9730e-33 7.8181e-30 2.9724e-15 ] 0.0000e+00 [ 0.0000e+00 ] 1.0000e+00
 2.459e+01 2.4743e-15 2.4743e-15 [ 2.5479e-52 3.8646e-39 1.4647e-35 6.5293e-33 6.0208e-30 2.4743e-15 ] 0.0000e+00 [ 0.0000e+00 ] 1.0000e+00
 2.471e+01 2.0596e-15 2.0596e-15 [ 1.0060e-52 1.9208e-39 8.4999e-36 4.2958e-33 4.6455e-30 2.0596e-15 ] 0.0000e+00 [ 0.0000e+00 ] 1.0000e+00
 2.482e+01 1.7144e-15 1.7144e-15 [ 3.9673e-53 9.5349e-40 4.9330e-36 2.8420e-33 3.5901e-30 1.7144e-15 ] 0.0000e+00 [ 0.0000e+00 ] 1.0000e+00
 2.493e+01 1.4271e-15 1.4271e-15 [ 1.5627e-53 4.7269e-40 2.8633e-36 1.8918e-33 2.7780e-30 1.4271e-15 ] 0.0000e+00 [ 0.0000e+00 ] 1.0000e+00
 2.505e+01 1.1878e-15 1.1878e-15 [ 6.1485e-54 2.3404e-40 1.6621e-36 1.2677e-33 2.1518e-30 1.1878e-15 ] 0.0000e+00 [ 0.0000e+00 ] 1.0000e+00
 2.516e+01 9.8872e-16 9.8872e-16 [ 2.4163e-54 1.1572e-40 9.6501e-37 8.5567e-34 1.6681e-30 9.8872e-16 ] 0.0000e+00 [ 0.0000e+00 ] 1.0000e+00
 2.527e+01 8.2297e-16 8.2297e-16 [ 9.4851e-55 5.7149e-41 5.6035e-37 5.8200e-34 1.2940e-30 8.2297e-16 ] 0.0000e+00 [ 0.0000e+00 ] 1.0000e+00
 2.539e+01 6.8499e-16 6.8499e-16 [ 3.7191e-55 2.8186e-41 3.2542e-37 3.9905e-34 1.0042e-30 6.8499e-16 ] 0.0000e+00 [ 0.0000e+00 ] 1.0000e+00
 2.550e+01 5.7014e-16 5.7014e-16 [ 1.4566e-55 1.3884e-41 1.8903e-37 2.7587e-34 7.7950e-31 5.7014e-16 ] 0.0000e+00 [ 0.0000e+00 ] 1.0000e+00
 2.561e+01 4.7454e-16 4.7454e-16 [ 5.6987e-56 6.8299e-42 1.0982e-37 1.9232e-34 6.0523e-31 4.7454e-16 ] 0.0000e+00 [ 0.0000e+00 ] 1.0000e+00
 2.573e+01 3.9496e-16 3.9496e-16 [ 2.2270e-56 3.3556e-42 6.3814e-38 1.3518e-34 4.6996e-31 3.9496e-16 ] 0.0000e+00 [ 0.0000e+00 ] 1.0000e+00
 2.584e+01 3.2873e-16 3.2873e-16 [ 8.6933e-57 1.6465e-42 3.7090e-38 9.5798e-35 3.6494e-31 3.2873e-16 ] 0.0000e+00 [ 0.0000e+00 ] 1.0000e+00
 2.595e+01 2.7359e-16 2.7359e-16 [ 3.3898e-57 8.0691e-43 2.1563e-38 6.8418e-35 2.8336e-31 2.7359e-16 ] 0.0000e+00 [ 0.0000e+00 ] 1.0000e+00
 2.607e+01 2.2770e-16 2.2770e-16 [ 1.3204e-57 3.9493e-43 1.2539e-38 4.9227e-35 2.2000e-31 2.2770e-16 ] 0.0000e+00 [ 0.0000e+00 ] 1.0000e+00
 2.618e+01 1.8950e-16 1.8950e-16 [ 5.1376e-58 1.9305e-43 7.2941e-39 3.5663e-35 1.7078e-31 1.8950e-16 ] 0.0000e+00 [ 0.0000e+00 ] 1.0000e+00
 2.629e+01 1.5771e-16 1.5771e-16 [ 1.9969e-58 9.4248e-44 4.2443e-39 2.6001e-35 1.3254e-31 1.5771e-16 ] 0.0000e+00 [ 0.0000e+00 ] 1.0000e+00
 2.641e+01 1.3125e-16 1.3125e-16 [ 7.7534e-59 4.5954e-44 2.4705e-39 1.9066e-35 1.0284e-31 1.3125e-16 ] 0.0000e+00 [ 0.0000e+00 ] 1.0000e+00
 2.652e+01 1.0923e-16 1.0923e-16 [ 3.0073e-59 2.2378e-44 1.4386e-39 1.4054e-35 7.9779e-32 1.0923e-16 ] 0.0000e+00 [ 0.0000e+00 ] 1.0000e+00
 2.663e+01 9.0895e-17 9.0895e-17 [ 1.1652e-59 1.0884e-44 8.3802e-40 1.0406e-35 6.1869e-32 9.0895e-17 ] 0.0000e+00 [ 0.0000e+00 ] 1.0000e+00
 2.675e+01 7.5639e-17 7.5639e-17 [ 4.5101e-60 5.2868e-45 4.8839e-40 7.7370e-36 4.7965e-32 7.5639e-17 ] 0.0000e+00 [ 0.0000e+00 ] 1.0000e+00
 2.686e+01 6.2942e-17 6.2942e-17 [ 1.7439e-60 2.5648e-45 2.8477e-40 5.7726e-36 3.7174e-32 6.2942e-17 ] 0.0000e+00 [ 0.0000e+00 ] 1.0000e+00
 2.697e+01 5.2375e-17 5.2375e-17 [ 6.7362e-61 1.2427e-45 1.6613e-40 4.3202e-36 2.8800e-32 5.2375e-17 ] 0.0000e+00 [ 0.0000e+00 ] 1.0000e+00
 2.709e+01 4.3581e-17 4.3581e-17 [ 2.5994e-61 6.0140e-46 9.6970e-41 3.2417e-36 2.2306e-32 4.3581e-17 ] 0.0000e+00 [ 0.0000e+00 ] 1.0000e+00
 2.720e+01 3.6263e-17 3.6263e-17 [ 1.0021e-61 2.9067e-46 5.6637e-41 2.4380e-36 1.7269e-32 3.6263e-17 ] 0.0000e+00 [ 0.0000e+00 ] 1.0000e+00
 2.731e+01 3.0172e-17 3.0172e-17 [ 3.8591e-62 1.4031e-46 3.3101e-41 1.8370e-36 1.3365e-32 3.0172e-17 ] 0.0000e+00 [ 0.0000e+00 ] 1.0000e+00
 2.743e+01 2.5104e-17 2.5104e-17 [ 1.4847e-62 6.7650e-47 1.9360e-41 1.3865e-36 1.0340e-32 2.5104e-17 ] 0.0000e+00 [ 0.0000e+00 ] 1.0000e+00
 2.754e+01 2.0886e-17 2.0886e-17 [ 5.7066e-63 3.2576e-47 1.1332e-41 1.0479e-36 7.9965e-33 2.0886e-17 ] 0.0000e+00 [ 0.0000e+00 ] 1.0000e+00
 2.765e+01 1.7377e-17 1.7377e-17 [ 2.1913e-63 1.5667e-47 6.6384e-42 7.9290e-37 6.1818e-33 1.7377e-17 ] 0.0000e+00 [ 0.0000e+00 ] 1.0000e+00
 2.777e+01 1.4456e-17 1.4456e-17 [ 8.4060e-64 7.5255e-48 3.8924e-42 6.0055e-37 4.7772e-33 1.4456e-17 ] 0.0000e+00 [ 0.0000e+00 ] 1.0000e+00
 2.788e+01 1.2026e-17 1.2026e-17 [ 3.2216e-64 3.6104e-48 2.2846e-42 4.5524e-37 3.6903e-33 1.2026e-17 ] 0.0000e+00 [ 0.0000e+00 ] 1.0000e+00
 2.799e+01 1.0004e-17 1.0004e-17 [ 1.2335e-64 1.7300e-48 1.3423e-42 3.4533e-37 2.8496e-33 1.0004e-17 ] 0.0000e+00 [ 0.0000e+00 ] 1.0000e+00
 2.811e+01 8.3220e-18 8.3220e-18 [ 4.7184e-65 8.2795e-49 7.8961e-43 2.6211e-37 2.1996e-33 8.3220e-18 ] 0.0000e+00 [ 0.0000e+00 ] 1.0000e+00
 2.822e+01 6.9223e-18 6.9223e-18 [ 1.8032e-65 3.9576e-49 4.6507e-43 1.9904e-37 1.6973e-33 6.9223e-18 ] 0.0000e+00 [ 0.0000e+00 ] 1.0000e+00
 2.833e+01 5.7578e-18 5.7578e-18 [ 6.8848e-66 1.8894e-49 2.7430e-43 1.5121e-37 1.3091e-33 5.7578e-18 ] 0.0000e+00 [ 0.0000e+00 ] 1.0000e+00
 2.845e+01 4.7889e-18 4.7889e-18 [ 2.6262e-66 9.0096e-50 1.6202e-43 1.1491e-37 1.0094e-33 4.7889e-18 ] 0.0000e+00 [ 0.0000e+00 ] 1.0000e+00
 2.856e+01 3.9829e-18 3.9829e-18 [ 1.0009e-66 4.2909e-50 9.5862e-44 8.7349e-38 7.7797e-34 3.9829e-18 ] 0.0000e+00 [ 0.0000e+00 ] 1.0000e+00
 2.867e+01 3.3124e-18 3.3124e-18 [ 3.8110e-67 2.0411e-50 5.6820e-44 6.6415e-38 5.9939e-34 3.3124e-18 ] 0.0000e+00 [ 0.0000e+00 ] 1.0000e+00
 2.879e+01 2.7547e-18 2.7547e-18 [ 1.4498e-67 9.6978e-51 3.3746e-44 5.0508e-38 4.6164e-34 2.7547e-18 ] 0.0000e+00 [ 0.0000e+00 ] 1.0000e+00
 2.890e+01 2.2907e-18 2.2907e-18 [ 5.5103e-68 4.6020e-51 2.0087e-44 3.8417e-38 3.5542e-34 2.2907e-18 ] 0.0000e+00 [ 0.0000e+00 ] 1.0000e+00
 2.901e+01 1.9048e-18 1.9048e-18 [ 2.0925e-68 2.1812e-51 1.1985e-44 2.9225e-38 2.7354e-34 1.9048e-18 ] 0.0000e+00 [ 0.0000e+00 ] 1.0000e+00
 2.913e+01 1.5838e-18 1.5838e-18 [ 7.9390e-69 1.0326e-51 7.1712e-45 2.2234e-38 2.1044e-34 1.5838e-18 ] 0.0000e+00 [ 0.0000e+00 ] 1.0000e+00
 2.924e+01 1.3168e-18 1.3168e-18 [ 3.0095e-69 4.8827e-52 4.3040e-45 1.6917e-38 1.6185e-34 1.3168e-18 ] 0.0000e+00 [ 0.0000e+00 ] 1.0000e+00
 2.935e+01 1.0948e-18 1.0948e-18 [ 1.1398e-69 2.3060e-52 2.5921e-45 1.2873e-38 1.2443e-34 1.0948e-18 ] 0.0000e+00 [ 0.0000e+00 ] 1.0000e+00
 2.947e+01 9.1015e-19 9.1015e-19 [ 4.3132e-70 1.0878e-52 1.5672e-45 9.7963e-39 9.5631e-35 9.1015e-19 ] 0.0000e+00 [ 0.0000e+00 ] 1.0000e+00
 2.958e+01 7.5660e-19 7.5660e-19 [ 1.6308e-70 5.1252e-53 9.5178e-46 7.4552e-39 7.3473e-35 7.5660e-19 ] 0.0000e+00 [ 0.0000e+00 ] 1.0000e+00
 2.969e+01 6.2891e-19 6.2891e-19 [ 6.1607e-71 2.4120e-53 5.8095e-46 5.6739e-39 5.6430e-35 6.2891e-19 ] 0.0000e+00 [ 0.0000e+00 ] 1.0000e+00
 2.981e+01 5.2273e-19 5.2273e-19 [ 2.3254e-71 1.1338e-53 3.5663e-46 4.3184e-39 4.3326e-35 5.2273e-19 ] 0.0000e+00 [ 0.0000e+00 ] 1.0000e+00
 2.992e+01 4.3445e-19 4.3445e-19 [ 8.7698e-72 5.3230e-54 2.2035e-46 3.2868e-39 3.3255e-35 4.3445e-19 ] 0.0000e+00 [ 0.0000e+00 ] 1.0000e+00
 3.003e+01 3.6106e-19 3.6106e-19 [ 3.3046e-72 2.4963e-54 1.3715e-46 2.5017e-39 2.5517e-35 3.6106e-19 ] 0.0000e+00 [ 0.0000e+00 ] 1.0000e+00
 3.015e+01 3.0004e-19 3.0004e-19 [ 1.2442e-72 1.1693e-54 8.6063e-47 1.9042e-39 1.9573e-35 3.0004e-19 ] 0.0000e+00 [ 0.0000e+00 ] 1.0000e+00
 3.026e+01 2.4931e-19 2.4931e-19 [ 4.6808e-73 5.4705e-55 5.4501e-47 1.4494e-39 1.5009e-35 2.4931e-19 ] 0.0000e+00 [ 0.0000e+00 ] 1.0000e+00
 3.037e+01 2.0715e-19 2.0715e-19 [ 1.7595e-73 2.5565e-55 3.4860e-47 1.1032e-39 1.1506e-35 2.0715e-19 ] 0.0000e+00 [ 0.0000e+00 ] 1.0000e+00
 3.049e+01 1.7210e-19 1.7210e-19 [ 6.6084e-74 1.1933e-55 2.2541e-47 8.3976e-40 8.8183e-36 1.7210e-19 ] 0.0000e+00 [ 0.0000e+00 ] 1.0000e+00
 3.060e+01 1.4297e-19 1.4297e-19 [ 2.4800e-74 5.5637e-56 1.4745e-47 6.3922e-40 6.7563e-36 1.4297e-19 ] 0.0000e+00 [ 0.0000e+00 ] 1.0000e+00
 3.071e+01 1.1876e-19 1.1876e-19 [ 9.2999e-75 2.5910e-56 9.7626e-48 4.8657e-40 5.1751e-36 1.1876e-19 ] 0.0000e+00 [ 0.0000e+00 ] 1.0000e+00
 3.083e+01 9.8638e-20 9.8638e-20 [ 3.4846e-75 1.2053e-56 6.5450e-48 3.7038e-40 3.9629e-36 9.8638e-20 ] 0.0000e+00 [ 0.0000e+00 ] 1.0000e+00
 3.094e+01 8.1921e-20 8.1921e-20 [ 1.3046e-75 5.6001e-57 4.4434e-48 2.8194e-40 3.0338e-36 8.1921e-20 ] 0.0000e+00 [ 0.0000e+00 ] 1.0000e+00
 3.105e+01 6.8030e-20 6.8030e-20 [ 4.8806e-76 2.5991e-57 3.0542e-48 2.1461e-40 2.3220e-36 6.8030e-20 ] 0.0000e+00 [ 0.0000e+00 ] 1.0000e+00
 3.117e+01 5.6489e-20 5.6489e-20 [ 1.8244e-76 1.2049e-57 2.1245e-48 1.6337e-40 1.7767e-36 5.6489e-20 ] 0.0000e+00 [ 0.0000e+00 ] 1.0000e+00
 3.128e+01 4.6902e-20 4.6902e-20 [ 6.8147e-77 5.5793e-58 1.4947e-48 1.2436e-40 1.3592e-36 4.6902e-20 ] 0.0000e+00 [ 0.0000e+00 ] 1.0000e+00
 3.139e+01 3.8938e-20 3.8938e-20 [ 2.5435e-77 2.5806e-58 1.0627e-48 9.4663e-41 1.0395e-36 3.8938e-20 ] 0.0000e+00 [ 0.0000e+00 ] 1.0000e+00
 3.151e+01 3.2322e-20 3.2322e-20 [ 9.4861e-78 1.1923e-58 7.6278e-49 7.2059e-41 7.9483e-37 3.2322e-20 ] 0.0000e+00 [ 0.0000e+00 ] 1.0000e+00
 3.162e+01 2.6828e-20 2.6828e-20 [ 3.5352e-78 5.5023e-59 5.5224e-49 5.4852e-41 6.0763e-37 2.6828e-20 ] 0.0000e+00 [ 0.0000e+00 ] 1.0000e+00
 3.173e+01 2.2266e-20 2.2266e-20 [ 1.3165e-78 2.5364e-59 4.0286e-49 4.1755e-41 4.6441e-37 2.2266e-20 ] 0.0000e+00 [ 0.0000e+00 ] 1.0000e+00
 3.185e+01 1.8477e-20 1.8477e-20 [ 4.8989e-79 1.1679e-59 2.9583e-49 3.1784e-41 3.5488e-37 1.8477e-20 ] 0.0000e+00 [ 0.0000e+00 ] 1.0000e+00
 3.196e+01 1.5331e-20 1.5331e-20 [ 1.8216e-79 5.3719e-60 2.1848e-49 2.4195e-41 2.7113e-37 1.5331e-20 ] 0.0000e+00 [ 0.0000e+00 ] 1.0000e+00
 3.207e+01 1.2719e-20 1.2719e-20 [ 6.7685e-80 2.4681e-60 1.6214e-49 1.8418e-41 2.0710e-37 1.2719e-20 ] 0.0000e+00 [ 0.0000e+00 ] 1.0000e+00
 3.219e+01 1.0551e-20 1.0551e-20 [ 2.5131e-80 1.1327e-60 1.2083e-49 1.4020e-41 1.5817e-37 1.0551e-20 ] 0.0000e+00 [ 0.0000e+00 ] 1.0000e+00
 3.230e+01 8.7519e-21 8.7519e-21 [ 9.3244e-81 5.1926e-61 9.0356e-50 1.0672e-41 1.2077e-37 8.7519e-21 ] 0.0000e+00 [ 0.0000e+00 ] 1.0000e+00
 3.241e+01 7.2583e-21 7.2583e-21 [ 3.4571e-81 2.3778e-61 6.7767e-50 8.1238e-42 9.2203e-38 7.2583e-21 ] 0.0000e+00 [ 0.0000e+00 ] 1.0000e+00
 3.253e+01 6.0189e-21 6.0189e-21 [ 1.2809e-81 1.0877e-61 5.0948e-50 6.1839e-42 7.0381e-38 6.0189e-21 ] 0.0000e+00 [ 0.0000e+00 ] 1.0000e+00
 3.264e+01 4.9905e-21 4.9905e-21 [ 4.7422e-82 4.9699e-62 3.8382e-50 4.7073e-42 5.3715e-38 4.9905e-21 ] 0.0000e+00 [ 0.0000e+00 ] 1.0000e+00
 3.275e+01 4.1372e-21 4.1372e-21 [ 1.7545e-82 2.2684e-62 2.8963e-50 3.5833e-42 4.0989e-38 4.1372e-21 ] 0.0000e+00 [ 0.0000e+00 ] 1.0000e+00
 3.287e+01 3.4294e-21 3.4294e-21 [ 6.4865e-83 1.0342e-62 2.1886e-50 2.7276e-42 3.1274e-38 3.4294e-21 ] 0.0000e+00 [ 0.0000e+00 ] 1.0000e+00
 3.298e+01 2.8423e-21 2.8423e-21 [ 2.3965e-83 4.7104e-63 1.6558e-50 2.0763e-42 2.3858e-38 2.8423e-21 ] 0.0000e+00 [ 0.0000e+00 ] 1.0000e+00
 3.309e+01 2.3553e-21 2.3553e-21 [ 8.8477e-84 2.1430e-63 1.2538e-50 1.5805e-42 1.8198e-38 2.3553e-21 ] 0.0000e+00 [ 0.0000e+00 ] 1.0000e+00
 3.321e+01 1.9515e-21 1.9515e-21 [ 3.2643e-84 9.7392e-64 9.5020e-51 1.2031e-42 1.3879e-38 1.9515e-21 ] 0.0000e+00 [ 0.0000e+00 ] 1.0000e+00
 3.332e+01 1.6167e-21 1.6167e-21 [ 1.2035e-84 4.4214e-64 7.2056e-51 9.1580e-43 1.0584e-38 1.6167e-21 ] 0.0000e+00 [ 0.0000e+00 ] 1.0000e+00
 3.343e+01 1.3392e-21 1.3392e-21 [ 4.4344e-85 2.0051e-64 5.4671e-51 6.9711e-43 8.0703e-39 1.3392e-21 ] 0.0000e+00 [ 0.0000e+00 ] 1.0000e+00
 3.355e+01 1.1091e-21 1.1091e-21 [ 1.6327e-85 9.0834e-65 4.1499e-51 5.3064e-43 6.1529e-39 1.1091e-21 ] 0.0000e+00 [ 0.0000e+00 ] 1.0000e+00
 3.366e+01 9.1838e-22 9.1838e-22 [ 6.0076e-86 4.1106e-65 3.1511e-51 4.0393e-43 4.6906e-39 9.1838e-22 ] 0.0000e+00 [ 0.0000e+00 ] 1.0000e+00
 3.377e+01 7.6036e-22 7.6036e-22 [ 2.2090e-86 1.8582e-65 2.3934e-51 3.0747e-43 3.5754e-39 7.6036e-22 ] 0.0000e+00 [ 0.0000e+00 ] 1.0000e+00
 3.389e+01 6.2943e-22 6.2943e-22 [ 8.1174e-87 8.3914e-66 1.8184e-51 2.3405e-43 2.7252e-39 6.2943e-22 ] 0.0000e+00 [ 0.0000e+00 ] 1.0000e+00
 3.400e+01 5.2095e-22 5.2095e-22 [ 2.9809e-87 3.7855e-66 1.3817e-51 1.7816e-43 2.0769e-39 5.2095e-22 ] 0.0000e+00 [ 0.0000e+00 ] 1.0000e+00
 3.411e+01 4.3111e-22 4.3111e-22 [ 1.0939e-87 1.7059e-66 1.0501e-51 1.3561e-43 1.5827e-39 4.3111e-22 ] 0.0000e+00 [ 0.0000e+00 ] 1.0000e+00
 3.423e+01 3.5669e-22 3.5669e-22 [ 4.0120e-88 7.6794e-67 7.9821e-52 1.0323e-43 1.2061e-39 3.5669e-22 ] 0.0000e+00 [ 0.0000e+00 ] 1.0000e+00
 3.434e+01 2.9507e-22 2.9507e-22 [ 1.4704e-88 3.4535e-67 6.0679e-52 7.8576e-44 9.1895e-40 2.9507e-22 ] 0.0000e+00 [ 0.0000e+00 ] 1.0000e+00
 3.445e+01 2.4406e-22 2.4406e-22 [ 5.3858e-89 1.5514e-67 4.6131e-52 5.9811e-44 7.0014e-40 2.4406e-22 ] 0.0000e+00 [ 0.0000e+00 ] 1.0000e+00
 3.457e+01 2.0183e-22 2.0183e-22 [ 1.9714e-89 6.9626e-68 3.5073e-52 4.5528e-44 5.3340e-40 2.0183e-22 ] 0.0000e+00 [ 0.0000e+00 ] 1.0000e+00
 3.468e+01 1.6687e-22 1.6687e-22 [ 7.2118e-90 3.1215e-68 2.6668e-52 3.4655e-44 4.0634e-40 1.6687e-22 ] 0.0000e+00 [ 0.0000e+00 ] 1.0000e+00
 3.479e+01 1.3795e-22 1.3795e-22 [ 2.6365e-90 1.3980e-68 2.0278e-52 2.6379e-44 3.0953e-40 1.3795e-22 ] 0.0000e+00 [ 0.0000e+00 ] 1.0000e+00
 3.491e+01 1.1401e-22 1.1401e-22 [ 9.6326e-91 6.2547e-69 1.5419e-52 2.0079e-44 2.3578e-40 1.1401e-22 ] 0.0000e+00 [ 0.0000e+00 ] 1.0000e+00
 3.502e+01 9.4217e-23 9.4217e-23 [ 3.5171e-91 2.7956e-69 1.1725e-52 1.5284e-44 1.7959e-40 9.4217e-23 ] 0.0000e+00 [ 0.0000e+00 ] 1.0000e+00
 3.513e+01 7.7842e-23 7.7842e-23 [ 1.2834e-91 1.2482e-69 8.9161e-53 1.1634e-44 1.3678e-40 7.7842e-23 ] 0.0000e+00 [ 0.0000e+00 ] 1.0000e+00
 3.525e+01 6.4301e-23 6.4301e-23 [ 4.6804e-92 5.5677e-70 6.7802e-53 8.8556e-45 1.0417e-40 6.4301e-23 ] 0.0000e+00 [ 0.0000e+00 ] 1.0000e+00
 3.536e+01 5.3106e-23 5.3106e-23 [ 1.7058e-92 2.4810e-70 5.1560e-53 6.7407e-45 7.9336e-41 5.3106e-23 ] 0.0000e+00 [ 0.0000e+00 ] 1.0000e+00
 3.547e+01 4.3851e-23 4.3851e-23 [ 6.2132e-93 1.1044e-70 3.9209e-53 5.1308e-45 6.0418e-41 4.3851e-23 ] 0.0000e+00 [ 0.0000e+00 ] 1.0000e+00
 3.559e+01 3.6201e-23 3.6201e-23 [ 2.2617e-93 4.9116e-71 2.9817e-53 3.9055e-45 4.6010e-41 3.6201e-23 ] 0.0000e+00 [ 0.0000e+00 ] 1.0000e+00
 3.570e+01 2.9880e-23 2.9880e-23 [ 8.2283e-94 2.1821e-71 2.2675e-53 2.9727e-45 3.5036e-41 2.9880e-23 ] 0.0000e+00 [ 0.0000e+00 ] 1.0000e+00
 3.581e+01 2.4658e-23 2.4658e-23 [ 2.9917e-94 9.6851e-72 1.7243e-53 2.2628e-45 2.6679e-41 2.4658e-23 ] 0.0000e+00 [ 0.0000e+00 ] 1.0000e+00
 3.593e+01 2.0344e-23 2.0344e-23 [ 1.0871e-94 4.2944e-72 1.3112e-53 1.7223e-45 2.0315e-41 2.0344e-23 ] 0.0000e+00 [ 0.0000e+00 ] 1.0000e+00
 3.604e+01 1.6782e-23 1.6782e-23 [ 3.9480e-95 1.9022e-72 9.9713e-54 1.3110e-45 1.5468e-41 1.6782e-23 ] 0.0000e+00 [ 0.0000e+00 ] 1.0000e+00
 3.615e+01 1.3840e-23 1.3840e-23 [ 1.4329e-95 8.4181e-73 7.5826e-54 9.9788e-46 1.1778e-41 1.3840e-23 ] 0.0000e+00 [ 0.0000e+00 ] 1.0000e+00
 3.627e+01 1.1412e-23 1.1412e-23 [ 5.1979e-96 3.7216e-73 5.7661e-54 7.5955e-46 8.9677e-42 1.1412e-23 ] 0.0000e+00 [ 0.0000e+00 ] 1.0000e+00
 3.638e+01 9.4076e-24 9.4076e-24 [ 1.8844e-96 1.6437e-73 4.3847e-54 5.7814e-46 6.8278e-42 9.4076e-24 ] 0.0000e+00 [ 0.0000e+00 ] 1.0000e+00
 3.649e+01 7.7536e-24 7.7536e-24 [ 6.8277e-97 7.2529e-74 3.3342e-54 4.4006e-46 5.1985e-42 7.7536e-24 ] 0.0000e+00 [ 0.0000e+00 ] 1.0000e+00
 3.661e+01 6.3890e-24 6.3890e-24 [ 2.4724e-97 3.1972e-74 2.5353e-54 3.3495e-46 3.9579e-42 6.3890e-24 ] 0.0000e+00 [ 0.0000e+00 ] 1.0000e+00
 3.672e+01 5.2635e-24 5.2635e-24 [ 8.9482e-98 1.4081e-74 1.9279e-54 2.5495e-46 3.0133e-42 5.2635e-24 ] 0.0000e+00 [ 0.0000e+00 ] 1.0000e+00
 3.683e+01 4.3352e-24 4.3352e-24 [ 3.2367e-98 6.1952e-75 1.4659e-54 1.9406e-46 2.2941e-42 4.3352e-24 ] 0.0000e+00 [ 0.0000e+00 ] 1.0000e+00
 3.695e+01 3.5699e-24 3.5699e-24 [ 1.1701e-98 2.7231e-75 1.1147e-54 1.4771e-46 1.7466e-42 3.5699e-24 ] 0.0000e+00 [ 0.0000e+00 ] 1.0000e+00
 3.706e+01 2.9390e-24 2.9390e-24 [ 4.2278e-99 1.1958e-75 8.4757e-55 1.1243e-46 1.3297e-42 2.9390e-24 ] 0.0000e+00 [ 0.0000e+00 ] 1.0000e+00
 3.717e+01 2.4191e-24 2.4191e-24 [ 1.5267e-99 5.2465e-76 6.4446e-55 8.5572e-47 1.0123e-42 2.4191e-24 ] 0.0000e+00 [ 0.0000e+00 ] 1.0000e+00
 3.729e+01 1.9907e-24 1.9907e-24 [ 5.5101e-100 2.2996e-76 4.9002e-55 6.5133e-47 7.7067e-43 1.9907e-24 ] 0.0000e+00 [ 0.0000e+00 ] 1.0000e+00
 3.740e+01 1.6377e-24 1.6377e-24 [ 1.9876e-100 1.0070e-76 3.7258e-55 4.9575e-47 5.8670e-43 1.6377e-24 ] 0.0000e+00 [ 0.0000e+00 ] 1.0000e+00
 3.751e+01 1.3471e-24 1.3471e-24 [ 7.1659e-101 4.4056e-77 2.8329e-55 3.7734e-47 4.4665e-43 1.3471e-24 ] 0.0000e+00 [ 0.0000e+00 ] 1.0000e+00
 3.763e+01 1.1077e-24 1.1077e-24 [ 2.5821e-101 1.9256e-77 2.1539e-55 2.8720e-47 3.4002e-43 1.1077e-24 ] 0.0000e+00 [ 0.0000e+00 ] 1.0000e+00
 3.774e+01 9.1072e-25 9.1072e-25 [ 9.2992e-102 8.4089e-78 1.6376e-55 2.1860e-47 2.5885e-43 9.1072e-25 ] 0.0000e+00 [ 0.0000e+00 ] 1.0000e+00
 3.785e+01 7.4856e-25 7.4856e-25 [ 3.3472e-102 3.6686e-78 1.2451e-55 1.6638e-47 1.9705e-43 7.4856e-25 ] 0.0000e+00 [ 0.0000e+00 ] 1.0000e+00
 3.797e+01 6.1512e-25 6.1512e-25 [ 1.2042e-102 1.5991e-78 9.4664e-56 1.2664e-47 1.5001e-43 6.1512e-25 ] 0.0000e+00 [ 0.0000e+00 ] 1.0000e+00
 3.808e+01 5.0536e-25 5.0536e-25 [ 4.3299e-103 6.9637e-79 7.1971e-56 9.6389e-48 1.1420e-43 5.0536e-25 ] 0.0000e+00 [ 0.0000e+00 ] 1.0000e+00
 3.819e+01 4.1507e-25 4.1507e-25 [ 1.5561e-103 3.0298e-79 5.4718e-56 7.3364e-48 8.6933e-44 4.1507e-25 ] 0.0000e+00 [ 0.0000e+00 ] 1.0000e+00
 3.831e+01 3.4084e-25 3.4084e-25 [ 5.5895e-104 1.3170e-79 4.1600e-56 5.5839e-48 6.6178e-44 3.4084e-25 ] 0.0000e+00 [ 0.0000e+00 ] 1.0000e+00
 3.842e+01 2.7981e-25 2.7981e-25 [ 2.0067e-104 5.7196e-80 3.1627e-56 4.2500e-48 5.0378e-44 2.7981e-25 ] 0.0000e+00 [ 0.0000e+00 ] 1.0000e+00
 3.853e+01 2.2966e-25 2.2966e-25 [ 7.2005e-105 2.4817e-80 2.4044e-56 3.2347e-48 3.8350e-44 2.2966e-25 ] 0.0000e+00 [ 0.0000e+00 ] 1.0000e+00
 3.865e+01 1.8845e-25 1.8845e-25 [ 2.5824e-105 1.0759e-80 1.8279e-56 2.4620e-48 2.9193e-44 1.8845e-25 ] 0.0000e+00 [ 0.0000e+00 ] 1.0000e+00
 3.876e+01 1.5459e-25 1.5459e-25 [ 9.2571e-106 4.6598e-81 1.3896e-56 1.8738e-48 2.2223e-44 1.5459e-25 ] 0.0000e+00 [ 0.0000e+00 ] 1.0000e+00
 3.887e+01 1.2679e-25 1.2679e-25 [ 3.3167e-106 2.0165e-81 1.0564e-56 1.4262e-48 1.6917e-44 1.2679e-25 ] 0.0000e+00 [ 0.0000e+00 ] 1.0000e+00
 3.899e+01 1.0396e-25 1.0396e-25 [ 1.1877e-106 8.7183e-82 8.0312e-57 1.0855e-48 1.2878e-44 1.0396e-25 ] 0.0000e+00 [ 0.0000e+00 ] 1.0000e+00
 3.910e+01 8.5218e-26 8.5218e-26 [ 4.2511e-107 3.7661e-82 6.1054e-57 8.2617e-49 9.8031e-45 8.5218e-26 ] 0.0000e+00 [ 0.0000e+00 ] 1.0000e+00
 3.921e+01 6.9838e-26 6.9838e-26 [ 1.5208e-107 1.6254e-82 4.6414e-57 6.2879e-49 7.4624e-45 6.9838e-26 ] 0.0000e+00 [ 0.0000e+00 ] 1.0000e+00
 3.933e+01 5.7220e-26 5.7220e-26 [ 5.4381e-108 7.0089e-83 3.5284e-57 4.7857e-49 5.6806e-45 5.7220e-26 ] 0.0000e+00 [ 0.0000e+00 ] 1.0000e+00
 3.944e+01 4.6870e-26 4.6870e-26 [ 1.9436e-108 3.0197e-83 2.6823e-57 3.6424e-49 4.3242e-45 4.6870e-26 ] 0.0000e+00 [ 0.0000e+00 ] 1.0000e+00
 3.955e+01 3.8382e-26 3.8382e-26 [ 6.9429e-109 1.2999e-83 2.0390e-57 2.7722e-49 3.2917e-45 3.8382e-26 ] 0.0000e+00 [ 0.0000e+00 ] 1.0000e+00
 3.967e+01 3.1424e-26 3.1424e-26 [ 2.4790e-109 5.5905e-84 1.5501e-57 2.1099e-49 2.5057e-45 3.1424e-26 ] 0.0000e+00 [ 0.0000e+00 ] 1.0000e+00
 3.978e+01 2.5720e-26 2.5720e-26 [ 8.8470e-110 2.4023e-84 1.1784e-57 1.6058e-49 1.9074e-45 2.5720e-26 ] 0.0000e+00 [ 0.0000e+00 ] 1.0000e+00
 3.989e+01 2.1046e-26 2.1046e-26 [ 3.1558e-110 1.0314e-84 8.9579e-58 1.2221e-49 1.4520e-45 2.1046e-26 ] 0.0000e+00 [ 0.0000e+00 ] 1.0000e+00
 4.001e+01 1.7217e-26 1.7217e-26 [ 1.1252e-110 4.4246e-85 6.8099e-58 9.3013e-50 1.1053e-45 1.7217e-26 ] 0.0000e+00 [ 0.0000e+00 ] 1.0000e+00
 4.012e+01 1.4081e-26 1.4081e-26 [ 4.0098e-111 1.8964e-85 5.1770e-58 7.0790e-50 8.4135e-46 1.4081e-26 ] 0.0000e+00 [ 0.0000e+00 ] 1.0000e+00
 4.023e+01 1.1514e-26 1.1514e-26 [ 1.4283e-111 8.1214e-86 3.9356e-58 5.3876e-50 6.4044e-46 1.1514e-26 ] 0.0000e+00 [ 0.0000e+00 ] 1.0000e+00
 4.035e+01 9.4117e-27 9.4117e-27 [ 5.0854e-112 3.4750e-86 2.9920e-58 4.1003e-50 4.8752e-46 9.4117e-27 ] 0.0000e+00 [ 0.0000e+00 ] 1.0000e+00
 4.046e+01 7.6915e-27 7.6915e-27 [ 1.8097e-112 1.4857e-86 2.2747e-58 3.1206e-50 3.7110e-46 7.6915e-27 ] 0.0000e+00 [ 0.0000e+00 ] 1.0000e+00
 4.057e+01 6.2841e-27 6.2841e-27 [ 6.4374e-113 6.3462e-87 1.7294e-58 2.3750e-50 2.8249e-46 6.2841e-27 ] 0.0000e+00 [ 0.0000e+00 ] 1.0000e+00
 4.069e+01 5.1329e-27 5.1329e-27 [ 2.2888e-113 2.7086e-87 1.3149e-58 1.8075e-50 2.1503e-46 5.1329e-27 ] 0.0000e+00 [ 0.0000e+00 ] 1.0000e+00
 4.080e+01 4.1915e-27 4.1915e-27 [ 8.1340e-114 1.1551e-87 9.9973e-59 1.3756e-50 1.6368e-46 4.1915e-27 ] 0.0000e+00 [ 0.0000e+00 ] 1.0000e+00
 4.091e+01 3.4219e-27 3.4219e-27 [ 2.8894e-114 4.9218e-88 7.6016e-59 1.0469e-50 1.2460e-46 3.4219e-27 ] 0.0000e+00 [ 0.0000e+00 ] 1.0000e+00
 4.103e+01 2.7928e-27 2.7928e-27 [ 1.0259e-114 2.0954e-88 5.7803e-59 7.9672e-51 9.4844e-47 2.7928e-27 ] 0.0000e+00 [ 0.0000e+00 ] 1.0000e+00
 4.114e+01 2.2788e-27 2.2788e-27 [ 3.6410e-115 8.9138e-89 4.3956e-59 6.0634e-51 7.2196e-47 2.2788e-27 ] 0.0000e+00 [ 0.0000e+00 ] 1.0000e+00
 4.125e+01 1.8590e-27 1.8590e-27 [ 1.2916e-115 3.7888e-89 3.3429e-59 4.6144e-51 5.4955e-47 1.8590e-27 ] 0.0000e+00 [ 0.0000e+00 ] 1.0000e+00
 4.137e+01 1.5160e-27 1.5160e-27 [ 4.5798e-116 1.6091e-89 2.5425e-59 3.5117e-51 4.1832e-47 1.5160e-27 ] 0.0000e+00 [ 0.0000e+00 ] 1.0000e+00
 4.148e+01 1.2361e-27 1.2361e-27 [ 1.6232e-116 6.8282e-90 1.9339e-59 2.6725e-51 3.1842e-47 1.2361e-27 ] 0.0000e+00 [ 0.0000e+00 ] 1.0000e+00
 4.159e+01 1.0075e-27 1.0075e-27 [ 5.7507e-117 2.8952e-90 1.4712e-59 2.0338e-51 2.4238e-47 1.0075e-27 ] 0.0000e+00 [ 0.0000e+00 ] 1.0000e+00
 4.171e+01 8.2103e-28 8.2103e-28 [ 2.0364e-117 1.2266e-90 1.1193e-59 1.5478e-51 1.8450e-47 8.2103e-28 ] 0.0000e+00 [ 0.0000e+00 ] 1.0000e+00
 4.182e+01 6.6888e-28 6.6888e-28 [ 7.2082e-118 5.1926e-91 8.5169e-60 1.1779e-51 1.4044e-47 6.6888e-28 ] 0.0000e+00 [ 0.0000e+00 ] 1.0000e+00
 4.193e+01 5.4478e-28 5.4478e-28 [ 2.5503e-118 2.1964e-91 6.4816e-60 8.9638e-52 1.0690e-47 5.4478e-28 ] 0.0000e+00 [ 0.0000e+00 ] 1.0000e+00
 4.205e+01 4.4360e-28 4.4360e-28 [ 9.0195e-119 9.2831e-92 4.9336e-60 6.8215e-52 8.1372e-48 4.4360e-28 ] 0.0000e+00 [ 0.0000e+00 ] 1.0000e+00
 4.216e+01 3.6111e-28 3.6111e-28 [ 3.1885e-119 3.9204e-92 3.7560e-60 5.1911e-52 6.1939e-48 3.6111e-28 ] 0.0000e+00 [ 0.0000e+00 ] 1.0000e+00
 4.227e+01 2.9388e-28 2.9388e-28 [ 1.1267e-119 1.6543e-92 2.8602e-60 3.9504e-52 4.7147e-48 2.9388e-28 ] 0.0000e+00 [ 0.0000e+00 ] 1.0000e+00
 4.239e+01 2.3911e-28 2.3911e-28 [ 3.9795e-120 6.9755e-93 2.1785e-60 3.0062e-52 3.5888e-48 2.3911e-28 ] 0.0000e+00 [ 0.0000e+00 ] 1.0000e+00
 4.250e+01 1.9450e-28 1.9450e-28 [ 1.4050e-120 2.9389e-93 1.6598e-60 2.2877e-52 2.7317e-48 1.9450e-28 ] 0.0000e+00 [ 0.0000e+00 ] 1.0000e+00
 4.261e+01 1.5817e-28 1.5817e-28 [ 4.9584e-121 1.2372e-93 1.2649e-60 1.7408e-52 2.0793e-48 1.5817e-28 ] 0.0000e+00 [ 0.0000e+00 ] 1.0000e+00
 4.273e+01 1.2859e-28 1.2859e-28 [ 1.7492e-121 5.2046e-94 9.6436e-61 1.3247e-52 1.5827e-48 1.2859e-28 ] 0.0000e+00 [ 0.0000e+00 ] 1.0000e+00
 4.284e+01 1.0451e-28 1.0451e-28 [ 6.1679e-122 2.1877e-94 7.3548e-61 1.0081e-52 1.2047e-48 1.0451e-28 ] 0.0000e+00 [ 0.0000e+00 ] 1.0000e+00
 4.295e+01 8.4924e-29 8.4924e-29 [ 2.1740e-122 9.1885e-95 5.6116e-61 7.6710e-53 9.1698e-49 8.4924e-29 ] 0.0000e+00 [ 0.0000e+00 ] 1.0000e+00
 4.307e+01 6.8989e-29 6.8989e-29 [ 7.6597e-123 3.8563e-95 4.2835e-61 5.8372e-53 6.9798e-49 6.8989e-29 ] 0.0000e+00 [ 0.0000e+00 ] 1.0000e+00
 4.318e+01 5.6030e-29 5.6030e-29 [ 2.6976e-123 1.6172e-95 3.2714e-61 4.4418e-53 5.3127e-49 5.6030e-29 ] 0.0000e+00 [ 0.0000e+00 ] 1.0000e+00
 4.329e+01 4.5493e-29 4.5493e-29 [ 9.4969e-124 6.7769e-96 2.4999e-61 3.3799e-53 4.0438e-49 4.5493e-29 ] 0.0000e+00 [ 0.0000e+00 ] 1.0000e+00
 4.341e+01 3.6928e-29 3.6928e-29 [ 3.3420e-124 2.8377e-96 1.9115e-61 2.5719e-53 3.0780e-49 3.6928e-29 ] 0.0000e+00 [ 0.0000e+00 ] 1.0000e+00
 4.352e+01 2.9968e-29 2.9968e-29 [ 1.1756e-124 1.1873e-96 1.4626e-61 1.9570e-53 2.3428e-49 2.9968e-29 ] 0.0000e+00 [ 0.0000e+00 ] 1.0000e+00
 4.363e+01 2.4314e-29 2.4314e-29 [ 4.1336e-125 4.9641e-97 1.1199e-61 1.4891e-53 1.7832e-49 2.4314e-29 ] 0.0000e+00 [ 0.0000e+00 ] 1.0000e+00
 4.375e+01 1.9721e-29 1.9721e-29 [ 1.4529e-125 2.0739e-97 8.5822e-62 1.1330e-53 1.3573e-49 1.9721e-29 ] 0.0000e+00 [ 0.0000e+00 ] 1.0000e+00
 4.386e+01 1.5992e-29 1.5992e-29 [ 5.1045e-126 8.6581e-98 6.5827e-62 8.6213e-54 1.0331e-49 1.5992e-29 ] 0.0000e+00 [ 0.0000e+00 ] 1.0000e+00
 4.397e+01 1.2965e-29 1.2965e-29 [ 1.7927e-126 3.6118e-98 5.0538e-62 6.5598e-54 7.8632e-50 1.2965e-29 ] 0.0000e+00 [ 0.0000e+00 ] 1.0000e+00
 4.409e+01 1.0508e-29 1.0508e-29 [ 6.2936e-127 1.5056e-98 3.8841e-62 4.9912e-54 5.9850e-50 1.0508e-29 ] 0.0000e+00 [ 0.0000e+00 ] 1.0000e+00
 4.420e+01 8.5144e-30 8.5144e-30 [ 2.2086e-127 6.2715e-99 2.9884e-62 3.7976e-54 4.5553e-50 8.5144e-30 ] 0.0000e+00 [ 0.0000e+00 ] 1.0000e+00
 4.431e+01 6.8974e-30 6.8974e-30 [ 7.7478e-128 2.6104e-99 2.3021e-62 2.8894e-54 3.4671e-50 6.8974e-30 ] 0.0000e+00 [ 0.0000e+00 ] 1.0000e+00
 4.443e+01 5.5860e-30 5.5860e-30 [ 2.7168e-128 1.0858e-99 1.7756e-62 2.1984e-54 2.6389e-50 5.5860e-30 ] 0.0000e+00 [ 0.0000e+00 ] 1.0000e+00
 4.454e+01 4.5229e-30 4.5229e-30 [ 9.5231e-129 4.5128e-100 1.3715e-62 1.6726e-54 2.0085e-50 4.5229e-30 ] 0.0000e+00 [ 0.0000e+00 ] 1.0000e+00
 4.465e+01 3.6611e-30 3.6611e-30 [ 3.3368e-129 1.8743e-100 1.0609e-62 1.2726e-54 1.5287e-50 3.6611e-30 ] 0.0000e+00 [ 0.0000e+00 ] 1.0000e+00
 4.477e+01 2.9628e-30 2.9628e-30 [ 1.1688e-129 7.7789e-101 8.2193e-63 9.6817e-55 1.1635e-50 2.9628e-30 ] 0.0000e+00 [ 0.0000e+00 ] 1.0000e+00
 4.488e+01 2.3971e-30 2.3971e-30 [ 4.0921e-130 3.2262e-101 6.3785e-63 7.3658e-55 8.8551e-51 2.3971e-30 ] 0.0000e+00 [ 0.0000e+00 ] 1.0000e+00
 4.499e+01 1.9390e-30 1.9390e-30 [ 1.4322e-130 1.3370e-101 4.9585e-63 5.6037e-55 6.7395e-51 1.9390e-30 ] 0.0000e+00 [ 0.0000e+00 ] 1.0000e+00
 4.511e+01 1.5680e-30 1.5680e-30 [ 5.0109e-131 5.5372e-102 3.8617e-63 4.2631e-55 5.1293e-51 1.5680e-30 ] 0.0000e+00 [ 0.0000e+00 ] 1.0000e+00
 4.522e+01 1.2676e-30 1.2676e-30 [ 1.7525e-131 2.2915e-102 3.0133e-63 3.2432e-55 3.9037e-51 1.2676e-30 ] 0.0000e+00 [ 0.0000e+00 ] 1.0000e+00
 4.533e+01 1.0246e-30 1.0246e-30 [ 6.1268e-132 9.4767e-103 2.3559e-63 2.4672e-55 2.9710e-51 1.0246e-30 ] 0.0000e+00 [ 0.0000e+00 ] 1.0000e+00
 4.545e+01 8.2794e-31 8.2794e-31 [ 2.1412e-132 3.9163e-103 1.8457e-63 1.8769e-55 2.2611e-51 8.2794e-31 ] 0.0000e+00 [ 0.0000e+00 ] 1.0000e+00
 4.556e+01 6.6886e-31 6.6886e-31 [ 7.4802e-133 1.6173e-103 1.4491e-63 1.4277e-55 1.7208e-51 6.6886e-31 ] 0.0000e+00 [ 0.0000e+00 ] 1.0000e+00
 4.567e+01 5.4022e-31 5.4022e-31 [ 2.6122e-133 6.6745e-104 1.1402e-63 1.0861e-55 1.3096e-51 5.4022e-31 ] 0.0000e+00 [ 0.0000e+00 ] 1.0000e+00
 4.579e+01 4.3621e-31 4.3621e-31 [ 9.1193e-134 2.7525e-104 8.9905e-64 8.2613e-56 9.9662e-52 4.3621e-31 ] 0.0000e+00 [ 0.0000e+00 ] 1.0000e+00
 4.590e+01 3.5214e-31 3.5214e-31 [ 3.1824e-134 1.1344e-104 7.1051e-64 6.2839e-56 7.5844e-52 3.5214e-31 ] 0.0000e+00 [ 0.0000e+00 ] 1.0000e+00
 4.601e+01 2.8421e-31 2.8421e-31 [ 1.1102e-134 4.6716e-105 5.6277e-64 4.7797e-56 5.7717e-52 2.8421e-31 ] 0.0000e+00 [ 0.0000e+00 ] 1.0000e+00
 4.613e+01 2.2932e-31 2.2932e-31 [ 3.8713e-135 1.9226e-105 4.4675e-64 3.6355e-56 4.3922e-52 2.2932e-31 ] 0.0000e+00 [ 0.0000e+00 ] 1.0000e+00
 4.624e+01 1.8499e-31 1.8499e-31 [ 1.3495e-135 7.9068e-106 3.5544e-64 2.7651e-56 3.3424e-52 1.8499e-31 ] 0.0000e+00 [ 0.0000e+00 ] 1.0000e+00
 4.635e+01 1.4920e-31 1.4920e-31 [ 4.7028e-136 3.2496e-106 2.8342e-64 2.1030e-56 2.5434e-52 1.4920e-31 ] 0.0000e+00 [ 0.0000e+00 ] 1.0000e+00
 4.647e+01 1.2030e-31 1.2030e-31 [ 1.6382e-136 1.3346e-106 2.2649e-64 1.5994e-56 1.9354e-52 1.2030e-31 ] 0.0000e+00 [ 0.0000e+00 ] 1.0000e+00
 4.658e+01 9.6972e-32 9.6972e-32 [ 5.7048e-137 5.4777e-107 1.8138e-64 1.2164e-56 1.4727e-52 9.6972e-32 ] 0.0000e+00 [ 0.0000e+00 ] 1.0000e+00
 4.669e+01 7.8152e-32 7.8152e-32 [ 1.9859e-137 2.2467e-107 1.4555e-64 9.2502e-57 1.1206e-52 7.8152e-32 ] 0.0000e+00 [ 0.0000e+00 ] 1.0000e+00
 4.681e+01 6.2969e-32 6.2969e-32 [ 6.9107e-138 9.2090e-108 1.1704e-64 7.0343e-57 8.5266e-53 6.2969e-32 ] 0.0000e+00 [ 0.0000e+00 ] 1.0000e+00
 4.692e+01 5.0724e-32 5.0724e-32 [ 2.4040e-138 3.7721e-108 9.4291e-65 5.3491e-57 6.4877e-53 5.0724e-32 ] 0.0000e+00 [ 0.0000e+00 ] 1.0000e+00
 4.703e+01 4.0850e-32 4.0850e-32 [ 8.3600e-139 1.5441e-108 7.6106e-65 4.0674e-57 4.9362e-53 4.0850e-32 ] 0.0000e+00 [ 0.0000e+00 ] 1.0000e+00
 4.715e+01 3.2891e-32 3.2891e-32 [ 2.9062e-139 6.3163e-109 6.1535e-65 3.0927e-57 3.7557e-53 3.2891e-32 ] 0.0000e+00 [ 0.0000e+00 ] 1.0000e+00
 4.726e+01 2.6476e-32 2.6476e-32 [ 1.0099e-139 2.5821e-109 4.9837e-65 2.3514e-57 2.8574e-53 2.6476e-32 ] 0.0000e+00 [ 0.0000e+00 ] 1.0000e+00
 4.737e+01 2.1307e-32 2.1307e-32 [ 3.5085e-140 1.0549e-109 4.0425e-65 1.7878e-57 2.1739e-53 2.1307e-32 ] 0.0000e+00 [ 0.0000e+00 ] 1.0000e+00
 4.749e+01 1.7144e-32 1.7144e-32 [ 1.2184e-140 4.3069e-110 3.2838e-65 1.3592e-57 1.6538e-53 1.7144e-32 ] 0.0000e+00 [ 0.0000e+00 ] 1.0000e+00
 4.760e+01 1.3791e-32 1.3791e-32 [ 4.2299e-141 1.7573e-110 2.6711e-65 1.0333e-57 1.2581e-53 1.3791e-32 ] 0.0000e+00 [ 0.0000e+00 ] 1.0000e+00
 4.771e+01 1.1091e-32 1.1091e-32 [ 1.4680e-141 7.1652e-111 2.1754e-65 7.8545e-58 9.5706e-54 1.1091e-32 ] 0.0000e+00 [ 0.0000e+00 ] 1.0000e+00
 4.783e+01 8.9174e-33 8.9174e-33 [ 5.0929e-142 2.9198e-111 1.7738e-65 5.9704e-58 7.2802e-54 8.9174e-33 ] 0.0000e+00 [ 0.0000e+00 ] 1.0000e+00
 4.794e+01 7.1682e-33 7.1682e-33 [ 1.7663e-142 1.1890e-111 1.4477e-65 4.5380e-58 5.5376e-54 7.1682e-33 ] 0.0000e+00 [ 0.0000e+00 ] 1.0000e+00
 4.805e+01 5.7609e-33 5.7609e-33 [ 6.1239e-143 4.8390e-112 1.1827e-65 3.4491e-58 4.2120e-54 5.7609e-33 ] 0.0000e+00 [ 0.0000e+00 ] 1.0000e+00
 4.817e+01 4.6288e-33 4.6288e-33 [ 2.1225e-143 1.9681e-112 9.6705e-66 2.6212e-58 3.2036e-54 4.6288e-33 ] 0.0000e+00 [ 0.0000e+00 ] 1.0000e+00
 4.828e+01 3.7183e-33 3.7183e-33 [ 7.3540e-144 7.9999e-113 7.9128e-66 1.9920e-58 2.4365e-54 3.7183e-33 ] 0.0000e+00 [ 0.0000e+00 ] 1.0000e+00
 4.839e+01 2.9863e-33 2.9863e-33 [ 2.5472e-144 3.2497e-113 6.4787e-66 1.5137e-58 1.8530e-54 2.9863e-33 ] 0.0000e+00 [ 0.0000e+00 ] 1.0000e+00
 4.851e+01 2.3978e-33 2.3978e-33 [ 8.8197e-145 1.3193e-113 5.3075e-66 1.1501e-58 1.4091e-54 2.3978e-33 ] 0.0000e+00 [ 0.0000e+00 ] 1.0000e+00
 4.862e+01 1.9248e-33 1.9248e-33 [ 3.0529e-145 5.3525e-114 4.3501e-66 8.7383e-59 1.0715e-54 1.9248e-33 ] 0.0000e+00 [ 0.0000e+00 ] 1.0000e+00
 4.873e+01 1.5448e-33 1.5448e-33 [ 1.0564e-145 2.1703e-114 3.5668e-66 6.6385e-59 8.1476e-55 1.5448e-33 ] 0.0000e+00 [ 0.0000e+00 ] 1.0000e+00
 4.885e+01 1.2396e-33 1.2396e-33 [ 3.6544e-146 8.7948e-115 2.9255e-66 5.0429e-59 6.1948e-55 1.2396e-33 ] 0.0000e+00 [ 0.0000e+00 ] 1.0000e+00
 4.896e+01 9.9443e-34 9.9443e-34 [ 1.2637e-146 3.5618e-115 2.4001e-66 3.8305e-59 4.7098e-55 9.9443e-34 ] 0.0000e+00 [ 0.0000e+00 ] 1.0000e+00
 4.907e+01 7.9758e-34 7.9758e-34 [ 4.3688e-147 1.4417e-115 1.9694e-66 2.9093e-59 3.5805e-55 7.9758e-34 ] 0.0000e+00 [ 0.0000e+00 ] 1.0000e+00
 4.919e+01 6.3955e-34 6.3955e-34 [ 1.5099e-147 5.8317e-116 1.6162e-66 2.2094e-59 2.7218e-55 6.3955e-34 ] 0.0000e+00 [ 0.0000e+00 ] 1.0000e+00
 4.930e+01 5.1273e-34 5.1273e-34 [ 5.2164e-148 2.3576e-116 1.3264e-66 1.6778e-59 2.0688e-55 5.1273e-34 ] 0.0000e+00 [ 0.0000e+00 ] 1.0000e+00
 4.941e+01 4.1096e-34 4.1096e-34 [ 1.8017e-148 9.5261e-117 1.0886e-66 1.2739e-59 1.5724e-55 4.1096e-34 ] 0.0000e+00 [ 0.0000e+00 ] 1.0000e+00
 4.953e+01 3.2932e-34 3.2932e-34 [ 6.2207e-149 3.8468e-117 8.9336e-67 9.6714e-60 1.1950e-55 3.2932e-34 ] 0.0000e+00 [ 0.0000e+00 ] 1.0000e+00
 4.964e+01 2.6384e-34 2.6384e-34 [ 2.1472e-149 1.5526e-117 7.3308e-67 7.3417e-60 9.0809e-56 2.6384e-34 ] 0.0000e+00 [ 0.0000e+00 ] 1.0000e+00
 4.975e+01 2.1134e-34 2.1134e-34 [ 7.4093e-150 6.2628e-118 6.0147e-67 5.5726e-60 6.9000e-56 2.1134e-34 ] 0.0000e+00 [ 0.0000e+00 ] 1.0000e+00
 4.987e+01 1.6924e-34 1.6924e-34 [ 2.5559e-150 2.5250e-118 4.9340e-67 4.2293e-60 5.2424e-56 1.6924e-34 ] 0.0000e+00 [ 0.0000e+00 ] 1.0000e+00
 4.998e+01 1.3551e-34 1.3551e-34 [ 8.8143e-151 1.0175e-118 4.0466e-67 3.2093e-60 3.9826e-56 1.3551e-34 ] 0.0000e+00 [ 0.0000e+00 ] 1.0000e+00
 5.009e+01 1.0847e-34 1.0847e-34 [ 3.0388e-151 4.0980e-119 3.3180e-67 2.4351e-60 3.0252e-56 1.0847e-34 ] 0.0000e+00 [ 0.0000e+00 ] 1.0000e+00
 5.021e+01 8.6810e-35 8.6810e-35 [ 1.0473e-151 1.6497e-119 2.7197e-67 1.8474e-60 2.2976e-56 8.6810e-35 ] 0.0000e+00 [ 0.0000e+00 ] 1.0000e+00
 5.032e+01 6.9460e-35 6.9460e-35 [ 3.6085e-152 6.6385e-120 2.2286e-67 1.4013e-60 1.7449e-56 6.9460e-35 ] 0.0000e+00 [ 0.0000e+00 ] 1.0000e+00
 5.043e+01 5.5566e-35 5.5566e-35 [ 1.2429e-152 2.6702e-120 1.8256e-67 1.0628e-60 1.3249e-56 5.5566e-35 ] 0.0000e+00 [ 0.0000e+00 ] 1.0000e+00
 5.055e+01 4.4442e-35 4.4442e-35 [ 4.2799e-153 1.0737e-120 1.4948e-67 8.0591e-61 1.0059e-56 4.4442e-35 ] 0.0000e+00 [ 0.0000e+00 ] 1.0000e+00
 5.066e+01 3.5538e-35 3.5538e-35 [ 1.4733e-153 4.3159e-121 1.2235e-67 6.1103e-61 7.6362e-57 3.5538e-35 ] 0.0000e+00 [ 0.0000e+00 ] 1.0000e+00
 5.077e+01 2.8412e-35 2.8412e-35 [ 5.0703e-154 1.7345e-121 1.0010e-67 4.6321e-61 5.7960e-57 2.8412e-35 ] 0.0000e+00 [ 0.0000e+00 ] 1.0000e+00
 5.089e+01 2.2710e-35 2.2710e-35 [ 1.7444e-154 6.9697e-122 8.1861e-68 3.5108e-61 4.3986e-57 2.2710e-35 ] 0.0000e+00 [ 0.0000e+00 ] 1.0000e+00
 5.100e+01 1.8148e-35 1.8148e-35 [ 5.9997e-155 2.8006e-122 6.6912e-68 2.6605e-61 3.3375e-57 1.8148e-35 ] 0.0000e+00 [ 0.0000e+00 ] 1.0000e+00
 5.111e+01 1.4500e-35 1.4500e-35 [ 2.0630e-155 1.1255e-122 5.4666e-68 2.0158e-61 2.5320e-57 1.4500e-35 ] 0.0000e+00 [ 0.0000e+00 ] 1.0000e+00
 5.123e+01 1.1583e-35 1.1583e-35 [ 7.0913e-156 4.5250e-123 4.4638e-68 1.5270e-61 1.9206e-57 1.1583e-35 ] 0.0000e+00 [ 0.0000e+00 ] 1.0000e+00
 5.134e+01 9.2507e-36 9.2507e-36 [ 2.4369e-156 1.8203e-123 3.6431e-68 1.1566e-61 1.4566e-57 9.2507e-36 ] 0.0000e+00 [ 0.0000e+00 ] 1.0000e+00
 5.145e+01 7.3866e-36 7.3866e-36 [ 8.3719e-157 7.3290e-124 2.9715e-68 8.7579e-62 1.1044e-57 7.3866e-36 ] 0.0000e+00 [ 0.0000e+00 ] 1.0000e+00
 5.157e+01 5.8970e-36 5.8970e-36 [ 2.8753e-157 2.9548e-124 2.4224e-68 6.6304e-62 8.3727e-58 5.8970e-36 ] 0.0000e+00 [ 0.0000e+00 ] 1.0000e+00
 5.168e+01 4.7068e-36 4.7068e-36 [ 9.8726e-158 1.1934e-124 1.9736e-68 5.0187e-62 6.3460e-58 4.7068e-36 ] 0.0000e+00 [ 0.0000e+00 ] 1.0000e+00
 5.179e+01 3.7561e-36 3.7561e-36 [ 3.3888e-158 4.8319e-125 1.6070e-68 3.7979e-62 4.8089e-58 3.7561e-36 ] 0.0000e+00 [ 0.0000e+00 ] 1.0000e+00
 5.191e+01 2.9968e-36 2.9968e-36 [ 1.1629e-158 1.9626e-125 1.3077e-68 2.8734e-62 3.6433e-58 2.9968e-36 ] 0.0000e+00 [ 0.0000e+00 ] 1.0000e+00
 5.202e+01 2.3905e-36 2.3905e-36 [ 3.9896e-159 8.0049e-126 1.0635e-68 2.1735e-62 2.7596e-58 2.3905e-36 ] 0.0000e+00 [ 0.0000e+00 ] 1.0000e+00
 5.213e+01 1.9065e-36 1.9065e-36 [ 1.3683e-159 3.2821e-126 8.6427e-69 1.6436e-62 2.0897e-58 1.9065e-36 ] 0.0000e+00 [ 0.0000e+00 ] 1.0000e+00
 5.225e+01 1.5202e-36 1.5202e-36 [ 4.6917e-160 1.3545e-126 7.0193e-69 1.2426e-62 1.5821e-58 1.5202e-36 ] 0.0000e+00 [ 0.0000e+00 ] 1.0000e+00
 5.236e+01 1.2120e-36 1.2120e-36 [ 1.6083e-160 5.6349e-127 5.6969e-69 9.3924e-63 1.1974e-58 1.2120e-36 ] 0.0000e+00 [ 0.0000e+00 ] 1.0000e+00
 5.247e+01 9.6603e-37 9.6603e-37 [ 5.5114e-161 2.3667e-127 4.6205e-69 7.0973e-63 9.0605e-59 9.6603e-37 ] 0.0000e+00 [ 0.0000e+00 ] 1.0000e+00
 5.259e+01 7.6985e-37 7.6985e-37 [ 1.8882e-161 1.0052e-127 3.7449e-69 5.3616e-63 6.8539e-59 7.6985e-37 ] 0.0000e+00 [ 0.0000e+00 ] 1.0000e+00
 5.270e+01 6.1339e-37 6.1339e-37 [ 6.4673e-162 4.3244e-128 3.0330e-69 4.0492e-63 5.1832e-59 6.1339e-37 ] 0.0000e+00 [ 0.0000e+00 ] 1.0000e+00
 5.281e+01 4.8864e-37 4.8864e-37 [ 2.2145e-162 1.8868e-128 2.4547e-69 3.0572e-63 3.9185e-59 4.8864e-37 ] 0.0000e+00 [ 0.0000e+00 ] 1.0000e+00
 5.293e+01 3.8918e-37 3.8918e-37 [ 7.5809e-163 8.3589e-129 1.9851e-69 2.3075e-63 2.9615e-59 3.8918e-37 ] 0.0000e+00 [ 0.0000e+00 ] 1.0000e+00
 5.304e+01 3.0991e-37 3.0991e-37 [ 2.5945e-163 3.7621e-129 1.6042e-69 1.7412e-63 2.2375e-59 3.0991e-37 ] 0.0000e+00 [ 0.0000e+00 ] 1.0000e+00
 5.315e+01 2.4674e-37 2.4674e-37 [ 8.8771e-164 1.7203e-129 1.2953e-69 1.3134e-63 1.6899e-59 2.4674e-37 ] 0.0000e+00 [ 0.0000e+00 ] 1.0000e+00
 5.327e+01 1.9641e-37 1.9641e-37 [ 3.0365e-164 7.9891e-130 1.0451e-69 9.9044e-64 1.2759e-59 1.9641e-37 ] 0.0000e+00 [ 0.0000e+00 ] 1.0000e+00
 5.338e+01 1.5632e-37 1.5632e-37 [ 1.0384e-164 3.7643e-130 8.4257e-70 7.4664e-64 9.6291e-60 1.5632e-37 ] 0.0000e+00 [ 0.0000e+00 ] 1.0000e+00
 5.349e+01 1.2438e-37 1.2438e-37 [ 3.5502e-165 1.7971e-130 6.7872e-70 5.6267e-64 7.2644e-60 1.2438e-37 ] 0.0000e+00 [ 0.0000e+00 ] 1.0000e+00
 5.361e+01 9.8956e-38 9.8956e-38 [ 1.2135e-165 8.6801e-131 5.4628e-70 4.2388e-64 5.4783e-60 9.8956e-38 ] 0.0000e+00 [ 0.0000e+00 ] 1.0000e+00
 5.372e+01 7.8713e-38 7.8713e-38 [ 4.1468e-166 4.2344e-131 4.3931e-70 3.1921e-64 4.1296e-60 7.8713e-38 ] 0.0000e+00 [ 0.0000e+00 ] 1.0000e+00
 5.383e+01 6.2599e-38 6.2599e-38 [ 1.4167e-166 2.0830e-131 3.5298e-70 2.4031e-64 3.1116e-60 6.2599e-38 ] 0.0000e+00 [ 0.0000e+00 ] 1.0000e+00
 5.395e+01 4.9776e-38 4.9776e-38 [ 4.8390e-167 1.0316e-131 2.8337e-70 1.8084e-64 2.3435e-60 4.9776e-38 ] 0.0000e+00 [ 0.0000e+00 ] 1.0000e+00
 5.406e+01 3.9572e-38 3.9572e-38 [ 1.6525e-167 5.1368e-132 2.2728e-70 1.3604e-64 1.7642e-60 3.9572e-38 ] 0.0000e+00 [ 0.0000e+00 ] 1.0000e+00
 5.417e+01 3.1454e-38 3.1454e-38 [ 5.6418e-168 2.5686e-132 1.8213e-70 1.0230e-64 1.3275e-60 3.1454e-38 ] 0.0000e+00 [ 0.0000e+00 ] 1.0000e+00
 5.429e+01 2.4997e-38 2.4997e-38 [ 1.9258e-168 1.2885e-132 1.4581e-70 7.6894e-65 9.9833e-61 2.4997e-38 ] 0.0000e+00 [ 0.0000e+00 ] 1.0000e+00
 5.440e+01 1.9862e-38 1.9862e-38 [ 6.5727e-169 6.4785e-133 1.1662e-70 5.7777e-65 7.5041e-61 1.9862e-38 ] 0.0000e+00 [ 0.0000e+00 ] 1.0000e+00
 5.451e+01 1.5779e-38 1.5779e-38 [ 2.2428e-169 3.2627e-133 9.3183e-71 4.3395e-65 5.6375e-61 1.5779e-38 ] 0.0000e+00 [ 0.0000e+00 ] 1.0000e+00
 5.463e+01 1.2533e-38 1.2533e-38 [ 7.6523e-170 1.6448e-133 7.4383e-71 3.2580e-65 4.2328e-61 1.2533e-38 ] 0.0000e+00 [ 0.0000e+00 ] 1.0000e+00
 5.474e+01 9.9536e-39 9.9536e-39 [ 2.6106e-170 8.2972e-134 5.9315e-71 2.4450e-65 3.1762e-61 9.9536e-39 ] 0.0000e+00 [ 0.0000e+00 ] 1.0000e+00
 5.485e+01 7.9034e-39 7.9034e-39 [ 8.9057e-171 4.1863e-134 4.7251e-71 1.8341e-65 2.3819e-61 7.9034e-39 ] 0.0000e+00 [ 0.0000e+00 ] 1.0000e+00
 5.497e+01 6.2744e-39 6.2744e-39 [ 3.0380e-171 2.1120e-134 3.7600e-71 1.3753e-65 1.7851e-61 6.2744e-39 ] 0.0000e+00 [ 0.0000e+00 ] 1.0000e+00
 5.508e+01 4.9803e-39 4.9803e-39 [ 1.0364e-171 1.0652e-134 2.9887e-71 1.0308e-65 1.3369e-61 4.9803e-39 ] 0.0000e+00 [ 0.0000e+00 ] 1.0000e+00
 5.519e+01 3.9525e-39 3.9525e-39 [ 3.5361e-172 5.3692e-135 2.3730e-71 7.7225e-66 1.0005e-61 3.9525e-39 ] 0.0000e+00 [ 0.0000e+00 ] 1.0000e+00
 5.531e+01 3.1362e-39 3.1362e-39 [ 1.2068e-172 2.7046e-135 1.8820e-71 5.7829e-66 7.4826e-62 3.1362e-39 ] 0.0000e+00 [ 0.0000e+00 ] 1.0000e+00
 5.542e+01 2.4881e-39 2.4881e-39 [ 4.1201e-173 1.3613e-135 1.4908e-71 4.3285e-66 5.5916e-62 2.4881e-39 ] 0.0000e+00 [ 0.0000e+00 ] 1.0000e+00
 5.553e+01 1.9736e-39 1.9736e-39 [ 1.4074e-173 6.8450e-136 1.1794e-71 3.2384e-66 4.1752e-62 1.9736e-39 ] 0.0000e+00 [ 0.0000e+00 ] 1.0000e+00
 5.565e+01 1.5652e-39 1.5652e-39 [ 4.8110e-174 3.4384e-136 9.3197e-72 2.4217e-66 3.1149e-62 1.5652e-39 ] 0.0000e+00 [ 0.0000e+00 ] 1.0000e+00
 5.576e+01 1.2411e-39 1.2411e-39 [ 1.6462e-174 1.7253e-136 7.3546e-72 1.8101e-66 2.3218e-62 1.2411e-39 ] 0.0000e+00 [ 0.0000e+00 ] 1.0000e+00
 5.587e+01 9.8396e-40 9.8396e-40 [ 5.6404e-175 8.6463e-137 5.7961e-72 1.3523e-66 1.7291e-62 9.8396e-40 ] 0.0000e+00 [ 0.0000e+00 ] 1.0000e+00
 5.599e+01 7.7995e-40 7.7995e-40 [ 1.9359e-175 4.3276e-137 4.5615e-72 1.0098e-66 1.2864e-62 7.7995e-40 ] 0.0000e+00 [ 0.0000e+00 ] 1.0000e+00
 5.610e+01 6.1813e-40 6.1813e-40 [ 6.6586e-176 2.1632e-137 3.5847e-72 7.5365e-67 9.5605e-63 6.1813e-40 ] 0.0000e+00 [ 0.0000e+00 ] 1.0000e+00
 5.621e+01 4.8979e-40 4.8979e-40 [ 2.2965e-176 1.0797e-137 2.8129e-72 5.6219e-67 7.0977e-63 4.8979e-40 ] 0.0000e+00 [ 0.0000e+00 ] 1.0000e+00
 5.633e+01 3.8803e-40 3.8803e-40 [ 7.9478e-177 5.3814e-138 2.2038e-72 4.1914e-67 5.2633e-63 3.8803e-40 ] 0.0000e+00 [ 0.0000e+00 ] 1.0000e+00
 5.644e+01 3.0735e-40 3.0735e-40 [ 2.7621e-177 2.6779e-138 1.7238e-72 3.1232e-67 3.8983e-63 3.0735e-40 ] 0.0000e+00 [ 0.0000e+00 ] 1.0000e+00
 5.655e+01 2.4340e-40 2.4340e-40 [ 9.6483e-178 1.3304e-138 1.3461e-72 2.3259e-67 2.8836e-63 2.4340e-40 ] 0.0000e+00 [ 0.0000e+00 ] 1.0000e+00
 5.667e+01 1.9271e-40 1.9271e-40 [ 3.3908e-178 6.5981e-139 1.0493e-72 1.7311e-67 2.1301e-63 1.9271e-40 ] 0.0000e+00 [ 0.0000e+00 ] 1.0000e+00
 5.678e+01 1.5255e-40 1.5255e-40 [ 1.2002e-178 3.2664e-139 8.1641e-73 1.2876e-67 1.5712e-63 1.5255e-40 ] 0.0000e+00 [ 0.0000e+00 ] 1.0000e+00
 5.689e+01 1.2072e-40 1.2072e-40 [ 4.2834e-179 1.6140e-139 6.3397e-73 9.5705e-68 1.1571e-63 1.2072e-40 ] 0.0000e+00 [ 0.0000e+00 ] 1.0000e+00
 5.701e+01 9.5512e-41 9.5512e-41 [ 1.5430e-179 7.9587e-140 4.9128e-73 7.1085e-68 8.5074e-64 9.5512e-41 ] 0.0000e+00 [ 0.0000e+00 ] 1.0000e+00
 5.712e+01 7.5544e-41 7.5544e-41 [ 5.6158e-180 3.9161e-140 3.7987e-73 5.2757e-68 6.2438e-64 7.5544e-41 ] 0.0000e+00 [ 0.0000e+00 ] 1.0000e+00
 5.723e+01 5.9730e-41 5.9730e-41 [ 2.0665e-180 1.9225e-140 2.9304e-73 3.9121e-68 4.5736e-64 5.9730e-41 ] 0.0000e+00 [ 0.0000e+00 ] 1.0000e+00
 5.735e+01 4.7209e-41 4.7209e-41 [ 7.6925e-181 9.4154e-141 2.2550e-73 2.8981e-68 3.3432e-64 4.7209e-41 ] 0.0000e+00 [ 0.0000e+00 ] 1.0000e+00
 5.746e+01 3.7296e-41 3.7296e-41 [ 2.8970e-181 4.5991e-141 1.7307e-73 2.1446e-68 2.4383e-64 3.7296e-41 ] 0.0000e+00 [ 0.0000e+00 ] 1.0000e+00
 5.757e+01 2.9448e-41 2.9448e-41 [ 1.1035e-181 2.2402e-141 1.3244e-73 1.5851e-68 1.7740e-64 2.9448e-41 ] 0.0000e+00 [ 0.0000e+00 ] 1.0000e+00
 5.769e+01 2.3238e-41 2.3238e-41 [ 4.2490e-182 1.0878e-141 1.0104e-73 1.1699e-68 1.2871e-64 2.3238e-41 ] 0.0000e+00 [ 0.0000e+00 ] 1.0000e+00
 5.780e+01 1.8322e-41 1.8322e-41 [ 1.6521e-182 5.2651e-142 7.6817e-74 8.6210e-69 9.3110e-65 1.8322e-41 ] 0.0000e+00 [ 0.0000e+00 ] 1.0000e+00
 5.791e+01 1.4433e-41 1.4433e-41 [ 6.4788e-183 2.5391e-142 5.8185e-74 6.3405e-69 6.7134e-65 1.4433e-41 ] 0.0000e+00 [ 0.0000e+00 ] 1.0000e+00
 5.803e+01 1.1356e-41 1.1356e-41 [ 2.5585e-183 1.2195e-142 4.3890e-74 4.6528e-69 4.8226e-65 1.1356e-41 ] 0.0000e+00 [ 0.0000e+00 ] 1.0000e+00
 5.814e+01 8.9213e-42 8.9213e-42 [ 1.0158e-183 5.8317e-143 3.2954e-74 3.4051e-69 3.4499e-65 8.9213e-42 ] 0.0000e+00 [ 0.0000e+00 ] 1.0000e+00
 5.825e+01 6.9952e-42 6.9952e-42 [ 4.0474e-184 2.7747e-143 2.4612e-74 2.4838e-69 2.4563e-65 6.9952e-42 ] 0.0000e+00 [ 0.0000e+00 ] 1.0000e+00
 5.837e+01 5.4713e-42 5.4713e-42 [ 1.6155e-184 1.3128e-143 1.8272e-74 1.8045e-69 1.7393e-65 5.4713e-42 ] 0.0000e+00 [ 0.0000e+00 ] 1.0000e+00
 5.848e+01 4.2654e-42 4.2654e-42 [ 6.4476e-185 6.1709e-144 1.3469e-74 1.3044e-69 1.2238e-65 4.2654e-42 ] 0.0000e+00 [ 0.0000e+00 ] 1.0000e+00
 5.859e+01 3.3108e-42 3.3108e-42 [ 2.5678e-185 2.8790e-144 9.8452e-75 9.3686e-70 8.5453e-66 3.3108e-42 ] 0.0000e+00 [ 0.0000e+00 ] 1.0000e+00
 5.871e+01 2.5548e-42 2.5548e-42 [ 1.0182e-185 1.3314e-144 7.1229e-75 6.6738e-70 5.9119e-66 2.5548e-42 ] 0.0000e+00 [ 0.0000e+00 ] 1.0000e+00
 5.882e+01 1.9555e-42 1.9555e-42 [ 4.0104e-186 6.0923e-145 5.0877e-75 4.7028e-70 4.0430e-66 1.9555e-42 ] 0.0000e+00 [ 0.0000e+00 ] 1.0000e+00
 5.893e+01 1.4798e-42 1.4798e-42 [ 1.5642e-186 2.7518e-145 3.5743e-75 3.2659e-70 2.7241e-66 1.4798e-42 ] 0.0000e+00 [ 0.0000e+00 ] 1.0000e+00
 5.905e+01 1.1017e-42 1.1017e-42 [ 6.0189e-187 1.2229e-145 2.4564e-75 2.2227e-70 1.7992e-66 1.1017e-42 ] 0.0000e+00 [ 0.0000e+00 ] 1.0000e+00
 5.916e+01 8.0068e-43 8.0068e-43 [ 2.2726e-187 5.3196e-146 1.6374e-75 1.4698e-70 1.1558e-66 8.0068e-43 ] 0.0000e+00 [ 0.0000e+00 ] 1.0000e+00
 5.927e+01 5.6093e-43 5.6093e-43 [ 8.3526e-188 2.2472e-146 1.0441e-75 9.3128e-71 7.1268e-67 5.6093e-43 ] 0.0000e+00 [ 0.0000e+00 ] 1.0000e+00
 5.939e+01 3.7055e-43 3.7055e-43 [ 2.9478e-188 9.0873e-147 6.2175e-76 5.5187e-71 4.1219e-67 3.7055e-43 ] 0.0000e+00 [ 0.0000e+00 ] 1.0000e+00
 5.950e+01 2.2135e-43 2.2135e-43 [ 9.7143e-189 3.4109e-147 3.3018e-76 2.9201e-71 2.1370e-67 2.2135e-43 ] 0.0000e+00 [ 0.0000e+00 ] 1.0000e+00
 5.961e+01 1.0890e-43 1.0890e-43 [ 2.7759e-189 1.0948e-147 1.4072e-76 1.2415e-71 8.9458e-68 1.0890e-43 ] 0.0000e+00 [ 0.0000e+00 ] 1.0000e+00
 5.973e+01 3.3171e-44 3.3171e-44 [ 5.1366e-190 2.2067e-148 3.4292e-77 3.0211e-72 2.1560e-68 3.3171e-44 ] 0.0000e+00 [ 0.0000e+00 ] 1.0000e+00
 5.984e+01 0.0000e+00 0.0000e+00 [ 0.0000e+00 0.0000e+00 0.0000e+00 0.0000e+00 0.0000e+00 0.0000e+00 ] 0.0000e+00 [ 0.0000e+00 ] 1.0000e+00
