 0.000e+00 0.0000e+00 0.0000e+00 [ 0.0000e+00 0.0000e+00 0.0000e+00 0.0000e+00 ] 0.0000e+00 [ 0.0000e+00 ] 1.0000e+00
 1.133e-01 4.6999e-03 4.6999e-03 [ 4.4047e-03 1.8741e-04 9.9679e-05 8.0804e-06 ] 0.0000e+00 [ 0.0000e+00 ] 9.9530e-01
 2.267e-01 9.4900e-03 9.4900e-03 [ 8.3262e-03 7.3545e-04 3.9648e-04 3.1938e-05 ] 0.0000e+00 [ 0.0000e+00 ] 9.9051e-01
 3.400e-01 1.4228e-02 1.4228e-02 [ 1.1673e-02 1.6018e-03 8.8292e-04 7.1042e-05 ] 0.0000e+00 [ 0.0000e+00 ] 9.8577e-01
 4.533e-01 1.8972e-02 1.8972e-02 [ 1.4582e-02 2.7200e-03 1.5456e-03 1.2481e-04 ] 0.0000e+00 [ 0.0000e+00 ] 9.8103e-01
 5.667e-01 2.3654e-02 2.3654e-02 [ 1.7089e-02 4.0073e-03 2.3653e-03 1.9251e-04 ] 0.0000e+00 [ 0.0000e+00 ] 9.7635e-01
 6.800e-01 2.8173e-02 2.8173e-02 [ 1.9207e-02 5.3751e-03 3.3178e-03 2.7327e-04 ] 0.0000e+00 [ 0.0000e+00 ] 9.7183e-01
 7.933e-01 3.2414e-02 3.2414e-02 [ 2.0935e-02 6.7384e-03 4.3749e-03 3.6599e-04 ] 0.0000e+00 [ 0.0000e+00 ] 9.6759e-01
 9.067e-01 3.6269e-02 3.6269e-02 [ 2.2268e-02 8.0247e-03 5.5063e-03 4.6940e-04 ] 0.0000e+00 [ 0.0000e+00 ] 9.6373e-01
 1.020e+00 3.9646e-02 3.9646e-02 [ 2.3204e-02 9.1786e-03 6.6815e-03 5.8206e-04 ] 0.0000e+00 [ 0.0000e+00 ] 9.6035e-01
 1.133e+00 4.2483e-02 4.2483e-02 [ 2.3745e-02 1.0164e-02 7.8712e-03 7.0244e-04 ] 0.0000e+00 [ 0.0000e+00 ] 9.5752e-01
 1.247e+00 4.4749e-02 4.4749e-02 [ 2.3906e-02 1.0964e-02 9.0490e-03 8.2894e-04 ] 0.0000e+00 [ 0.0000e+00 ] 9.5525e-01
 1.360e+00 4.6446e-02 4.6446e-02 [ 2.3715e-02 1.1578e-02 1.0193e-02 9.6001e-04 ] 0.0000e+00 [ 0.0000e+00 ] 9.5355e-01
 1.473e+00 4.7603e-02 4.7603e-02 [ 2.3209e-02 1.2015e-02 1.1285e-02 1.0942e-03 ] 0.0000e+00 [ 0.0000e+00 ] 9.5240e-01
 1.587e+00 4.8273e-02 4.8273e-02 [ 2.2435e-02 1.2296e-02 1.2312e-02 1.2303e-03 ] 0.0000e+00 [ 0.0000e+00 ] 9.5173e-01
 1.700e+00 4.8523e-02 4.8523e-02 [ 2.1444e-02 1.2443e-02 1.3268e-02 1.3672e-03 ] 0.0000e+00 [ 0.0000e+00 ] 9.5148e-01
 1.813e+00 4.8427e-02 4.8427e-02 [ 2.0291e-02 1.2482e-02 1.4149e-02 1.5040e-03 ] 0.0000e+00 [ 0.0000e+00 ] 9.5157e-01
 1.927e+00 4.8064e-02 4.8064e-02 [ 1.9030e-02 1.2437e-02 1.4957e-02 1.6404e-03 ] 0.0000e+00 [ 0.0000e+00 ] 9.5194e-01
 2.040e+00 4.7506e-02 4.7506e-02 [ 1.7707e-02 1.2330e-02 1.5693e-02 1.7760e-03 ] 0.0000e+00 [ 0.0000e+00 ] 9.5249e-01
 2.153e+00 4.6820e-02 4.6820e-02 [ 1.6365e-02 1.2178e-02 1.6366e-02 1.9107e-03 ] 0.0000e+00 [ 0.0000e+00 ] 9.5318e-01
 2.267e+00 4.6063e-02 4.6063e-02 [ 1.5038e-02 1.1999e-02 1.6981e-02 2.0448e-03 ] 0.0000e+00 [ 0.0000e+00 ] 9.5394e-01
 2.380e+00 4.5282e-02 4.5282e-02 [ 1.3753e-02 1.1802e-02 1.7548e-02 2.1787e-03 ] 0.0000e+00 [ 0.0000e+00 ] 9.5472e-01
 2.493e+00 4.4514e-02 4.4514e-02 [ 1.2528e-02 1.1599e-02 1.8074e-02 2.3130e-03 ] 0.0000e+00 [ 0.0000e+00 ] 9.5549e-01
 2.607e+00 4.3786e-02 4.3786e-02 [ 1.1376e-02 1.1393e-02 1.8569e-02 2.4482e-03 ] 0.0000e+00 [ 0.0000e+00 ] 9.5621e-01
 2.720e+00 4.3118e-02 4.3118e-02 [ 1.0303e-02 1.1191e-02 1.9039e-02 2.5852e-03 ] 0.0000e+00 [ 0.0000e+00 ] 9.5688e-01
 2.833e+00 4.2522e-02 4.2522e-02 [ 9.3125e-03 1.0993e-02 1.9492e-02 2.7250e-03 ] 0.0000e+00 [ 0.0000e+00 ] 9.5748e-01
 2.947e+00 4.2006e-02 4.2006e-02 [ 8.4027e-03 1.0802e-02 1.9934e-02 2.8683e-03 ] 0.0000e+00 [ 0.0000e+00 ] 9.5799e-01
 3.060e+00 4.1573e-02 4.1573e-02 [ 7.5708e-03 1.0615e-02 2.0371e-02 3.0163e-03 ] 0.0000e+00 [ 0.0000e+00 ] 9.5843e-01
 3.173e+00 4.1223e-02 4.1223e-02 [ 6.8124e-03 1.0434e-02 2.0808e-02 3.1699e-03 ] 0.0000e+00 [ 0.0000e+00 ] 9.5878e-01
 3.287e+00 4.0956e-02 4.0956e-02 [ 6.1220e-03 1.0255e-02 2.1248e-02 3.3303e-03 ] 0.0000e+00 [ 0.0000e+00 ] 9.5904e-01
 3.400e+00 4.0767e-02 4.0767e-02 [ 5.4943e-03 1.0079e-02 2.1696e-02 3.4985e-03 ] 0.0000e+00 [ 0.0000e+00 ] 9.5923e-01
 3.513e+00 4.0655e-02 4.0655e-02 [ 4.9238e-03 9.9019e-03 2.2154e-02 3.6758e-03 ] 0.0000e+00 [ 0.0000e+00 ] 9.5934e-01
 3.627e+00 4.0616e-02 4.0616e-02 [ 4.4055e-03 9.7234e-03 2.2624e-02 3.8633e-03 ] 0.0000e+00 [ 0.0000e+00 ] 9.5938e-01
 3.740e+00 4.0646e-02 4.0646e-02 [ 3.9345e-03 9.5416e-03 2.3108e-02 4.0624e-03 ] 0.0000e+00 [ 0.0000e+00 ] 9.5935e-01
 3.853e+00 4.0743e-02 4.0743e-02 [ 3.5068e-03 9.3550e-03 2.3607e-02 4.2742e-03 ] 0.0000e+00 [ 0.0000e+00 ] 9.5926e-01
 3.967e+00 4.0904e-02 4.0904e-02 [ 3.1185e-03 9.1622e-03 2.4123e-02 4.5003e-03 ] 0.0000e+00 [ 0.0000e+00 ] 9.5910e-01
 4.080e+00 4.1126e-02 4.1126e-02 [ 2.7662e-03 8.9622e-03 2.4655e-02 4.7419e-03 ] 0.0000e+00 [ 0.0000e+00 ] 9.5887e-01
 4.193e+00 4.1407e-02 4.1407e-02 [ 2.4469e-03 8.7542e-03 2.5205e-02 5.0006e-03 ] 0.0000e+00 [ 0.0000e+00 ] 9.5859e-01
 4.307e+00 4.1746e-02 4.1746e-02 [ 2.1581e-03 8.5377e-03 2.5772e-02 5.2780e-03 ] 0.0000e+00 [ 0.0000e+00 ] 9.5825e-01
 4.420e+00 4.2142e-02 4.2142e-02 [ 1.8972e-03 8.3121e-03 2.6356e-02 5.5757e-03 ] 0.0000e+00 [ 0.0000e+00 ] 9.5786e-01
 4.533e+00 4.2592e-02 4.2592e-02 [ 1.6623e-03 8.0776e-03 2.6957e-02 5.8953e-03 ] 0.0000e+00 [ 0.0000e+00 ] 9.5741e-01
 4.647e+00 4.3098e-02 4.3098e-02 [ 1.4511e-03 7.8340e-03 2.7574e-02 6.2387e-03 ] 0.0000e+00 [ 0.0000e+00 ] 9.5690e-01
 4.760e+00 4.3658e-02 4.3658e-02 [ 1.2620e-03 7.5817e-03 2.8206e-02 6.6078e-03 ] 0.0000e+00 [ 0.0000e+00 ] 9.5634e-01
 4.873e+00 4.4271e-02 4.4271e-02 [ 1.0933e-03 7.3213e-03 2.8852e-02 7.0044e-03 ] 0.0000e+00 [ 0.0000e+00 ] 9.5573e-01
 4.987e+00 4.4938e-02 4.4938e-02 [ 9.4316e-04 7.0533e-03 2.9511e-02 7.4306e-03 ] 0.0000e+00 [ 0.0000e+00 ] 9.5506e-01
 5.100e+00 4.5658e-02 4.5658e-02 [ 8.1022e-04 6.7785e-03 3.0181e-02 7.8884e-03 ] 0.0000e+00 [ 0.0000e+00 ] 9.5434e-01
 5.213e+00 4.6432e-02 4.6432e-02 [ 6.9299e-04 6.4980e-03 3.0861e-02 8.3801e-03 ] 0.0000e+00 [ 0.0000e+00 ] 9.5357e-01
 5.327e+00 4.7259e-02 4.7259e-02 [ 5.9006e-04 6.2127e-03 3.1548e-02 8.9078e-03 ] 0.0000e+00 [ 0.0000e+00 ] 9.5274e-01
 5.440e+00 4.8140e-02 4.8140e-02 [ 5.0012e-04 5.9238e-03 3.2242e-02 9.4740e-03 ] 0.0000e+00 [ 0.0000e+00 ] 9.5186e-01
 5.553e+00 4.9074e-02 4.9074e-02 [ 4.2190e-04 5.6326e-03 3.2939e-02 1.0081e-02 ] 0.0000e+00 [ 0.0000e+00 ] 9.5093e-01
 5.667e+00 5.0063e-02 5.0063e-02 [ 3.5423e-04 5.3403e-03 3.3638e-02 1.0731e-02 ] 0.0000e+00 [ 0.0000e+00 ] 9.4994e-01
 5.780e+00 5.1106e-02 5.1106e-02 [ 2.9598e-04 5.0484e-03 3.4335e-02 1.1426e-02 ] 0.0000e+00 [ 0.0000e+00 ] 9.4889e-01
 5.893e+00 5.2204e-02 5.2204e-02 [ 2.4610e-04 4.7580e-03 3.5030e-02 1.2170e-02 ] 0.0000e+00 [ 0.0000e+00 ] 9.4780e-01
 6.007e+00 5.3356e-02 5.3356e-02 [ 2.0362e-04 4.4706e-03 3.5718e-02 1.2964e-02 ] 0.0000e+00 [ 0.0000e+00 ] 9.4664e-01
 6.120e+00 5.4564e-02 5.4564e-02 [ 1.6764e-04 4.1874e-03 3.6398e-02 1.3810e-02 ] 0.0000e+00 [ 0.0000e+00 ] 9.4544e-01
 6.233e+00 5.5826e-02 5.5826e-02 [ 1.3733e-04 3.9097e-03 3.7067e-02 1.4713e-02 ] 0.0000e+00 [ 0.0000e+00 ] 9.4417e-01
 6.347e+00 5.7145e-02 5.7145e-02 [ 1.1194e-04 3.6387e-03 3.7722e-02 1.5672e-02 ] 0.0000e+00 [ 0.0000e+00 ] 9.4286e-01
 6.460e+00 5.8519e-02 5.8519e-02 [ 9.0796e-05 3.3755e-03 3.8361e-02 1.6692e-02 ] 0.0000e+00 [ 0.0000e+00 ] 9.4148e-01
 6.573e+00 5.9949e-02 5.9949e-02 [ 7.3280e-05 3.1210e-03 3.8981e-02 1.7773e-02 ] 0.0000e+00 [ 0.0000e+00 ] 9.4005e-01
 6.687e+00 6.1434e-02 6.1434e-02 [ 5.8853e-05 2.8761e-03 3.9580e-02 1.8919e-02 ] 0.0000e+00 [ 0.0000e+00 ] 9.3857e-01
 6.800e+00 6.2974e-02 6.2974e-02 [ 4.7037e-05 2.6417e-03 4.0156e-02 2.0130e-02 ] 0.0000e+00 [ 0.0000e+00 ] 9.3703e-01
 6.913e+00 6.4570e-02 6.4570e-02 [ 3.7413e-05 2.4182e-03 4.0706e-02 2.1409e-02 ] 0.0000e+00 [ 0.0000e+00 ] 9.3543e-01
 7.027e+00 6.6220e-02 6.6220e-02 [ 2.9618e-05 2.2063e-03 4.1228e-02 2.2756e-02 ] 0.0000e+00 [ 0.0000e+00 ] 9.3378e-01
 7.140e+00 6.7924e-02 6.7924e-02 [ 2.3339e-05 2.0062e-03 4.1721e-02 2.4174e-02 ] 0.0000e+00 [ 0.0000e+00 ] 9.3208e-01
 7.253e+00 6.9681e-02 6.9681e-02 [ 1.8308e-05 1.8183e-03 4.2182e-02 2.5662e-02 ] 0.0000e+00 [ 0.0000e+00 ] 9.3032e-01
 7.367e+00 7.1489e-02 7.1489e-02 [ 1.4298e-05 1.6425e-03 4.2611e-02 2.7221e-02 ] 0.0000e+00 [ 0.0000e+00 ] 9.2851e-01
 7.480e+00 7.3348e-02 7.3348e-02 [ 1.1119e-05 1.4788e-03 4.3006e-02 2.8851e-02 ] 0.0000e+00 [ 0.0000e+00 ] 9.2665e-01
 7.593e+00 7.5254e-02 7.5254e-02 [ 8.6110e-06 1.3271e-03 4.3366e-02 3.0552e-02 ] 0.0000e+00 [ 0.0000e+00 ] 9.2475e-01
 7.707e+00 7.7207e-02 7.7207e-02 [ 6.6425e-06 1.1871e-03 4.3691e-02 3.2322e-02 ] 0.0000e+00 [ 0.0000e+00 ] 9.2279e-01
 7.820e+00 7.9202e-02 7.9202e-02 [ 5.1045e-06 1.0586e-03 4.3978e-02 3.4160e-02 ] 0.0000e+00 [ 0.0000e+00 ] 9.2080e-01
 7.933e+00 8.1237e-02 8.1237e-02 [ 3.9086e-06 9.4103e-04 4.4228e-02 3.6064e-02 ] 0.0000e+00 [ 0.0000e+00 ] 9.1876e-01
 8.047e+00 8.3309e-02 8.3309e-02 [ 2.9826e-06 8.3397e-04 4.4441e-02 3.8031e-02 ] 0.0000e+00 [ 0.0000e+00 ] 9.1669e-01
 8.160e+00 8.5412e-02 8.5412e-02 [ 2.2688e-06 7.3687e-04 4.4615e-02 4.0057e-02 ] 0.0000e+00 [ 0.0000e+00 ] 9.1459e-01
 8.273e+00 8.7542e-02 8.7542e-02 [ 1.7206e-06 6.4917e-04 4.4752e-02 4.2139e-02 ] 0.0000e+00 [ 0.0000e+00 ] 9.1246e-01
 8.387e+00 8.9693e-02 8.9693e-02 [ 1.3012e-06 5.7028e-04 4.4851e-02 4.4270e-02 ] 0.0000e+00 [ 0.0000e+00 ] 9.1031e-01
 8.500e+00 9.1858e-02 9.1858e-02 [ 9.8155e-07 4.9957e-04 4.4912e-02 4.6446e-02 ] 0.0000e+00 [ 0.0000e+00 ] 9.0814e-01
 8.613e+00 9.4031e-02 9.4031e-02 [ 7.3868e-07 4.3644e-04 4.4935e-02 4.8659e-02 ] 0.0000e+00 [ 0.0000e+00 ] 9.0597e-01
 8.727e+00 9.6204e-02 9.6204e-02 [ 5.5471e-07 3.8029e-04 4.4921e-02 5.0902e-02 ] 0.0000e+00 [ 0.0000e+00 ] 9.0380e-01
 8.840e+00 9.8368e-02 9.8368e-02 [ 4.1576e-07 3.3052e-04 4.4870e-02 5.3167e-02 ] 0.0000e+00 [ 0.0000e+00 ] 9.0163e-01
 8.953e+00 1.0051e-01 1.0051e-01 [ 3.1108e-07 2.8655e-04 4.4783e-02 5.5445e-02 ] 0.0000e+00 [ 0.0000e+00 ] 8.9949e-01
 9.067e+00 1.0263e-01 1.0263e-01 [ 2.3239e-07 2.4784e-04 4.4659e-02 5.7725e-02 ] 0.0000e+00 [ 0.0000e+00 ] 8.9737e-01
 9.180e+00 1.0471e-01 1.0471e-01 [ 1.7337e-07 2.1386e-04 4.4500e-02 5.9998e-02 ] 0.0000e+00 [ 0.0000e+00 ] 8.9529e-01
 9.293e+00 1.0674e-01 1.0674e-01 [ 1.2918e-07 1.8414e-04 4.4306e-02 6.2252e-02 ] 0.0000e+00 [ 0.0000e+00 ] 8.9326e-01
 9.407e+00 1.0871e-01 1.0871e-01 [ 9.6153e-08 1.5820e-04 4.4076e-02 6.4475e-02 ] 0.0000e+00 [ 0.0000e+00 ] 8.9129e-01
 9.520e+00 1.1060e-01 1.1060e-01 [ 7.1498e-08 1.3565e-04 4.3813e-02 6.6655e-02 ] 0.0000e+00 [ 0.0000e+00 ] 8.8940e-01
 9.633e+00 1.1241e-01 1.1241e-01 [ 5.3118e-08 1.1608e-04 4.3516e-02 6.8779e-02 ] 0.0000e+00 [ 0.0000e+00 ] 8.8759e-01
 9.747e+00 1.1412e-01 1.1412e-01 [ 3.9429e-08 9.9148e-05 4.3186e-02 7.0834e-02 ] 0.0000e+00 [ 0.0000e+00 ] 8.8588e-01
 9.860e+00 1.1572e-01 1.1572e-01 [ 2.9244e-08 8.4536e-05 4.2824e-02 7.2808e-02 ] 0.0000e+00 [ 0.0000e+00 ] 8.8428e-01
 9.973e+00 1.1719e-01 1.1719e-01 [ 2.1673e-08 7.1954e-05 4.2430e-02 7.4686e-02 ] 0.0000e+00 [ 0.0000e+00 ] 8.8281e-01
 1.009e+01 1.1852e-01 1.1852e-01 [ 1.6048e-08 6.1146e-05 4.2005e-02 7.6455e-02 ] 0.0000e+00 [ 0.0000e+00 ] 8.8148e-01
 1.020e+01 1.1970e-01 1.1970e-01 [ 1.1872e-08 5.1881e-05 4.1548e-02 7.8104e-02 ] 0.0000e+00 [ 0.0000e+00 ] 8.8030e-01
 1.031e+01 1.2073e-01 1.2073e-01 [ 8.7744e-09 4.3955e-05 4.1062e-02 7.9621e-02 ] 0.0000e+00 [ 0.0000e+00 ] 8.7927e-01
 1.043e+01 1.2158e-01 1.2158e-01 [ 6.4778e-09 3.7188e-05 4.0547e-02 8.0992e-02 ] 0.0000e+00 [ 0.0000e+00 ] 8.7842e-01
 1.054e+01 1.2224e-01 1.2224e-01 [ 4.7765e-09 3.1421e-05 4.0003e-02 8.2209e-02 ] 0.0000e+00 [ 0.0000e+00 ] 8.7776e-01
 1.065e+01 1.2272e-01 1.2272e-01 [ 3.5172e-09 2.6515e-05 3.9431e-02 8.3261e-02 ] 0.0000e+00 [ 0.0000e+00 ] 8.7728e-01
 1.077e+01 1.2299e-01 1.2299e-01 [ 2.5859e-09 2.2347e-05 3.8831e-02 8.4140e-02 ] 0.0000e+00 [ 0.0000e+00 ] 8.7701e-01
 1.088e+01 1.2306e-01 1.2306e-01 [ 1.8979e-09 1.8814e-05 3.8206e-02 8.4838e-02 ] 0.0000e+00 [ 0.0000e+00 ] 8.7694e-01
 1.099e+01 1.2292e-01 1.2292e-01 [ 1.3904e-09 1.5821e-05 3.7555e-02 8.5349e-02 ] 0.0000e+00 [ 0.0000e+00 ] 8.7708e-01
 1.111e+01 1.2256e-01 1.2256e-01 [ 1.0164e-09 1.3291e-05 3.6879e-02 8.5670e-02 ] 0.0000e+00 [ 0.0000e+00 ] 8.7744e-01
 1.122e+01 1.2199e-01 1.2199e-01 [ 7.4128e-10 1.1153e-05 3.6179e-02 8.5796e-02 ] 0.0000e+00 [ 0.0000e+00 ] 8.7801e-01
 1.133e+01 1.2119e-01 1.2119e-01 [ 5.3929e-10 9.3506e-06 3.5458e-02 8.5728e-02 ] 0.0000e+00 [ 0.0000e+00 ] 8.7881e-01
 1.145e+01 1.2019e-01 1.2019e-01 [ 3.9127e-10 7.8317e-06 3.4714e-02 8.5465e-02 ] 0.0000e+00 [ 0.0000e+00 ] 8.7981e-01
 1.156e+01 1.1897e-01 1.1897e-01 [ 2.8305e-10 6.5533e-06 3.3951e-02 8.5009e-02 ] 0.0000e+00 [ 0.0000e+00 ] 8.8103e-01
 1.167e+01 1.1754e-01 1.1754e-01 [ 2.0412e-10 5.4784e-06 3.3169e-02 8.4365e-02 ] 0.0000e+00 [ 0.0000e+00 ] 8.8246e-01
 1.179e+01 1.1591e-01 1.1591e-01 [ 1.4671e-10 4.5756e-06 3.2369e-02 8.3538e-02 ] 0.0000e+00 [ 0.0000e+00 ] 8.8409e-01
 1.190e+01 1.1409e-01 1.1409e-01 [ 1.0508e-10 3.8181e-06 3.1553e-02 8.2535e-02 ] 0.0000e+00 [ 0.0000e+00 ] 8.8591e-01
 1.201e+01 1.1209e-01 1.1209e-01 [ 7.4982e-11 3.1829e-06 3.0723e-02 8.1363e-02 ] 0.0000e+00 [ 0.0000e+00 ] 8.8791e-01
 1.213e+01 1.0992e-01 1.0992e-01 [ 5.3298e-11 2.6509e-06 2.9881e-02 8.0034e-02 ] 0.0000e+00 [ 0.0000e+00 ] 8.9008e-01
 1.224e+01 1.0759e-01 1.0759e-01 [ 3.7732e-11 2.2056e-06 2.9028e-02 7.8558e-02 ] 0.0000e+00 [ 0.0000e+00 ] 8.9241e-01
 1.235e+01 1.0511e-01 1.0511e-01 [ 2.6599e-11 1.8333e-06 2.8165e-02 7.6947e-02 ] 0.0000e+00 [ 0.0000e+00 ] 8.9489e-01
 1.247e+01 1.0251e-01 1.0251e-01 [ 1.8669e-11 1.5222e-06 2.7296e-02 7.5213e-02 ] 0.0000e+00 [ 0.0000e+00 ] 8.9749e-01
 1.258e+01 9.9793e-02 9.9793e-02 [ 1.3045e-11 1.2626e-06 2.6422e-02 7.3370e-02 ] 0.0000e+00 [ 0.0000e+00 ] 9.0021e-01
 1.269e+01 9.6978e-02 9.6978e-02 [ 9.0723e-12 1.0460e-06 2.5544e-02 7.1433e-02 ] 0.0000e+00 [ 0.0000e+00 ] 9.0302e-01
 1.281e+01 9.4080e-02 9.4080e-02 [ 6.2796e-12 8.6562e-07 2.4666e-02 6.9414e-02 ] 0.0000e+00 [ 0.0000e+00 ] 9.0592e-01
 1.292e+01 9.1117e-02 9.1117e-02 [ 4.3254e-12 7.1542e-07 2.3788e-02 6.7328e-02 ] 0.0000e+00 [ 0.0000e+00 ] 9.0888e-01
 1.303e+01 8.8103e-02 8.8103e-02 [ 2.9645e-12 5.9052e-07 2.2913e-02 6.5189e-02 ] 0.0000e+00 [ 0.0000e+00 ] 9.1190e-01
 1.315e+01 8.5055e-02 8.5055e-02 [ 2.0215e-12 4.8675e-07 2.2044e-02 6.3011e-02 ] 0.0000e+00 [ 0.0000e+00 ] 9.1494e-01
 1.326e+01 8.1988e-02 8.1988e-02 [ 1.3714e-12 4.0065e-07 2.1181e-02 6.0807e-02 ] 0.0000e+00 [ 0.0000e+00 ] 9.1801e-01
 1.337e+01 7.8915e-02 7.8915e-02 [ 9.2546e-13 3.2928e-07 2.0326e-02 5.8589e-02 ] 0.0000e+00 [ 0.0000e+00 ] 9.2108e-01
 1.349e+01 7.5851e-02 7.5851e-02 [ 6.2122e-13 2.7019e-07 1.9482e-02 5.6368e-02 ] 0.0000e+00 [ 0.0000e+00 ] 9.2415e-01
 1.360e+01 7.2807e-02 7.2807e-02 [ 4.1477e-13 2.2134e-07 1.8651e-02 5.4156e-02 ] 0.0000e+00 [ 0.0000e+00 ] 9.2719e-01
 1.371e+01 6.9796e-02 6.9796e-02 [ 2.7543e-13 1.8101e-07 1.7833e-02 5.1963e-02 ] 0.0000e+00 [ 0.0000e+00 ] 9.3020e-01
 1.383e+01 6.6827e-02 6.6827e-02 [ 1.8190e-13 1.4776e-07 1.7029e-02 4.9797e-02 ] 0.0000e+00 [ 0.0000e+00 ] 9.3317e-01
 1.394e+01 6.3910e-02 6.3910e-02 [ 1.1947e-13 1.2038e-07 1.6243e-02 4.7667e-02 ] 0.0000e+00 [ 0.0000e+00 ] 9.3609e-01
 1.405e+01 6.1053e-02 6.1053e-02 [ 7.8035e-14 9.7888e-08 1.5474e-02 4.5579e-02 ] 0.0000e+00 [ 0.0000e+00 ] 9.3895e-01
 1.417e+01 5.8263e-02 5.8263e-02 [ 5.0687e-14 7.9432e-08 1.4723e-02 4.3540e-02 ] 0.0000e+00 [ 0.0000e+00 ] 9.4174e-01
 1.428e+01 5.5547e-02 5.5547e-02 [ 3.2740e-14 6.4318e-08 1.3992e-02 4.1555e-02 ] 0.0000e+00 [ 0.0000e+00 ] 9.4445e-01
 1.439e+01 5.2909e-02 5.2909e-02 [ 2.1030e-14 5.1964e-08 1.3282e-02 3.9627e-02 ] 0.0000e+00 [ 0.0000e+00 ] 9.4709e-01
 1.451e+01 5.0352e-02 5.0352e-02 [ 1.3433e-14 4.1886e-08 1.2592e-02 3.7760e-02 ] 0.0000e+00 [ 0.0000e+00 ] 9.4965e-01
 1.462e+01 4.7881e-02 4.7881e-02 [ 8.5321e-15 3.3683e-08 1.1924e-02 3.5957e-02 ] 0.0000e+00 [ 0.0000e+00 ] 9.5212e-01
 1.473e+01 4.5497e-02 4.5497e-02 [ 5.3892e-15 2.7019e-08 1.1278e-02 3.4219e-02 ] 0.0000e+00 [ 0.0000e+00 ] 9.5450e-01
 1.485e+01 4.3202e-02 4.3202e-02 [ 3.3851e-15 2.1619e-08 1.0655e-02 3.2548e-02 ] 0.0000e+00 [ 0.0000e+00 ] 9.5680e-01
 1.496e+01 4.0997e-02 4.0997e-02 [ 2.1144e-15 1.7254e-08 1.0054e-02 3.0943e-02 ] 0.0000e+00 [ 0.0000e+00 ] 9.5900e-01
 1.507e+01 3.8881e-02 3.8881e-02 [ 1.3134e-15 1.3733e-08 9.4760e-03 2.9405e-02 ] 0.0000e+00 [ 0.0000e+00 ] 9.6112e-01
 1.519e+01 3.6855e-02 3.6855e-02 [ 8.1139e-16 1.0900e-08 8.9208e-03 2.7934e-02 ] 0.0000e+00 [ 0.0000e+00 ] 9.6315e-01
 1.530e+01 3.4917e-02 3.4917e-02 [ 4.9850e-16 8.6281e-09 8.3883e-03 2.6528e-02 ] 0.0000e+00 [ 0.0000e+00 ] 9.6508e-01
 1.541e+01 3.3066e-02 3.3066e-02 [ 3.0460e-16 6.8100e-09 7.8786e-03 2.5187e-02 ] 0.0000e+00 [ 0.0000e+00 ] 9.6693e-01
 1.553e+01 3.1300e-02 3.1300e-02 [ 1.8511e-16 5.3592e-09 7.3913e-03 2.3909e-02 ] 0.0000e+00 [ 0.0000e+00 ] 9.6870e-01
 1.564e+01 2.9618e-02 2.9618e-02 [ 1.1189e-16 4.2051e-09 6.9262e-03 2.2691e-02 ] 0.0000e+00 [ 0.0000e+00 ] 9.7038e-01
 1.575e+01 2.8017e-02 2.8017e-02 [ 6.7276e-17 3.2895e-09 6.4830e-03 2.1534e-02 ] 0.0000e+00 [ 0.0000e+00 ] 9.7198e-01
 1.587e+01 2.6495e-02 2.6495e-02 [ 4.0236e-17 2.5653e-09 6.0613e-03 2.0433e-02 ] 0.0000e+00 [ 0.0000e+00 ] 9.7351e-01
 1.598e+01 2.5049e-02 2.5049e-02 [ 2.3938e-17 1.9944e-09 5.6606e-03 1.9388e-02 ] 0.0000e+00 [ 0.0000e+00 ] 9.7495e-01
 1.609e+01 2.3677e-02 2.3677e-02 [ 1.4168e-17 1.5456e-09 5.2806e-03 1.8396e-02 ] 0.0000e+00 [ 0.0000e+00 ] 9.7632e-01
 1.621e+01 2.2376e-02 2.2376e-02 [ 8.3424e-18 1.1940e-09 4.9206e-03 1.7455e-02 ] 0.0000e+00 [ 0.0000e+00 ] 9.7762e-01
 1.632e+01 2.1143e-02 2.1143e-02 [ 4.8873e-18 9.1946e-10 4.5802e-03 1.6563e-02 ] 0.0000e+00 [ 0.0000e+00 ] 9.7886e-01
 1.643e+01 1.9975e-02 1.9975e-02 [ 2.8489e-18 7.0571e-10 4.2587e-03 1.5717e-02 ] 0.0000e+00 [ 0.0000e+00 ] 9.8002e-01
 1.655e+01 1.8871e-02 1.8871e-02 [ 1.6524e-18 5.3988e-10 3.9556e-03 1.4915e-02 ] 0.0000e+00 [ 0.0000e+00 ] 9.8113e-01
 1.666e+01 1.7826e-02 1.7826e-02 [ 9.5374e-19 4.1165e-10 3.6701e-03 1.4156e-02 ] 0.0000e+00 [ 0.0000e+00 ] 9.8217e-01
 1.677e+01 1.6838e-02 1.6838e-02 [ 5.4782e-19 3.1283e-10 3.4018e-03 1.3437e-02 ] 0.0000e+00 [ 0.0000e+00 ] 9.8316e-01
 1.689e+01 1.5905e-02 1.5905e-02 [ 3.1317e-19 2.3695e-10 3.1498e-03 1.2756e-02 ] 0.0000e+00 [ 0.0000e+00 ] 9.8409e-01
 1.700e+01 1.5024e-02 1.5024e-02 [ 1.7819e-19 1.7886e-10 2.9136e-03 1.2110e-02 ] 0.0000e+00 [ 0.0000e+00 ] 9.8498e-01
 1.711e+01 1.4192e-02 1.4192e-02 [ 1.0092e-19 1.3457e-10 2.6924e-03 1.1500e-02 ] 0.0000e+00 [ 0.0000e+00 ] 9.8581e-01
 1.723e+01 1.3407e-02 1.3407e-02 [ 5.6892e-20 1.0090e-10 2.4856e-03 1.0921e-02 ] 0.0000e+00 [ 0.0000e+00 ] 9.8659e-01
 1.734e+01 1.2666e-02 1.2666e-02 [ 3.1930e-20 7.5395e-11 2.2925e-03 1.0373e-02 ] 0.0000e+00 [ 0.0000e+00 ] 9.8733e-01
 1.745e+01 1.1967e-02 1.1967e-02 [ 1.7841e-20 5.6149e-11 2.1125e-03 9.8547e-03 ] 0.0000e+00 [ 0.0000e+00 ] 9.8803e-01
 1.757e+01 1.1308e-02 1.1308e-02 [ 9.9250e-21 4.1673e-11 1.9449e-03 9.3633e-03 ] 0.0000e+00 [ 0.0000e+00 ] 9.8869e-01
 1.768e+01 1.0687e-02 1.0687e-02 [ 5.4978e-21 3.0825e-11 1.7889e-03 8.8978e-03 ] 0.0000e+00 [ 0.0000e+00 ] 9.8931e-01
 1.779e+01 1.0101e-02 1.0101e-02 [ 3.0326e-21 2.2723e-11 1.6441e-03 8.4568e-03 ] 0.0000e+00 [ 0.0000e+00 ] 9.8990e-01
 1.791e+01 9.5486e-03 9.5486e-03 [ 1.6659e-21 1.6694e-11 1.5097e-03 8.0389e-03 ] 0.0000e+00 [ 0.0000e+00 ] 9.9045e-01
 1.802e+01 9.0280e-03 9.0280e-03 [ 9.1136e-22 1.2224e-11 1.3852e-03 7.6428e-03 ] 0.0000e+00 [ 0.0000e+00 ] 9.9097e-01
 1.813e+01 8.5372e-03 8.5372e-03 [ 4.9660e-22 8.9198e-12 1.2700e-03 7.2672e-03 ] 0.0000e+00 [ 0.0000e+00 ] 9.9146e-01
 1.825e+01 8.0746e-03 8.0746e-03 [ 2.6953e-22 6.4872e-12 1.1635e-03 6.9112e-03 ] 0.0000e+00 [ 0.0000e+00 ] 9.9193e-01
 1.836e+01 7.6385e-03 7.6385e-03 [ 1.4572e-22 4.7021e-12 1.0651e-03 6.5734e-03 ] 0.0000e+00 [ 0.0000e+00 ] 9.9236e-01
 1.847e+01 7.2274e-03 7.2274e-03 [ 7.8488e-23 3.3969e-12 9.7436e-04 6.2530e-03 ] 0.0000e+00 [ 0.0000e+00 ] 9.9277e-01
 1.859e+01 6.8397e-03 6.8397e-03 [ 4.2117e-23 2.4458e-12 8.9073e-04 5.9490e-03 ] 0.0000e+00 [ 0.0000e+00 ] 9.9316e-01
 1.870e+01 6.4742e-03 6.4742e-03 [ 2.2518e-23 1.7551e-12 8.1375e-04 5.6604e-03 ] 0.0000e+00 [ 0.0000e+00 ] 9.9353e-01
 1.881e+01 6.1294e-03 6.1294e-03 [ 1.1996e-23 1.2554e-12 7.4294e-04 5.3865e-03 ] 0.0000e+00 [ 0.0000e+00 ] 9.9387e-01
 1.893e+01 5.8042e-03 5.8042e-03 [ 6.3682e-24 8.9496e-13 6.7789e-04 5.1263e-03 ] 0.0000e+00 [ 0.0000e+00 ] 9.9420e-01
 1.904e+01 5.4973e-03 5.4973e-03 [ 3.3690e-24 6.3594e-13 6.1816e-04 4.8792e-03 ] 0.0000e+00 [ 0.0000e+00 ] 9.9450e-01
 1.915e+01 5.2077e-03 5.2077e-03 [ 1.7763e-24 4.5042e-13 5.6338e-04 4.6444e-03 ] 0.0000e+00 [ 0.0000e+00 ] 9.9479e-01
 1.927e+01 4.9344e-03 4.9344e-03 [ 9.3341e-25 3.1799e-13 5.1318e-04 4.4212e-03 ] 0.0000e+00 [ 0.0000e+00 ] 9.9507e-01
 1.938e+01 4.6763e-03 4.6763e-03 [ 4.8891e-25 2.2378e-13 4.6720e-04 4.2090e-03 ] 0.0000e+00 [ 0.0000e+00 ] 9.9532e-01
 1.949e+01 4.4325e-03 4.4325e-03 [ 2.5526e-25 1.5697e-13 4.2513e-04 4.0073e-03 ] 0.0000e+00 [ 0.0000e+00 ] 9.9557e-01
 1.961e+01 4.2022e-03 4.2022e-03 [ 1.3286e-25 1.0977e-13 3.8667e-04 3.8155e-03 ] 0.0000e+00 [ 0.0000e+00 ] 9.9580e-01
 1.972e+01 3.9845e-03 3.9845e-03 [ 6.8940e-26 7.6513e-14 3.5152e-04 3.6330e-03 ] 0.0000e+00 [ 0.0000e+00 ] 9.9602e-01
 1.983e+01 3.7788e-03 3.7788e-03 [ 3.5664e-26 5.3168e-14 3.1942e-04 3.4594e-03 ] 0.0000e+00 [ 0.0000e+00 ] 9.9622e-01
 1.995e+01 3.5842e-03 3.5842e-03 [ 1.8396e-26 3.6831e-14 2.9013e-04 3.2941e-03 ] 0.0000e+00 [ 0.0000e+00 ] 9.9642e-01
 2.006e+01 3.4002e-03 3.4002e-03 [ 9.4613e-27 2.5436e-14 2.6342e-04 3.1368e-03 ] 0.0000e+00 [ 0.0000e+00 ] 9.9660e-01
 2.017e+01 3.2261e-03 3.2261e-03 [ 4.8523e-27 1.7512e-14 2.3907e-04 2.9870e-03 ] 0.0000e+00 [ 0.0000e+00 ] 9.9677e-01
 2.029e+01 3.0613e-03 3.0613e-03 [ 2.4817e-27 1.2020e-14 2.1689e-04 2.8444e-03 ] 0.0000e+00 [ 0.0000e+00 ] 9.9694e-01
 2.040e+01 2.9053e-03 2.9053e-03 [ 1.2658e-27 8.2261e-15 1.9669e-04 2.7086e-03 ] 0.0000e+00 [ 0.0000e+00 ] 9.9709e-01
 2.051e+01 2.7575e-03 2.7575e-03 [ 6.4389e-28 5.6127e-15 1.7831e-04 2.5792e-03 ] 0.0000e+00 [ 0.0000e+00 ] 9.9724e-01
 2.063e+01 2.6175e-03 2.6175e-03 [ 3.2669e-28 3.8182e-15 1.6158e-04 2.4560e-03 ] 0.0000e+00 [ 0.0000e+00 ] 9.9738e-01
 2.074e+01 2.4849e-03 2.4849e-03 [ 1.6532e-28 2.5898e-15 1.4638e-04 2.3385e-03 ] 0.0000e+00 [ 0.0000e+00 ] 9.9752e-01
 2.085e+01 2.3592e-03 2.3592e-03 [ 8.3455e-29 1.7516e-15 1.3256e-04 2.2266e-03 ] 0.0000e+00 [ 0.0000e+00 ] 9.9764e-01
 2.097e+01 2.2399e-03 2.2399e-03 [ 4.2024e-29 1.1812e-15 1.2001e-04 2.1199e-03 ] 0.0000e+00 [ 0.0000e+00 ] 9.9776e-01
 2.108e+01 2.1269e-03 2.1269e-03 [ 2.1111e-29 7.9428e-16 1.0861e-04 2.0183e-03 ] 0.0000e+00 [ 0.0000e+00 ] 9.9787e-01
 2.119e+01 2.0196e-03 2.0196e-03 [ 1.0580e-29 5.3259e-16 9.8256e-05 1.9214e-03 ] 0.0000e+00 [ 0.0000e+00 ] 9.9798e-01
 2.131e+01 1.9178e-03 1.9178e-03 [ 5.2898e-30 3.5611e-16 8.8864e-05 1.8290e-03 ] 0.0000e+00 [ 0.0000e+00 ] 9.9808e-01
 2.142e+01 1.8213e-03 1.8213e-03 [ 2.6389e-30 2.3745e-16 8.0343e-05 1.7409e-03 ] 0.0000e+00 [ 0.0000e+00 ] 9.9818e-01
 2.153e+01 1.7296e-03 1.7296e-03 [ 1.3135e-30 1.5789e-16 7.2616e-05 1.6569e-03 ] 0.0000e+00 [ 0.0000e+00 ] 9.9827e-01
 2.165e+01 1.6425e-03 1.6425e-03 [ 6.5236e-31 1.0470e-16 6.5612e-05 1.5769e-03 ] 0.0000e+00 [ 0.0000e+00 ] 9.9836e-01
 2.176e+01 1.5598e-03 1.5598e-03 [ 3.2331e-31 6.9244e-17 5.9264e-05 1.5005e-03 ] 0.0000e+00 [ 0.0000e+00 ] 9.9844e-01
 2.187e+01 1.4813e-03 1.4813e-03 [ 1.5989e-31 4.5670e-17 5.3512e-05 1.4278e-03 ] 0.0000e+00 [ 0.0000e+00 ] 9.9852e-01
 2.199e+01 1.4067e-03 1.4067e-03 [ 7.8914e-32 3.0042e-17 4.8304e-05 1.3584e-03 ] 0.0000e+00 [ 0.0000e+00 ] 9.9859e-01
 2.210e+01 1.3358e-03 1.3358e-03 [ 3.8868e-32 1.9709e-17 4.3587e-05 1.2922e-03 ] 0.0000e+00 [ 0.0000e+00 ] 9.9866e-01
 2.221e+01 1.2684e-03 1.2684e-03 [ 1.9106e-32 1.2897e-17 3.9319e-05 1.2291e-03 ] 0.0000e+00 [ 0.0000e+00 ] 9.9873e-01
 2.233e+01 1.2044e-03 1.2044e-03 [ 9.3737e-33 8.4173e-18 3.5456e-05 1.1689e-03 ] 0.0000e+00 [ 0.0000e+00 ] 9.9880e-01
 2.244e+01 1.1435e-03 1.1435e-03 [ 4.5900e-33 5.4795e-18 3.1962e-05 1.1116e-03 ] 0.0000e+00 [ 0.0000e+00 ] 9.9886e-01
 2.255e+01 1.0857e-03 1.0857e-03 [ 2.2434e-33 3.5580e-18 2.8802e-05 1.0569e-03 ] 0.0000e+00 [ 0.0000e+00 ] 9.9891e-01
 2.267e+01 1.0307e-03 1.0307e-03 [ 1.0944e-33 2.3045e-18 2.5946e-05 1.0047e-03 ] 0.0000e+00 [ 0.0000e+00 ] 9.9897e-01
 2.278e+01 9.7839e-04 9.7839e-04 [ 5.3296e-34 1.4889e-18 2.3364e-05 9.5503e-04 ] 0.0000e+00 [ 0.0000e+00 ] 9.9902e-01
 2.289e+01 9.2868e-04 9.2868e-04 [ 2.5908e-34 9.5957e-19 2.1032e-05 9.0765e-04 ] 0.0000e+00 [ 0.0000e+00 ] 9.9907e-01
 2.301e+01 8.8142e-04 8.8142e-04 [ 1.2572e-34 6.1691e-19 1.8925e-05 8.6249e-04 ] 0.0000e+00 [ 0.0000e+00 ] 9.9912e-01
 2.312e+01 8.3648e-04 8.3648e-04 [ 6.0903e-35 3.9565e-19 1.7023e-05 8.1945e-04 ] 0.0000e+00 [ 0.0000e+00 ] 9.9916e-01
 2.323e+01 7.9374e-04 7.9374e-04 [ 2.9454e-35 2.5314e-19 1.5307e-05 7.7844e-04 ] 0.0000e+00 [ 0.0000e+00 ] 9.9921e-01
 2.335e+01 7.5311e-04 7.5311e-04 [ 1.4221e-35 1.6157e-19 1.3758e-05 7.3935e-04 ] 0.0000e+00 [ 0.0000e+00 ] 9.9925e-01
 2.346e+01 7.1447e-04 7.1447e-04 [ 6.8549e-36 1.0288e-19 1.2361e-05 7.0211e-04 ] 0.0000e+00 [ 0.0000e+00 ] 9.9929e-01
 2.357e+01 6.7774e-04 6.7774e-04 [ 3.2990e-36 6.5361e-20 1.1101e-05 6.6664e-04 ] 0.0000e+00 [ 0.0000e+00 ] 9.9932e-01
 2.369e+01 6.4281e-04 6.4281e-04 [ 1.5852e-36 4.1426e-20 9.9654e-06 6.3284e-04 ] 0.0000e+00 [ 0.0000e+00 ] 9.9936e-01
 2.380e+01 6.0960e-04 6.0960e-04 [ 7.6055e-37 2.6196e-20 8.9424e-06 6.0065e-04 ] 0.0000e+00 [ 0.0000e+00 ] 9.9939e-01
 2.391e+01 5.7802e-04 5.7802e-04 [ 3.6433e-37 1.6527e-20 8.0210e-06 5.7000e-04 ] 0.0000e+00 [ 0.0000e+00 ] 9.9942e-01
 2.403e+01 5.4800e-04 5.4800e-04 [ 1.7427e-37 1.0404e-20 7.1915e-06 5.4081e-04 ] 0.0000e+00 [ 0.0000e+00 ] 9.9945e-01
 2.414e+01 5.1947e-04 5.1947e-04 [ 8.3237e-38 6.5344e-21 6.4449e-06 5.1302e-04 ] 0.0000e+00 [ 0.0000e+00 ] 9.9948e-01
 2.425e+01 4.9234e-04 4.9234e-04 [ 3.9699e-38 4.0950e-21 5.7733e-06 4.8657e-04 ] 0.0000e+00 [ 0.0000e+00 ] 9.9951e-01
 2.437e+01 4.6656e-04 4.6656e-04 [ 1.8907e-38 2.5606e-21 5.1694e-06 4.6139e-04 ] 0.0000e+00 [ 0.0000e+00 ] 9.9953e-01
 2.448e+01 4.4206e-04 4.4206e-04 [ 8.9920e-39 1.5977e-21 4.6265e-06 4.3744e-04 ] 0.0000e+00 [ 0.0000e+00 ] 9.9956e-01
 2.459e+01 4.1878e-04 4.1878e-04 [ 4.2707e-39 9.9473e-22 4.1387e-06 4.1464e-04 ] 0.0000e+00 [ 0.0000e+00 ] 9.9958e-01
 2.471e+01 3.9665e-04 3.9665e-04 [ 2.0256e-39 6.1799e-22 3.7006e-06 3.9295e-04 ] 0.0000e+00 [ 0.0000e+00 ] 9.9960e-01
 2.482e+01 3.7563e-04 3.7563e-04 [ 9.5943e-40 3.8312e-22 3.3073e-06 3.7232e-04 ] 0.0000e+00 [ 0.0000e+00 ] 9.9962e-01
 2.493e+01 3.5566e-04 3.5566e-04 [ 4.5385e-40 2.3701e-22 2.9544e-06 3.5271e-04 ] 0.0000e+00 [ 0.0000e+00 ] 9.9964e-01
 2.505e+01 3.3669e-04 3.3669e-04 [ 2.1441e-40 1.4632e-22 2.6379e-06 3.3406e-04 ] 0.0000e+00 [ 0.0000e+00 ] 9.9966e-01
 2.516e+01 3.1868e-04 3.1868e-04 [ 1.0116e-40 9.0141e-23 2.3542e-06 3.1633e-04 ] 0.0000e+00 [ 0.0000e+00 ] 9.9968e-01
 2.527e+01 3.0157e-04 3.0157e-04 [ 4.7670e-41 5.5418e-23 2.0999e-06 2.9947e-04 ] 0.0000e+00 [ 0.0000e+00 ] 9.9970e-01
 2.539e+01 2.8533e-04 2.8533e-04 [ 2.2436e-41 3.4001e-23 1.8721e-06 2.8346e-04 ] 0.0000e+00 [ 0.0000e+00 ] 9.9971e-01
 2.550e+01 2.6991e-04 2.6991e-04 [ 1.0546e-41 2.0819e-23 1.6682e-06 2.6824e-04 ] 0.0000e+00 [ 0.0000e+00 ] 9.9973e-01
 2.561e+01 2.5528e-04 2.5528e-04 [ 4.9514e-42 1.2722e-23 1.4858e-06 2.5379e-04 ] 0.0000e+00 [ 0.0000e+00 ] 9.9974e-01
 2.573e+01 2.4139e-04 2.4139e-04 [ 2.3219e-42 7.7585e-24 1.3226e-06 2.4006e-04 ] 0.0000e+00 [ 0.0000e+00 ] 9.9976e-01
 2.584e+01 2.2821e-04 2.2821e-04 [ 1.0875e-42 4.7222e-24 1.1768e-06 2.2703e-04 ] 0.0000e+00 [ 0.0000e+00 ] 9.9977e-01
 2.595e+01 2.1570e-04 2.1570e-04 [ 5.0878e-43 2.8685e-24 1.0465e-06 2.1466e-04 ] 0.0000e+00 [ 0.0000e+00 ] 9.9978e-01
 2.607e+01 2.0384e-04 2.0384e-04 [ 2.3776e-43 1.7391e-24 9.3011e-07 2.0291e-04 ] 0.0000e+00 [ 0.0000e+00 ] 9.9980e-01
 2.618e+01 1.9259e-04 1.9259e-04 [ 1.1098e-43 1.0523e-24 8.2624e-07 1.9177e-04 ] 0.0000e+00 [ 0.0000e+00 ] 9.9981e-01
 2.629e+01 1.8193e-04 1.8193e-04 [ 5.1743e-44 6.3552e-25 7.3359e-07 1.8119e-04 ] 0.0000e+00 [ 0.0000e+00 ] 9.9982e-01
 2.641e+01 1.7181e-04 1.7181e-04 [ 2.4098e-44 3.8308e-25 6.5097e-07 1.7116e-04 ] 0.0000e+00 [ 0.0000e+00 ] 9.9983e-01
 2.652e+01 1.6223e-04 1.6223e-04 [ 1.1211e-44 2.3048e-25 5.7735e-07 1.6165e-04 ] 0.0000e+00 [ 0.0000e+00 ] 9.9984e-01
 2.663e+01 1.5315e-04 1.5315e-04 [ 5.2099e-45 1.3840e-25 5.1178e-07 1.5263e-04 ] 0.0000e+00 [ 0.0000e+00 ] 9.9985e-01
 2.675e+01 1.4454e-04 1.4454e-04 [ 2.4186e-45 8.2957e-26 4.5341e-07 1.4409e-04 ] 0.0000e+00 [ 0.0000e+00 ] 9.9986e-01
 2.686e+01 1.3639e-04 1.3639e-04 [ 1.1216e-45 4.9632e-26 4.0148e-07 1.3599e-04 ] 0.0000e+00 [ 0.0000e+00 ] 9.9986e-01
 2.697e+01 1.2867e-04 1.2867e-04 [ 5.1955e-46 2.9639e-26 3.5530e-07 1.2831e-04 ] 0.0000e+00 [ 0.0000e+00 ] 9.9987e-01
 2.709e+01 1.2135e-04 1.2135e-04 [ 2.4043e-46 1.7667e-26 3.1426e-07 1.2104e-04 ] 0.0000e+00 [ 0.0000e+00 ] 9.9988e-01
 2.720e+01 1.1443e-04 1.1443e-04 [ 1.1115e-46 1.0512e-26 2.7781e-07 1.1415e-04 ] 0.0000e+00 [ 0.0000e+00 ] 9.9989e-01
 2.731e+01 1.0788e-04 1.0788e-04 [ 5.1330e-47 6.2434e-27 2.4545e-07 1.0763e-04 ] 0.0000e+00 [ 0.0000e+00 ] 9.9989e-01
 2.743e+01 1.0168e-04 1.0168e-04 [ 2.3681e-47 3.7014e-27 2.1674e-07 1.0146e-04 ] 0.0000e+00 [ 0.0000e+00 ] 9.9990e-01
 2.754e+01 9.5813e-05 9.5813e-05 [ 1.0915e-47 2.1905e-27 1.9128e-07 9.5621e-05 ] 0.0000e+00 [ 0.0000e+00 ] 9.9990e-01
 2.765e+01 9.0264e-05 9.0264e-05 [ 5.0255e-48 1.2941e-27 1.6871e-07 9.0095e-05 ] 0.0000e+00 [ 0.0000e+00 ] 9.9991e-01
 2.777e+01 8.5016e-05 8.5016e-05 [ 2.3117e-48 7.6315e-28 1.4873e-07 8.4867e-05 ] 0.0000e+00 [ 0.0000e+00 ] 9.9991e-01
 2.788e+01 8.0054e-05 8.0054e-05 [ 1.0623e-48 4.4926e-28 1.3104e-07 7.9923e-05 ] 0.0000e+00 [ 0.0000e+00 ] 9.9992e-01
 2.799e+01 7.5365e-05 7.5365e-05 [ 4.8771e-49 2.6401e-28 1.1538e-07 7.5249e-05 ] 0.0000e+00 [ 0.0000e+00 ] 9.9992e-01
 2.811e+01 7.0932e-05 7.0932e-05 [ 2.2370e-49 1.5489e-28 1.0154e-07 7.0831e-05 ] 0.0000e+00 [ 0.0000e+00 ] 9.9993e-01
 2.822e+01 6.6745e-05 6.6745e-05 [ 1.0251e-49 9.0708e-29 8.9312e-08 6.6655e-05 ] 0.0000e+00 [ 0.0000e+00 ] 9.9993e-01
 2.833e+01 6.2789e-05 6.2789e-05 [ 4.6927e-50 5.3033e-29 7.8510e-08 6.2710e-05 ] 0.0000e+00 [ 0.0000e+00 ] 9.9994e-01
 2.845e+01 5.9053e-05 5.9053e-05 [ 2.1464e-50 3.0953e-29 6.8976e-08 5.8984e-05 ] 0.0000e+00 [ 0.0000e+00 ] 9.9994e-01
 2.856e+01 5.5526e-05 5.5526e-05 [ 9.8080e-51 1.8036e-29 6.0564e-08 5.5465e-05 ] 0.0000e+00 [ 0.0000e+00 ] 9.9994e-01
 2.867e+01 5.2197e-05 5.2197e-05 [ 4.4778e-51 1.0492e-29 5.3148e-08 5.2143e-05 ] 0.0000e+00 [ 0.0000e+00 ] 9.9995e-01
 2.879e+01 4.9055e-05 4.9055e-05 [ 2.0424e-51 6.0928e-30 4.6614e-08 4.9008e-05 ] 0.0000e+00 [ 0.0000e+00 ] 9.9995e-01
 2.890e+01 4.6090e-05 4.6090e-05 [ 9.3077e-52 3.5325e-30 4.0859e-08 4.6049e-05 ] 0.0000e+00 [ 0.0000e+00 ] 9.9995e-01
 2.901e+01 4.3294e-05 4.3294e-05 [ 4.2379e-52 2.0447e-30 3.5795e-08 4.3259e-05 ] 0.0000e+00 [ 0.0000e+00 ] 9.9996e-01
 2.913e+01 4.0658e-05 4.0658e-05 [ 1.9279e-52 1.1816e-30 3.1340e-08 4.0626e-05 ] 0.0000e+00 [ 0.0000e+00 ] 9.9996e-01
 2.924e+01 3.8172e-05 3.8172e-05 [ 8.7623e-53 6.8171e-31 2.7424e-08 3.8144e-05 ] 0.0000e+00 [ 0.0000e+00 ] 9.9996e-01
 2.935e+01 3.5829e-05 3.5829e-05 [ 3.9790e-53 3.9268e-31 2.3984e-08 3.5805e-05 ] 0.0000e+00 [ 0.0000e+00 ] 9.9996e-01
 2.947e+01 3.3621e-05 3.3621e-05 [ 1.8054e-53 2.2583e-31 2.0963e-08 3.3600e-05 ] 0.0000e+00 [ 0.0000e+00 ] 9.9997e-01
 2.958e+01 3.1541e-05 3.1541e-05 [ 8.1842e-54 1.2966e-31 1.8312e-08 3.1523e-05 ] 0.0000e+00 [ 0.0000e+00 ] 9.9997e-01
 2.969e+01 2.9583e-05 2.9583e-05 [ 3.7070e-54 7.4331e-32 1.5987e-08 2.9567e-05 ] 0.0000e+00 [ 0.0000e+00 ] 9.9997e-01
 2.981e+01 2.7738e-05 2.7738e-05 [ 1.6776e-54 4.2545e-32 1.3949e-08 2.7724e-05 ] 0.0000e+00 [ 0.0000e+00 ] 9.9997e-01
 2.992e+01 2.6002e-05 2.6002e-05 [ 7.5857e-55 2.4313e-32 1.2164e-08 2.5990e-05 ] 0.0000e+00 [ 0.0000e+00 ] 9.9997e-01
 3.003e+01 2.4369e-05 2.4369e-05 [ 3.4272e-55 1.3872e-32 1.0601e-08 2.4358e-05 ] 0.0000e+00 [ 0.0000e+00 ] 9.9998e-01
 3.015e+01 2.2831e-05 2.2831e-05 [ 1.5471e-55 7.9031e-33 9.2341e-09 2.2822e-05 ] 0.0000e+00 [ 0.0000e+00 ] 9.9998e-01
 3.026e+01 2.1386e-05 2.1386e-05 [ 6.9781e-56 4.4954e-33 8.0386e-09 2.1378e-05 ] 0.0000e+00 [ 0.0000e+00 ] 9.9998e-01
 3.037e+01 2.0026e-05 2.0026e-05 [ 3.1449e-56 2.5532e-33 6.9938e-09 2.0019e-05 ] 0.0000e+00 [ 0.0000e+00 ] 9.9998e-01
 3.049e+01 1.8748e-05 1.8748e-05 [ 1.4162e-56 1.4479e-33 6.0813e-09 1.8742e-05 ] 0.0000e+00 [ 0.0000e+00 ] 9.9998e-01
 3.060e+01 1.7547e-05 1.7547e-05 [ 6.3720e-57 8.1984e-34 5.2848e-09 1.7542e-05 ] 0.0000e+00 [ 0.0000e+00 ] 9.9998e-01
 3.071e+01 1.6419e-05 1.6419e-05 [ 2.8647e-57 4.6353e-34 4.5900e-09 1.6414e-05 ] 0.0000e+00 [ 0.0000e+00 ] 9.9998e-01
 3.083e+01 1.5358e-05 1.5358e-05 [ 1.2869e-57 2.6168e-34 3.9843e-09 1.5354e-05 ] 0.0000e+00 [ 0.0000e+00 ] 9.9998e-01
 3.094e+01 1.4363e-05 1.4363e-05 [ 5.7765e-58 1.4751e-34 3.4565e-09 1.4360e-05 ] 0.0000e+00 [ 0.0000e+00 ] 9.9999e-01
 3.105e+01 1.3428e-05 1.3428e-05 [ 2.5908e-58 8.3030e-35 2.9969e-09 1.3425e-05 ] 0.0000e+00 [ 0.0000e+00 ] 9.9999e-01
 3.117e+01 1.2551e-05 1.2551e-05 [ 1.1611e-58 4.6667e-35 2.5969e-09 1.2549e-05 ] 0.0000e+00 [ 0.0000e+00 ] 9.9999e-01
 3.128e+01 1.1728e-05 1.1728e-05 [ 5.1995e-59 2.6191e-35 2.2490e-09 1.1726e-05 ] 0.0000e+00 [ 0.0000e+00 ] 9.9999e-01
 3.139e+01 1.0956e-05 1.0956e-05 [ 2.3266e-59 1.4678e-35 1.9466e-09 1.0954e-05 ] 0.0000e+00 [ 0.0000e+00 ] 9.9999e-01
 3.151e+01 1.0232e-05 1.0232e-05 [ 1.0403e-59 8.2139e-36 1.6839e-09 1.0231e-05 ] 0.0000e+00 [ 0.0000e+00 ] 9.9999e-01
 3.162e+01 9.5536e-06 9.5536e-06 [ 4.6476e-60 4.5900e-36 1.4558e-09 9.5521e-06 ] 0.0000e+00 [ 0.0000e+00 ] 9.9999e-01
 3.173e+01 8.9174e-06 8.9174e-06 [ 2.0748e-60 2.5613e-36 1.2579e-09 8.9162e-06 ] 0.0000e+00 [ 0.0000e+00 ] 9.9999e-01
 3.185e+01 8.3214e-06 8.3214e-06 [ 9.2558e-61 1.4272e-36 1.0863e-09 8.3203e-06 ] 0.0000e+00 [ 0.0000e+00 ] 9.9999e-01
 3.196e+01 7.7630e-06 7.7630e-06 [ 4.1259e-61 7.9419e-37 9.3751e-10 7.7621e-06 ] 0.0000e+00 [ 0.0000e+00 ] 9.9999e-01
 3.207e+01 7.2401e-06 7.2401e-06 [ 1.8378e-61 4.4131e-37 8.0867e-10 7.2393e-06 ] 0.0000e+00 [ 0.0000e+00 ] 9.9999e-01
 3.219e+01 6.7506e-06 6.7506e-06 [ 8.1799e-62 2.4488e-37 6.9713e-10 6.7499e-06 ] 0.0000e+00 [ 0.0000e+00 ] 9.9999e-01
 3.230e+01 6.2924e-06 6.2924e-06 [ 3.6382e-62 1.3570e-37 6.0064e-10 6.2918e-06 ] 0.0000e+00 [ 0.0000e+00 ] 9.9999e-01
 3.241e+01 5.8637e-06 5.8637e-06 [ 1.6170e-62 7.5092e-38 5.1721e-10 5.8632e-06 ] 0.0000e+00 [ 0.0000e+00 ] 9.9999e-01
 3.253e+01 5.4627e-06 5.4627e-06 [ 7.1812e-63 4.1497e-38 4.4511e-10 5.4623e-06 ] 0.0000e+00 [ 0.0000e+00 ] 9.9999e-01
 3.264e+01 5.0877e-06 5.0877e-06 [ 3.1870e-63 2.2901e-38 3.8284e-10 5.0874e-06 ] 0.0000e+00 [ 0.0000e+00 ] 9.9999e-01
 3.275e+01 4.7372e-06 4.7372e-06 [ 1.4134e-63 1.2622e-38 3.2910e-10 4.7368e-06 ] 0.0000e+00 [ 0.0000e+00 ] 1.0000e+00
 3.287e+01 4.4095e-06 4.4095e-06 [ 6.2634e-64 6.9468e-39 2.8274e-10 4.4092e-06 ] 0.0000e+00 [ 0.0000e+00 ] 1.0000e+00
 3.298e+01 4.1034e-06 4.1034e-06 [ 2.7737e-64 3.8184e-39 2.4277e-10 4.1032e-06 ] 0.0000e+00 [ 0.0000e+00 ] 1.0000e+00
 3.309e+01 3.8174e-06 3.8174e-06 [ 1.2274e-64 2.0961e-39 2.0834e-10 3.8172e-06 ] 0.0000e+00 [ 0.0000e+00 ] 1.0000e+00
 3.321e+01 3.5504e-06 3.5504e-06 [ 5.4279e-65 1.1491e-39 1.7868e-10 3.5502e-06 ] 0.0000e+00 [ 0.0000e+00 ] 1.0000e+00
 3.332e+01 3.3012e-06 3.3012e-06 [ 2.3986e-65 6.2913e-40 1.5317e-10 3.3010e-06 ] 0.0000e+00 [ 0.0000e+00 ] 1.0000e+00
 3.343e+01 3.0685e-06 3.0685e-06 [ 1.0592e-65 3.4400e-40 1.3122e-10 3.0684e-06 ] 0.0000e+00 [ 0.0000e+00 ] 1.0000e+00
 3.355e+01 2.8515e-06 2.8515e-06 [ 4.6744e-66 1.8785e-40 1.1235e-10 2.8514e-06 ] 0.0000e+00 [ 0.0000e+00 ] 1.0000e+00
 3.366e+01 2.6490e-06 2.6490e-06 [ 2.0614e-66 1.0245e-40 9.6141e-11 2.6489e-06 ] 0.0000e+00 [ 0.0000e+00 ] 1.0000e+00
 3.377e+01 2.4603e-06 2.4603e-06 [ 9.0842e-67 5.5804e-41 8.2225e-11 2.4602e-06 ] 0.0000e+00 [ 0.0000e+00 ] 1.0000e+00
 3.389e+01 2.2843e-06 2.2843e-06 [ 4.0006e-67 3.0357e-41 7.0283e-11 2.2843e-06 ] 0.0000e+00 [ 0.0000e+00 ] 1.0000e+00
 3.400e+01 2.1203e-06 2.1203e-06 [ 1.7606e-67 1.6494e-41 6.0042e-11 2.1203e-06 ] 0.0000e+00 [ 0.0000e+00 ] 1.0000e+00
 3.411e+01 1.9676e-06 1.9676e-06 [ 7.7433e-68 8.9500e-42 5.1264e-11 1.9675e-06 ] 0.0000e+00 [ 0.0000e+00 ] 1.0000e+00
 3.423e+01 1.8253e-06 1.8253e-06 [ 3.4032e-68 4.8505e-42 4.3745e-11 1.8253e-06 ] 0.0000e+00 [ 0.0000e+00 ] 1.0000e+00
 3.434e+01 1.6928e-06 1.6928e-06 [ 1.4947e-68 2.6255e-42 3.7307e-11 1.6928e-06 ] 0.0000e+00 [ 0.0000e+00 ] 1.0000e+00
 3.445e+01 1.5695e-06 1.5695e-06 [ 6.5607e-69 1.4194e-42 3.1800e-11 1.5695e-06 ] 0.0000e+00 [ 0.0000e+00 ] 1.0000e+00
 3.457e+01 1.4548e-06 1.4548e-06 [ 2.8778e-69 7.6644e-43 2.7090e-11 1.4548e-06 ] 0.0000e+00 [ 0.0000e+00 ] 1.0000e+00
 3.468e+01 1.3481e-06 1.3481e-06 [ 1.2615e-69 4.1335e-43 2.3065e-11 1.3480e-06 ] 0.0000e+00 [ 0.0000e+00 ] 1.0000e+00
 3.479e+01 1.2488e-06 1.2488e-06 [ 5.5261e-70 2.2265e-43 1.9627e-11 1.2488e-06 ] 0.0000e+00 [ 0.0000e+00 ] 1.0000e+00
 3.491e+01 1.1565e-06 1.1565e-06 [ 2.4192e-70 1.1979e-43 1.6692e-11 1.1565e-06 ] 0.0000e+00 [ 0.0000e+00 ] 1.0000e+00
 3.502e+01 1.0707e-06 1.0707e-06 [ 1.0584e-70 6.4371e-44 1.4188e-11 1.0707e-06 ] 0.0000e+00 [ 0.0000e+00 ] 1.0000e+00
 3.513e+01 9.9104e-07 9.9104e-07 [ 4.6277e-71 3.4550e-44 1.2053e-11 9.9103e-07 ] 0.0000e+00 [ 0.0000e+00 ] 1.0000e+00
 3.525e+01 9.1701e-07 9.1701e-07 [ 2.0221e-71 1.8522e-44 1.0233e-11 9.1700e-07 ] 0.0000e+00 [ 0.0000e+00 ] 1.0000e+00
 3.536e+01 8.4827e-07 8.4827e-07 [ 8.8300e-72 9.9183e-45 8.6837e-12 8.4826e-07 ] 0.0000e+00 [ 0.0000e+00 ] 1.0000e+00
 3.547e+01 7.8445e-07 7.8445e-07 [ 3.8534e-72 5.3048e-45 7.3647e-12 7.8445e-07 ] 0.0000e+00 [ 0.0000e+00 ] 1.0000e+00
 3.559e+01 7.2523e-07 7.2523e-07 [ 1.6806e-72 2.8340e-45 6.2425e-12 7.2522e-07 ] 0.0000e+00 [ 0.0000e+00 ] 1.0000e+00
 3.570e+01 6.7029e-07 6.7029e-07 [ 7.3251e-73 1.5123e-45 5.2884e-12 6.7028e-07 ] 0.0000e+00 [ 0.0000e+00 ] 1.0000e+00
 3.581e+01 6.1932e-07 6.1932e-07 [ 3.1908e-73 8.0604e-46 4.4777e-12 6.1932e-07 ] 0.0000e+00 [ 0.0000e+00 ] 1.0000e+00
 3.593e+01 5.7207e-07 5.7207e-07 [ 1.3890e-73 4.2914e-46 3.7891e-12 5.7207e-07 ] 0.0000e+00 [ 0.0000e+00 ] 1.0000e+00
 3.604e+01 5.2827e-07 5.2827e-07 [ 6.0432e-74 2.2822e-46 3.2047e-12 5.2827e-07 ] 0.0000e+00 [ 0.0000e+00 ] 1.0000e+00
 3.615e+01 4.8768e-07 4.8768e-07 [ 2.6276e-74 1.2123e-46 2.7089e-12 4.8768e-07 ] 0.0000e+00 [ 0.0000e+00 ] 1.0000e+00
 3.627e+01 4.5009e-07 4.5009e-07 [ 1.1418e-74 6.4325e-47 2.2886e-12 4.5008e-07 ] 0.0000e+00 [ 0.0000e+00 ] 1.0000e+00
 3.638e+01 4.1526e-07 4.1526e-07 [ 4.9586e-75 3.4094e-47 1.9324e-12 4.1526e-07 ] 0.0000e+00 [ 0.0000e+00 ] 1.0000e+00
 3.649e+01 3.8303e-07 3.8303e-07 [ 2.1522e-75 1.8050e-47 1.6308e-12 3.8302e-07 ] 0.0000e+00 [ 0.0000e+00 ] 1.0000e+00
 3.661e+01 3.5319e-07 3.5319e-07 [ 9.3355e-76 9.5460e-48 1.3755e-12 3.5319e-07 ] 0.0000e+00 [ 0.0000e+00 ] 1.0000e+00
 3.672e+01 3.2558e-07 3.2558e-07 [ 4.0471e-76 5.0430e-48 1.1595e-12 3.2558e-07 ] 0.0000e+00 [ 0.0000e+00 ] 1.0000e+00
 3.683e+01 3.0004e-07 3.0004e-07 [ 1.7535e-76 2.6612e-48 9.7690e-13 3.0004e-07 ] 0.0000e+00 [ 0.0000e+00 ] 1.0000e+00
 3.695e+01 2.7643e-07 2.7643e-07 [ 7.5927e-77 1.4028e-48 8.2261e-13 2.7643e-07 ] 0.0000e+00 [ 0.0000e+00 ] 1.0000e+00
 3.706e+01 2.5460e-07 2.5460e-07 [ 3.2859e-77 7.3868e-49 6.9231e-13 2.5460e-07 ] 0.0000e+00 [ 0.0000e+00 ] 1.0000e+00
 3.717e+01 2.3442e-07 2.3442e-07 [ 1.4212e-77 3.8855e-49 5.8233e-13 2.3442e-07 ] 0.0000e+00 [ 0.0000e+00 ] 1.0000e+00
 3.729e+01 2.1578e-07 2.1578e-07 [ 6.1434e-78 2.0417e-49 4.8956e-13 2.1578e-07 ] 0.0000e+00 [ 0.0000e+00 ] 1.0000e+00
 3.740e+01 1.9857e-07 1.9857e-07 [ 2.6541e-78 1.0717e-49 4.1135e-13 1.9857e-07 ] 0.0000e+00 [ 0.0000e+00 ] 1.0000e+00
 3.751e+01 1.8267e-07 1.8267e-07 [ 1.1460e-78 5.6193e-50 3.4544e-13 1.8267e-07 ] 0.0000e+00 [ 0.0000e+00 ] 1.0000e+00
 3.763e+01 1.6800e-07 1.6800e-07 [ 4.9455e-79 2.9434e-50 2.8994e-13 1.6800e-07 ] 0.0000e+00 [ 0.0000e+00 ] 1.0000e+00
 3.774e+01 1.5447e-07 1.5447e-07 [ 2.1330e-79 1.5402e-50 2.4322e-13 1.5447e-07 ] 0.0000e+00 [ 0.0000e+00 ] 1.0000e+00
 3.785e+01 1.4198e-07 1.4198e-07 [ 9.1947e-80 8.0508e-51 2.0392e-13 1.4198e-07 ] 0.0000e+00 [ 0.0000e+00 ] 1.0000e+00
 3.797e+01 1.3046e-07 1.3046e-07 [ 3.9614e-80 4.2041e-51 1.7088e-13 1.3046e-07 ] 0.0000e+00 [ 0.0000e+00 ] 1.0000e+00
 3.808e+01 1.1984e-07 1.1984e-07 [ 1.7057e-80 2.1931e-51 1.4311e-13 1.1984e-07 ] 0.0000e+00 [ 0.0000e+00 ] 1.0000e+00
 3.819e+01 1.1006e-07 1.1006e-07 [ 7.3408e-81 1.1429e-51 1.1980e-13 1.1006e-07 ] 0.0000e+00 [ 0.0000e+00 ] 1.0000e+00
 3.831e+01 1.0104e-07 1.0104e-07 [ 3.1575e-81 5.9499e-52 1.0022e-13 1.0104e-07 ] 0.0000e+00 [ 0.0000e+00 ] 1.0000e+00
 3.842e+01 9.2735e-08 9.2735e-08 [ 1.3574e-81 3.0944e-52 8.3803e-14 9.2735e-08 ] 0.0000e+00 [ 0.0000e+00 ] 1.0000e+00
 3.853e+01 8.5088e-08 8.5088e-08 [ 5.8323e-82 1.6078e-52 7.0036e-14 8.5088e-08 ] 0.0000e+00 [ 0.0000e+00 ] 1.0000e+00
 3.865e+01 7.8048e-08 7.8048e-08 [ 2.5046e-82 8.3451e-53 5.8500e-14 7.8048e-08 ] 0.0000e+00 [ 0.0000e+00 ] 1.0000e+00
 3.876e+01 7.1570e-08 7.1570e-08 [ 1.0750e-82 4.3273e-53 4.8837e-14 7.1570e-08 ] 0.0000e+00 [ 0.0000e+00 ] 1.0000e+00
 3.887e+01 6.5611e-08 6.5611e-08 [ 4.6118e-83 2.2417e-53 4.0749e-14 6.5611e-08 ] 0.0000e+00 [ 0.0000e+00 ] 1.0000e+00
 3.899e+01 6.0130e-08 6.0130e-08 [ 1.9774e-83 1.1601e-53 3.3983e-14 6.0130e-08 ] 0.0000e+00 [ 0.0000e+00 ] 1.0000e+00
 3.910e+01 5.5091e-08 5.5091e-08 [ 8.4740e-84 5.9982e-54 2.8325e-14 5.5091e-08 ] 0.0000e+00 [ 0.0000e+00 ] 1.0000e+00
 3.921e+01 5.0459e-08 5.0459e-08 [ 3.6296e-84 3.0983e-54 2.3596e-14 5.0459e-08 ] 0.0000e+00 [ 0.0000e+00 ] 1.0000e+00
 3.933e+01 4.6203e-08 4.6203e-08 [ 1.5539e-84 1.5988e-54 1.9647e-14 4.6203e-08 ] 0.0000e+00 [ 0.0000e+00 ] 1.0000e+00
 3.944e+01 4.2294e-08 4.2294e-08 [ 6.6487e-85 8.2427e-55 1.6349e-14 4.2294e-08 ] 0.0000e+00 [ 0.0000e+00 ] 1.0000e+00
 3.955e+01 3.8704e-08 3.8704e-08 [ 2.8435e-85 4.2455e-55 1.3599e-14 3.8704e-08 ] 0.0000e+00 [ 0.0000e+00 ] 1.0000e+00
 3.967e+01 3.5408e-08 3.5408e-08 [ 1.2155e-85 2.1846e-55 1.1304e-14 3.5408e-08 ] 0.0000e+00 [ 0.0000e+00 ] 1.0000e+00
 3.978e+01 3.2384e-08 3.2384e-08 [ 5.1929e-86 1.1231e-55 9.3925e-15 3.2384e-08 ] 0.0000e+00 [ 0.0000e+00 ] 1.0000e+00
 3.989e+01 2.9609e-08 2.9609e-08 [ 2.2175e-86 5.7683e-56 7.7998e-15 2.9609e-08 ] 0.0000e+00 [ 0.0000e+00 ] 1.0000e+00
 4.001e+01 2.7064e-08 2.7064e-08 [ 9.4648e-87 2.9599e-56 6.4737e-15 2.7064e-08 ] 0.0000e+00 [ 0.0000e+00 ] 1.0000e+00
 4.012e+01 2.4731e-08 2.4731e-08 [ 4.0378e-87 1.5175e-56 5.3703e-15 2.4731e-08 ] 0.0000e+00 [ 0.0000e+00 ] 1.0000e+00
 4.023e+01 2.2592e-08 2.2592e-08 [ 1.7217e-87 7.7723e-57 4.4527e-15 2.2592e-08 ] 0.0000e+00 [ 0.0000e+00 ] 1.0000e+00
 4.035e+01 2.0632e-08 2.0632e-08 [ 7.3377e-88 3.9773e-57 3.6899e-15 2.0632e-08 ] 0.0000e+00 [ 0.0000e+00 ] 1.0000e+00
 4.046e+01 1.8836e-08 1.8836e-08 [ 3.1258e-88 2.0335e-57 3.0562e-15 1.8836e-08 ] 0.0000e+00 [ 0.0000e+00 ] 1.0000e+00
 4.057e+01 1.7192e-08 1.7192e-08 [ 1.3309e-88 1.0387e-57 2.5300e-15 1.7192e-08 ] 0.0000e+00 [ 0.0000e+00 ] 1.0000e+00
 4.069e+01 1.5687e-08 1.5687e-08 [ 5.6640e-89 5.3010e-58 2.0933e-15 1.5687e-08 ] 0.0000e+00 [ 0.0000e+00 ] 1.0000e+00
 4.080e+01 1.4309e-08 1.4309e-08 [ 2.4093e-89 2.7029e-58 1.7311e-15 1.4309e-08 ] 0.0000e+00 [ 0.0000e+00 ] 1.0000e+00
 4.091e+01 1.3048e-08 1.3048e-08 [ 1.0244e-89 1.3770e-58 1.4308e-15 1.3048e-08 ] 0.0000e+00 [ 0.0000e+00 ] 1.0000e+00
 4.103e+01 1.1895e-08 1.1895e-08 [ 4.3533e-90 7.0086e-59 1.1820e-15 1.1895e-08 ] 0.0000e+00 [ 0.0000e+00 ] 1.0000e+00
 4.114e+01 1.0841e-08 1.0841e-08 [ 1.8492e-90 3.5641e-59 9.7596e-16 1.0841e-08 ] 0.0000e+00 [ 0.0000e+00 ] 1.0000e+00
 4.125e+01 9.8771e-09 9.8771e-09 [ 7.8513e-91 1.8109e-59 8.0542e-16 9.8771e-09 ] 0.0000e+00 [ 0.0000e+00 ] 1.0000e+00
 4.137e+01 8.9964e-09 8.9964e-09 [ 3.3319e-91 9.1933e-60 6.6433e-16 8.9964e-09 ] 0.0000e+00 [ 0.0000e+00 ] 1.0000e+00
 4.148e+01 8.1917e-09 8.1917e-09 [ 1.4134e-91 4.6630e-60 5.4768e-16 8.1917e-09 ] 0.0000e+00 [ 0.0000e+00 ] 1.0000e+00
 4.159e+01 7.4569e-09 7.4569e-09 [ 5.9925e-92 2.3631e-60 4.5128e-16 7.4569e-09 ] 0.0000e+00 [ 0.0000e+00 ] 1.0000e+00
 4.171e+01 6.7860e-09 6.7860e-09 [ 2.5396e-92 1.1965e-60 3.7165e-16 6.7860e-09 ] 0.0000e+00 [ 0.0000e+00 ] 1.0000e+00
 4.182e+01 6.1736e-09 6.1736e-09 [ 1.0758e-92 6.0535e-61 3.0592e-16 6.1736e-09 ] 0.0000e+00 [ 0.0000e+00 ] 1.0000e+00
 4.193e+01 5.6149e-09 5.6149e-09 [ 4.5551e-93 3.0600e-61 2.5169e-16 5.6149e-09 ] 0.0000e+00 [ 0.0000e+00 ] 1.0000e+00
 4.205e+01 5.1052e-09 5.1052e-09 [ 1.9279e-93 1.5455e-61 2.0696e-16 5.1052e-09 ] 0.0000e+00 [ 0.0000e+00 ] 1.0000e+00
 4.216e+01 4.6404e-09 4.6404e-09 [ 8.1556e-94 7.7991e-62 1.7010e-16 4.6404e-09 ] 0.0000e+00 [ 0.0000e+00 ] 1.0000e+00
 4.227e+01 4.2167e-09 4.2167e-09 [ 3.4486e-94 3.9324e-62 1.3973e-16 4.2167e-09 ] 0.0000e+00 [ 0.0000e+00 ] 1.0000e+00
 4.239e+01 3.8306e-09 3.8306e-09 [ 1.4576e-94 1.9812e-62 1.1472e-16 3.8306e-09 ] 0.0000e+00 [ 0.0000e+00 ] 1.0000e+00
 4.250e+01 3.4788e-09 3.4788e-09 [ 6.1581e-95 9.9728e-63 9.4143e-17 3.4788e-09 ] 0.0000e+00 [ 0.0000e+00 ] 1.0000e+00
 4.261e+01 3.1583e-09 3.1583e-09 [ 2.6005e-95 5.0160e-63 7.7216e-17 3.1583e-09 ] 0.0000e+00 [ 0.0000e+00 ] 1.0000e+00
 4.273e+01 2.8666e-09 2.8666e-09 [ 1.0977e-95 2.5208e-63 6.3301e-17 2.8666e-09 ] 0.0000e+00 [ 0.0000e+00 ] 1.0000e+00
 4.284e+01 2.6010e-09 2.6010e-09 [ 4.6316e-96 1.2658e-63 5.1867e-17 2.6010e-09 ] 0.0000e+00 [ 0.0000e+00 ] 1.0000e+00
 4.295e+01 2.3594e-09 2.3594e-09 [ 1.9534e-96 6.3513e-64 4.2477e-17 2.3594e-09 ] 0.0000e+00 [ 0.0000e+00 ] 1.0000e+00
 4.307e+01 2.1395e-09 2.1395e-09 [ 8.2349e-97 3.1842e-64 3.4769e-17 2.1395e-09 ] 0.0000e+00 [ 0.0000e+00 ] 1.0000e+00
 4.318e+01 1.9396e-09 1.9396e-09 [ 3.4701e-97 1.5951e-64 2.8446e-17 1.9396e-09 ] 0.0000e+00 [ 0.0000e+00 ] 1.0000e+00
 4.329e+01 1.7579e-09 1.7579e-09 [ 1.4617e-97 7.9840e-65 2.3261e-17 1.7579e-09 ] 0.0000e+00 [ 0.0000e+00 ] 1.0000e+00
 4.341e+01 1.5927e-09 1.5927e-09 [ 6.1542e-98 3.9931e-65 1.9011e-17 1.5927e-09 ] 0.0000e+00 [ 0.0000e+00 ] 1.0000e+00
 4.352e+01 1.4426e-09 1.4426e-09 [ 2.5901e-98 1.9956e-65 1.5530e-17 1.4426e-09 ] 0.0000e+00 [ 0.0000e+00 ] 1.0000e+00
 4.363e+01 1.3063e-09 1.3063e-09 [ 1.0896e-98 9.9650e-66 1.2680e-17 1.3063e-09 ] 0.0000e+00 [ 0.0000e+00 ] 1.0000e+00
 4.375e+01 1.1825e-09 1.1825e-09 [ 4.5819e-99 4.9722e-66 1.0348e-17 1.1825e-09 ] 0.0000e+00 [ 0.0000e+00 ] 1.0000e+00
 4.386e+01 1.0701e-09 1.0701e-09 [ 1.9260e-99 2.4790e-66 8.4408e-18 1.0701e-09 ] 0.0000e+00 [ 0.0000e+00 ] 1.0000e+00
 4.397e+01 9.6811e-10 9.6811e-10 [ 8.0924e-100 1.2350e-66 6.8815e-18 9.6811e-10 ] 0.0000e+00 [ 0.0000e+00 ] 1.0000e+00
 4.409e+01 8.7559e-10 8.7559e-10 [ 3.3988e-100 6.1481e-67 5.6075e-18 8.7559e-10 ] 0.0000e+00 [ 0.0000e+00 ] 1.0000e+00
 4.420e+01 7.9168e-10 7.9168e-10 [ 1.4269e-100 3.0582e-67 4.5670e-18 7.9168e-10 ] 0.0000e+00 [ 0.0000e+00 ] 1.0000e+00
 4.431e+01 7.1560e-10 7.1560e-10 [ 5.9881e-101 1.5201e-67 3.7178e-18 7.1560e-10 ] 0.0000e+00 [ 0.0000e+00 ] 1.0000e+00
 4.443e+01 6.4665e-10 6.4665e-10 [ 2.5120e-101 7.5499e-68 3.0249e-18 6.4665e-10 ] 0.0000e+00 [ 0.0000e+00 ] 1.0000e+00
 4.454e+01 5.8417e-10 5.8417e-10 [ 1.0533e-101 3.7470e-68 2.4600e-18 5.8417e-10 ] 0.0000e+00 [ 0.0000e+00 ] 1.0000e+00
 4.465e+01 5.2757e-10 5.2757e-10 [ 4.4151e-102 1.8582e-68 1.9996e-18 5.2757e-10 ] 0.0000e+00 [ 0.0000e+00 ] 1.0000e+00
 4.477e+01 4.7631e-10 4.7631e-10 [ 1.8499e-102 9.2085e-69 1.6245e-18 4.7631e-10 ] 0.0000e+00 [ 0.0000e+00 ] 1.0000e+00
 4.488e+01 4.2991e-10 4.2991e-10 [ 7.7480e-103 4.5599e-69 1.3192e-18 4.2991e-10 ] 0.0000e+00 [ 0.0000e+00 ] 1.0000e+00
 4.499e+01 3.8792e-10 3.8792e-10 [ 3.2438e-103 2.2563e-69 1.0707e-18 3.8792e-10 ] 0.0000e+00 [ 0.0000e+00 ] 1.0000e+00
 4.511e+01 3.4992e-10 3.4992e-10 [ 1.3576e-103 1.1156e-69 8.6855e-19 3.4992e-10 ] 0.0000e+00 [ 0.0000e+00 ] 1.0000e+00
 4.522e+01 3.1555e-10 3.1555e-10 [ 5.6792e-104 5.5123e-70 7.0425e-19 3.1555e-10 ] 0.0000e+00 [ 0.0000e+00 ] 1.0000e+00
 4.533e+01 2.8448e-10 2.8448e-10 [ 2.3749e-104 2.7216e-70 5.7074e-19 2.8448e-10 ] 0.0000e+00 [ 0.0000e+00 ] 1.0000e+00
 4.545e+01 2.5639e-10 2.5639e-10 [ 9.9278e-105 1.3428e-70 4.6232e-19 2.5639e-10 ] 0.0000e+00 [ 0.0000e+00 ] 1.0000e+00
 4.556e+01 2.3101e-10 2.3101e-10 [ 4.1485e-105 6.6200e-71 3.7431e-19 2.3101e-10 ] 0.0000e+00 [ 0.0000e+00 ] 1.0000e+00
 4.567e+01 2.0808e-10 2.0808e-10 [ 1.7328e-105 3.2614e-71 3.0290e-19 2.0808e-10 ] 0.0000e+00 [ 0.0000e+00 ] 1.0000e+00
 4.579e+01 1.8737e-10 1.8737e-10 [ 7.2354e-106 1.6056e-71 2.4500e-19 1.8737e-10 ] 0.0000e+00 [ 0.0000e+00 ] 1.0000e+00
 4.590e+01 1.6867e-10 1.6867e-10 [ 3.0200e-106 7.8989e-72 1.9807e-19 1.6867e-10 ] 0.0000e+00 [ 0.0000e+00 ] 1.0000e+00
 4.601e+01 1.5179e-10 1.5179e-10 [ 1.2601e-106 3.8832e-72 1.6005e-19 1.5179e-10 ] 0.0000e+00 [ 0.0000e+00 ] 1.0000e+00
 4.613e+01 1.3657e-10 1.3657e-10 [ 5.2555e-107 1.9076e-72 1.2926e-19 1.3657e-10 ] 0.0000e+00 [ 0.0000e+00 ] 1.0000e+00
 4.624e+01 1.2283e-10 1.2283e-10 [ 2.1911e-107 9.3649e-73 1.0435e-19 1.2283e-10 ] 0.0000e+00 [ 0.0000e+00 ] 1.0000e+00
 4.635e+01 1.1044e-10 1.1044e-10 [ 9.1321e-108 4.5942e-73 8.4194e-20 1.1044e-10 ] 0.0000e+00 [ 0.0000e+00 ] 1.0000e+00
 4.647e+01 9.9277e-11 9.9277e-11 [ 3.8047e-108 2.2522e-73 6.7900e-20 9.9277e-11 ] 0.0000e+00 [ 0.0000e+00 ] 1.0000e+00
 4.658e+01 8.9213e-11 8.9213e-11 [ 1.5845e-108 1.1033e-73 5.4732e-20 8.9213e-11 ] 0.0000e+00 [ 0.0000e+00 ] 1.0000e+00
 4.669e+01 8.0146e-11 8.0146e-11 [ 6.5967e-109 5.4014e-74 4.4097e-20 8.0146e-11 ] 0.0000e+00 [ 0.0000e+00 ] 1.0000e+00
 4.681e+01 7.1980e-11 7.1980e-11 [ 2.7454e-109 2.6424e-74 3.5511e-20 7.1980e-11 ] 0.0000e+00 [ 0.0000e+00 ] 1.0000e+00
 4.692e+01 6.4627e-11 6.4627e-11 [ 1.1421e-109 1.2918e-74 2.8582e-20 6.4627e-11 ] 0.0000e+00 [ 0.0000e+00 ] 1.0000e+00
 4.703e+01 5.8008e-11 5.8008e-11 [ 4.7499e-110 6.3112e-75 2.2995e-20 5.8008e-11 ] 0.0000e+00 [ 0.0000e+00 ] 1.0000e+00
 4.715e+01 5.2052e-11 5.2052e-11 [ 1.9746e-110 3.0813e-75 1.8490e-20 5.2052e-11 ] 0.0000e+00 [ 0.0000e+00 ] 1.0000e+00
 4.726e+01 4.6694e-11 4.6694e-11 [ 8.2062e-111 1.5033e-75 1.4861e-20 4.6694e-11 ] 0.0000e+00 [ 0.0000e+00 ] 1.0000e+00
 4.737e+01 4.1875e-11 4.1875e-11 [ 3.4091e-111 7.3296e-76 1.1939e-20 4.1875e-11 ] 0.0000e+00 [ 0.0000e+00 ] 1.0000e+00
 4.749e+01 3.7543e-11 3.7543e-11 [ 1.4158e-111 3.5712e-76 9.5861e-21 3.7543e-11 ] 0.0000e+00 [ 0.0000e+00 ] 1.0000e+00
 4.760e+01 3.3649e-11 3.3649e-11 [ 5.8776e-112 1.7389e-76 7.6934e-21 3.3649e-11 ] 0.0000e+00 [ 0.0000e+00 ] 1.0000e+00
 4.771e+01 3.0150e-11 3.0150e-11 [ 2.4392e-112 8.4611e-77 6.1714e-21 3.0150e-11 ] 0.0000e+00 [ 0.0000e+00 ] 1.0000e+00
 4.783e+01 2.7007e-11 2.7007e-11 [ 1.0119e-112 4.1144e-77 4.9482e-21 2.7007e-11 ] 0.0000e+00 [ 0.0000e+00 ] 1.0000e+00
 4.794e+01 2.4184e-11 2.4184e-11 [ 4.1966e-113 1.9994e-77 3.9654e-21 2.4184e-11 ] 0.0000e+00 [ 0.0000e+00 ] 1.0000e+00
 4.805e+01 2.1651e-11 2.1651e-11 [ 1.7398e-113 9.7096e-78 3.1763e-21 2.1651e-11 ] 0.0000e+00 [ 0.0000e+00 ] 1.0000e+00
 4.817e+01 1.9377e-11 1.9377e-11 [ 7.2104e-114 4.7122e-78 2.5431e-21 1.9377e-11 ] 0.0000e+00 [ 0.0000e+00 ] 1.0000e+00
 4.828e+01 1.7337e-11 1.7337e-11 [ 2.9872e-114 2.2854e-78 2.0350e-21 1.7337e-11 ] 0.0000e+00 [ 0.0000e+00 ] 1.0000e+00
 4.839e+01 1.5507e-11 1.5507e-11 [ 1.2372e-114 1.1077e-78 1.6277e-21 1.5507e-11 ] 0.0000e+00 [ 0.0000e+00 ] 1.0000e+00
 4.851e+01 1.3866e-11 1.3866e-11 [ 5.1221e-115 5.3656e-79 1.3013e-21 1.3866e-11 ] 0.0000e+00 [ 0.0000e+00 ] 1.0000e+00
 4.862e+01 1.2395e-11 1.2395e-11 [ 2.1199e-115 2.5973e-79 1.0399e-21 1.2395e-11 ] 0.0000e+00 [ 0.0000e+00 ] 1.0000e+00
 4.873e+01 1.1077e-11 1.1077e-11 [ 8.7711e-116 1.2565e-79 8.3053e-22 1.1077e-11 ] 0.0000e+00 [ 0.0000e+00 ] 1.0000e+00
 4.885e+01 9.8968e-12 9.8968e-12 [ 3.6278e-116 6.0745e-80 6.6303e-22 9.8968e-12 ] 0.0000e+00 [ 0.0000e+00 ] 1.0000e+00
 4.896e+01 8.8394e-12 8.8394e-12 [ 1.5000e-116 2.9349e-80 5.2905e-22 8.8394e-12 ] 0.0000e+00 [ 0.0000e+00 ] 1.0000e+00
 4.907e+01 7.8927e-12 7.8927e-12 [ 6.2000e-117 1.4171e-80 4.2194e-22 7.8927e-12 ] 0.0000e+00 [ 0.0000e+00 ] 1.0000e+00
 4.919e+01 7.0453e-12 7.0453e-12 [ 2.5618e-117 6.8382e-81 3.3635e-22 7.0453e-12 ] 0.0000e+00 [ 0.0000e+00 ] 1.0000e+00
 4.930e+01 6.2871e-12 6.2871e-12 [ 1.0582e-117 3.2977e-81 2.6800e-22 6.2871e-12 ] 0.0000e+00 [ 0.0000e+00 ] 1.0000e+00
 4.941e+01 5.6088e-12 5.6088e-12 [ 4.3697e-118 1.5893e-81 2.1343e-22 5.6088e-12 ] 0.0000e+00 [ 0.0000e+00 ] 1.0000e+00
 4.953e+01 5.0023e-12 5.0023e-12 [ 1.8038e-118 7.6549e-82 1.6990e-22 5.0023e-12 ] 0.0000e+00 [ 0.0000e+00 ] 1.0000e+00
 4.964e+01 4.4601e-12 4.4601e-12 [ 7.4439e-119 3.6847e-82 1.3518e-22 4.4601e-12 ] 0.0000e+00 [ 0.0000e+00 ] 1.0000e+00
 4.975e+01 3.9755e-12 3.9755e-12 [ 3.0709e-119 1.7726e-82 1.0750e-22 3.9755e-12 ] 0.0000e+00 [ 0.0000e+00 ] 1.0000e+00
 4.987e+01 3.5425e-12 3.5425e-12 [ 1.2665e-119 8.5220e-83 8.5447e-23 3.5425e-12 ] 0.0000e+00 [ 0.0000e+00 ] 1.0000e+00
 4.998e+01 3.1558e-12 3.1558e-12 [ 5.2214e-120 4.0946e-83 6.7887e-23 3.1558e-12 ] 0.0000e+00 [ 0.0000e+00 ] 1.0000e+00
 5.009e+01 2.8104e-12 2.8104e-12 [ 2.1520e-120 1.9662e-83 5.3910e-23 2.8104e-12 ] 0.0000e+00 [ 0.0000e+00 ] 1.0000e+00
 5.021e+01 2.5022e-12 2.5022e-12 [ 8.8668e-121 9.4356e-84 4.2790e-23 2.5022e-12 ] 0.0000e+00 [ 0.0000e+00 ] 1.0000e+00
 5.032e+01 2.2271e-12 2.2271e-12 [ 3.6522e-121 4.5254e-84 3.3947e-23 2.2271e-12 ] 0.0000e+00 [ 0.0000e+00 ] 1.0000e+00
 5.043e+01 1.9816e-12 1.9816e-12 [ 1.5039e-121 2.1692e-84 2.6919e-23 1.9816e-12 ] 0.0000e+00 [ 0.0000e+00 ] 1.0000e+00
 5.055e+01 1.7628e-12 1.7628e-12 [ 6.1905e-122 1.0391e-84 2.1336e-23 1.7628e-12 ] 0.0000e+00 [ 0.0000e+00 ] 1.0000e+00
 5.066e+01 1.5676e-12 1.5676e-12 [ 2.5475e-122 4.9748e-85 1.6902e-23 1.5676e-12 ] 0.0000e+00 [ 0.0000e+00 ] 1.0000e+00
 5.077e+01 1.3936e-12 1.3936e-12 [ 1.0480e-122 2.3803e-85 1.3384e-23 1.3936e-12 ] 0.0000e+00 [ 0.0000e+00 ] 1.0000e+00
 5.089e+01 1.2386e-12 1.2386e-12 [ 4.3101e-123 1.1383e-85 1.0592e-23 1.2386e-12 ] 0.0000e+00 [ 0.0000e+00 ] 1.0000e+00
 5.100e+01 1.1005e-12 1.1005e-12 [ 1.7721e-123 5.4400e-86 8.3794e-24 1.1005e-12 ] 0.0000e+00 [ 0.0000e+00 ] 1.0000e+00
 5.111e+01 9.7756e-13 9.7756e-13 [ 7.2835e-124 2.5984e-86 6.6255e-24 9.7756e-13 ] 0.0000e+00 [ 0.0000e+00 ] 1.0000e+00
 5.123e+01 8.6808e-13 8.6808e-13 [ 2.9928e-124 1.2404e-86 5.2362e-24 8.6808e-13 ] 0.0000e+00 [ 0.0000e+00 ] 1.0000e+00
 5.134e+01 7.7064e-13 7.7064e-13 [ 1.2294e-124 5.9177e-87 4.1363e-24 7.7064e-13 ] 0.0000e+00 [ 0.0000e+00 ] 1.0000e+00
 5.145e+01 6.8393e-13 6.8393e-13 [ 5.0483e-125 2.8217e-87 3.2658e-24 6.8393e-13 ] 0.0000e+00 [ 0.0000e+00 ] 1.0000e+00
 5.157e+01 6.0681e-13 6.0681e-13 [ 2.0725e-125 1.3447e-87 2.5773e-24 6.0681e-13 ] 0.0000e+00 [ 0.0000e+00 ] 1.0000e+00
 5.168e+01 5.3823e-13 5.3823e-13 [ 8.5057e-126 6.4042e-88 2.0330e-24 5.3823e-13 ] 0.0000e+00 [ 0.0000e+00 ] 1.0000e+00
 5.179e+01 4.7726e-13 4.7726e-13 [ 3.4898e-126 3.0485e-88 1.6029e-24 4.7726e-13 ] 0.0000e+00 [ 0.0000e+00 ] 1.0000e+00
 5.191e+01 4.2308e-13 4.2308e-13 [ 1.4314e-126 1.4503e-88 1.2631e-24 4.2308e-13 ] 0.0000e+00 [ 0.0000e+00 ] 1.0000e+00
 5.202e+01 3.7494e-13 3.7494e-13 [ 5.8696e-127 6.8956e-89 9.9492e-25 3.7494e-13 ] 0.0000e+00 [ 0.0000e+00 ] 1.0000e+00
 5.213e+01 3.3218e-13 3.3218e-13 [ 2.4061e-127 3.2768e-89 7.8329e-25 3.3218e-13 ] 0.0000e+00 [ 0.0000e+00 ] 1.0000e+00
 5.225e+01 2.9421e-13 2.9421e-13 [ 9.8607e-128 1.5563e-89 6.1638e-25 2.9421e-13 ] 0.0000e+00 [ 0.0000e+00 ] 1.0000e+00
 5.236e+01 2.6051e-13 2.6051e-13 [ 4.0399e-128 7.3873e-90 4.8480e-25 2.6051e-13 ] 0.0000e+00 [ 0.0000e+00 ] 1.0000e+00
 5.247e+01 2.3060e-13 2.3060e-13 [ 1.6547e-128 3.5047e-90 3.8113e-25 2.3060e-13 ] 0.0000e+00 [ 0.0000e+00 ] 1.0000e+00
 5.259e+01 2.0407e-13 2.0407e-13 [ 6.7754e-129 1.6618e-90 2.9949e-25 2.0407e-13 ] 0.0000e+00 [ 0.0000e+00 ] 1.0000e+00
 5.270e+01 1.8054e-13 1.8054e-13 [ 2.7735e-129 7.8750e-91 2.3522e-25 1.8054e-13 ] 0.0000e+00 [ 0.0000e+00 ] 1.0000e+00
 5.281e+01 1.5967e-13 1.5967e-13 [ 1.1350e-129 3.7299e-91 1.8465e-25 1.5967e-13 ] 0.0000e+00 [ 0.0000e+00 ] 1.0000e+00
 5.293e+01 1.4118e-13 1.4118e-13 [ 4.6436e-130 1.7657e-91 1.4489e-25 1.4118e-13 ] 0.0000e+00 [ 0.0000e+00 ] 1.0000e+00
 5.304e+01 1.2479e-13 1.2479e-13 [ 1.8993e-130 8.3537e-92 1.1363e-25 1.2479e-13 ] 0.0000e+00 [ 0.0000e+00 ] 1.0000e+00
 5.315e+01 1.1027e-13 1.1027e-13 [ 7.7659e-131 3.9502e-92 8.9076e-26 1.1027e-13 ] 0.0000e+00 [ 0.0000e+00 ] 1.0000e+00
 5.327e+01 9.7419e-14 9.7419e-14 [ 3.1746e-131 1.8669e-92 6.9793e-26 9.7419e-14 ] 0.0000e+00 [ 0.0000e+00 ] 1.0000e+00
 5.338e+01 8.6037e-14 8.6037e-14 [ 1.2973e-131 8.8188e-93 5.4658e-26 8.6037e-14 ] 0.0000e+00 [ 0.0000e+00 ] 1.0000e+00
 5.349e+01 7.5963e-14 7.5963e-14 [ 5.3004e-132 4.1635e-93 4.2785e-26 7.5963e-14 ] 0.0000e+00 [ 0.0000e+00 ] 1.0000e+00
 5.361e+01 6.7049e-14 6.7049e-14 [ 2.1649e-132 1.9646e-93 3.3475e-26 6.7049e-14 ] 0.0000e+00 [ 0.0000e+00 ] 1.0000e+00
 5.372e+01 5.9165e-14 5.9165e-14 [ 8.8401e-133 9.2653e-94 2.6178e-26 5.9165e-14 ] 0.0000e+00 [ 0.0000e+00 ] 1.0000e+00
 5.383e+01 5.2192e-14 5.2192e-14 [ 3.6088e-133 4.3674e-94 2.0461e-26 5.2192e-14 ] 0.0000e+00 [ 0.0000e+00 ] 1.0000e+00
 5.395e+01 4.6028e-14 4.6028e-14 [ 1.4728e-133 2.0575e-94 1.5986e-26 4.6028e-14 ] 0.0000e+00 [ 0.0000e+00 ] 1.0000e+00
 5.406e+01 4.0581e-14 4.0581e-14 [ 6.0090e-134 9.6885e-95 1.2483e-26 4.0581e-14 ] 0.0000e+00 [ 0.0000e+00 ] 1.0000e+00
 5.417e+01 3.5768e-14 3.5768e-14 [ 2.4511e-134 4.5597e-95 9.7433e-27 3.5768e-14 ] 0.0000e+00 [ 0.0000e+00 ] 1.0000e+00
 5.429e+01 3.1517e-14 3.1517e-14 [ 9.9951e-135 2.1448e-95 7.6011e-27 3.1517e-14 ] 0.0000e+00 [ 0.0000e+00 ] 1.0000e+00
 5.440e+01 2.7763e-14 2.7763e-14 [ 4.0748e-135 1.0084e-95 5.9270e-27 2.7763e-14 ] 0.0000e+00 [ 0.0000e+00 ] 1.0000e+00
 5.451e+01 2.4449e-14 2.4449e-14 [ 1.6608e-135 4.7384e-96 4.6194e-27 2.4449e-14 ] 0.0000e+00 [ 0.0000e+00 ] 1.0000e+00
 5.463e+01 2.1525e-14 2.1525e-14 [ 6.7671e-136 2.2255e-96 3.5986e-27 2.1525e-14 ] 0.0000e+00 [ 0.0000e+00 ] 1.0000e+00
 5.474e+01 1.8945e-14 1.8945e-14 [ 2.7566e-136 1.0447e-96 2.8020e-27 1.8945e-14 ] 0.0000e+00 [ 0.0000e+00 ] 1.0000e+00
 5.485e+01 1.6669e-14 1.6669e-14 [ 1.1227e-136 4.9016e-97 2.1807e-27 1.6669e-14 ] 0.0000e+00 [ 0.0000e+00 ] 1.0000e+00
 5.497e+01 1.4663e-14 1.4663e-14 [ 4.5708e-137 2.2986e-97 1.6963e-27 1.4663e-14 ] 0.0000e+00 [ 0.0000e+00 ] 1.0000e+00
 5.508e+01 1.2894e-14 1.2894e-14 [ 1.8605e-137 1.0774e-97 1.3189e-27 1.2894e-14 ] 0.0000e+00 [ 0.0000e+00 ] 1.0000e+00
 5.519e+01 1.1336e-14 1.1336e-14 [ 7.5712e-138 5.0474e-98 1.0249e-27 1.1336e-14 ] 0.0000e+00 [ 0.0000e+00 ] 1.0000e+00
 5.531e+01 9.9628e-15 9.9628e-15 [ 3.0802e-138 2.3634e-98 7.9612e-28 9.9628e-15 ] 0.0000e+00 [ 0.0000e+00 ] 1.0000e+00
 5.542e+01 8.7536e-15 8.7536e-15 [ 1.2528e-138 1.1061e-98 6.1809e-28 8.7536e-15 ] 0.0000e+00 [ 0.0000e+00 ] 1.0000e+00
 5.553e+01 7.6890e-15 7.6890e-15 [ 5.0943e-139 5.1743e-99 4.7964e-28 7.6890e-15 ] 0.0000e+00 [ 0.0000e+00 ] 1.0000e+00
 5.565e+01 6.7520e-15 6.7520e-15 [ 2.0709e-139 2.4193e-99 3.7202e-28 6.7520e-15 ] 0.0000e+00 [ 0.0000e+00 ] 1.0000e+00
 5.576e+01 5.9274e-15 5.9274e-15 [ 8.4167e-140 1.1306e-99 2.8841e-28 5.9274e-15 ] 0.0000e+00 [ 0.0000e+00 ] 1.0000e+00
 5.587e+01 5.2021e-15 5.2021e-15 [ 3.4199e-140 5.2809e-100 2.2348e-28 5.2021e-15 ] 0.0000e+00 [ 0.0000e+00 ] 1.0000e+00
 5.599e+01 4.5642e-15 4.5642e-15 [ 1.3892e-140 2.4655e-100 1.7309e-28 4.5642e-15 ] 0.0000e+00 [ 0.0000e+00 ] 1.0000e+00
 5.610e+01 4.0034e-15 4.0034e-15 [ 5.6418e-141 1.1505e-100 1.3399e-28 4.0034e-15 ] 0.0000e+00 [ 0.0000e+00 ] 1.0000e+00
 5.621e+01 3.5106e-15 3.5106e-15 [ 2.2907e-141 5.3661e-101 1.0367e-28 3.5106e-15 ] 0.0000e+00 [ 0.0000e+00 ] 1.0000e+00
 5.633e+01 3.0775e-15 3.0775e-15 [ 9.2981e-142 2.5016e-101 8.0179e-29 3.0775e-15 ] 0.0000e+00 [ 0.0000e+00 ] 1.0000e+00
 5.644e+01 2.6971e-15 2.6971e-15 [ 3.7733e-142 1.1657e-101 6.1978e-29 2.6971e-15 ] 0.0000e+00 [ 0.0000e+00 ] 1.0000e+00
 5.655e+01 2.3630e-15 2.3630e-15 [ 1.5309e-142 5.4291e-102 4.7885e-29 2.3630e-15 ] 0.0000e+00 [ 0.0000e+00 ] 1.0000e+00
 5.667e+01 2.0697e-15 2.0697e-15 [ 6.2095e-143 2.5274e-102 3.6979e-29 2.0697e-15 ] 0.0000e+00 [ 0.0000e+00 ] 1.0000e+00
 5.678e+01 1.8123e-15 1.8123e-15 [ 2.5181e-143 1.1760e-102 2.8543e-29 1.8123e-15 ] 0.0000e+00 [ 0.0000e+00 ] 1.0000e+00
 5.689e+01 1.5865e-15 1.5865e-15 [ 1.0209e-143 5.4694e-103 2.2021e-29 1.5865e-15 ] 0.0000e+00 [ 0.0000e+00 ] 1.0000e+00
 5.701e+01 1.3884e-15 1.3884e-15 [ 4.1378e-144 2.5425e-103 1.6980e-29 1.3884e-15 ] 0.0000e+00 [ 0.0000e+00 ] 1.0000e+00
 5.712e+01 1.2147e-15 1.2147e-15 [ 1.6767e-144 1.1814e-103 1.3088e-29 1.2147e-15 ] 0.0000e+00 [ 0.0000e+00 ] 1.0000e+00
 5.723e+01 1.0624e-15 1.0624e-15 [ 6.7929e-145 5.4866e-104 1.0082e-29 1.0624e-15 ] 0.0000e+00 [ 0.0000e+00 ] 1.0000e+00
 5.735e+01 9.2899e-16 9.2899e-16 [ 2.7513e-145 2.5470e-104 7.7631e-30 9.2899e-16 ] 0.0000e+00 [ 0.0000e+00 ] 1.0000e+00
 5.746e+01 8.1208e-16 8.1208e-16 [ 1.1141e-145 1.1818e-104 5.9746e-30 8.1208e-16 ] 0.0000e+00 [ 0.0000e+00 ] 1.0000e+00
 5.757e+01 7.0968e-16 7.0968e-16 [ 4.5103e-146 5.4809e-105 4.5959e-30 7.0968e-16 ] 0.0000e+00 [ 0.0000e+00 ] 1.0000e+00
 5.769e+01 6.2001e-16 6.2001e-16 [ 1.8255e-146 2.5408e-105 3.5336e-30 6.2001e-16 ] 0.0000e+00 [ 0.0000e+00 ] 1.0000e+00
 5.780e+01 5.4152e-16 5.4152e-16 [ 7.3868e-147 1.1773e-105 2.7155e-30 5.4152e-16 ] 0.0000e+00 [ 0.0000e+00 ] 1.0000e+00
 5.791e+01 4.7284e-16 4.7284e-16 [ 2.9883e-147 5.4526e-106 2.0858e-30 4.7284e-16 ] 0.0000e+00 [ 0.0000e+00 ] 1.0000e+00
 5.803e+01 4.1275e-16 4.1275e-16 [ 1.2086e-147 2.5242e-106 1.6013e-30 4.1275e-16 ] 0.0000e+00 [ 0.0000e+00 ] 1.0000e+00
 5.814e+01 3.6019e-16 3.6019e-16 [ 4.8872e-148 1.1680e-106 1.2288e-30 3.6019e-16 ] 0.0000e+00 [ 0.0000e+00 ] 1.0000e+00
 5.825e+01 3.1424e-16 3.1424e-16 [ 1.9757e-148 5.4021e-107 9.4246e-31 3.1424e-16 ] 0.0000e+00 [ 0.0000e+00 ] 1.0000e+00
 5.837e+01 2.7407e-16 2.7407e-16 [ 7.9854e-149 2.4974e-107 7.2249e-31 2.7407e-16 ] 0.0000e+00 [ 0.0000e+00 ] 1.0000e+00
 5.848e+01 2.3897e-16 2.3897e-16 [ 3.2267e-149 1.1541e-107 5.5359e-31 2.3897e-16 ] 0.0000e+00 [ 0.0000e+00 ] 1.0000e+00
 5.859e+01 2.0831e-16 2.0831e-16 [ 1.3036e-149 5.3305e-108 4.2397e-31 2.0831e-16 ] 0.0000e+00 [ 0.0000e+00 ] 1.0000e+00
 5.871e+01 1.8153e-16 1.8153e-16 [ 5.2649e-150 2.4610e-108 3.2454e-31 1.8153e-16 ] 0.0000e+00 [ 0.0000e+00 ] 1.0000e+00
 5.882e+01 1.5814e-16 1.5814e-16 [ 2.1260e-150 1.1357e-108 2.4830e-31 1.5814e-16 ] 0.0000e+00 [ 0.0000e+00 ] 1.0000e+00
 5.893e+01 1.3773e-16 1.3773e-16 [ 8.5827e-151 5.2388e-109 1.8988e-31 1.3773e-16 ] 0.0000e+00 [ 0.0000e+00 ] 1.0000e+00
 5.905e+01 1.1992e-16 1.1992e-16 [ 3.4641e-151 2.4154e-109 1.4514e-31 1.1992e-16 ] 0.0000e+00 [ 0.0000e+00 ] 1.0000e+00
 5.916e+01 1.0439e-16 1.0439e-16 [ 1.3979e-151 1.1132e-109 1.1088e-31 1.0439e-16 ] 0.0000e+00 [ 0.0000e+00 ] 1.0000e+00
 5.927e+01 9.0840e-17 9.0840e-17 [ 5.6394e-152 5.1281e-110 8.4667e-32 9.0840e-17 ] 0.0000e+00 [ 0.0000e+00 ] 1.0000e+00
 5.939e+01 7.9027e-17 7.9027e-17 [ 2.2746e-152 2.3613e-110 6.4620e-32 7.9027e-17 ] 0.0000e+00 [ 0.0000e+00 ] 1.0000e+00
 5.950e+01 6.8731e-17 6.8731e-17 [ 9.1723e-153 1.0868e-110 4.9295e-32 6.8731e-17 ] 0.0000e+00 [ 0.0000e+00 ] 1.0000e+00
 5.961e+01 5.9760e-17 5.9760e-17 [ 3.6979e-153 5.0001e-111 3.7585e-32 5.9760e-17 ] 0.0000e+00 [ 0.0000e+00 ] 1.0000e+00
 5.973e+01 5.1945e-17 5.1945e-17 [ 1.4905e-153 2.2994e-111 2.8643e-32 5.1945e-17 ] 0.0000e+00 [ 0.0000e+00 ] 1.0000e+00
 5.984e+01 4.5140e-17 4.5140e-17 [ 6.0064e-154 1.0569e-111 2.1818e-32 4.5140e-17 ] 0.0000e+00 [ 0.0000e+00 ] 1.0000e+00
 5.995e+01 3.9215e-17 3.9215e-17 [ 2.4199e-154 4.8563e-112 1.6611e-32 3.9215e-17 ] 0.0000e+00 [ 0.0000e+00 ] 1.0000e+00
 6.007e+01 3.4058e-17 3.4058e-17 [ 9.7473e-155 2.2304e-112 1.2640e-32 3.4058e-17 ] 0.0000e+00 [ 0.0000e+00 ] 1.0000e+00
 6.018e+01 2.9571e-17 2.9571e-17 [ 3.9253e-155 1.0239e-112 9.6139e-33 2.9571e-17 ] 0.0000e+00 [ 0.0000e+00 ] 1.0000e+00
 6.029e+01 2.5668e-17 2.5668e-17 [ 1.5804e-155 4.6984e-113 7.3086e-33 2.5668e-17 ] 0.0000e+00 [ 0.0000e+00 ] 1.0000e+00
 6.041e+01 2.2273e-17 2.2273e-17 [ 6.3616e-156 2.1551e-113 5.5533e-33 2.2273e-17 ] 0.0000e+00 [ 0.0000e+00 ] 1.0000e+00
 6.052e+01 1.9323e-17 1.9323e-17 [ 2.5602e-156 9.8808e-114 4.2175e-33 1.9323e-17 ] 0.0000e+00 [ 0.0000e+00 ] 1.0000e+00
 6.063e+01 1.6758e-17 1.6758e-17 [ 1.0301e-156 4.5283e-114 3.2014e-33 1.6758e-17 ] 0.0000e+00 [ 0.0000e+00 ] 1.0000e+00
 6.075e+01 1.4530e-17 1.4530e-17 [ 4.1436e-157 2.0744e-114 2.4289e-33 1.4530e-17 ] 0.0000e+00 [ 0.0000e+00 ] 1.0000e+00
 6.086e+01 1.2594e-17 1.2594e-17 [ 1.6665e-157 9.4988e-115 1.8419e-33 1.2594e-17 ] 0.0000e+00 [ 0.0000e+00 ] 1.0000e+00
 6.097e+01 1.0914e-17 1.0914e-17 [ 6.7006e-158 4.3478e-115 1.3961e-33 1.0914e-17 ] 0.0000e+00 [ 0.0000e+00 ] 1.0000e+00
 6.109e+01 9.4545e-18 9.4545e-18 [ 2.6936e-158 1.9892e-115 1.0576e-33 9.4545e-18 ] 0.0000e+00 [ 0.0000e+00 ] 1.0000e+00
 6.120e+01 8.1881e-18 8.1881e-18 [ 1.0826e-158 9.0972e-116 8.0082e-34 8.1881e-18 ] 0.0000e+00 [ 0.0000e+00 ] 1.0000e+00
 6.131e+01 7.0895e-18 7.0895e-18 [ 4.3501e-159 4.1587e-116 6.0608e-34 7.0895e-18 ] 0.0000e+00 [ 0.0000e+00 ] 1.0000e+00
 6.143e+01 6.1365e-18 6.1365e-18 [ 1.7476e-159 1.9003e-116 4.5846e-34 6.1365e-18 ] 0.0000e+00 [ 0.0000e+00 ] 1.0000e+00
 6.154e+01 5.3101e-18 5.3101e-18 [ 7.0191e-160 8.6799e-117 3.4663e-34 5.3101e-18 ] 0.0000e+00 [ 0.0000e+00 ] 1.0000e+00
 6.165e+01 4.5937e-18 4.5937e-18 [ 2.8186e-160 3.9630e-117 2.6194e-34 4.5937e-18 ] 0.0000e+00 [ 0.0000e+00 ] 1.0000e+00
 6.177e+01 3.9729e-18 3.9729e-18 [ 1.1316e-160 1.8086e-117 1.9785e-34 3.9729e-18 ] 0.0000e+00 [ 0.0000e+00 ] 1.0000e+00
 6.188e+01 3.4350e-18 3.4350e-18 [ 4.5419e-161 8.2509e-118 1.4936e-34 3.4350e-18 ] 0.0000e+00 [ 0.0000e+00 ] 1.0000e+00
 6.199e+01 2.9691e-18 2.9691e-18 [ 1.8227e-161 3.7625e-118 1.1270e-34 2.9691e-18 ] 0.0000e+00 [ 0.0000e+00 ] 1.0000e+00
 6.211e+01 2.5657e-18 2.5657e-18 [ 7.3127e-162 1.7150e-118 8.4999e-35 2.5657e-18 ] 0.0000e+00 [ 0.0000e+00 ] 1.0000e+00
 6.222e+01 2.2165e-18 2.2165e-18 [ 2.9333e-162 7.8141e-119 6.4072e-35 2.2165e-18 ] 0.0000e+00 [ 0.0000e+00 ] 1.0000e+00
 6.233e+01 1.9142e-18 1.9142e-18 [ 1.1763e-162 3.5589e-119 4.8274e-35 1.9142e-18 ] 0.0000e+00 [ 0.0000e+00 ] 1.0000e+00
 6.245e+01 1.6527e-18 1.6527e-18 [ 4.7165e-163 1.6202e-119 3.6353e-35 1.6527e-18 ] 0.0000e+00 [ 0.0000e+00 ] 1.0000e+00
 6.256e+01 1.4266e-18 1.4266e-18 [ 1.8906e-163 7.3733e-120 2.7362e-35 1.4266e-18 ] 0.0000e+00 [ 0.0000e+00 ] 1.0000e+00
 6.267e+01 1.2310e-18 1.2310e-18 [ 7.5771e-164 3.3540e-120 2.0584e-35 1.2310e-18 ] 0.0000e+00 [ 0.0000e+00 ] 1.0000e+00
 6.279e+01 1.0620e-18 1.0620e-18 [ 3.0360e-164 1.5251e-120 1.5478e-35 1.0620e-18 ] 0.0000e+00 [ 0.0000e+00 ] 1.0000e+00
 6.290e+01 9.1590e-19 9.1590e-19 [ 1.2162e-164 6.9318e-121 1.1632e-35 9.1590e-19 ] 0.0000e+00 [ 0.0000e+00 ] 1.0000e+00
 6.301e+01 7.8969e-19 7.8969e-19 [ 4.8711e-165 3.1494e-121 8.7376e-36 7.8969e-19 ] 0.0000e+00 [ 0.0000e+00 ] 1.0000e+00
 6.313e+01 6.8068e-19 6.8068e-19 [ 1.9505e-165 1.4303e-121 6.5601e-36 6.8068e-19 ] 0.0000e+00 [ 0.0000e+00 ] 1.0000e+00
 6.324e+01 5.8656e-19 5.8656e-19 [ 7.8085e-166 6.4931e-122 4.9228e-36 5.8656e-19 ] 0.0000e+00 [ 0.0000e+00 ] 1.0000e+00
 6.335e+01 5.0531e-19 5.0531e-19 [ 3.1253e-166 2.9465e-122 3.6922e-36 5.0531e-19 ] 0.0000e+00 [ 0.0000e+00 ] 1.0000e+00
 6.347e+01 4.3519e-19 4.3519e-19 [ 1.2506e-166 1.3365e-122 2.7679e-36 4.3519e-19 ] 0.0000e+00 [ 0.0000e+00 ] 1.0000e+00
 6.358e+01 3.7470e-19 3.7470e-19 [ 5.0034e-167 6.0601e-123 2.0739e-36 3.7470e-19 ] 0.0000e+00 [ 0.0000e+00 ] 1.0000e+00
 6.369e+01 3.2253e-19 3.2253e-19 [ 2.0013e-167 2.7467e-123 1.5532e-36 3.2253e-19 ] 0.0000e+00 [ 0.0000e+00 ] 1.0000e+00
 6.381e+01 2.7754e-19 2.7754e-19 [ 8.0031e-168 1.2444e-123 1.1626e-36 2.7754e-19 ] 0.0000e+00 [ 0.0000e+00 ] 1.0000e+00
 6.392e+01 2.3877e-19 2.3877e-19 [ 3.1997e-168 5.6355e-124 8.6977e-37 2.3877e-19 ] 0.0000e+00 [ 0.0000e+00 ] 1.0000e+00
 6.403e+01 2.0535e-19 2.0535e-19 [ 1.2790e-168 2.5511e-124 6.5038e-37 2.0535e-19 ] 0.0000e+00 [ 0.0000e+00 ] 1.0000e+00
 6.415e+01 1.7656e-19 1.7656e-19 [ 5.1112e-169 1.1544e-124 4.8608e-37 1.7656e-19 ] 0.0000e+00 [ 0.0000e+00 ] 1.0000e+00
 6.426e+01 1.5177e-19 1.5177e-19 [ 2.0421e-169 5.2217e-125 3.6310e-37 1.5177e-19 ] 0.0000e+00 [ 0.0000e+00 ] 1.0000e+00
 6.437e+01 1.3042e-19 1.3042e-19 [ 8.1574e-170 2.3610e-125 2.7110e-37 1.3042e-19 ] 0.0000e+00 [ 0.0000e+00 ] 1.0000e+00
 6.449e+01 1.1204e-19 1.1204e-19 [ 3.2578e-170 1.0671e-125 2.0231e-37 1.1204e-19 ] 0.0000e+00 [ 0.0000e+00 ] 1.0000e+00
 6.460e+01 9.6226e-20 9.6226e-20 [ 1.3007e-170 4.8209e-126 1.5089e-37 9.6226e-20 ] 0.0000e+00 [ 0.0000e+00 ] 1.0000e+00
 6.471e+01 8.2621e-20 8.2621e-20 [ 5.1924e-171 2.1771e-126 1.1249e-37 8.2621e-20 ] 0.0000e+00 [ 0.0000e+00 ] 1.0000e+00
 6.483e+01 7.0920e-20 7.0920e-20 [ 2.0723e-171 9.8280e-127 8.3816e-38 7.0920e-20 ] 0.0000e+00 [ 0.0000e+00 ] 1.0000e+00
 6.494e+01 6.0859e-20 6.0859e-20 [ 8.2684e-172 4.4348e-127 6.2420e-38 6.0859e-20 ] 0.0000e+00 [ 0.0000e+00 ] 1.0000e+00
 6.505e+01 5.2211e-20 5.2211e-20 [ 3.2984e-172 2.0004e-127 4.6461e-38 5.2211e-20 ] 0.0000e+00 [ 0.0000e+00 ] 1.0000e+00
 6.517e+01 4.4780e-20 4.4780e-20 [ 1.3155e-172 9.0191e-128 3.4565e-38 4.4780e-20 ] 0.0000e+00 [ 0.0000e+00 ] 1.0000e+00
 6.528e+01 3.8395e-20 3.8395e-20 [ 5.2453e-173 4.0649e-128 2.5702e-38 3.8395e-20 ] 0.0000e+00 [ 0.0000e+00 ] 1.0000e+00
 6.539e+01 3.2912e-20 3.2912e-20 [ 2.0910e-173 1.8313e-128 1.9101e-38 3.2912e-20 ] 0.0000e+00 [ 0.0000e+00 ] 1.0000e+00
 6.551e+01 2.8204e-20 2.8204e-20 [ 8.3337e-174 8.2470e-129 1.4189e-38 2.8204e-20 ] 0.0000e+00 [ 0.0000e+00 ] 1.0000e+00
 6.562e+01 2.4163e-20 2.4163e-20 [ 3.3206e-174 3.7124e-129 1.0534e-38 2.4163e-20 ] 0.0000e+00 [ 0.0000e+00 ] 1.0000e+00
 6.573e+01 2.0695e-20 2.0695e-20 [ 1.3228e-174 1.6705e-129 7.8166e-39 2.0695e-20 ] 0.0000e+00 [ 0.0000e+00 ] 1.0000e+00
 6.585e+01 1.7720e-20 1.7720e-20 [ 5.2685e-175 7.5136e-130 5.7972e-39 1.7720e-20 ] 0.0000e+00 [ 0.0000e+00 ] 1.0000e+00
 6.596e+01 1.5168e-20 1.5168e-20 [ 2.0978e-175 3.3782e-130 4.2973e-39 1.5168e-20 ] 0.0000e+00 [ 0.0000e+00 ] 1.0000e+00
 6.607e+01 1.2981e-20 1.2981e-20 [ 8.3511e-176 1.5182e-130 3.1838e-39 1.2981e-20 ] 0.0000e+00 [ 0.0000e+00 ] 1.0000e+00
 6.619e+01 1.1105e-20 1.1105e-20 [ 3.3237e-176 6.8206e-131 2.3576e-39 1.1105e-20 ] 0.0000e+00 [ 0.0000e+00 ] 1.0000e+00
 6.630e+01 9.4985e-21 9.4985e-21 [ 1.3225e-176 3.0629e-131 1.7448e-39 9.4985e-21 ] 0.0000e+00 [ 0.0000e+00 ] 1.0000e+00
 6.641e+01 8.1218e-21 8.1218e-21 [ 5.2609e-177 1.3749e-131 1.2907e-39 8.1218e-21 ] 0.0000e+00 [ 0.0000e+00 ] 1.0000e+00
 6.653e+01 6.9428e-21 6.9428e-21 [ 2.0923e-177 6.1689e-132 9.5423e-40 6.9428e-21 ] 0.0000e+00 [ 0.0000e+00 ] 1.0000e+00
 6.664e+01 5.9332e-21 5.9332e-21 [ 8.3192e-178 2.7668e-132 7.0511e-40 5.9332e-21 ] 0.0000e+00 [ 0.0000e+00 ] 1.0000e+00
 6.675e+01 5.0691e-21 5.0691e-21 [ 3.3070e-178 1.2404e-132 5.2075e-40 5.0691e-21 ] 0.0000e+00 [ 0.0000e+00 ] 1.0000e+00
 6.687e+01 4.3296e-21 4.3296e-21 [ 1.3143e-178 5.5590e-133 3.8439e-40 4.3296e-21 ] 0.0000e+00 [ 0.0000e+00 ] 1.0000e+00
 6.698e+01 3.6970e-21 3.6970e-21 [ 5.2218e-179 2.4902e-133 2.8359e-40 3.6970e-21 ] 0.0000e+00 [ 0.0000e+00 ] 1.0000e+00
 6.709e+01 3.1560e-21 3.1560e-21 [ 2.0742e-179 1.1151e-133 2.0911e-40 3.1560e-21 ] 0.0000e+00 [ 0.0000e+00 ] 1.0000e+00
 6.721e+01 2.6934e-21 2.6934e-21 [ 8.2372e-180 4.9909e-134 1.5410e-40 2.6934e-21 ] 0.0000e+00 [ 0.0000e+00 ] 1.0000e+00
 6.732e+01 2.2979e-21 2.2979e-21 [ 3.2703e-180 2.2329e-134 1.1351e-40 2.2979e-21 ] 0.0000e+00 [ 0.0000e+00 ] 1.0000e+00
 6.743e+01 1.9600e-21 1.9600e-21 [ 1.2981e-180 9.9861e-135 8.3560e-41 1.9600e-21 ] 0.0000e+00 [ 0.0000e+00 ] 1.0000e+00
 6.755e+01 1.6713e-21 1.6713e-21 [ 5.1510e-181 4.4641e-135 6.1480e-41 1.6713e-21 ] 0.0000e+00 [ 0.0000e+00 ] 1.0000e+00
 6.766e+01 1.4248e-21 1.4248e-21 [ 2.0435e-181 1.9948e-135 4.5210e-41 1.4248e-21 ] 0.0000e+00 [ 0.0000e+00 ] 1.0000e+00
 6.777e+01 1.2143e-21 1.2143e-21 [ 8.1048e-182 8.9097e-136 3.3228e-41 1.2143e-21 ] 0.0000e+00 [ 0.0000e+00 ] 1.0000e+00
 6.789e+01 1.0346e-21 1.0346e-21 [ 3.2137e-182 3.9779e-136 2.4407e-41 1.0346e-21 ] 0.0000e+00 [ 0.0000e+00 ] 1.0000e+00
 6.800e+01 8.8122e-22 8.8122e-22 [ 1.2739e-182 1.7753e-136 1.7919e-41 8.8122e-22 ] 0.0000e+00 [ 0.0000e+00 ] 1.0000e+00
 6.811e+01 7.5040e-22 7.5040e-22 [ 5.0486e-183 7.9192e-137 1.3148e-41 7.5040e-22 ] 0.0000e+00 [ 0.0000e+00 ] 1.0000e+00
 6.823e+01 6.3883e-22 6.3883e-22 [ 2.0002e-183 3.5312e-137 9.6415e-42 6.3883e-22 ] 0.0000e+00 [ 0.0000e+00 ] 1.0000e+00
 6.834e+01 5.4369e-22 5.4369e-22 [ 7.9227e-184 1.5739e-137 7.0664e-42 5.4369e-22 ] 0.0000e+00 [ 0.0000e+00 ] 1.0000e+00
 6.845e+01 4.6260e-22 4.6260e-22 [ 3.1372e-184 7.0119e-138 5.1762e-42 4.6260e-22 ] 0.0000e+00 [ 0.0000e+00 ] 1.0000e+00
 6.857e+01 3.9349e-22 3.9349e-22 [ 1.2420e-184 3.1226e-138 3.7894e-42 3.9349e-22 ] 0.0000e+00 [ 0.0000e+00 ] 1.0000e+00
 6.868e+01 3.3462e-22 3.3462e-22 [ 4.9152e-185 1.3899e-138 2.7726e-42 3.3462e-22 ] 0.0000e+00 [ 0.0000e+00 ] 1.0000e+00
 6.879e+01 2.8448e-22 2.8448e-22 [ 1.9447e-185 6.1844e-139 2.0275e-42 2.8448e-22 ] 0.0000e+00 [ 0.0000e+00 ] 1.0000e+00
 6.891e+01 2.4178e-22 2.4178e-22 [ 7.6922e-186 2.7504e-139 1.4817e-42 2.4178e-22 ] 0.0000e+00 [ 0.0000e+00 ] 1.0000e+00
 6.902e+01 2.0544e-22 2.0544e-22 [ 3.0417e-186 1.2227e-139 1.0823e-42 2.0544e-22 ] 0.0000e+00 [ 0.0000e+00 ] 1.0000e+00
 6.913e+01 1.7451e-22 1.7451e-22 [ 1.2024e-186 5.4330e-140 7.9002e-43 1.7451e-22 ] 0.0000e+00 [ 0.0000e+00 ] 1.0000e+00
 6.925e+01 1.4820e-22 1.4820e-22 [ 4.7520e-187 2.4131e-140 5.7635e-43 1.4820e-22 ] 0.0000e+00 [ 0.0000e+00 ] 1.0000e+00
 6.936e+01 1.2582e-22 1.2582e-22 [ 1.8774e-187 1.0713e-140 4.2023e-43 1.2582e-22 ] 0.0000e+00 [ 0.0000e+00 ] 1.0000e+00
 6.947e+01 1.0679e-22 1.0679e-22 [ 7.4153e-188 4.7538e-141 3.0621e-43 1.0679e-22 ] 0.0000e+00 [ 0.0000e+00 ] 1.0000e+00
 6.959e+01 9.0612e-23 9.0612e-23 [ 2.9279e-188 2.1085e-141 2.2299e-43 9.0612e-23 ] 0.0000e+00 [ 0.0000e+00 ] 1.0000e+00
 6.970e+01 7.6866e-23 7.6866e-23 [ 1.1557e-188 9.3482e-142 1.6229e-43 7.6866e-23 ] 0.0000e+00 [ 0.0000e+00 ] 1.0000e+00
 6.981e+01 6.5187e-23 6.5187e-23 [ 4.5606e-189 4.1426e-142 1.1805e-43 6.5187e-23 ] 0.0000e+00 [ 0.0000e+00 ] 1.0000e+00
 6.993e+01 5.5268e-23 5.5268e-23 [ 1.7991e-189 1.8349e-142 8.5808e-44 5.5268e-23 ] 0.0000e+00 [ 0.0000e+00 ] 1.0000e+00
 7.004e+01 4.6845e-23 4.6845e-23 [ 7.0950e-190 8.1237e-143 6.2336e-44 4.6845e-23 ] 0.0000e+00 [ 0.0000e+00 ] 1.0000e+00
 7.015e+01 3.9695e-23 3.9695e-23 [ 2.7971e-190 3.5949e-143 4.5256e-44 3.9695e-23 ] 0.0000e+00 [ 0.0000e+00 ] 1.0000e+00
 7.027e+01 3.3627e-23 3.3627e-23 [ 1.1024e-190 1.5901e-143 3.2835e-44 3.3627e-23 ] 0.0000e+00 [ 0.0000e+00 ] 1.0000e+00
 7.038e+01 2.8479e-23 2.8479e-23 [ 4.3432e-191 7.0299e-144 2.3809e-44 2.8479e-23 ] 0.0000e+00 [ 0.0000e+00 ] 1.0000e+00
 7.049e+01 2.4113e-23 2.4113e-23 [ 1.7106e-191 3.1065e-144 1.7252e-44 2.4113e-23 ] 0.0000e+00 [ 0.0000e+00 ] 1.0000e+00
 7.061e+01 2.0410e-23 2.0410e-23 [ 6.7350e-192 1.3721e-144 1.2493e-44 2.0410e-23 ] 0.0000e+00 [ 0.0000e+00 ] 1.0000e+00
 7.072e+01 1.7271e-23 1.7271e-23 [ 2.6508e-192 6.0572e-145 9.0412e-45 1.7271e-23 ] 0.0000e+00 [ 0.0000e+00 ] 1.0000e+00
 7.083e+01 1.4611e-23 1.4611e-23 [ 1.0430e-192 2.6727e-145 6.5386e-45 1.4611e-23 ] 0.0000e+00 [ 0.0000e+00 ] 1.0000e+00
 7.095e+01 1.2358e-23 1.2358e-23 [ 4.1023e-193 1.1787e-145 4.7257e-45 1.2358e-23 ] 0.0000e+00 [ 0.0000e+00 ] 1.0000e+00
 7.106e+01 1.0449e-23 1.0449e-23 [ 1.6129e-193 5.1960e-146 3.4131e-45 1.0449e-23 ] 0.0000e+00 [ 0.0000e+00 ] 1.0000e+00
 7.117e+01 8.8324e-24 8.8324e-24 [ 6.3395e-194 2.2893e-146 2.4634e-45 8.8324e-24 ] 0.0000e+00 [ 0.0000e+00 ] 1.0000e+00
 7.129e+01 7.4640e-24 7.4640e-24 [ 2.4908e-194 1.0081e-146 1.7768e-45 7.4640e-24 ] 0.0000e+00 [ 0.0000e+00 ] 1.0000e+00
 7.140e+01 6.3059e-24 6.3059e-24 [ 9.7828e-195 4.4371e-147 1.2806e-45 6.3059e-24 ] 0.0000e+00 [ 0.0000e+00 ] 1.0000e+00
 7.151e+01 5.3260e-24 5.3260e-24 [ 3.8408e-195 1.9519e-147 9.2239e-46 5.3260e-24 ] 0.0000e+00 [ 0.0000e+00 ] 1.0000e+00
 7.163e+01 4.4972e-24 4.4972e-24 [ 1.5074e-195 8.5823e-148 6.6389e-46 4.4972e-24 ] 0.0000e+00 [ 0.0000e+00 ] 1.0000e+00
 7.174e+01 3.7964e-24 3.7964e-24 [ 5.9137e-196 3.7715e-148 4.7750e-46 3.7964e-24 ] 0.0000e+00 [ 0.0000e+00 ] 1.0000e+00
 7.185e+01 3.2038e-24 3.2038e-24 [ 2.3191e-196 1.6565e-148 3.4319e-46 3.2038e-24 ] 0.0000e+00 [ 0.0000e+00 ] 1.0000e+00
 7.197e+01 2.7031e-24 2.7031e-24 [ 9.0912e-197 7.2715e-149 2.4648e-46 2.7031e-24 ] 0.0000e+00 [ 0.0000e+00 ] 1.0000e+00
 7.208e+01 2.2800e-24 2.2800e-24 [ 3.5624e-197 3.1903e-149 1.7689e-46 2.2800e-24 ] 0.0000e+00 [ 0.0000e+00 ] 1.0000e+00
 7.219e+01 1.9226e-24 1.9226e-24 [ 1.3954e-197 1.3989e-149 1.2685e-46 1.9226e-24 ] 0.0000e+00 [ 0.0000e+00 ] 1.0000e+00
 7.231e+01 1.6207e-24 1.6207e-24 [ 5.4632e-198 6.1307e-150 9.0902e-47 1.6207e-24 ] 0.0000e+00 [ 0.0000e+00 ] 1.0000e+00
 7.242e+01 1.3659e-24 1.3659e-24 [ 2.1381e-198 2.6852e-150 6.5090e-47 1.3659e-24 ] 0.0000e+00 [ 0.0000e+00 ] 1.0000e+00
 7.253e+01 1.1509e-24 1.1509e-24 [ 8.3641e-199 1.1755e-150 4.6572e-47 1.1509e-24 ] 0.0000e+00 [ 0.0000e+00 ] 1.0000e+00
 7.265e+01 9.6943e-25 9.6943e-25 [ 3.2706e-199 5.1425e-151 3.3295e-47 9.6943e-25 ] 0.0000e+00 [ 0.0000e+00 ] 1.0000e+00
 7.276e+01 8.1636e-25 8.1636e-25 [ 1.2783e-199 2.2485e-151 2.3785e-47 8.1636e-25 ] 0.0000e+00 [ 0.0000e+00 ] 1.0000e+00
 7.287e+01 6.8727e-25 6.8727e-25 [ 4.9940e-200 9.8254e-152 1.6977e-47 6.8727e-25 ] 0.0000e+00 [ 0.0000e+00 ] 1.0000e+00
 7.299e+01 5.7844e-25 5.7844e-25 [ 1.9501e-200 4.2909e-152 1.2108e-47 5.7844e-25 ] 0.0000e+00 [ 0.0000e+00 ] 1.0000e+00
 7.310e+01 4.8671e-25 4.8671e-25 [ 7.6115e-201 1.8727e-152 8.6287e-48 4.8671e-25 ] 0.0000e+00 [ 0.0000e+00 ] 1.0000e+00
 7.321e+01 4.0942e-25 4.0942e-25 [ 2.9694e-201 8.1683e-153 6.1438e-48 4.0942e-25 ] 0.0000e+00 [ 0.0000e+00 ] 1.0000e+00
 7.333e+01 3.4431e-25 3.4431e-25 [ 1.1579e-201 3.5605e-153 4.3707e-48 3.4431e-25 ] 0.0000e+00 [ 0.0000e+00 ] 1.0000e+00
 7.344e+01 2.8947e-25 2.8947e-25 [ 4.5126e-202 1.5510e-153 3.1067e-48 2.8947e-25 ] 0.0000e+00 [ 0.0000e+00 ] 1.0000e+00
 7.355e+01 2.4331e-25 2.4331e-25 [ 1.7578e-202 6.7520e-154 2.2063e-48 2.4331e-25 ] 0.0000e+00 [ 0.0000e+00 ] 1.0000e+00
 7.367e+01 2.0445e-25 2.0445e-25 [ 6.8436e-203 2.9374e-154 1.5655e-48 2.0445e-25 ] 0.0000e+00 [ 0.0000e+00 ] 1.0000e+00
 7.378e+01 1.7175e-25 1.7175e-25 [ 2.6630e-203 1.2770e-154 1.1097e-48 1.7175e-25 ] 0.0000e+00 [ 0.0000e+00 ] 1.0000e+00
 7.389e+01 1.4424e-25 1.4424e-25 [ 1.0357e-203 5.5479e-155 7.8597e-49 1.4424e-25 ] 0.0000e+00 [ 0.0000e+00 ] 1.0000e+00
 7.401e+01 1.2110e-25 1.2110e-25 [ 4.0255e-204 2.4086e-155 5.5613e-49 1.2110e-25 ] 0.0000e+00 [ 0.0000e+00 ] 1.0000e+00
 7.412e+01 1.0165e-25 1.0165e-25 [ 1.5637e-204 1.0449e-155 3.9313e-49 1.0165e-25 ] 0.0000e+00 [ 0.0000e+00 ] 1.0000e+00
 7.423e+01 8.5301e-26 8.5301e-26 [ 6.0709e-205 4.5297e-156 2.7764e-49 8.5301e-26 ] 0.0000e+00 [ 0.0000e+00 ] 1.0000e+00
 7.435e+01 7.1561e-26 7.1561e-26 [ 2.3555e-205 1.9622e-156 1.9588e-49 7.1561e-26 ] 0.0000e+00 [ 0.0000e+00 ] 1.0000e+00
 7.446e+01 6.0018e-26 6.0018e-26 [ 9.1334e-206 8.4935e-157 1.3805e-49 6.0018e-26 ] 0.0000e+00 [ 0.0000e+00 ] 1.0000e+00
 7.457e+01 5.0323e-26 5.0323e-26 [ 3.5392e-206 3.6736e-157 9.7201e-50 5.0323e-26 ] 0.0000e+00 [ 0.0000e+00 ] 1.0000e+00
 7.469e+01 4.2182e-26 4.2182e-26 [ 1.3705e-206 1.5876e-157 6.8365e-50 4.2182e-26 ] 0.0000e+00 [ 0.0000e+00 ] 1.0000e+00
 7.480e+01 3.5349e-26 3.5349e-26 [ 5.3037e-207 6.8554e-158 4.8032e-50 3.5349e-26 ] 0.0000e+00 [ 0.0000e+00 ] 1.0000e+00
 7.491e+01 2.9614e-26 2.9614e-26 [ 2.0510e-207 2.9578e-158 3.3709e-50 2.9614e-26 ] 0.0000e+00 [ 0.0000e+00 ] 1.0000e+00
 7.503e+01 2.4803e-26 2.4803e-26 [ 7.9255e-208 1.2750e-158 2.3631e-50 2.4803e-26 ] 0.0000e+00 [ 0.0000e+00 ] 1.0000e+00
 7.514e+01 2.0768e-26 2.0768e-26 [ 3.0603e-208 5.4913e-159 1.6547e-50 2.0768e-26 ] 0.0000e+00 [ 0.0000e+00 ] 1.0000e+00
 7.525e+01 1.7384e-26 1.7384e-26 [ 1.1808e-208 2.3629e-159 1.1573e-50 1.7384e-26 ] 0.0000e+00 [ 0.0000e+00 ] 1.0000e+00
 7.537e+01 1.4548e-26 1.4548e-26 [ 4.5521e-209 1.0158e-159 8.0840e-51 1.4548e-26 ] 0.0000e+00 [ 0.0000e+00 ] 1.0000e+00
 7.548e+01 1.2170e-26 1.2170e-26 [ 1.7535e-209 4.3625e-160 5.6400e-51 1.2170e-26 ] 0.0000e+00 [ 0.0000e+00 ] 1.0000e+00
 7.559e+01 1.0179e-26 1.0179e-26 [ 6.7484e-210 1.8717e-160 3.9299e-51 1.0179e-26 ] 0.0000e+00 [ 0.0000e+00 ] 1.0000e+00
 7.571e+01 8.5104e-27 8.5104e-27 [ 2.5948e-210 8.0217e-161 2.7347e-51 8.5104e-27 ] 0.0000e+00 [ 0.0000e+00 ] 1.0000e+00
 7.582e+01 7.1134e-27 7.1134e-27 [ 9.9679e-211 3.4343e-161 1.9004e-51 7.1134e-27 ] 0.0000e+00 [ 0.0000e+00 ] 1.0000e+00
 7.593e+01 5.9439e-27 5.9439e-27 [ 3.8254e-211 1.4687e-161 1.3188e-51 5.9439e-27 ] 0.0000e+00 [ 0.0000e+00 ] 1.0000e+00
 7.605e+01 4.9651e-27 4.9651e-27 [ 1.4665e-211 6.2733e-162 9.1385e-52 4.9651e-27 ] 0.0000e+00 [ 0.0000e+00 ] 1.0000e+00
 7.616e+01 4.1461e-27 4.1461e-27 [ 5.6162e-212 2.6764e-162 6.3231e-52 4.1461e-27 ] 0.0000e+00 [ 0.0000e+00 ] 1.0000e+00
 7.627e+01 3.4610e-27 3.4610e-27 [ 2.1483e-212 1.1404e-162 4.3682e-52 3.4610e-27 ] 0.0000e+00 [ 0.0000e+00 ] 1.0000e+00
 7.639e+01 2.8881e-27 2.8881e-27 [ 8.2080e-213 4.8525e-163 3.0129e-52 2.8881e-27 ] 0.0000e+00 [ 0.0000e+00 ] 1.0000e+00
 7.650e+01 2.4092e-27 2.4092e-27 [ 3.1321e-213 2.0619e-163 2.0746e-52 2.4092e-27 ] 0.0000e+00 [ 0.0000e+00 ] 1.0000e+00
 7.661e+01 2.0089e-27 2.0089e-27 [ 1.1936e-213 8.7489e-164 1.4260e-52 2.0089e-27 ] 0.0000e+00 [ 0.0000e+00 ] 1.0000e+00
 7.673e+01 1.6743e-27 1.6743e-27 [ 4.5420e-214 3.7065e-164 9.7838e-53 1.6743e-27 ] 0.0000e+00 [ 0.0000e+00 ] 1.0000e+00
 7.684e+01 1.3949e-27 1.3949e-27 [ 1.7258e-214 1.5677e-164 6.6998e-53 1.3949e-27 ] 0.0000e+00 [ 0.0000e+00 ] 1.0000e+00
 7.695e+01 1.1615e-27 1.1615e-27 [ 6.5473e-215 6.6195e-165 4.5787e-53 1.1615e-27 ] 0.0000e+00 [ 0.0000e+00 ] 1.0000e+00
 7.707e+01 9.6668e-28 9.6668e-28 [ 2.4796e-215 2.7899e-165 3.1225e-53 9.6668e-28 ] 0.0000e+00 [ 0.0000e+00 ] 1.0000e+00
 7.718e+01 8.0404e-28 8.0404e-28 [ 9.3740e-216 1.1735e-165 2.1246e-53 8.0404e-28 ] 0.0000e+00 [ 0.0000e+00 ] 1.0000e+00
 7.729e+01 6.6831e-28 6.6831e-28 [ 3.5368e-216 4.9261e-166 1.4422e-53 6.6831e-28 ] 0.0000e+00 [ 0.0000e+00 ] 1.0000e+00
 7.741e+01 5.5507e-28 5.5507e-28 [ 1.3316e-216 2.0632e-166 9.7645e-54 5.5507e-28 ] 0.0000e+00 [ 0.0000e+00 ] 1.0000e+00
 7.752e+01 4.6062e-28 4.6062e-28 [ 5.0021e-217 8.6202e-167 6.5933e-54 4.6062e-28 ] 0.0000e+00 [ 0.0000e+00 ] 1.0000e+00
 7.763e+01 3.8186e-28 3.8186e-28 [ 1.8743e-217 3.5922e-167 4.4390e-54 3.8186e-28 ] 0.0000e+00 [ 0.0000e+00 ] 1.0000e+00
 7.775e+01 3.1619e-28 3.1619e-28 [ 7.0041e-218 1.4927e-167 2.9792e-54 3.1619e-28 ] 0.0000e+00 [ 0.0000e+00 ] 1.0000e+00
 7.786e+01 2.6146e-28 2.6146e-28 [ 2.6095e-218 6.1832e-168 1.9926e-54 2.6146e-28 ] 0.0000e+00 [ 0.0000e+00 ] 1.0000e+00
 7.797e+01 2.1583e-28 2.1583e-28 [ 9.6902e-219 2.5525e-168 1.3277e-54 2.1583e-28 ] 0.0000e+00 [ 0.0000e+00 ] 1.0000e+00
 7.809e+01 1.7781e-28 1.7781e-28 [ 3.5851e-219 1.0497e-168 8.8104e-55 1.7781e-28 ] 0.0000e+00 [ 0.0000e+00 ] 1.0000e+00
 7.820e+01 1.4613e-28 1.4613e-28 [ 1.3209e-219 4.2985e-169 5.8197e-55 1.4613e-28 ] 0.0000e+00 [ 0.0000e+00 ] 1.0000e+00
 7.831e+01 1.1972e-28 1.1972e-28 [ 4.8443e-220 1.7518e-169 3.8245e-55 1.1972e-28 ] 0.0000e+00 [ 0.0000e+00 ] 1.0000e+00
 7.843e+01 9.7710e-29 9.7710e-29 [ 1.7671e-220 7.1001e-170 2.4988e-55 9.7710e-29 ] 0.0000e+00 [ 0.0000e+00 ] 1.0000e+00
 7.854e+01 7.9357e-29 7.9357e-29 [ 6.4064e-221 2.8597e-170 1.6218e-55 7.9357e-29 ] 0.0000e+00 [ 0.0000e+00 ] 1.0000e+00
 7.865e+01 6.4046e-29 6.4046e-29 [ 2.3060e-221 1.1434e-170 1.0445e-55 6.4046e-29 ] 0.0000e+00 [ 0.0000e+00 ] 1.0000e+00
 7.877e+01 5.1265e-29 5.1265e-29 [ 8.2297e-222 4.5325e-171 6.6660e-56 5.1265e-29 ] 0.0000e+00 [ 0.0000e+00 ] 1.0000e+00
 7.888e+01 4.0588e-29 4.0588e-29 [ 2.9071e-222 1.7781e-171 4.2070e-56 4.0588e-29 ] 0.0000e+00 [ 0.0000e+00 ] 1.0000e+00
 7.899e+01 3.1661e-29 3.1661e-29 [ 1.0140e-222 6.8868e-172 2.6184e-56 3.1661e-29 ] 0.0000e+00 [ 0.0000e+00 ] 1.0000e+00
 7.911e+01 2.4195e-29 2.4195e-29 [ 3.4810e-223 2.6248e-172 1.6004e-56 2.4195e-29 ] 0.0000e+00 [ 0.0000e+00 ] 1.0000e+00
 7.922e+01 1.7958e-29 1.7958e-29 [ 1.1703e-223 9.7961e-173 9.5419e-57 1.7958e-29 ] 0.0000e+00 [ 0.0000e+00 ] 1.0000e+00
 7.933e+01 1.2769e-29 1.2769e-29 [ 3.8242e-224 3.5527e-173 5.4867e-57 1.2769e-29 ] 0.0000e+00 [ 0.0000e+00 ] 1.0000e+00
 7.945e+01 8.4953e-30 8.4953e-30 [ 1.1989e-224 1.2355e-173 2.9794e-57 8.4953e-30 ] 0.0000e+00 [ 0.0000e+00 ] 1.0000e+00
 7.956e+01 5.0605e-30 5.0605e-30 [ 3.5138e-225 4.0085e-174 1.4642e-57 5.0605e-30 ] 0.0000e+00 [ 0.0000e+00 ] 1.0000e+00
 7.967e+01 2.4464e-30 2.4464e-30 [ 8.9966e-226 1.1282e-174 5.8824e-58 2.4464e-30 ] 0.0000e+00 [ 0.0000e+00 ] 1.0000e+00
 7.979e+01 7.0895e-31 7.0895e-31 [ 1.5281e-226 2.0628e-175 1.3814e-58 7.0895e-31 ] 0.0000e+00 [ 0.0000e+00 ] 1.0000e+00
 7.990e+01 0.0000e+00 0.0000e+00 [ 0.0000e+00 0.0000e+00 0.0000e+00 0.0000e+00 ] 0.0000e+00 [ 0.0000e+00 ] 1.0000e+00
