 0.000e+00 0.0000e+00 0.0000e+00 [ 0.0000e+00 0.0000e+00 0.0000e+00 0.0000e+00 0.0000e+00 ] 1.0000e+00
 1.133e-01 5.5003e-03 5.5003e-03 [ 5.4691e-03 1.2492e-05 6.4451e-06 8.8081e-06 3.4197e-06 ] 9.9450e-01
 2.267e-01 1.0597e-02 1.0597e-02 [ 1.0471e-02 5.0448e-05 2.6344e-05 3.5424e-05 1.3246e-05 ] 9.8940e-01
 3.400e-01 1.4529e-02 1.4529e-02 [ 1.4243e-02 1.1526e-04 6.1391e-05 8.0389e-05 2.8730e-05 ] 9.8547e-01
 4.533e-01 1.7778e-02 1.7778e-02 [ 1.7260e-02 2.0925e-04 1.1451e-04 1.4457e-04 4.9058e-05 ] 9.8222e-01
 5.667e-01 2.0478e-02 2.0478e-02 [ 1.9650e-02 3.3568e-04 1.9006e-04 2.2917e-04 7.3376e-05 ] 9.7952e-01
 6.800e-01 2.2745e-02 2.2745e-02 [ 2.1515e-02 4.9896e-04 2.9423e-04 3.3580e-04 1.0082e-04 ] 9.7725e-01
 7.933e-01 2.4681e-02 2.4681e-02 [ 2.2943e-02 7.0478e-04 4.3548e-04 4.6654e-04 1.3055e-04 ] 9.7532e-01
 9.067e-01 2.6378e-02 2.6378e-02 [ 2.4006e-02 9.6048e-04 6.2536e-04 6.2408e-04 1.6177e-04 ] 9.7362e-01
 1.020e+00 2.7927e-02 2.7927e-02 [ 2.4767e-02 1.2754e-03 8.7946e-04 8.1186e-04 1.9379e-04 ] 9.7207e-01
 1.133e+00 2.9418e-02 2.9418e-02 [ 2.5277e-02 1.6613e-03 1.2188e-03 1.0343e-03 2.2601e-04 ] 9.7058e-01
 1.247e+00 3.0945e-02 3.0945e-02 [ 2.5585e-02 2.1334e-03 1.6717e-03 1.2971e-03 2.5797e-04 ] 9.6906e-01
 1.360e+00 3.2612e-02 3.2612e-02 [ 2.5728e-02 2.7108e-03 2.2763e-03 1.6073e-03 2.8934e-04 ] 9.6739e-01
 1.473e+00 3.4539e-02 3.4539e-02 [ 2.5743e-02 3.4179e-03 3.0840e-03 1.9740e-03 3.1993e-04 ] 9.6546e-01
 1.587e+00 3.6869e-02 3.6869e-02 [ 2.5661e-02 4.2858e-03 4.1643e-03 2.4087e-03 3.4971e-04 ] 9.6313e-01
 1.700e+00 3.9777e-02 3.9777e-02 [ 2.5508e-02 5.3537e-03 5.6103e-03 2.9259e-03 3.7877e-04 ] 9.6022e-01
 1.813e+00 4.3480e-02 4.3480e-02 [ 2.5310e-02 6.6713e-03 7.5473e-03 3.5437e-03 4.0736e-04 ] 9.5652e-01
 1.927e+00 4.8254e-02 4.8254e-02 [ 2.5090e-02 8.3007e-03 1.0143e-02 4.2846e-03 4.3581e-04 ] 9.5175e-01
 2.040e+00 5.4450e-02 5.4450e-02 [ 2.4869e-02 1.0319e-02 1.3621e-02 5.1763e-03 4.6457e-04 ] 9.4555e-01
 2.153e+00 6.2507e-02 6.2507e-02 [ 2.4666e-02 1.2821e-02 1.8274e-02 6.2525e-03 4.9417e-04 ] 9.3749e-01
 2.267e+00 7.2977e-02 7.2977e-02 [ 2.4497e-02 1.5917e-02 2.4484e-02 7.5534e-03 5.2516e-04 ] 9.2702e-01
 2.380e+00 8.6534e-02 8.6534e-02 [ 2.4376e-02 1.9739e-02 3.2736e-02 9.1256e-03 5.5812e-04 ] 9.1347e-01
 2.493e+00 1.0398e-01 1.0398e-01 [ 2.4312e-02 2.4426e-02 4.3626e-02 1.1020e-02 5.9352e-04 ] 8.9602e-01
 2.607e+00 1.2621e-01 1.2621e-01 [ 2.4306e-02 3.0121e-02 5.7858e-02 1.3290e-02 6.3170e-04 ] 8.7379e-01
 2.720e+00 1.5415e-01 1.5415e-01 [ 2.4348e-02 3.6945e-02 7.6197e-02 1.5983e-02 6.7274e-04 ] 8.4585e-01
 2.833e+00 1.8860e-01 1.8860e-01 [ 2.4411e-02 4.4965e-02 9.9376e-02 1.9131e-02 7.1629e-04 ] 8.1140e-01
 2.947e+00 2.3002e-01 2.3002e-01 [ 2.4453e-02 5.4145e-02 1.2793e-01 2.2733e-02 7.6150e-04 ] 7.6998e-01
 3.060e+00 2.7817e-01 2.7817e-01 [ 2.4409e-02 6.4294e-02 1.6192e-01 2.6739e-02 8.0691e-04 ] 7.2183e-01
 3.173e+00 3.3180e-01 3.3180e-01 [ 2.4202e-02 7.5027e-02 2.0068e-01 3.1035e-02 8.5057e-04 ] 6.6820e-01
 3.287e+00 3.8837e-01 3.8837e-01 [ 2.3750e-02 8.5751e-02 2.4253e-01 3.5440e-02 8.9028e-04 ] 6.1163e-01
 3.400e+00 4.4414e-01 4.4414e-01 [ 2.2987e-02 9.5731e-02 2.8478e-01 3.9720e-02 9.2417e-04 ] 5.5586e-01
 3.513e+00 4.9467e-01 4.9467e-01 [ 2.1886e-02 1.0421e-01 3.2399e-01 4.3633e-02 9.5122e-04 ] 5.0533e-01
 3.627e+00 5.3558e-01 5.3558e-01 [ 2.0465e-02 1.1054e-01 3.5664e-01 4.6969e-02 9.7165e-04 ] 4.6442e-01
 3.740e+00 5.6337e-01 5.6337e-01 [ 1.8783e-02 1.1431e-01 3.7970e-01 4.9587e-02 9.8668e-04 ] 4.3663e-01
 3.853e+00 5.7577e-01 5.7577e-01 [ 1.6921e-02 1.1533e-01 3.9112e-01 5.1403e-02 9.9783e-04 ] 4.2423e-01
 3.967e+00 5.7183e-01 5.7183e-01 [ 1.4960e-02 1.1358e-01 3.8992e-01 5.2366e-02 1.0060e-03 ] 4.2817e-01
 4.080e+00 5.5177e-01 5.5177e-01 [ 1.2971e-02 1.0914e-01 3.7621e-01 5.2434e-02 1.0109e-03 ] 4.4823e-01
 4.193e+00 5.1706e-01 5.1706e-01 [ 1.1014e-02 1.0224e-01 3.5122e-01 5.1581e-02 1.0112e-03 ] 4.8294e-01
 4.307e+00 4.7057e-01 4.7057e-01 [ 9.1473e-03 9.3285e-02 3.1730e-01 4.9839e-02 1.0054e-03 ] 5.2943e-01
 4.420e+00 4.1635e-01 4.1635e-01 [ 7.4257e-03 8.2879e-02 2.7773e-01 4.7325e-02 9.9242e-04 ] 5.8365e-01
 4.533e+00 3.5902e-01 3.5902e-01 [ 5.8950e-03 7.1770e-02 2.3613e-01 4.4247e-02 9.7276e-04 ] 6.4098e-01
 4.647e+00 3.0288e-01 3.0288e-01 [ 4.5842e-03 6.0706e-02 1.9578e-01 4.0863e-02 9.4803e-04 ] 6.9712e-01
 4.760e+00 2.5121e-01 2.5121e-01 [ 3.5011e-03 5.0306e-02 1.5906e-01 3.7429e-02 9.2066e-04 ] 7.4879e-01
 4.873e+00 2.0597e-01 2.0597e-01 [ 2.6340e-03 4.0985e-02 1.2730e-01 3.4155e-02 8.9325e-04 ] 7.9403e-01
 4.987e+00 1.6787e-01 1.6787e-01 [ 1.9584e-03 3.2946e-02 1.0092e-01 3.1182e-02 8.6806e-04 ] 8.3213e-01
 5.100e+00 1.3675e-01 1.3675e-01 [ 1.4431e-03 2.6218e-02 7.9651e-02 2.8589e-02 8.4681e-04 ] 8.6325e-01
 5.213e+00 1.1191e-01 1.1191e-01 [ 1.0569e-03 2.0720e-02 6.2900e-02 2.6400e-02 8.3062e-04 ] 8.8809e-01
 5.327e+00 9.2429e-02 9.2429e-02 [ 7.7115e-04 1.6308e-02 4.9923e-02 2.4606e-02 8.2012e-04 ] 9.0757e-01
 5.440e+00 7.7357e-02 7.7357e-02 [ 5.6173e-04 1.2816e-02 3.9987e-02 2.3176e-02 8.1557e-04 ] 9.2264e-01
 5.553e+00 6.5817e-02 6.5817e-02 [ 4.0932e-04 1.0081e-02 3.2439e-02 2.2071e-02 8.1698e-04 ] 9.3418e-01
 5.667e+00 5.7059e-02 5.7059e-02 [ 2.9890e-04 7.9549e-03 2.6733e-02 2.1248e-02 8.2421e-04 ] 9.4294e-01
 5.780e+00 5.0466e-02 5.0466e-02 [ 2.1913e-04 6.3117e-03 2.2430e-02 2.0668e-02 8.3701e-04 ] 9.4953e-01
 5.893e+00 4.5544e-02 4.5544e-02 [ 1.6155e-04 5.0469e-03 1.9187e-02 2.0294e-02 8.5513e-04 ] 9.5446e-01
 6.007e+00 4.1908e-02 4.1908e-02 [ 1.1998e-04 4.0761e-03 1.6740e-02 2.0094e-02 8.7827e-04 ] 9.5809e-01
 6.120e+00 3.9258e-02 3.9258e-02 [ 8.9898e-05 3.3321e-03 1.4888e-02 2.0042e-02 9.0615e-04 ] 9.6074e-01
 6.233e+00 3.7365e-02 3.7365e-02 [ 6.8058e-05 2.7624e-03 1.3483e-02 2.0113e-02 9.3848e-04 ] 9.6263e-01
 6.347e+00 3.6054e-02 3.6054e-02 [ 5.2118e-05 2.3261e-03 1.2410e-02 2.0290e-02 9.7500e-04 ] 9.6395e-01
 6.460e+00 3.5189e-02 3.5189e-02 [ 4.0403e-05 1.9916e-03 1.1586e-02 2.0556e-02 1.0154e-03 ] 9.6481e-01
 6.573e+00 3.4670e-02 3.4670e-02 [ 3.1718e-05 1.7345e-03 1.0947e-02 2.0896e-02 1.0595e-03 ] 9.6533e-01
 6.687e+00 3.4416e-02 3.4416e-02 [ 2.5212e-05 1.5363e-03 1.0448e-02 2.1300e-02 1.1070e-03 ] 9.6558e-01
 6.800e+00 3.4370e-02 3.4370e-02 [ 2.0279e-05 1.3827e-03 1.0052e-02 2.1758e-02 1.1576e-03 ] 9.6563e-01
 6.913e+00 3.4484e-02 3.4484e-02 [ 1.6488e-05 1.2629e-03 9.7341e-03 2.2260e-02 1.2110e-03 ] 9.6552e-01
 7.027e+00 3.4723e-02 3.4723e-02 [ 1.3534e-05 1.1687e-03 9.4748e-03 2.2799e-02 1.2671e-03 ] 9.6528e-01
 7.140e+00 3.5059e-02 3.5059e-02 [ 1.1198e-05 1.0938e-03 9.2593e-03 2.3369e-02 1.3254e-03 ] 9.6494e-01
 7.253e+00 3.5469e-02 3.5469e-02 [ 9.3259e-06 1.0335e-03 9.0769e-03 2.3963e-02 1.3858e-03 ] 9.6453e-01
 7.367e+00 3.5937e-02 3.5937e-02 [ 7.8051e-06 9.8404e-04 8.9193e-03 2.4578e-02 1.4480e-03 ] 9.6406e-01
 7.480e+00 3.6448e-02 3.6448e-02 [ 6.5557e-06 9.4284e-04 8.7805e-03 2.5206e-02 1.5116e-03 ] 9.6355e-01
 7.593e+00 3.6991e-02 3.6991e-02 [ 5.5190e-06 9.0780e-04 8.6559e-03 2.5845e-02 1.5764e-03 ] 9.6301e-01
 7.707e+00 3.7556e-02 3.7556e-02 [ 4.6520e-06 8.7735e-04 8.5420e-03 2.6490e-02 1.6421e-03 ] 9.6244e-01
 7.820e+00 3.8135e-02 3.8135e-02 [ 3.9224e-06 8.5034e-04 8.4363e-03 2.7137e-02 1.7084e-03 ] 9.6186e-01
 7.933e+00 3.8723e-02 3.8723e-02 [ 3.3056e-06 8.2587e-04 8.3368e-03 2.7782e-02 1.7750e-03 ] 9.6128e-01
 8.047e+00 3.9312e-02 3.9312e-02 [ 2.7828e-06 8.0328e-04 8.2421e-03 2.8422e-02 1.8417e-03 ] 9.6069e-01
 8.160e+00 3.9899e-02 3.9899e-02 [ 2.3389e-06 7.8208e-04 8.1512e-03 2.9055e-02 1.9081e-03 ] 9.6010e-01
 8.273e+00 4.0478e-02 4.0478e-02 [ 1.9619e-06 7.6191e-04 8.0632e-03 2.9677e-02 1.9741e-03 ] 9.5952e-01
 8.387e+00 4.1046e-02 4.1046e-02 [ 1.6418e-06 7.4249e-04 7.9775e-03 3.0285e-02 2.0394e-03 ] 9.5895e-01
 8.500e+00 4.1600e-02 4.1600e-02 [ 1.3703e-06 7.2363e-04 7.8939e-03 3.0877e-02 2.1038e-03 ] 9.5840e-01
 8.613e+00 4.2137e-02 4.2137e-02 [ 1.1405e-06 7.0517e-04 7.8118e-03 3.1452e-02 2.1670e-03 ] 9.5786e-01
 8.727e+00 4.2654e-02 4.2654e-02 [ 9.4646e-07 6.8702e-04 7.7312e-03 3.2006e-02 2.2289e-03 ] 9.5735e-01
 8.840e+00 4.3150e-02 4.3150e-02 [ 7.8301e-07 6.6912e-04 7.6518e-03 3.2539e-02 2.2894e-03 ] 9.5685e-01
 8.953e+00 4.3622e-02 4.3622e-02 [ 6.4573e-07 6.5139e-04 7.5737e-03 3.3048e-02 2.3482e-03 ] 9.5638e-01
 9.067e+00 4.4069e-02 4.4069e-02 [ 5.3080e-07 6.3383e-04 7.4966e-03 3.3533e-02 2.4053e-03 ] 9.5593e-01
 9.180e+00 4.4490e-02 4.4490e-02 [ 4.3489e-07 6.1640e-04 7.4206e-03 3.3992e-02 2.4605e-03 ] 9.5551e-01
 9.293e+00 4.4883e-02 4.4883e-02 [ 3.5513e-07 5.9911e-04 7.3457e-03 3.4424e-02 2.5138e-03 ] 9.5512e-01
 9.407e+00 4.5249e-02 4.5249e-02 [ 2.8902e-07 5.8194e-04 7.2719e-03 3.4830e-02 2.5652e-03 ] 9.5475e-01
 9.520e+00 4.5587e-02 4.5587e-02 [ 2.3443e-07 5.6491e-04 7.1991e-03 3.5208e-02 2.6145e-03 ] 9.5441e-01
 9.633e+00 4.5896e-02 4.5896e-02 [ 1.8952e-07 5.4802e-04 7.1274e-03 3.5559e-02 2.6618e-03 ] 9.5410e-01
 9.747e+00 4.6177e-02 4.6177e-02 [ 1.5269e-07 5.3128e-04 7.0568e-03 3.5882e-02 2.7071e-03 ] 9.5382e-01
 9.860e+00 4.6430e-02 4.6430e-02 [ 1.2260e-07 5.1470e-04 6.9873e-03 3.6177e-02 2.7503e-03 ] 9.5357e-01
 9.973e+00 4.6654e-02 4.6654e-02 [ 9.8115e-08 4.9829e-04 6.9189e-03 3.6445e-02 2.7915e-03 ] 9.5335e-01
 1.009e+01 4.6852e-02 4.6852e-02 [ 7.8256e-08 4.8207e-04 6.8516e-03 3.6687e-02 2.8308e-03 ] 9.5315e-01
 1.020e+01 4.7022e-02 4.7022e-02 [ 6.2208e-08 4.6605e-04 6.7854e-03 3.6903e-02 2.8682e-03 ] 9.5298e-01
 1.031e+01 4.7167e-02 4.7167e-02 [ 4.9288e-08 4.5025e-04 6.7204e-03 3.7093e-02 2.9037e-03 ] 9.5283e-01
 1.043e+01 4.7287e-02 4.7287e-02 [ 3.8922e-08 4.3467e-04 6.6566e-03 3.7258e-02 2.9375e-03 ] 9.5271e-01
 1.054e+01 4.7383e-02 4.7383e-02 [ 3.0635e-08 4.1933e-04 6.5938e-03 3.7400e-02 2.9696e-03 ] 9.5262e-01
 1.065e+01 4.7456e-02 4.7456e-02 [ 2.4034e-08 4.0424e-04 6.5323e-03 3.7520e-02 3.0001e-03 ] 9.5254e-01
 1.077e+01 4.7507e-02 4.7507e-02 [ 1.8794e-08 3.8941e-04 6.4718e-03 3.7617e-02 3.0290e-03 ] 9.5249e-01
 1.088e+01 4.7538e-02 4.7538e-02 [ 1.4650e-08 3.7485e-04 6.4125e-03 3.7694e-02 3.0566e-03 ] 9.5246e-01
 1.099e+01 4.7549e-02 4.7549e-02 [ 1.1382e-08 3.6057e-04 6.3543e-03 3.7752e-02 3.0827e-03 ] 9.5245e-01
 1.111e+01 4.7542e-02 4.7542e-02 [ 8.8158e-09 3.4658e-04 6.2972e-03 3.7791e-02 3.1077e-03 ] 9.5246e-01
 1.122e+01 4.7518e-02 4.7518e-02 [ 6.8064e-09 3.3289e-04 6.2412e-03 3.7813e-02 3.1315e-03 ] 9.5248e-01
 1.133e+01 4.7478e-02 4.7478e-02 [ 5.2385e-09 3.1950e-04 6.1863e-03 3.7818e-02 3.1542e-03 ] 9.5252e-01
 1.145e+01 4.7424e-02 4.7424e-02 [ 4.0193e-09 3.0642e-04 6.1325e-03 3.7809e-02 3.1759e-03 ] 9.5258e-01
 1.156e+01 4.7356e-02 4.7356e-02 [ 3.0743e-09 2.9365e-04 6.0796e-03 3.7786e-02 3.1967e-03 ] 9.5264e-01
 1.167e+01 4.7275e-02 4.7275e-02 [ 2.3442e-09 2.8120e-04 6.0278e-03 3.7749e-02 3.2167e-03 ] 9.5273e-01
 1.179e+01 4.7183e-02 4.7183e-02 [ 1.7821e-09 2.6907e-04 5.9770e-03 3.7701e-02 3.2360e-03 ] 9.5282e-01
 1.190e+01 4.7081e-02 4.7081e-02 [ 1.3507e-09 2.5727e-04 5.9272e-03 3.7642e-02 3.2546e-03 ] 9.5292e-01
 1.201e+01 4.6969e-02 4.6969e-02 [ 1.0207e-09 2.4580e-04 5.8783e-03 3.7572e-02 3.2726e-03 ] 9.5303e-01
 1.213e+01 4.6849e-02 4.6849e-02 [ 7.6900e-10 2.3466e-04 5.8303e-03 3.7494e-02 3.2900e-03 ] 9.5315e-01
 1.224e+01 4.6721e-02 4.6721e-02 [ 5.7766e-10 2.2384e-04 5.7833e-03 3.7407e-02 3.3070e-03 ] 9.5328e-01
 1.235e+01 4.6587e-02 4.6587e-02 [ 4.3266e-10 2.1336e-04 5.7370e-03 3.7313e-02 3.3235e-03 ] 9.5341e-01
 1.247e+01 4.6446e-02 4.6446e-02 [ 3.2311e-10 2.0320e-04 5.6917e-03 3.7212e-02 3.3397e-03 ] 9.5355e-01
 1.258e+01 4.6300e-02 4.6300e-02 [ 2.4061e-10 1.9338e-04 5.6471e-03 3.7104e-02 3.3556e-03 ] 9.5370e-01
 1.269e+01 4.6150e-02 4.6150e-02 [ 1.7866e-10 1.8388e-04 5.6033e-03 3.6992e-02 3.3711e-03 ] 9.5385e-01
 1.281e+01 4.5996e-02 4.5996e-02 [ 1.3228e-10 1.7470e-04 5.5603e-03 3.6874e-02 3.3864e-03 ] 9.5400e-01
 1.292e+01 4.5838e-02 4.5838e-02 [ 9.7670e-11 1.6585e-04 5.5180e-03 3.6753e-02 3.4015e-03 ] 9.5416e-01
 1.303e+01 4.5677e-02 4.5677e-02 [ 7.1912e-11 1.5731e-04 5.4765e-03 3.6627e-02 3.4165e-03 ] 9.5432e-01
 1.315e+01 4.5514e-02 4.5514e-02 [ 5.2800e-11 1.4909e-04 5.4356e-03 3.6498e-02 3.4312e-03 ] 9.5449e-01
 1.326e+01 4.5349e-02 4.5349e-02 [ 3.8661e-11 1.4119e-04 5.3953e-03 3.6367e-02 3.4459e-03 ] 9.5465e-01
 1.337e+01 4.5182e-02 4.5182e-02 [ 2.8231e-11 1.3358e-04 5.3558e-03 3.6232e-02 3.4604e-03 ] 9.5482e-01
 1.349e+01 4.5014e-02 4.5014e-02 [ 2.0560e-11 1.2628e-04 5.3168e-03 3.6096e-02 3.4749e-03 ] 9.5499e-01
 1.360e+01 4.4845e-02 4.4845e-02 [ 1.4932e-11 1.1928e-04 5.2784e-03 3.5958e-02 3.4893e-03 ] 9.5515e-01
 1.371e+01 4.4675e-02 4.4675e-02 [ 1.0816e-11 1.1257e-04 5.2405e-03 3.5818e-02 3.5036e-03 ] 9.5532e-01
 1.383e+01 4.4505e-02 4.4505e-02 [ 7.8143e-12 1.0614e-04 5.2033e-03 3.5677e-02 3.5178e-03 ] 9.5550e-01
 1.394e+01 4.4334e-02 4.4334e-02 [ 5.6307e-12 9.9993e-05 5.1665e-03 3.5535e-02 3.5320e-03 ] 9.5567e-01
 1.405e+01 4.4163e-02 4.4163e-02 [ 4.0467e-12 9.4118e-05 5.1303e-03 3.5393e-02 3.5462e-03 ] 9.5584e-01
 1.417e+01 4.3992e-02 4.3992e-02 [ 2.9009e-12 8.8509e-05 5.0945e-03 3.5249e-02 3.5604e-03 ] 9.5601e-01
 1.428e+01 4.3822e-02 4.3822e-02 [ 2.0742e-12 8.3159e-05 5.0592e-03 3.5105e-02 3.5745e-03 ] 9.5618e-01
 1.439e+01 4.3651e-02 4.3651e-02 [ 1.4793e-12 7.8063e-05 5.0244e-03 3.4960e-02 3.5886e-03 ] 9.5635e-01
 1.451e+01 4.3481e-02 4.3481e-02 [ 1.0524e-12 7.3212e-05 4.9900e-03 3.4815e-02 3.6027e-03 ] 9.5652e-01
 1.462e+01 4.3312e-02 4.3312e-02 [ 7.4683e-13 6.8599e-05 4.9560e-03 3.4670e-02 3.6167e-03 ] 9.5669e-01
 1.473e+01 4.3143e-02 4.3143e-02 [ 5.2868e-13 6.4218e-05 4.9225e-03 3.4525e-02 3.6307e-03 ] 9.5686e-01
 1.485e+01 4.2974e-02 4.2974e-02 [ 3.7333e-13 6.0061e-05 4.8893e-03 3.4380e-02 3.6447e-03 ] 9.5703e-01
 1.496e+01 4.2806e-02 4.2806e-02 [ 2.6299e-13 5.6120e-05 4.8565e-03 3.4235e-02 3.6587e-03 ] 9.5719e-01
 1.507e+01 4.2638e-02 4.2638e-02 [ 1.8482e-13 5.2388e-05 4.8241e-03 3.4089e-02 3.6726e-03 ] 9.5736e-01
 1.519e+01 4.2471e-02 4.2471e-02 [ 1.2957e-13 4.8859e-05 4.7921e-03 3.3944e-02 3.6864e-03 ] 9.5753e-01
 1.530e+01 4.2305e-02 4.2305e-02 [ 9.0627e-14 4.5523e-05 4.7604e-03 3.3799e-02 3.7003e-03 ] 9.5769e-01
 1.541e+01 4.2139e-02 4.2139e-02 [ 6.3238e-14 4.2375e-05 4.7290e-03 3.3654e-02 3.7140e-03 ] 9.5786e-01
 1.553e+01 4.1974e-02 4.1974e-02 [ 4.4024e-14 3.9406e-05 4.6980e-03 3.3509e-02 3.7277e-03 ] 9.5803e-01
 1.564e+01 4.1809e-02 4.1809e-02 [ 3.0578e-14 3.6610e-05 4.6673e-03 3.3364e-02 3.7414e-03 ] 9.5819e-01
 1.575e+01 4.1645e-02 4.1645e-02 [ 2.1190e-14 3.3978e-05 4.6369e-03 3.3219e-02 3.7549e-03 ] 9.5835e-01
 1.587e+01 4.1482e-02 4.1482e-02 [ 1.4651e-14 3.1505e-05 4.6068e-03 3.3075e-02 3.7684e-03 ] 9.5852e-01
 1.598e+01 4.1318e-02 4.1318e-02 [ 1.0107e-14 2.9183e-05 4.5769e-03 3.2931e-02 3.7818e-03 ] 9.5868e-01
 1.609e+01 4.1156e-02 4.1156e-02 [ 6.9570e-15 2.7005e-05 4.5474e-03 3.2786e-02 3.7952e-03 ] 9.5884e-01
 1.621e+01 4.0994e-02 4.0994e-02 [ 4.7781e-15 2.4965e-05 4.5182e-03 3.2642e-02 3.8084e-03 ] 9.5901e-01
 1.632e+01 4.0832e-02 4.0832e-02 [ 3.2745e-15 2.3056e-05 4.4892e-03 3.2498e-02 3.8215e-03 ] 9.5917e-01
 1.643e+01 4.0670e-02 4.0670e-02 [ 2.2392e-15 2.1271e-05 4.4605e-03 3.2354e-02 3.8345e-03 ] 9.5933e-01
 1.655e+01 4.0509e-02 4.0509e-02 [ 1.5280e-15 1.9604e-05 4.4321e-03 3.2210e-02 3.8475e-03 ] 9.5949e-01
 1.666e+01 4.0348e-02 4.0348e-02 [ 1.0404e-15 1.8050e-05 4.4039e-03 3.2066e-02 3.8602e-03 ] 9.5965e-01
 1.677e+01 4.0187e-02 4.0187e-02 [ 7.0693e-16 1.6602e-05 4.3759e-03 3.1922e-02 3.8729e-03 ] 9.5981e-01
 1.689e+01 4.0027e-02 4.0027e-02 [ 4.7934e-16 1.5254e-05 4.3482e-03 3.1778e-02 3.8854e-03 ] 9.5997e-01
 1.700e+01 3.9867e-02 3.9867e-02 [ 3.2435e-16 1.4001e-05 4.3208e-03 3.1634e-02 3.8978e-03 ] 9.6013e-01
 1.711e+01 3.9707e-02 3.9707e-02 [ 2.1903e-16 1.2838e-05 4.2936e-03 3.1490e-02 3.9101e-03 ] 9.6029e-01
 1.723e+01 3.9547e-02 3.9547e-02 [ 1.4760e-16 1.1758e-05 4.2666e-03 3.1346e-02 3.9222e-03 ] 9.6045e-01
 1.734e+01 3.9387e-02 3.9387e-02 [ 9.9267e-17 1.0759e-05 4.2398e-03 3.1203e-02 3.9342e-03 ] 9.6061e-01
 1.745e+01 3.9228e-02 3.9228e-02 [ 6.6628e-17 9.8337e-06 4.2133e-03 3.1059e-02 3.9460e-03 ] 9.6077e-01
 1.757e+01 3.9068e-02 3.9068e-02 [ 4.4632e-17 8.9786e-06 4.1869e-03 3.0915e-02 3.9576e-03 ] 9.6093e-01
 1.768e+01 3.8909e-02 3.8909e-02 [ 2.9839e-17 8.1892e-06 4.1608e-03 3.0770e-02 3.9691e-03 ] 9.6109e-01
 1.779e+01 3.8749e-02 3.8749e-02 [ 1.9910e-17 7.4612e-06 4.1349e-03 3.0626e-02 3.9804e-03 ] 9.6125e-01
 1.791e+01 3.8590e-02 3.8590e-02 [ 1.3260e-17 6.7905e-06 4.1092e-03 3.0482e-02 3.9916e-03 ] 9.6141e-01
 1.802e+01 3.8430e-02 3.8430e-02 [ 8.8138e-18 6.1735e-06 4.0838e-03 3.0338e-02 4.0025e-03 ] 9.6157e-01
 1.813e+01 3.8271e-02 3.8271e-02 [ 5.8475e-18 5.6065e-06 4.0585e-03 3.0193e-02 4.0133e-03 ] 9.6173e-01
 1.825e+01 3.8111e-02 3.8111e-02 [ 3.8722e-18 5.0860e-06 4.0334e-03 3.0049e-02 4.0239e-03 ] 9.6189e-01
 1.836e+01 3.7952e-02 3.7952e-02 [ 2.5594e-18 4.6088e-06 4.0085e-03 2.9904e-02 4.0343e-03 ] 9.6205e-01
 1.847e+01 3.7792e-02 3.7792e-02 [ 1.6886e-18 4.1718e-06 3.9838e-03 2.9760e-02 4.0446e-03 ] 9.6221e-01
 1.859e+01 3.7632e-02 3.7632e-02 [ 1.1120e-18 3.7721e-06 3.9592e-03 2.9615e-02 4.0546e-03 ] 9.6237e-01
 1.870e+01 3.7473e-02 3.7473e-02 [ 7.3099e-19 3.4069e-06 3.9349e-03 2.9470e-02 4.0645e-03 ] 9.6253e-01
 1.881e+01 3.7313e-02 3.7313e-02 [ 4.7966e-19 3.0737e-06 3.9107e-03 2.9325e-02 4.0741e-03 ] 9.6269e-01
 1.893e+01 3.7153e-02 3.7153e-02 [ 3.1419e-19 2.7700e-06 3.8868e-03 2.9180e-02 4.0836e-03 ] 9.6285e-01
 1.904e+01 3.6993e-02 3.6993e-02 [ 2.0543e-19 2.4935e-06 3.8629e-03 2.9035e-02 4.0928e-03 ] 9.6301e-01
 1.915e+01 3.6833e-02 3.6833e-02 [ 1.3409e-19 2.2421e-06 3.8393e-03 2.8889e-02 4.1018e-03 ] 9.6317e-01
 1.927e+01 3.6673e-02 3.6673e-02 [ 8.7371e-20 2.0137e-06 3.8158e-03 2.8744e-02 4.1107e-03 ] 9.6333e-01
 1.938e+01 3.6512e-02 3.6512e-02 [ 5.6832e-20 1.8066e-06 3.7925e-03 2.8599e-02 4.1193e-03 ] 9.6349e-01
 1.949e+01 3.6352e-02 3.6352e-02 [ 3.6905e-20 1.6190e-06 3.7694e-03 2.8453e-02 4.1277e-03 ] 9.6365e-01
 1.961e+01 3.6191e-02 3.6191e-02 [ 2.3924e-20 1.4492e-06 3.7464e-03 2.8308e-02 4.1359e-03 ] 9.6381e-01
 1.972e+01 3.6031e-02 3.6031e-02 [ 1.5483e-20 1.2957e-06 3.7235e-03 2.8162e-02 4.1439e-03 ] 9.6397e-01
 1.983e+01 3.5870e-02 3.5870e-02 [ 1.0004e-20 1.1572e-06 3.7008e-03 2.8016e-02 4.1516e-03 ] 9.6413e-01
 1.995e+01 3.5709e-02 3.5709e-02 [ 6.4531e-21 1.0322e-06 3.6783e-03 2.7870e-02 4.1592e-03 ] 9.6429e-01
 2.006e+01 3.5548e-02 3.5548e-02 [ 4.1558e-21 9.1976e-07 3.6559e-03 2.7725e-02 4.1665e-03 ] 9.6445e-01
 2.017e+01 3.5387e-02 3.5387e-02 [ 2.6720e-21 8.1859e-07 3.6336e-03 2.7579e-02 4.1736e-03 ] 9.6461e-01
 2.029e+01 3.5225e-02 3.5225e-02 [ 1.7153e-21 7.2771e-07 3.6115e-03 2.7433e-02 4.1804e-03 ] 9.6477e-01
 2.040e+01 3.5064e-02 3.5064e-02 [ 1.0993e-21 6.4617e-07 3.5895e-03 2.7287e-02 4.1871e-03 ] 9.6494e-01
 2.051e+01 3.4903e-02 3.4903e-02 [ 7.0348e-22 5.7310e-07 3.5677e-03 2.7141e-02 4.1935e-03 ] 9.6510e-01
 2.063e+01 3.4741e-02 3.4741e-02 [ 4.4946e-22 5.0770e-07 3.5460e-03 2.6995e-02 4.1997e-03 ] 9.6526e-01
 2.074e+01 3.4580e-02 3.4580e-02 [ 2.8672e-22 4.4923e-07 3.5244e-03 2.6849e-02 4.2056e-03 ] 9.6542e-01
 2.085e+01 3.4418e-02 3.4418e-02 [ 1.8262e-22 3.9704e-07 3.5029e-03 2.6703e-02 4.2114e-03 ] 9.6558e-01
 2.097e+01 3.4256e-02 3.4256e-02 [ 1.1614e-22 3.5049e-07 3.4816e-03 2.6557e-02 4.2169e-03 ] 9.6574e-01
 2.108e+01 3.4094e-02 3.4094e-02 [ 7.3752e-23 3.0904e-07 3.4604e-03 2.6411e-02 4.2221e-03 ] 9.6591e-01
 2.119e+01 3.3932e-02 3.3932e-02 [ 4.6763e-23 2.7217e-07 3.4393e-03 2.6266e-02 4.2271e-03 ] 9.6607e-01
 2.131e+01 3.3770e-02 3.3770e-02 [ 2.9607e-23 2.3942e-07 3.4183e-03 2.6120e-02 4.2319e-03 ] 9.6623e-01
 2.142e+01 3.3608e-02 3.3608e-02 [ 1.8717e-23 2.1036e-07 3.3974e-03 2.5974e-02 4.2365e-03 ] 9.6639e-01
 2.153e+01 3.3446e-02 3.3446e-02 [ 1.1815e-23 1.8460e-07 3.3766e-03 2.5828e-02 4.2408e-03 ] 9.6655e-01
 2.165e+01 3.3284e-02 3.3284e-02 [ 7.4479e-24 1.6181e-07 3.3560e-03 2.5683e-02 4.2448e-03 ] 9.6672e-01
 2.176e+01 3.3122e-02 3.3122e-02 [ 4.6881e-24 1.4166e-07 3.3354e-03 2.5537e-02 4.2486e-03 ] 9.6688e-01
 2.187e+01 3.2959e-02 3.2959e-02 [ 2.9467e-24 1.2387e-07 3.3149e-03 2.5392e-02 4.2522e-03 ] 9.6704e-01
 2.199e+01 3.2797e-02 3.2797e-02 [ 1.8496e-24 1.0819e-07 3.2946e-03 2.5247e-02 4.2555e-03 ] 9.6720e-01
 2.210e+01 3.2635e-02 3.2635e-02 [ 1.1593e-24 9.4374e-08 3.2743e-03 2.5102e-02 4.2586e-03 ] 9.6737e-01
 2.221e+01 3.2472e-02 3.2472e-02 [ 7.2561e-25 8.2227e-08 3.2541e-03 2.4956e-02 4.2615e-03 ] 9.6753e-01
 2.233e+01 3.2310e-02 3.2310e-02 [ 4.5354e-25 7.1556e-08 3.2341e-03 2.4812e-02 4.2640e-03 ] 9.6769e-01
 2.244e+01 3.2147e-02 3.2147e-02 [ 2.8310e-25 6.2195e-08 3.2141e-03 2.4667e-02 4.2664e-03 ] 9.6785e-01
 2.255e+01 3.1985e-02 3.1985e-02 [ 1.7647e-25 5.3994e-08 3.1942e-03 2.4522e-02 4.2685e-03 ] 9.6802e-01
 2.267e+01 3.1823e-02 3.1823e-02 [ 1.0986e-25 4.6817e-08 3.1743e-03 2.4378e-02 4.2703e-03 ] 9.6818e-01
 2.278e+01 3.1660e-02 3.1660e-02 [ 6.8295e-26 4.0544e-08 3.1546e-03 2.4234e-02 4.2719e-03 ] 9.6834e-01
 2.289e+01 3.1498e-02 3.1498e-02 [ 4.2401e-26 3.5070e-08 3.1349e-03 2.4090e-02 4.2732e-03 ] 9.6850e-01
 2.301e+01 3.1335e-02 3.1335e-02 [ 2.6290e-26 3.0297e-08 3.1153e-03 2.3946e-02 4.2743e-03 ] 9.6866e-01
 2.312e+01 3.1173e-02 3.1173e-02 [ 1.6280e-26 2.6142e-08 3.0958e-03 2.3802e-02 4.2751e-03 ] 9.6883e-01
 2.323e+01 3.1011e-02 3.1011e-02 [ 1.0068e-26 2.2529e-08 3.0764e-03 2.3659e-02 4.2756e-03 ] 9.6899e-01
 2.335e+01 3.0849e-02 3.0849e-02 [ 6.2183e-27 1.9392e-08 3.0570e-03 2.3516e-02 4.2759e-03 ] 9.6915e-01
 2.346e+01 3.0686e-02 3.0686e-02 [ 3.8357e-27 1.6671e-08 3.0377e-03 2.3373e-02 4.2760e-03 ] 9.6931e-01
 2.357e+01 3.0524e-02 3.0524e-02 [ 2.3631e-27 1.4315e-08 3.0184e-03 2.3230e-02 4.2758e-03 ] 9.6948e-01
 2.369e+01 3.0362e-02 3.0362e-02 [ 1.4540e-27 1.2276e-08 2.9992e-03 2.3088e-02 4.2753e-03 ] 9.6964e-01
 2.380e+01 3.0200e-02 3.0200e-02 [ 8.9351e-28 1.0515e-08 2.9801e-03 2.2945e-02 4.2745e-03 ] 9.6980e-01
 2.391e+01 3.0038e-02 3.0038e-02 [ 5.4841e-28 8.9950e-09 2.9610e-03 2.2804e-02 4.2735e-03 ] 9.6996e-01
 2.403e+01 2.9876e-02 2.9876e-02 [ 3.3618e-28 7.6854e-09 2.9420e-03 2.2662e-02 4.2722e-03 ] 9.7012e-01
 2.414e+01 2.9714e-02 2.9714e-02 [ 2.0583e-28 6.5584e-09 2.9231e-03 2.2521e-02 4.2707e-03 ] 9.7029e-01
 2.425e+01 2.9553e-02 2.9553e-02 [ 1.2587e-28 5.5897e-09 2.9042e-03 2.2380e-02 4.2689e-03 ] 9.7045e-01
 2.437e+01 2.9391e-02 2.9391e-02 [ 7.6881e-29 4.7581e-09 2.8853e-03 2.2239e-02 4.2668e-03 ] 9.7061e-01
 2.448e+01 2.9230e-02 2.9230e-02 [ 4.6902e-29 4.0453e-09 2.8665e-03 2.2099e-02 4.2645e-03 ] 9.7077e-01
 2.459e+01 2.9068e-02 2.9068e-02 [ 2.8579e-29 3.4350e-09 2.8477e-03 2.1959e-02 4.2618e-03 ] 9.7093e-01
 2.471e+01 2.8907e-02 2.8907e-02 [ 1.7394e-29 2.9131e-09 2.8290e-03 2.1819e-02 4.2589e-03 ] 9.7109e-01
 2.482e+01 2.8746e-02 2.8746e-02 [ 1.0574e-29 2.4674e-09 2.8103e-03 2.1680e-02 4.2558e-03 ] 9.7125e-01
 2.493e+01 2.8585e-02 2.8585e-02 [ 6.4208e-30 2.0873e-09 2.7916e-03 2.1541e-02 4.2524e-03 ] 9.7142e-01
 2.505e+01 2.8424e-02 2.8424e-02 [ 3.8943e-30 1.7636e-09 2.7730e-03 2.1402e-02 4.2487e-03 ] 9.7158e-01
 2.516e+01 2.8263e-02 2.8263e-02 [ 2.3592e-30 1.4882e-09 2.7544e-03 2.1264e-02 4.2447e-03 ] 9.7174e-01
 2.527e+01 2.8103e-02 2.8103e-02 [ 1.4277e-30 1.2542e-09 2.7358e-03 2.1126e-02 4.2404e-03 ] 9.7190e-01
 2.539e+01 2.7942e-02 2.7942e-02 [ 8.6295e-31 1.0557e-09 2.7173e-03 2.0989e-02 4.2359e-03 ] 9.7206e-01
 2.550e+01 2.7782e-02 2.7782e-02 [ 5.2103e-31 8.8754e-10 2.6988e-03 2.0852e-02 4.2311e-03 ] 9.7222e-01
 2.561e+01 2.7622e-02 2.7622e-02 [ 3.1424e-31 7.4520e-10 2.6803e-03 2.0715e-02 4.2260e-03 ] 9.7238e-01
 2.573e+01 2.7462e-02 2.7462e-02 [ 1.8931e-31 6.2491e-10 2.6619e-03 2.0579e-02 4.2206e-03 ] 9.7254e-01
 2.584e+01 2.7302e-02 2.7302e-02 [ 1.1392e-31 5.2337e-10 2.6434e-03 2.0444e-02 4.2150e-03 ] 9.7270e-01
 2.595e+01 2.7143e-02 2.7143e-02 [ 6.8483e-32 4.3779e-10 2.6250e-03 2.0309e-02 4.2091e-03 ] 9.7286e-01
 2.607e+01 2.6983e-02 2.6983e-02 [ 4.1123e-32 3.6573e-10 2.6066e-03 2.0174e-02 4.2029e-03 ] 9.7302e-01
 2.618e+01 2.6824e-02 2.6824e-02 [ 2.4667e-32 3.0516e-10 2.5882e-03 2.0040e-02 4.1964e-03 ] 9.7318e-01
 2.629e+01 2.6665e-02 2.6665e-02 [ 1.4780e-32 2.5429e-10 2.5698e-03 1.9906e-02 4.1896e-03 ] 9.7333e-01
 2.641e+01 2.6507e-02 2.6507e-02 [ 8.8470e-33 2.1164e-10 2.5514e-03 1.9773e-02 4.1826e-03 ] 9.7349e-01
 2.652e+01 2.6348e-02 2.6348e-02 [ 5.2899e-33 1.7592e-10 2.5331e-03 1.9640e-02 4.1753e-03 ] 9.7365e-01
 2.663e+01 2.6190e-02 2.6190e-02 [ 3.1597e-33 1.4604e-10 2.5147e-03 1.9508e-02 4.1677e-03 ] 9.7381e-01
 2.675e+01 2.6032e-02 2.6032e-02 [ 1.8854e-33 1.2109e-10 2.4963e-03 1.9376e-02 4.1598e-03 ] 9.7397e-01
 2.686e+01 2.5874e-02 2.5874e-02 [ 1.1238e-33 1.0027e-10 2.4780e-03 1.9245e-02 4.1516e-03 ] 9.7413e-01
 2.697e+01 2.5717e-02 2.5717e-02 [ 6.6921e-34 8.2926e-11 2.4596e-03 1.9114e-02 4.1431e-03 ] 9.7428e-01
 2.709e+01 2.5560e-02 2.5560e-02 [ 3.9809e-34 6.8495e-11 2.4413e-03 1.8984e-02 4.1344e-03 ] 9.7444e-01
 2.720e+01 2.5403e-02 2.5403e-02 [ 2.3657e-34 5.6505e-11 2.4229e-03 1.8854e-02 4.1254e-03 ] 9.7460e-01
 2.731e+01 2.5246e-02 2.5246e-02 [ 1.4044e-34 4.6554e-11 2.4045e-03 1.8725e-02 4.1161e-03 ] 9.7475e-01
 2.743e+01 2.5090e-02 2.5090e-02 [ 8.3293e-35 3.8308e-11 2.3862e-03 1.8597e-02 4.1065e-03 ] 9.7491e-01
 2.754e+01 2.4934e-02 2.4934e-02 [ 4.9350e-35 3.1482e-11 2.3678e-03 1.8469e-02 4.0966e-03 ] 9.7507e-01
 2.765e+01 2.4778e-02 2.4778e-02 [ 2.9210e-35 2.5840e-11 2.3494e-03 1.8342e-02 4.0865e-03 ] 9.7522e-01
 2.777e+01 2.4622e-02 2.4622e-02 [ 1.7273e-35 2.1182e-11 2.3309e-03 1.8215e-02 4.0760e-03 ] 9.7538e-01
 2.788e+01 2.4467e-02 2.4467e-02 [ 1.0204e-35 1.7342e-11 2.3125e-03 1.8089e-02 4.0653e-03 ] 9.7553e-01
 2.799e+01 2.4312e-02 2.4312e-02 [ 6.0221e-36 1.4180e-11 2.2940e-03 1.7964e-02 4.0543e-03 ] 9.7569e-01
 2.811e+01 2.4158e-02 2.4158e-02 [ 3.5507e-36 1.1580e-11 2.2756e-03 1.7839e-02 4.0430e-03 ] 9.7584e-01
 2.822e+01 2.4004e-02 2.4004e-02 [ 2.0915e-36 9.4444e-12 2.2571e-03 1.7715e-02 4.0315e-03 ] 9.7600e-01
 2.833e+01 2.3850e-02 2.3850e-02 [ 1.2308e-36 7.6932e-12 2.2385e-03 1.7592e-02 4.0196e-03 ] 9.7615e-01
 2.845e+01 2.3697e-02 2.3697e-02 [ 7.2366e-37 6.2587e-12 2.2200e-03 1.7469e-02 4.0075e-03 ] 9.7630e-01
 2.856e+01 2.3544e-02 2.3544e-02 [ 4.2507e-37 5.0852e-12 2.2014e-03 1.7347e-02 3.9951e-03 ] 9.7646e-01
 2.867e+01 2.3391e-02 2.3391e-02 [ 2.4945e-37 4.1266e-12 2.1828e-03 1.7226e-02 3.9824e-03 ] 9.7661e-01
 2.879e+01 2.3239e-02 2.3239e-02 [ 1.4625e-37 3.3444e-12 2.1642e-03 1.7105e-02 3.9695e-03 ] 9.7676e-01
 2.890e+01 2.3087e-02 2.3087e-02 [ 8.5666e-38 2.7070e-12 2.1455e-03 1.6985e-02 3.9562e-03 ] 9.7691e-01
 2.901e+01 2.2935e-02 2.2935e-02 [ 5.0134e-38 2.1884e-12 2.1268e-03 1.6866e-02 3.9427e-03 ] 9.7706e-01
 2.913e+01 2.2784e-02 2.2784e-02 [ 2.9313e-38 1.7669e-12 2.1081e-03 1.6747e-02 3.9290e-03 ] 9.7722e-01
 2.924e+01 2.2634e-02 2.2634e-02 [ 1.7123e-38 1.4247e-12 2.0894e-03 1.6629e-02 3.9149e-03 ] 9.7737e-01
 2.935e+01 2.2483e-02 2.2483e-02 [ 9.9938e-39 1.1474e-12 2.0706e-03 1.6512e-02 3.9006e-03 ] 9.7752e-01
 2.947e+01 2.2334e-02 2.2334e-02 [ 5.8276e-39 9.2287e-13 2.0517e-03 1.6396e-02 3.8860e-03 ] 9.7767e-01
 2.958e+01 2.2184e-02 2.2184e-02 [ 3.3951e-39 7.4135e-13 2.0328e-03 1.6280e-02 3.8712e-03 ] 9.7782e-01
 2.969e+01 2.2035e-02 2.2035e-02 [ 1.9763e-39 5.9478e-13 2.0139e-03 1.6165e-02 3.8561e-03 ] 9.7796e-01
 2.981e+01 2.1887e-02 2.1887e-02 [ 1.1493e-39 4.7658e-13 1.9950e-03 1.6051e-02 3.8407e-03 ] 9.7811e-01
 2.992e+01 2.1739e-02 2.1739e-02 [ 6.6784e-40 3.8139e-13 1.9760e-03 1.5938e-02 3.8251e-03 ] 9.7826e-01
 3.003e+01 2.1592e-02 2.1592e-02 [ 3.8773e-40 3.0483e-13 1.9569e-03 1.5825e-02 3.8092e-03 ] 9.7841e-01
 3.015e+01 2.1445e-02 2.1445e-02 [ 2.2491e-40 2.4333e-13 1.9379e-03 1.5714e-02 3.7931e-03 ] 9.7856e-01
 3.026e+01 2.1298e-02 2.1298e-02 [ 1.3035e-40 1.9399e-13 1.9187e-03 1.5603e-02 3.7767e-03 ] 9.7870e-01
 3.037e+01 2.1152e-02 2.1152e-02 [ 7.5480e-41 1.5447e-13 1.8996e-03 1.5492e-02 3.7601e-03 ] 9.7885e-01
 3.049e+01 2.1007e-02 2.1007e-02 [ 4.3671e-41 1.2284e-13 1.8804e-03 1.5383e-02 3.7432e-03 ] 9.7899e-01
 3.060e+01 2.0862e-02 2.0862e-02 [ 2.5246e-41 9.7561e-14 1.8611e-03 1.5275e-02 3.7261e-03 ] 9.7914e-01
 3.071e+01 2.0717e-02 2.0717e-02 [ 1.4582e-41 7.7389e-14 1.8418e-03 1.5167e-02 3.7088e-03 ] 9.7928e-01
 3.083e+01 2.0574e-02 2.0574e-02 [ 8.4159e-42 6.1310e-14 1.8225e-03 1.5060e-02 3.6912e-03 ] 9.7943e-01
 3.094e+01 2.0430e-02 2.0430e-02 [ 4.8530e-42 4.8511e-14 1.8031e-03 1.4954e-02 3.6734e-03 ] 9.7957e-01
 3.105e+01 2.0288e-02 2.0288e-02 [ 2.7962e-42 3.8336e-14 1.7837e-03 1.4849e-02 3.6553e-03 ] 9.7971e-01
 3.117e+01 2.0145e-02 2.0145e-02 [ 1.6097e-42 3.0257e-14 1.7642e-03 1.4744e-02 3.6371e-03 ] 9.7985e-01
 3.128e+01 2.0004e-02 2.0004e-02 [ 9.2597e-43 2.3850e-14 1.7447e-03 1.4641e-02 3.6186e-03 ] 9.8000e-01
 3.139e+01 1.9863e-02 1.9863e-02 [ 5.3221e-43 1.8777e-14 1.7251e-03 1.4538e-02 3.5999e-03 ] 9.8014e-01
 3.151e+01 1.9723e-02 1.9723e-02 [ 3.0565e-43 1.4764e-14 1.7055e-03 1.4436e-02 3.5810e-03 ] 9.8028e-01
 3.162e+01 1.9583e-02 1.9583e-02 [ 1.7539e-43 1.1594e-14 1.6859e-03 1.4335e-02 3.5619e-03 ] 9.8042e-01
 3.173e+01 1.9444e-02 1.9444e-02 [ 1.0057e-43 9.0936e-15 1.6662e-03 1.4235e-02 3.5426e-03 ] 9.8056e-01
 3.185e+01 1.9305e-02 1.9305e-02 [ 5.7617e-44 7.1234e-15 1.6465e-03 1.4136e-02 3.5231e-03 ] 9.8069e-01
 3.196e+01 1.9167e-02 1.9167e-02 [ 3.2984e-44 5.5731e-15 1.6268e-03 1.4037e-02 3.5035e-03 ] 9.8083e-01
 3.207e+01 1.9030e-02 1.9030e-02 [ 1.8868e-44 4.3548e-15 1.6070e-03 1.3940e-02 3.4836e-03 ] 9.8097e-01
 3.219e+01 1.8894e-02 1.8894e-02 [ 1.0784e-44 3.3985e-15 1.5872e-03 1.3843e-02 3.4636e-03 ] 9.8111e-01
 3.230e+01 1.8758e-02 1.8758e-02 [ 6.1592e-45 2.6489e-15 1.5674e-03 1.3747e-02 3.4434e-03 ] 9.8124e-01
 3.241e+01 1.8622e-02 1.8622e-02 [ 3.5149e-45 2.0621e-15 1.5475e-03 1.3652e-02 3.4230e-03 ] 9.8138e-01
 3.253e+01 1.8488e-02 1.8488e-02 [ 2.0044e-45 1.6033e-15 1.5276e-03 1.3558e-02 3.4024e-03 ] 9.8151e-01
 3.264e+01 1.8354e-02 1.8354e-02 [ 1.1421e-45 1.2450e-15 1.5077e-03 1.3465e-02 3.3817e-03 ] 9.8165e-01
 3.275e+01 1.8221e-02 1.8221e-02 [ 6.5029e-46 9.6562e-16 1.4878e-03 1.3372e-02 3.3609e-03 ] 9.8178e-01
 3.287e+01 1.8088e-02 1.8088e-02 [ 3.6998e-46 7.4798e-16 1.4678e-03 1.3281e-02 3.3399e-03 ] 9.8191e-01
 3.298e+01 1.7957e-02 1.7957e-02 [ 2.1034e-46 5.7868e-16 1.4478e-03 1.3190e-02 3.3188e-03 ] 9.8204e-01
 3.309e+01 1.7826e-02 1.7826e-02 [ 1.1949e-46 4.4714e-16 1.4279e-03 1.3100e-02 3.2976e-03 ] 9.8217e-01
 3.321e+01 1.7695e-02 1.7695e-02 [ 6.7830e-47 3.4508e-16 1.4079e-03 1.3011e-02 3.2762e-03 ] 9.8230e-01
 3.332e+01 1.7566e-02 1.7566e-02 [ 3.8476e-47 2.6598e-16 1.3879e-03 1.2923e-02 3.2547e-03 ] 9.8243e-01
 3.343e+01 1.7437e-02 1.7437e-02 [ 2.1809e-47 2.0476e-16 1.3679e-03 1.2836e-02 3.2331e-03 ] 9.8256e-01
 3.355e+01 1.7309e-02 1.7309e-02 [ 1.2352e-47 1.5744e-16 1.3479e-03 1.2749e-02 3.2114e-03 ] 9.8269e-01
 3.366e+01 1.7181e-02 1.7181e-02 [ 6.9913e-48 1.2091e-16 1.3279e-03 1.2664e-02 3.1897e-03 ] 9.8282e-01
 3.377e+01 1.7055e-02 1.7055e-02 [ 3.9541e-48 9.2734e-17 1.3079e-03 1.2579e-02 3.1678e-03 ] 9.8295e-01
 3.389e+01 1.6929e-02 1.6929e-02 [ 2.2347e-48 7.1040e-17 1.2880e-03 1.2495e-02 3.1458e-03 ] 9.8307e-01
 3.400e+01 1.6804e-02 1.6804e-02 [ 1.2620e-48 5.4354e-17 1.2680e-03 1.2412e-02 3.1238e-03 ] 9.8320e-01
 3.411e+01 1.6679e-02 1.6679e-02 [ 7.1223e-49 4.1537e-17 1.2481e-03 1.2330e-02 3.1017e-03 ] 9.8332e-01
 3.423e+01 1.6556e-02 1.6556e-02 [ 4.0165e-49 3.1703e-17 1.2282e-03 1.2248e-02 3.0795e-03 ] 9.8344e-01
 3.434e+01 1.6433e-02 1.6433e-02 [ 2.2635e-49 2.4168e-17 1.2083e-03 1.2167e-02 3.0573e-03 ] 9.8357e-01
 3.445e+01 1.6311e-02 1.6311e-02 [ 1.2746e-49 1.8401e-17 1.1885e-03 1.2087e-02 3.0351e-03 ] 9.8369e-01
 3.457e+01 1.6190e-02 1.6190e-02 [ 7.1729e-50 1.3993e-17 1.1687e-03 1.2008e-02 3.0128e-03 ] 9.8381e-01
 3.468e+01 1.6069e-02 1.6069e-02 [ 4.0337e-50 1.0628e-17 1.1489e-03 1.1930e-02 2.9905e-03 ] 9.8393e-01
 3.479e+01 1.5950e-02 1.5950e-02 [ 2.2667e-50 8.0628e-18 1.1292e-03 1.1852e-02 2.9682e-03 ] 9.8405e-01
 3.491e+01 1.5831e-02 1.5831e-02 [ 1.2729e-50 6.1091e-18 1.1096e-03 1.1775e-02 2.9458e-03 ] 9.8417e-01
 3.502e+01 1.5713e-02 1.5713e-02 [ 7.1430e-51 4.6232e-18 1.0900e-03 1.1699e-02 2.9234e-03 ] 9.8429e-01
 3.513e+01 1.5595e-02 1.5595e-02 [ 4.0057e-51 3.4945e-18 1.0705e-03 1.1624e-02 2.9011e-03 ] 9.8440e-01
 3.525e+01 1.5479e-02 1.5479e-02 [ 2.2448e-51 2.6382e-18 1.0510e-03 1.1549e-02 2.8787e-03 ] 9.8452e-01
 3.536e+01 1.5363e-02 1.5363e-02 [ 1.2571e-51 1.9893e-18 1.0317e-03 1.1475e-02 2.8564e-03 ] 9.8464e-01
 3.547e+01 1.5248e-02 1.5248e-02 [ 7.0350e-52 1.4982e-18 1.0124e-03 1.1402e-02 2.8341e-03 ] 9.8475e-01
 3.559e+01 1.5134e-02 1.5134e-02 [ 3.9343e-52 1.1270e-18 9.9317e-04 1.1329e-02 2.8118e-03 ] 9.8487e-01
 3.570e+01 1.5021e-02 1.5021e-02 [ 2.1988e-52 8.4672e-19 9.7406e-04 1.1258e-02 2.7896e-03 ] 9.8498e-01
 3.581e+01 1.4909e-02 1.4909e-02 [ 1.2280e-52 6.3539e-19 9.5505e-04 1.1186e-02 2.7673e-03 ] 9.8509e-01
 3.593e+01 1.4797e-02 1.4797e-02 [ 6.8536e-53 4.7624e-19 9.3614e-04 1.1116e-02 2.7452e-03 ] 9.8520e-01
 3.604e+01 1.4686e-02 1.4686e-02 [ 3.8226e-53 3.5653e-19 9.1734e-04 1.1046e-02 2.7231e-03 ] 9.8531e-01
 3.615e+01 1.4576e-02 1.4576e-02 [ 2.1306e-53 2.6659e-19 8.9866e-04 1.0976e-02 2.7011e-03 ] 9.8542e-01
 3.627e+01 1.4467e-02 1.4467e-02 [ 1.1867e-53 1.9910e-19 8.8009e-04 1.0908e-02 2.6791e-03 ] 9.8553e-01
 3.638e+01 1.4358e-02 1.4358e-02 [ 6.6058e-54 1.4852e-19 8.6166e-04 1.0839e-02 2.6572e-03 ] 9.8564e-01
 3.649e+01 1.4251e-02 1.4251e-02 [ 3.6746e-54 1.1066e-19 8.4335e-04 1.0772e-02 2.6354e-03 ] 9.8575e-01
 3.661e+01 1.4144e-02 1.4144e-02 [ 2.0427e-54 8.2350e-20 8.2518e-04 1.0705e-02 2.6137e-03 ] 9.8586e-01
 3.672e+01 1.4038e-02 1.4038e-02 [ 1.1348e-54 6.1211e-20 8.0715e-04 1.0638e-02 2.5921e-03 ] 9.8596e-01
 3.683e+01 1.3932e-02 1.3932e-02 [ 6.3004e-55 4.5445e-20 7.8927e-04 1.0572e-02 2.5705e-03 ] 9.8607e-01
 3.695e+01 1.3828e-02 1.3828e-02 [ 3.4956e-55 3.3700e-20 7.7155e-04 1.0507e-02 2.5491e-03 ] 9.8617e-01
 3.706e+01 1.3724e-02 1.3724e-02 [ 1.9382e-55 2.4961e-20 7.5398e-04 1.0442e-02 2.5278e-03 ] 9.8628e-01
 3.717e+01 1.3621e-02 1.3621e-02 [ 1.0740e-55 1.8466e-20 7.3657e-04 1.0378e-02 2.5067e-03 ] 9.8638e-01
 3.729e+01 1.3519e-02 1.3519e-02 [ 5.9471e-56 1.3646e-20 7.1934e-04 1.0314e-02 2.4856e-03 ] 9.8648e-01
 3.740e+01 1.3417e-02 1.3417e-02 [ 3.2911e-56 1.0072e-20 7.0227e-04 1.0250e-02 2.4647e-03 ] 9.8658e-01
 3.751e+01 1.3316e-02 1.3316e-02 [ 1.8202e-56 7.4249e-21 6.8539e-04 1.0187e-02 2.4439e-03 ] 9.8668e-01
 3.763e+01 1.3216e-02 1.3216e-02 [ 1.0060e-56 5.4673e-21 6.6868e-04 1.0124e-02 2.4232e-03 ] 9.8678e-01
 3.774e+01 1.3117e-02 1.3117e-02 [ 5.5566e-57 4.0212e-21 6.5217e-04 1.0062e-02 2.4027e-03 ] 9.8688e-01
 3.785e+01 1.3019e-02 1.3019e-02 [ 3.0673e-57 2.9542e-21 6.3584e-04 1.0000e-02 2.3823e-03 ] 9.8698e-01
 3.797e+01 1.2921e-02 1.2921e-02 [ 1.6921e-57 2.1677e-21 6.1971e-04 9.9390e-03 2.3621e-03 ] 9.8708e-01
 3.808e+01 1.2824e-02 1.2824e-02 [ 9.3288e-58 1.5888e-21 6.0378e-04 9.8779e-03 2.3421e-03 ] 9.8718e-01
 3.819e+01 1.2727e-02 1.2727e-02 [ 5.1399e-58 1.1632e-21 5.8806e-04 9.8171e-03 2.3222e-03 ] 9.8727e-01
 3.831e+01 1.2632e-02 1.2632e-02 [ 2.8302e-58 8.5056e-22 5.7254e-04 9.7567e-03 2.3024e-03 ] 9.8737e-01
 3.842e+01 1.2537e-02 1.2537e-02 [ 1.5574e-58 6.2126e-22 5.5723e-04 9.6966e-03 2.2829e-03 ] 9.8746e-01
 3.853e+01 1.2442e-02 1.2442e-02 [ 8.5651e-59 4.5325e-22 5.4214e-04 9.6368e-03 2.2635e-03 ] 9.8756e-01
 3.865e+01 1.2349e-02 1.2349e-02 [ 4.7075e-59 3.3030e-22 5.2727e-04 9.5773e-03 2.2443e-03 ] 9.8765e-01
 3.876e+01 1.2256e-02 1.2256e-02 [ 2.5858e-59 2.4042e-22 5.1262e-04 9.5181e-03 2.2252e-03 ] 9.8774e-01
 3.887e+01 1.2164e-02 1.2164e-02 [ 1.4194e-59 1.7480e-22 4.9820e-04 9.4592e-03 2.2063e-03 ] 9.8784e-01
 3.899e+01 1.2072e-02 1.2072e-02 [ 7.7872e-60 1.2695e-22 4.8400e-04 9.4004e-03 2.1877e-03 ] 9.8793e-01
 3.910e+01 1.1981e-02 1.1981e-02 [ 4.2696e-60 9.2087e-23 4.7003e-04 9.3420e-03 2.1691e-03 ] 9.8802e-01
 3.921e+01 1.1891e-02 1.1891e-02 [ 2.3395e-60 6.6725e-23 4.5629e-04 9.2837e-03 2.1508e-03 ] 9.8811e-01
 3.933e+01 1.1801e-02 1.1801e-02 [ 1.2812e-60 4.8293e-23 4.4279e-04 9.2257e-03 2.1327e-03 ] 9.8820e-01
 3.944e+01 1.1712e-02 1.1712e-02 [ 7.0119e-61 3.4913e-23 4.2952e-04 9.1678e-03 2.1147e-03 ] 9.8829e-01
 3.955e+01 1.1624e-02 1.1624e-02 [ 3.8353e-61 2.5211e-23 4.1649e-04 9.1101e-03 2.0970e-03 ] 9.8838e-01
 3.967e+01 1.1536e-02 1.1536e-02 [ 2.0965e-61 1.8185e-23 4.0370e-04 9.0526e-03 2.0794e-03 ] 9.8846e-01
 3.978e+01 1.1448e-02 1.1448e-02 [ 1.1454e-61 1.3102e-23 3.9115e-04 8.9953e-03 2.0621e-03 ] 9.8855e-01
 3.989e+01 1.1362e-02 1.1362e-02 [ 6.2537e-62 9.4296e-24 3.7884e-04 8.9380e-03 2.0449e-03 ] 9.8864e-01
 4.001e+01 1.1276e-02 1.1276e-02 [ 3.4125e-62 6.7787e-24 3.6678e-04 8.8810e-03 2.0279e-03 ] 9.8872e-01
 4.012e+01 1.1190e-02 1.1190e-02 [ 1.8610e-62 4.8677e-24 3.5496e-04 8.8240e-03 2.0111e-03 ] 9.8881e-01
 4.023e+01 1.1105e-02 1.1105e-02 [ 1.0143e-62 3.4914e-24 3.4338e-04 8.7672e-03 1.9945e-03 ] 9.8889e-01
 4.035e+01 1.1021e-02 1.1021e-02 [ 5.5252e-63 2.5015e-24 3.3205e-04 8.7104e-03 1.9781e-03 ] 9.8898e-01
 4.046e+01 1.0937e-02 1.0937e-02 [ 3.0079e-63 1.7903e-24 3.2096e-04 8.6538e-03 1.9619e-03 ] 9.8906e-01
 4.057e+01 1.0853e-02 1.0853e-02 [ 1.6366e-63 1.2798e-24 3.1011e-04 8.5972e-03 1.9459e-03 ] 9.8915e-01
 4.069e+01 1.0770e-02 1.0770e-02 [ 8.8991e-64 9.1393e-25 2.9951e-04 8.5407e-03 1.9300e-03 ] 9.8923e-01
 4.080e+01 1.0688e-02 1.0688e-02 [ 4.8363e-64 6.5190e-25 2.8915e-04 8.4843e-03 1.9144e-03 ] 9.8931e-01
 4.091e+01 1.0606e-02 1.0606e-02 [ 2.6268e-64 4.6449e-25 2.7904e-04 8.4279e-03 1.8990e-03 ] 9.8939e-01
 4.103e+01 1.0524e-02 1.0524e-02 [ 1.4259e-64 3.3059e-25 2.6917e-04 8.3715e-03 1.8837e-03 ] 9.8948e-01
 4.114e+01 1.0443e-02 1.0443e-02 [ 7.7359e-65 2.3503e-25 2.5953e-04 8.3152e-03 1.8687e-03 ] 9.8956e-01
 4.125e+01 1.0363e-02 1.0363e-02 [ 4.1945e-65 1.6691e-25 2.5014e-04 8.2589e-03 1.8538e-03 ] 9.8964e-01
 4.137e+01 1.0283e-02 1.0283e-02 [ 2.2730e-65 1.1841e-25 2.4098e-04 8.2027e-03 1.8391e-03 ] 9.8972e-01
 4.148e+01 1.0203e-02 1.0203e-02 [ 1.2311e-65 8.3903e-26 2.3206e-04 8.1464e-03 1.8246e-03 ] 9.8980e-01
 4.159e+01 1.0124e-02 1.0124e-02 [ 6.6637e-66 5.9390e-26 2.2338e-04 8.0902e-03 1.8103e-03 ] 9.8988e-01
 4.171e+01 1.0045e-02 1.0045e-02 [ 3.6050e-66 4.1993e-26 2.1492e-04 8.0340e-03 1.7962e-03 ] 9.8995e-01
 4.182e+01 9.9667e-03 9.9667e-03 [ 1.9492e-66 2.9660e-26 2.0670e-04 7.9777e-03 1.7823e-03 ] 9.9003e-01
 4.193e+01 9.8886e-03 9.8886e-03 [ 1.0533e-66 2.0926e-26 1.9870e-04 7.9215e-03 1.7685e-03 ] 9.9011e-01
 4.205e+01 9.8110e-03 9.8110e-03 [ 5.6886e-67 1.4748e-26 1.9093e-04 7.8652e-03 1.7549e-03 ] 9.9019e-01
 4.216e+01 9.7338e-03 9.7338e-03 [ 3.0706e-67 1.0383e-26 1.8339e-04 7.8089e-03 1.7415e-03 ] 9.9027e-01
 4.227e+01 9.6569e-03 9.6569e-03 [ 1.6565e-67 7.3016e-27 1.7606e-04 7.7526e-03 1.7283e-03 ] 9.9034e-01
 4.239e+01 9.5803e-03 9.5803e-03 [ 8.9314e-68 5.1294e-27 1.6895e-04 7.6962e-03 1.7152e-03 ] 9.9042e-01
 4.250e+01 9.5042e-03 9.5042e-03 [ 4.8130e-68 3.5995e-27 1.6206e-04 7.6398e-03 1.7023e-03 ] 9.9050e-01
 4.261e+01 9.4283e-03 9.4283e-03 [ 2.5922e-68 2.5232e-27 1.5537e-04 7.5834e-03 1.6896e-03 ] 9.9057e-01
 4.273e+01 9.3528e-03 9.3528e-03 [ 1.3953e-68 1.7668e-27 1.4890e-04 7.5269e-03 1.6770e-03 ] 9.9065e-01
 4.284e+01 9.2776e-03 9.2776e-03 [ 7.5067e-69 1.2359e-27 1.4263e-04 7.4704e-03 1.6646e-03 ] 9.9072e-01
 4.295e+01 9.2027e-03 9.2027e-03 [ 4.0363e-69 8.6356e-28 1.3656e-04 7.4138e-03 1.6523e-03 ] 9.9080e-01
 4.307e+01 9.1281e-03 9.1281e-03 [ 2.1691e-69 6.0277e-28 1.3069e-04 7.3572e-03 1.6402e-03 ] 9.9087e-01
 4.318e+01 9.0538e-03 9.0538e-03 [ 1.1651e-69 4.2029e-28 1.2501e-04 7.3005e-03 1.6283e-03 ] 9.9095e-01
 4.329e+01 8.9798e-03 8.9798e-03 [ 6.2542e-70 2.9274e-28 1.1952e-04 7.2438e-03 1.6165e-03 ] 9.9102e-01
 4.341e+01 8.9061e-03 8.9061e-03 [ 3.3555e-70 2.0368e-28 1.1423e-04 7.1870e-03 1.6048e-03 ] 9.9109e-01
 4.352e+01 8.8326e-03 8.8326e-03 [ 1.7994e-70 1.4157e-28 1.0911e-04 7.1302e-03 1.5933e-03 ] 9.9117e-01
 4.363e+01 8.7594e-03 8.7594e-03 [ 9.6436e-71 9.8294e-29 1.0418e-04 7.0733e-03 1.5820e-03 ] 9.9124e-01
 4.375e+01 8.6864e-03 8.6864e-03 [ 5.1657e-71 6.8175e-29 9.9420e-05 7.0163e-03 1.5707e-03 ] 9.9131e-01
 4.386e+01 8.6137e-03 8.6137e-03 [ 2.7655e-71 4.7236e-29 9.4833e-05 6.9592e-03 1.5596e-03 ] 9.9139e-01
 4.397e+01 8.5412e-03 8.5412e-03 [ 1.4798e-71 3.2694e-29 9.0415e-05 6.9021e-03 1.5487e-03 ] 9.9146e-01
 4.409e+01 8.4690e-03 8.4690e-03 [ 7.9138e-72 2.2605e-29 8.6162e-05 6.8450e-03 1.5378e-03 ] 9.9153e-01
 4.420e+01 8.3969e-03 8.3969e-03 [ 4.2300e-72 1.5613e-29 8.2069e-05 6.7878e-03 1.5271e-03 ] 9.9160e-01
 4.431e+01 8.3251e-03 8.3251e-03 [ 2.2598e-72 1.0772e-29 7.8132e-05 6.7305e-03 1.5165e-03 ] 9.9167e-01
 4.443e+01 8.2535e-03 8.2535e-03 [ 1.2066e-72 7.4248e-30 7.4348e-05 6.6731e-03 1.5061e-03 ] 9.9175e-01
 4.454e+01 8.1821e-03 8.1821e-03 [ 6.4391e-73 5.1122e-30 7.0713e-05 6.6157e-03 1.4957e-03 ] 9.9182e-01
 4.465e+01 8.1108e-03 8.1108e-03 [ 3.4344e-73 3.5163e-30 6.7222e-05 6.5582e-03 1.4854e-03 ] 9.9189e-01
 4.477e+01 8.0398e-03 8.0398e-03 [ 1.8309e-73 2.4161e-30 6.3873e-05 6.5006e-03 1.4753e-03 ] 9.9196e-01
 4.488e+01 7.9689e-03 7.9689e-03 [ 9.7552e-74 1.6584e-30 6.0659e-05 6.4430e-03 1.4652e-03 ] 9.9203e-01
 4.499e+01 7.8982e-03 7.8982e-03 [ 5.1950e-74 1.1372e-30 5.7579e-05 6.3853e-03 1.4553e-03 ] 9.9210e-01
 4.511e+01 7.8277e-03 7.8277e-03 [ 2.7650e-74 7.7894e-31 5.4628e-05 6.3276e-03 1.4454e-03 ] 9.9217e-01
 4.522e+01 7.7573e-03 7.7573e-03 [ 1.4709e-74 5.3302e-31 5.1802e-05 6.2698e-03 1.4357e-03 ] 9.9224e-01
 4.533e+01 7.6871e-03 7.6871e-03 [ 7.8209e-75 3.6436e-31 4.9097e-05 6.2120e-03 1.4260e-03 ] 9.9231e-01
 4.545e+01 7.6170e-03 7.6170e-03 [ 4.1562e-75 2.4882e-31 4.6510e-05 6.1540e-03 1.4164e-03 ] 9.9238e-01
 4.556e+01 7.5471e-03 7.5471e-03 [ 2.2075e-75 1.6974e-31 4.4037e-05 6.0961e-03 1.4069e-03 ] 9.9245e-01
 4.567e+01 7.4773e-03 7.4773e-03 [ 1.1719e-75 1.1567e-31 4.1674e-05 6.0381e-03 1.3975e-03 ] 9.9252e-01
 4.579e+01 7.4076e-03 7.4076e-03 [ 6.2180e-76 7.8751e-32 3.9417e-05 5.9800e-03 1.3882e-03 ] 9.9259e-01
 4.590e+01 7.3380e-03 7.3380e-03 [ 3.2975e-76 5.3559e-32 3.7264e-05 5.9219e-03 1.3789e-03 ] 9.9266e-01
 4.601e+01 7.2686e-03 7.2686e-03 [ 1.7478e-76 3.6388e-32 3.5210e-05 5.8637e-03 1.3697e-03 ] 9.9273e-01
 4.613e+01 7.1993e-03 7.1993e-03 [ 9.2595e-77 2.4698e-32 3.3251e-05 5.8055e-03 1.3606e-03 ] 9.9280e-01
 4.624e+01 7.1301e-03 7.1301e-03 [ 4.9029e-77 1.6746e-32 3.1385e-05 5.7472e-03 1.3515e-03 ] 9.9287e-01
 4.635e+01 7.0610e-03 7.0610e-03 [ 2.5947e-77 1.1343e-32 2.9608e-05 5.6890e-03 1.3424e-03 ] 9.9294e-01
 4.647e+01 6.9920e-03 6.9920e-03 [ 1.3725e-77 7.6755e-33 2.7918e-05 5.6306e-03 1.3335e-03 ] 9.9301e-01
 4.658e+01 6.9231e-03 6.9231e-03 [ 7.2562e-78 5.1885e-33 2.6309e-05 5.5723e-03 1.3246e-03 ] 9.9308e-01
 4.669e+01 6.8543e-03 6.8543e-03 [ 3.8343e-78 3.5039e-33 2.4780e-05 5.5139e-03 1.3157e-03 ] 9.9315e-01
 4.681e+01 6.7856e-03 6.7856e-03 [ 2.0251e-78 2.3638e-33 2.3328e-05 5.4555e-03 1.3069e-03 ] 9.9321e-01
 4.692e+01 6.7170e-03 6.7170e-03 [ 1.0690e-78 1.5931e-33 2.1948e-05 5.3970e-03 1.2981e-03 ] 9.9328e-01
 4.703e+01 6.6485e-03 6.6485e-03 [ 5.6400e-79 1.0726e-33 2.0640e-05 5.3386e-03 1.2893e-03 ] 9.9335e-01
 4.715e+01 6.5801e-03 6.5801e-03 [ 2.9742e-79 7.2147e-34 1.9398e-05 5.2801e-03 1.2806e-03 ] 9.9342e-01
 4.726e+01 6.5117e-03 6.5117e-03 [ 1.5676e-79 4.8478e-34 1.8222e-05 5.2216e-03 1.2719e-03 ] 9.9349e-01
 4.737e+01 6.4434e-03 6.4434e-03 [ 8.2584e-80 3.2542e-34 1.7107e-05 5.1631e-03 1.2632e-03 ] 9.9356e-01
 4.749e+01 6.3752e-03 6.3752e-03 [ 4.3484e-80 2.1823e-34 1.6052e-05 5.1046e-03 1.2546e-03 ] 9.9362e-01
 4.760e+01 6.3071e-03 6.3071e-03 [ 2.2885e-80 1.4620e-34 1.5053e-05 5.0461e-03 1.2460e-03 ] 9.9369e-01
 4.771e+01 6.2390e-03 6.2390e-03 [ 1.2038e-80 9.7850e-35 1.4109e-05 4.9876e-03 1.2374e-03 ] 9.9376e-01
 4.783e+01 6.1710e-03 6.1710e-03 [ 6.3288e-81 6.5424e-35 1.3217e-05 4.9291e-03 1.2288e-03 ] 9.9383e-01
 4.794e+01 6.1031e-03 6.1031e-03 [ 3.3257e-81 4.3701e-35 1.2374e-05 4.8706e-03 1.2202e-03 ] 9.9390e-01
 4.805e+01 6.0353e-03 6.0353e-03 [ 1.7467e-81 2.9161e-35 1.1579e-05 4.8121e-03 1.2116e-03 ] 9.9396e-01
 4.817e+01 5.9675e-03 5.9675e-03 [ 9.1697e-82 1.9440e-35 1.0828e-05 4.7536e-03 1.2030e-03 ] 9.9403e-01
 4.828e+01 5.8998e-03 5.8998e-03 [ 4.8114e-82 1.2947e-35 1.0120e-05 4.6952e-03 1.1945e-03 ] 9.9410e-01
 4.839e+01 5.8321e-03 5.8321e-03 [ 2.5233e-82 8.6140e-36 9.4537e-06 4.6368e-03 1.1859e-03 ] 9.9417e-01
 4.851e+01 5.7646e-03 5.7646e-03 [ 1.3227e-82 5.7256e-36 8.8259e-06 4.5784e-03 1.1773e-03 ] 9.9424e-01
 4.862e+01 5.6970e-03 5.6970e-03 [ 6.9296e-83 3.8020e-36 8.2350e-06 4.5201e-03 1.1687e-03 ] 9.9430e-01
 4.873e+01 5.6296e-03 5.6296e-03 [ 3.6288e-83 2.5222e-36 7.6792e-06 4.4618e-03 1.1601e-03 ] 9.9437e-01
 4.885e+01 5.5622e-03 5.5622e-03 [ 1.8993e-83 1.6715e-36 7.1569e-06 4.4036e-03 1.1515e-03 ] 9.9444e-01
 4.896e+01 5.4949e-03 5.4949e-03 [ 9.9362e-84 1.1067e-36 6.6662e-06 4.3454e-03 1.1429e-03 ] 9.9451e-01
 4.907e+01 5.4277e-03 5.4277e-03 [ 5.1955e-84 7.3202e-37 6.2055e-06 4.2873e-03 1.1342e-03 ] 9.9457e-01
 4.919e+01 5.3606e-03 5.3606e-03 [ 2.7153e-84 4.8373e-37 5.7733e-06 4.2293e-03 1.1255e-03 ] 9.9464e-01
 4.930e+01 5.2935e-03 5.2935e-03 [ 1.4184e-84 3.1934e-37 5.3680e-06 4.1713e-03 1.1168e-03 ] 9.9471e-01
 4.941e+01 5.2265e-03 5.2265e-03 [ 7.4058e-85 2.1061e-37 4.9882e-06 4.1134e-03 1.1081e-03 ] 9.9477e-01
 4.953e+01 5.1596e-03 5.1596e-03 [ 3.8648e-85 1.3877e-37 4.6326e-06 4.0556e-03 1.0994e-03 ] 9.9484e-01
 4.964e+01 5.0928e-03 5.0928e-03 [ 2.0159e-85 9.1345e-38 4.2998e-06 3.9979e-03 1.0906e-03 ] 9.9491e-01
 4.975e+01 5.0261e-03 5.0261e-03 [ 1.0510e-85 6.0070e-38 3.9884e-06 3.9403e-03 1.0817e-03 ] 9.9497e-01
 4.987e+01 4.9594e-03 4.9594e-03 [ 5.4768e-86 3.9465e-38 3.6975e-06 3.8828e-03 1.0729e-03 ] 9.9504e-01
 4.998e+01 4.8929e-03 4.8929e-03 [ 2.8526e-86 2.5903e-38 3.4256e-06 3.8255e-03 1.0640e-03 ] 9.9511e-01
 5.009e+01 4.8264e-03 4.8264e-03 [ 1.4851e-86 1.6985e-38 3.1719e-06 3.7682e-03 1.0550e-03 ] 9.9517e-01
 5.021e+01 4.7601e-03 4.7601e-03 [ 7.7274e-87 1.1127e-38 2.9352e-06 3.7111e-03 1.0461e-03 ] 9.9524e-01
 5.032e+01 4.6939e-03 4.6939e-03 [ 4.0190e-87 7.2822e-39 2.7144e-06 3.6541e-03 1.0370e-03 ] 9.9531e-01
 5.043e+01 4.6278e-03 4.6278e-03 [ 2.0892e-87 4.7614e-39 2.5088e-06 3.5973e-03 1.0280e-03 ] 9.9537e-01
 5.055e+01 4.5618e-03 4.5618e-03 [ 1.0855e-87 3.1103e-39 2.3173e-06 3.5406e-03 1.0188e-03 ] 9.9544e-01
 5.066e+01 4.4959e-03 4.4959e-03 [ 5.6377e-88 2.0297e-39 2.1391e-06 3.4841e-03 1.0097e-03 ] 9.9550e-01
 5.077e+01 4.4302e-03 4.4302e-03 [ 2.9265e-88 1.3233e-39 1.9734e-06 3.4278e-03 1.0004e-03 ] 9.9557e-01
 5.089e+01 4.3647e-03 4.3647e-03 [ 1.5184e-88 8.6197e-40 1.8194e-06 3.3717e-03 9.9117e-04 ] 9.9564e-01
 5.100e+01 4.2992e-03 4.2992e-03 [ 7.8744e-89 5.6092e-40 1.6763e-06 3.3157e-03 9.8184e-04 ] 9.9570e-01
 5.111e+01 4.2340e-03 4.2340e-03 [ 4.0817e-89 3.6466e-40 1.5436e-06 3.2600e-03 9.7246e-04 ] 9.9577e-01
 5.123e+01 4.1689e-03 4.1689e-03 [ 2.1147e-89 2.3685e-40 1.4205e-06 3.2044e-03 9.6302e-04 ] 9.9583e-01
 5.134e+01 4.1039e-03 4.1039e-03 [ 1.0951e-89 1.5369e-40 1.3063e-06 3.1491e-03 9.5353e-04 ] 9.9590e-01
 5.145e+01 4.0392e-03 4.0392e-03 [ 5.6685e-90 9.9636e-41 1.2006e-06 3.0940e-03 9.4398e-04 ] 9.9596e-01
 5.157e+01 3.9747e-03 3.9747e-03 [ 2.9327e-90 6.4531e-41 1.1028e-06 3.0392e-03 9.3437e-04 ] 9.9603e-01
 5.168e+01 3.9103e-03 3.9103e-03 [ 1.5166e-90 4.1756e-41 1.0122e-06 2.9846e-03 9.2470e-04 ] 9.9609e-01
 5.179e+01 3.8462e-03 3.8462e-03 [ 7.8388e-91 2.6993e-41 9.2854e-07 2.9303e-03 9.1498e-04 ] 9.9615e-01
 5.191e+01 3.7823e-03 3.7823e-03 [ 4.0498e-91 1.7434e-41 8.5122e-07 2.8762e-03 9.0520e-04 ] 9.9622e-01
 5.202e+01 3.7186e-03 3.7186e-03 [ 2.0913e-91 1.1249e-41 7.7984e-07 2.8224e-03 8.9535e-04 ] 9.9628e-01
 5.213e+01 3.6551e-03 3.6551e-03 [ 1.0794e-91 7.2516e-42 7.1399e-07 2.7690e-03 8.8546e-04 ] 9.9634e-01
 5.225e+01 3.5919e-03 3.5919e-03 [ 5.5687e-92 4.6703e-42 6.5327e-07 2.7158e-03 8.7550e-04 ] 9.9641e-01
 5.236e+01 3.5290e-03 3.5290e-03 [ 2.8716e-92 3.0051e-42 5.9733e-07 2.6629e-03 8.6549e-04 ] 9.9647e-01
 5.247e+01 3.4664e-03 3.4664e-03 [ 1.4801e-92 1.9318e-42 5.4582e-07 2.6104e-03 8.5542e-04 ] 9.9653e-01
 5.259e+01 3.4040e-03 3.4040e-03 [ 7.6252e-93 1.2407e-42 4.9843e-07 2.5582e-03 8.4529e-04 ] 9.9660e-01
 5.270e+01 3.3419e-03 3.3419e-03 [ 3.9265e-93 7.9608e-43 4.5486e-07 2.5064e-03 8.3511e-04 ] 9.9666e-01
 5.281e+01 3.2802e-03 3.2802e-03 [ 2.0210e-93 5.1034e-43 4.1482e-07 2.4549e-03 8.2487e-04 ] 9.9672e-01
 5.293e+01 3.2187e-03 3.2187e-03 [ 1.0397e-93 3.2685e-43 3.7806e-07 2.4038e-03 8.1459e-04 ] 9.9678e-01
 5.304e+01 3.1577e-03 3.1577e-03 [ 5.3467e-94 2.0914e-43 3.4432e-07 2.3531e-03 8.0425e-04 ] 9.9684e-01
 5.315e+01 3.0969e-03 3.0969e-03 [ 2.7482e-94 1.3370e-43 3.1339e-07 2.3027e-03 7.9386e-04 ] 9.9690e-01
 5.327e+01 3.0365e-03 3.0365e-03 [ 1.4119e-94 8.5395e-44 2.8505e-07 2.2528e-03 7.8342e-04 ] 9.9696e-01
 5.338e+01 2.9765e-03 2.9765e-03 [ 7.2503e-95 5.4491e-44 2.5910e-07 2.2033e-03 7.7294e-04 ] 9.9702e-01
 5.349e+01 2.9169e-03 2.9169e-03 [ 3.7214e-95 3.4740e-44 2.3535e-07 2.1543e-03 7.6242e-04 ] 9.9708e-01
 5.361e+01 2.8577e-03 2.8577e-03 [ 1.9093e-95 2.2127e-44 2.1364e-07 2.1056e-03 7.5185e-04 ] 9.9714e-01
 5.372e+01 2.7989e-03 2.7989e-03 [ 9.7911e-96 1.4081e-44 1.9380e-07 2.0575e-03 7.4124e-04 ] 9.9720e-01
 5.383e+01 2.7406e-03 2.7406e-03 [ 5.0187e-96 8.9523e-45 1.7568e-07 2.0098e-03 7.3060e-04 ] 9.9726e-01
 5.395e+01 2.6826e-03 2.6826e-03 [ 2.5713e-96 5.6865e-45 1.5915e-07 1.9626e-03 7.1992e-04 ] 9.9732e-01
 5.406e+01 2.6252e-03 2.6252e-03 [ 1.3168e-96 3.6088e-45 1.4408e-07 1.9158e-03 7.0921e-04 ] 9.9737e-01
 5.417e+01 2.5682e-03 2.5682e-03 [ 6.7405e-97 2.2882e-45 1.3035e-07 1.8696e-03 6.9848e-04 ] 9.9743e-01
 5.429e+01 2.5117e-03 2.5117e-03 [ 3.4488e-97 1.4495e-45 1.1784e-07 1.8239e-03 6.8771e-04 ] 9.9749e-01
 5.440e+01 2.4557e-03 2.4557e-03 [ 1.7638e-97 9.1738e-46 1.0646e-07 1.7787e-03 6.7693e-04 ] 9.9754e-01
 5.451e+01 2.4002e-03 2.4002e-03 [ 9.0163e-98 5.8009e-46 9.6118e-08 1.7340e-03 6.6613e-04 ] 9.9760e-01
 5.463e+01 2.3452e-03 2.3452e-03 [ 4.6069e-98 3.6648e-46 8.6719e-08 1.6898e-03 6.5531e-04 ] 9.9765e-01
 5.474e+01 2.2908e-03 2.2908e-03 [ 2.3529e-98 2.3132e-46 7.8185e-08 1.6463e-03 6.4448e-04 ] 9.9771e-01
 5.485e+01 2.2369e-03 2.2369e-03 [ 1.2012e-98 1.4588e-46 7.0442e-08 1.6032e-03 6.3364e-04 ] 9.9776e-01
 5.497e+01 2.1836e-03 2.1836e-03 [ 6.1293e-99 9.1913e-47 6.3422e-08 1.5608e-03 6.2280e-04 ] 9.9782e-01
 5.508e+01 2.1309e-03 2.1309e-03 [ 3.1262e-99 5.7859e-47 5.7063e-08 1.5189e-03 6.1196e-04 ] 9.9787e-01
 5.519e+01 2.0788e-03 2.0788e-03 [ 1.5938e-99 3.6390e-47 5.1305e-08 1.4776e-03 6.0112e-04 ] 9.9792e-01
 5.531e+01 2.0273e-03 2.0273e-03 [ 8.1220e-100 2.2867e-47 4.6097e-08 1.4369e-03 5.9029e-04 ] 9.9797e-01
 5.542e+01 1.9764e-03 1.9764e-03 [ 4.1371e-100 1.4356e-47 4.1388e-08 1.3968e-03 5.7948e-04 ] 9.9802e-01
 5.553e+01 1.9261e-03 1.9261e-03 [ 2.1064e-100 9.0054e-48 3.7135e-08 1.3574e-03 5.6868e-04 ] 9.9807e-01
 5.565e+01 1.8764e-03 1.8764e-03 [ 1.0720e-100 5.6438e-48 3.3295e-08 1.3185e-03 5.5790e-04 ] 9.9812e-01
 5.576e+01 1.8274e-03 1.8274e-03 [ 5.4531e-101 3.5340e-48 2.9832e-08 1.2803e-03 5.4714e-04 ] 9.9817e-01
 5.587e+01 1.7791e-03 1.7791e-03 [ 2.7728e-101 2.2109e-48 2.6710e-08 1.2427e-03 5.3642e-04 ] 9.9822e-01
 5.599e+01 1.7315e-03 1.7315e-03 [ 1.4093e-101 1.3819e-48 2.3898e-08 1.2057e-03 5.2573e-04 ] 9.9827e-01
 5.610e+01 1.6845e-03 1.6845e-03 [ 7.1595e-102 8.6305e-49 2.1367e-08 1.1694e-03 5.1507e-04 ] 9.9832e-01
 5.621e+01 1.6382e-03 1.6382e-03 [ 3.6357e-102 5.3852e-49 1.9091e-08 1.1337e-03 5.0447e-04 ] 9.9836e-01
 5.633e+01 1.5926e-03 1.5926e-03 [ 1.8454e-102 3.3573e-49 1.7046e-08 1.0987e-03 4.9391e-04 ] 9.9841e-01
 5.644e+01 1.5478e-03 1.5478e-03 [ 9.3631e-103 2.0912e-49 1.5208e-08 1.0643e-03 4.8340e-04 ] 9.9845e-01
 5.655e+01 1.5036e-03 1.5036e-03 [ 4.7485e-103 1.3015e-49 1.3560e-08 1.0306e-03 4.7295e-04 ] 9.9850e-01
 5.667e+01 1.4602e-03 1.4602e-03 [ 2.4072e-103 8.0926e-50 1.2081e-08 9.9760e-04 4.6255e-04 ] 9.9854e-01
 5.678e+01 1.4175e-03 1.4175e-03 [ 1.2198e-103 5.0277e-50 1.0756e-08 9.6523e-04 4.5223e-04 ] 9.9858e-01
 5.689e+01 1.3755e-03 1.3755e-03 [ 6.1780e-104 3.1209e-50 9.5700e-09 9.3352e-04 4.4198e-04 ] 9.9862e-01
 5.701e+01 1.3343e-03 1.3343e-03 [ 3.1278e-104 1.9356e-50 8.5085e-09 9.0248e-04 4.3180e-04 ] 9.9867e-01
 5.712e+01 1.2938e-03 1.2938e-03 [ 1.5829e-104 1.1994e-50 7.5594e-09 8.7212e-04 4.2170e-04 ] 9.9871e-01
 5.723e+01 1.2541e-03 1.2541e-03 [ 8.0071e-105 7.4262e-51 6.7114e-09 8.4242e-04 4.1168e-04 ] 9.9875e-01
 5.735e+01 1.2151e-03 1.2151e-03 [ 4.0487e-105 4.5940e-51 5.9544e-09 8.1339e-04 4.0175e-04 ] 9.9878e-01
 5.746e+01 1.1769e-03 1.1769e-03 [ 2.0463e-105 2.8395e-51 5.2790e-09 7.8503e-04 3.9191e-04 ] 9.9882e-01
 5.757e+01 1.1395e-03 1.1395e-03 [ 1.0338e-105 1.7536e-51 4.6769e-09 7.5734e-04 3.8217e-04 ] 9.9886e-01
 5.769e+01 1.1028e-03 1.1028e-03 [ 5.2207e-106 1.0821e-51 4.1405e-09 7.3031e-04 3.7253e-04 ] 9.9890e-01
 5.780e+01 1.0669e-03 1.0669e-03 [ 2.6354e-106 6.6712e-52 3.6631e-09 7.0394e-04 3.6299e-04 ] 9.9893e-01
 5.791e+01 1.0318e-03 1.0318e-03 [ 1.3297e-106 4.1096e-52 3.2384e-09 6.7824e-04 3.5356e-04 ] 9.9897e-01
 5.803e+01 9.9743e-04 9.9743e-04 [ 6.7068e-107 2.5294e-52 2.8610e-09 6.5319e-04 3.4424e-04 ] 9.9900e-01
 5.814e+01 9.6383e-04 9.6383e-04 [ 3.3813e-107 1.5556e-52 2.5257e-09 6.2879e-04 3.3504e-04 ] 9.9904e-01
 5.825e+01 9.3099e-04 9.3099e-04 [ 1.7040e-107 9.5585e-53 2.2282e-09 6.0504e-04 3.2595e-04 ] 9.9907e-01
 5.837e+01 8.9891e-04 8.9891e-04 [ 8.5838e-108 5.8686e-53 1.9643e-09 5.8193e-04 3.1698e-04 ] 9.9910e-01
 5.848e+01 8.6760e-04 8.6760e-04 [ 4.3222e-108 3.6001e-53 1.7305e-09 5.5946e-04 3.0814e-04 ] 9.9913e-01
 5.859e+01 8.3704e-04 8.3704e-04 [ 2.1755e-108 2.2067e-53 1.5234e-09 5.3762e-04 2.9942e-04 ] 9.9916e-01
 5.871e+01 8.0724e-04 8.0724e-04 [ 1.0945e-108 1.3515e-53 1.3402e-09 5.1640e-04 2.9084e-04 ] 9.9919e-01
 5.882e+01 7.7819e-04 7.7819e-04 [ 5.5046e-109 8.2704e-54 1.1781e-09 4.9581e-04 2.8238e-04 ] 9.9922e-01
 5.893e+01 7.4989e-04 7.4989e-04 [ 2.7673e-109 5.0569e-54 1.0350e-09 4.7582e-04 2.7407e-04 ] 9.9925e-01
 5.905e+01 7.2232e-04 7.2232e-04 [ 1.3906e-109 3.0895e-54 9.0856e-10 4.5643e-04 2.6588e-04 ] 9.9928e-01
 5.916e+01 6.9549e-04 6.9549e-04 [ 6.9850e-110 1.8860e-54 7.9703e-10 4.3764e-04 2.5784e-04 ] 9.9930e-01
 5.927e+01 6.6938e-04 6.6938e-04 [ 3.5072e-110 1.1504e-54 6.9870e-10 4.1944e-04 2.4994e-04 ] 9.9933e-01
 5.939e+01 6.4400e-04 6.4400e-04 [ 1.7603e-110 7.0114e-55 6.1207e-10 4.0182e-04 2.4218e-04 ] 9.9936e-01
 5.950e+01 6.1933e-04 6.1933e-04 [ 8.8315e-111 4.2698e-55 5.3581e-10 3.8476e-04 2.3457e-04 ] 9.9938e-01
 5.961e+01 5.9536e-04 5.9536e-04 [ 4.4290e-111 2.5982e-55 4.6873e-10 3.6826e-04 2.2710e-04 ] 9.9940e-01
 5.973e+01 5.7209e-04 5.7209e-04 [ 2.2203e-111 1.5797e-55 4.0976e-10 3.5231e-04 2.1978e-04 ] 9.9943e-01
 5.984e+01 5.4951e-04 5.4951e-04 [ 1.1126e-111 9.5973e-56 3.5795e-10 3.3690e-04 2.1260e-04 ] 9.9945e-01
 5.995e+01 5.2760e-04 5.2760e-04 [ 5.5733e-112 5.8261e-56 3.1248e-10 3.2202e-04 2.0558e-04 ] 9.9947e-01
 6.007e+01 5.0637e-04 5.0637e-04 [ 2.7906e-112 3.5339e-56 2.7260e-10 3.0766e-04 1.9870e-04 ] 9.9949e-01
 6.018e+01 4.8579e-04 4.8579e-04 [ 1.3968e-112 2.1419e-56 2.3764e-10 2.9381e-04 1.9198e-04 ] 9.9951e-01
 6.029e+01 4.6586e-04 4.6586e-04 [ 6.9884e-113 1.2972e-56 2.0703e-10 2.8046e-04 1.8540e-04 ] 9.9953e-01
 6.041e+01 4.4657e-04 4.4657e-04 [ 3.4951e-113 7.8501e-57 1.8023e-10 2.6759e-04 1.7898e-04 ] 9.9955e-01
 6.052e+01 4.2790e-04 4.2790e-04 [ 1.7474e-113 4.7468e-57 1.5679e-10 2.5520e-04 1.7271e-04 ] 9.9957e-01
 6.063e+01 4.0985e-04 4.0985e-04 [ 8.7324e-114 2.8681e-57 1.3631e-10 2.4327e-04 1.6658e-04 ] 9.9959e-01
 6.075e+01 3.9241e-04 3.9241e-04 [ 4.3623e-114 1.7316e-57 1.1842e-10 2.3180e-04 1.6061e-04 ] 9.9961e-01
 6.086e+01 3.7555e-04 3.7555e-04 [ 2.1784e-114 1.0447e-57 1.0281e-10 2.2077e-04 1.5478e-04 ] 9.9962e-01
 6.097e+01 3.5928e-04 3.5928e-04 [ 1.0874e-114 6.2977e-58 8.9200e-11 2.1017e-04 1.4911e-04 ] 9.9964e-01
 6.109e+01 3.4357e-04 3.4357e-04 [ 5.4260e-115 3.7936e-58 7.7336e-11 1.9999e-04 1.4358e-04 ] 9.9966e-01
 6.120e+01 3.2842e-04 3.2842e-04 [ 2.7065e-115 2.2834e-58 6.7005e-11 1.9022e-04 1.3820e-04 ] 9.9967e-01
 6.131e+01 3.1381e-04 3.1381e-04 [ 1.3495e-115 1.3734e-58 5.8015e-11 1.8085e-04 1.3297e-04 ] 9.9969e-01
 6.143e+01 2.9974e-04 2.9974e-04 [ 6.7263e-116 8.2544e-59 5.0197e-11 1.7186e-04 1.2788e-04 ] 9.9970e-01
 6.154e+01 2.8618e-04 2.8618e-04 [ 3.3513e-116 4.9573e-59 4.3404e-11 1.6325e-04 1.2293e-04 ] 9.9971e-01
 6.165e+01 2.7312e-04 2.7312e-04 [ 1.6692e-116 2.9750e-59 3.7505e-11 1.5500e-04 1.1813e-04 ] 9.9973e-01
 6.177e+01 2.6056e-04 2.6056e-04 [ 8.3104e-117 1.7840e-59 3.2386e-11 1.4710e-04 1.1346e-04 ] 9.9974e-01
 6.188e+01 2.4848e-04 2.4848e-04 [ 4.1360e-117 1.0691e-59 2.7947e-11 1.3954e-04 1.0894e-04 ] 9.9975e-01
 6.199e+01 2.3686e-04 2.3686e-04 [ 2.0577e-117 6.4014e-60 2.4100e-11 1.3232e-04 1.0455e-04 ] 9.9976e-01
 6.211e+01 2.2571e-04 2.2571e-04 [ 1.0234e-117 3.8304e-60 2.0769e-11 1.2541e-04 1.0030e-04 ] 9.9977e-01
 6.222e+01 2.1499e-04 2.1499e-04 [ 5.0877e-118 2.2903e-60 1.7887e-11 1.1881e-04 9.6177e-05 ] 9.9979e-01
 6.233e+01 2.0470e-04 2.0470e-04 [ 2.5284e-118 1.3684e-60 1.5395e-11 1.1251e-04 9.2188e-05 ] 9.9980e-01
 6.245e+01 1.9483e-04 1.9483e-04 [ 1.2561e-118 8.1702e-61 1.3241e-11 1.0650e-04 8.8328e-05 ] 9.9981e-01
 6.256e+01 1.8536e-04 1.8536e-04 [ 6.2381e-119 4.8746e-61 1.1381e-11 1.0077e-04 8.4594e-05 ] 9.9981e-01
 6.267e+01 1.7629e-04 1.7629e-04 [ 3.0968e-119 2.9063e-61 9.7761e-12 9.5302e-05 8.0985e-05 ] 9.9982e-01
 6.279e+01 1.6759e-04 1.6759e-04 [ 1.5369e-119 1.7315e-61 8.3920e-12 9.0094e-05 7.7498e-05 ] 9.9983e-01
 6.290e+01 1.5927e-04 1.5927e-04 [ 7.6242e-120 1.0309e-61 7.1993e-12 8.5135e-05 7.4131e-05 ] 9.9984e-01
 6.301e+01 1.5130e-04 1.5130e-04 [ 3.7810e-120 6.1332e-62 6.1721e-12 8.0415e-05 7.0882e-05 ] 9.9985e-01
 6.313e+01 1.4367e-04 1.4367e-04 [ 1.8744e-120 3.6464e-62 5.2881e-12 7.5924e-05 6.7746e-05 ] 9.9986e-01
 6.324e+01 1.3638e-04 1.3638e-04 [ 9.2892e-121 2.1664e-62 4.5278e-12 7.1654e-05 6.4724e-05 ] 9.9986e-01
 6.335e+01 1.2941e-04 1.2941e-04 [ 4.6019e-121 1.2862e-62 3.8743e-12 6.7596e-05 6.1811e-05 ] 9.9987e-01
 6.347e+01 1.2275e-04 1.2275e-04 [ 2.2790e-121 7.6308e-63 3.3131e-12 6.3741e-05 5.9005e-05 ] 9.9988e-01
 6.358e+01 1.1639e-04 1.1639e-04 [ 1.1283e-121 4.5242e-63 2.8314e-12 6.0082e-05 5.6304e-05 ] 9.9988e-01
 6.369e+01 1.1031e-04 1.1031e-04 [ 5.5838e-122 2.6805e-63 2.4182e-12 5.6609e-05 5.3705e-05 ] 9.9989e-01
 6.381e+01 1.0452e-04 1.0452e-04 [ 2.7625e-122 1.5871e-63 2.0640e-12 5.3315e-05 5.1205e-05 ] 9.9990e-01
 6.392e+01 9.8994e-05 9.8994e-05 [ 1.3663e-122 9.3904e-64 1.7606e-12 5.0192e-05 4.8802e-05 ] 9.9990e-01
 6.403e+01 9.3726e-05 9.3726e-05 [ 6.7548e-123 5.5524e-64 1.5009e-12 4.7233e-05 4.6493e-05 ] 9.9991e-01
 6.415e+01 8.8706e-05 8.8706e-05 [ 3.3385e-123 3.2808e-64 1.2787e-12 4.4430e-05 4.4276e-05 ] 9.9991e-01
 6.426e+01 8.3924e-05 8.3924e-05 [ 1.6495e-123 1.9373e-64 1.0887e-12 4.1777e-05 4.2148e-05 ] 9.9992e-01
 6.437e+01 7.9372e-05 7.9372e-05 [ 8.1470e-124 1.1432e-64 9.2637e-13 3.9266e-05 4.0106e-05 ] 9.9992e-01
 6.449e+01 7.5040e-05 7.5040e-05 [ 4.0226e-124 6.7417e-65 7.8778e-13 3.6892e-05 3.8148e-05 ] 9.9992e-01
 6.460e+01 7.0919e-05 7.0919e-05 [ 1.9855e-124 3.9731e-65 6.6951e-13 3.4648e-05 3.6272e-05 ] 9.9993e-01
 6.471e+01 6.7001e-05 6.7001e-05 [ 9.7974e-125 2.3399e-65 5.6866e-13 3.2527e-05 3.4474e-05 ] 9.9993e-01
 6.483e+01 6.3277e-05 6.3277e-05 [ 4.8329e-125 1.3772e-65 4.8271e-13 3.0524e-05 3.2753e-05 ] 9.9994e-01
 6.494e+01 5.9738e-05 5.9738e-05 [ 2.3832e-125 8.1003e-66 4.0951e-13 2.8633e-05 3.1105e-05 ] 9.9994e-01
 6.505e+01 5.6378e-05 5.6378e-05 [ 1.1748e-125 4.7614e-66 3.4720e-13 2.6849e-05 2.9529e-05 ] 9.9994e-01
 6.517e+01 5.3189e-05 5.3189e-05 [ 5.7897e-126 2.7970e-66 2.9420e-13 2.5167e-05 2.8022e-05 ] 9.9995e-01
 6.528e+01 5.0162e-05 5.0162e-05 [ 2.8524e-126 1.6420e-66 2.4914e-13 2.3581e-05 2.6582e-05 ] 9.9995e-01
 6.539e+01 4.7292e-05 4.7292e-05 [ 1.4048e-126 9.6334e-67 2.1086e-13 2.2086e-05 2.5206e-05 ] 9.9995e-01
 6.551e+01 4.4570e-05 4.4570e-05 [ 6.9166e-127 5.6482e-67 1.7836e-13 2.0679e-05 2.3892e-05 ] 9.9996e-01
 6.562e+01 4.1991e-05 4.1991e-05 [ 3.4044e-127 3.3096e-67 1.5078e-13 1.9353e-05 2.2638e-05 ] 9.9996e-01
 6.573e+01 3.9548e-05 3.9548e-05 [ 1.6751e-127 1.9381e-67 1.2739e-13 1.8106e-05 2.1442e-05 ] 9.9996e-01
 6.585e+01 3.7234e-05 3.7234e-05 [ 8.2400e-128 1.1342e-67 1.0757e-13 1.6933e-05 2.0301e-05 ] 9.9996e-01
 6.596e+01 3.5044e-05 3.5044e-05 [ 4.0521e-128 6.6336e-68 9.0776e-14 1.5830e-05 1.9214e-05 ] 9.9996e-01
 6.607e+01 3.2971e-05 3.2971e-05 [ 1.9921e-128 3.8774e-68 7.6564e-14 1.4794e-05 1.8178e-05 ] 9.9997e-01
 6.619e+01 3.1011e-05 3.1011e-05 [ 9.7902e-129 2.2650e-68 6.4540e-14 1.3820e-05 1.7191e-05 ] 9.9997e-01
 6.630e+01 2.9158e-05 2.9158e-05 [ 4.8101e-129 1.3223e-68 5.4374e-14 1.2905e-05 1.6253e-05 ] 9.9997e-01
 6.641e+01 2.7406e-05 2.7406e-05 [ 2.3626e-129 7.7150e-69 4.5783e-14 1.2047e-05 1.5359e-05 ] 9.9997e-01
 6.653e+01 2.5752e-05 2.5752e-05 [ 1.1601e-129 4.4987e-69 3.8528e-14 1.1242e-05 1.4510e-05 ] 9.9997e-01
 6.664e+01 2.4189e-05 2.4189e-05 [ 5.6949e-130 2.6216e-69 3.2405e-14 1.0487e-05 1.3702e-05 ] 9.9998e-01
 6.675e+01 2.2714e-05 2.2714e-05 [ 2.7948e-130 1.5269e-69 2.7240e-14 9.7789e-06 1.2935e-05 ] 9.9998e-01
 6.687e+01 2.1322e-05 2.1322e-05 [ 1.3711e-130 8.8874e-70 2.2886e-14 9.1156e-06 1.2206e-05 ] 9.9998e-01
 6.698e+01 2.0008e-05 2.0008e-05 [ 6.7251e-131 5.1701e-70 1.9217e-14 8.4942e-06 1.1514e-05 ] 9.9998e-01
 6.709e+01 1.8770e-05 1.8770e-05 [ 3.2975e-131 3.0058e-70 1.6128e-14 7.9124e-06 1.0857e-05 ] 9.9998e-01
 6.721e+01 1.7603e-05 1.7603e-05 [ 1.6164e-131 1.7466e-70 1.3528e-14 7.3679e-06 1.0235e-05 ] 9.9998e-01
 6.732e+01 1.6503e-05 1.6503e-05 [ 7.9215e-132 1.0143e-70 1.1341e-14 6.8585e-06 9.6440e-06 ] 9.9998e-01
 6.743e+01 1.5466e-05 1.5466e-05 [ 3.8810e-132 5.8867e-71 9.5022e-15 6.3821e-06 9.0843e-06 ] 9.9998e-01
 6.755e+01 1.4491e-05 1.4491e-05 [ 1.9009e-132 3.4146e-71 7.9575e-15 5.9368e-06 8.5540e-06 ] 9.9999e-01
 6.766e+01 1.3573e-05 1.3573e-05 [ 9.3077e-133 1.9796e-71 6.6604e-15 5.5207e-06 8.0518e-06 ] 9.9999e-01
 6.777e+01 1.2708e-05 1.2708e-05 [ 4.5564e-133 1.1470e-71 5.5718e-15 5.1319e-06 7.5765e-06 ] 9.9999e-01
 6.789e+01 1.1896e-05 1.1896e-05 [ 2.2299e-133 6.6419e-72 4.6587e-15 4.7690e-06 7.1267e-06 ] 9.9999e-01
 6.800e+01 1.1131e-05 1.1131e-05 [ 1.0910e-133 3.8441e-72 3.8932e-15 4.4302e-06 6.7012e-06 ] 9.9999e-01
 6.811e+01 1.0413e-05 1.0413e-05 [ 5.3364e-134 2.2236e-72 3.2518e-15 4.1141e-06 6.2990e-06 ] 9.9999e-01
 6.823e+01 9.7382e-06 9.7382e-06 [ 2.6096e-134 1.2855e-72 2.7147e-15 3.8193e-06 5.9189e-06 ] 9.9999e-01
 6.834e+01 9.1042e-06 9.1042e-06 [ 1.2758e-134 7.4277e-73 2.2651e-15 3.5445e-06 5.5598e-06 ] 9.9999e-01
 6.845e+01 8.5090e-06 8.5090e-06 [ 6.2353e-135 4.2895e-73 1.8890e-15 3.2883e-06 5.2206e-06 ] 9.9999e-01
 6.857e+01 7.9502e-06 7.9502e-06 [ 3.0467e-135 2.4758e-73 1.5746e-15 3.0497e-06 4.9005e-06 ] 9.9999e-01
 6.868e+01 7.4259e-06 7.4259e-06 [ 1.4883e-135 1.4282e-73 1.3118e-15 2.8274e-06 4.5985e-06 ] 9.9999e-01
 6.879e+01 6.9341e-06 6.9341e-06 [ 7.2688e-136 8.2347e-74 1.0923e-15 2.6205e-06 4.3136e-06 ] 9.9999e-01
 6.891e+01 6.4729e-06 6.4729e-06 [ 3.5490e-136 4.7453e-74 9.0915e-16 2.4280e-06 4.0449e-06 ] 9.9999e-01
 6.902e+01 6.0407e-06 6.0407e-06 [ 1.7324e-136 2.7331e-74 7.5629e-16 2.2489e-06 3.7918e-06 ] 9.9999e-01
 6.913e+01 5.6356e-06 5.6356e-06 [ 8.4544e-137 1.5733e-74 6.2883e-16 2.0823e-06 3.5533e-06 ] 9.9999e-01
 6.925e+01 5.2561e-06 5.2561e-06 [ 4.1249e-137 9.0520e-75 5.2259e-16 1.9275e-06 3.3286e-06 ] 9.9999e-01
 6.936e+01 4.9007e-06 4.9007e-06 [ 2.0120e-137 5.2054e-75 4.3409e-16 1.7836e-06 3.1172e-06 ] 1.0000e+00
 6.947e+01 4.5681e-06 4.5681e-06 [ 9.8117e-138 2.9918e-75 3.6040e-16 1.6499e-06 2.9182e-06 ] 1.0000e+00
 6.959e+01 4.2567e-06 4.2567e-06 [ 4.7836e-138 1.7187e-75 2.9907e-16 1.5258e-06 2.7310e-06 ] 1.0000e+00
 6.970e+01 3.9655e-06 3.9655e-06 [ 2.3317e-138 9.8682e-76 2.4806e-16 1.4105e-06 2.5549e-06 ] 1.0000e+00
 6.981e+01 3.6931e-06 3.6931e-06 [ 1.1362e-138 5.6632e-76 2.0565e-16 1.3036e-06 2.3895e-06 ] 1.0000e+00
 6.993e+01 3.4384e-06 3.4384e-06 [ 5.5357e-139 3.2483e-76 1.7041e-16 1.2044e-06 2.2340e-06 ] 1.0000e+00
 7.004e+01 3.2004e-06 3.2004e-06 [ 2.6963e-139 1.8623e-76 1.4114e-16 1.1124e-06 2.0879e-06 ] 1.0000e+00
 7.015e+01 2.9779e-06 2.9779e-06 [ 1.3130e-139 1.0671e-76 1.1685e-16 1.0271e-06 1.9508e-06 ] 1.0000e+00
 7.027e+01 2.7702e-06 2.7702e-06 [ 6.3925e-140 6.1116e-77 9.6686e-17 9.4810e-07 1.8221e-06 ] 1.0000e+00
 7.038e+01 2.5762e-06 2.5762e-06 [ 3.1115e-140 3.4986e-77 7.9966e-17 8.7488e-07 1.7013e-06 ] 1.0000e+00
 7.049e+01 2.3951e-06 2.3951e-06 [ 1.5142e-140 2.0018e-77 6.6108e-17 8.0707e-07 1.5881e-06 ] 1.0000e+00
 7.061e+01 2.2262e-06 2.2262e-06 [ 7.3668e-141 1.1448e-77 5.4625e-17 7.4429e-07 1.4819e-06 ] 1.0000e+00
 7.072e+01 2.0685e-06 2.0685e-06 [ 3.5833e-141 6.5437e-78 4.5116e-17 6.8619e-07 1.3823e-06 ] 1.0000e+00
 7.083e+01 1.9215e-06 1.9215e-06 [ 1.7426e-141 3.7387e-78 3.7246e-17 6.3244e-07 1.2891e-06 ] 1.0000e+00
 7.095e+01 1.7844e-06 1.7844e-06 [ 8.4726e-142 2.1350e-78 3.0734e-17 5.8272e-07 1.2017e-06 ] 1.0000e+00
 7.106e+01 1.6567e-06 1.6567e-06 [ 4.1185e-142 1.2186e-78 2.5349e-17 5.3675e-07 1.1199e-06 ] 1.0000e+00
 7.117e+01 1.5376e-06 1.5376e-06 [ 2.0016e-142 6.9525e-79 2.0898e-17 4.9426e-07 1.0434e-06 ] 1.0000e+00
 7.129e+01 1.4268e-06 1.4268e-06 [ 9.7253e-143 3.9647e-79 1.7221e-17 4.5500e-07 9.7175e-07 ] 1.0000e+00
 7.140e+01 1.3235e-06 1.3235e-06 [ 4.7244e-143 2.2598e-79 1.4185e-17 4.1874e-07 9.0476e-07 ] 1.0000e+00
 7.151e+01 1.2274e-06 1.2274e-06 [ 2.2945e-143 1.2874e-79 1.1678e-17 3.8525e-07 8.4213e-07 ] 1.0000e+00
 7.163e+01 1.1379e-06 1.1379e-06 [ 1.1142e-143 7.3313e-80 9.6106e-18 3.5434e-07 7.8360e-07 ] 1.0000e+00
 7.174e+01 1.0547e-06 1.0547e-06 [ 5.4091e-144 4.1729e-80 7.9054e-18 3.2582e-07 7.2891e-07 ] 1.0000e+00
 7.185e+01 9.7732e-07 9.7732e-07 [ 2.6254e-144 2.3741e-80 6.4999e-18 2.9950e-07 6.7782e-07 ] 1.0000e+00
 7.197e+01 9.0535e-07 9.0535e-07 [ 1.2741e-144 1.3500e-80 5.3420e-18 2.7523e-07 6.3013e-07 ] 1.0000e+00
 7.208e+01 8.3846e-07 8.3846e-07 [ 6.1815e-145 7.6738e-81 4.3884e-18 2.5285e-07 5.8561e-07 ] 1.0000e+00
 7.219e+01 7.7630e-07 7.7630e-07 [ 2.9985e-145 4.3599e-81 3.6034e-18 2.3223e-07 5.4407e-07 ] 1.0000e+00
 7.231e+01 7.1855e-07 7.1855e-07 [ 1.4542e-145 2.4760e-81 2.9576e-18 2.1323e-07 5.0532e-07 ] 1.0000e+00
 7.242e+01 6.6492e-07 6.6492e-07 [ 7.0513e-146 1.4055e-81 2.4265e-18 1.9572e-07 4.6919e-07 ] 1.0000e+00
 7.253e+01 6.1512e-07 6.1512e-07 [ 3.4184e-146 7.9744e-82 1.9899e-18 1.7961e-07 4.3551e-07 ] 1.0000e+00
 7.265e+01 5.6890e-07 5.6890e-07 [ 1.6569e-146 4.5226e-82 1.6311e-18 1.6477e-07 4.0413e-07 ] 1.0000e+00
 7.276e+01 5.2602e-07 5.2602e-07 [ 8.0292e-147 2.5638e-82 1.3365e-18 1.5112e-07 3.7490e-07 ] 1.0000e+00
 7.287e+01 4.8623e-07 4.8623e-07 [ 3.8902e-147 1.4528e-82 1.0946e-18 1.3855e-07 3.4768e-07 ] 1.0000e+00
 7.299e+01 4.4934e-07 4.4934e-07 [ 1.8845e-147 8.2284e-83 8.9612e-19 1.2700e-07 3.2234e-07 ] 1.0000e+00
 7.310e+01 4.1514e-07 4.1514e-07 [ 9.1268e-148 4.6585e-83 7.3331e-19 1.1638e-07 2.9876e-07 ] 1.0000e+00
 7.321e+01 3.8343e-07 3.8343e-07 [ 4.4194e-148 2.6363e-83 5.9983e-19 1.0662e-07 2.7682e-07 ] 1.0000e+00
 7.333e+01 3.5406e-07 3.5406e-07 [ 2.1396e-148 1.4913e-83 4.9045e-19 9.7645e-08 2.5641e-07 ] 1.0000e+00
 7.344e+01 3.2685e-07 3.2685e-07 [ 1.0357e-148 8.4319e-84 4.0084e-19 8.9404e-08 2.3744e-07 ] 1.0000e+00
 7.355e+01 3.0165e-07 3.0165e-07 [ 5.0122e-149 4.7656e-84 3.2747e-19 8.1836e-08 2.1981e-07 ] 1.0000e+00
 7.367e+01 2.7832e-07 2.7832e-07 [ 2.4253e-149 2.6923e-84 2.6741e-19 7.4887e-08 2.0343e-07 ] 1.0000e+00
 7.378e+01 2.5673e-07 2.5673e-07 [ 1.1733e-149 1.5204e-84 2.1828e-19 6.8510e-08 1.8822e-07 ] 1.0000e+00
 7.389e+01 2.3675e-07 2.3675e-07 [ 5.6751e-150 8.5820e-85 1.7811e-19 6.2659e-08 1.7409e-07 ] 1.0000e+00
 7.401e+01 2.1827e-07 2.1827e-07 [ 2.7445e-150 4.8423e-85 1.4527e-19 5.7292e-08 1.6097e-07 ] 1.0000e+00
 7.412e+01 2.0118e-07 2.0118e-07 [ 1.3270e-150 2.7311e-85 1.1843e-19 5.2370e-08 1.4881e-07 ] 1.0000e+00
 7.423e+01 1.8538e-07 1.8538e-07 [ 6.4152e-151 1.5397e-85 9.6515e-20 4.7858e-08 1.3752e-07 ] 1.0000e+00
 7.435e+01 1.7077e-07 1.7077e-07 [ 3.1008e-151 8.6769e-86 7.8622e-20 4.3723e-08 1.2705e-07 ] 1.0000e+00
 7.446e+01 1.5728e-07 1.5728e-07 [ 1.4985e-151 4.8878e-86 6.4021e-20 3.9934e-08 1.1734e-07 ] 1.0000e+00
 7.457e+01 1.4481e-07 1.4481e-07 [ 7.2403e-152 2.7522e-86 5.2110e-20 3.6464e-08 1.0835e-07 ] 1.0000e+00
 7.469e+01 1.3330e-07 1.3330e-07 [ 3.4978e-152 1.5491e-86 4.2398e-20 3.3287e-08 1.0001e-07 ] 1.0000e+00
 7.480e+01 1.2267e-07 1.2267e-07 [ 1.6895e-152 8.7158e-87 3.4482e-20 3.0378e-08 9.2295e-08 ] 1.0000e+00
 7.491e+01 1.1286e-07 1.1286e-07 [ 8.1589e-153 4.9018e-87 2.8033e-20 2.7716e-08 8.5148e-08 ] 1.0000e+00
 7.503e+01 1.0381e-07 1.0381e-07 [ 3.9395e-153 2.7557e-87 2.2781e-20 2.5280e-08 7.8531e-08 ] 1.0000e+00
 7.514e+01 9.5461e-08 9.5461e-08 [ 1.9019e-153 1.5486e-87 1.8506e-20 2.3052e-08 7.2409e-08 ] 1.0000e+00
 7.525e+01 8.7761e-08 8.7761e-08 [ 9.1800e-154 8.6992e-88 1.5027e-20 2.1015e-08 6.6745e-08 ] 1.0000e+00
 7.537e+01 8.0661e-08 8.0661e-08 [ 4.4303e-154 4.8847e-88 1.2197e-20 1.9153e-08 6.1507e-08 ] 1.0000e+00
 7.548e+01 7.4116e-08 7.4116e-08 [ 2.1377e-154 2.7418e-88 9.8964e-21 1.7452e-08 5.6664e-08 ] 1.0000e+00
 7.559e+01 6.8085e-08 6.8085e-08 [ 1.0313e-154 1.5384e-88 8.0264e-21 1.5897e-08 5.2188e-08 ] 1.0000e+00
 7.571e+01 6.2529e-08 6.2529e-08 [ 4.9748e-155 8.6282e-89 6.5073e-21 1.4477e-08 4.8053e-08 ] 1.0000e+00
 7.582e+01 5.7412e-08 5.7412e-08 [ 2.3993e-155 4.8374e-89 5.2736e-21 1.3180e-08 4.4232e-08 ] 1.0000e+00
 7.593e+01 5.2701e-08 5.2701e-08 [ 1.1570e-155 2.7110e-89 4.2721e-21 1.1997e-08 4.0704e-08 ] 1.0000e+00
 7.605e+01 4.8364e-08 4.8364e-08 [ 5.5781e-156 1.5188e-89 3.4595e-21 1.0916e-08 3.7448e-08 ] 1.0000e+00
 7.616e+01 4.4373e-08 4.4373e-08 [ 2.6890e-156 8.5052e-90 2.8004e-21 9.9308e-09 3.4442e-08 ] 1.0000e+00
 7.627e+01 4.0701e-08 4.0701e-08 [ 1.2960e-156 4.7612e-90 2.2659e-21 9.0319e-09 3.1669e-08 ] 1.0000e+00
 7.639e+01 3.7323e-08 3.7323e-08 [ 6.2456e-157 2.6643e-90 1.8328e-21 8.2122e-09 2.9111e-08 ] 1.0000e+00
 7.650e+01 3.4217e-08 3.4217e-08 [ 3.0093e-157 1.4903e-90 1.4819e-21 7.4649e-09 2.6752e-08 ] 1.0000e+00
 7.661e+01 3.1362e-08 3.1362e-08 [ 1.4497e-157 8.3334e-91 1.1977e-21 6.7839e-09 2.4578e-08 ] 1.0000e+00
 7.673e+01 2.8738e-08 2.8738e-08 [ 6.9831e-158 4.6580e-91 9.6764e-22 6.1634e-09 2.2575e-08 ] 1.0000e+00
 7.684e+01 2.6327e-08 2.6327e-08 [ 3.3631e-158 2.6027e-91 7.8147e-22 5.5982e-09 2.0729e-08 ] 1.0000e+00
 7.695e+01 2.4112e-08 2.4112e-08 [ 1.6194e-158 1.4537e-91 6.3088e-22 5.0835e-09 1.9029e-08 ] 1.0000e+00
 7.707e+01 2.2078e-08 2.2078e-08 [ 7.7969e-159 8.1166e-92 5.0912e-22 4.6150e-09 1.7463e-08 ] 1.0000e+00
 7.718e+01 2.0211e-08 2.0211e-08 [ 3.7533e-159 4.5301e-92 4.1070e-22 4.1886e-09 1.6022e-08 ] 1.0000e+00
 7.729e+01 1.8497e-08 1.8497e-08 [ 1.8065e-159 2.5275e-92 3.3118e-22 3.8006e-09 1.4697e-08 ] 1.0000e+00
 7.741e+01 1.6924e-08 1.6924e-08 [ 8.6936e-160 1.4097e-92 2.6696e-22 3.4476e-09 1.3477e-08 ] 1.0000e+00
 7.752e+01 1.5481e-08 1.5481e-08 [ 4.1830e-160 7.8592e-93 2.1511e-22 3.1267e-09 1.2355e-08 ] 1.0000e+00
 7.763e+01 1.4158e-08 1.4158e-08 [ 2.0124e-160 4.3801e-93 1.7326e-22 2.8348e-09 1.1323e-08 ] 1.0000e+00
 7.775e+01 1.2945e-08 1.2945e-08 [ 9.6803e-161 2.4403e-93 1.3950e-22 2.5696e-09 1.0375e-08 ] 1.0000e+00
 7.786e+01 1.1832e-08 1.1832e-08 [ 4.6558e-161 1.3590e-93 1.1228e-22 2.3286e-09 9.5039e-09 ] 1.0000e+00
 7.797e+01 1.0813e-08 1.0813e-08 [ 2.2389e-161 7.5662e-94 9.0337e-23 2.1097e-09 8.7034e-09 ] 1.0000e+00
 7.809e+01 9.8792e-09 9.8792e-09 [ 1.0765e-161 4.2108e-94 7.2655e-23 1.9108e-09 7.9683e-09 ] 1.0000e+00
 7.820e+01 9.0237e-09 9.0237e-09 [ 5.1750e-162 2.3426e-94 5.8412e-23 1.7303e-09 7.2934e-09 ] 1.0000e+00
 7.831e+01 8.2403e-09 8.2403e-09 [ 2.4875e-162 1.3028e-94 4.6943e-23 1.5664e-09 6.6739e-09 ] 1.0000e+00
 7.843e+01 7.5231e-09 7.5231e-09 [ 1.1955e-162 7.2427e-95 3.7713e-23 1.4177e-09 6.1054e-09 ] 1.0000e+00
 7.854e+01 6.8666e-09 6.8666e-09 [ 5.7447e-163 4.0251e-95 3.0286e-23 1.2828e-09 5.5838e-09 ] 1.0000e+00
 7.865e+01 6.2659e-09 6.2659e-09 [ 2.7601e-163 2.2361e-95 2.4312e-23 1.1604e-09 5.1055e-09 ] 1.0000e+00
 7.877e+01 5.7164e-09 5.7164e-09 [ 1.3259e-163 1.2419e-95 1.9510e-23 1.0495e-09 4.6669e-09 ] 1.0000e+00
 7.888e+01 5.2138e-09 5.2138e-09 [ 6.3688e-164 6.8943e-96 1.5650e-23 9.4887e-10 4.2649e-09 ] 1.0000e+00
 7.899e+01 4.7543e-09 4.7543e-09 [ 3.0587e-164 3.8261e-96 1.2550e-23 8.5771e-10 3.8966e-09 ] 1.0000e+00
 7.911e+01 4.3342e-09 4.3342e-09 [ 1.4687e-164 2.1227e-96 1.0059e-23 7.7511e-10 3.5591e-09 ] 1.0000e+00
 7.922e+01 3.9503e-09 3.9503e-09 [ 7.0517e-165 1.1772e-96 8.0605e-24 7.0029e-10 3.2500e-09 ] 1.0000e+00
 7.933e+01 3.5995e-09 3.5995e-09 [ 3.3852e-165 6.5263e-97 6.4564e-24 6.3254e-10 2.9669e-09 ] 1.0000e+00
 7.945e+01 3.2791e-09 3.2791e-09 [ 1.6248e-165 3.6169e-97 5.1696e-24 5.7120e-10 2.7079e-09 ] 1.0000e+00
 7.956e+01 2.9865e-09 2.9865e-09 [ 7.7978e-166 2.0038e-97 4.1377e-24 5.1568e-10 2.4708e-09 ] 1.0000e+00
 7.967e+01 2.7193e-09 2.7193e-09 [ 3.7418e-166 1.1098e-97 3.3106e-24 4.6544e-10 2.2539e-09 ] 1.0000e+00
 7.979e+01 2.4755e-09 2.4755e-09 [ 1.7952e-166 6.1442e-98 2.6479e-24 4.1999e-10 2.0555e-09 ] 1.0000e+00
 7.990e+01 2.2530e-09 2.2530e-09 [ 8.6120e-167 3.4005e-98 2.1170e-24 3.7889e-10 1.8741e-09 ] 1.0000e+00
 8.001e+01 2.0500e-09 2.0500e-09 [ 4.1307e-167 1.8814e-98 1.6920e-24 3.4172e-10 1.7083e-09 ] 1.0000e+00
 8.013e+01 1.8648e-09 1.8648e-09 [ 1.9810e-167 1.0406e-98 1.3518e-24 3.0813e-10 1.5567e-09 ] 1.0000e+00
 8.024e+01 1.6960e-09 1.6960e-09 [ 9.4992e-168 5.7531e-99 1.0796e-24 2.7777e-10 1.4183e-09 ] 1.0000e+00
 8.035e+01 1.5421e-09 1.5421e-09 [ 4.5543e-168 3.1798e-99 8.6189e-25 2.5034e-10 1.2918e-09 ] 1.0000e+00
 8.047e+01 1.4018e-09 1.4018e-09 [ 2.1833e-168 1.7569e-99 6.8784e-25 2.2556e-10 1.1763e-09 ] 1.0000e+00
 8.058e+01 1.2740e-09 1.2740e-09 [ 1.0465e-168 9.7040e-100 5.4874e-25 2.0318e-10 1.0708e-09 ] 1.0000e+00
 8.069e+01 1.1576e-09 1.1576e-09 [ 5.0151e-169 5.3581e-100 4.3760e-25 1.8298e-10 9.7461e-10 ] 1.0000e+00
 8.081e+01 1.0515e-09 1.0515e-09 [ 2.4032e-169 2.9575e-100 3.4885e-25 1.6475e-10 8.8680e-10 ] 1.0000e+00
 8.092e+01 9.5500e-10 9.5500e-10 [ 1.1514e-169 1.6319e-100 2.7800e-25 1.4830e-10 8.0670e-10 ] 1.0000e+00
 8.103e+01 8.6711e-10 8.6711e-10 [ 5.5157e-170 9.0014e-101 2.2145e-25 1.3346e-10 7.3365e-10 ] 1.0000e+00
 8.115e+01 7.8712e-10 7.8712e-10 [ 2.6419e-170 4.9635e-101 1.7634e-25 1.2007e-10 6.6705e-10 ] 1.0000e+00
 8.126e+01 7.1434e-10 7.1434e-10 [ 1.2652e-170 2.7361e-101 1.4037e-25 1.0800e-10 6.0634e-10 ] 1.0000e+00
 8.137e+01 6.4815e-10 6.4815e-10 [ 6.0586e-171 1.5077e-101 1.1170e-25 9.7123e-11 5.5102e-10 ] 1.0000e+00
 8.149e+01 5.8795e-10 5.8795e-10 [ 2.9007e-171 8.3055e-102 8.8850e-26 8.7318e-11 5.0063e-10 ] 1.0000e+00
 8.160e+01 5.3321e-10 5.3321e-10 [ 1.3886e-171 4.5737e-102 7.0649e-26 7.8484e-11 4.5473e-10 ] 1.0000e+00
 8.171e+01 4.8346e-10 4.8346e-10 [ 6.6466e-172 2.5179e-102 5.6156e-26 7.0527e-11 4.1293e-10 ] 1.0000e+00
 8.183e+01 4.3825e-10 4.3825e-10 [ 3.1809e-172 1.3856e-102 4.4619e-26 6.3361e-11 3.7489e-10 ] 1.0000e+00
 8.194e+01 3.9718e-10 3.9718e-10 [ 1.5221e-172 7.6230e-103 3.5440e-26 5.6910e-11 3.4027e-10 ] 1.0000e+00
 8.205e+01 3.5987e-10 3.5987e-10 [ 7.2825e-173 4.1924e-103 2.8139e-26 5.1103e-11 3.0876e-10 ] 1.0000e+00
 8.217e+01 3.2599e-10 3.2599e-10 [ 3.4838e-173 2.3049e-103 2.2334e-26 4.5878e-11 2.8011e-10 ] 1.0000e+00
 8.228e+01 2.9523e-10 2.9523e-10 [ 1.6663e-173 1.2668e-103 1.7720e-26 4.1177e-11 2.5405e-10 ] 1.0000e+00
 8.239e+01 2.6731e-10 2.6731e-10 [ 7.9692e-174 6.9599e-104 1.4054e-26 3.6948e-11 2.3036e-10 ] 1.0000e+00
 8.251e+01 2.4198e-10 2.4198e-10 [ 3.8107e-174 3.8227e-104 1.1142e-26 3.3147e-11 2.0883e-10 ] 1.0000e+00
 8.262e+01 2.1899e-10 2.1899e-10 [ 1.8219e-174 2.0989e-104 8.8304e-27 2.9729e-11 1.8926e-10 ] 1.0000e+00
 8.273e+01 1.9815e-10 1.9815e-10 [ 8.7097e-175 1.1520e-104 6.9958e-27 2.6657e-11 1.7149e-10 ] 1.0000e+00
 8.285e+01 1.7924e-10 1.7924e-10 [ 4.1630e-175 6.3212e-105 5.5403e-27 2.3897e-11 1.5535e-10 ] 1.0000e+00
 8.296e+01 1.6211e-10 1.6211e-10 [ 1.9895e-175 3.4673e-105 4.3860e-27 2.1417e-11 1.4069e-10 ] 1.0000e+00
 8.307e+01 1.4657e-10 1.4657e-10 [ 9.5068e-176 1.9013e-105 3.4709e-27 1.9191e-11 1.2738e-10 ] 1.0000e+00
 8.319e+01 1.3250e-10 1.3250e-10 [ 4.5421e-176 1.0422e-105 2.7458e-27 1.7191e-11 1.1531e-10 ] 1.0000e+00
 8.330e+01 1.1975e-10 1.1975e-10 [ 2.1697e-176 5.7112e-106 2.1713e-27 1.5397e-11 1.0435e-10 ] 1.0000e+00
 8.341e+01 1.0820e-10 1.0820e-10 [ 1.0363e-176 3.1286e-106 1.7164e-27 1.3786e-11 9.4415e-11 ] 1.0000e+00
 8.353e+01 9.7744e-11 9.7744e-11 [ 4.9492e-177 1.7133e-106 1.3563e-27 1.2341e-11 8.5403e-11 ] 1.0000e+00
 8.364e+01 8.8278e-11 8.8278e-11 [ 2.3632e-177 9.3794e-107 1.0713e-27 1.1045e-11 7.7233e-11 ] 1.0000e+00
 8.375e+01 7.9710e-11 7.9710e-11 [ 1.1283e-177 5.1330e-107 8.4591e-28 9.8825e-12 6.9828e-11 ] 1.0000e+00
 8.387e+01 7.1958e-11 7.1958e-11 [ 5.3858e-178 2.8082e-107 6.6769e-28 8.8404e-12 6.3118e-11 ] 1.0000e+00
 8.398e+01 6.4945e-11 6.4945e-11 [ 2.5706e-178 1.5358e-107 5.2681e-28 7.9063e-12 5.7038e-11 ] 1.0000e+00
 8.409e+01 5.8602e-11 5.8602e-11 [ 1.2267e-178 8.3969e-108 4.1551e-28 7.0692e-12 5.1532e-11 ] 1.0000e+00
 8.421e+01 5.2866e-11 5.2866e-11 [ 5.8532e-179 4.5893e-108 3.2760e-28 6.3193e-12 4.6547e-11 ] 1.0000e+00
 8.432e+01 4.7681e-11 4.7681e-11 [ 2.7924e-179 2.5075e-108 2.5819e-28 5.6476e-12 4.2033e-11 ] 1.0000e+00
 8.443e+01 4.2995e-11 4.2995e-11 [ 1.3320e-179 1.3695e-108 2.0341e-28 5.0461e-12 3.7949e-11 ] 1.0000e+00
 8.455e+01 3.8761e-11 3.8761e-11 [ 6.3526e-180 7.4779e-109 1.6019e-28 4.5076e-12 3.4253e-11 ] 1.0000e+00
 8.466e+01 3.4935e-11 3.4935e-11 [ 3.0293e-180 4.0817e-109 1.2611e-28 4.0256e-12 3.0910e-11 ] 1.0000e+00
 8.477e+01 3.1480e-11 3.1480e-11 [ 1.4443e-180 2.2272e-109 9.9236e-29 3.5944e-12 2.7886e-11 ] 1.0000e+00
 8.489e+01 2.8361e-11 2.8361e-11 [ 6.8852e-181 1.2148e-109 7.8062e-29 3.2085e-12 2.5152e-11 ] 1.0000e+00
 8.500e+01 2.5545e-11 2.5545e-11 [ 3.2818e-181 6.6244e-110 6.1383e-29 2.8635e-12 2.2681e-11 ] 1.0000e+00
 8.511e+01 2.3003e-11 2.3003e-11 [ 1.5640e-181 3.6110e-110 4.8248e-29 2.5549e-12 2.0448e-11 ] 1.0000e+00
 8.523e+01 2.0710e-11 2.0710e-11 [ 7.4522e-182 1.9678e-110 3.7910e-29 2.2791e-12 1.8431e-11 ] 1.0000e+00
 8.534e+01 1.8641e-11 1.8641e-11 [ 3.5504e-182 1.0719e-110 2.9775e-29 2.0325e-12 1.6608e-11 ] 1.0000e+00
 8.545e+01 1.6775e-11 1.6775e-11 [ 1.6912e-182 5.8374e-111 2.3377e-29 1.8123e-12 1.4962e-11 ] 1.0000e+00
 8.557e+01 1.5092e-11 1.5092e-11 [ 8.0545e-183 3.1778e-111 1.8347e-29 1.6155e-12 1.3477e-11 ] 1.0000e+00
 8.568e+01 1.3575e-11 1.3575e-11 [ 3.8355e-183 1.7293e-111 1.4393e-29 1.4397e-12 1.2135e-11 ] 1.0000e+00
 8.579e+01 1.2208e-11 1.2208e-11 [ 1.8261e-183 9.4079e-112 1.1287e-29 1.2828e-12 1.0925e-11 ] 1.0000e+00
 8.591e+01 1.0976e-11 1.0976e-11 [ 8.6929e-184 5.1164e-112 8.8477e-30 1.1427e-12 9.8334e-12 ] 1.0000e+00
 8.602e+01 9.8664e-12 9.8664e-12 [ 4.1375e-184 2.7815e-112 6.9329e-30 1.0177e-12 8.8487e-12 ] 1.0000e+00
 8.613e+01 8.8668e-12 8.8668e-12 [ 1.9689e-184 1.5117e-112 5.4303e-30 9.0613e-13 7.9607e-12 ] 1.0000e+00
 8.625e+01 7.9668e-12 7.9668e-12 [ 9.3682e-185 8.2128e-113 4.2517e-30 8.0662e-13 7.1601e-12 ] 1.0000e+00
 8.636e+01 7.1565e-12 7.1565e-12 [ 4.4567e-185 4.4604e-113 3.3276e-30 7.1787e-13 6.4386e-12 ] 1.0000e+00
 8.647e+01 6.4272e-12 6.4272e-12 [ 2.1198e-185 2.4216e-113 2.6033e-30 6.3874e-13 5.7884e-12 ] 1.0000e+00
 8.659e+01 5.7709e-12 5.7709e-12 [ 1.0081e-185 1.3143e-113 2.0358e-30 5.6820e-13 5.2027e-12 ] 1.0000e+00
 8.670e+01 5.1805e-12 5.1805e-12 [ 4.7932e-186 7.1306e-114 1.5914e-30 5.0533e-13 4.6752e-12 ] 1.0000e+00
 8.681e+01 4.6495e-12 4.6495e-12 [ 2.2787e-186 3.8673e-114 1.2435e-30 4.4932e-13 4.2002e-12 ] 1.0000e+00
 8.693e+01 4.1720e-12 4.1720e-12 [ 1.0831e-186 2.0968e-114 9.7122e-31 3.9943e-13 3.7726e-12 ] 1.0000e+00
 8.704e+01 3.7427e-12 3.7427e-12 [ 5.1472e-187 1.1364e-114 7.5827e-31 3.5499e-13 3.3877e-12 ] 1.0000e+00
 8.715e+01 3.3569e-12 3.3569e-12 [ 2.4457e-187 6.1571e-115 5.9176e-31 3.1542e-13 3.0414e-12 ] 1.0000e+00
 8.727e+01 3.0101e-12 3.0101e-12 [ 1.1618e-187 3.3347e-115 4.6163e-31 2.8021e-13 2.7299e-12 ] 1.0000e+00
 8.738e+01 2.6986e-12 2.6986e-12 [ 5.5185e-188 1.8055e-115 3.5996e-31 2.4886e-13 2.4497e-12 ] 1.0000e+00
 8.749e+01 2.4188e-12 2.4188e-12 [ 2.6207e-188 9.7718e-116 2.8057e-31 2.2097e-13 2.1978e-12 ] 1.0000e+00
 8.761e+01 2.1675e-12 2.1675e-12 [ 1.2443e-188 5.2870e-116 2.1859e-31 1.9617e-13 1.9713e-12 ] 1.0000e+00
 8.772e+01 1.9419e-12 1.9419e-12 [ 5.9069e-189 2.8594e-116 1.7024e-31 1.7410e-13 1.7678e-12 ] 1.0000e+00
 8.783e+01 1.7394e-12 1.7394e-12 [ 2.8035e-189 1.5460e-116 1.3252e-31 1.5449e-13 1.5849e-12 ] 1.0000e+00
 8.795e+01 1.5577e-12 1.5577e-12 [ 1.3304e-189 8.3554e-117 1.0311e-31 1.3705e-13 1.4206e-12 ] 1.0000e+00
 8.806e+01 1.3947e-12 1.3947e-12 [ 6.3119e-190 4.5142e-117 8.0200e-32 1.2155e-13 1.2731e-12 ] 1.0000e+00
 8.817e+01 1.2484e-12 1.2484e-12 [ 2.9941e-190 2.4380e-117 6.2350e-32 1.0779e-13 1.1406e-12 ] 1.0000e+00
 8.829e+01 1.1172e-12 1.1172e-12 [ 1.4200e-190 1.3162e-117 4.8452e-32 9.5555e-14 1.0217e-12 ] 1.0000e+00
 8.840e+01 9.9965e-13 9.9965e-13 [ 6.7331e-191 7.1035e-118 3.7635e-32 8.4692e-14 9.1496e-13 ] 1.0000e+00
 8.851e+01 8.9424e-13 8.9424e-13 [ 3.1920e-191 3.8322e-118 2.9220e-32 7.5048e-14 8.1919e-13 ] 1.0000e+00
 8.863e+01 7.9977e-13 7.9977e-13 [ 1.5129e-191 2.0667e-118 2.2677e-32 6.6487e-14 7.3328e-13 ] 1.0000e+00
 8.874e+01 7.1512e-13 7.1512e-13 [ 7.1695e-192 1.1141e-118 1.7591e-32 5.8889e-14 6.5624e-13 ] 1.0000e+00
 8.885e+01 6.3930e-13 6.3930e-13 [ 3.3968e-192 6.0040e-119 1.3639e-32 5.2148e-14 5.8715e-13 ] 1.0000e+00
 8.897e+01 5.7139e-13 5.7139e-13 [ 1.6090e-192 3.2343e-119 1.0570e-32 4.6167e-14 5.2522e-13 ] 1.0000e+00
 8.908e+01 5.1058e-13 5.1058e-13 [ 7.6200e-193 1.7416e-119 8.1884e-33 4.0864e-14 4.6972e-13 ] 1.0000e+00
 8.919e+01 4.5615e-13 4.5615e-13 [ 3.6080e-193 9.3749e-120 6.3403e-33 3.6161e-14 4.1999e-13 ] 1.0000e+00
 8.931e+01 4.0743e-13 4.0743e-13 [ 1.7079e-193 5.0444e-120 4.9070e-33 3.1993e-14 3.7544e-13 ] 1.0000e+00
 8.942e+01 3.6383e-13 3.6383e-13 [ 8.0833e-194 2.7133e-120 3.7959e-33 2.8298e-14 3.3554e-13 ] 1.0000e+00
 8.953e+01 3.2483e-13 3.2483e-13 [ 3.8248e-194 1.4588e-120 2.9350e-33 2.5025e-14 2.9981e-13 ] 1.0000e+00
 8.965e+01 2.8995e-13 2.8995e-13 [ 1.8094e-194 7.8407e-121 2.2683e-33 2.2125e-14 2.6783e-13 ] 1.0000e+00
 8.976e+01 2.5876e-13 2.5876e-13 [ 8.5576e-195 4.2124e-121 1.7522e-33 1.9557e-14 2.3920e-13 ] 1.0000e+00
 8.987e+01 2.3087e-13 2.3087e-13 [ 4.0465e-195 2.2622e-121 1.3528e-33 1.7283e-14 2.1359e-13 ] 1.0000e+00
 8.999e+01 2.0595e-13 2.0595e-13 [ 1.9129e-195 1.2144e-121 1.0440e-33 1.5270e-14 1.9068e-13 ] 1.0000e+00
 9.010e+01 1.8368e-13 1.8368e-13 [ 9.0410e-196 6.5167e-122 8.0527e-34 1.3488e-14 1.7019e-13 ] 1.0000e+00
 9.021e+01 1.6378e-13 1.6378e-13 [ 4.2720e-196 3.4956e-122 6.2082e-34 1.1912e-14 1.5186e-13 ] 1.0000e+00
 9.033e+01 1.4600e-13 1.4600e-13 [ 2.0181e-196 1.8743e-122 4.7838e-34 1.0517e-14 1.3548e-13 ] 1.0000e+00
 9.044e+01 1.3013e-13 1.3013e-13 [ 9.5310e-197 1.0045e-122 3.6844e-34 9.2837e-15 1.2084e-13 ] 1.0000e+00
 9.055e+01 1.1595e-13 1.1595e-13 [ 4.5002e-197 5.3817e-123 2.8362e-34 8.1931e-15 1.0776e-13 ] 1.0000e+00
 9.067e+01 1.0330e-13 1.0330e-13 [ 2.1243e-197 2.8820e-123 2.1821e-34 7.2289e-15 9.6073e-14 ] 1.0000e+00
 9.078e+01 9.2011e-14 9.2011e-14 [ 1.0025e-197 1.5427e-123 1.6780e-34 6.3767e-15 8.5635e-14 ] 1.0000e+00
 9.089e+01 8.1937e-14 8.1937e-14 [ 4.7297e-198 8.2546e-124 1.2897e-34 5.6237e-15 7.6313e-14 ] 1.0000e+00
 9.101e+01 7.2950e-14 7.2950e-14 [ 2.2309e-198 4.4149e-124 9.9069e-35 4.9584e-15 6.7992e-14 ] 1.0000e+00
 9.112e+01 6.4935e-14 6.4935e-14 [ 1.0519e-198 2.3602e-124 7.6061e-35 4.3709e-15 6.0564e-14 ] 1.0000e+00
 9.123e+01 5.7789e-14 5.7789e-14 [ 4.9590e-199 1.2613e-124 5.8365e-35 3.8520e-15 5.3937e-14 ] 1.0000e+00
 9.135e+01 5.1417e-14 5.1417e-14 [ 2.3371e-199 6.7370e-125 4.4762e-35 3.3939e-15 4.8024e-14 ] 1.0000e+00
 9.146e+01 4.5739e-14 4.5739e-14 [ 1.1011e-199 3.5969e-125 3.4310e-35 2.9896e-15 4.2749e-14 ] 1.0000e+00
 9.157e+01 4.0679e-14 4.0679e-14 [ 5.1862e-200 1.9196e-125 2.6284e-35 2.6329e-15 3.8046e-14 ] 1.0000e+00
 9.169e+01 3.6171e-14 3.6171e-14 [ 2.4420e-200 1.0239e-125 2.0124e-35 2.3181e-15 3.3853e-14 ] 1.0000e+00
 9.180e+01 3.2156e-14 3.2156e-14 [ 1.1495e-200 5.4594e-126 1.5399e-35 2.0405e-15 3.0115e-14 ] 1.0000e+00
 9.191e+01 2.8580e-14 2.8580e-14 [ 5.4095e-201 2.9095e-126 1.1776e-35 1.7957e-15 2.6784e-14 ] 1.0000e+00
 9.203e+01 2.5397e-14 2.5397e-14 [ 2.5448e-201 1.5498e-126 9.0008e-36 1.5798e-15 2.3817e-14 ] 1.0000e+00
 9.214e+01 2.2563e-14 2.2563e-14 [ 1.1968e-201 8.2518e-127 6.8753e-36 1.3896e-15 2.1173e-14 ] 1.0000e+00
 9.225e+01 2.0041e-14 2.0041e-14 [ 5.6264e-202 4.3914e-127 5.2486e-36 1.2219e-15 1.8819e-14 ] 1.0000e+00
 9.237e+01 1.7797e-14 1.7797e-14 [ 2.6442e-202 2.3358e-127 4.0044e-36 1.0742e-15 1.6723e-14 ] 1.0000e+00
 9.248e+01 1.5802e-14 1.5802e-14 [ 1.2423e-202 1.2418e-127 3.0532e-36 9.4408e-16 1.4857e-14 ] 1.0000e+00
 9.259e+01 1.4026e-14 1.4026e-14 [ 5.8344e-203 6.5989e-128 2.3265e-36 8.2950e-16 1.3197e-14 ] 1.0000e+00
 9.271e+01 1.2448e-14 1.2448e-14 [ 2.7392e-203 3.5048e-128 1.7716e-36 7.2862e-16 1.1719e-14 ] 1.0000e+00
 9.282e+01 1.1045e-14 1.1045e-14 [ 1.2855e-203 1.8605e-128 1.3483e-36 6.3982e-16 1.0405e-14 ] 1.0000e+00
 9.293e+01 9.7979e-15 9.7979e-15 [ 6.0309e-204 9.8708e-129 1.0254e-36 5.6168e-16 9.2363e-15 ] 1.0000e+00
 9.305e+01 8.6898e-15 8.6898e-15 [ 2.8282e-204 5.2342e-129 7.7931e-37 4.9293e-16 8.1969e-15 ] 1.0000e+00
 9.316e+01 7.7053e-15 7.7053e-15 [ 1.3258e-204 2.7741e-129 5.9189e-37 4.3246e-16 7.2728e-15 ] 1.0000e+00
 9.327e+01 6.8309e-15 6.8309e-15 [ 6.2126e-205 1.4694e-129 4.4924e-37 3.7929e-16 6.4516e-15 ] 1.0000e+00
 9.339e+01 6.0544e-15 6.0544e-15 [ 2.9100e-205 7.7789e-130 3.4073e-37 3.3254e-16 5.7218e-15 ] 1.0000e+00
 9.350e+01 5.3649e-15 5.3649e-15 [ 1.3625e-205 4.1157e-130 2.5825e-37 2.9145e-16 5.0735e-15 ] 1.0000e+00
 9.361e+01 4.7530e-15 4.7530e-15 [ 6.3763e-206 2.1763e-130 1.9560e-37 2.5534e-16 4.4976e-15 ] 1.0000e+00
 9.373e+01 4.2099e-15 4.2099e-15 [ 2.9828e-206 1.1501e-130 1.4803e-37 2.2363e-16 3.9863e-15 ] 1.0000e+00
 9.384e+01 3.7280e-15 3.7280e-15 [ 1.3947e-206 6.0743e-131 1.1195e-37 1.9577e-16 3.5323e-15 ] 1.0000e+00
 9.395e+01 3.3006e-15 3.3006e-15 [ 6.5181e-207 3.2061e-131 8.4604e-38 1.7131e-16 3.1293e-15 ] 1.0000e+00
 9.407e+01 2.9215e-15 2.9215e-15 [ 3.0448e-207 1.6912e-131 6.3886e-38 1.4985e-16 2.7716e-15 ] 1.0000e+00
 9.418e+01 2.5853e-15 2.5853e-15 [ 1.4216e-207 8.9149e-132 4.8203e-38 1.3101e-16 2.4543e-15 ] 1.0000e+00
 9.429e+01 2.2873e-15 2.2873e-15 [ 6.6342e-208 4.6963e-132 3.6341e-38 1.1448e-16 2.1728e-15 ] 1.0000e+00
 9.441e+01 2.0232e-15 2.0232e-15 [ 3.0943e-208 2.4723e-132 2.7375e-38 9.9994e-17 1.9232e-15 ] 1.0000e+00
 9.452e+01 1.7891e-15 1.7891e-15 [ 1.4424e-208 1.3006e-132 2.0604e-38 8.7291e-17 1.7018e-15 ] 1.0000e+00
 9.463e+01 1.5817e-15 1.5817e-15 [ 6.7201e-209 6.8369e-133 1.5495e-38 7.6159e-17 1.5056e-15 ] 1.0000e+00
 9.475e+01 1.3980e-15 1.3980e-15 [ 3.1290e-209 3.5914e-133 1.1642e-38 6.6407e-17 1.3316e-15 ] 1.0000e+00
 9.486e+01 1.2354e-15 1.2354e-15 [ 1.4560e-209 1.8851e-133 8.7393e-39 5.7868e-17 1.1775e-15 ] 1.0000e+00
 9.497e+01 1.0914e-15 1.0914e-15 [ 6.7712e-210 9.8874e-134 6.5542e-39 5.0393e-17 1.0410e-15 ] 1.0000e+00
 9.509e+01 9.6387e-16 9.6387e-16 [ 3.1468e-210 5.1817e-134 4.9108e-39 4.3853e-17 9.2002e-16 ] 1.0000e+00
 9.520e+01 8.5104e-16 8.5104e-16 [ 1.4614e-210 2.7133e-134 3.6759e-39 3.8133e-17 8.1290e-16 ] 1.0000e+00
 9.531e+01 7.5120e-16 7.5120e-16 [ 6.7824e-211 1.4196e-134 2.7487e-39 3.3133e-17 7.1807e-16 ] 1.0000e+00
 9.543e+01 6.6287e-16 6.6287e-16 [ 3.1453e-211 7.4203e-135 2.0533e-39 2.8764e-17 6.3411e-16 ] 1.0000e+00
 9.554e+01 5.8475e-16 5.8475e-16 [ 1.4575e-211 3.8751e-135 1.5321e-39 2.4949e-17 5.5980e-16 ] 1.0000e+00
 9.565e+01 5.1567e-16 5.1567e-16 [ 6.7484e-212 2.0218e-135 1.1420e-39 2.1620e-17 4.9405e-16 ] 1.0000e+00
 9.577e+01 4.5459e-16 4.5459e-16 [ 3.1219e-212 1.0538e-135 8.5024e-40 1.8716e-17 4.3588e-16 ] 1.0000e+00
 9.588e+01 4.0061e-16 4.0061e-16 [ 1.4430e-212 5.4870e-136 6.3226e-40 1.6184e-17 3.8442e-16 ] 1.0000e+00
 9.599e+01 3.5290e-16 3.5290e-16 [ 6.6634e-213 2.8539e-136 4.6959e-40 1.3980e-17 3.3892e-16 ] 1.0000e+00
 9.611e+01 3.1074e-16 3.1074e-16 [ 3.0740e-213 1.4827e-136 3.4832e-40 1.2061e-17 2.9868e-16 ] 1.0000e+00
 9.622e+01 2.7350e-16 2.7350e-16 [ 1.4167e-213 7.6940e-137 2.5802e-40 1.0392e-17 2.6310e-16 ] 1.0000e+00
 9.633e+01 2.4060e-16 2.4060e-16 [ 6.5215e-214 3.9876e-137 1.9086e-40 8.9413e-18 2.3166e-16 ] 1.0000e+00
 9.645e+01 2.1156e-16 2.1156e-16 [ 2.9987e-214 2.0640e-137 1.4098e-40 7.6822e-18 2.0387e-16 ] 1.0000e+00
 9.656e+01 1.8591e-16 1.8591e-16 [ 1.3771e-214 1.0669e-137 1.0398e-40 6.5900e-18 1.7932e-16 ] 1.0000e+00
 9.667e+01 1.6327e-16 1.6327e-16 [ 6.3162e-215 5.5065e-138 7.6560e-41 5.6436e-18 1.5763e-16 ] 1.0000e+00
 9.679e+01 1.4329e-16 1.4329e-16 [ 2.8929e-215 2.8378e-138 5.6277e-41 4.8245e-18 1.3847e-16 ] 1.0000e+00
 9.690e+01 1.2566e-16 1.2566e-16 [ 1.3230e-215 1.4601e-138 4.1294e-41 4.1163e-18 1.2154e-16 ] 1.0000e+00
 9.701e+01 1.1010e-16 1.1010e-16 [ 6.0408e-216 7.4991e-139 3.0242e-41 3.5048e-18 1.0660e-16 ] 1.0000e+00
 9.713e+01 9.6377e-17 9.6377e-17 [ 2.7535e-216 3.8445e-139 2.2103e-41 2.9775e-18 9.3399e-17 ] 1.0000e+00
 9.724e+01 8.4270e-17 8.4270e-17 [ 1.2528e-216 1.9670e-139 1.6120e-41 2.5234e-18 8.1747e-17 ] 1.0000e+00
 9.735e+01 7.3591e-17 7.3591e-17 [ 5.6883e-217 1.0042e-139 1.1729e-41 2.1330e-18 7.1458e-17 ] 1.0000e+00
 9.747e+01 6.4173e-17 6.4173e-17 [ 2.5772e-217 5.1148e-140 8.5127e-42 1.7978e-18 6.2375e-17 ] 1.0000e+00
 9.758e+01 5.5866e-17 5.5866e-17 [ 1.1648e-217 2.5986e-140 6.1618e-42 1.5105e-18 5.4355e-17 ] 1.0000e+00
 9.769e+01 4.8539e-17 4.8539e-17 [ 5.2511e-218 1.3166e-140 4.4471e-42 1.2647e-18 4.7274e-17 ] 1.0000e+00
 9.781e+01 4.2076e-17 4.2076e-17 [ 2.3604e-218 6.6506e-141 3.1992e-42 1.0549e-18 4.1022e-17 ] 1.0000e+00
 9.792e+01 3.6375e-17 3.6375e-17 [ 1.0576e-218 3.3481e-141 2.2934e-42 8.7602e-19 3.5499e-17 ] 1.0000e+00
 9.803e+01 3.1345e-17 3.1345e-17 [ 4.7218e-219 1.6793e-141 1.6377e-42 7.2396e-19 3.0621e-17 ] 1.0000e+00
 9.815e+01 2.6905e-17 2.6905e-17 [ 2.0996e-219 8.3876e-142 1.1643e-42 5.9496e-19 2.6310e-17 ] 1.0000e+00
 9.826e+01 2.2985e-17 2.2985e-17 [ 9.2936e-220 4.1697e-142 8.2365e-43 4.8582e-19 2.2500e-17 ] 1.0000e+00
 9.837e+01 1.9524e-17 1.9524e-17 [ 4.0922e-220 2.0618e-142 5.7939e-43 3.9372e-19 1.9130e-17 ] 1.0000e+00
 9.849e+01 1.6466e-17 1.6466e-17 [ 1.7910e-220 1.0132e-142 4.0489e-43 3.1626e-19 1.6150e-17 ] 1.0000e+00
 9.860e+01 1.3764e-17 1.3764e-17 [ 7.7835e-221 4.9430e-143 2.8076e-43 2.5133e-19 1.3513e-17 ] 1.0000e+00
 9.871e+01 1.1378e-17 1.1378e-17 [ 3.3542e-221 2.3910e-143 1.9287e-43 1.9714e-19 1.1180e-17 ] 1.0000e+00
 9.883e+01 9.2707e-18 9.2707e-18 [ 1.4308e-221 1.1447e-143 1.3096e-43 1.5213e-19 9.1185e-18 ] 1.0000e+00
 9.894e+01 7.4139e-18 7.4139e-18 [ 6.0275e-222 5.4111e-144 8.7606e-44 1.1499e-19 7.2989e-18 ] 1.0000e+00
 9.905e+01 5.7833e-18 5.7833e-18 [ 2.4991e-222 2.5171e-144 5.7456e-44 8.4587e-20 5.6987e-18 ] 1.0000e+00
 9.917e+01 4.3604e-18 4.3604e-18 [ 1.0149e-222 1.1464e-144 3.6658e-44 5.9989e-20 4.3004e-18 ] 1.0000e+00
 9.928e+01 3.1327e-18 3.1327e-18 [ 4.0049e-223 5.0703e-145 2.2461e-44 4.0413e-20 3.0923e-18 ] 1.0000e+00
 9.939e+01 2.0942e-18 2.0942e-18 [ 1.5147e-223 2.1452e-145 1.2916e-44 2.5220e-20 2.0690e-18 ] 1.0000e+00
 9.951e+01 1.2462e-18 1.2462e-18 [ 5.3336e-224 8.4075e-146 6.6643e-45 1.3907e-20 1.2323e-18 ] 1.0000e+00
 9.962e+01 5.9881e-19 5.9881e-19 [ 1.6176e-224 2.8028e-146 2.7795e-45 6.0933e-21 5.9271e-19 ] 1.0000e+00
 9.973e+01 1.7232e-19 1.7232e-19 [ 3.1286e-225 5.8050e-147 6.6835e-46 1.5102e-21 1.7081e-19 ] 1.0000e+00
 9.985e+01 0.0000e+00 0.0000e+00 [ 0.0000e+00 0.0000e+00 0.0000e+00 0.0000e+00 0.0000e+00 ] 1.0000e+00
