 0.000e+00 0.0000e+00 0.0000e+00 [ 0.0000e+00 0.0000e+00 0.0000e+00 0.0000e+00 0.0000e+00 ] 1.0000e+00
 1.133e-01 1.8083e-03 1.8083e-03 [ 1.7382e-03 3.0512e-05 1.9664e-05 1.5753e-05 4.2285e-06 ] 9.9819e-01
 2.267e-01 3.6591e-03 3.6591e-03 [ 3.3794e-03 1.2182e-04 7.8618e-05 6.2827e-05 1.6399e-05 ] 9.9634e-01
 3.400e-01 5.3959e-03 5.3959e-03 [ 4.7697e-03 2.7319e-04 1.7670e-04 1.4064e-04 3.5694e-05 ] 9.9460e-01
 4.533e-01 7.0792e-03 7.0792e-03 [ 5.9729e-03 4.8331e-04 3.1358e-04 2.4822e-04 6.1233e-05 ] 9.9292e-01
 5.667e-01 8.7134e-03 8.7134e-03 [ 6.9981e-03 7.5026e-04 4.8869e-04 3.8418e-04 9.2096e-05 ] 9.9129e-01
 6.800e-01 1.0302e-02 1.0302e-02 [ 7.8550e-03 1.0715e-03 7.0125e-04 5.4678e-04 1.2735e-04 ] 9.8970e-01
 7.933e-01 1.1847e-02 1.1847e-02 [ 8.5533e-03 1.4438e-03 9.5019e-04 7.3394e-04 1.6605e-04 ] 9.8815e-01
 9.067e-01 1.3351e-02 1.3351e-02 [ 9.1032e-03 1.8634e-03 1.2342e-03 9.4333e-04 2.0731e-04 ] 9.8665e-01
 1.020e+00 1.4816e-02 1.4816e-02 [ 9.5153e-03 2.3259e-03 1.5517e-03 1.1724e-03 2.5026e-04 ] 9.8518e-01
 1.133e+00 1.6240e-02 1.6240e-02 [ 9.8004e-03 2.8263e-03 1.9010e-03 1.4184e-03 2.9410e-04 ] 9.8376e-01
 1.247e+00 1.7626e-02 1.7626e-02 [ 9.9696e-03 3.3593e-03 2.2799e-03 1.6786e-03 3.3812e-04 ] 9.8237e-01
 1.360e+00 1.8971e-02 1.8971e-02 [ 1.0034e-02 3.9190e-03 2.6863e-03 1.9501e-03 3.8167e-04 ] 9.8103e-01
 1.473e+00 2.0276e-02 2.0276e-02 [ 1.0004e-02 4.4994e-03 3.1178e-03 2.2301e-03 4.2420e-04 ] 9.7972e-01
 1.587e+00 2.1539e-02 2.1539e-02 [ 9.8916e-03 5.0942e-03 3.5717e-03 2.5160e-03 4.6524e-04 ] 9.7846e-01
 1.700e+00 2.2758e-02 2.2758e-02 [ 9.7064e-03 5.6968e-03 4.0454e-03 2.8051e-03 5.0442e-04 ] 9.7724e-01
 1.813e+00 2.3932e-02 2.3932e-02 [ 9.4587e-03 6.3008e-03 4.5360e-03 3.0949e-03 5.4145e-04 ] 9.7607e-01
 1.927e+00 2.5058e-02 2.5058e-02 [ 9.1582e-03 6.8999e-03 5.0407e-03 3.3832e-03 5.7610e-04 ] 9.7494e-01
 2.040e+00 2.6135e-02 2.6135e-02 [ 8.8143e-03 7.4879e-03 5.5565e-03 3.6678e-03 6.0823e-04 ] 9.7387e-01
 2.153e+00 2.7159e-02 2.7159e-02 [ 8.4353e-03 8.0587e-03 6.0804e-03 3.9468e-03 6.3776e-04 ] 9.7284e-01
 2.267e+00 2.8129e-02 2.8129e-02 [ 8.0295e-03 8.6070e-03 6.6094e-03 4.2186e-03 6.6466e-04 ] 9.7187e-01
 2.380e+00 2.9043e-02 2.9043e-02 [ 7.6041e-03 9.1275e-03 7.1406e-03 4.4816e-03 6.8894e-04 ] 9.7096e-01
 2.493e+00 2.9898e-02 2.9898e-02 [ 7.1660e-03 9.6156e-03 7.6711e-03 4.7348e-03 7.1067e-04 ] 9.7010e-01
 2.607e+00 3.0693e-02 3.0693e-02 [ 6.7211e-03 1.0067e-02 8.1980e-03 4.9769e-03 7.2992e-04 ] 9.6931e-01
 2.720e+00 3.1426e-02 3.1426e-02 [ 6.2750e-03 1.0479e-02 8.7186e-03 5.2072e-03 7.4683e-04 ] 9.6857e-01
 2.833e+00 3.2097e-02 3.2097e-02 [ 5.8324e-03 1.0848e-02 9.2303e-03 5.4251e-03 7.6151e-04 ] 9.6790e-01
 2.947e+00 3.2704e-02 3.2704e-02 [ 5.3975e-03 1.1172e-02 9.7307e-03 5.6300e-03 7.7411e-04 ] 9.6730e-01
 3.060e+00 3.3247e-02 3.3247e-02 [ 4.9738e-03 1.1449e-02 1.0217e-02 5.8218e-03 7.8479e-04 ] 9.6675e-01
 3.173e+00 3.3726e-02 3.3726e-02 [ 4.5644e-03 1.1679e-02 1.0689e-02 6.0002e-03 7.9371e-04 ] 9.6627e-01
 3.287e+00 3.4142e-02 3.4142e-02 [ 4.1717e-03 1.1862e-02 1.1142e-02 6.1654e-03 8.0103e-04 ] 9.6586e-01
 3.400e+00 3.4495e-02 3.4495e-02 [ 3.7975e-03 1.1996e-02 1.1576e-02 6.3174e-03 8.0690e-04 ] 9.6551e-01
 3.513e+00 3.4786e-02 3.4786e-02 [ 3.4433e-03 1.2085e-02 1.1990e-02 6.4565e-03 8.1148e-04 ] 9.6521e-01
 3.627e+00 3.5018e-02 3.5018e-02 [ 3.1100e-03 1.2128e-02 1.2382e-02 6.5831e-03 8.1492e-04 ] 9.6498e-01
 3.740e+00 3.5192e-02 3.5192e-02 [ 2.7984e-03 1.2128e-02 1.2751e-02 6.6975e-03 8.1735e-04 ] 9.6481e-01
 3.853e+00 3.5311e-02 3.5311e-02 [ 2.5085e-03 1.2087e-02 1.3097e-02 6.8004e-03 8.1892e-04 ] 9.6469e-01
 3.967e+00 3.5377e-02 3.5377e-02 [ 2.2403e-03 1.2006e-02 1.3418e-02 6.8922e-03 8.1974e-04 ] 9.6462e-01
 4.080e+00 3.5393e-02 3.5393e-02 [ 1.9936e-03 1.1890e-02 1.3715e-02 6.9736e-03 8.1994e-04 ] 9.6461e-01
 4.193e+00 3.5361e-02 3.5361e-02 [ 1.7676e-03 1.1741e-02 1.3988e-02 7.0453e-03 8.1961e-04 ] 9.6464e-01
 4.307e+00 3.5286e-02 3.5286e-02 [ 1.5617e-03 1.1561e-02 1.4237e-02 7.1078e-03 8.1887e-04 ] 9.6471e-01
 4.420e+00 3.5171e-02 3.5171e-02 [ 1.3750e-03 1.1354e-02 1.4462e-02 7.1618e-03 8.1779e-04 ] 9.6483e-01
 4.533e+00 3.5019e-02 3.5019e-02 [ 1.2064e-03 1.1124e-02 1.4664e-02 7.2082e-03 8.1645e-04 ] 9.6498e-01
 4.647e+00 3.4832e-02 3.4832e-02 [ 1.0549e-03 1.0872e-02 1.4843e-02 7.2474e-03 8.1494e-04 ] 9.6517e-01
 4.760e+00 3.4616e-02 3.4616e-02 [ 9.1929e-04 1.0603e-02 1.5000e-02 7.2802e-03 8.1330e-04 ] 9.6538e-01
 4.873e+00 3.4372e-02 3.4372e-02 [ 7.9847e-04 1.0319e-02 1.5135e-02 7.3073e-03 8.1161e-04 ] 9.6563e-01
 4.987e+00 3.4104e-02 3.4104e-02 [ 6.9125e-04 1.0023e-02 1.5251e-02 7.3293e-03 8.0990e-04 ] 9.6590e-01
 5.100e+00 3.3816e-02 3.3816e-02 [ 5.9650e-04 9.7175e-03 1.5348e-02 7.3467e-03 8.0823e-04 ] 9.6618e-01
 5.213e+00 3.3511e-02 3.3511e-02 [ 5.1308e-04 9.4048e-03 1.5426e-02 7.3603e-03 8.0663e-04 ] 9.6649e-01
 5.327e+00 3.3190e-02 3.3190e-02 [ 4.3992e-04 9.0874e-03 1.5488e-02 7.3704e-03 8.0512e-04 ] 9.6681e-01
 5.440e+00 3.2858e-02 3.2858e-02 [ 3.7602e-04 8.7673e-03 1.5533e-02 7.3777e-03 8.0375e-04 ] 9.6714e-01
 5.553e+00 3.2516e-02 3.2516e-02 [ 3.2040e-04 8.4464e-03 1.5564e-02 7.3826e-03 8.0253e-04 ] 9.6748e-01
 5.667e+00 3.2167e-02 3.2167e-02 [ 2.7216e-04 8.1263e-03 1.5582e-02 7.3855e-03 8.0148e-04 ] 9.6783e-01
 5.780e+00 3.1813e-02 3.1813e-02 [ 2.3048e-04 7.8084e-03 1.5587e-02 7.3869e-03 8.0061e-04 ] 9.6819e-01
 5.893e+00 3.1456e-02 3.1456e-02 [ 1.9459e-04 7.4942e-03 1.5580e-02 7.3872e-03 7.9993e-04 ] 9.6854e-01
 6.007e+00 3.1098e-02 3.1098e-02 [ 1.6379e-04 7.1847e-03 1.5563e-02 7.3867e-03 7.9946e-04 ] 9.6890e-01
 6.120e+00 3.0740e-02 3.0740e-02 [ 1.3746e-04 6.8808e-03 1.5537e-02 7.3856e-03 7.9920e-04 ] 9.6926e-01
 6.233e+00 3.0384e-02 3.0384e-02 [ 1.1502e-04 6.5834e-03 1.5502e-02 7.3843e-03 7.9915e-04 ] 9.6962e-01
 6.347e+00 3.0031e-02 3.0031e-02 [ 9.5952e-05 6.2931e-03 1.5459e-02 7.3831e-03 7.9931e-04 ] 9.6997e-01
 6.460e+00 2.9682e-02 2.9682e-02 [ 7.9812e-05 6.0105e-03 1.5410e-02 7.3821e-03 7.9969e-04 ] 9.7032e-01
 6.573e+00 2.9338e-02 2.9338e-02 [ 6.6191e-05 5.7358e-03 1.5355e-02 7.3815e-03 8.0028e-04 ] 9.7066e-01
 6.687e+00 2.9001e-02 2.9001e-02 [ 5.4734e-05 5.4695e-03 1.5294e-02 7.3815e-03 8.0107e-04 ] 9.7100e-01
 6.800e+00 2.8670e-02 2.8670e-02 [ 4.5128e-05 5.2118e-03 1.5228e-02 7.3823e-03 8.0207e-04 ] 9.7133e-01
 6.913e+00 2.8346e-02 2.8346e-02 [ 3.7099e-05 4.9627e-03 1.5159e-02 7.3839e-03 8.0326e-04 ] 9.7165e-01
 7.027e+00 2.8029e-02 2.8029e-02 [ 3.0410e-05 4.7224e-03 1.5085e-02 7.3864e-03 8.0465e-04 ] 9.7197e-01
 7.140e+00 2.7721e-02 2.7721e-02 [ 2.4854e-05 4.4908e-03 1.5009e-02 7.3900e-03 8.0621e-04 ] 9.7228e-01
 7.253e+00 2.7420e-02 2.7420e-02 [ 2.0254e-05 4.2679e-03 1.4929e-02 7.3946e-03 8.0796e-04 ] 9.7258e-01
 7.367e+00 2.7128e-02 2.7128e-02 [ 1.6457e-05 4.0537e-03 1.4848e-02 7.4004e-03 8.0987e-04 ] 9.7287e-01
 7.480e+00 2.6845e-02 2.6845e-02 [ 1.3333e-05 3.8479e-03 1.4764e-02 7.4073e-03 8.1195e-04 ] 9.7316e-01
 7.593e+00 2.6569e-02 2.6569e-02 [ 1.0771e-05 3.6504e-03 1.4679e-02 7.4154e-03 8.1417e-04 ] 9.7343e-01
 7.707e+00 2.6303e-02 2.6303e-02 [ 8.6755e-06 3.4611e-03 1.4592e-02 7.4247e-03 8.1654e-04 ] 9.7370e-01
 7.820e+00 2.6044e-02 2.6044e-02 [ 6.9673e-06 3.2798e-03 1.4503e-02 7.4352e-03 8.1904e-04 ] 9.7396e-01
 7.933e+00 2.5794e-02 2.5794e-02 [ 5.5792e-06 3.1062e-03 1.4414e-02 7.4468e-03 8.2166e-04 ] 9.7421e-01
 8.047e+00 2.5552e-02 2.5552e-02 [ 4.4545e-06 2.9401e-03 1.4324e-02 7.4596e-03 8.2441e-04 ] 9.7445e-01
 8.160e+00 2.5318e-02 2.5318e-02 [ 3.5461e-06 2.7813e-03 1.4232e-02 7.4735e-03 8.2726e-04 ] 9.7468e-01
 8.273e+00 2.5092e-02 2.5092e-02 [ 2.8147e-06 2.6297e-03 1.4141e-02 7.4885e-03 8.3022e-04 ] 9.7491e-01
 8.387e+00 2.4873e-02 2.4873e-02 [ 2.2275e-06 2.4848e-03 1.4048e-02 7.5045e-03 8.3326e-04 ] 9.7513e-01
 8.500e+00 2.4661e-02 2.4661e-02 [ 1.7577e-06 2.3466e-03 1.3955e-02 7.5215e-03 8.3639e-04 ] 9.7534e-01
 8.613e+00 2.4457e-02 2.4457e-02 [ 1.3829e-06 2.2147e-03 1.3861e-02 7.5395e-03 8.3960e-04 ] 9.7554e-01
 8.727e+00 2.4259e-02 2.4259e-02 [ 1.0848e-06 2.0890e-03 1.3767e-02 7.5584e-03 8.4288e-04 ] 9.7574e-01
 8.840e+00 2.4067e-02 2.4067e-02 [ 8.4843e-07 1.9693e-03 1.3673e-02 7.5782e-03 8.4622e-04 ] 9.7593e-01
 8.953e+00 2.3882e-02 2.3882e-02 [ 6.6162e-07 1.8553e-03 1.3578e-02 7.5988e-03 8.4962e-04 ] 9.7612e-01
 9.067e+00 2.3703e-02 2.3703e-02 [ 5.1442e-07 1.7467e-03 1.3483e-02 7.6201e-03 8.5307e-04 ] 9.7630e-01
 9.180e+00 2.3530e-02 2.3530e-02 [ 3.9879e-07 1.6435e-03 1.3387e-02 7.6422e-03 8.5656e-04 ] 9.7647e-01
 9.293e+00 2.3362e-02 2.3362e-02 [ 3.0823e-07 1.5454e-03 1.3291e-02 7.6649e-03 8.6009e-04 ] 9.7664e-01
 9.407e+00 2.3199e-02 2.3199e-02 [ 2.3754e-07 1.4522e-03 1.3195e-02 7.6882e-03 8.6366e-04 ] 9.7680e-01
 9.520e+00 2.3041e-02 2.3041e-02 [ 1.8252e-07 1.3636e-03 1.3098e-02 7.7121e-03 8.6725e-04 ] 9.7696e-01
 9.633e+00 2.2888e-02 2.2888e-02 [ 1.3983e-07 1.2796e-03 1.3001e-02 7.7365e-03 8.7087e-04 ] 9.7711e-01
 9.747e+00 2.2739e-02 2.2739e-02 [ 1.0681e-07 1.2000e-03 1.2903e-02 7.7614e-03 8.7451e-04 ] 9.7726e-01
 9.860e+00 2.2595e-02 2.2595e-02 [ 8.1349e-08 1.1244e-03 1.2806e-02 7.7866e-03 8.7816e-04 ] 9.7741e-01
 9.973e+00 2.2455e-02 2.2455e-02 [ 6.1774e-08 1.0529e-03 1.2707e-02 7.8123e-03 8.8183e-04 ] 9.7755e-01
 1.009e+01 2.2318e-02 2.2318e-02 [ 4.6772e-08 9.8524e-04 1.2609e-02 7.8382e-03 8.8551e-04 ] 9.7768e-01
 1.020e+01 2.2185e-02 2.2185e-02 [ 3.5310e-08 9.2121e-04 1.2510e-02 7.8644e-03 8.8918e-04 ] 9.7781e-01
 1.031e+01 2.2056e-02 2.2056e-02 [ 2.6579e-08 8.6070e-04 1.2411e-02 7.8909e-03 8.9287e-04 ] 9.7794e-01
 1.043e+01 2.1929e-02 2.1929e-02 [ 1.9949e-08 8.0354e-04 1.2312e-02 7.9175e-03 8.9655e-04 ] 9.7807e-01
 1.054e+01 2.1806e-02 2.1806e-02 [ 1.4929e-08 7.4959e-04 1.2212e-02 7.9443e-03 9.0023e-04 ] 9.7819e-01
 1.065e+01 2.1686e-02 2.1686e-02 [ 1.1140e-08 6.9871e-04 1.2112e-02 7.9712e-03 9.0390e-04 ] 9.7831e-01
 1.077e+01 2.1568e-02 2.1568e-02 [ 8.2886e-09 6.5076e-04 1.2012e-02 7.9982e-03 9.0757e-04 ] 9.7843e-01
 1.088e+01 2.1453e-02 2.1453e-02 [ 6.1494e-09 6.0562e-04 1.1911e-02 8.0253e-03 9.1122e-04 ] 9.7855e-01
 1.099e+01 2.1340e-02 2.1340e-02 [ 4.5492e-09 5.6314e-04 1.1810e-02 8.0523e-03 9.1487e-04 ] 9.7866e-01
 1.111e+01 2.1230e-02 2.1230e-02 [ 3.3558e-09 5.2320e-04 1.1709e-02 8.0793e-03 9.1850e-04 ] 9.7877e-01
 1.122e+01 2.1122e-02 2.1122e-02 [ 2.4685e-09 4.8569e-04 1.1608e-02 8.1063e-03 9.2212e-04 ] 9.7888e-01
 1.133e+01 2.1016e-02 2.1016e-02 [ 1.8106e-09 4.5049e-04 1.1506e-02 8.1333e-03 9.2573e-04 ] 9.7898e-01
 1.145e+01 2.0911e-02 2.0911e-02 [ 1.3243e-09 4.1748e-04 1.1405e-02 8.1601e-03 9.2932e-04 ] 9.7909e-01
 1.156e+01 2.0809e-02 2.0809e-02 [ 9.6594e-10 3.8655e-04 1.1303e-02 8.1868e-03 9.3289e-04 ] 9.7919e-01
 1.167e+01 2.0708e-02 2.0708e-02 [ 7.0257e-10 3.5760e-04 1.1201e-02 8.2133e-03 9.3644e-04 ] 9.7929e-01
 1.179e+01 2.0609e-02 2.0609e-02 [ 5.0959e-10 3.3052e-04 1.1099e-02 8.2397e-03 9.3997e-04 ] 9.7939e-01
 1.190e+01 2.0511e-02 2.0511e-02 [ 3.6860e-10 3.0522e-04 1.0997e-02 8.2659e-03 9.4348e-04 ] 9.7949e-01
 1.201e+01 2.0415e-02 2.0415e-02 [ 2.6588e-10 2.8161e-04 1.0895e-02 8.2919e-03 9.4697e-04 ] 9.7958e-01
 1.213e+01 2.0320e-02 2.0320e-02 [ 1.9127e-10 2.5958e-04 1.0792e-02 8.3177e-03 9.5044e-04 ] 9.7968e-01
 1.224e+01 2.0227e-02 2.0227e-02 [ 1.3722e-10 2.3906e-04 1.0690e-02 8.3432e-03 9.5389e-04 ] 9.7977e-01
 1.235e+01 2.0134e-02 2.0134e-02 [ 9.8178e-11 2.1996e-04 1.0588e-02 8.3685e-03 9.5731e-04 ] 9.7987e-01
 1.247e+01 2.0043e-02 2.0043e-02 [ 7.0057e-11 2.0219e-04 1.0486e-02 8.3935e-03 9.6071e-04 ] 9.7996e-01
 1.258e+01 1.9952e-02 1.9952e-02 [ 4.9857e-11 1.8569e-04 1.0384e-02 8.4182e-03 9.6408e-04 ] 9.8005e-01
 1.269e+01 1.9863e-02 1.9863e-02 [ 3.5387e-11 1.7037e-04 1.0283e-02 8.4426e-03 9.6743e-04 ] 9.8014e-01
 1.281e+01 1.9774e-02 1.9774e-02 [ 2.5051e-11 1.5617e-04 1.0181e-02 8.4667e-03 9.7075e-04 ] 9.8023e-01
 1.292e+01 1.9687e-02 1.9687e-02 [ 1.7688e-11 1.4301e-04 1.0079e-02 8.4905e-03 9.7405e-04 ] 9.8031e-01
 1.303e+01 1.9600e-02 1.9600e-02 [ 1.2456e-11 1.3084e-04 9.9781e-03 8.5139e-03 9.7732e-04 ] 9.8040e-01
 1.315e+01 1.9514e-02 1.9514e-02 [ 8.7494e-12 1.1958e-04 9.8770e-03 8.5370e-03 9.8057e-04 ] 9.8049e-01
 1.326e+01 1.9429e-02 1.9429e-02 [ 6.1300e-12 1.0919e-04 9.7762e-03 8.5598e-03 9.8379e-04 ] 9.8057e-01
 1.337e+01 1.9344e-02 1.9344e-02 [ 4.2839e-12 9.9601e-05 9.6757e-03 8.5822e-03 9.8698e-04 ] 9.8066e-01
 1.349e+01 1.9261e-02 1.9261e-02 [ 2.9862e-12 9.0766e-05 9.5754e-03 8.6042e-03 9.9014e-04 ] 9.8074e-01
 1.360e+01 1.9177e-02 1.9177e-02 [ 2.0764e-12 8.2632e-05 9.4755e-03 8.6259e-03 9.9328e-04 ] 9.8082e-01
 1.371e+01 1.9095e-02 1.9095e-02 [ 1.4402e-12 7.5152e-05 9.3759e-03 8.6472e-03 9.9638e-04 ] 9.8091e-01
 1.383e+01 1.9012e-02 1.9012e-02 [ 9.9647e-13 6.8280e-05 9.2767e-03 8.6680e-03 9.9946e-04 ] 9.8099e-01
 1.394e+01 1.8931e-02 1.8931e-02 [ 6.8777e-13 6.1974e-05 9.1778e-03 8.6885e-03 1.0025e-03 ] 9.8107e-01
 1.405e+01 1.8850e-02 1.8850e-02 [ 4.7355e-13 5.6193e-05 9.0793e-03 8.7086e-03 1.0055e-03 ] 9.8115e-01
 1.417e+01 1.8769e-02 1.8769e-02 [ 3.2526e-13 5.0900e-05 8.9812e-03 8.7283e-03 1.0085e-03 ] 9.8123e-01
 1.428e+01 1.8689e-02 1.8689e-02 [ 2.2288e-13 4.6058e-05 8.8836e-03 8.7476e-03 1.0115e-03 ] 9.8131e-01
 1.439e+01 1.8609e-02 1.8609e-02 [ 1.5236e-13 4.1633e-05 8.7864e-03 8.7665e-03 1.0144e-03 ] 9.8139e-01
 1.451e+01 1.8529e-02 1.8529e-02 [ 1.0391e-13 3.7595e-05 8.6896e-03 8.7849e-03 1.0173e-03 ] 9.8147e-01
 1.462e+01 1.8450e-02 1.8450e-02 [ 7.0700e-14 3.3913e-05 8.5933e-03 8.8029e-03 1.0202e-03 ] 9.8155e-01
 1.473e+01 1.8372e-02 1.8372e-02 [ 4.7994e-14 3.0560e-05 8.4975e-03 8.8205e-03 1.0230e-03 ] 9.8163e-01
 1.485e+01 1.8293e-02 1.8293e-02 [ 3.2505e-14 2.7510e-05 8.4021e-03 8.8377e-03 1.0258e-03 ] 9.8171e-01
 1.496e+01 1.8215e-02 1.8215e-02 [ 2.1965e-14 2.4738e-05 8.3073e-03 8.8544e-03 1.0285e-03 ] 9.8178e-01
 1.507e+01 1.8137e-02 1.8137e-02 [ 1.4809e-14 2.2221e-05 8.2129e-03 8.8708e-03 1.0313e-03 ] 9.8186e-01
 1.519e+01 1.8060e-02 1.8060e-02 [ 9.9618e-15 1.9940e-05 8.1191e-03 8.8866e-03 1.0340e-03 ] 9.8194e-01
 1.530e+01 1.7982e-02 1.7982e-02 [ 6.6864e-15 1.7874e-05 8.0258e-03 8.9021e-03 1.0366e-03 ] 9.8202e-01
 1.541e+01 1.7905e-02 1.7905e-02 [ 4.4781e-15 1.6004e-05 7.9331e-03 8.9171e-03 1.0393e-03 ] 9.8209e-01
 1.553e+01 1.7829e-02 1.7829e-02 [ 2.9926e-15 1.4315e-05 7.8408e-03 8.9316e-03 1.0419e-03 ] 9.8217e-01
 1.564e+01 1.7752e-02 1.7752e-02 [ 1.9955e-15 1.2791e-05 7.7491e-03 8.9458e-03 1.0444e-03 ] 9.8225e-01
 1.575e+01 1.7676e-02 1.7676e-02 [ 1.3278e-15 1.1416e-05 7.6580e-03 8.9594e-03 1.0470e-03 ] 9.8232e-01
 1.587e+01 1.7600e-02 1.7600e-02 [ 8.8164e-16 1.0178e-05 7.5674e-03 8.9727e-03 1.0495e-03 ] 9.8240e-01
 1.598e+01 1.7524e-02 1.7524e-02 [ 5.8416e-16 9.0647e-06 7.4774e-03 8.9855e-03 1.0519e-03 ] 9.8248e-01
 1.609e+01 1.7448e-02 1.7448e-02 [ 3.8625e-16 8.0642e-06 7.3879e-03 8.9978e-03 1.0543e-03 ] 9.8255e-01
 1.621e+01 1.7373e-02 1.7373e-02 [ 2.5486e-16 7.1663e-06 7.2990e-03 9.0097e-03 1.0567e-03 ] 9.8263e-01
 1.632e+01 1.7297e-02 1.7297e-02 [ 1.6782e-16 6.3613e-06 7.2107e-03 9.0212e-03 1.0591e-03 ] 9.8270e-01
 1.643e+01 1.7222e-02 1.7222e-02 [ 1.1028e-16 5.6406e-06 7.1229e-03 9.0322e-03 1.0614e-03 ] 9.8278e-01
 1.655e+01 1.7147e-02 1.7147e-02 [ 7.2323e-17 4.9960e-06 7.0358e-03 9.0428e-03 1.0637e-03 ] 9.8285e-01
 1.666e+01 1.7072e-02 1.7072e-02 [ 4.7336e-17 4.4202e-06 6.9492e-03 9.0529e-03 1.0659e-03 ] 9.8293e-01
 1.677e+01 1.6998e-02 1.6998e-02 [ 3.0920e-17 3.9064e-06 6.8631e-03 9.0626e-03 1.0681e-03 ] 9.8300e-01
 1.689e+01 1.6923e-02 1.6923e-02 [ 2.0158e-17 3.4485e-06 6.7777e-03 9.0718e-03 1.0703e-03 ] 9.8308e-01
 1.700e+01 1.6849e-02 1.6849e-02 [ 1.3116e-17 3.0409e-06 6.6928e-03 9.0806e-03 1.0724e-03 ] 9.8315e-01
 1.711e+01 1.6775e-02 1.6775e-02 [ 8.5173e-18 2.6784e-06 6.6085e-03 9.0889e-03 1.0745e-03 ] 9.8323e-01
 1.723e+01 1.6700e-02 1.6700e-02 [ 5.5206e-18 2.3565e-06 6.5248e-03 9.0968e-03 1.0766e-03 ] 9.8330e-01
 1.734e+01 1.6627e-02 1.6627e-02 [ 3.5714e-18 2.0710e-06 6.4416e-03 9.1042e-03 1.0786e-03 ] 9.8337e-01
 1.745e+01 1.6553e-02 1.6553e-02 [ 2.3061e-18 1.8180e-06 6.3591e-03 9.1112e-03 1.0806e-03 ] 9.8345e-01
 1.757e+01 1.6479e-02 1.6479e-02 [ 1.4864e-18 1.5941e-06 6.2771e-03 9.1178e-03 1.0825e-03 ] 9.8352e-01
 1.768e+01 1.6405e-02 1.6405e-02 [ 9.5621e-19 1.3962e-06 6.1957e-03 9.1239e-03 1.0844e-03 ] 9.8359e-01
 1.779e+01 1.6332e-02 1.6332e-02 [ 6.1403e-19 1.2215e-06 6.1149e-03 9.1296e-03 1.0863e-03 ] 9.8367e-01
 1.791e+01 1.6259e-02 1.6259e-02 [ 3.9359e-19 1.0674e-06 6.0346e-03 9.1348e-03 1.0881e-03 ] 9.8374e-01
 1.802e+01 1.6185e-02 1.6185e-02 [ 2.5183e-19 9.3175e-07 5.9549e-03 9.1396e-03 1.0899e-03 ] 9.8381e-01
 1.813e+01 1.6112e-02 1.6112e-02 [ 1.6084e-19 8.1237e-07 5.8758e-03 9.1440e-03 1.0916e-03 ] 9.8389e-01
 1.825e+01 1.6039e-02 1.6039e-02 [ 1.0255e-19 7.0748e-07 5.7973e-03 9.1479e-03 1.0934e-03 ] 9.8396e-01
 1.836e+01 1.5966e-02 1.5966e-02 [ 6.5269e-20 6.1543e-07 5.7194e-03 9.1514e-03 1.0950e-03 ] 9.8403e-01
 1.847e+01 1.5894e-02 1.5894e-02 [ 4.1469e-20 5.3474e-07 5.6420e-03 9.1544e-03 1.0967e-03 ] 9.8411e-01
 1.859e+01 1.5821e-02 1.5821e-02 [ 2.6302e-20 4.6409e-07 5.5652e-03 9.1570e-03 1.0983e-03 ] 9.8418e-01
 1.870e+01 1.5748e-02 1.5748e-02 [ 1.6654e-20 4.0231e-07 5.4890e-03 9.1592e-03 1.0998e-03 ] 9.8425e-01
 1.881e+01 1.5676e-02 1.5676e-02 [ 1.0527e-20 3.4836e-07 5.4134e-03 9.1609e-03 1.1013e-03 ] 9.8432e-01
 1.893e+01 1.5604e-02 1.5604e-02 [ 6.6432e-21 3.0129e-07 5.3383e-03 9.1622e-03 1.1028e-03 ] 9.8440e-01
 1.904e+01 1.5531e-02 1.5531e-02 [ 4.1853e-21 2.6028e-07 5.2638e-03 9.1630e-03 1.1042e-03 ] 9.8447e-01
 1.915e+01 1.5459e-02 1.5459e-02 [ 2.6324e-21 2.2459e-07 5.1899e-03 9.1635e-03 1.1056e-03 ] 9.8454e-01
 1.927e+01 1.5387e-02 1.5387e-02 [ 1.6530e-21 1.9357e-07 5.1165e-03 9.1634e-03 1.1070e-03 ] 9.8461e-01
 1.938e+01 1.5315e-02 1.5315e-02 [ 1.0363e-21 1.6664e-07 5.0437e-03 9.1630e-03 1.1083e-03 ] 9.8468e-01
 1.949e+01 1.5243e-02 1.5243e-02 [ 6.4868e-22 1.4329e-07 4.9715e-03 9.1621e-03 1.1096e-03 ] 9.8476e-01
 1.961e+01 1.5172e-02 1.5172e-02 [ 4.0538e-22 1.2307e-07 4.8998e-03 9.1608e-03 1.1108e-03 ] 9.8483e-01
 1.972e+01 1.5100e-02 1.5100e-02 [ 2.5294e-22 1.0557e-07 4.8287e-03 9.1591e-03 1.1120e-03 ] 9.8490e-01
 1.983e+01 1.5028e-02 1.5028e-02 [ 1.5758e-22 9.0461e-08 4.7581e-03 9.1569e-03 1.1132e-03 ] 9.8497e-01
 1.995e+01 1.4957e-02 1.4957e-02 [ 9.8014e-23 7.7422e-08 4.6882e-03 9.1543e-03 1.1143e-03 ] 9.8504e-01
 2.006e+01 1.4886e-02 1.4886e-02 [ 6.0873e-23 6.6184e-08 4.6188e-03 9.1513e-03 1.1154e-03 ] 9.8511e-01
 2.017e+01 1.4814e-02 1.4814e-02 [ 3.7748e-23 5.6511e-08 4.5499e-03 9.1479e-03 1.1165e-03 ] 9.8519e-01
 2.029e+01 1.4743e-02 1.4743e-02 [ 2.3373e-23 4.8195e-08 4.4816e-03 9.1440e-03 1.1175e-03 ] 9.8526e-01
 2.040e+01 1.4672e-02 1.4672e-02 [ 1.4450e-23 4.1054e-08 4.4139e-03 9.1397e-03 1.1185e-03 ] 9.8533e-01
 2.051e+01 1.4601e-02 1.4601e-02 [ 8.9208e-24 3.4930e-08 4.3467e-03 9.1350e-03 1.1194e-03 ] 9.8540e-01
 2.063e+01 1.4530e-02 1.4530e-02 [ 5.4991e-24 2.9684e-08 4.2801e-03 9.1298e-03 1.1203e-03 ] 9.8547e-01
 2.074e+01 1.4459e-02 1.4459e-02 [ 3.3849e-24 2.5197e-08 4.2140e-03 9.1243e-03 1.1211e-03 ] 9.8554e-01
 2.085e+01 1.4389e-02 1.4389e-02 [ 2.0805e-24 2.1362e-08 4.1485e-03 9.1183e-03 1.1220e-03 ] 9.8561e-01
 2.097e+01 1.4318e-02 1.4318e-02 [ 1.2769e-24 1.8090e-08 4.0836e-03 9.1118e-03 1.1227e-03 ] 9.8568e-01
 2.108e+01 1.4248e-02 1.4248e-02 [ 7.8261e-25 1.5300e-08 4.0192e-03 9.1050e-03 1.1235e-03 ] 9.8575e-01
 2.119e+01 1.4177e-02 1.4177e-02 [ 4.7898e-25 1.2926e-08 3.9554e-03 9.0977e-03 1.1242e-03 ] 9.8582e-01
 2.131e+01 1.4107e-02 1.4107e-02 [ 2.9273e-25 1.0907e-08 3.8921e-03 9.0900e-03 1.1248e-03 ] 9.8589e-01
 2.142e+01 1.4037e-02 1.4037e-02 [ 1.7866e-25 9.1921e-09 3.8294e-03 9.0819e-03 1.1255e-03 ] 9.8596e-01
 2.153e+01 1.3967e-02 1.3967e-02 [ 1.0889e-25 7.7378e-09 3.7672e-03 9.0734e-03 1.1261e-03 ] 9.8603e-01
 2.165e+01 1.3897e-02 1.3897e-02 [ 6.6277e-26 6.5058e-09 3.7056e-03 9.0644e-03 1.1266e-03 ] 9.8610e-01
 2.176e+01 1.3827e-02 1.3827e-02 [ 4.0285e-26 5.4634e-09 3.6445e-03 9.0550e-03 1.1271e-03 ] 9.8617e-01
 2.187e+01 1.3757e-02 1.3757e-02 [ 2.4453e-26 4.5826e-09 3.5840e-03 9.0452e-03 1.1276e-03 ] 9.8624e-01
 2.199e+01 1.3687e-02 1.3687e-02 [ 1.4824e-26 3.8392e-09 3.5241e-03 9.0350e-03 1.1280e-03 ] 9.8631e-01
 2.210e+01 1.3617e-02 1.3617e-02 [ 8.9742e-27 3.2126e-09 3.4647e-03 9.0243e-03 1.1284e-03 ] 9.8638e-01
 2.221e+01 1.3548e-02 1.3548e-02 [ 5.4259e-27 2.6850e-09 3.4059e-03 9.0132e-03 1.1288e-03 ] 9.8645e-01
 2.233e+01 1.3478e-02 1.3478e-02 [ 3.2763e-27 2.2413e-09 3.3476e-03 9.0017e-03 1.1291e-03 ] 9.8652e-01
 2.244e+01 1.3409e-02 1.3409e-02 [ 1.9757e-27 1.8688e-09 3.2899e-03 8.9898e-03 1.1294e-03 ] 9.8659e-01
 2.255e+01 1.3340e-02 1.3340e-02 [ 1.1899e-27 1.5563e-09 3.2327e-03 8.9775e-03 1.1297e-03 ] 9.8666e-01
 2.267e+01 1.3271e-02 1.3271e-02 [ 7.1574e-28 1.2944e-09 3.1761e-03 8.9647e-03 1.1299e-03 ] 9.8673e-01
 2.278e+01 1.3202e-02 1.3202e-02 [ 4.2998e-28 1.0754e-09 3.1200e-03 8.9515e-03 1.1301e-03 ] 9.8680e-01
 2.289e+01 1.3133e-02 1.3133e-02 [ 2.5799e-28 8.9233e-10 3.0645e-03 8.9379e-03 1.1302e-03 ] 9.8687e-01
 2.301e+01 1.3064e-02 1.3064e-02 [ 1.5460e-28 7.3954e-10 3.0095e-03 8.9238e-03 1.1303e-03 ] 9.8694e-01
 2.312e+01 1.2995e-02 1.2995e-02 [ 9.2529e-29 6.1218e-10 2.9551e-03 8.9094e-03 1.1304e-03 ] 9.8701e-01
 2.323e+01 1.2926e-02 1.2926e-02 [ 5.5312e-29 5.0614e-10 2.9012e-03 8.8945e-03 1.1304e-03 ] 9.8707e-01
 2.335e+01 1.2858e-02 1.2858e-02 [ 3.3025e-29 4.1796e-10 2.8479e-03 8.8792e-03 1.1304e-03 ] 9.8714e-01
 2.346e+01 1.2789e-02 1.2789e-02 [ 1.9694e-29 3.4473e-10 2.7952e-03 8.8635e-03 1.1304e-03 ] 9.8721e-01
 2.357e+01 1.2721e-02 1.2721e-02 [ 1.1730e-29 2.8399e-10 2.7430e-03 8.8473e-03 1.1303e-03 ] 9.8728e-01
 2.369e+01 1.2652e-02 1.2652e-02 [ 6.9785e-30 2.3367e-10 2.6914e-03 8.8307e-03 1.1302e-03 ] 9.8735e-01
 2.380e+01 1.2584e-02 1.2584e-02 [ 4.1468e-30 1.9203e-10 2.6403e-03 8.8137e-03 1.1301e-03 ] 9.8742e-01
 2.391e+01 1.2516e-02 1.2516e-02 [ 2.4612e-30 1.5762e-10 2.5897e-03 8.7963e-03 1.1299e-03 ] 9.8748e-01
 2.403e+01 1.2448e-02 1.2448e-02 [ 1.4591e-30 1.2922e-10 2.5398e-03 8.7784e-03 1.1297e-03 ] 9.8755e-01
 2.414e+01 1.2380e-02 1.2380e-02 [ 8.6402e-31 1.0581e-10 2.4903e-03 8.7601e-03 1.1295e-03 ] 9.8762e-01
 2.425e+01 1.2312e-02 1.2312e-02 [ 5.1105e-31 8.6539e-11 2.4415e-03 8.7414e-03 1.1292e-03 ] 9.8769e-01
 2.437e+01 1.2244e-02 1.2244e-02 [ 3.0193e-31 7.0691e-11 2.3932e-03 8.7223e-03 1.1289e-03 ] 9.8776e-01
 2.448e+01 1.2177e-02 1.2177e-02 [ 1.7818e-31 5.7674e-11 2.3454e-03 8.7027e-03 1.1286e-03 ] 9.8782e-01
 2.459e+01 1.2109e-02 1.2109e-02 [ 1.0503e-31 4.6998e-11 2.2982e-03 8.6828e-03 1.1282e-03 ] 9.8789e-01
 2.471e+01 1.2042e-02 1.2042e-02 [ 6.1847e-32 3.8252e-11 2.2516e-03 8.6623e-03 1.1278e-03 ] 9.8796e-01
 2.482e+01 1.1974e-02 1.1974e-02 [ 3.6377e-32 3.1095e-11 2.2055e-03 8.6415e-03 1.1273e-03 ] 9.8803e-01
 2.493e+01 1.1907e-02 1.1907e-02 [ 2.1373e-32 2.5247e-11 2.1599e-03 8.6202e-03 1.1269e-03 ] 9.8809e-01
 2.505e+01 1.1840e-02 1.1840e-02 [ 1.2543e-32 2.0474e-11 2.1150e-03 8.5985e-03 1.1263e-03 ] 9.8816e-01
 2.516e+01 1.1773e-02 1.1773e-02 [ 7.3537e-33 1.6583e-11 2.0705e-03 8.5764e-03 1.1258e-03 ] 9.8823e-01
 2.527e+01 1.1706e-02 1.1706e-02 [ 4.3066e-33 1.3416e-11 2.0267e-03 8.5538e-03 1.1252e-03 ] 9.8829e-01
 2.539e+01 1.1639e-02 1.1639e-02 [ 2.5194e-33 1.0840e-11 1.9834e-03 8.5309e-03 1.1246e-03 ] 9.8836e-01
 2.550e+01 1.1572e-02 1.1572e-02 [ 1.4723e-33 8.7482e-12 1.9406e-03 8.5074e-03 1.1240e-03 ] 9.8843e-01
 2.561e+01 1.1505e-02 1.1505e-02 [ 8.5948e-34 7.0515e-12 1.8984e-03 8.4836e-03 1.1233e-03 ] 9.8849e-01
 2.573e+01 1.1439e-02 1.1439e-02 [ 5.0122e-34 5.6769e-12 1.8567e-03 8.4593e-03 1.1226e-03 ] 9.8856e-01
 2.584e+01 1.1372e-02 1.1372e-02 [ 2.9199e-34 4.5648e-12 1.8156e-03 8.4346e-03 1.1219e-03 ] 9.8863e-01
 2.595e+01 1.1306e-02 1.1306e-02 [ 1.6993e-34 3.6661e-12 1.7751e-03 8.4095e-03 1.1211e-03 ] 9.8869e-01
 2.607e+01 1.1239e-02 1.1239e-02 [ 9.8789e-35 2.9408e-12 1.7351e-03 8.3840e-03 1.1203e-03 ] 9.8876e-01
 2.618e+01 1.1173e-02 1.1173e-02 [ 5.7374e-35 2.3561e-12 1.6957e-03 8.3580e-03 1.1195e-03 ] 9.8883e-01
 2.629e+01 1.1107e-02 1.1107e-02 [ 3.3288e-35 1.8853e-12 1.6568e-03 8.3316e-03 1.1186e-03 ] 9.8889e-01
 2.641e+01 1.1041e-02 1.1041e-02 [ 1.9294e-35 1.5068e-12 1.6184e-03 8.3047e-03 1.1177e-03 ] 9.8896e-01
 2.652e+01 1.0975e-02 1.0975e-02 [ 1.1172e-35 1.2029e-12 1.5806e-03 8.2775e-03 1.1168e-03 ] 9.8903e-01
 2.663e+01 1.0909e-02 1.0909e-02 [ 6.4622e-36 9.5904e-13 1.5434e-03 8.2498e-03 1.1159e-03 ] 9.8909e-01
 2.675e+01 1.0843e-02 1.0843e-02 [ 3.7344e-36 7.6372e-13 1.5067e-03 8.2216e-03 1.1149e-03 ] 9.8916e-01
 2.686e+01 1.0778e-02 1.0778e-02 [ 2.1559e-36 6.0744e-13 1.4706e-03 8.1931e-03 1.1139e-03 ] 9.8922e-01
 2.697e+01 1.0712e-02 1.0712e-02 [ 1.2434e-36 4.8255e-13 1.4350e-03 8.1641e-03 1.1128e-03 ] 9.8929e-01
 2.709e+01 1.0646e-02 1.0646e-02 [ 7.1647e-37 3.8288e-13 1.3999e-03 8.1347e-03 1.1117e-03 ] 9.8935e-01
 2.720e+01 1.0581e-02 1.0581e-02 [ 4.1243e-37 3.0342e-13 1.3654e-03 8.1049e-03 1.1106e-03 ] 9.8942e-01
 2.731e+01 1.0516e-02 1.0516e-02 [ 2.3719e-37 2.4017e-13 1.3315e-03 8.0746e-03 1.1095e-03 ] 9.8948e-01
 2.743e+01 1.0450e-02 1.0450e-02 [ 1.3628e-37 1.8987e-13 1.2980e-03 8.0439e-03 1.1083e-03 ] 9.8955e-01
 2.754e+01 1.0385e-02 1.0385e-02 [ 7.8224e-38 1.4992e-13 1.2652e-03 8.0128e-03 1.1071e-03 ] 9.8961e-01
 2.765e+01 1.0320e-02 1.0320e-02 [ 4.4859e-38 1.1823e-13 1.2328e-03 7.9813e-03 1.1059e-03 ] 9.8968e-01
 2.777e+01 1.0255e-02 1.0255e-02 [ 2.5701e-38 9.3133e-14 1.2010e-03 7.9494e-03 1.1047e-03 ] 9.8974e-01
 2.788e+01 1.0190e-02 1.0190e-02 [ 1.4712e-38 7.3271e-14 1.1698e-03 7.9170e-03 1.1034e-03 ] 9.8981e-01
 2.799e+01 1.0125e-02 1.0125e-02 [ 8.4133e-39 5.7576e-14 1.1390e-03 7.8842e-03 1.1020e-03 ] 9.8987e-01
 2.811e+01 1.0061e-02 1.0061e-02 [ 4.8070e-39 4.5188e-14 1.1088e-03 7.8510e-03 1.1007e-03 ] 9.8994e-01
 2.822e+01 9.9959e-03 9.9959e-03 [ 2.7440e-39 3.5422e-14 1.0791e-03 7.8174e-03 1.0993e-03 ] 9.9000e-01
 2.833e+01 9.9313e-03 9.9313e-03 [ 1.5649e-39 2.7734e-14 1.0500e-03 7.7834e-03 1.0979e-03 ] 9.9007e-01
 2.845e+01 9.8668e-03 9.8668e-03 [ 8.9171e-40 2.1688e-14 1.0214e-03 7.7489e-03 1.0965e-03 ] 9.9013e-01
 2.856e+01 9.8024e-03 9.8024e-03 [ 5.0764e-40 1.6939e-14 9.9326e-04 7.7141e-03 1.0950e-03 ] 9.9020e-01
 2.867e+01 9.7380e-03 9.7380e-03 [ 2.8874e-40 1.3214e-14 9.6568e-04 7.6788e-03 1.0935e-03 ] 9.9026e-01
 2.879e+01 9.6738e-03 9.6738e-03 [ 1.6409e-40 1.0296e-14 9.3861e-04 7.6432e-03 1.0920e-03 ] 9.9033e-01
 2.890e+01 9.6096e-03 9.6096e-03 [ 9.3166e-41 8.0127e-15 9.1206e-04 7.6071e-03 1.0904e-03 ] 9.9039e-01
 2.901e+01 9.5455e-03 9.5455e-03 [ 5.2852e-41 6.2282e-15 8.8601e-04 7.5706e-03 1.0888e-03 ] 9.9045e-01
 2.913e+01 9.4814e-03 9.4814e-03 [ 2.9956e-41 4.8352e-15 8.6048e-04 7.5337e-03 1.0872e-03 ] 9.9052e-01
 2.924e+01 9.4175e-03 9.4175e-03 [ 1.6964e-41 3.7493e-15 8.3545e-04 7.4964e-03 1.0856e-03 ] 9.9058e-01
 2.935e+01 9.3536e-03 9.3536e-03 [ 9.5986e-42 2.9037e-15 8.1092e-04 7.4588e-03 1.0839e-03 ] 9.9065e-01
 2.947e+01 9.2898e-03 9.2898e-03 [ 5.4264e-42 2.2461e-15 7.8689e-04 7.4207e-03 1.0822e-03 ] 9.9071e-01
 2.958e+01 9.2260e-03 9.2260e-03 [ 3.0651e-42 1.7354e-15 7.6335e-04 7.3822e-03 1.0804e-03 ] 9.9077e-01
 2.969e+01 9.1624e-03 9.1624e-03 [ 1.7298e-42 1.3392e-15 7.4031e-04 7.3434e-03 1.0787e-03 ] 9.9084e-01
 2.981e+01 9.0988e-03 9.0988e-03 [ 9.7545e-43 1.0322e-15 7.1775e-04 7.3041e-03 1.0769e-03 ] 9.9090e-01
 2.992e+01 9.0352e-03 9.0352e-03 [ 5.4959e-43 7.9458e-16 6.9567e-04 7.2645e-03 1.0750e-03 ] 9.9096e-01
 3.003e+01 8.9718e-03 8.9718e-03 [ 3.0939e-43 6.1095e-16 6.7408e-04 7.2245e-03 1.0732e-03 ] 9.9103e-01
 3.015e+01 8.9084e-03 8.9084e-03 [ 1.7403e-43 4.6919e-16 6.5296e-04 7.1842e-03 1.0713e-03 ] 9.9109e-01
 3.026e+01 8.8451e-03 8.8451e-03 [ 9.7806e-44 3.5989e-16 6.3231e-04 7.1434e-03 1.0693e-03 ] 9.9115e-01
 3.037e+01 8.7818e-03 8.7818e-03 [ 5.4923e-44 2.7572e-16 6.1212e-04 7.1023e-03 1.0674e-03 ] 9.9122e-01
 3.049e+01 8.7186e-03 8.7186e-03 [ 3.0817e-44 2.1098e-16 5.9240e-04 7.0608e-03 1.0654e-03 ] 9.9128e-01
 3.060e+01 8.6555e-03 8.6555e-03 [ 1.7277e-44 1.6125e-16 5.7313e-04 7.0190e-03 1.0634e-03 ] 9.9134e-01
 3.071e+01 8.5924e-03 8.5924e-03 [ 9.6785e-45 1.2309e-16 5.5432e-04 6.9768e-03 1.0613e-03 ] 9.9141e-01
 3.083e+01 8.5294e-03 8.5294e-03 [ 5.4174e-45 9.3854e-17 5.3595e-04 6.9342e-03 1.0592e-03 ] 9.9147e-01
 3.094e+01 8.4664e-03 8.4664e-03 [ 3.0299e-45 7.1474e-17 5.1803e-04 6.8913e-03 1.0571e-03 ] 9.9153e-01
 3.105e+01 8.4035e-03 8.4035e-03 [ 1.6932e-45 5.4365e-17 5.0054e-04 6.8481e-03 1.0549e-03 ] 9.9160e-01
 3.117e+01 8.3407e-03 8.3407e-03 [ 9.4547e-46 4.1302e-17 4.8349e-04 6.8045e-03 1.0527e-03 ] 9.9166e-01
 3.128e+01 8.2779e-03 8.2779e-03 [ 5.2753e-46 3.1340e-17 4.6687e-04 6.7605e-03 1.0505e-03 ] 9.9172e-01
 3.139e+01 8.2152e-03 8.2152e-03 [ 2.9410e-46 2.3753e-17 4.5066e-04 6.7163e-03 1.0482e-03 ] 9.9178e-01
 3.151e+01 8.1525e-03 8.1525e-03 [ 1.6384e-46 1.7981e-17 4.3488e-04 6.6717e-03 1.0459e-03 ] 9.9185e-01
 3.162e+01 8.0899e-03 8.0899e-03 [ 9.1198e-47 1.3595e-17 4.1950e-04 6.6268e-03 1.0436e-03 ] 9.9191e-01
 3.173e+01 8.0273e-03 8.0273e-03 [ 5.0725e-47 1.0267e-17 4.0453e-04 6.5815e-03 1.0412e-03 ] 9.9197e-01
 3.185e+01 7.9648e-03 7.9648e-03 [ 2.8192e-47 7.7440e-18 3.8997e-04 6.5360e-03 1.0388e-03 ] 9.9204e-01
 3.196e+01 7.9023e-03 7.9023e-03 [ 1.5656e-47 5.8342e-18 3.7579e-04 6.4901e-03 1.0364e-03 ] 9.9210e-01
 3.207e+01 7.8399e-03 7.8399e-03 [ 8.6881e-48 4.3901e-18 3.6201e-04 6.4440e-03 1.0339e-03 ] 9.9216e-01
 3.219e+01 7.7775e-03 7.7775e-03 [ 4.8176e-48 3.2996e-18 3.4860e-04 6.3975e-03 1.0313e-03 ] 9.9222e-01
 3.230e+01 7.7151e-03 7.7151e-03 [ 2.6693e-48 2.4770e-18 3.3558e-04 6.3508e-03 1.0288e-03 ] 9.9228e-01
 3.241e+01 7.6529e-03 7.6529e-03 [ 1.4779e-48 1.8572e-18 3.2292e-04 6.3037e-03 1.0262e-03 ] 9.9235e-01
 3.253e+01 7.5906e-03 7.5906e-03 [ 8.1763e-49 1.3909e-18 3.1063e-04 6.2564e-03 1.0236e-03 ] 9.9241e-01
 3.264e+01 7.5284e-03 7.5284e-03 [ 4.5201e-49 1.0404e-18 2.9870e-04 6.2088e-03 1.0209e-03 ] 9.9247e-01
 3.275e+01 7.4662e-03 7.4662e-03 [ 2.4970e-49 7.7732e-19 2.8712e-04 6.1610e-03 1.0182e-03 ] 9.9253e-01
 3.287e+01 7.4041e-03 7.4041e-03 [ 1.3783e-49 5.8007e-19 2.7589e-04 6.1128e-03 1.0154e-03 ] 9.9260e-01
 3.298e+01 7.3421e-03 7.3421e-03 [ 7.6028e-50 4.3236e-19 2.6500e-04 6.0645e-03 1.0126e-03 ] 9.9266e-01
 3.309e+01 7.2800e-03 7.2800e-03 [ 4.1906e-50 3.2188e-19 2.5444e-04 6.0158e-03 1.0098e-03 ] 9.9272e-01
 3.321e+01 7.2180e-03 7.2180e-03 [ 2.3081e-50 2.3934e-19 2.4422e-04 5.9669e-03 1.0069e-03 ] 9.9278e-01
 3.332e+01 7.1561e-03 7.1561e-03 [ 1.2703e-50 1.7776e-19 2.3431e-04 5.9178e-03 1.0039e-03 ] 9.9284e-01
 3.343e+01 7.0941e-03 7.0941e-03 [ 6.9865e-51 1.3187e-19 2.2472e-04 5.8685e-03 1.0010e-03 ] 9.9291e-01
 3.355e+01 7.0322e-03 7.0322e-03 [ 3.8396e-51 9.7709e-20 2.1543e-04 5.8189e-03 9.9794e-04 ] 9.9297e-01
 3.366e+01 6.9704e-03 6.9704e-03 [ 2.1087e-51 7.2312e-20 2.0645e-04 5.7691e-03 9.9488e-04 ] 9.9303e-01
 3.377e+01 6.9086e-03 6.9086e-03 [ 1.1572e-51 5.3453e-20 1.9777e-04 5.7190e-03 9.9177e-04 ] 9.9309e-01
 3.389e+01 6.8468e-03 6.8468e-03 [ 6.3460e-52 3.9466e-20 1.8937e-04 5.6688e-03 9.8861e-04 ] 9.9315e-01
 3.400e+01 6.7851e-03 6.7851e-03 [ 3.4776e-52 2.9105e-20 1.8126e-04 5.6184e-03 9.8541e-04 ] 9.9321e-01
 3.411e+01 6.7233e-03 6.7233e-03 [ 1.9044e-52 2.1438e-20 1.7343e-04 5.5678e-03 9.8216e-04 ] 9.9328e-01
 3.423e+01 6.6617e-03 6.6617e-03 [ 1.0421e-52 1.5773e-20 1.6587e-04 5.5169e-03 9.7886e-04 ] 9.9334e-01
 3.434e+01 6.6000e-03 6.6000e-03 [ 5.6986e-53 1.1591e-20 1.5857e-04 5.4659e-03 9.7551e-04 ] 9.9340e-01
 3.445e+01 6.5384e-03 6.5384e-03 [ 3.1140e-53 8.5074e-21 1.5153e-04 5.4148e-03 9.7211e-04 ] 9.9346e-01
 3.457e+01 6.4768e-03 6.4768e-03 [ 1.7004e-53 6.2370e-21 1.4474e-04 5.3634e-03 9.6865e-04 ] 9.9352e-01
 3.468e+01 6.4153e-03 6.4153e-03 [ 9.2790e-54 4.5672e-21 1.3820e-04 5.3119e-03 9.6515e-04 ] 9.9358e-01
 3.479e+01 6.3538e-03 6.3538e-03 [ 5.0598e-54 3.3405e-21 1.3190e-04 5.2603e-03 9.6160e-04 ] 9.9365e-01
 3.491e+01 6.2923e-03 6.2923e-03 [ 2.7572e-54 2.4404e-21 1.2583e-04 5.2085e-03 9.5799e-04 ] 9.9371e-01
 3.502e+01 6.2309e-03 6.2309e-03 [ 1.5014e-54 1.7807e-21 1.1999e-04 5.1565e-03 9.5433e-04 ] 9.9377e-01
 3.513e+01 6.1695e-03 6.1695e-03 [ 8.1704e-55 1.2979e-21 1.1438e-04 5.1045e-03 9.5061e-04 ] 9.9383e-01
 3.525e+01 6.1081e-03 6.1081e-03 [ 4.4431e-55 9.4483e-22 1.0897e-04 5.0523e-03 9.4684e-04 ] 9.9389e-01
 3.536e+01 6.0468e-03 6.0468e-03 [ 2.4145e-55 6.8702e-22 1.0378e-04 5.0000e-03 9.4301e-04 ] 9.9395e-01
 3.547e+01 5.9855e-03 5.9855e-03 [ 1.3112e-55 4.9898e-22 9.8792e-05 4.9475e-03 9.3912e-04 ] 9.9401e-01
 3.559e+01 5.9242e-03 5.9242e-03 [ 7.1157e-56 3.6198e-22 9.4001e-05 4.8950e-03 9.3518e-04 ] 9.9408e-01
 3.570e+01 5.8630e-03 5.8630e-03 [ 3.8590e-56 2.6229e-22 8.9403e-05 4.8424e-03 9.3118e-04 ] 9.9414e-01
 3.581e+01 5.8018e-03 5.8018e-03 [ 2.0914e-56 1.8983e-22 8.4992e-05 4.7897e-03 9.2712e-04 ] 9.9420e-01
 3.593e+01 5.7406e-03 5.7406e-03 [ 1.1327e-56 1.3723e-22 8.0761e-05 4.7369e-03 9.2300e-04 ] 9.9426e-01
 3.604e+01 5.6795e-03 5.6795e-03 [ 6.1303e-57 9.9088e-23 7.6706e-05 4.6840e-03 9.1882e-04 ] 9.9432e-01
 3.615e+01 5.6184e-03 5.6184e-03 [ 3.3157e-57 7.1465e-23 7.2822e-05 4.6310e-03 9.1458e-04 ] 9.9438e-01
 3.627e+01 5.5574e-03 5.5574e-03 [ 1.7921e-57 5.1483e-23 6.9102e-05 4.5780e-03 9.1027e-04 ] 9.9444e-01
 3.638e+01 5.4964e-03 5.4964e-03 [ 9.6801e-58 3.7044e-23 6.5541e-05 4.5250e-03 9.0590e-04 ] 9.9450e-01
 3.649e+01 5.4355e-03 5.4355e-03 [ 5.2252e-58 2.6625e-23 6.2135e-05 4.4719e-03 9.0147e-04 ] 9.9456e-01
 3.661e+01 5.3746e-03 5.3746e-03 [ 2.8186e-58 1.9113e-23 5.8879e-05 4.4188e-03 8.9697e-04 ] 9.9463e-01
 3.672e+01 5.3138e-03 5.3138e-03 [ 1.5195e-58 1.3705e-23 5.5766e-05 4.3656e-03 8.9241e-04 ] 9.9469e-01
 3.683e+01 5.2530e-03 5.2530e-03 [ 8.1857e-59 9.8161e-24 5.2793e-05 4.3124e-03 8.8779e-04 ] 9.9475e-01
 3.695e+01 5.1923e-03 5.1923e-03 [ 4.4069e-59 7.0224e-24 4.9954e-05 4.2592e-03 8.8309e-04 ] 9.9481e-01
 3.706e+01 5.1316e-03 5.1316e-03 [ 2.3710e-59 5.0180e-24 4.7245e-05 4.2060e-03 8.7833e-04 ] 9.9487e-01
 3.717e+01 5.0710e-03 5.0710e-03 [ 1.2748e-59 3.5816e-24 4.4661e-05 4.1528e-03 8.7350e-04 ] 9.9493e-01
 3.729e+01 5.0105e-03 5.0105e-03 [ 6.8500e-60 2.5534e-24 4.2198e-05 4.0997e-03 8.6860e-04 ] 9.9499e-01
 3.740e+01 4.9500e-03 4.9500e-03 [ 3.6783e-60 1.8183e-24 3.9851e-05 4.0465e-03 8.6363e-04 ] 9.9505e-01
 3.751e+01 4.8896e-03 4.8896e-03 [ 1.9739e-60 1.2933e-24 3.7616e-05 3.9934e-03 8.5860e-04 ] 9.9511e-01
 3.763e+01 4.8292e-03 4.8292e-03 [ 1.0586e-60 9.1885e-25 3.5489e-05 3.9403e-03 8.5349e-04 ] 9.9517e-01
 3.774e+01 4.7690e-03 4.7690e-03 [ 5.6733e-61 6.5207e-25 3.3465e-05 3.8872e-03 8.4831e-04 ] 9.9523e-01
 3.785e+01 4.7088e-03 4.7088e-03 [ 3.0387e-61 4.6221e-25 3.1540e-05 3.8342e-03 8.4306e-04 ] 9.9529e-01
 3.797e+01 4.6487e-03 4.6487e-03 [ 1.6265e-61 3.2725e-25 2.9712e-05 3.7812e-03 8.3774e-04 ] 9.9535e-01
 3.808e+01 4.5887e-03 4.5887e-03 [ 8.7005e-62 2.3144e-25 2.7974e-05 3.7283e-03 8.3234e-04 ] 9.9541e-01
 3.819e+01 4.5287e-03 4.5287e-03 [ 4.6512e-62 1.6349e-25 2.6325e-05 3.6755e-03 8.2687e-04 ] 9.9547e-01
 3.831e+01 4.4689e-03 4.4689e-03 [ 2.4849e-62 1.1536e-25 2.4761e-05 3.6228e-03 8.2133e-04 ] 9.9553e-01
 3.842e+01 4.4092e-03 4.4092e-03 [ 1.3267e-62 8.1302e-26 2.3277e-05 3.5702e-03 8.1572e-04 ] 9.9559e-01
 3.853e+01 4.3495e-03 4.3495e-03 [ 7.0791e-63 5.7236e-26 2.1871e-05 3.5177e-03 8.1003e-04 ] 9.9565e-01
 3.865e+01 4.2900e-03 4.2900e-03 [ 3.7749e-63 4.0247e-26 2.0538e-05 3.4652e-03 8.0426e-04 ] 9.9571e-01
 3.876e+01 4.2306e-03 4.2306e-03 [ 2.0117e-63 2.8269e-26 1.9277e-05 3.4129e-03 7.9842e-04 ] 9.9577e-01
 3.887e+01 4.1714e-03 4.1714e-03 [ 1.0714e-63 1.9833e-26 1.8084e-05 3.3608e-03 7.9251e-04 ] 9.9583e-01
 3.899e+01 4.1122e-03 4.1122e-03 [ 5.7027e-64 1.3899e-26 1.6955e-05 3.3087e-03 7.8652e-04 ] 9.9589e-01
 3.910e+01 4.0532e-03 4.0532e-03 [ 3.0334e-64 9.7290e-27 1.5889e-05 3.2568e-03 7.8046e-04 ] 9.9595e-01
 3.921e+01 3.9943e-03 3.9943e-03 [ 1.6126e-64 6.8025e-27 1.4881e-05 3.2051e-03 7.7432e-04 ] 9.9601e-01
 3.933e+01 3.9356e-03 3.9356e-03 [ 8.5672e-65 4.7509e-27 1.3930e-05 3.1535e-03 7.6811e-04 ] 9.9606e-01
 3.944e+01 3.8770e-03 3.8770e-03 [ 4.5488e-65 3.3143e-27 1.3032e-05 3.1021e-03 7.6182e-04 ] 9.9612e-01
 3.955e+01 3.8186e-03 3.8186e-03 [ 2.4137e-65 2.3095e-27 1.2185e-05 3.0509e-03 7.5546e-04 ] 9.9618e-01
 3.967e+01 3.7603e-03 3.7603e-03 [ 1.2800e-65 1.6075e-27 1.1388e-05 2.9999e-03 7.4902e-04 ] 9.9624e-01
 3.978e+01 3.7022e-03 3.7022e-03 [ 6.7838e-66 1.1176e-27 1.0636e-05 2.9491e-03 7.4251e-04 ] 9.9630e-01
 3.989e+01 3.6443e-03 3.6443e-03 [ 3.5931e-66 7.7617e-28 9.9286e-06 2.8984e-03 7.3592e-04 ] 9.9636e-01
 4.001e+01 3.5866e-03 3.5866e-03 [ 1.9020e-66 5.3842e-28 9.2631e-06 2.8480e-03 7.2926e-04 ] 9.9641e-01
 4.012e+01 3.5290e-03 3.5290e-03 [ 1.0062e-66 3.7308e-28 8.6372e-06 2.7979e-03 7.2253e-04 ] 9.9647e-01
 4.023e+01 3.4717e-03 3.4717e-03 [ 5.3199e-67 2.5822e-28 8.0491e-06 2.7479e-03 7.1573e-04 ] 9.9653e-01
 4.035e+01 3.4146e-03 3.4146e-03 [ 2.8110e-67 1.7852e-28 7.4967e-06 2.6983e-03 7.0885e-04 ] 9.9659e-01
 4.046e+01 3.3577e-03 3.3577e-03 [ 1.4845e-67 1.2328e-28 6.9783e-06 2.6488e-03 7.0190e-04 ] 9.9664e-01
 4.057e+01 3.3011e-03 3.3011e-03 [ 7.8345e-68 8.5043e-29 6.4920e-06 2.5997e-03 6.9489e-04 ] 9.9670e-01
 4.069e+01 3.2447e-03 3.2447e-03 [ 4.1323e-68 5.8598e-29 6.0360e-06 2.5508e-03 6.8780e-04 ] 9.9676e-01
 4.080e+01 3.1885e-03 3.1885e-03 [ 2.1783e-68 4.0331e-29 5.6089e-06 2.5022e-03 6.8065e-04 ] 9.9681e-01
 4.091e+01 3.1326e-03 3.1326e-03 [ 1.1476e-68 2.7728e-29 5.2089e-06 2.4539e-03 6.7343e-04 ] 9.9687e-01
 4.103e+01 3.0769e-03 3.0769e-03 [ 6.0425e-69 1.9042e-29 4.8346e-06 2.4059e-03 6.6614e-04 ] 9.9692e-01
 4.114e+01 3.0216e-03 3.0216e-03 [ 3.1797e-69 1.3062e-29 4.4846e-06 2.3583e-03 6.5879e-04 ] 9.9698e-01
 4.125e+01 2.9665e-03 2.9665e-03 [ 1.6722e-69 8.9503e-30 4.1574e-06 2.3109e-03 6.5138e-04 ] 9.9703e-01
 4.137e+01 2.9117e-03 2.9117e-03 [ 8.7892e-70 6.1261e-30 3.8518e-06 2.2639e-03 6.4390e-04 ] 9.9709e-01
 4.148e+01 2.8572e-03 2.8572e-03 [ 4.6170e-70 4.1884e-30 3.5666e-06 2.2173e-03 6.3637e-04 ] 9.9714e-01
 4.159e+01 2.8031e-03 2.8031e-03 [ 2.4239e-70 2.8604e-30 3.3005e-06 2.1710e-03 6.2877e-04 ] 9.9720e-01
 4.171e+01 2.7492e-03 2.7492e-03 [ 1.2718e-70 1.9513e-30 3.0524e-06 2.1251e-03 6.2112e-04 ] 9.9725e-01
 4.182e+01 2.6958e-03 2.6958e-03 [ 6.6692e-71 1.3297e-30 2.8213e-06 2.0795e-03 6.1342e-04 ] 9.9730e-01
 4.193e+01 2.6426e-03 2.6426e-03 [ 3.4953e-71 9.0511e-31 2.6060e-06 2.0344e-03 6.0566e-04 ] 9.9736e-01
 4.205e+01 2.5898e-03 2.5898e-03 [ 1.8308e-71 6.1541e-31 2.4058e-06 1.9896e-03 5.9785e-04 ] 9.9741e-01
 4.216e+01 2.5374e-03 2.5374e-03 [ 9.5842e-72 4.1798e-31 2.2195e-06 1.9452e-03 5.9000e-04 ] 9.9746e-01
 4.227e+01 2.4854e-03 2.4854e-03 [ 5.0144e-72 2.8358e-31 2.0465e-06 1.9013e-03 5.8209e-04 ] 9.9751e-01
 4.239e+01 2.4338e-03 2.4338e-03 [ 2.6220e-72 1.9218e-31 1.8857e-06 1.8578e-03 5.7415e-04 ] 9.9757e-01
 4.250e+01 2.3826e-03 2.3826e-03 [ 1.3703e-72 1.3010e-31 1.7365e-06 1.8147e-03 5.6616e-04 ] 9.9762e-01
 4.261e+01 2.3318e-03 2.3318e-03 [ 7.1572e-73 8.7976e-32 1.5981e-06 1.7721e-03 5.5813e-04 ] 9.9767e-01
 4.273e+01 2.2814e-03 2.2814e-03 [ 3.7362e-73 5.9427e-32 1.4699e-06 1.7299e-03 5.5007e-04 ] 9.9772e-01
 4.284e+01 2.2315e-03 2.2315e-03 [ 1.9493e-73 4.0098e-32 1.3511e-06 1.6882e-03 5.4197e-04 ] 9.9777e-01
 4.295e+01 2.1820e-03 2.1820e-03 [ 1.0164e-73 2.7027e-32 1.2411e-06 1.6469e-03 5.3385e-04 ] 9.9782e-01
 4.307e+01 2.1330e-03 2.1330e-03 [ 5.2971e-74 1.8197e-32 1.1393e-06 1.6062e-03 5.2569e-04 ] 9.9787e-01
 4.318e+01 2.0845e-03 2.0845e-03 [ 2.7590e-74 1.2239e-32 1.0452e-06 1.5659e-03 5.1752e-04 ] 9.9792e-01
 4.329e+01 2.0364e-03 2.0364e-03 [ 1.4363e-74 8.2224e-33 9.5834e-07 1.5261e-03 5.0932e-04 ] 9.9796e-01
 4.341e+01 1.9888e-03 1.9888e-03 [ 7.4727e-75 5.5181e-33 8.7810e-07 1.4869e-03 5.0110e-04 ] 9.9801e-01
 4.352e+01 1.9418e-03 1.9418e-03 [ 3.8858e-75 3.6993e-33 8.0406e-07 1.4481e-03 4.9287e-04 ] 9.9806e-01
 4.363e+01 1.8952e-03 1.8952e-03 [ 2.0195e-75 2.4773e-33 7.3580e-07 1.4099e-03 4.8462e-04 ] 9.9810e-01
 4.375e+01 1.8492e-03 1.8492e-03 [ 1.0490e-75 1.6572e-33 6.7290e-07 1.3722e-03 4.7637e-04 ] 9.9815e-01
 4.386e+01 1.8038e-03 1.8038e-03 [ 5.4458e-76 1.1074e-33 6.1499e-07 1.3350e-03 4.6812e-04 ] 9.9820e-01
 4.397e+01 1.7588e-03 1.7588e-03 [ 2.8257e-76 7.3922e-34 5.6169e-07 1.2984e-03 4.5986e-04 ] 9.9824e-01
 4.409e+01 1.7145e-03 1.7145e-03 [ 1.4654e-76 4.9292e-34 5.1269e-07 1.2624e-03 4.5160e-04 ] 9.9829e-01
 4.420e+01 1.6707e-03 1.6707e-03 [ 7.5951e-77 3.2834e-34 4.6766e-07 1.2268e-03 4.4335e-04 ] 9.9833e-01
 4.431e+01 1.6274e-03 1.6274e-03 [ 3.9345e-77 2.1848e-34 4.2630e-07 1.1919e-03 4.3511e-04 ] 9.9837e-01
 4.443e+01 1.5848e-03 1.5848e-03 [ 2.0371e-77 1.4522e-34 3.8835e-07 1.1575e-03 4.2688e-04 ] 9.9842e-01
 4.454e+01 1.5427e-03 1.5427e-03 [ 1.0542e-77 9.6426e-35 3.5355e-07 1.1237e-03 4.1867e-04 ] 9.9846e-01
 4.465e+01 1.5013e-03 1.5013e-03 [ 5.4522e-78 6.3959e-35 3.2166e-07 1.0905e-03 4.1048e-04 ] 9.9850e-01
 4.477e+01 1.4605e-03 1.4605e-03 [ 2.8184e-78 4.2379e-35 2.9246e-07 1.0578e-03 4.0232e-04 ] 9.9854e-01
 4.488e+01 1.4202e-03 1.4202e-03 [ 1.4562e-78 2.8051e-35 2.6573e-07 1.0258e-03 3.9418e-04 ] 9.9858e-01
 4.499e+01 1.3806e-03 1.3806e-03 [ 7.5194e-79 1.8547e-35 2.4129e-07 9.9432e-04 3.8607e-04 ] 9.9862e-01
 4.511e+01 1.3417e-03 1.3417e-03 [ 3.8809e-79 1.2251e-35 2.1895e-07 9.6345e-04 3.7800e-04 ] 9.9866e-01
 4.522e+01 1.3033e-03 1.3033e-03 [ 2.0020e-79 8.0836e-36 1.9855e-07 9.3317e-04 3.6997e-04 ] 9.9870e-01
 4.533e+01 1.2656e-03 1.2656e-03 [ 1.0322e-79 5.3283e-36 1.7993e-07 9.0348e-04 3.6198e-04 ] 9.9873e-01
 4.545e+01 1.2286e-03 1.2286e-03 [ 5.3190e-80 3.5085e-36 1.6295e-07 8.7440e-04 3.5404e-04 ] 9.9877e-01
 4.556e+01 1.1922e-03 1.1922e-03 [ 2.7395e-80 2.3078e-36 1.4747e-07 8.4592e-04 3.4615e-04 ] 9.9881e-01
 4.567e+01 1.1565e-03 1.1565e-03 [ 1.4103e-80 1.5165e-36 1.3338e-07 8.1803e-04 3.3831e-04 ] 9.9884e-01
 4.579e+01 1.1214e-03 1.1214e-03 [ 7.2561e-81 9.9547e-37 1.2056e-07 7.9075e-04 3.3053e-04 ] 9.9888e-01
 4.590e+01 1.0870e-03 1.0870e-03 [ 3.7315e-81 6.5279e-37 1.0889e-07 7.6407e-04 3.2281e-04 ] 9.9891e-01
 4.601e+01 1.0532e-03 1.0532e-03 [ 1.9180e-81 4.2764e-37 9.8291e-08 7.3799e-04 3.1516e-04 ] 9.9895e-01
 4.613e+01 1.0202e-03 1.0202e-03 [ 9.8534e-82 2.7986e-37 8.8664e-08 7.1251e-04 3.0757e-04 ] 9.9898e-01
 4.624e+01 9.8777e-04 9.8777e-04 [ 5.0595e-82 1.8296e-37 7.9927e-08 6.8763e-04 3.0005e-04 ] 9.9901e-01
 4.635e+01 9.5603e-04 9.5603e-04 [ 2.5967e-82 1.1949e-37 7.2003e-08 6.6335e-04 2.9261e-04 ] 9.9904e-01
 4.647e+01 9.2496e-04 9.2496e-04 [ 1.3320e-82 7.7960e-38 6.4822e-08 6.3966e-04 2.8524e-04 ] 9.9908e-01
 4.658e+01 8.9457e-04 8.9457e-04 [ 6.8293e-83 5.0813e-38 5.8319e-08 6.1655e-04 2.7796e-04 ] 9.9911e-01
 4.669e+01 8.6485e-04 8.6485e-04 [ 3.4997e-83 3.3086e-38 5.2433e-08 5.9404e-04 2.7075e-04 ] 9.9914e-01
 4.681e+01 8.3579e-04 8.3579e-04 [ 1.7925e-83 2.1521e-38 4.7110e-08 5.7211e-04 2.6364e-04 ] 9.9916e-01
 4.692e+01 8.0741e-04 8.0741e-04 [ 9.1770e-84 1.3985e-38 4.2300e-08 5.5076e-04 2.5661e-04 ] 9.9919e-01
 4.703e+01 7.7969e-04 7.7969e-04 [ 4.6958e-84 9.0789e-39 3.7956e-08 5.2998e-04 2.4967e-04 ] 9.9922e-01
 4.715e+01 7.5264e-04 7.5264e-04 [ 2.4017e-84 5.8880e-39 3.4035e-08 5.0978e-04 2.4283e-04 ] 9.9925e-01
 4.726e+01 7.2624e-04 7.2624e-04 [ 1.2277e-84 3.8148e-39 3.0499e-08 4.9013e-04 2.3608e-04 ] 9.9927e-01
 4.737e+01 7.0051e-04 7.0051e-04 [ 6.2732e-85 2.4692e-39 2.7313e-08 4.7105e-04 2.2943e-04 ] 9.9930e-01
 4.749e+01 6.7542e-04 6.7542e-04 [ 3.2038e-85 1.5966e-39 2.4443e-08 4.5252e-04 2.2288e-04 ] 9.9932e-01
 4.760e+01 6.5098e-04 6.5098e-04 [ 1.6354e-85 1.0314e-39 2.1861e-08 4.3453e-04 2.1643e-04 ] 9.9935e-01
 4.771e+01 6.2719e-04 6.2719e-04 [ 8.3442e-86 6.6565e-40 1.9539e-08 4.1708e-04 2.1009e-04 ] 9.9937e-01
 4.783e+01 6.0403e-04 6.0403e-04 [ 4.2554e-86 4.2917e-40 1.7451e-08 4.0016e-04 2.0385e-04 ] 9.9940e-01
 4.794e+01 5.8150e-04 5.8150e-04 [ 2.1691e-86 2.7643e-40 1.5577e-08 3.8377e-04 1.9772e-04 ] 9.9942e-01
 4.805e+01 5.5960e-04 5.5960e-04 [ 1.1052e-86 1.7788e-40 1.3895e-08 3.6789e-04 1.9170e-04 ] 9.9944e-01
 4.817e+01 5.3832e-04 5.3832e-04 [ 5.6281e-87 1.1436e-40 1.2386e-08 3.5252e-04 1.8579e-04 ] 9.9946e-01
 4.828e+01 5.1764e-04 5.1764e-04 [ 2.8648e-87 7.3448e-41 1.1034e-08 3.3765e-04 1.7998e-04 ] 9.9948e-01
 4.839e+01 4.9757e-04 4.9757e-04 [ 1.4576e-87 4.7128e-41 9.8236e-09 3.2327e-04 1.7430e-04 ] 9.9950e-01
 4.851e+01 4.7810e-04 4.7810e-04 [ 7.4125e-88 3.0211e-41 8.7400e-09 3.0937e-04 1.6872e-04 ] 9.9952e-01
 4.862e+01 4.5921e-04 4.5921e-04 [ 3.7679e-88 1.9348e-41 7.7709e-09 2.9594e-04 1.6326e-04 ] 9.9954e-01
 4.873e+01 4.4089e-04 4.4089e-04 [ 1.9144e-88 1.2380e-41 6.9049e-09 2.8298e-04 1.5791e-04 ] 9.9956e-01
 4.885e+01 4.2315e-04 4.2315e-04 [ 9.7224e-89 7.9137e-42 6.1313e-09 2.7047e-04 1.5267e-04 ] 9.9958e-01
 4.896e+01 4.0596e-04 4.0596e-04 [ 4.9353e-89 5.0540e-42 5.4410e-09 2.5840e-04 1.4756e-04 ] 9.9959e-01
 4.907e+01 3.8933e-04 3.8933e-04 [ 2.5041e-89 3.2247e-42 4.8253e-09 2.4677e-04 1.4255e-04 ] 9.9961e-01
 4.919e+01 3.7323e-04 3.7323e-04 [ 1.2700e-89 2.0556e-42 4.2765e-09 2.3557e-04 1.3766e-04 ] 9.9963e-01
 4.930e+01 3.5767e-04 3.5767e-04 [ 6.4382e-90 1.3091e-42 3.7877e-09 2.2478e-04 1.3289e-04 ] 9.9964e-01
 4.941e+01 3.4262e-04 3.4262e-04 [ 3.2623e-90 8.3298e-43 3.3527e-09 2.1439e-04 1.2823e-04 ] 9.9966e-01
 4.953e+01 3.2809e-04 3.2809e-04 [ 1.6523e-90 5.2953e-43 2.9658e-09 2.0440e-04 1.2369e-04 ] 9.9967e-01
 4.964e+01 3.1405e-04 3.1405e-04 [ 8.3653e-91 3.3632e-43 2.6218e-09 1.9479e-04 1.1925e-04 ] 9.9969e-01
 4.975e+01 3.0050e-04 3.0050e-04 [ 4.2332e-91 2.1341e-43 2.3163e-09 1.8556e-04 1.1494e-04 ] 9.9970e-01
 4.987e+01 2.8743e-04 2.8743e-04 [ 2.1413e-91 1.3530e-43 2.0451e-09 1.7670e-04 1.1073e-04 ] 9.9971e-01
 4.998e+01 2.7483e-04 2.7483e-04 [ 1.0826e-91 8.5698e-44 1.8046e-09 1.6819e-04 1.0664e-04 ] 9.9973e-01
 5.009e+01 2.6268e-04 2.6268e-04 [ 5.4716e-92 5.4233e-44 1.5913e-09 1.6002e-04 1.0266e-04 ] 9.9974e-01
 5.021e+01 2.5097e-04 2.5097e-04 [ 2.7641e-92 3.4290e-44 1.4024e-09 1.5219e-04 9.8785e-05 ] 9.9975e-01
 5.032e+01 2.3970e-04 2.3970e-04 [ 1.3958e-92 2.1662e-44 1.2351e-09 1.4468e-04 9.5022e-05 ] 9.9976e-01
 5.043e+01 2.2885e-04 2.2885e-04 [ 7.0451e-93 1.3672e-44 1.0871e-09 1.3749e-04 9.1367e-05 ] 9.9977e-01
 5.055e+01 2.1842e-04 2.1842e-04 [ 3.5545e-93 8.6217e-45 9.5630e-10 1.3060e-04 8.7818e-05 ] 9.9978e-01
 5.066e+01 2.0838e-04 2.0838e-04 [ 1.7926e-93 5.4321e-45 8.4070e-10 1.2401e-04 8.4374e-05 ] 9.9979e-01
 5.077e+01 1.9874e-04 1.9874e-04 [ 9.0369e-94 3.4196e-45 7.3862e-10 1.1770e-04 8.1034e-05 ] 9.9980e-01
 5.089e+01 1.8947e-04 1.8947e-04 [ 4.5538e-94 2.1508e-45 6.4855e-10 1.1167e-04 7.7796e-05 ] 9.9981e-01
 5.100e+01 1.8057e-04 1.8057e-04 [ 2.2937e-94 1.3516e-45 5.6911e-10 1.0591e-04 7.4659e-05 ] 9.9982e-01
 5.111e+01 1.7203e-04 1.7203e-04 [ 1.1549e-94 8.4865e-46 4.9911e-10 1.0041e-04 7.1620e-05 ] 9.9983e-01
 5.123e+01 1.6383e-04 1.6383e-04 [ 5.8124e-95 5.3240e-46 4.3746e-10 9.5152e-05 6.8680e-05 ] 9.9984e-01
 5.134e+01 1.5597e-04 1.5597e-04 [ 2.9242e-95 3.3371e-46 3.8319e-10 9.0137e-05 6.5834e-05 ] 9.9984e-01
 5.145e+01 1.4844e-04 1.4844e-04 [ 1.4705e-95 2.0900e-46 3.3546e-10 8.5353e-05 6.3083e-05 ] 9.9985e-01
 5.157e+01 1.4122e-04 1.4122e-04 [ 7.3920e-96 1.3078e-46 2.9350e-10 8.0793e-05 6.0424e-05 ] 9.9986e-01
 5.168e+01 1.3430e-04 1.3430e-04 [ 3.7144e-96 8.1771e-47 2.5664e-10 7.6447e-05 5.7855e-05 ] 9.9987e-01
 5.179e+01 1.2768e-04 1.2768e-04 [ 1.8657e-96 5.1084e-47 2.2427e-10 7.2307e-05 5.5375e-05 ] 9.9987e-01
 5.191e+01 1.2135e-04 1.2135e-04 [ 9.3675e-97 3.1886e-47 1.9588e-10 6.8366e-05 5.2981e-05 ] 9.9988e-01
 5.202e+01 1.1529e-04 1.1529e-04 [ 4.7015e-97 1.9887e-47 1.7098e-10 6.4616e-05 5.0672e-05 ] 9.9988e-01
 5.213e+01 1.0949e-04 1.0949e-04 [ 2.3588e-97 1.2393e-47 1.4916e-10 6.1048e-05 4.8445e-05 ] 9.9989e-01
 5.225e+01 1.0396e-04 1.0396e-04 [ 1.1829e-97 7.7167e-48 1.3005e-10 5.7657e-05 4.6299e-05 ] 9.9990e-01
 5.236e+01 9.8666e-05 9.8666e-05 [ 5.9304e-98 4.8010e-48 1.1332e-10 5.4434e-05 4.4232e-05 ] 9.9990e-01
 5.247e+01 9.3614e-05 9.3614e-05 [ 2.9719e-98 2.9846e-48 9.8694e-11 5.1372e-05 4.2242e-05 ] 9.9991e-01
 5.259e+01 8.8791e-05 8.8791e-05 [ 1.4887e-98 1.8539e-48 8.5904e-11 4.8465e-05 4.0326e-05 ] 9.9991e-01
 5.270e+01 8.4190e-05 8.4190e-05 [ 7.4549e-99 1.1506e-48 7.4729e-11 4.5706e-05 3.8484e-05 ] 9.9992e-01
 5.281e+01 7.9801e-05 7.9801e-05 [ 3.7317e-99 7.1360e-49 6.4972e-11 4.3089e-05 3.6712e-05 ] 9.9992e-01
 5.293e+01 7.5616e-05 7.5616e-05 [ 1.8673e-99 4.4220e-49 5.6458e-11 4.0607e-05 3.5009e-05 ] 9.9992e-01
 5.304e+01 7.1628e-05 7.1628e-05 [ 9.3401e-100 2.7381e-49 4.9032e-11 3.8254e-05 3.3374e-05 ] 9.9993e-01
 5.315e+01 6.7829e-05 6.7829e-05 [ 4.6702e-100 1.6941e-49 4.2560e-11 3.6026e-05 3.1803e-05 ] 9.9993e-01
 5.327e+01 6.4211e-05 6.4211e-05 [ 2.3343e-100 1.0473e-49 3.6922e-11 3.3915e-05 3.0295e-05 ] 9.9994e-01
 5.338e+01 6.0766e-05 6.0766e-05 [ 1.1664e-100 6.4698e-50 3.2013e-11 3.1917e-05 2.8849e-05 ] 9.9994e-01
 5.349e+01 5.7489e-05 5.7489e-05 [ 5.8258e-101 3.9936e-50 2.7742e-11 3.0027e-05 2.7462e-05 ] 9.9994e-01
 5.361e+01 5.4371e-05 5.4371e-05 [ 2.9088e-101 2.4632e-50 2.4028e-11 2.8238e-05 2.6133e-05 ] 9.9995e-01
 5.372e+01 5.1407e-05 5.1407e-05 [ 1.4519e-101 1.5182e-50 2.0800e-11 2.6548e-05 2.4859e-05 ] 9.9995e-01
 5.383e+01 4.8589e-05 4.8589e-05 [ 7.2442e-102 9.3498e-51 1.7996e-11 2.4950e-05 2.3639e-05 ] 9.9995e-01
 5.395e+01 4.5912e-05 4.5912e-05 [ 3.6133e-102 5.7539e-51 1.5562e-11 2.3440e-05 2.2472e-05 ] 9.9995e-01
 5.406e+01 4.3369e-05 4.3369e-05 [ 1.8016e-102 3.5383e-51 1.3450e-11 2.2015e-05 2.1354e-05 ] 9.9996e-01
 5.417e+01 4.0954e-05 4.0954e-05 [ 8.9798e-103 2.1742e-51 1.1619e-11 2.0669e-05 2.0285e-05 ] 9.9996e-01
 5.429e+01 3.8663e-05 3.8663e-05 [ 4.4744e-103 1.3350e-51 1.0032e-11 1.9399e-05 1.9263e-05 ] 9.9996e-01
 5.440e+01 3.6489e-05 3.6489e-05 [ 2.2287e-103 8.1911e-52 8.6570e-12 1.8202e-05 1.8287e-05 ] 9.9996e-01
 5.451e+01 3.4426e-05 3.4426e-05 [ 1.1097e-103 5.0221e-52 7.4667e-12 1.7073e-05 1.7354e-05 ] 9.9997e-01
 5.463e+01 3.2471e-05 3.2471e-05 [ 5.5239e-104 3.0769e-52 6.4368e-12 1.6008e-05 1.6463e-05 ] 9.9997e-01
 5.474e+01 3.0618e-05 3.0618e-05 [ 2.7487e-104 1.8838e-52 5.5461e-12 1.5006e-05 1.5613e-05 ] 9.9997e-01
 5.485e+01 2.8862e-05 2.8862e-05 [ 1.3673e-104 1.1525e-52 4.7763e-12 1.4061e-05 1.4801e-05 ] 9.9997e-01
 5.497e+01 2.7199e-05 2.7199e-05 [ 6.7995e-105 7.0455e-53 4.1113e-12 1.3172e-05 1.4027e-05 ] 9.9997e-01
 5.508e+01 2.5625e-05 2.5625e-05 [ 3.3802e-105 4.3041e-53 3.5371e-12 1.2335e-05 1.3290e-05 ] 9.9997e-01
 5.519e+01 2.4135e-05 2.4135e-05 [ 1.6798e-105 2.6276e-53 3.0416e-12 1.1548e-05 1.2586e-05 ] 9.9998e-01
 5.531e+01 2.2725e-05 2.2725e-05 [ 8.3453e-106 1.6029e-53 2.6142e-12 1.0808e-05 1.1917e-05 ] 9.9998e-01
 5.542e+01 2.1391e-05 2.1391e-05 [ 4.1446e-106 9.7716e-54 2.2458e-12 1.0112e-05 1.1279e-05 ] 9.9998e-01
 5.553e+01 2.0130e-05 2.0130e-05 [ 2.0578e-106 5.9528e-54 1.9283e-12 9.4580e-06 1.0672e-05 ] 9.9998e-01
 5.565e+01 1.8937e-05 1.8937e-05 [ 1.0213e-106 3.6238e-54 1.6549e-12 8.8436e-06 1.0094e-05 ] 9.9998e-01
 5.576e+01 1.7811e-05 1.7811e-05 [ 5.0677e-107 2.2045e-54 1.4196e-12 8.2666e-06 9.5443e-06 ] 9.9998e-01
 5.587e+01 1.6747e-05 1.6747e-05 [ 2.5138e-107 1.3402e-54 1.2172e-12 7.7250e-06 9.0218e-06 ] 9.9998e-01
 5.599e+01 1.5742e-05 1.5742e-05 [ 1.2465e-107 8.1418e-55 1.0431e-12 7.2167e-06 8.5252e-06 ] 9.9998e-01
 5.610e+01 1.4793e-05 1.4793e-05 [ 6.1794e-108 4.9428e-55 8.9354e-13 6.7398e-06 8.0534e-06 ] 9.9999e-01
 5.621e+01 1.3898e-05 1.3898e-05 [ 3.0624e-108 2.9987e-55 7.6504e-13 6.2927e-06 7.6053e-06 ] 9.9999e-01
 5.633e+01 1.3053e-05 1.3053e-05 [ 1.5172e-108 1.8181e-55 6.5471e-13 5.8734e-06 7.1799e-06 ] 9.9999e-01
 5.644e+01 1.2257e-05 1.2257e-05 [ 7.5145e-109 1.1015e-55 5.6003e-13 5.4805e-06 6.7761e-06 ] 9.9999e-01
 5.655e+01 1.1505e-05 1.1505e-05 [ 3.7208e-109 6.6693e-56 4.7882e-13 5.1124e-06 6.3931e-06 ] 9.9999e-01
 5.667e+01 1.0797e-05 1.0797e-05 [ 1.8418e-109 4.0354e-56 4.0920e-13 4.7677e-06 6.0298e-06 ] 9.9999e-01
 5.678e+01 1.0130e-05 1.0130e-05 [ 9.1142e-110 2.4401e-56 3.4954e-13 4.4449e-06 5.6855e-06 ] 9.9999e-01
 5.689e+01 9.5019e-06 9.5019e-06 [ 4.5089e-110 1.4745e-56 2.9844e-13 4.1428e-06 5.3591e-06 ] 9.9999e-01
 5.701e+01 8.9100e-06 8.9100e-06 [ 2.2300e-110 8.9039e-57 2.5470e-13 3.8601e-06 5.0499e-06 ] 9.9999e-01
 5.712e+01 8.3529e-06 8.3529e-06 [ 1.1026e-110 5.3734e-57 2.1727e-13 3.5957e-06 4.7572e-06 ] 9.9999e-01
 5.723e+01 7.8285e-06 7.8285e-06 [ 5.4501e-111 3.2407e-57 1.8526e-13 3.3485e-06 4.4800e-06 ] 9.9999e-01
 5.735e+01 7.3351e-06 7.3351e-06 [ 2.6932e-111 1.9532e-57 1.5789e-13 3.1174e-06 4.2177e-06 ] 9.9999e-01
 5.746e+01 6.8710e-06 6.8710e-06 [ 1.3305e-111 1.1765e-57 1.3451e-13 2.9014e-06 3.9696e-06 ] 9.9999e-01
 5.757e+01 6.4346e-06 6.4346e-06 [ 6.5713e-112 7.0816e-58 1.1453e-13 2.6997e-06 3.7349e-06 ] 9.9999e-01
 5.769e+01 6.0244e-06 6.0244e-06 [ 3.2446e-112 4.2600e-58 9.7485e-14 2.5113e-06 3.5131e-06 ] 9.9999e-01
 5.780e+01 5.6388e-06 5.6388e-06 [ 1.6016e-112 2.5611e-58 8.2938e-14 2.3354e-06 3.3034e-06 ] 9.9999e-01
 5.791e+01 5.2766e-06 5.2766e-06 [ 7.9038e-113 1.5387e-58 7.0530e-14 2.1712e-06 3.1054e-06 ] 9.9999e-01
 5.803e+01 4.9364e-06 4.9364e-06 [ 3.8994e-113 9.2391e-59 5.9953e-14 2.0180e-06 2.9183e-06 ] 1.0000e+00
 5.814e+01 4.6169e-06 4.6169e-06 [ 1.9233e-113 5.5441e-59 5.0940e-14 1.8752e-06 2.7418e-06 ] 1.0000e+00
 5.825e+01 4.3170e-06 4.3170e-06 [ 9.4839e-114 3.3248e-59 4.3264e-14 1.7419e-06 2.5751e-06 ] 1.0000e+00
 5.837e+01 4.0356e-06 4.0356e-06 [ 4.6753e-114 1.9926e-59 3.6728e-14 1.6177e-06 2.4179e-06 ] 1.0000e+00
 5.848e+01 3.7716e-06 3.7716e-06 [ 2.3042e-114 1.1935e-59 3.1167e-14 1.5020e-06 2.2696e-06 ] 1.0000e+00
 5.859e+01 3.5239e-06 3.5239e-06 [ 1.1353e-114 7.1445e-60 2.6436e-14 1.3941e-06 2.1298e-06 ] 1.0000e+00
 5.871e+01 3.2917e-06 3.2917e-06 [ 5.5927e-115 4.2741e-60 2.2414e-14 1.2937e-06 1.9980e-06 ] 1.0000e+00
 5.882e+01 3.0740e-06 3.0740e-06 [ 2.7543e-115 2.5554e-60 1.8996e-14 1.2002e-06 1.8739e-06 ] 1.0000e+00
 5.893e+01 2.8700e-06 2.8700e-06 [ 1.3561e-115 1.5270e-60 1.6092e-14 1.1131e-06 1.7569e-06 ] 1.0000e+00
 5.905e+01 2.6789e-06 2.6789e-06 [ 6.6750e-116 9.1186e-61 1.3627e-14 1.0321e-06 1.6468e-06 ] 1.0000e+00
 5.916e+01 2.4999e-06 2.4999e-06 [ 3.2848e-116 5.4422e-61 1.1535e-14 9.5676e-07 1.5431e-06 ] 1.0000e+00
 5.927e+01 2.3323e-06 2.3323e-06 [ 1.6161e-116 3.2461e-61 9.7594e-15 8.8667e-07 1.4456e-06 ] 1.0000e+00
 5.939e+01 2.1753e-06 2.1753e-06 [ 7.9492e-117 1.9351e-61 8.2540e-15 8.2150e-07 1.3538e-06 ] 1.0000e+00
 5.950e+01 2.0285e-06 2.0285e-06 [ 3.9091e-117 1.1529e-61 6.9779e-15 7.6092e-07 1.2675e-06 ] 1.0000e+00
 5.961e+01 1.8910e-06 1.8910e-06 [ 1.9218e-117 6.8647e-62 5.8968e-15 7.0463e-07 1.1864e-06 ] 1.0000e+00
 5.973e+01 1.7625e-06 1.7625e-06 [ 9.4463e-118 4.0851e-62 4.9811e-15 6.5233e-07 1.1102e-06 ] 1.0000e+00
 5.984e+01 1.6423e-06 1.6423e-06 [ 4.6420e-118 2.4296e-62 4.2059e-15 6.0376e-07 1.0385e-06 ] 1.0000e+00
 5.995e+01 1.5299e-06 1.5299e-06 [ 2.2806e-118 1.4442e-62 3.5499e-15 5.5867e-07 9.7126e-07 ] 1.0000e+00
 6.007e+01 1.4249e-06 1.4249e-06 [ 1.1202e-118 8.5798e-63 2.9950e-15 5.1681e-07 9.0809e-07 ] 1.0000e+00
 6.018e+01 1.3268e-06 1.3268e-06 [ 5.5008e-119 5.0942e-63 2.5259e-15 4.7797e-07 8.4879e-07 ] 1.0000e+00
 6.029e+01 1.2351e-06 1.2351e-06 [ 2.7007e-119 3.0230e-63 2.1294e-15 4.4193e-07 7.9314e-07 ] 1.0000e+00
 6.041e+01 1.1495e-06 1.1495e-06 [ 1.3256e-119 1.7929e-63 1.7944e-15 4.0851e-07 7.4094e-07 ] 1.0000e+00
 6.052e+01 1.0695e-06 1.0695e-06 [ 6.5053e-120 1.0627e-63 1.5115e-15 3.7752e-07 6.9199e-07 ] 1.0000e+00
 6.063e+01 9.9488e-07 9.9488e-07 [ 3.1917e-120 6.2958e-64 1.2727e-15 3.4879e-07 6.4609e-07 ] 1.0000e+00
 6.075e+01 9.2525e-07 9.2525e-07 [ 1.5656e-120 3.7277e-64 1.0713e-15 3.2217e-07 6.0308e-07 ] 1.0000e+00
 6.086e+01 8.6028e-07 8.6028e-07 [ 7.6779e-121 2.2060e-64 9.0132e-16 2.9751e-07 5.6277e-07 ] 1.0000e+00
 6.097e+01 7.9968e-07 7.9968e-07 [ 3.7645e-121 1.3047e-64 7.5804e-16 2.7466e-07 5.2502e-07 ] 1.0000e+00
 6.109e+01 7.4318e-07 7.4318e-07 [ 1.8454e-121 7.7128e-65 6.3730e-16 2.5351e-07 4.8967e-07 ] 1.0000e+00
 6.120e+01 6.9050e-07 6.9050e-07 [ 9.0442e-122 4.5568e-65 5.3557e-16 2.3393e-07 4.5657e-07 ] 1.0000e+00
 6.131e+01 6.4141e-07 6.4141e-07 [ 4.4316e-122 2.6908e-65 4.4991e-16 2.1580e-07 4.2560e-07 ] 1.0000e+00
 6.143e+01 5.9566e-07 5.9566e-07 [ 2.1710e-122 1.5881e-65 3.7781e-16 1.9904e-07 3.9663e-07 ] 1.0000e+00
 6.154e+01 5.5305e-07 5.5305e-07 [ 1.0633e-122 9.3676e-66 3.1714e-16 1.8353e-07 3.6952e-07 ] 1.0000e+00
 6.165e+01 5.1337e-07 5.1337e-07 [ 5.2071e-123 5.5228e-66 2.6611e-16 1.6918e-07 3.4418e-07 ] 1.0000e+00
 6.177e+01 4.7642e-07 4.7642e-07 [ 2.5493e-123 3.2543e-66 2.2321e-16 1.5592e-07 3.2049e-07 ] 1.0000e+00
 6.188e+01 4.4202e-07 4.4202e-07 [ 1.2479e-123 1.9166e-66 1.8715e-16 1.4367e-07 2.9836e-07 ] 1.0000e+00
 6.199e+01 4.1002e-07 4.1002e-07 [ 6.1069e-124 1.1282e-66 1.5686e-16 1.3234e-07 2.7768e-07 ] 1.0000e+00
 6.211e+01 3.8024e-07 3.8024e-07 [ 2.9881e-124 6.6374e-67 1.3142e-16 1.2188e-07 2.5836e-07 ] 1.0000e+00
 6.222e+01 3.5254e-07 3.5254e-07 [ 1.4617e-124 3.9030e-67 1.1006e-16 1.1222e-07 2.4033e-07 ] 1.0000e+00
 6.233e+01 3.2679e-07 3.2679e-07 [ 7.1494e-125 2.2939e-67 9.2143e-17 1.0330e-07 2.2349e-07 ] 1.0000e+00
 6.245e+01 3.0284e-07 3.0284e-07 [ 3.4960e-125 1.3475e-67 7.7112e-17 9.5060e-08 2.0778e-07 ] 1.0000e+00
 6.256e+01 2.8059e-07 2.8059e-07 [ 1.7092e-125 7.9115e-68 6.4509e-17 8.7461e-08 1.9313e-07 ] 1.0000e+00
 6.267e+01 2.5991e-07 2.5991e-07 [ 8.3550e-126 4.6427e-68 5.3946e-17 8.0449e-08 1.7946e-07 ] 1.0000e+00
 6.279e+01 2.4070e-07 2.4070e-07 [ 4.0832e-126 2.7231e-68 4.5096e-17 7.3982e-08 1.6672e-07 ] 1.0000e+00
 6.290e+01 2.2286e-07 2.2286e-07 [ 1.9952e-126 1.5964e-68 3.7683e-17 6.8019e-08 1.5484e-07 ] 1.0000e+00
 6.301e+01 2.0629e-07 2.0629e-07 [ 9.7471e-127 9.3541e-69 3.1478e-17 6.2521e-08 1.4377e-07 ] 1.0000e+00
 6.313e+01 1.9091e-07 1.9091e-07 [ 4.7609e-127 5.4783e-69 2.6284e-17 5.7454e-08 1.3346e-07 ] 1.0000e+00
 6.324e+01 1.7664e-07 1.7664e-07 [ 2.3250e-127 3.2068e-69 2.1940e-17 5.2784e-08 1.2385e-07 ] 1.0000e+00
 6.335e+01 1.6339e-07 1.6339e-07 [ 1.1352e-127 1.8762e-69 1.8306e-17 4.8483e-08 1.1491e-07 ] 1.0000e+00
 6.347e+01 1.5111e-07 1.5111e-07 [ 5.5417e-128 1.0972e-69 1.5269e-17 4.4522e-08 1.0659e-07 ] 1.0000e+00
 6.358e+01 1.3971e-07 1.3971e-07 [ 2.7048e-128 6.4133e-70 1.2731e-17 4.0874e-08 9.8840e-08 ] 1.0000e+00
 6.369e+01 1.2915e-07 1.2915e-07 [ 1.3199e-128 3.7468e-70 1.0611e-17 3.7517e-08 9.1634e-08 ] 1.0000e+00
 6.381e+01 1.1936e-07 1.1936e-07 [ 6.4400e-129 2.1879e-70 8.8411e-18 3.4427e-08 8.4931e-08 ] 1.0000e+00
 6.392e+01 1.1028e-07 1.1028e-07 [ 3.1415e-129 1.2770e-70 7.3635e-18 3.1584e-08 7.8699e-08 ] 1.0000e+00
 6.403e+01 1.0188e-07 1.0188e-07 [ 1.5322e-129 7.4499e-71 6.1307e-18 2.8969e-08 7.2906e-08 ] 1.0000e+00
 6.415e+01 9.4087e-08 9.4087e-08 [ 7.4719e-130 4.3441e-71 5.1024e-18 2.6565e-08 6.7523e-08 ] 1.0000e+00
 6.426e+01 8.6875e-08 8.6875e-08 [ 3.6430e-130 2.5318e-71 4.2450e-18 2.4354e-08 6.2521e-08 ] 1.0000e+00
 6.437e+01 8.0197e-08 8.0197e-08 [ 1.7759e-130 1.4749e-71 3.5305e-18 2.2322e-08 5.7876e-08 ] 1.0000e+00
 6.449e+01 7.4016e-08 7.4016e-08 [ 8.6555e-131 8.5882e-72 2.9351e-18 2.0454e-08 5.3562e-08 ] 1.0000e+00
 6.460e+01 6.8296e-08 6.8296e-08 [ 4.2179e-131 4.9984e-72 2.4393e-18 1.8739e-08 4.9557e-08 ] 1.0000e+00
 6.471e+01 6.3004e-08 6.3004e-08 [ 2.0551e-131 2.9077e-72 2.0265e-18 1.7163e-08 4.5841e-08 ] 1.0000e+00
 6.483e+01 5.8109e-08 5.8109e-08 [ 1.0011e-131 1.6907e-72 1.6830e-18 1.5717e-08 4.2392e-08 ] 1.0000e+00
 6.494e+01 5.3582e-08 5.3582e-08 [ 4.8761e-132 9.8265e-73 1.3972e-18 1.4388e-08 3.9194e-08 ] 1.0000e+00
 6.505e+01 4.9397e-08 4.9397e-08 [ 2.3746e-132 5.7085e-73 1.1595e-18 1.3169e-08 3.6227e-08 ] 1.0000e+00
 6.517e+01 4.5528e-08 4.5528e-08 [ 1.1562e-132 3.3147e-73 9.6188e-19 1.2051e-08 3.3477e-08 ] 1.0000e+00
 6.528e+01 4.1953e-08 4.1953e-08 [ 5.6285e-133 1.9238e-73 7.9768e-19 1.1025e-08 3.0929e-08 ] 1.0000e+00
 6.539e+01 3.8651e-08 3.8651e-08 [ 2.7396e-133 1.1161e-73 6.6127e-19 1.0084e-08 2.8567e-08 ] 1.0000e+00
 6.551e+01 3.5600e-08 3.5600e-08 [ 1.3333e-133 6.4718e-74 5.4799e-19 9.2208e-09 2.6379e-08 ] 1.0000e+00
 6.562e+01 3.2783e-08 3.2783e-08 [ 6.4875e-134 3.7511e-74 4.5396e-19 8.4298e-09 2.4353e-08 ] 1.0000e+00
 6.573e+01 3.0182e-08 3.0182e-08 [ 3.1562e-134 2.1732e-74 3.7593e-19 7.7049e-09 2.2477e-08 ] 1.0000e+00
 6.585e+01 2.7781e-08 2.7781e-08 [ 1.5353e-134 1.2585e-74 3.1120e-19 7.0407e-09 2.0740e-08 ] 1.0000e+00
 6.596e+01 2.5565e-08 2.5565e-08 [ 7.4668e-135 7.2845e-75 2.5753e-19 6.4323e-09 1.9133e-08 ] 1.0000e+00
 6.607e+01 2.3521e-08 2.3521e-08 [ 3.6309e-135 4.2146e-75 2.1304e-19 5.8751e-09 1.7646e-08 ] 1.0000e+00
 6.619e+01 2.1636e-08 2.1636e-08 [ 1.7654e-135 2.4374e-75 1.7617e-19 5.3650e-09 1.6271e-08 ] 1.0000e+00
 6.630e+01 1.9897e-08 1.9897e-08 [ 8.5818e-136 1.4090e-75 1.4563e-19 4.8980e-09 1.4999e-08 ] 1.0000e+00
 6.641e+01 1.8295e-08 1.8295e-08 [ 4.1712e-136 8.1412e-76 1.2034e-19 4.4707e-09 1.3824e-08 ] 1.0000e+00
 6.653e+01 1.6817e-08 1.6817e-08 [ 2.0271e-136 4.7020e-76 9.9413e-20 4.0796e-09 1.2737e-08 ] 1.0000e+00
 6.664e+01 1.5455e-08 1.5455e-08 [ 9.8497e-137 2.7145e-76 8.2093e-20 3.7220e-09 1.1733e-08 ] 1.0000e+00
 6.675e+01 1.4201e-08 1.4201e-08 [ 4.7852e-137 1.5664e-76 6.7767e-20 3.3949e-09 1.0806e-08 ] 1.0000e+00
 6.687e+01 1.3046e-08 1.3046e-08 [ 2.3245e-137 9.0354e-77 5.5922e-20 3.0959e-09 9.9497e-09 ] 1.0000e+00
 6.698e+01 1.1981e-08 1.1981e-08 [ 1.1289e-137 5.2095e-77 4.6131e-20 2.8226e-09 9.1589e-09 ] 1.0000e+00
 6.709e+01 1.1002e-08 1.1002e-08 [ 5.4823e-138 3.0023e-77 3.8041e-20 2.5728e-09 8.4290e-09 ] 1.0000e+00
 6.721e+01 1.0100e-08 1.0100e-08 [ 2.6619e-138 1.7295e-77 3.1359e-20 2.3445e-09 7.7554e-09 ] 1.0000e+00
 6.732e+01 9.2701e-09 9.2701e-09 [ 1.2922e-138 9.9591e-78 2.5841e-20 2.1361e-09 7.1340e-09 ] 1.0000e+00
 6.743e+01 8.5065e-09 8.5065e-09 [ 6.2725e-139 5.7323e-78 2.1287e-20 1.9457e-09 6.5608e-09 ] 1.0000e+00
 6.755e+01 7.8041e-09 7.8041e-09 [ 3.0442e-139 3.2980e-78 1.7529e-20 1.7719e-09 6.0322e-09 ] 1.0000e+00
 6.766e+01 7.1582e-09 7.1582e-09 [ 1.4772e-139 1.8967e-78 1.4430e-20 1.6133e-09 5.5449e-09 ] 1.0000e+00
 6.777e+01 6.5643e-09 6.5643e-09 [ 7.1673e-140 1.0903e-78 1.1875e-20 1.4685e-09 5.0958e-09 ] 1.0000e+00
 6.789e+01 6.0184e-09 6.0184e-09 [ 3.4770e-140 6.2652e-79 9.7684e-21 1.3365e-09 4.6820e-09 ] 1.0000e+00
 6.800e+01 5.5167e-09 5.5167e-09 [ 1.6865e-140 3.5986e-79 8.0329e-21 1.2160e-09 4.3007e-09 ] 1.0000e+00
 6.811e+01 5.0557e-09 5.0557e-09 [ 8.1792e-141 2.0661e-79 6.6035e-21 1.1061e-09 3.9496e-09 ] 1.0000e+00
 6.823e+01 4.6323e-09 4.6323e-09 [ 3.9662e-141 1.1858e-79 5.4265e-21 1.0060e-09 3.6263e-09 ] 1.0000e+00
 6.834e+01 4.2433e-09 4.2433e-09 [ 1.9230e-141 6.8024e-80 4.4578e-21 9.1467e-10 3.3287e-09 ] 1.0000e+00
 6.845e+01 3.8862e-09 3.8862e-09 [ 9.3221e-142 3.9008e-80 3.6607e-21 8.3147e-10 3.0548e-09 ] 1.0000e+00
 6.857e+01 3.5584e-09 3.5584e-09 [ 4.5185e-142 2.2359e-80 3.0052e-21 7.5567e-10 2.8028e-09 ] 1.0000e+00
 6.868e+01 3.2576e-09 3.2576e-09 [ 2.1899e-142 1.2811e-80 2.4661e-21 6.8663e-10 2.5709e-09 ] 1.0000e+00
 6.879e+01 2.9815e-09 2.9815e-09 [ 1.0612e-142 7.3375e-81 2.0231e-21 6.2376e-10 2.3578e-09 ] 1.0000e+00
 6.891e+01 2.7283e-09 2.7283e-09 [ 5.1415e-143 4.2008e-81 1.6591e-21 5.6652e-10 2.1618e-09 ] 1.0000e+00
 6.902e+01 2.4960e-09 2.4960e-09 [ 2.4908e-143 2.4040e-81 1.3601e-21 5.1441e-10 1.9816e-09 ] 1.0000e+00
 6.913e+01 2.2830e-09 2.2830e-09 [ 1.2065e-143 1.3752e-81 1.1146e-21 4.6700e-10 1.8160e-09 ] 1.0000e+00
 6.925e+01 2.0877e-09 2.0877e-09 [ 5.8432e-144 7.8639e-82 9.1311e-22 4.2386e-10 1.6639e-09 ] 1.0000e+00
 6.936e+01 1.9088e-09 1.9088e-09 [ 2.8296e-144 4.4950e-82 7.4779e-22 3.8462e-10 1.5242e-09 ] 1.0000e+00
 6.947e+01 1.7448e-09 1.7448e-09 [ 1.3700e-144 2.5683e-82 6.1218e-22 3.4894e-10 1.3958e-09 ] 1.0000e+00
 6.959e+01 1.5945e-09 1.5945e-09 [ 6.6327e-145 1.4669e-82 5.0100e-22 3.1649e-10 1.2780e-09 ] 1.0000e+00
 6.970e+01 1.4569e-09 1.4569e-09 [ 3.2106e-145 8.3747e-83 4.0987e-22 2.8700e-10 1.1699e-09 ] 1.0000e+00
 6.981e+01 1.3309e-09 1.3309e-09 [ 1.5539e-145 4.7794e-83 3.3520e-22 2.6020e-10 1.0707e-09 ] 1.0000e+00
 6.993e+01 1.2155e-09 1.2155e-09 [ 7.5201e-146 2.7265e-83 2.7404e-22 2.3586e-10 9.7965e-10 ] 1.0000e+00
 7.004e+01 1.1099e-09 1.1099e-09 [ 3.6388e-146 1.5548e-83 2.2396e-22 2.1374e-10 8.9616e-10 ] 1.0000e+00
 7.015e+01 1.0132e-09 1.0132e-09 [ 1.7605e-146 8.8629e-84 1.8297e-22 1.9365e-10 8.1959e-10 ] 1.0000e+00
 7.027e+01 9.2481e-10 9.2481e-10 [ 8.5162e-147 5.0502e-84 1.4943e-22 1.7541e-10 7.4940e-10 ] 1.0000e+00
 7.038e+01 8.4392e-10 8.4392e-10 [ 4.1192e-147 2.8766e-84 1.2200e-22 1.5886e-10 6.8506e-10 ] 1.0000e+00
 7.049e+01 7.6994e-10 7.6994e-10 [ 1.9921e-147 1.6378e-84 9.9570e-23 1.4384e-10 6.2611e-10 ] 1.0000e+00
 7.061e+01 7.0230e-10 7.0230e-10 [ 9.6333e-148 9.3219e-85 8.1235e-23 1.3020e-10 5.7210e-10 ] 1.0000e+00
 7.072e+01 6.4047e-10 6.4047e-10 [ 4.6577e-148 5.3036e-85 6.6255e-23 1.1784e-10 5.2263e-10 ] 1.0000e+00
 7.083e+01 5.8395e-10 5.8395e-10 [ 2.2517e-148 3.0163e-85 5.4018e-23 1.0662e-10 4.7733e-10 ] 1.0000e+00
 7.095e+01 5.3232e-10 5.3232e-10 [ 1.0885e-148 1.7148e-85 4.4026e-23 9.6456e-11 4.3586e-10 ] 1.0000e+00
 7.106e+01 4.8514e-10 4.8514e-10 [ 5.2607e-149 9.7450e-86 3.5871e-23 8.7238e-11 3.9790e-10 ] 1.0000e+00
 7.117e+01 4.4206e-10 4.4206e-10 [ 2.5423e-149 5.5360e-86 2.9216e-23 7.8884e-11 3.6317e-10 ] 1.0000e+00
 7.129e+01 4.0271e-10 4.0271e-10 [ 1.2285e-149 3.1437e-86 2.3788e-23 7.1315e-11 3.3140e-10 ] 1.0000e+00
 7.140e+01 3.6679e-10 3.6679e-10 [ 5.9352e-150 1.7845e-86 1.9361e-23 6.4458e-11 3.0234e-10 ] 1.0000e+00
 7.151e+01 3.3401e-10 3.3401e-10 [ 2.8672e-150 1.0126e-86 1.5753e-23 5.8247e-11 2.7576e-10 ] 1.0000e+00
 7.163e+01 3.0409e-10 3.0409e-10 [ 1.3849e-150 5.7440e-87 1.2813e-23 5.2624e-11 2.5147e-10 ] 1.0000e+00
 7.174e+01 2.7679e-10 2.7679e-10 [ 6.6888e-151 3.2570e-87 1.0418e-23 4.7533e-11 2.2926e-10 ] 1.0000e+00
 7.185e+01 2.5189e-10 2.5189e-10 [ 3.2301e-151 1.8461e-87 8.4683e-24 4.2925e-11 2.0897e-10 ] 1.0000e+00
 7.197e+01 2.2919e-10 2.2919e-10 [ 1.5596e-151 1.0460e-87 6.8809e-24 3.8756e-11 1.9043e-10 ] 1.0000e+00
 7.208e+01 2.0848e-10 2.0848e-10 [ 7.5299e-152 5.9246e-88 5.5891e-24 3.4984e-11 1.7350e-10 ] 1.0000e+00
 7.219e+01 1.8961e-10 1.8961e-10 [ 3.6349e-152 3.3545e-88 4.5383e-24 3.1572e-11 1.5804e-10 ] 1.0000e+00
 7.231e+01 1.7241e-10 1.7241e-10 [ 1.7545e-152 1.8986e-88 3.6838e-24 2.8487e-11 1.4393e-10 ] 1.0000e+00
 7.242e+01 1.5674e-10 1.5674e-10 [ 8.4676e-153 1.0742e-88 2.9892e-24 2.5698e-11 1.3104e-10 ] 1.0000e+00
 7.253e+01 1.4246e-10 1.4246e-10 [ 4.0862e-153 6.0753e-89 2.4248e-24 2.3177e-11 1.1929e-10 ] 1.0000e+00
 7.265e+01 1.2946e-10 1.2946e-10 [ 1.9716e-153 3.4348e-89 1.9662e-24 2.0898e-11 1.0856e-10 ] 1.0000e+00
 7.276e+01 1.1762e-10 1.1762e-10 [ 9.5120e-154 1.9412e-89 1.5939e-24 1.8840e-11 9.8779e-11 ] 1.0000e+00
 7.287e+01 1.0684e-10 1.0684e-10 [ 4.5885e-154 1.0967e-89 1.2916e-24 1.6981e-11 8.9859e-11 ] 1.0000e+00
 7.299e+01 9.7027e-11 9.7027e-11 [ 2.2132e-154 6.1940e-90 1.0463e-24 1.5302e-11 8.1726e-11 ] 1.0000e+00
 7.310e+01 8.8098e-11 8.8098e-11 [ 1.0674e-154 3.4969e-90 8.4728e-25 1.3786e-11 7.4313e-11 ] 1.0000e+00
 7.321e+01 7.9975e-11 7.9975e-11 [ 5.1472e-155 1.9735e-90 6.8590e-25 1.2417e-11 6.7557e-11 ] 1.0000e+00
 7.333e+01 7.2585e-11 7.2585e-11 [ 2.4818e-155 1.1134e-90 5.5507e-25 1.1182e-11 6.1403e-11 ] 1.0000e+00
 7.344e+01 6.5865e-11 6.5865e-11 [ 1.1965e-155 6.2790e-91 4.4904e-25 1.0068e-11 5.5797e-11 ] 1.0000e+00
 7.355e+01 5.9754e-11 5.9754e-11 [ 5.7680e-156 3.5398e-91 3.6314e-25 9.0626e-12 5.0691e-11 ] 1.0000e+00
 7.367e+01 5.4199e-11 5.4199e-11 [ 2.7802e-156 1.9949e-91 2.9358e-25 8.1561e-12 4.6043e-11 ] 1.0000e+00
 7.378e+01 4.9151e-11 4.9151e-11 [ 1.3399e-156 1.1239e-91 2.3726e-25 7.3386e-12 4.1812e-11 ] 1.0000e+00
 7.389e+01 4.4564e-11 4.4564e-11 [ 6.4569e-157 6.3293e-92 1.9168e-25 6.6017e-12 3.7962e-11 ] 1.0000e+00
 7.401e+01 4.0396e-11 4.0396e-11 [ 3.1112e-157 3.5632e-92 1.5480e-25 5.9375e-12 3.4459e-11 ] 1.0000e+00
 7.412e+01 3.6611e-11 3.6611e-11 [ 1.4989e-157 2.0053e-92 1.2498e-25 5.3390e-12 3.1272e-11 ] 1.0000e+00
 7.423e+01 3.3174e-11 3.3174e-11 [ 7.2208e-158 1.1281e-92 1.0087e-25 4.7998e-12 2.8374e-11 ] 1.0000e+00
 7.435e+01 3.0053e-11 3.0053e-11 [ 3.4781e-158 6.3446e-93 8.1381e-26 4.3141e-12 2.5739e-11 ] 1.0000e+00
 7.446e+01 2.7220e-11 2.7220e-11 [ 1.6751e-158 3.5669e-93 6.5636e-26 3.8768e-12 2.3344e-11 ] 1.0000e+00
 7.457e+01 2.4650e-11 2.4650e-11 [ 8.0667e-159 2.0046e-93 5.2920e-26 3.4831e-12 2.1167e-11 ] 1.0000e+00
 7.469e+01 2.2317e-11 2.2317e-11 [ 3.8842e-159 1.1262e-93 4.2653e-26 3.1286e-12 1.9189e-11 ] 1.0000e+00
 7.480e+01 2.0201e-11 2.0201e-11 [ 1.8701e-159 6.3248e-94 3.4366e-26 2.8097e-12 1.7392e-11 ] 1.0000e+00
 7.491e+01 1.8282e-11 1.8282e-11 [ 9.0027e-160 3.5509e-94 2.7680e-26 2.5227e-12 1.5760e-11 ] 1.0000e+00
 7.503e+01 1.6542e-11 1.6542e-11 [ 4.3335e-160 1.9929e-94 2.2288e-26 2.2646e-12 1.4278e-11 ] 1.0000e+00
 7.514e+01 1.4965e-11 1.4965e-11 [ 2.0857e-160 1.1181e-94 1.7940e-26 2.0325e-12 1.2932e-11 ] 1.0000e+00
 7.525e+01 1.3535e-11 1.3535e-11 [ 1.0037e-160 6.2707e-95 1.4435e-26 1.8237e-12 1.1711e-11 ] 1.0000e+00
 7.537e+01 1.2239e-11 1.2239e-11 [ 4.8298e-161 3.5157e-95 1.1611e-26 1.6361e-12 1.0603e-11 ] 1.0000e+00
 7.548e+01 1.1065e-11 1.1065e-11 [ 2.3238e-161 1.9705e-95 9.3364e-27 1.4675e-12 9.5980e-12 ] 1.0000e+00
 7.559e+01 1.0002e-11 1.0002e-11 [ 1.1179e-161 1.1040e-95 7.5049e-27 1.3159e-12 8.6862e-12 ] 1.0000e+00
 7.571e+01 9.0392e-12 9.0392e-12 [ 5.3776e-162 6.1836e-96 6.0306e-27 1.1798e-12 7.8594e-12 ] 1.0000e+00
 7.582e+01 8.1673e-12 8.1673e-12 [ 2.5865e-162 3.4622e-96 4.8444e-27 1.0575e-12 7.1098e-12 ] 1.0000e+00
 7.593e+01 7.3780e-12 7.3780e-12 [ 1.2439e-162 1.9379e-96 3.8901e-27 9.4771e-13 6.4303e-12 ] 1.0000e+00
 7.605e+01 6.6637e-12 6.6637e-12 [ 5.9816e-163 1.0843e-96 3.1228e-27 8.4914e-13 5.8146e-12 ] 1.0000e+00
 7.616e+01 6.0173e-12 6.0173e-12 [ 2.8761e-163 6.0650e-97 2.5060e-27 7.6065e-13 5.2566e-12 ] 1.0000e+00
 7.627e+01 5.4325e-12 5.4325e-12 [ 1.3827e-163 3.3913e-97 2.0104e-27 6.8125e-13 4.7513e-12 ] 1.0000e+00
 7.639e+01 4.9036e-12 4.9036e-12 [ 6.6469e-164 1.8957e-97 1.6122e-27 6.1001e-13 4.2936e-12 ] 1.0000e+00
 7.650e+01 4.4253e-12 4.4253e-12 [ 3.1949e-164 1.0593e-97 1.2925e-27 5.4610e-13 3.8791e-12 ] 1.0000e+00
 7.661e+01 3.9928e-12 3.9928e-12 [ 1.5355e-164 5.9172e-98 1.0358e-27 4.8879e-13 3.5040e-12 ] 1.0000e+00
 7.673e+01 3.6019e-12 3.6019e-12 [ 7.3788e-165 3.3043e-98 8.2983e-28 4.3740e-13 3.1645e-12 ] 1.0000e+00
 7.684e+01 3.2486e-12 3.2486e-12 [ 3.5455e-165 1.8446e-98 6.6459e-28 3.9133e-13 2.8572e-12 ] 1.0000e+00
 7.695e+01 2.9293e-12 2.9293e-12 [ 1.7034e-165 1.0294e-98 5.3207e-28 3.5004e-13 2.5793e-12 ] 1.0000e+00
 7.707e+01 2.6409e-12 2.6409e-12 [ 8.1832e-166 5.7426e-99 4.2584e-28 3.1305e-13 2.3279e-12 ] 1.0000e+00
 7.718e+01 2.3805e-12 2.3805e-12 [ 3.9307e-166 3.2026e-99 3.4070e-28 2.7990e-13 2.1006e-12 ] 1.0000e+00
 7.729e+01 2.1453e-12 2.1453e-12 [ 1.8879e-166 1.7855e-99 2.7250e-28 2.5022e-13 1.8950e-12 ] 1.0000e+00
 7.741e+01 1.9329e-12 1.9329e-12 [ 9.0663e-167 9.9510e-100 2.1787e-28 2.2363e-13 1.7093e-12 ] 1.0000e+00
 7.752e+01 1.7412e-12 1.7412e-12 [ 4.3535e-167 5.5441e-100 1.7414e-28 1.9983e-13 1.5414e-12 ] 1.0000e+00
 7.763e+01 1.5682e-12 1.5682e-12 [ 2.0902e-167 3.0879e-100 1.3914e-28 1.7852e-13 1.3897e-12 ] 1.0000e+00
 7.775e+01 1.4122e-12 1.4122e-12 [ 1.0035e-167 1.7193e-100 1.1113e-28 1.5946e-13 1.2527e-12 ] 1.0000e+00
 7.786e+01 1.2714e-12 1.2714e-12 [ 4.8169e-168 9.5697e-101 8.8736e-29 1.4240e-13 1.1290e-12 ] 1.0000e+00
 7.797e+01 1.1444e-12 1.1444e-12 [ 2.3120e-168 5.3248e-101 7.0829e-29 1.2714e-13 1.0172e-12 ] 1.0000e+00
 7.809e+01 1.0299e-12 1.0299e-12 [ 1.1096e-168 2.9619e-101 5.6517e-29 1.1349e-13 9.1638e-13 ] 1.0000e+00
 7.820e+01 9.2664e-13 9.2664e-13 [ 5.3244e-169 1.6470e-101 4.5082e-29 1.0128e-13 8.2535e-13 ] 1.0000e+00
 7.831e+01 8.3359e-13 8.3359e-13 [ 2.5547e-169 9.1556e-102 3.5948e-29 9.0374e-14 7.4321e-13 ] 1.0000e+00
 7.843e+01 7.4973e-13 7.4973e-13 [ 1.2257e-169 5.0879e-102 2.8656e-29 8.0622e-14 6.6911e-13 ] 1.0000e+00
 7.854e+01 6.7418e-13 6.7418e-13 [ 5.8796e-170 2.8265e-102 2.2835e-29 7.1908e-14 6.0227e-13 ] 1.0000e+00
 7.865e+01 6.0612e-13 6.0612e-13 [ 2.8202e-170 1.5697e-102 1.8190e-29 6.4122e-14 5.4200e-13 ] 1.0000e+00
 7.877e+01 5.4483e-13 5.4483e-13 [ 1.3525e-170 8.7146e-103 1.4486e-29 5.7168e-14 4.8766e-13 ] 1.0000e+00
 7.888e+01 4.8963e-13 4.8963e-13 [ 6.4861e-171 4.8366e-103 1.1531e-29 5.0958e-14 4.3867e-13 ] 1.0000e+00
 7.899e+01 4.3994e-13 4.3994e-13 [ 3.1100e-171 2.6835e-103 9.1768e-30 4.5413e-14 3.9453e-13 ] 1.0000e+00
 7.911e+01 3.9522e-13 3.9522e-13 [ 1.4911e-171 1.4884e-103 7.3005e-30 4.0463e-14 3.5476e-13 ] 1.0000e+00
 7.922e+01 3.5497e-13 3.5497e-13 [ 7.1480e-172 8.2526e-104 5.8058e-30 3.6045e-14 3.1893e-13 ] 1.0000e+00
 7.933e+01 3.1876e-13 3.1876e-13 [ 3.4263e-172 4.5744e-104 4.6157e-30 3.2103e-14 2.8666e-13 ] 1.0000e+00
 7.945e+01 2.8619e-13 2.8619e-13 [ 1.6421e-172 2.5348e-104 3.6682e-30 2.8586e-14 2.5760e-13 ] 1.0000e+00
 7.956e+01 2.5689e-13 2.5689e-13 [ 7.8695e-173 1.4041e-104 2.9143e-30 2.5450e-14 2.3144e-13 ] 1.0000e+00
 7.967e+01 2.3055e-13 2.3055e-13 [ 3.7708e-173 7.7755e-105 2.3146e-30 2.2653e-14 2.0790e-13 ] 1.0000e+00
 7.979e+01 2.0687e-13 2.0687e-13 [ 1.8067e-173 4.3045e-105 1.8376e-30 2.0159e-14 1.8671e-13 ] 1.0000e+00
 7.990e+01 1.8559e-13 1.8559e-13 [ 8.6550e-174 2.3822e-105 1.4585e-30 1.7936e-14 1.6765e-13 ] 1.0000e+00
 8.001e+01 1.6646e-13 1.6646e-13 [ 4.1458e-174 1.3179e-105 1.1572e-30 1.5955e-14 1.5050e-13 ] 1.0000e+00
 8.013e+01 1.4927e-13 1.4927e-13 [ 1.9857e-174 7.2890e-106 9.1779e-31 1.4190e-14 1.3508e-13 ] 1.0000e+00
 8.024e+01 1.3384e-13 1.3384e-13 [ 9.5092e-175 4.0301e-106 7.2769e-31 1.2617e-14 1.2122e-13 ] 1.0000e+00
 8.035e+01 1.1997e-13 1.1997e-13 [ 4.5534e-175 2.2275e-106 5.7677e-31 1.1217e-14 1.0875e-13 ] 1.0000e+00
 8.047e+01 1.0752e-13 1.0752e-13 [ 2.1801e-175 1.2308e-106 4.5700e-31 9.9700e-15 9.7552e-14 ] 1.0000e+00
 8.058e+01 9.6346e-14 9.6346e-14 [ 1.0437e-175 6.7986e-107 3.6197e-31 8.8599e-15 8.7487e-14 ] 1.0000e+00
 8.069e+01 8.6315e-14 8.6315e-14 [ 4.9959e-176 3.7542e-107 2.8661e-31 7.8718e-15 7.8444e-14 ] 1.0000e+00
 8.081e+01 7.7314e-14 7.7314e-14 [ 2.3911e-176 2.0724e-107 2.2687e-31 6.9924e-15 7.0321e-14 ] 1.0000e+00
 8.092e+01 6.9237e-14 6.9237e-14 [ 1.1443e-176 1.1437e-107 1.7951e-31 6.2100e-15 6.3027e-14 ] 1.0000e+00
 8.103e+01 6.1993e-14 6.1993e-14 [ 5.4757e-177 6.3093e-108 1.4199e-31 5.5141e-15 5.6479e-14 ] 1.0000e+00
 8.115e+01 5.5495e-14 5.5495e-14 [ 2.6198e-177 3.4796e-108 1.1228e-31 4.8952e-15 5.0600e-14 ] 1.0000e+00
 8.126e+01 4.9669e-14 4.9669e-14 [ 1.2533e-177 1.9184e-108 8.8754e-32 4.3448e-15 4.5324e-14 ] 1.0000e+00
 8.137e+01 4.4446e-14 4.4446e-14 [ 5.9951e-178 1.0574e-108 7.0134e-32 3.8556e-15 4.0590e-14 ] 1.0000e+00
 8.149e+01 3.9765e-14 3.9765e-14 [ 2.8673e-178 5.8259e-109 5.5401e-32 3.4208e-15 3.6344e-14 ] 1.0000e+00
 8.160e+01 3.5569e-14 3.5569e-14 [ 1.3712e-178 3.2090e-109 4.3748e-32 3.0343e-15 3.2535e-14 ] 1.0000e+00
 8.171e+01 3.1810e-14 3.1810e-14 [ 6.5568e-179 1.7670e-109 3.4535e-32 2.6911e-15 2.9119e-14 ] 1.0000e+00
 8.183e+01 2.8443e-14 2.8443e-14 [ 3.1349e-179 9.7267e-110 2.7252e-32 2.3861e-15 2.6057e-14 ] 1.0000e+00
 8.194e+01 2.5428e-14 2.5428e-14 [ 1.4986e-179 5.3525e-110 2.1498e-32 2.1153e-15 2.3313e-14 ] 1.0000e+00
 8.205e+01 2.2728e-14 2.2728e-14 [ 7.1633e-180 2.9445e-110 1.6953e-32 1.8749e-15 2.0853e-14 ] 1.0000e+00
 8.217e+01 2.0310e-14 2.0310e-14 [ 3.4236e-180 1.6193e-110 1.3365e-32 1.6614e-15 1.8649e-14 ] 1.0000e+00
 8.228e+01 1.8146e-14 1.8146e-14 [ 1.6360e-180 8.9027e-111 1.0532e-32 1.4720e-15 1.6674e-14 ] 1.0000e+00
 8.239e+01 1.6210e-14 1.6210e-14 [ 7.8173e-181 4.8930e-111 8.2969e-33 1.3039e-15 1.4906e-14 ] 1.0000e+00
 8.251e+01 1.4477e-14 1.4477e-14 [ 3.7347e-181 2.6883e-111 6.5339e-33 1.1547e-15 1.3323e-14 ] 1.0000e+00
 8.262e+01 1.2928e-14 1.2928e-14 [ 1.7841e-181 1.4766e-111 5.1437e-33 1.0225e-15 1.1905e-14 ] 1.0000e+00
 8.273e+01 1.1541e-14 1.1541e-14 [ 8.5214e-182 8.1077e-112 4.0480e-33 9.0515e-16 1.0636e-14 ] 1.0000e+00
 8.285e+01 1.0302e-14 1.0302e-14 [ 4.0696e-182 4.4504e-112 3.1845e-33 8.0114e-16 9.5008e-15 ] 1.0000e+00
 8.296e+01 9.1938e-15 9.1938e-15 [ 1.9433e-182 2.4421e-112 2.5044e-33 7.0894e-16 8.4849e-15 ] 1.0000e+00
 8.307e+01 8.2033e-15 8.2033e-15 [ 9.2783e-183 1.3397e-112 1.9688e-33 6.2723e-16 7.5761e-15 ] 1.0000e+00
 8.319e+01 7.3181e-15 7.3181e-15 [ 4.4294e-183 7.3465e-113 1.5473e-33 5.5482e-16 6.7633e-15 ] 1.0000e+00
 8.330e+01 6.5272e-15 6.5272e-15 [ 2.1143e-183 4.0275e-113 1.2155e-33 4.9068e-16 6.0365e-15 ] 1.0000e+00
 8.341e+01 5.8206e-15 5.8206e-15 [ 1.0091e-183 2.2072e-113 9.5459e-34 4.3386e-16 5.3868e-15 ] 1.0000e+00
 8.353e+01 5.1896e-15 5.1896e-15 [ 4.8153e-184 1.2093e-113 7.4941e-34 3.8355e-16 4.8060e-15 ] 1.0000e+00
 8.364e+01 4.6261e-15 4.6261e-15 [ 2.2976e-184 6.6232e-114 5.8812e-34 3.3901e-16 4.2870e-15 ] 1.0000e+00
 8.375e+01 4.1229e-15 4.1229e-15 [ 1.0961e-184 3.6263e-114 4.6138e-34 2.9958e-16 3.8234e-15 ] 1.0000e+00
 8.387e+01 3.6738e-15 3.6738e-15 [ 5.2287e-185 1.9849e-114 3.6183e-34 2.6468e-16 3.4091e-15 ] 1.0000e+00
 8.398e+01 3.2730e-15 3.2730e-15 [ 2.4938e-185 1.0861e-114 2.8366e-34 2.3380e-16 3.0392e-15 ] 1.0000e+00
 8.409e+01 2.9154e-15 2.9154e-15 [ 1.1893e-185 5.9407e-115 2.2230e-34 2.0649e-16 2.7089e-15 ] 1.0000e+00
 8.421e+01 2.5963e-15 2.5963e-15 [ 5.6706e-186 3.2485e-115 1.7415e-34 1.8232e-16 2.4140e-15 ] 1.0000e+00
 8.432e+01 2.3118e-15 2.3118e-15 [ 2.7035e-186 1.7758e-115 1.3638e-34 1.6096e-16 2.1508e-15 ] 1.0000e+00
 8.443e+01 2.0580e-15 2.0580e-15 [ 1.2887e-186 9.7043e-116 1.0676e-34 1.4207e-16 1.9159e-15 ] 1.0000e+00
 8.455e+01 1.8317e-15 1.8317e-15 [ 6.1423e-187 5.3014e-116 8.3546e-35 1.2537e-16 1.7064e-15 ] 1.0000e+00
 8.466e+01 1.6300e-15 1.6300e-15 [ 2.9271e-187 2.8952e-116 6.5356e-35 1.1061e-16 1.5194e-15 ] 1.0000e+00
 8.477e+01 1.4503e-15 1.4503e-15 [ 1.3947e-187 1.5806e-116 5.1108e-35 9.7574e-17 1.3527e-15 ] 1.0000e+00
 8.489e+01 1.2901e-15 1.2901e-15 [ 6.6448e-188 8.6266e-117 3.9952e-35 8.6055e-17 1.2040e-15 ] 1.0000e+00
 8.500e+01 1.1474e-15 1.1474e-15 [ 3.1652e-188 4.7066e-117 3.1219e-35 7.5881e-17 1.0715e-15 ] 1.0000e+00
 8.511e+01 1.0203e-15 1.0203e-15 [ 1.5075e-188 2.5671e-117 2.4387e-35 6.6897e-17 9.5337e-16 ] 1.0000e+00
 8.523e+01 9.0707e-16 9.0707e-16 [ 7.1790e-189 1.3997e-117 1.9042e-35 5.8965e-17 8.4810e-16 ] 1.0000e+00
 8.534e+01 8.0627e-16 8.0627e-16 [ 3.4182e-189 7.6289e-118 1.4864e-35 5.1963e-17 7.5431e-16 ] 1.0000e+00
 8.545e+01 7.1654e-16 7.1654e-16 [ 1.6273e-189 4.1569e-118 1.1598e-35 4.5783e-17 6.7076e-16 ] 1.0000e+00
 8.557e+01 6.3668e-16 6.3668e-16 [ 7.7459e-190 2.2643e-118 9.0463e-36 4.0331e-17 5.9635e-16 ] 1.0000e+00
 8.568e+01 5.6561e-16 5.6561e-16 [ 3.6865e-190 1.2329e-118 7.0534e-36 3.5521e-17 5.3009e-16 ] 1.0000e+00
 8.579e+01 5.0238e-16 5.0238e-16 [ 1.7542e-190 6.7114e-119 5.4975e-36 3.1278e-17 4.7110e-16 ] 1.0000e+00
 8.591e+01 4.4614e-16 4.4614e-16 [ 8.3462e-191 3.6521e-119 4.2832e-36 2.7537e-17 4.1860e-16 ] 1.0000e+00
 8.602e+01 3.9611e-16 3.9611e-16 [ 3.9703e-191 1.9867e-119 3.3359e-36 2.4239e-17 3.7188e-16 ] 1.0000e+00
 8.613e+01 3.5163e-16 3.5163e-16 [ 1.8884e-191 1.0804e-119 2.5971e-36 2.1331e-17 3.3030e-16 ] 1.0000e+00
 8.625e+01 3.1209e-16 3.1209e-16 [ 8.9804e-192 5.8731e-120 2.0211e-36 1.8769e-17 2.9332e-16 ] 1.0000e+00
 8.636e+01 2.7694e-16 2.7694e-16 [ 4.2700e-192 3.1917e-120 1.5723e-36 1.6511e-17 2.6043e-16 ] 1.0000e+00
 8.647e+01 2.4570e-16 2.4570e-16 [ 2.0300e-192 1.7339e-120 1.2227e-36 1.4522e-17 2.3118e-16 ] 1.0000e+00
 8.659e+01 2.1795e-16 2.1795e-16 [ 9.6489e-193 9.4164e-121 9.5045e-37 1.2770e-17 2.0518e-16 ] 1.0000e+00
 8.670e+01 1.9329e-16 1.9329e-16 [ 4.5856e-193 5.1121e-121 7.3853e-37 1.1227e-17 1.8207e-16 ] 1.0000e+00
 8.681e+01 1.7140e-16 1.7140e-16 [ 2.1789e-193 2.7744e-121 5.7364e-37 9.8691e-18 1.6153e-16 ] 1.0000e+00
 8.693e+01 1.5195e-16 1.5195e-16 [ 1.0352e-193 1.5052e-121 4.4539e-37 8.6734e-18 1.4328e-16 ] 1.0000e+00
 8.704e+01 1.3469e-16 1.3469e-16 [ 4.9172e-194 8.1630e-122 3.4568e-37 7.6211e-18 1.2707e-16 ] 1.0000e+00
 8.715e+01 1.1936e-16 1.1936e-16 [ 2.3353e-194 4.4256e-122 2.6818e-37 6.6952e-18 1.1267e-16 ] 1.0000e+00
 8.727e+01 1.0576e-16 1.0576e-16 [ 1.1089e-194 2.3985e-122 2.0798e-37 5.8806e-18 9.9879e-17 ] 1.0000e+00
 8.738e+01 9.3691e-17 9.3691e-17 [ 5.2647e-195 1.2994e-122 1.6122e-37 5.1642e-18 8.8526e-17 ] 1.0000e+00
 8.749e+01 8.2983e-17 8.2983e-17 [ 2.4990e-195 7.0377e-123 1.2493e-37 4.5341e-18 7.8449e-17 ] 1.0000e+00
 8.761e+01 7.3486e-17 7.3486e-17 [ 1.1860e-195 3.8102e-123 9.6767e-38 3.9802e-18 6.9506e-17 ] 1.0000e+00
 8.772e+01 6.5064e-17 6.5064e-17 [ 5.6278e-196 2.0621e-123 7.4922e-38 3.4932e-18 6.1571e-17 ] 1.0000e+00
 8.783e+01 5.7596e-17 5.7596e-17 [ 2.6699e-196 1.1156e-123 5.7985e-38 3.0653e-18 5.4531e-17 ] 1.0000e+00
 8.795e+01 5.0976e-17 5.0976e-17 [ 1.2664e-196 6.0337e-124 4.4858e-38 2.6892e-18 4.8287e-17 ] 1.0000e+00
 8.806e+01 4.5108e-17 4.5108e-17 [ 6.0060e-197 3.2620e-124 3.4689e-38 2.3588e-18 4.2750e-17 ] 1.0000e+00
 8.817e+01 3.9909e-17 3.9909e-17 [ 2.8478e-197 1.7629e-124 2.6813e-38 2.0686e-18 3.7840e-17 ] 1.0000e+00
 8.829e+01 3.5302e-17 3.5302e-17 [ 1.3500e-197 9.5242e-125 2.0717e-38 1.8138e-18 3.3488e-17 ] 1.0000e+00
 8.840e+01 3.1221e-17 3.1221e-17 [ 6.3989e-198 5.1436e-125 1.6000e-38 1.5900e-18 2.9631e-17 ] 1.0000e+00
 8.851e+01 2.7607e-17 2.7607e-17 [ 3.0323e-198 2.7768e-125 1.2352e-38 1.3936e-18 2.6213e-17 ] 1.0000e+00
 8.863e+01 2.4407e-17 2.4407e-17 [ 1.4367e-198 1.4985e-125 9.5314e-39 1.2212e-18 2.3185e-17 ] 1.0000e+00
 8.874e+01 2.1573e-17 2.1573e-17 [ 6.8055e-199 8.0841e-126 7.3518e-39 1.0700e-18 2.0503e-17 ] 1.0000e+00
 8.885e+01 1.9065e-17 1.9065e-17 [ 3.2231e-199 4.3594e-126 5.6681e-39 9.3724e-19 1.8128e-17 ] 1.0000e+00
 8.897e+01 1.6846e-17 1.6846e-17 [ 1.5261e-199 2.3500e-126 4.3681e-39 8.2082e-19 1.6025e-17 ] 1.0000e+00
 8.908e+01 1.4882e-17 1.4882e-17 [ 7.2248e-200 1.2663e-126 3.3648e-39 7.1873e-19 1.4163e-17 ] 1.0000e+00
 8.919e+01 1.3145e-17 1.3145e-17 [ 3.4195e-200 6.8213e-127 2.5907e-39 6.2922e-19 1.2515e-17 ] 1.0000e+00
 8.931e+01 1.1608e-17 1.1608e-17 [ 1.6181e-200 3.6730e-127 1.9939e-39 5.5074e-19 1.1057e-17 ] 1.0000e+00
 8.942e+01 1.0249e-17 1.0249e-17 [ 7.6555e-201 1.9770e-127 1.5338e-39 4.8196e-19 9.7671e-18 ] 1.0000e+00
 8.953e+01 9.0476e-18 9.0476e-18 [ 3.6210e-201 1.0637e-127 1.1794e-39 4.2169e-19 8.6259e-18 ] 1.0000e+00
 8.965e+01 7.9855e-18 7.9855e-18 [ 1.7124e-201 5.7210e-128 9.0640e-40 3.6889e-19 7.6166e-18 ] 1.0000e+00
 8.976e+01 7.0467e-18 7.0467e-18 [ 8.0959e-202 3.0758e-128 6.9630e-40 3.2263e-19 6.7241e-18 ] 1.0000e+00
 8.987e+01 6.2172e-18 6.2172e-18 [ 3.8268e-202 1.6530e-128 5.3464e-40 2.8212e-19 5.9351e-18 ] 1.0000e+00
 8.999e+01 5.4843e-18 5.4843e-18 [ 1.8084e-202 8.8800e-129 4.1033e-40 2.4665e-19 5.2377e-18 ] 1.0000e+00
 9.010e+01 4.8369e-18 4.8369e-18 [ 8.5442e-203 4.7685e-129 3.1476e-40 2.1560e-19 4.6213e-18 ] 1.0000e+00
 9.021e+01 4.2652e-18 4.2652e-18 [ 4.0358e-203 2.5596e-129 2.4134e-40 1.8842e-19 4.0768e-18 ] 1.0000e+00
 9.033e+01 3.7603e-18 3.7603e-18 [ 1.9059e-203 1.3734e-129 1.8496e-40 1.6463e-19 3.5957e-18 ] 1.0000e+00
 9.044e+01 3.3146e-18 3.3146e-18 [ 8.9980e-204 7.3662e-130 1.4167e-40 1.4382e-19 3.1708e-18 ] 1.0000e+00
 9.055e+01 2.9212e-18 2.9212e-18 [ 4.2471e-204 3.9492e-130 1.0847e-40 1.2561e-19 2.7956e-18 ] 1.0000e+00
 9.067e+01 2.5740e-18 2.5740e-18 [ 2.0041e-204 2.1164e-130 8.3003e-41 1.0969e-19 2.4643e-18 ] 1.0000e+00
 9.078e+01 2.2677e-18 2.2677e-18 [ 9.4548e-205 1.1337e-130 6.3484e-41 9.5767e-20 2.1719e-18 ] 1.0000e+00
 9.089e+01 1.9974e-18 1.9974e-18 [ 4.4593e-205 6.0704e-131 4.8530e-41 8.3595e-20 1.9139e-18 ] 1.0000e+00
 9.101e+01 1.7591e-18 1.7591e-18 [ 2.1026e-205 3.2490e-131 3.7080e-41 7.2955e-20 1.6861e-18 ] 1.0000e+00
 9.112e+01 1.5489e-18 1.5489e-18 [ 9.9116e-206 1.7382e-131 2.8316e-41 6.3657e-20 1.4852e-18 ] 1.0000e+00
 9.123e+01 1.3635e-18 1.3635e-18 [ 4.6709e-206 9.2954e-132 2.1612e-41 5.5533e-20 1.3080e-18 ] 1.0000e+00
 9.135e+01 1.2002e-18 1.2002e-18 [ 2.2006e-206 4.9686e-132 1.6487e-41 4.8435e-20 1.1517e-18 ] 1.0000e+00
 9.146e+01 1.0562e-18 1.0562e-18 [ 1.0365e-206 2.6547e-132 1.2570e-41 4.2236e-20 1.0139e-18 ] 1.0000e+00
 9.157e+01 9.2928e-19 9.2928e-19 [ 4.8804e-207 1.4178e-132 9.5789e-42 3.6823e-20 8.9246e-19 ] 1.0000e+00
 9.169e+01 8.1749e-19 8.1749e-19 [ 2.2973e-207 7.5681e-133 7.2953e-42 3.2097e-20 7.8539e-19 ] 1.0000e+00
 9.180e+01 7.1901e-19 7.1901e-19 [ 1.0811e-207 4.0381e-133 5.5530e-42 2.7971e-20 6.9104e-19 ] 1.0000e+00
 9.191e+01 6.3228e-19 6.3228e-19 [ 5.0857e-208 2.1536e-133 4.2244e-42 2.4371e-20 6.0791e-19 ] 1.0000e+00
 9.203e+01 5.5591e-19 5.5591e-19 [ 2.3918e-208 1.1480e-133 3.2119e-42 2.1229e-20 5.3468e-19 ] 1.0000e+00
 9.214e+01 4.8868e-19 4.8868e-19 [ 1.1245e-208 6.1167e-134 2.4406e-42 1.8488e-20 4.7019e-19 ] 1.0000e+00
 9.225e+01 4.2949e-19 4.2949e-19 [ 5.2848e-209 3.2575e-134 1.8535e-42 1.6098e-20 4.1340e-19 ] 1.0000e+00
 9.237e+01 3.7741e-19 3.7741e-19 [ 2.4830e-209 1.7340e-134 1.4068e-42 1.4013e-20 3.6340e-19 ] 1.0000e+00
 9.248e+01 3.3158e-19 3.3158e-19 [ 1.1662e-209 9.2253e-135 1.0671e-42 1.2195e-20 3.1939e-19 ] 1.0000e+00
 9.259e+01 2.9126e-19 2.9126e-19 [ 5.4754e-210 4.9057e-135 8.0889e-43 1.0611e-20 2.8065e-19 ] 1.0000e+00
 9.271e+01 2.5580e-19 2.5580e-19 [ 2.5699e-210 2.6074e-135 6.1281e-43 9.2301e-21 2.4657e-19 ] 1.0000e+00
 9.282e+01 2.2462e-19 2.2462e-19 [ 1.2057e-210 1.3851e-135 4.6397e-43 8.0269e-21 2.1659e-19 ] 1.0000e+00
 9.293e+01 1.9720e-19 1.9720e-19 [ 5.6549e-211 7.3540e-136 3.5105e-43 6.9787e-21 1.9022e-19 ] 1.0000e+00
 9.305e+01 1.7309e-19 1.7309e-19 [ 2.6511e-211 3.9025e-136 2.6544e-43 6.0657e-21 1.6703e-19 ] 1.0000e+00
 9.316e+01 1.5191e-19 1.5191e-19 [ 1.2424e-211 2.0698e-136 2.0058e-43 5.2707e-21 1.4663e-19 ] 1.0000e+00
 9.327e+01 1.3329e-19 1.3329e-19 [ 5.8203e-212 1.0971e-136 1.5147e-43 4.5786e-21 1.2871e-19 ] 1.0000e+00
 9.339e+01 1.1693e-19 1.1693e-19 [ 2.7255e-212 5.8124e-137 1.1430e-43 3.9761e-21 1.1295e-19 ] 1.0000e+00
 9.350e+01 1.0256e-19 1.0256e-19 [ 1.2757e-212 3.0775e-137 8.6194e-44 3.4518e-21 9.9107e-20 ] 1.0000e+00
 9.361e+01 8.9938e-20 8.9938e-20 [ 5.9686e-213 1.6285e-137 6.4954e-44 2.9957e-21 8.6943e-20 ] 1.0000e+00
 9.373e+01 7.8856e-20 7.8856e-20 [ 2.7913e-213 8.6124e-138 4.8912e-44 2.5989e-21 7.6257e-20 ] 1.0000e+00
 9.384e+01 6.9126e-20 6.9126e-20 [ 1.3048e-213 4.5519e-138 3.6806e-44 2.2539e-21 6.6872e-20 ] 1.0000e+00
 9.395e+01 6.0585e-20 6.0585e-20 [ 6.0964e-214 2.4043e-138 2.7675e-44 1.9539e-21 5.8631e-20 ] 1.0000e+00
 9.407e+01 5.3089e-20 5.3089e-20 [ 2.8471e-214 1.2692e-138 2.0794e-44 1.6932e-21 5.1395e-20 ] 1.0000e+00
 9.418e+01 4.6511e-20 4.6511e-20 [ 1.3289e-214 6.6951e-139 1.5611e-44 1.4666e-21 4.5044e-20 ] 1.0000e+00
 9.429e+01 4.0740e-20 4.0740e-20 [ 6.1999e-215 3.5295e-139 1.1711e-44 1.2698e-21 3.9470e-20 ] 1.0000e+00
 9.441e+01 3.5678e-20 3.5678e-20 [ 2.8910e-215 1.8594e-139 8.7785e-45 1.0989e-21 3.4579e-20 ] 1.0000e+00
 9.452e+01 3.1239e-20 3.1239e-20 [ 1.3473e-215 9.7886e-140 6.5747e-45 9.5050e-22 3.0288e-20 ] 1.0000e+00
 9.463e+01 2.7346e-20 2.7346e-20 [ 6.2752e-216 5.1495e-140 4.9199e-45 8.2171e-22 2.6524e-20 ] 1.0000e+00
 9.475e+01 2.3933e-20 2.3933e-20 [ 2.9211e-216 2.7070e-140 3.6785e-45 7.0998e-22 2.3223e-20 ] 1.0000e+00
 9.486e+01 2.0942e-20 2.0942e-20 [ 1.3589e-216 1.4219e-140 2.7478e-45 6.1307e-22 2.0329e-20 ] 1.0000e+00
 9.497e+01 1.8321e-20 1.8321e-20 [ 6.3179e-217 7.4632e-141 2.0507e-45 5.2906e-22 1.7792e-20 ] 1.0000e+00
 9.509e+01 1.6024e-20 1.6024e-20 [ 2.9354e-217 3.9141e-141 1.5291e-45 4.5625e-22 1.5567e-20 ] 1.0000e+00
 9.520e+01 1.4011e-20 1.4011e-20 [ 1.3629e-217 2.0510e-141 1.1390e-45 3.9318e-22 1.3618e-20 ] 1.0000e+00
 9.531e+01 1.2249e-20 1.2249e-20 [ 6.3235e-218 1.0738e-141 8.4759e-46 3.3857e-22 1.1910e-20 ] 1.0000e+00
 9.543e+01 1.0705e-20 1.0705e-20 [ 2.9318e-218 5.6172e-142 6.3009e-46 2.9131e-22 1.0414e-20 ] 1.0000e+00
 9.554e+01 9.3540e-21 9.3540e-21 [ 1.3582e-218 2.9357e-142 4.6791e-46 2.5044e-22 9.1036e-21 ] 1.0000e+00
 9.565e+01 8.1709e-21 8.1709e-21 [ 6.2871e-219 1.5328e-142 3.4709e-46 2.1510e-22 7.9558e-21 ] 1.0000e+00
 9.577e+01 7.1354e-21 7.1354e-21 [ 2.9078e-219 7.9948e-143 2.5718e-46 1.8456e-22 6.9508e-21 ] 1.0000e+00
 9.588e+01 6.2292e-21 6.2292e-21 [ 1.3437e-219 4.1657e-143 1.9033e-46 1.5820e-22 6.0710e-21 ] 1.0000e+00
 9.599e+01 5.4363e-21 5.4363e-21 [ 6.2033e-220 2.1682e-143 1.4069e-46 1.3545e-22 5.3009e-21 ] 1.0000e+00
 9.611e+01 4.7427e-21 4.7427e-21 [ 2.8610e-220 1.1273e-143 1.0386e-46 1.1584e-22 4.6268e-21 ] 1.0000e+00
 9.622e+01 4.1360e-21 4.1360e-21 [ 1.3182e-220 5.8540e-144 7.6571e-47 9.8941e-23 4.0371e-21 ] 1.0000e+00
 9.633e+01 3.6055e-21 3.6055e-21 [ 6.0667e-221 3.0362e-144 5.6374e-47 8.4394e-23 3.5211e-21 ] 1.0000e+00
 9.645e+01 3.1416e-21 3.1416e-21 [ 2.7889e-221 1.5727e-144 4.1444e-47 7.1882e-23 3.0697e-21 ] 1.0000e+00
 9.656e+01 2.7361e-21 2.7361e-21 [ 1.2805e-221 8.1348e-145 3.0422e-47 6.1132e-23 2.6749e-21 ] 1.0000e+00
 9.667e+01 2.3816e-21 2.3816e-21 [ 5.8715e-222 4.2017e-145 2.2296e-47 5.1903e-23 2.3297e-21 ] 1.0000e+00
 9.679e+01 2.0718e-21 2.0718e-21 [ 2.6885e-222 2.1669e-145 1.6312e-47 4.3991e-23 2.0278e-21 ] 1.0000e+00
 9.690e+01 1.8011e-21 1.8011e-21 [ 1.2293e-222 1.1157e-145 1.1914e-47 3.7214e-23 1.7639e-21 ] 1.0000e+00
 9.701e+01 1.5646e-21 1.5646e-21 [ 5.6114e-223 5.7344e-146 8.6845e-48 3.1417e-23 1.5332e-21 ] 1.0000e+00
 9.713e+01 1.3580e-21 1.3580e-21 [ 2.5572e-223 2.9419e-146 6.3179e-48 2.6465e-23 1.3316e-21 ] 1.0000e+00
 9.724e+01 1.1776e-21 1.1776e-21 [ 1.1632e-223 1.5063e-146 4.5863e-48 2.2240e-23 1.1553e-21 ] 1.0000e+00
 9.735e+01 1.0199e-21 1.0199e-21 [ 5.2802e-224 7.6955e-147 3.3216e-48 1.8642e-23 1.0013e-21 ] 1.0000e+00
 9.747e+01 8.8228e-22 8.8228e-22 [ 2.3917e-224 3.9225e-147 2.3997e-48 1.5582e-23 8.6670e-22 ] 1.0000e+00
 9.758e+01 7.6206e-22 7.6206e-22 [ 1.0808e-224 1.9943e-147 1.7291e-48 1.2984e-23 7.4907e-22 ] 1.0000e+00
 9.769e+01 6.5706e-22 6.5706e-22 [ 4.8710e-225 1.0111e-147 1.2422e-48 1.0782e-23 6.4628e-22 ] 1.0000e+00
 9.781e+01 5.6535e-22 5.6535e-22 [ 2.1890e-225 5.1111e-148 8.8955e-49 8.9202e-24 5.5643e-22 ] 1.0000e+00
 9.792e+01 4.8524e-22 4.8524e-22 [ 9.8059e-226 2.5750e-148 6.3479e-49 7.3487e-24 4.7789e-22 ] 1.0000e+00
 9.803e+01 4.1525e-22 4.1525e-22 [ 4.3769e-226 1.2924e-148 4.5123e-49 6.0252e-24 4.0923e-22 ] 1.0000e+00
 9.815e+01 3.5409e-22 3.5409e-22 [ 1.9458e-226 6.4599e-149 3.1935e-49 4.9133e-24 3.4917e-22 ] 1.0000e+00
 9.826e+01 3.0062e-22 3.0062e-22 [ 8.6109e-227 3.2137e-149 2.2490e-49 3.9816e-24 2.9663e-22 ] 1.0000e+00
 9.837e+01 2.5385e-22 2.5385e-22 [ 3.7908e-227 1.5902e-149 1.5750e-49 3.2030e-24 2.5065e-22 ] 1.0000e+00
 9.849e+01 2.1294e-22 2.1294e-22 [ 1.6587e-227 7.8199e-150 1.0957e-49 2.5544e-24 2.1038e-22 ] 1.0000e+00
 9.860e+01 1.7713e-22 1.7713e-22 [ 7.2069e-228 3.8178e-150 7.5646e-50 2.0161e-24 1.7511e-22 ] 1.0000e+00
 9.871e+01 1.4578e-22 1.4578e-22 [ 3.1050e-228 1.8480e-150 5.1739e-50 1.5710e-24 1.4420e-22 ] 1.0000e+00
 9.883e+01 1.1834e-22 1.1834e-22 [ 1.3242e-228 8.8538e-151 3.4980e-50 1.2049e-24 1.1713e-22 ] 1.0000e+00
 9.894e+01 9.4350e-23 9.4350e-23 [ 5.5772e-229 4.1883e-151 2.3303e-50 9.0545e-25 9.3445e-23 ] 1.0000e+00
 9.905e+01 7.3433e-23 7.3433e-23 [ 2.3119e-229 1.9496e-151 1.5222e-50 6.6257e-25 7.2770e-23 ] 1.0000e+00
 9.917e+01 5.5289e-23 5.5289e-23 [ 9.3863e-230 8.8858e-152 9.6746e-51 4.6768e-25 5.4821e-23 ] 1.0000e+00
 9.928e+01 3.9705e-23 3.9705e-23 [ 3.7032e-230 3.9328e-152 5.9070e-51 3.1376e-25 3.9391e-23 ] 1.0000e+00
 9.939e+01 2.6561e-23 2.6561e-23 [ 1.4003e-230 1.6651e-152 3.3864e-51 1.9513e-25 2.6366e-23 ] 1.0000e+00
 9.951e+01 1.5839e-23 1.5839e-23 [ 4.9298e-231 6.5300e-153 1.7427e-51 1.0731e-25 1.5732e-23 ] 1.0000e+00
 9.962e+01 7.6414e-24 7.6414e-24 [ 1.4948e-231 2.1781e-153 7.2541e-52 4.6922e-26 7.5945e-24 ] 1.0000e+00
 9.973e+01 2.2179e-24 2.2179e-24 [ 2.8908e-232 4.5130e-154 1.7421e-52 1.1616e-26 2.2063e-24 ] 1.0000e+00
 9.985e+01 0.0000e+00 0.0000e+00 [ 0.0000e+00 0.0000e+00 0.0000e+00 0.0000e+00 0.0000e+00 ] 1.0000e+00
