 0.000e+00 0.0000e+00 0.0000e+00 [ 0.0000e+00 0.0000e+00 ] 1.0000e+00
 1.133e-01 1.6983e-03 1.6983e-03 [ 1.6533e-03 4.4930e-05 ] 9.9830e-01
 2.267e-01 3.6956e-03 3.6956e-03 [ 3.5162e-03 1.7940e-04 ] 9.9630e-01
 3.400e-01 5.4360e-03 5.4360e-03 [ 5.0325e-03 4.0344e-04 ] 9.9456e-01
 4.533e-01 7.1408e-03 7.1408e-03 [ 6.4229e-03 7.1788e-04 ] 9.9286e-01
 5.667e-01 8.8350e-03 8.8350e-03 [ 7.7107e-03 1.1243e-03 ] 9.9117e-01
 6.800e-01 1.0542e-02 1.0542e-02 [ 8.9170e-03 1.6251e-03 ] 9.8946e-01
 7.933e-01 1.2285e-02 1.2285e-02 [ 1.0062e-02 2.2236e-03 ] 9.8772e-01
 9.067e-01 1.4087e-02 1.4087e-02 [ 1.1163e-02 2.9235e-03 ] 9.8591e-01
 1.020e+00 1.5969e-02 1.5969e-02 [ 1.2239e-02 3.7299e-03 ] 9.8403e-01
 1.133e+00 1.7955e-02 1.7955e-02 [ 1.3307e-02 4.6484e-03 ] 9.8205e-01
 1.247e+00 2.0068e-02 2.0068e-02 [ 1.4382e-02 5.6857e-03 ] 9.7993e-01
 1.360e+00 2.2332e-02 2.2332e-02 [ 1.5483e-02 6.8492e-03 ] 9.7767e-01
 1.473e+00 2.4773e-02 2.4773e-02 [ 1.6626e-02 8.1477e-03 ] 9.7523e-01
 1.587e+00 2.7418e-02 2.7418e-02 [ 1.7827e-02 9.5907e-03 ] 9.7258e-01
 1.700e+00 3.0295e-02 3.0295e-02 [ 1.9106e-02 1.1189e-02 ] 9.6970e-01
 1.813e+00 3.3436e-02 3.3436e-02 [ 2.0481e-02 1.2955e-02 ] 9.6656e-01
 1.927e+00 3.6872e-02 3.6872e-02 [ 2.1971e-02 1.4901e-02 ] 9.6313e-01
 2.040e+00 4.0640e-02 4.0640e-02 [ 2.3598e-02 1.7042e-02 ] 9.5936e-01
 2.153e+00 4.4778e-02 4.4778e-02 [ 2.5384e-02 1.9394e-02 ] 9.5522e-01
 2.267e+00 4.9326e-02 4.9326e-02 [ 2.7353e-02 2.1973e-02 ] 9.5067e-01
 2.380e+00 5.4329e-02 5.4329e-02 [ 2.9531e-02 2.4798e-02 ] 9.4567e-01
 2.493e+00 5.9833e-02 5.9833e-02 [ 3.1945e-02 2.7888e-02 ] 9.4017e-01
 2.607e+00 6.5888e-02 6.5888e-02 [ 3.4624e-02 3.1265e-02 ] 9.3411e-01
 2.720e+00 7.2547e-02 7.2547e-02 [ 3.7599e-02 3.4948e-02 ] 9.2745e-01
 2.833e+00 7.9863e-02 7.9863e-02 [ 4.0902e-02 3.8961e-02 ] 9.2014e-01
 2.947e+00 8.7892e-02 8.7892e-02 [ 4.4567e-02 4.3325e-02 ] 9.1211e-01
 3.060e+00 9.6692e-02 9.6692e-02 [ 4.8628e-02 4.8064e-02 ] 9.0331e-01
 3.173e+00 1.0632e-01 1.0632e-01 [ 5.3120e-02 5.3199e-02 ] 8.9368e-01
 3.287e+00 1.1683e-01 1.1683e-01 [ 5.8077e-02 5.8749e-02 ] 8.8317e-01
 3.400e+00 1.2826e-01 1.2826e-01 [ 6.3531e-02 6.4733e-02 ] 8.7174e-01
 3.513e+00 1.4068e-01 1.4068e-01 [ 6.9512e-02 7.1165e-02 ] 8.5932e-01
 3.627e+00 1.5410e-01 1.5410e-01 [ 7.6043e-02 7.8055e-02 ] 8.4590e-01
 3.740e+00 1.6855e-01 1.6855e-01 [ 8.3144e-02 8.5406e-02 ] 8.3145e-01
 3.853e+00 1.8404e-01 1.8404e-01 [ 9.0823e-02 9.3216e-02 ] 8.1596e-01
 3.967e+00 2.0055e-01 2.0055e-01 [ 9.9079e-02 1.0147e-01 ] 7.9945e-01
 4.080e+00 2.1804e-01 2.1804e-01 [ 1.0790e-01 1.1014e-01 ] 7.8196e-01
 4.193e+00 2.3644e-01 2.3644e-01 [ 1.1724e-01 1.1920e-01 ] 7.6356e-01
 4.307e+00 2.5566e-01 2.5566e-01 [ 1.2706e-01 1.2860e-01 ] 7.4434e-01
 4.420e+00 2.7555e-01 2.7555e-01 [ 1.3729e-01 1.3826e-01 ] 7.2445e-01
 4.533e+00 2.9593e-01 2.9593e-01 [ 1.4782e-01 1.4810e-01 ] 7.0407e-01
 4.647e+00 3.1659e-01 3.1659e-01 [ 1.5855e-01 1.5804e-01 ] 6.8341e-01
 4.760e+00 3.3728e-01 3.3728e-01 [ 1.6933e-01 1.6796e-01 ] 6.6271e-01
 4.873e+00 3.5772e-01 3.5772e-01 [ 1.7999e-01 1.7773e-01 ] 6.4228e-01
 4.987e+00 3.7758e-01 3.7758e-01 [ 1.9036e-01 1.8722e-01 ] 6.2242e-01
 5.100e+00 3.9653e-01 3.9653e-01 [ 2.0024e-01 1.9629e-01 ] 6.0347e-01
 5.213e+00 4.1423e-01 4.1423e-01 [ 2.0944e-01 2.0479e-01 ] 5.8577e-01
 5.327e+00 4.3033e-01 4.3033e-01 [ 2.1775e-01 2.1258e-01 ] 5.6967e-01
 5.440e+00 4.4451e-01 4.4451e-01 [ 2.2498e-01 2.1953e-01 ] 5.5549e-01
 5.553e+00 4.5648e-01 4.5648e-01 [ 2.3097e-01 2.2551e-01 ] 5.4352e-01
 5.667e+00 4.6596e-01 4.6596e-01 [ 2.3555e-01 2.3041e-01 ] 5.3404e-01
 5.780e+00 4.7276e-01 4.7276e-01 [ 2.3862e-01 2.3414e-01 ] 5.2724e-01
 5.893e+00 4.7672e-01 4.7672e-01 [ 2.4008e-01 2.3664e-01 ] 5.2328e-01
 6.007e+00 4.7775e-01 4.7775e-01 [ 2.3989e-01 2.3787e-01 ] 5.2225e-01
 6.120e+00 4.7585e-01 4.7585e-01 [ 2.3805e-01 2.3780e-01 ] 5.2415e-01
 6.233e+00 4.7105e-01 4.7105e-01 [ 2.3460e-01 2.3645e-01 ] 5.2895e-01
 6.347e+00 4.6347e-01 4.6347e-01 [ 2.2962e-01 2.3385e-01 ] 5.3653e-01
 6.460e+00 4.5330e-01 4.5330e-01 [ 2.2322e-01 2.3008e-01 ] 5.4670e-01
 6.573e+00 4.4075e-01 4.4075e-01 [ 2.1556e-01 2.2520e-01 ] 5.5925e-01
 6.687e+00 4.2612e-01 4.2612e-01 [ 2.0680e-01 2.1932e-01 ] 5.7388e-01
 6.800e+00 4.0971e-01 4.0971e-01 [ 1.9714e-01 2.1257e-01 ] 5.9029e-01
 6.913e+00 3.9185e-01 3.9185e-01 [ 1.8677e-01 2.0507e-01 ] 6.0815e-01
 7.027e+00 3.7288e-01 3.7288e-01 [ 1.7591e-01 1.9697e-01 ] 6.2712e-01
 7.140e+00 3.5313e-01 3.5313e-01 [ 1.6474e-01 1.8839e-01 ] 6.4687e-01
 7.253e+00 3.3294e-01 3.3294e-01 [ 1.5346e-01 1.7948e-01 ] 6.6706e-01
 7.367e+00 3.1259e-01 3.1259e-01 [ 1.4222e-01 1.7037e-01 ] 6.8741e-01
 7.480e+00 2.9237e-01 2.9237e-01 [ 1.3118e-01 1.6119e-01 ] 7.0763e-01
 7.593e+00 2.7249e-01 2.7249e-01 [ 1.2046e-01 1.5203e-01 ] 7.2751e-01
 7.707e+00 2.5317e-01 2.5317e-01 [ 1.1017e-01 1.4300e-01 ] 7.4683e-01
 7.820e+00 2.3455e-01 2.3455e-01 [ 1.0037e-01 1.3418e-01 ] 7.6545e-01
 7.933e+00 2.1676e-01 2.1676e-01 [ 9.1128e-02 1.2563e-01 ] 7.8324e-01
 8.047e+00 1.9988e-01 1.9988e-01 [ 8.2476e-02 1.1741e-01 ] 8.0012e-01
 8.160e+00 1.8398e-01 1.8398e-01 [ 7.4431e-02 1.0955e-01 ] 8.1602e-01
 8.273e+00 1.6908e-01 1.6908e-01 [ 6.6998e-02 1.0209e-01 ] 8.3092e-01
 8.387e+00 1.5520e-01 1.5520e-01 [ 6.0168e-02 9.5028e-02 ] 8.4480e-01
 8.500e+00 1.4231e-01 1.4231e-01 [ 5.3923e-02 8.8385e-02 ] 8.5769e-01
 8.613e+00 1.3040e-01 1.3040e-01 [ 4.8238e-02 8.2157e-02 ] 8.6961e-01
 8.727e+00 1.1942e-01 1.1942e-01 [ 4.3083e-02 7.6338e-02 ] 8.8058e-01
 8.840e+00 1.0934e-01 1.0934e-01 [ 3.8424e-02 7.0916e-02 ] 8.9066e-01
 8.953e+00 1.0010e-01 1.0010e-01 [ 3.4227e-02 6.5877e-02 ] 8.9990e-01
 9.067e+00 9.1659e-02 9.1659e-02 [ 3.0456e-02 6.1204e-02 ] 9.0834e-01
 9.180e+00 8.3953e-02 8.3953e-02 [ 2.7075e-02 5.6878e-02 ] 9.1605e-01
 9.293e+00 7.6930e-02 7.6930e-02 [ 2.4052e-02 5.2879e-02 ] 9.2307e-01
 9.407e+00 7.0539e-02 7.0539e-02 [ 2.1352e-02 4.9187e-02 ] 9.2946e-01
 9.520e+00 6.4727e-02 6.4727e-02 [ 1.8945e-02 4.5781e-02 ] 9.3527e-01
 9.633e+00 5.9445e-02 5.9445e-02 [ 1.6803e-02 4.2643e-02 ] 9.4055e-01
 9.747e+00 5.4649e-02 5.4649e-02 [ 1.4898e-02 3.9751e-02 ] 9.4535e-01
 9.860e+00 5.0294e-02 5.0294e-02 [ 1.3205e-02 3.7089e-02 ] 9.4971e-01
 9.973e+00 4.6341e-02 4.6341e-02 [ 1.1703e-02 3.4639e-02 ] 9.5366e-01
 1.009e+01 4.2753e-02 4.2753e-02 [ 1.0370e-02 3.2383e-02 ] 9.5725e-01
 1.020e+01 3.9495e-02 3.9495e-02 [ 9.1893e-03 3.0306e-02 ] 9.6050e-01
 1.031e+01 3.6537e-02 3.6537e-02 [ 8.1428e-03 2.8394e-02 ] 9.6346e-01
 1.043e+01 3.3849e-02 3.3849e-02 [ 7.2160e-03 2.6633e-02 ] 9.6615e-01
 1.054e+01 3.1406e-02 3.1406e-02 [ 6.3953e-03 2.5011e-02 ] 9.6859e-01
 1.065e+01 2.9185e-02 2.9185e-02 [ 5.6689e-03 2.3516e-02 ] 9.7081e-01
 1.077e+01 2.7164e-02 2.7164e-02 [ 5.0259e-03 2.2138e-02 ] 9.7284e-01
 1.088e+01 2.5323e-02 2.5323e-02 [ 4.4569e-03 2.0866e-02 ] 9.7468e-01
 1.099e+01 2.3645e-02 2.3645e-02 [ 3.9533e-03 1.9692e-02 ] 9.7635e-01
 1.111e+01 2.2115e-02 2.2115e-02 [ 3.5076e-03 1.8608e-02 ] 9.7788e-01
 1.122e+01 2.0719e-02 2.0719e-02 [ 3.1131e-03 1.7605e-02 ] 9.7928e-01
 1.133e+01 1.9442e-02 1.9442e-02 [ 2.7640e-03 1.6678e-02 ] 9.8056e-01
 1.145e+01 1.8275e-02 1.8275e-02 [ 2.4549e-03 1.5820e-02 ] 9.8173e-01
 1.156e+01 1.7206e-02 1.7206e-02 [ 2.1812e-03 1.5025e-02 ] 9.8279e-01
 1.167e+01 1.6226e-02 1.6226e-02 [ 1.9388e-03 1.4287e-02 ] 9.8377e-01
 1.179e+01 1.5327e-02 1.5327e-02 [ 1.7241e-03 1.3603e-02 ] 9.8467e-01
 1.190e+01 1.4501e-02 1.4501e-02 [ 1.5338e-03 1.2967e-02 ] 9.8550e-01
 1.201e+01 1.3741e-02 1.3741e-02 [ 1.3652e-03 1.2376e-02 ] 9.8626e-01
 1.213e+01 1.3041e-02 1.3041e-02 [ 1.2157e-03 1.1826e-02 ] 9.8696e-01
 1.224e+01 1.2396e-02 1.2396e-02 [ 1.0832e-03 1.1313e-02 ] 9.8760e-01
 1.235e+01 1.1801e-02 1.1801e-02 [ 9.6556e-04 1.0835e-02 ] 9.8820e-01
 1.247e+01 1.1251e-02 1.1251e-02 [ 8.6119e-04 1.0390e-02 ] 9.8875e-01
 1.258e+01 1.0741e-02 1.0741e-02 [ 7.6853e-04 9.9730e-03 ] 9.8926e-01
 1.269e+01 1.0270e-02 1.0270e-02 [ 6.8625e-04 9.5834e-03 ] 9.8973e-01
 1.281e+01 9.8319e-03 9.8319e-03 [ 6.1314e-04 9.2187e-03 ] 9.9017e-01
 1.292e+01 9.4251e-03 9.4251e-03 [ 5.4815e-04 8.8770e-03 ] 9.9057e-01
 1.303e+01 9.0468e-03 9.0468e-03 [ 4.9037e-04 8.5564e-03 ] 9.9095e-01
 1.315e+01 8.6943e-03 8.6943e-03 [ 4.3897e-04 8.2554e-03 ] 9.9131e-01
 1.326e+01 8.3656e-03 8.3656e-03 [ 3.9322e-04 7.9724e-03 ] 9.9163e-01
 1.337e+01 8.0585e-03 8.0585e-03 [ 3.5248e-04 7.7060e-03 ] 9.9194e-01
 1.349e+01 7.7713e-03 7.7713e-03 [ 3.1619e-04 7.4551e-03 ] 9.9223e-01
 1.360e+01 7.5023e-03 7.5023e-03 [ 2.8385e-04 7.2185e-03 ] 9.9250e-01
 1.371e+01 7.2500e-03 7.2500e-03 [ 2.5500e-04 6.9950e-03 ] 9.9275e-01
 1.383e+01 7.0131e-03 7.0131e-03 [ 2.2927e-04 6.7838e-03 ] 9.9299e-01
 1.394e+01 6.7903e-03 6.7903e-03 [ 2.0629e-04 6.5840e-03 ] 9.9321e-01
 1.405e+01 6.5804e-03 6.5804e-03 [ 1.8577e-04 6.3946e-03 ] 9.9342e-01
 1.417e+01 6.3825e-03 6.3825e-03 [ 1.6743e-04 6.2150e-03 ] 9.9362e-01
 1.428e+01 6.1955e-03 6.1955e-03 [ 1.5103e-04 6.0445e-03 ] 9.9380e-01
 1.439e+01 6.0187e-03 6.0187e-03 [ 1.3636e-04 5.8824e-03 ] 9.9398e-01
 1.451e+01 5.8513e-03 5.8513e-03 [ 1.2322e-04 5.7281e-03 ] 9.9415e-01
 1.462e+01 5.6926e-03 5.6926e-03 [ 1.1145e-04 5.5811e-03 ] 9.9431e-01
 1.473e+01 5.5418e-03 5.5418e-03 [ 1.0090e-04 5.4409e-03 ] 9.9446e-01
 1.485e+01 5.3984e-03 5.3984e-03 [ 9.1429e-05 5.3070e-03 ] 9.9460e-01
 1.496e+01 5.2619e-03 5.2619e-03 [ 8.2930e-05 5.1790e-03 ] 9.9474e-01
 1.507e+01 5.1317e-03 5.1317e-03 [ 7.5295e-05 5.0564e-03 ] 9.9487e-01
 1.519e+01 5.0074e-03 5.0074e-03 [ 6.8431e-05 4.9390e-03 ] 9.9499e-01
 1.530e+01 4.8886e-03 4.8886e-03 [ 6.2255e-05 4.8264e-03 ] 9.9511e-01
 1.541e+01 4.7749e-03 4.7749e-03 [ 5.6695e-05 4.7182e-03 ] 9.9523e-01
 1.553e+01 4.6659e-03 4.6659e-03 [ 5.1684e-05 4.6142e-03 ] 9.9533e-01
 1.564e+01 4.5612e-03 4.5612e-03 [ 4.7165e-05 4.5141e-03 ] 9.9544e-01
 1.575e+01 4.4607e-03 4.4607e-03 [ 4.3087e-05 4.4176e-03 ] 9.9554e-01
 1.587e+01 4.3640e-03 4.3640e-03 [ 3.9403e-05 4.3246e-03 ] 9.9564e-01
 1.598e+01 4.2709e-03 4.2709e-03 [ 3.6072e-05 4.2348e-03 ] 9.9573e-01
 1.609e+01 4.1811e-03 4.1811e-03 [ 3.3058e-05 4.1480e-03 ] 9.9582e-01
 1.621e+01 4.0943e-03 4.0943e-03 [ 3.0328e-05 4.0640e-03 ] 9.9591e-01
 1.632e+01 4.0106e-03 4.0106e-03 [ 2.7853e-05 3.9827e-03 ] 9.9599e-01
 1.643e+01 3.9295e-03 3.9295e-03 [ 2.5607e-05 3.9039e-03 ] 9.9607e-01
 1.655e+01 3.8510e-03 3.8510e-03 [ 2.3568e-05 3.8274e-03 ] 9.9615e-01
 1.666e+01 3.7749e-03 3.7749e-03 [ 2.1714e-05 3.7531e-03 ] 9.9623e-01
 1.677e+01 3.7010e-03 3.7010e-03 [ 2.0026e-05 3.6810e-03 ] 9.9630e-01
 1.689e+01 3.6293e-03 3.6293e-03 [ 1.8489e-05 3.6108e-03 ] 9.9637e-01
 1.700e+01 3.5595e-03 3.5595e-03 [ 1.7087e-05 3.5424e-03 ] 9.9644e-01
 1.711e+01 3.4916e-03 3.4916e-03 [ 1.5808e-05 3.4758e-03 ] 9.9651e-01
 1.723e+01 3.4255e-03 3.4255e-03 [ 1.4639e-05 3.4109e-03 ] 9.9657e-01
 1.734e+01 3.3611e-03 3.3611e-03 [ 1.3570e-05 3.3476e-03 ] 9.9664e-01
 1.745e+01 3.2983e-03 3.2983e-03 [ 1.2591e-05 3.2857e-03 ] 9.9670e-01
 1.757e+01 3.2370e-03 3.2370e-03 [ 1.1694e-05 3.2253e-03 ] 9.9676e-01
 1.768e+01 3.1771e-03 3.1771e-03 [ 1.0871e-05 3.1662e-03 ] 9.9682e-01
 1.779e+01 3.1185e-03 3.1185e-03 [ 1.0115e-05 3.1084e-03 ] 9.9688e-01
 1.791e+01 3.0612e-03 3.0612e-03 [ 9.4198e-06 3.0518e-03 ] 9.9694e-01
 1.802e+01 3.0052e-03 3.0052e-03 [ 8.7801e-06 2.9964e-03 ] 9.9699e-01
 1.813e+01 2.9503e-03 2.9503e-03 [ 8.1907e-06 2.9421e-03 ] 9.9705e-01
 1.825e+01 2.8966e-03 2.8966e-03 [ 7.6471e-06 2.8889e-03 ] 9.9710e-01
 1.836e+01 2.8439e-03 2.8439e-03 [ 7.1453e-06 2.8367e-03 ] 9.9716e-01
 1.847e+01 2.7922e-03 2.7922e-03 [ 6.6816e-06 2.7855e-03 ] 9.9721e-01
 1.859e+01 2.7415e-03 2.7415e-03 [ 6.2526e-06 2.7352e-03 ] 9.9726e-01
 1.870e+01 2.6917e-03 2.6917e-03 [ 5.8554e-06 2.6859e-03 ] 9.9731e-01
 1.881e+01 2.6429e-03 2.6429e-03 [ 5.4872e-06 2.6374e-03 ] 9.9736e-01
 1.893e+01 2.5949e-03 2.5949e-03 [ 5.1457e-06 2.5897e-03 ] 9.9741e-01
 1.904e+01 2.5477e-03 2.5477e-03 [ 4.8284e-06 2.5429e-03 ] 9.9745e-01
 1.915e+01 2.5014e-03 2.5014e-03 [ 4.5336e-06 2.4968e-03 ] 9.9750e-01
 1.927e+01 2.4558e-03 2.4558e-03 [ 4.2593e-06 2.4515e-03 ] 9.9754e-01
 1.938e+01 2.4110e-03 2.4110e-03 [ 4.0039e-06 2.4070e-03 ] 9.9759e-01
 1.949e+01 2.3669e-03 2.3669e-03 [ 3.7658e-06 2.3632e-03 ] 9.9763e-01
 1.961e+01 2.3236e-03 2.3236e-03 [ 3.5437e-06 2.3200e-03 ] 9.9768e-01
 1.972e+01 2.2809e-03 2.2809e-03 [ 3.3365e-06 2.2776e-03 ] 9.9772e-01
 1.983e+01 2.2389e-03 2.2389e-03 [ 3.1428e-06 2.2358e-03 ] 9.9776e-01
 1.995e+01 2.1976e-03 2.1976e-03 [ 2.9617e-06 2.1946e-03 ] 9.9780e-01
 2.006e+01 2.1569e-03 2.1569e-03 [ 2.7923e-06 2.1541e-03 ] 9.9784e-01
 2.017e+01 2.1169e-03 2.1169e-03 [ 2.6336e-06 2.1142e-03 ] 9.9788e-01
 2.029e+01 2.0774e-03 2.0774e-03 [ 2.4849e-06 2.0749e-03 ] 9.9792e-01
 2.040e+01 2.0386e-03 2.0386e-03 [ 2.3455e-06 2.0362e-03 ] 9.9796e-01
 2.051e+01 2.0003e-03 2.0003e-03 [ 2.2147e-06 1.9981e-03 ] 9.9800e-01
 2.063e+01 1.9627e-03 1.9627e-03 [ 2.0919e-06 1.9606e-03 ] 9.9804e-01
 2.074e+01 1.9256e-03 1.9256e-03 [ 1.9766e-06 1.9236e-03 ] 9.9807e-01
 2.085e+01 1.8890e-03 1.8890e-03 [ 1.8681e-06 1.8872e-03 ] 9.9811e-01
 2.097e+01 1.8530e-03 1.8530e-03 [ 1.7661e-06 1.8513e-03 ] 9.9815e-01
 2.108e+01 1.8176e-03 1.8176e-03 [ 1.6702e-06 1.8159e-03 ] 9.9818e-01
 2.119e+01 1.7827e-03 1.7827e-03 [ 1.5798e-06 1.7811e-03 ] 9.9822e-01
 2.131e+01 1.7483e-03 1.7483e-03 [ 1.4947e-06 1.7468e-03 ] 9.9825e-01
 2.142e+01 1.7144e-03 1.7144e-03 [ 1.4145e-06 1.7130e-03 ] 9.9829e-01
 2.153e+01 1.6810e-03 1.6810e-03 [ 1.3388e-06 1.6797e-03 ] 9.9832e-01
 2.165e+01 1.6481e-03 1.6481e-03 [ 1.2675e-06 1.6469e-03 ] 9.9835e-01
 2.176e+01 1.6158e-03 1.6158e-03 [ 1.2002e-06 1.6146e-03 ] 9.9838e-01
 2.187e+01 1.5839e-03 1.5839e-03 [ 1.1366e-06 1.5828e-03 ] 9.9842e-01
 2.199e+01 1.5525e-03 1.5525e-03 [ 1.0766e-06 1.5514e-03 ] 9.9845e-01
 2.210e+01 1.5216e-03 1.5216e-03 [ 1.0200e-06 1.5206e-03 ] 9.9848e-01
 2.221e+01 1.4912e-03 1.4912e-03 [ 9.6641e-07 1.4902e-03 ] 9.9851e-01
 2.233e+01 1.4612e-03 1.4612e-03 [ 9.1579e-07 1.4603e-03 ] 9.9854e-01
 2.244e+01 1.4317e-03 1.4317e-03 [ 8.6792e-07 1.4308e-03 ] 9.9857e-01
 2.255e+01 1.4027e-03 1.4027e-03 [ 8.2265e-07 1.4018e-03 ] 9.9860e-01
 2.267e+01 1.3741e-03 1.3741e-03 [ 7.7983e-07 1.3733e-03 ] 9.9863e-01
 2.278e+01 1.3460e-03 1.3460e-03 [ 7.3930e-07 1.3452e-03 ] 9.9865e-01
 2.289e+01 1.3183e-03 1.3183e-03 [ 7.0095e-07 1.3176e-03 ] 9.9868e-01
 2.301e+01 1.2910e-03 1.2910e-03 [ 6.6464e-07 1.2904e-03 ] 9.9871e-01
 2.312e+01 1.2642e-03 1.2642e-03 [ 6.3026e-07 1.2636e-03 ] 9.9874e-01
 2.323e+01 1.2379e-03 1.2379e-03 [ 5.9770e-07 1.2373e-03 ] 9.9876e-01
 2.335e+01 1.2119e-03 1.2119e-03 [ 5.6685e-07 1.2114e-03 ] 9.9879e-01
 2.346e+01 1.1864e-03 1.1864e-03 [ 5.3763e-07 1.1859e-03 ] 9.9881e-01
 2.357e+01 1.1614e-03 1.1614e-03 [ 5.0995e-07 1.1608e-03 ] 9.9884e-01
 2.369e+01 1.1367e-03 1.1367e-03 [ 4.8371e-07 1.1362e-03 ] 9.9886e-01
 2.380e+01 1.1124e-03 1.1124e-03 [ 4.5884e-07 1.1120e-03 ] 9.9889e-01
 2.391e+01 1.0886e-03 1.0886e-03 [ 4.3526e-07 1.0881e-03 ] 9.9891e-01
 2.403e+01 1.0651e-03 1.0651e-03 [ 4.1291e-07 1.0647e-03 ] 9.9893e-01
 2.414e+01 1.0421e-03 1.0421e-03 [ 3.9172e-07 1.0417e-03 ] 9.9896e-01
 2.425e+01 1.0195e-03 1.0195e-03 [ 3.7162e-07 1.0191e-03 ] 9.9898e-01
 2.437e+01 9.9721e-04 9.9721e-04 [ 3.5257e-07 9.9686e-04 ] 9.9900e-01
 2.448e+01 9.7535e-04 9.7535e-04 [ 3.3449e-07 9.7502e-04 ] 9.9902e-01
 2.459e+01 9.5388e-04 9.5388e-04 [ 3.1735e-07 9.5356e-04 ] 9.9905e-01
 2.471e+01 9.3279e-04 9.3279e-04 [ 3.0108e-07 9.3248e-04 ] 9.9907e-01
 2.482e+01 9.1207e-04 9.1207e-04 [ 2.8566e-07 9.1178e-04 ] 9.9909e-01
 2.493e+01 8.9172e-04 8.9172e-04 [ 2.7102e-07 8.9145e-04 ] 9.9911e-01
 2.505e+01 8.7175e-04 8.7175e-04 [ 2.5713e-07 8.7149e-04 ] 9.9913e-01
 2.516e+01 8.5214e-04 8.5214e-04 [ 2.4396e-07 8.5189e-04 ] 9.9915e-01
 2.527e+01 8.3288e-04 8.3288e-04 [ 2.3146e-07 8.3265e-04 ] 9.9917e-01
 2.539e+01 8.1399e-04 8.1399e-04 [ 2.1960e-07 8.1377e-04 ] 9.9919e-01
 2.550e+01 7.9544e-04 7.9544e-04 [ 2.0834e-07 7.9523e-04 ] 9.9920e-01
 2.561e+01 7.7725e-04 7.7725e-04 [ 1.9766e-07 7.7705e-04 ] 9.9922e-01
 2.573e+01 7.5939e-04 7.5939e-04 [ 1.8752e-07 7.5920e-04 ] 9.9924e-01
 2.584e+01 7.4188e-04 7.4188e-04 [ 1.7791e-07 7.4170e-04 ] 9.9926e-01
 2.595e+01 7.2470e-04 7.2470e-04 [ 1.6878e-07 7.2453e-04 ] 9.9928e-01
 2.607e+01 7.0785e-04 7.0785e-04 [ 1.6011e-07 7.0769e-04 ] 9.9929e-01
 2.618e+01 6.9132e-04 6.9132e-04 [ 1.5189e-07 6.9117e-04 ] 9.9931e-01
 2.629e+01 6.7512e-04 6.7512e-04 [ 1.4409e-07 6.7498e-04 ] 9.9932e-01
 2.641e+01 6.5924e-04 6.5924e-04 [ 1.3669e-07 6.5910e-04 ] 9.9934e-01
 2.652e+01 6.4367e-04 6.4367e-04 [ 1.2966e-07 6.4354e-04 ] 9.9936e-01
 2.663e+01 6.2841e-04 6.2841e-04 [ 1.2299e-07 6.2829e-04 ] 9.9937e-01
 2.675e+01 6.1345e-04 6.1345e-04 [ 1.1666e-07 6.1334e-04 ] 9.9939e-01
 2.686e+01 5.9880e-04 5.9880e-04 [ 1.1065e-07 5.9869e-04 ] 9.9940e-01
 2.697e+01 5.8444e-04 5.8444e-04 [ 1.0495e-07 5.8433e-04 ] 9.9942e-01
 2.709e+01 5.7037e-04 5.7037e-04 [ 9.9542e-08 5.7027e-04 ] 9.9943e-01
 2.720e+01 5.5659e-04 5.5659e-04 [ 9.4408e-08 5.5650e-04 ] 9.9944e-01
 2.731e+01 5.4309e-04 5.4309e-04 [ 8.9535e-08 5.4300e-04 ] 9.9946e-01
 2.743e+01 5.2988e-04 5.2988e-04 [ 8.4912e-08 5.2979e-04 ] 9.9947e-01
 2.754e+01 5.1693e-04 5.1693e-04 [ 8.0525e-08 5.1685e-04 ] 9.9948e-01
 2.765e+01 5.0426e-04 5.0426e-04 [ 7.6361e-08 5.0419e-04 ] 9.9950e-01
 2.777e+01 4.9186e-04 4.9186e-04 [ 7.2411e-08 4.9179e-04 ] 9.9951e-01
 2.788e+01 4.7972e-04 4.7972e-04 [ 6.8662e-08 4.7965e-04 ] 9.9952e-01
 2.799e+01 4.6783e-04 4.6783e-04 [ 6.5105e-08 4.6777e-04 ] 9.9953e-01
 2.811e+01 4.5620e-04 4.5620e-04 [ 6.1730e-08 4.5614e-04 ] 9.9954e-01
 2.822e+01 4.4482e-04 4.4482e-04 [ 5.8527e-08 4.4477e-04 ] 9.9956e-01
 2.833e+01 4.3369e-04 4.3369e-04 [ 5.5489e-08 4.3364e-04 ] 9.9957e-01
 2.845e+01 4.2280e-04 4.2280e-04 [ 5.2607e-08 4.2275e-04 ] 9.9958e-01
 2.856e+01 4.1215e-04 4.1215e-04 [ 4.9872e-08 4.1210e-04 ] 9.9959e-01
 2.867e+01 4.0173e-04 4.0173e-04 [ 4.7277e-08 4.0168e-04 ] 9.9960e-01
 2.879e+01 3.9154e-04 3.9154e-04 [ 4.4816e-08 3.9149e-04 ] 9.9961e-01
 2.890e+01 3.8157e-04 3.8157e-04 [ 4.2481e-08 3.8153e-04 ] 9.9962e-01
 2.901e+01 3.7183e-04 3.7183e-04 [ 4.0266e-08 3.7179e-04 ] 9.9963e-01
 2.913e+01 3.6230e-04 3.6230e-04 [ 3.8165e-08 3.6227e-04 ] 9.9964e-01
 2.924e+01 3.5299e-04 3.5299e-04 [ 3.6172e-08 3.5296e-04 ] 9.9965e-01
 2.935e+01 3.4389e-04 3.4389e-04 [ 3.4282e-08 3.4386e-04 ] 9.9966e-01
 2.947e+01 3.3500e-04 3.3500e-04 [ 3.2489e-08 3.3497e-04 ] 9.9966e-01
 2.958e+01 3.2631e-04 3.2631e-04 [ 3.0789e-08 3.2628e-04 ] 9.9967e-01
 2.969e+01 3.1782e-04 3.1782e-04 [ 2.9177e-08 3.1779e-04 ] 9.9968e-01
 2.981e+01 3.0952e-04 3.0952e-04 [ 2.7647e-08 3.0949e-04 ] 9.9969e-01
 2.992e+01 3.0141e-04 3.0141e-04 [ 2.6197e-08 3.0139e-04 ] 9.9970e-01
 3.003e+01 2.9350e-04 2.9350e-04 [ 2.4822e-08 2.9347e-04 ] 9.9971e-01
 3.015e+01 2.8577e-04 2.8577e-04 [ 2.3518e-08 2.8574e-04 ] 9.9971e-01
 3.026e+01 2.7821e-04 2.7821e-04 [ 2.2281e-08 2.7819e-04 ] 9.9972e-01
 3.037e+01 2.7084e-04 2.7084e-04 [ 2.1109e-08 2.7082e-04 ] 9.9973e-01
 3.049e+01 2.6364e-04 2.6364e-04 [ 1.9997e-08 2.6362e-04 ] 9.9974e-01
 3.060e+01 2.5661e-04 2.5661e-04 [ 1.8944e-08 2.5659e-04 ] 9.9974e-01
 3.071e+01 2.4975e-04 2.4975e-04 [ 1.7944e-08 2.4973e-04 ] 9.9975e-01
 3.083e+01 2.4305e-04 2.4305e-04 [ 1.6997e-08 2.4303e-04 ] 9.9976e-01
 3.094e+01 2.3651e-04 2.3651e-04 [ 1.6099e-08 2.3650e-04 ] 9.9976e-01
 3.105e+01 2.3013e-04 2.3013e-04 [ 1.5248e-08 2.3012e-04 ] 9.9977e-01
 3.117e+01 2.2391e-04 2.2391e-04 [ 1.4442e-08 2.2389e-04 ] 9.9978e-01
 3.128e+01 2.1783e-04 2.1783e-04 [ 1.3677e-08 2.1782e-04 ] 9.9978e-01
 3.139e+01 2.1191e-04 2.1191e-04 [ 1.2952e-08 2.1190e-04 ] 9.9979e-01
 3.151e+01 2.0613e-04 2.0613e-04 [ 1.2265e-08 2.0612e-04 ] 9.9979e-01
 3.162e+01 2.0049e-04 2.0049e-04 [ 1.1614e-08 2.0048e-04 ] 9.9980e-01
 3.173e+01 1.9499e-04 1.9499e-04 [ 1.0997e-08 1.9498e-04 ] 9.9981e-01
 3.185e+01 1.8962e-04 1.8962e-04 [ 1.0413e-08 1.8961e-04 ] 9.9981e-01
 3.196e+01 1.8439e-04 1.8439e-04 [ 9.8589e-09 1.8438e-04 ] 9.9982e-01
 3.207e+01 1.7929e-04 1.7929e-04 [ 9.3340e-09 1.7928e-04 ] 9.9982e-01
 3.219e+01 1.7432e-04 1.7432e-04 [ 8.8367e-09 1.7431e-04 ] 9.9983e-01
 3.230e+01 1.6947e-04 1.6947e-04 [ 8.3655e-09 1.6946e-04 ] 9.9983e-01
 3.241e+01 1.6474e-04 1.6474e-04 [ 7.9191e-09 1.6474e-04 ] 9.9984e-01
 3.253e+01 1.6014e-04 1.6014e-04 [ 7.4961e-09 1.6013e-04 ] 9.9984e-01
 3.264e+01 1.5565e-04 1.5565e-04 [ 7.0955e-09 1.5564e-04 ] 9.9984e-01
 3.275e+01 1.5127e-04 1.5127e-04 [ 6.7159e-09 1.5127e-04 ] 9.9985e-01
 3.287e+01 1.4701e-04 1.4701e-04 [ 6.3564e-09 1.4700e-04 ] 9.9985e-01
 3.298e+01 1.4285e-04 1.4285e-04 [ 6.0159e-09 1.4285e-04 ] 9.9986e-01
 3.309e+01 1.3881e-04 1.3881e-04 [ 5.6933e-09 1.3880e-04 ] 9.9986e-01
 3.321e+01 1.3486e-04 1.3486e-04 [ 5.3878e-09 1.3486e-04 ] 9.9987e-01
 3.332e+01 1.3102e-04 1.3102e-04 [ 5.0985e-09 1.3102e-04 ] 9.9987e-01
 3.343e+01 1.2728e-04 1.2728e-04 [ 4.8245e-09 1.2728e-04 ] 9.9987e-01
 3.355e+01 1.2364e-04 1.2364e-04 [ 4.5650e-09 1.2363e-04 ] 9.9988e-01
 3.366e+01 1.2009e-04 1.2009e-04 [ 4.3193e-09 1.2008e-04 ] 9.9988e-01
 3.377e+01 1.1663e-04 1.1663e-04 [ 4.0867e-09 1.1663e-04 ] 9.9988e-01
 3.389e+01 1.1327e-04 1.1327e-04 [ 3.8664e-09 1.1326e-04 ] 9.9989e-01
 3.400e+01 1.0999e-04 1.0999e-04 [ 3.6578e-09 1.0999e-04 ] 9.9989e-01
 3.411e+01 1.0680e-04 1.0680e-04 [ 3.4603e-09 1.0680e-04 ] 9.9989e-01
 3.423e+01 1.0370e-04 1.0370e-04 [ 3.2733e-09 1.0370e-04 ] 9.9990e-01
 3.434e+01 1.0068e-04 1.0068e-04 [ 3.0963e-09 1.0067e-04 ] 9.9990e-01
 3.445e+01 9.7736e-05 9.7736e-05 [ 2.9287e-09 9.7733e-05 ] 9.9990e-01
 3.457e+01 9.4874e-05 9.4874e-05 [ 2.7701e-09 9.4872e-05 ] 9.9991e-01
 3.468e+01 9.2089e-05 9.2089e-05 [ 2.6200e-09 9.2087e-05 ] 9.9991e-01
 3.479e+01 8.9379e-05 8.9379e-05 [ 2.4779e-09 8.9377e-05 ] 9.9991e-01
 3.491e+01 8.6743e-05 8.6743e-05 [ 2.3434e-09 8.6740e-05 ] 9.9991e-01
 3.502e+01 8.4178e-05 8.4178e-05 [ 2.2161e-09 8.4175e-05 ] 9.9992e-01
 3.513e+01 8.1682e-05 8.1682e-05 [ 2.0956e-09 8.1680e-05 ] 9.9992e-01
 3.525e+01 7.9255e-05 7.9255e-05 [ 1.9816e-09 7.9253e-05 ] 9.9992e-01
 3.536e+01 7.6894e-05 7.6894e-05 [ 1.8737e-09 7.6892e-05 ] 9.9992e-01
 3.547e+01 7.4598e-05 7.4598e-05 [ 1.7716e-09 7.4597e-05 ] 9.9993e-01
 3.559e+01 7.2366e-05 7.2366e-05 [ 1.6750e-09 7.2364e-05 ] 9.9993e-01
 3.570e+01 7.0195e-05 7.0195e-05 [ 1.5835e-09 7.0193e-05 ] 9.9993e-01
 3.581e+01 6.8084e-05 6.8084e-05 [ 1.4971e-09 6.8082e-05 ] 9.9993e-01
 3.593e+01 6.6031e-05 6.6031e-05 [ 1.4152e-09 6.6030e-05 ] 9.9993e-01
 3.604e+01 6.4036e-05 6.4036e-05 [ 1.3378e-09 6.4035e-05 ] 9.9994e-01
 3.615e+01 6.2097e-05 6.2097e-05 [ 1.2646e-09 6.2096e-05 ] 9.9994e-01
 3.627e+01 6.0212e-05 6.0212e-05 [ 1.1953e-09 6.0211e-05 ] 9.9994e-01
 3.638e+01 5.8380e-05 5.8380e-05 [ 1.1298e-09 5.8379e-05 ] 9.9994e-01
 3.649e+01 5.6599e-05 5.6599e-05 [ 1.0678e-09 5.6598e-05 ] 9.9994e-01
 3.661e+01 5.4869e-05 5.4869e-05 [ 1.0091e-09 5.4868e-05 ] 9.9995e-01
 3.672e+01 5.3188e-05 5.3188e-05 [ 9.5369e-10 5.3187e-05 ] 9.9995e-01
 3.683e+01 5.1554e-05 5.1554e-05 [ 9.0124e-10 5.1553e-05 ] 9.9995e-01
 3.695e+01 4.9967e-05 4.9967e-05 [ 8.5164e-10 4.9966e-05 ] 9.9995e-01
 3.706e+01 4.8426e-05 4.8426e-05 [ 8.0474e-10 4.8425e-05 ] 9.9995e-01
 3.717e+01 4.6928e-05 4.6928e-05 [ 7.6038e-10 4.6927e-05 ] 9.9995e-01
 3.729e+01 4.5474e-05 4.5474e-05 [ 7.1843e-10 4.5473e-05 ] 9.9995e-01
 3.740e+01 4.4061e-05 4.4061e-05 [ 6.7877e-10 4.4060e-05 ] 9.9996e-01
 3.751e+01 4.2689e-05 4.2689e-05 [ 6.4127e-10 4.2688e-05 ] 9.9996e-01
 3.763e+01 4.1357e-05 4.1357e-05 [ 6.0582e-10 4.1356e-05 ] 9.9996e-01
 3.774e+01 4.0063e-05 4.0063e-05 [ 5.7230e-10 4.0063e-05 ] 9.9996e-01
 3.785e+01 3.8808e-05 3.8808e-05 [ 5.4060e-10 3.8807e-05 ] 9.9996e-01
 3.797e+01 3.7588e-05 3.7588e-05 [ 5.1065e-10 3.7588e-05 ] 9.9996e-01
 3.808e+01 3.6405e-05 3.6405e-05 [ 4.8233e-10 3.6404e-05 ] 9.9996e-01
 3.819e+01 3.5256e-05 3.5256e-05 [ 4.5555e-10 3.5255e-05 ] 9.9996e-01
 3.831e+01 3.4141e-05 3.4141e-05 [ 4.3025e-10 3.4140e-05 ] 9.9997e-01
 3.842e+01 3.3059e-05 3.3059e-05 [ 4.0633e-10 3.3058e-05 ] 9.9997e-01
 3.853e+01 3.2008e-05 3.2008e-05 [ 3.8373e-10 3.2008e-05 ] 9.9997e-01
 3.865e+01 3.0989e-05 3.0989e-05 [ 3.6236e-10 3.0989e-05 ] 9.9997e-01
 3.876e+01 3.0000e-05 3.0000e-05 [ 3.4217e-10 3.0000e-05 ] 9.9997e-01
 3.887e+01 2.9041e-05 2.9041e-05 [ 3.2309e-10 2.9041e-05 ] 9.9997e-01
 3.899e+01 2.8110e-05 2.8110e-05 [ 3.0506e-10 2.8110e-05 ] 9.9997e-01
 3.910e+01 2.7207e-05 2.7207e-05 [ 2.8803e-10 2.7207e-05 ] 9.9997e-01
 3.921e+01 2.6332e-05 2.6332e-05 [ 2.7193e-10 2.6331e-05 ] 9.9997e-01
 3.933e+01 2.5482e-05 2.5482e-05 [ 2.5672e-10 2.5482e-05 ] 9.9997e-01
 3.944e+01 2.4658e-05 2.4658e-05 [ 2.4235e-10 2.4658e-05 ] 9.9998e-01
 3.955e+01 2.3859e-05 2.3859e-05 [ 2.2877e-10 2.3859e-05 ] 9.9998e-01
 3.967e+01 2.3085e-05 2.3085e-05 [ 2.1594e-10 2.3085e-05 ] 9.9998e-01
 3.978e+01 2.2334e-05 2.2334e-05 [ 2.0383e-10 2.2333e-05 ] 9.9998e-01
 3.989e+01 2.1605e-05 2.1605e-05 [ 1.9238e-10 2.1605e-05 ] 9.9998e-01
 4.001e+01 2.0899e-05 2.0899e-05 [ 1.8157e-10 2.0899e-05 ] 9.9998e-01
 4.012e+01 2.0215e-05 2.0215e-05 [ 1.7136e-10 2.0215e-05 ] 9.9998e-01
 4.023e+01 1.9551e-05 1.9551e-05 [ 1.6171e-10 1.9551e-05 ] 9.9998e-01
 4.035e+01 1.8908e-05 1.8908e-05 [ 1.5260e-10 1.8908e-05 ] 9.9998e-01
 4.046e+01 1.8285e-05 1.8285e-05 [ 1.4400e-10 1.8285e-05 ] 9.9998e-01
 4.057e+01 1.7681e-05 1.7681e-05 [ 1.3587e-10 1.7681e-05 ] 9.9998e-01
 4.069e+01 1.7096e-05 1.7096e-05 [ 1.2820e-10 1.7096e-05 ] 9.9998e-01
 4.080e+01 1.6529e-05 1.6529e-05 [ 1.2096e-10 1.6529e-05 ] 9.9998e-01
 4.091e+01 1.5979e-05 1.5979e-05 [ 1.1411e-10 1.5979e-05 ] 9.9998e-01
 4.103e+01 1.5447e-05 1.5447e-05 [ 1.0765e-10 1.5447e-05 ] 9.9998e-01
 4.114e+01 1.4932e-05 1.4932e-05 [ 1.0156e-10 1.4932e-05 ] 9.9999e-01
 4.125e+01 1.4432e-05 1.4432e-05 [ 9.5798e-11 1.4432e-05 ] 9.9999e-01
 4.137e+01 1.3948e-05 1.3948e-05 [ 9.0362e-11 1.3948e-05 ] 9.9999e-01
 4.148e+01 1.3480e-05 1.3480e-05 [ 8.5230e-11 1.3480e-05 ] 9.9999e-01
 4.159e+01 1.3026e-05 1.3026e-05 [ 8.0386e-11 1.3026e-05 ] 9.9999e-01
 4.171e+01 1.2587e-05 1.2587e-05 [ 7.5813e-11 1.2587e-05 ] 9.9999e-01
 4.182e+01 1.2162e-05 1.2162e-05 [ 7.1497e-11 1.2161e-05 ] 9.9999e-01
 4.193e+01 1.1750e-05 1.1750e-05 [ 6.7424e-11 1.1750e-05 ] 9.9999e-01
 4.205e+01 1.1351e-05 1.1351e-05 [ 6.3579e-11 1.1351e-05 ] 9.9999e-01
 4.216e+01 1.0965e-05 1.0965e-05 [ 5.9950e-11 1.0965e-05 ] 9.9999e-01
 4.227e+01 1.0591e-05 1.0591e-05 [ 5.6526e-11 1.0591e-05 ] 9.9999e-01
 4.239e+01 1.0230e-05 1.0230e-05 [ 5.3295e-11 1.0230e-05 ] 9.9999e-01
 4.250e+01 9.8797e-06 9.8797e-06 [ 5.0245e-11 9.8796e-06 ] 9.9999e-01
 4.261e+01 9.5409e-06 9.5409e-06 [ 4.7368e-11 9.5409e-06 ] 9.9999e-01
 4.273e+01 9.2132e-06 9.2132e-06 [ 4.4654e-11 9.2131e-06 ] 9.9999e-01
 4.284e+01 8.8960e-06 8.8960e-06 [ 4.2092e-11 8.8960e-06 ] 9.9999e-01
 4.295e+01 8.5892e-06 8.5892e-06 [ 3.9676e-11 8.5891e-06 ] 9.9999e-01
 4.307e+01 8.2923e-06 8.2923e-06 [ 3.7396e-11 8.2923e-06 ] 9.9999e-01
 4.318e+01 8.0051e-06 8.0051e-06 [ 3.5246e-11 8.0051e-06 ] 9.9999e-01
 4.329e+01 7.7273e-06 7.7273e-06 [ 3.3217e-11 7.7273e-06 ] 9.9999e-01
 4.341e+01 7.4586e-06 7.4586e-06 [ 3.1304e-11 7.4586e-06 ] 9.9999e-01
 4.352e+01 7.1988e-06 7.1988e-06 [ 2.9499e-11 7.1987e-06 ] 9.9999e-01
 4.363e+01 6.9475e-06 6.9475e-06 [ 2.7797e-11 6.9474e-06 ] 9.9999e-01
 4.375e+01 6.7044e-06 6.7044e-06 [ 2.6191e-11 6.7044e-06 ] 9.9999e-01
 4.386e+01 6.4694e-06 6.4694e-06 [ 2.4677e-11 6.4694e-06 ] 9.9999e-01
 4.397e+01 6.2422e-06 6.2422e-06 [ 2.3250e-11 6.2422e-06 ] 9.9999e-01
 4.409e+01 6.0226e-06 6.0226e-06 [ 2.1903e-11 6.0226e-06 ] 9.9999e-01
 4.420e+01 5.8102e-06 5.8102e-06 [ 2.0634e-11 5.8102e-06 ] 9.9999e-01
 4.431e+01 5.6050e-06 5.6050e-06 [ 1.9437e-11 5.6050e-06 ] 9.9999e-01
 4.443e+01 5.4066e-06 5.4066e-06 [ 1.8309e-11 5.4066e-06 ] 9.9999e-01
 4.454e+01 5.2148e-06 5.2148e-06 [ 1.7245e-11 5.2148e-06 ] 9.9999e-01
 4.465e+01 5.0295e-06 5.0295e-06 [ 1.6242e-11 5.0295e-06 ] 9.9999e-01
 4.477e+01 4.8505e-06 4.8505e-06 [ 1.5296e-11 4.8504e-06 ] 1.0000e+00
 4.488e+01 4.6774e-06 4.6774e-06 [ 1.4405e-11 4.6774e-06 ] 1.0000e+00
 4.499e+01 4.5102e-06 4.5102e-06 [ 1.3565e-11 4.5102e-06 ] 1.0000e+00
 4.511e+01 4.3487e-06 4.3487e-06 [ 1.2773e-11 4.3487e-06 ] 1.0000e+00
 4.522e+01 4.1927e-06 4.1927e-06 [ 1.2027e-11 4.1927e-06 ] 1.0000e+00
 4.533e+01 4.0419e-06 4.0419e-06 [ 1.1324e-11 4.0419e-06 ] 1.0000e+00
 4.545e+01 3.8963e-06 3.8963e-06 [ 1.0661e-11 3.8963e-06 ] 1.0000e+00
 4.556e+01 3.7557e-06 3.7557e-06 [ 1.0036e-11 3.7557e-06 ] 1.0000e+00
 4.567e+01 3.6199e-06 3.6199e-06 [ 9.4478e-12 3.6199e-06 ] 1.0000e+00
 4.579e+01 3.4888e-06 3.4888e-06 [ 8.8933e-12 3.4888e-06 ] 1.0000e+00
 4.590e+01 3.3621e-06 3.3621e-06 [ 8.3708e-12 3.3621e-06 ] 1.0000e+00
 4.601e+01 3.2399e-06 3.2399e-06 [ 7.8786e-12 3.2399e-06 ] 1.0000e+00
 4.613e+01 3.1218e-06 3.1218e-06 [ 7.4149e-12 3.1218e-06 ] 1.0000e+00
 4.624e+01 3.0079e-06 3.0079e-06 [ 6.9781e-12 3.0079e-06 ] 1.0000e+00
 4.635e+01 2.8979e-06 2.8979e-06 [ 6.5667e-12 2.8979e-06 ] 1.0000e+00
 4.647e+01 2.7917e-06 2.7917e-06 [ 6.1791e-12 2.7917e-06 ] 1.0000e+00
 4.658e+01 2.6892e-06 2.6892e-06 [ 5.8141e-12 2.6892e-06 ] 1.0000e+00
 4.669e+01 2.5903e-06 2.5903e-06 [ 5.4703e-12 2.5903e-06 ] 1.0000e+00
 4.681e+01 2.4948e-06 2.4948e-06 [ 5.1465e-12 2.4948e-06 ] 1.0000e+00
 4.692e+01 2.4027e-06 2.4027e-06 [ 4.8416e-12 2.4027e-06 ] 1.0000e+00
 4.703e+01 2.3139e-06 2.3139e-06 [ 4.5545e-12 2.3138e-06 ] 1.0000e+00
 4.715e+01 2.2281e-06 2.2281e-06 [ 4.2841e-12 2.2281e-06 ] 1.0000e+00
 4.726e+01 2.1454e-06 2.1454e-06 [ 4.0296e-12 2.1454e-06 ] 1.0000e+00
 4.737e+01 2.0656e-06 2.0656e-06 [ 3.7899e-12 2.0656e-06 ] 1.0000e+00
 4.749e+01 1.9886e-06 1.9886e-06 [ 3.5643e-12 1.9886e-06 ] 1.0000e+00
 4.760e+01 1.9144e-06 1.9144e-06 [ 3.3519e-12 1.9144e-06 ] 1.0000e+00
 4.771e+01 1.8428e-06 1.8428e-06 [ 3.1520e-12 1.8428e-06 ] 1.0000e+00
 4.783e+01 1.7737e-06 1.7737e-06 [ 2.9638e-12 1.7737e-06 ] 1.0000e+00
 4.794e+01 1.7072e-06 1.7072e-06 [ 2.7867e-12 1.7072e-06 ] 1.0000e+00
 4.805e+01 1.6430e-06 1.6430e-06 [ 2.6200e-12 1.6430e-06 ] 1.0000e+00
 4.817e+01 1.5811e-06 1.5811e-06 [ 2.4631e-12 1.5811e-06 ] 1.0000e+00
 4.828e+01 1.5214e-06 1.5214e-06 [ 2.3155e-12 1.5214e-06 ] 1.0000e+00
 4.839e+01 1.4639e-06 1.4639e-06 [ 2.1765e-12 1.4639e-06 ] 1.0000e+00
 4.851e+01 1.4084e-06 1.4084e-06 [ 2.0458e-12 1.4084e-06 ] 1.0000e+00
 4.862e+01 1.3550e-06 1.3550e-06 [ 1.9228e-12 1.3550e-06 ] 1.0000e+00
 4.873e+01 1.3034e-06 1.3034e-06 [ 1.8071e-12 1.3034e-06 ] 1.0000e+00
 4.885e+01 1.2538e-06 1.2538e-06 [ 1.6982e-12 1.2538e-06 ] 1.0000e+00
 4.896e+01 1.2060e-06 1.2060e-06 [ 1.5958e-12 1.2060e-06 ] 1.0000e+00
 4.907e+01 1.1599e-06 1.1599e-06 [ 1.4995e-12 1.1599e-06 ] 1.0000e+00
 4.919e+01 1.1155e-06 1.1155e-06 [ 1.4089e-12 1.1155e-06 ] 1.0000e+00
 4.930e+01 1.0727e-06 1.0727e-06 [ 1.3237e-12 1.0727e-06 ] 1.0000e+00
 4.941e+01 1.0314e-06 1.0314e-06 [ 1.2435e-12 1.0314e-06 ] 1.0000e+00
 4.953e+01 9.9174e-07 9.9174e-07 [ 1.1682e-12 9.9174e-07 ] 1.0000e+00
 4.964e+01 9.5349e-07 9.5349e-07 [ 1.0973e-12 9.5349e-07 ] 1.0000e+00
 4.975e+01 9.1666e-07 9.1666e-07 [ 1.0306e-12 9.1665e-07 ] 1.0000e+00
 4.987e+01 8.8118e-07 8.8118e-07 [ 9.6798e-13 8.8118e-07 ] 1.0000e+00
 4.998e+01 8.4702e-07 8.4702e-07 [ 9.0907e-13 8.4702e-07 ] 1.0000e+00
 5.009e+01 8.1412e-07 8.1412e-07 [ 8.5369e-13 8.1412e-07 ] 1.0000e+00
 5.021e+01 7.8245e-07 7.8245e-07 [ 8.0162e-13 7.8245e-07 ] 1.0000e+00
 5.032e+01 7.5196e-07 7.5196e-07 [ 7.5268e-13 7.5195e-07 ] 1.0000e+00
 5.043e+01 7.2260e-07 7.2260e-07 [ 7.0668e-13 7.2260e-07 ] 1.0000e+00
 5.055e+01 6.9434e-07 6.9434e-07 [ 6.6345e-13 6.9434e-07 ] 1.0000e+00
 5.066e+01 6.6714e-07 6.6714e-07 [ 6.2281e-13 6.6714e-07 ] 1.0000e+00
 5.077e+01 6.4096e-07 6.4096e-07 [ 5.8463e-13 6.4096e-07 ] 1.0000e+00
 5.089e+01 6.1576e-07 6.1576e-07 [ 5.4875e-13 6.1576e-07 ] 1.0000e+00
 5.100e+01 5.9151e-07 5.9151e-07 [ 5.1503e-13 5.9151e-07 ] 1.0000e+00
 5.111e+01 5.6818e-07 5.6818e-07 [ 4.8336e-13 5.6818e-07 ] 1.0000e+00
 5.123e+01 5.4573e-07 5.4573e-07 [ 4.5360e-13 5.4573e-07 ] 1.0000e+00
 5.134e+01 5.2413e-07 5.2413e-07 [ 4.2564e-13 5.2413e-07 ] 1.0000e+00
 5.145e+01 5.0334e-07 5.0334e-07 [ 3.9937e-13 5.0334e-07 ] 1.0000e+00
 5.157e+01 4.8335e-07 4.8335e-07 [ 3.7470e-13 4.8335e-07 ] 1.0000e+00
 5.168e+01 4.6412e-07 4.6412e-07 [ 3.5153e-13 4.6412e-07 ] 1.0000e+00
 5.179e+01 4.4563e-07 4.4563e-07 [ 3.2977e-13 4.4563e-07 ] 1.0000e+00
 5.191e+01 4.2784e-07 4.2784e-07 [ 3.0934e-13 4.2784e-07 ] 1.0000e+00
 5.202e+01 4.1073e-07 4.1073e-07 [ 2.9015e-13 4.1073e-07 ] 1.0000e+00
 5.213e+01 3.9428e-07 3.9428e-07 [ 2.7213e-13 3.9428e-07 ] 1.0000e+00
 5.225e+01 3.7846e-07 3.7846e-07 [ 2.5521e-13 3.7846e-07 ] 1.0000e+00
 5.236e+01 3.6325e-07 3.6325e-07 [ 2.3932e-13 3.6325e-07 ] 1.0000e+00
 5.247e+01 3.4863e-07 3.4863e-07 [ 2.2441e-13 3.4863e-07 ] 1.0000e+00
 5.259e+01 3.3457e-07 3.3457e-07 [ 2.1041e-13 3.3457e-07 ] 1.0000e+00
 5.270e+01 3.2106e-07 3.2106e-07 [ 1.9727e-13 3.2106e-07 ] 1.0000e+00
 5.281e+01 3.0807e-07 3.0807e-07 [ 1.8494e-13 3.0807e-07 ] 1.0000e+00
 5.293e+01 2.9559e-07 2.9559e-07 [ 1.7336e-13 2.9559e-07 ] 1.0000e+00
 5.304e+01 2.8359e-07 2.8359e-07 [ 1.6250e-13 2.8359e-07 ] 1.0000e+00
 5.315e+01 2.7206e-07 2.7206e-07 [ 1.5231e-13 2.7206e-07 ] 1.0000e+00
 5.327e+01 2.6098e-07 2.6098e-07 [ 1.4274e-13 2.6098e-07 ] 1.0000e+00
 5.338e+01 2.5034e-07 2.5034e-07 [ 1.3377e-13 2.5034e-07 ] 1.0000e+00
 5.349e+01 2.4011e-07 2.4011e-07 [ 1.2535e-13 2.4011e-07 ] 1.0000e+00
 5.361e+01 2.3029e-07 2.3029e-07 [ 1.1745e-13 2.3029e-07 ] 1.0000e+00
 5.372e+01 2.2085e-07 2.2085e-07 [ 1.1004e-13 2.2085e-07 ] 1.0000e+00
 5.383e+01 2.1178e-07 2.1178e-07 [ 1.0309e-13 2.1178e-07 ] 1.0000e+00
 5.395e+01 2.0307e-07 2.0307e-07 [ 9.6576e-14 2.0307e-07 ] 1.0000e+00
 5.406e+01 1.9471e-07 1.9471e-07 [ 9.0463e-14 1.9471e-07 ] 1.0000e+00
 5.417e+01 1.8668e-07 1.8668e-07 [ 8.4731e-14 1.8668e-07 ] 1.0000e+00
 5.429e+01 1.7896e-07 1.7896e-07 [ 7.9356e-14 1.7896e-07 ] 1.0000e+00
 5.440e+01 1.7156e-07 1.7156e-07 [ 7.4316e-14 1.7156e-07 ] 1.0000e+00
 5.451e+01 1.6445e-07 1.6445e-07 [ 6.9591e-14 1.6445e-07 ] 1.0000e+00
 5.463e+01 1.5762e-07 1.5762e-07 [ 6.5161e-14 1.5762e-07 ] 1.0000e+00
 5.474e+01 1.5107e-07 1.5107e-07 [ 6.1008e-14 1.5107e-07 ] 1.0000e+00
 5.485e+01 1.4477e-07 1.4477e-07 [ 5.7116e-14 1.4477e-07 ] 1.0000e+00
 5.497e+01 1.3874e-07 1.3874e-07 [ 5.3467e-14 1.3874e-07 ] 1.0000e+00
 5.508e+01 1.3294e-07 1.3294e-07 [ 5.0048e-14 1.3294e-07 ] 1.0000e+00
 5.519e+01 1.2738e-07 1.2738e-07 [ 4.6844e-14 1.2738e-07 ] 1.0000e+00
 5.531e+01 1.2204e-07 1.2204e-07 [ 4.3841e-14 1.2204e-07 ] 1.0000e+00
 5.542e+01 1.1692e-07 1.1692e-07 [ 4.1028e-14 1.1692e-07 ] 1.0000e+00
 5.553e+01 1.1200e-07 1.1200e-07 [ 3.8392e-14 1.1200e-07 ] 1.0000e+00
 5.565e+01 1.0729e-07 1.0729e-07 [ 3.5922e-14 1.0729e-07 ] 1.0000e+00
 5.576e+01 1.0276e-07 1.0276e-07 [ 3.3609e-14 1.0276e-07 ] 1.0000e+00
 5.587e+01 9.8421e-08 9.8421e-08 [ 3.1442e-14 9.8421e-08 ] 1.0000e+00
 5.599e+01 9.4258e-08 9.4258e-08 [ 2.9413e-14 9.4258e-08 ] 1.0000e+00
 5.610e+01 9.0265e-08 9.0265e-08 [ 2.7512e-14 9.0265e-08 ] 1.0000e+00
 5.621e+01 8.6435e-08 8.6435e-08 [ 2.5732e-14 8.6435e-08 ] 1.0000e+00
 5.633e+01 8.2762e-08 8.2762e-08 [ 2.4065e-14 8.2762e-08 ] 1.0000e+00
 5.644e+01 7.9240e-08 7.9240e-08 [ 2.2504e-14 7.9240e-08 ] 1.0000e+00
 5.655e+01 7.5863e-08 7.5863e-08 [ 2.1043e-14 7.5863e-08 ] 1.0000e+00
 5.667e+01 7.2625e-08 7.2625e-08 [ 1.9675e-14 7.2625e-08 ] 1.0000e+00
 5.678e+01 6.9520e-08 6.9520e-08 [ 1.8395e-14 6.9520e-08 ] 1.0000e+00
 5.689e+01 6.6543e-08 6.6543e-08 [ 1.7196e-14 6.6543e-08 ] 1.0000e+00
 5.701e+01 6.3690e-08 6.3690e-08 [ 1.6074e-14 6.3690e-08 ] 1.0000e+00
 5.712e+01 6.0955e-08 6.0955e-08 [ 1.5025e-14 6.0955e-08 ] 1.0000e+00
 5.723e+01 5.8334e-08 5.8334e-08 [ 1.4042e-14 5.8334e-08 ] 1.0000e+00
 5.735e+01 5.5821e-08 5.5821e-08 [ 1.3123e-14 5.5821e-08 ] 1.0000e+00
 5.746e+01 5.3413e-08 5.3413e-08 [ 1.2263e-14 5.3413e-08 ] 1.0000e+00
 5.757e+01 5.1106e-08 5.1106e-08 [ 1.1458e-14 5.1106e-08 ] 1.0000e+00
 5.769e+01 4.8895e-08 4.8895e-08 [ 1.0705e-14 4.8895e-08 ] 1.0000e+00
 5.780e+01 4.6777e-08 4.6777e-08 [ 1.0001e-14 4.6777e-08 ] 1.0000e+00
 5.791e+01 4.4747e-08 4.4747e-08 [ 9.3422e-15 4.4747e-08 ] 1.0000e+00
 5.803e+01 4.2803e-08 4.2803e-08 [ 8.7261e-15 4.2803e-08 ] 1.0000e+00
 5.814e+01 4.0940e-08 4.0940e-08 [ 8.1500e-15 4.0940e-08 ] 1.0000e+00
 5.825e+01 3.9156e-08 3.9156e-08 [ 7.6113e-15 3.9156e-08 ] 1.0000e+00
 5.837e+01 3.7447e-08 3.7447e-08 [ 7.1076e-15 3.7447e-08 ] 1.0000e+00
 5.848e+01 3.5811e-08 3.5811e-08 [ 6.6367e-15 3.5811e-08 ] 1.0000e+00
 5.859e+01 3.4243e-08 3.4243e-08 [ 6.1964e-15 3.4243e-08 ] 1.0000e+00
 5.871e+01 3.2743e-08 3.2743e-08 [ 5.7848e-15 3.2743e-08 ] 1.0000e+00
 5.882e+01 3.1305e-08 3.1305e-08 [ 5.4001e-15 3.1305e-08 ] 1.0000e+00
 5.893e+01 2.9929e-08 2.9929e-08 [ 5.0406e-15 2.9929e-08 ] 1.0000e+00
 5.905e+01 2.8612e-08 2.8612e-08 [ 4.7046e-15 2.8612e-08 ] 1.0000e+00
 5.916e+01 2.7351e-08 2.7351e-08 [ 4.3906e-15 2.7351e-08 ] 1.0000e+00
 5.927e+01 2.6144e-08 2.6144e-08 [ 4.0972e-15 2.6144e-08 ] 1.0000e+00
 5.939e+01 2.4988e-08 2.4988e-08 [ 3.8231e-15 2.4988e-08 ] 1.0000e+00
 5.950e+01 2.3882e-08 2.3882e-08 [ 3.5670e-15 2.3882e-08 ] 1.0000e+00
 5.961e+01 2.2823e-08 2.2823e-08 [ 3.3278e-15 2.2823e-08 ] 1.0000e+00
 5.973e+01 2.1810e-08 2.1810e-08 [ 3.1043e-15 2.1810e-08 ] 1.0000e+00
 5.984e+01 2.0841e-08 2.0841e-08 [ 2.8956e-15 2.0841e-08 ] 1.0000e+00
 5.995e+01 1.9913e-08 1.9913e-08 [ 2.7007e-15 1.9913e-08 ] 1.0000e+00
 6.007e+01 1.9025e-08 1.9025e-08 [ 2.5187e-15 1.9025e-08 ] 1.0000e+00
 6.018e+01 1.8176e-08 1.8176e-08 [ 2.3487e-15 1.8176e-08 ] 1.0000e+00
 6.029e+01 1.7364e-08 1.7364e-08 [ 2.1900e-15 1.7364e-08 ] 1.0000e+00
 6.041e+01 1.6587e-08 1.6587e-08 [ 2.0419e-15 1.6587e-08 ] 1.0000e+00
 6.052e+01 1.5843e-08 1.5843e-08 [ 1.9036e-15 1.5843e-08 ] 1.0000e+00
 6.063e+01 1.5132e-08 1.5132e-08 [ 1.7745e-15 1.5132e-08 ] 1.0000e+00
 6.075e+01 1.4452e-08 1.4452e-08 [ 1.6540e-15 1.4452e-08 ] 1.0000e+00
 6.086e+01 1.3802e-08 1.3802e-08 [ 1.5416e-15 1.3802e-08 ] 1.0000e+00
 6.097e+01 1.3180e-08 1.3180e-08 [ 1.4367e-15 1.3180e-08 ] 1.0000e+00
 6.109e+01 1.2585e-08 1.2585e-08 [ 1.3388e-15 1.2585e-08 ] 1.0000e+00
 6.120e+01 1.2016e-08 1.2016e-08 [ 1.2474e-15 1.2016e-08 ] 1.0000e+00
 6.131e+01 1.1473e-08 1.1473e-08 [ 1.1622e-15 1.1473e-08 ] 1.0000e+00
 6.143e+01 1.0953e-08 1.0953e-08 [ 1.0827e-15 1.0953e-08 ] 1.0000e+00
 6.154e+01 1.0456e-08 1.0456e-08 [ 1.0086e-15 1.0456e-08 ] 1.0000e+00
 6.165e+01 9.9813e-09 9.9813e-09 [ 9.3943e-16 9.9813e-09 ] 1.0000e+00
 6.177e+01 9.5273e-09 9.5273e-09 [ 8.7494e-16 9.5273e-09 ] 1.0000e+00
 6.188e+01 9.0934e-09 9.0934e-09 [ 8.1480e-16 9.0934e-09 ] 1.0000e+00
 6.199e+01 8.6787e-09 8.6787e-09 [ 7.5873e-16 8.6787e-09 ] 1.0000e+00
 6.211e+01 8.2824e-09 8.2824e-09 [ 7.0645e-16 8.2824e-09 ] 1.0000e+00
 6.222e+01 7.9038e-09 7.9038e-09 [ 6.5771e-16 7.9038e-09 ] 1.0000e+00
 6.233e+01 7.5420e-09 7.5420e-09 [ 6.1228e-16 7.5420e-09 ] 1.0000e+00
 6.245e+01 7.1962e-09 7.1962e-09 [ 5.6993e-16 7.1962e-09 ] 1.0000e+00
 6.256e+01 6.8660e-09 6.8660e-09 [ 5.3046e-16 6.8660e-09 ] 1.0000e+00
 6.267e+01 6.5504e-09 6.5504e-09 [ 4.9369e-16 6.5504e-09 ] 1.0000e+00
 6.279e+01 6.2490e-09 6.2490e-09 [ 4.5941e-16 6.2490e-09 ] 1.0000e+00
 6.290e+01 5.9611e-09 5.9611e-09 [ 4.2748e-16 5.9611e-09 ] 1.0000e+00
 6.301e+01 5.6861e-09 5.6861e-09 [ 3.9773e-16 5.6861e-09 ] 1.0000e+00
 6.313e+01 5.4235e-09 5.4235e-09 [ 3.7002e-16 5.4235e-09 ] 1.0000e+00
 6.324e+01 5.1727e-09 5.1727e-09 [ 3.4420e-16 5.1727e-09 ] 1.0000e+00
 6.335e+01 4.9331e-09 4.9331e-09 [ 3.2016e-16 4.9331e-09 ] 1.0000e+00
 6.347e+01 4.7044e-09 4.7044e-09 [ 2.9777e-16 4.7044e-09 ] 1.0000e+00
 6.358e+01 4.4861e-09 4.4861e-09 [ 2.7692e-16 4.4861e-09 ] 1.0000e+00
 6.369e+01 4.2775e-09 4.2775e-09 [ 2.5750e-16 4.2775e-09 ] 1.0000e+00
 6.381e+01 4.0785e-09 4.0785e-09 [ 2.3942e-16 4.0785e-09 ] 1.0000e+00
 6.392e+01 3.8885e-09 3.8885e-09 [ 2.2260e-16 3.8885e-09 ] 1.0000e+00
 6.403e+01 3.7071e-09 3.7071e-09 [ 2.0693e-16 3.7071e-09 ] 1.0000e+00
 6.415e+01 3.5339e-09 3.5339e-09 [ 1.9235e-16 3.5339e-09 ] 1.0000e+00
 6.426e+01 3.3687e-09 3.3687e-09 [ 1.7878e-16 3.3687e-09 ] 1.0000e+00
 6.437e+01 3.2109e-09 3.2109e-09 [ 1.6615e-16 3.2109e-09 ] 1.0000e+00
 6.449e+01 3.0604e-09 3.0604e-09 [ 1.5440e-16 3.0604e-09 ] 1.0000e+00
 6.460e+01 2.9168e-09 2.9168e-09 [ 1.4346e-16 2.9168e-09 ] 1.0000e+00
 6.471e+01 2.7797e-09 2.7797e-09 [ 1.3329e-16 2.7797e-09 ] 1.0000e+00
 6.483e+01 2.6490e-09 2.6490e-09 [ 1.2383e-16 2.6490e-09 ] 1.0000e+00
 6.494e+01 2.5242e-09 2.5242e-09 [ 1.1503e-16 2.5242e-09 ] 1.0000e+00
 6.505e+01 2.4052e-09 2.4052e-09 [ 1.0684e-16 2.4052e-09 ] 1.0000e+00
 6.517e+01 2.2916e-09 2.2916e-09 [ 9.9228e-17 2.2916e-09 ] 1.0000e+00
 6.528e+01 2.1833e-09 2.1833e-09 [ 9.2148e-17 2.1833e-09 ] 1.0000e+00
 6.539e+01 2.0800e-09 2.0800e-09 [ 8.5565e-17 2.0800e-09 ] 1.0000e+00
 6.551e+01 1.9814e-09 1.9814e-09 [ 7.9445e-17 1.9814e-09 ] 1.0000e+00
 6.562e+01 1.8874e-09 1.8874e-09 [ 7.3756e-17 1.8874e-09 ] 1.0000e+00
 6.573e+01 1.7978e-09 1.7978e-09 [ 6.8467e-17 1.7978e-09 ] 1.0000e+00
 6.585e+01 1.7123e-09 1.7123e-09 [ 6.3551e-17 1.7123e-09 ] 1.0000e+00
 6.596e+01 1.6308e-09 1.6308e-09 [ 5.8983e-17 1.6308e-09 ] 1.0000e+00
 6.607e+01 1.5531e-09 1.5531e-09 [ 5.4738e-17 1.5531e-09 ] 1.0000e+00
 6.619e+01 1.4790e-09 1.4790e-09 [ 5.0793e-17 1.4790e-09 ] 1.0000e+00
 6.630e+01 1.4084e-09 1.4084e-09 [ 4.7128e-17 1.4084e-09 ] 1.0000e+00
 6.641e+01 1.3410e-09 1.3410e-09 [ 4.3723e-17 1.3410e-09 ] 1.0000e+00
 6.653e+01 1.2768e-09 1.2768e-09 [ 4.0561e-17 1.2768e-09 ] 1.0000e+00
 6.664e+01 1.2157e-09 1.2157e-09 [ 3.7623e-17 1.2157e-09 ] 1.0000e+00
 6.675e+01 1.1573e-09 1.1573e-09 [ 3.4895e-17 1.1573e-09 ] 1.0000e+00
 6.687e+01 1.1017e-09 1.1017e-09 [ 3.2361e-17 1.1017e-09 ] 1.0000e+00
 6.698e+01 1.0488e-09 1.0488e-09 [ 3.0009e-17 1.0488e-09 ] 1.0000e+00
 6.709e+01 9.9829e-10 9.9829e-10 [ 2.7824e-17 9.9829e-10 ] 1.0000e+00
 6.721e+01 9.5018e-10 9.5018e-10 [ 2.5796e-17 9.5018e-10 ] 1.0000e+00
 6.732e+01 9.0435e-10 9.0435e-10 [ 2.3914e-17 9.0435e-10 ] 1.0000e+00
 6.743e+01 8.6067e-10 8.6067e-10 [ 2.2167e-17 8.6067e-10 ] 1.0000e+00
 6.755e+01 8.1906e-10 8.1906e-10 [ 2.0545e-17 8.1906e-10 ] 1.0000e+00
 6.766e+01 7.7942e-10 7.7942e-10 [ 1.9041e-17 7.7942e-10 ] 1.0000e+00
 6.777e+01 7.4166e-10 7.4166e-10 [ 1.7644e-17 7.4166e-10 ] 1.0000e+00
 6.789e+01 7.0569e-10 7.0569e-10 [ 1.6349e-17 7.0569e-10 ] 1.0000e+00
 6.800e+01 6.7142e-10 6.7142e-10 [ 1.5147e-17 6.7142e-10 ] 1.0000e+00
 6.811e+01 6.3879e-10 6.3879e-10 [ 1.4032e-17 6.3879e-10 ] 1.0000e+00
 6.823e+01 6.0771e-10 6.0771e-10 [ 1.2998e-17 6.0771e-10 ] 1.0000e+00
 6.834e+01 5.7811e-10 5.7811e-10 [ 1.2038e-17 5.7811e-10 ] 1.0000e+00
 6.845e+01 5.4992e-10 5.4992e-10 [ 1.1149e-17 5.4992e-10 ] 1.0000e+00
 6.857e+01 5.2308e-10 5.2308e-10 [ 1.0324e-17 5.2308e-10 ] 1.0000e+00
 6.868e+01 4.9752e-10 4.9752e-10 [ 9.5594e-18 4.9752e-10 ] 1.0000e+00
 6.879e+01 4.7319e-10 4.7319e-10 [ 8.8505e-18 4.7319e-10 ] 1.0000e+00
 6.891e+01 4.5002e-10 4.5002e-10 [ 8.1933e-18 4.5002e-10 ] 1.0000e+00
 6.902e+01 4.2796e-10 4.2796e-10 [ 7.5841e-18 4.2796e-10 ] 1.0000e+00
 6.913e+01 4.0697e-10 4.0697e-10 [ 7.0196e-18 4.0697e-10 ] 1.0000e+00
 6.925e+01 3.8698e-10 3.8698e-10 [ 6.4964e-18 3.8698e-10 ] 1.0000e+00
 6.936e+01 3.6796e-10 3.6796e-10 [ 6.0116e-18 3.6796e-10 ] 1.0000e+00
 6.947e+01 3.4985e-10 3.4985e-10 [ 5.5624e-18 3.4985e-10 ] 1.0000e+00
 6.959e+01 3.3262e-10 3.3262e-10 [ 5.1463e-18 3.3262e-10 ] 1.0000e+00
 6.970e+01 3.1621e-10 3.1621e-10 [ 4.7608e-18 3.1621e-10 ] 1.0000e+00
 6.981e+01 3.0061e-10 3.0061e-10 [ 4.4037e-18 3.0061e-10 ] 1.0000e+00
 6.993e+01 2.8576e-10 2.8576e-10 [ 4.0730e-18 2.8576e-10 ] 1.0000e+00
 7.004e+01 2.7162e-10 2.7162e-10 [ 3.7668e-18 2.7162e-10 ] 1.0000e+00
 7.015e+01 2.5818e-10 2.5818e-10 [ 3.4832e-18 2.5818e-10 ] 1.0000e+00
 7.027e+01 2.4538e-10 2.4538e-10 [ 3.2207e-18 2.4538e-10 ] 1.0000e+00
 7.038e+01 2.3321e-10 2.3321e-10 [ 2.9777e-18 2.3321e-10 ] 1.0000e+00
 7.049e+01 2.2163e-10 2.2163e-10 [ 2.7527e-18 2.2163e-10 ] 1.0000e+00
 7.061e+01 2.1062e-10 2.1062e-10 [ 2.5444e-18 2.1062e-10 ] 1.0000e+00
 7.072e+01 2.0014e-10 2.0014e-10 [ 2.3517e-18 2.0014e-10 ] 1.0000e+00
 7.083e+01 1.9018e-10 1.9018e-10 [ 2.1733e-18 1.9018e-10 ] 1.0000e+00
 7.095e+01 1.8070e-10 1.8070e-10 [ 2.0083e-18 1.8070e-10 ] 1.0000e+00
 7.106e+01 1.7169e-10 1.7169e-10 [ 1.8556e-18 1.7169e-10 ] 1.0000e+00
 7.117e+01 1.6311e-10 1.6311e-10 [ 1.7144e-18 1.6311e-10 ] 1.0000e+00
 7.129e+01 1.5496e-10 1.5496e-10 [ 1.5837e-18 1.5496e-10 ] 1.0000e+00
 7.140e+01 1.4721e-10 1.4721e-10 [ 1.4628e-18 1.4721e-10 ] 1.0000e+00
 7.151e+01 1.3984e-10 1.3984e-10 [ 1.3511e-18 1.3984e-10 ] 1.0000e+00
 7.163e+01 1.3283e-10 1.3283e-10 [ 1.2477e-18 1.3283e-10 ] 1.0000e+00
 7.174e+01 1.2617e-10 1.2617e-10 [ 1.1521e-18 1.2617e-10 ] 1.0000e+00
 7.185e+01 1.1983e-10 1.1983e-10 [ 1.0638e-18 1.1983e-10 ] 1.0000e+00
 7.197e+01 1.1381e-10 1.1381e-10 [ 9.8210e-19 1.1381e-10 ] 1.0000e+00
 7.208e+01 1.0809e-10 1.0809e-10 [ 9.0660e-19 1.0809e-10 ] 1.0000e+00
 7.219e+01 1.0265e-10 1.0265e-10 [ 8.3681e-19 1.0265e-10 ] 1.0000e+00
 7.231e+01 9.7475e-11 9.7475e-11 [ 7.7232e-19 9.7475e-11 ] 1.0000e+00
 7.242e+01 9.2559e-11 9.2559e-11 [ 7.1272e-19 9.2559e-11 ] 1.0000e+00
 7.253e+01 8.7887e-11 8.7887e-11 [ 6.5766e-19 8.7887e-11 ] 1.0000e+00
 7.265e+01 8.3447e-11 8.3447e-11 [ 6.0679e-19 8.3447e-11 ] 1.0000e+00
 7.276e+01 7.9228e-11 7.9228e-11 [ 5.5979e-19 7.9228e-11 ] 1.0000e+00
 7.287e+01 7.5218e-11 7.5218e-11 [ 5.1638e-19 7.5218e-11 ] 1.0000e+00
 7.299e+01 7.1408e-11 7.1408e-11 [ 4.7629e-19 7.1408e-11 ] 1.0000e+00
 7.310e+01 6.7788e-11 6.7788e-11 [ 4.3926e-19 6.7788e-11 ] 1.0000e+00
 7.321e+01 6.4349e-11 6.4349e-11 [ 4.0508e-19 6.4349e-11 ] 1.0000e+00
 7.333e+01 6.1081e-11 6.1081e-11 [ 3.7351e-19 6.1081e-11 ] 1.0000e+00
 7.344e+01 5.7977e-11 5.7977e-11 [ 3.4437e-19 5.7977e-11 ] 1.0000e+00
 7.355e+01 5.5027e-11 5.5027e-11 [ 3.1747e-19 5.5027e-11 ] 1.0000e+00
 7.367e+01 5.2226e-11 5.2226e-11 [ 2.9264e-19 5.2226e-11 ] 1.0000e+00
 7.378e+01 4.9565e-11 4.9565e-11 [ 2.6972e-19 4.9565e-11 ] 1.0000e+00
 7.389e+01 4.7037e-11 4.7037e-11 [ 2.4857e-19 4.7037e-11 ] 1.0000e+00
 7.401e+01 4.4637e-11 4.4637e-11 [ 2.2906e-19 4.4637e-11 ] 1.0000e+00
 7.412e+01 4.2357e-11 4.2357e-11 [ 2.1105e-19 4.2357e-11 ] 1.0000e+00
 7.423e+01 4.0192e-11 4.0192e-11 [ 1.9445e-19 4.0192e-11 ] 1.0000e+00
 7.435e+01 3.8135e-11 3.8135e-11 [ 1.7913e-19 3.8135e-11 ] 1.0000e+00
 7.446e+01 3.6183e-11 3.6183e-11 [ 1.6499e-19 3.6183e-11 ] 1.0000e+00
 7.457e+01 3.4329e-11 3.4329e-11 [ 1.5196e-19 3.4329e-11 ] 1.0000e+00
 7.469e+01 3.2568e-11 3.2568e-11 [ 1.3995e-19 3.2568e-11 ] 1.0000e+00
 7.480e+01 3.0897e-11 3.0897e-11 [ 1.2887e-19 3.0897e-11 ] 1.0000e+00
 7.491e+01 2.9310e-11 2.9310e-11 [ 1.1865e-19 2.9310e-11 ] 1.0000e+00
 7.503e+01 2.7803e-11 2.7803e-11 [ 1.0923e-19 2.7803e-11 ] 1.0000e+00
 7.514e+01 2.6373e-11 2.6373e-11 [ 1.0055e-19 2.6373e-11 ] 1.0000e+00
 7.525e+01 2.5015e-11 2.5015e-11 [ 9.2553e-20 2.5015e-11 ] 1.0000e+00
 7.537e+01 2.3726e-11 2.3726e-11 [ 8.5180e-20 2.3726e-11 ] 1.0000e+00
 7.548e+01 2.2503e-11 2.2503e-11 [ 7.8387e-20 2.2503e-11 ] 1.0000e+00
 7.559e+01 2.1342e-11 2.1342e-11 [ 7.2127e-20 2.1342e-11 ] 1.0000e+00
 7.571e+01 2.0239e-11 2.0239e-11 [ 6.6361e-20 2.0239e-11 ] 1.0000e+00
 7.582e+01 1.9193e-11 1.9193e-11 [ 6.1049e-20 1.9193e-11 ] 1.0000e+00
 7.593e+01 1.8201e-11 1.8201e-11 [ 5.6156e-20 1.8201e-11 ] 1.0000e+00
 7.605e+01 1.7259e-11 1.7259e-11 [ 5.1650e-20 1.7259e-11 ] 1.0000e+00
 7.616e+01 1.6365e-11 1.6365e-11 [ 4.7501e-20 1.6365e-11 ] 1.0000e+00
 7.627e+01 1.5517e-11 1.5517e-11 [ 4.3680e-20 1.5517e-11 ] 1.0000e+00
 7.639e+01 1.4712e-11 1.4712e-11 [ 4.0163e-20 1.4712e-11 ] 1.0000e+00
 7.650e+01 1.3948e-11 1.3948e-11 [ 3.6924e-20 1.3948e-11 ] 1.0000e+00
 7.661e+01 1.3224e-11 1.3224e-11 [ 3.3944e-20 1.3224e-11 ] 1.0000e+00
 7.673e+01 1.2536e-11 1.2536e-11 [ 3.1200e-20 1.2536e-11 ] 1.0000e+00
 7.684e+01 1.1884e-11 1.1884e-11 [ 2.8676e-20 1.1884e-11 ] 1.0000e+00
 7.695e+01 1.1265e-11 1.1265e-11 [ 2.6352e-20 1.1265e-11 ] 1.0000e+00
 7.707e+01 1.0679e-11 1.0679e-11 [ 2.4215e-20 1.0679e-11 ] 1.0000e+00
 7.718e+01 1.0122e-11 1.0122e-11 [ 2.2248e-20 1.0122e-11 ] 1.0000e+00
 7.729e+01 9.5939e-12 9.5939e-12 [ 2.0439e-20 9.5939e-12 ] 1.0000e+00
 7.741e+01 9.0931e-12 9.0931e-12 [ 1.8775e-20 9.0931e-12 ] 1.0000e+00
 7.752e+01 8.6181e-12 8.6181e-12 [ 1.7245e-20 8.6181e-12 ] 1.0000e+00
 7.763e+01 8.1676e-12 8.1676e-12 [ 1.5838e-20 8.1676e-12 ] 1.0000e+00
 7.775e+01 7.7404e-12 7.7404e-12 [ 1.4544e-20 7.7404e-12 ] 1.0000e+00
 7.786e+01 7.3352e-12 7.3352e-12 [ 1.3354e-20 7.3352e-12 ] 1.0000e+00
 7.797e+01 6.9510e-12 6.9510e-12 [ 1.2260e-20 6.9510e-12 ] 1.0000e+00
 7.809e+01 6.5867e-12 6.5867e-12 [ 1.1255e-20 6.5867e-12 ] 1.0000e+00
 7.820e+01 6.2412e-12 6.2412e-12 [ 1.0331e-20 6.2412e-12 ] 1.0000e+00
 7.831e+01 5.9137e-12 5.9137e-12 [ 9.4820e-21 5.9137e-12 ] 1.0000e+00
 7.843e+01 5.6031e-12 5.6031e-12 [ 8.7018e-21 5.6031e-12 ] 1.0000e+00
 7.854e+01 5.3087e-12 5.3087e-12 [ 7.9849e-21 5.3087e-12 ] 1.0000e+00
 7.865e+01 5.0295e-12 5.0295e-12 [ 7.3262e-21 5.0295e-12 ] 1.0000e+00
 7.877e+01 4.7649e-12 4.7649e-12 [ 6.7212e-21 4.7649e-12 ] 1.0000e+00
 7.888e+01 4.5140e-12 4.5140e-12 [ 6.1655e-21 4.5140e-12 ] 1.0000e+00
 7.899e+01 4.2762e-12 4.2762e-12 [ 5.6551e-21 4.2762e-12 ] 1.0000e+00
 7.911e+01 4.0508e-12 4.0508e-12 [ 5.1864e-21 4.0508e-12 ] 1.0000e+00
 7.922e+01 3.8371e-12 3.8371e-12 [ 4.7561e-21 3.8371e-12 ] 1.0000e+00
 7.933e+01 3.6346e-12 3.6346e-12 [ 4.3610e-21 3.6346e-12 ] 1.0000e+00
 7.945e+01 3.4426e-12 3.4426e-12 [ 3.9982e-21 3.4426e-12 ] 1.0000e+00
 7.956e+01 3.2607e-12 3.2607e-12 [ 3.6653e-21 3.2607e-12 ] 1.0000e+00
 7.967e+01 3.0882e-12 3.0882e-12 [ 3.3597e-21 3.0882e-12 ] 1.0000e+00
 7.979e+01 2.9248e-12 2.9248e-12 [ 3.0793e-21 2.9248e-12 ] 1.0000e+00
 7.990e+01 2.7700e-12 2.7700e-12 [ 2.8220e-21 2.7700e-12 ] 1.0000e+00
 8.001e+01 2.6232e-12 2.6232e-12 [ 2.5859e-21 2.6232e-12 ] 1.0000e+00
 8.013e+01 2.4842e-12 2.4842e-12 [ 2.3692e-21 2.4842e-12 ] 1.0000e+00
 8.024e+01 2.3524e-12 2.3524e-12 [ 2.1706e-21 2.3524e-12 ] 1.0000e+00
 8.035e+01 2.2276e-12 2.2276e-12 [ 1.9883e-21 2.2276e-12 ] 1.0000e+00
 8.047e+01 2.1093e-12 2.1093e-12 [ 1.8212e-21 2.1093e-12 ] 1.0000e+00
 8.058e+01 1.9973e-12 1.9973e-12 [ 1.6679e-21 1.9973e-12 ] 1.0000e+00
 8.069e+01 1.8911e-12 1.8911e-12 [ 1.5274e-21 1.8911e-12 ] 1.0000e+00
 8.081e+01 1.7905e-12 1.7905e-12 [ 1.3985e-21 1.7905e-12 ] 1.0000e+00
 8.092e+01 1.6952e-12 1.6952e-12 [ 1.2804e-21 1.6952e-12 ] 1.0000e+00
 8.103e+01 1.6049e-12 1.6049e-12 [ 1.1721e-21 1.6049e-12 ] 1.0000e+00
 8.115e+01 1.5194e-12 1.5194e-12 [ 1.0729e-21 1.5194e-12 ] 1.0000e+00
 8.126e+01 1.4384e-12 1.4384e-12 [ 9.8198e-22 1.4384e-12 ] 1.0000e+00
 8.137e+01 1.3617e-12 1.3617e-12 [ 8.9865e-22 1.3617e-12 ] 1.0000e+00
 8.149e+01 1.2890e-12 1.2890e-12 [ 8.2231e-22 1.2890e-12 ] 1.0000e+00
 8.160e+01 1.2202e-12 1.2202e-12 [ 7.5237e-22 1.2202e-12 ] 1.0000e+00
 8.171e+01 1.1550e-12 1.1550e-12 [ 6.8831e-22 1.1550e-12 ] 1.0000e+00
 8.183e+01 1.0933e-12 1.0933e-12 [ 6.2963e-22 1.0933e-12 ] 1.0000e+00
 8.194e+01 1.0348e-12 1.0348e-12 [ 5.7589e-22 1.0348e-12 ] 1.0000e+00
 8.205e+01 9.7943e-13 9.7943e-13 [ 5.2668e-22 9.7943e-13 ] 1.0000e+00
 8.217e+01 9.2699e-13 9.2699e-13 [ 4.8163e-22 9.2699e-13 ] 1.0000e+00
 8.228e+01 8.7733e-13 8.7733e-13 [ 4.4038e-22 8.7733e-13 ] 1.0000e+00
 8.239e+01 8.3031e-13 8.3031e-13 [ 4.0261e-22 8.3031e-13 ] 1.0000e+00
 8.251e+01 7.8579e-13 7.8579e-13 [ 3.6805e-22 7.8579e-13 ] 1.0000e+00
 8.262e+01 7.4363e-13 7.4363e-13 [ 3.3642e-22 7.4363e-13 ] 1.0000e+00
 8.273e+01 7.0372e-13 7.0372e-13 [ 3.0747e-22 7.0372e-13 ] 1.0000e+00
 8.285e+01 6.6592e-13 6.6592e-13 [ 2.8099e-22 6.6592e-13 ] 1.0000e+00
 8.296e+01 6.3014e-13 6.3014e-13 [ 2.5675e-22 6.3014e-13 ] 1.0000e+00
 8.307e+01 5.9627e-13 5.9627e-13 [ 2.3458e-22 5.9627e-13 ] 1.0000e+00
 8.319e+01 5.6420e-13 5.6420e-13 [ 2.1431e-22 5.6420e-13 ] 1.0000e+00
 8.330e+01 5.3384e-13 5.3384e-13 [ 1.9576e-22 5.3384e-13 ] 1.0000e+00
 8.341e+01 5.0510e-13 5.0510e-13 [ 1.7880e-22 5.0510e-13 ] 1.0000e+00
 8.353e+01 4.7789e-13 4.7789e-13 [ 1.6329e-22 4.7789e-13 ] 1.0000e+00
 8.364e+01 4.5214e-13 4.5214e-13 [ 1.4911e-22 4.5214e-13 ] 1.0000e+00
 8.375e+01 4.2776e-13 4.2776e-13 [ 1.3614e-22 4.2776e-13 ] 1.0000e+00
 8.387e+01 4.0469e-13 4.0469e-13 [ 1.2429e-22 4.0469e-13 ] 1.0000e+00
 8.398e+01 3.8285e-13 3.8285e-13 [ 1.1346e-22 3.8285e-13 ] 1.0000e+00
 8.409e+01 3.6218e-13 3.6218e-13 [ 1.0356e-22 3.6218e-13 ] 1.0000e+00
 8.421e+01 3.4261e-13 3.4261e-13 [ 9.4519e-23 3.4261e-13 ] 1.0000e+00
 8.432e+01 3.2410e-13 3.2410e-13 [ 8.6254e-23 3.2410e-13 ] 1.0000e+00
 8.443e+01 3.0658e-13 3.0658e-13 [ 7.8704e-23 3.0658e-13 ] 1.0000e+00
 8.455e+01 2.8999e-13 2.8999e-13 [ 7.1806e-23 2.8999e-13 ] 1.0000e+00
 8.466e+01 2.7430e-13 2.7430e-13 [ 6.5506e-23 2.7430e-13 ] 1.0000e+00
 8.477e+01 2.5945e-13 2.5945e-13 [ 5.9752e-23 2.5945e-13 ] 1.0000e+00
 8.489e+01 2.4540e-13 2.4540e-13 [ 5.4497e-23 2.4540e-13 ] 1.0000e+00
 8.500e+01 2.3210e-13 2.3210e-13 [ 4.9699e-23 2.3210e-13 ] 1.0000e+00
 8.511e+01 2.1952e-13 2.1952e-13 [ 4.5319e-23 2.1952e-13 ] 1.0000e+00
 8.523e+01 2.0761e-13 2.0761e-13 [ 4.1320e-23 2.0761e-13 ] 1.0000e+00
 8.534e+01 1.9634e-13 1.9634e-13 [ 3.7669e-23 1.9634e-13 ] 1.0000e+00
 8.545e+01 1.8569e-13 1.8569e-13 [ 3.4338e-23 1.8569e-13 ] 1.0000e+00
 8.557e+01 1.7560e-13 1.7560e-13 [ 3.1298e-23 1.7560e-13 ] 1.0000e+00
 8.568e+01 1.6606e-13 1.6606e-13 [ 2.8523e-23 1.6606e-13 ] 1.0000e+00
 8.579e+01 1.5704e-13 1.5704e-13 [ 2.5992e-23 1.5704e-13 ] 1.0000e+00
 8.591e+01 1.4850e-13 1.4850e-13 [ 2.3683e-23 1.4850e-13 ] 1.0000e+00
 8.602e+01 1.4042e-13 1.4042e-13 [ 2.1577e-23 1.4042e-13 ] 1.0000e+00
 8.613e+01 1.3278e-13 1.3278e-13 [ 1.9655e-23 1.3278e-13 ] 1.0000e+00
 8.625e+01 1.2555e-13 1.2555e-13 [ 1.7903e-23 1.2555e-13 ] 1.0000e+00
 8.636e+01 1.1871e-13 1.1871e-13 [ 1.6306e-23 1.1871e-13 ] 1.0000e+00
 8.647e+01 1.1224e-13 1.1224e-13 [ 1.4849e-23 1.1224e-13 ] 1.0000e+00
 8.659e+01 1.0612e-13 1.0612e-13 [ 1.3521e-23 1.0612e-13 ] 1.0000e+00
 8.670e+01 1.0033e-13 1.0033e-13 [ 1.2310e-23 1.0033e-13 ] 1.0000e+00
 8.681e+01 9.4860e-14 9.4860e-14 [ 1.1206e-23 9.4860e-14 ] 1.0000e+00
 8.693e+01 8.9683e-14 8.9683e-14 [ 1.0201e-23 8.9683e-14 ] 1.0000e+00
 8.704e+01 8.4786e-14 8.4786e-14 [ 9.2842e-24 8.4786e-14 ] 1.0000e+00
 8.715e+01 8.0154e-14 8.0154e-14 [ 8.4491e-24 8.0154e-14 ] 1.0000e+00
 8.727e+01 7.5774e-14 7.5774e-14 [ 7.6883e-24 7.5774e-14 ] 1.0000e+00
 8.738e+01 7.1632e-14 7.1632e-14 [ 6.9953e-24 7.1632e-14 ] 1.0000e+00
 8.749e+01 6.7715e-14 6.7715e-14 [ 6.3640e-24 6.7715e-14 ] 1.0000e+00
 8.761e+01 6.4010e-14 6.4010e-14 [ 5.7890e-24 6.4010e-14 ] 1.0000e+00
 8.772e+01 6.0507e-14 6.0507e-14 [ 5.2654e-24 6.0507e-14 ] 1.0000e+00
 8.783e+01 5.7194e-14 5.7194e-14 [ 4.7886e-24 5.7194e-14 ] 1.0000e+00
 8.795e+01 5.4061e-14 5.4061e-14 [ 4.3545e-24 5.4061e-14 ] 1.0000e+00
 8.806e+01 5.1099e-14 5.1099e-14 [ 3.9594e-24 5.1099e-14 ] 1.0000e+00
 8.817e+01 4.8298e-14 4.8298e-14 [ 3.5996e-24 4.8298e-14 ] 1.0000e+00
 8.829e+01 4.5649e-14 4.5649e-14 [ 3.2723e-24 4.5649e-14 ] 1.0000e+00
 8.840e+01 4.3145e-14 4.3145e-14 [ 2.9743e-24 4.3145e-14 ] 1.0000e+00
 8.851e+01 4.0778e-14 4.0778e-14 [ 2.7032e-24 4.0778e-14 ] 1.0000e+00
 8.863e+01 3.8539e-14 3.8539e-14 [ 2.4565e-24 3.8539e-14 ] 1.0000e+00
 8.874e+01 3.6423e-14 3.6423e-14 [ 2.2321e-24 3.6423e-14 ] 1.0000e+00
 8.885e+01 3.4422e-14 3.4422e-14 [ 2.0280e-24 3.4422e-14 ] 1.0000e+00
 8.897e+01 3.2530e-14 3.2530e-14 [ 1.8423e-24 3.2530e-14 ] 1.0000e+00
 8.908e+01 3.0741e-14 3.0741e-14 [ 1.6734e-24 3.0741e-14 ] 1.0000e+00
 8.919e+01 2.9051e-14 2.9051e-14 [ 1.5199e-24 2.9051e-14 ] 1.0000e+00
 8.931e+01 2.7452e-14 2.7452e-14 [ 1.3803e-24 2.7452e-14 ] 1.0000e+00
 8.942e+01 2.5941e-14 2.5941e-14 [ 1.2533e-24 2.5941e-14 ] 1.0000e+00
 8.953e+01 2.4513e-14 2.4513e-14 [ 1.1380e-24 2.4513e-14 ] 1.0000e+00
 8.965e+01 2.3163e-14 2.3163e-14 [ 1.0331e-24 2.3163e-14 ] 1.0000e+00
 8.976e+01 2.1887e-14 2.1887e-14 [ 9.3778e-25 2.1887e-14 ] 1.0000e+00
 8.987e+01 2.0680e-14 2.0680e-14 [ 8.5116e-25 2.0680e-14 ] 1.0000e+00
 8.999e+01 1.9540e-14 1.9540e-14 [ 7.7246e-25 1.9540e-14 ] 1.0000e+00
 9.010e+01 1.8462e-14 1.8462e-14 [ 7.0096e-25 1.8462e-14 ] 1.0000e+00
 9.021e+01 1.7444e-14 1.7444e-14 [ 6.3601e-25 1.7444e-14 ] 1.0000e+00
 9.033e+01 1.6481e-14 1.6481e-14 [ 5.7701e-25 1.6481e-14 ] 1.0000e+00
 9.044e+01 1.5571e-14 1.5571e-14 [ 5.2342e-25 1.5571e-14 ] 1.0000e+00
 9.055e+01 1.4711e-14 1.4711e-14 [ 4.7476e-25 1.4711e-14 ] 1.0000e+00
 9.067e+01 1.3898e-14 1.3898e-14 [ 4.3058e-25 1.3898e-14 ] 1.0000e+00
 9.078e+01 1.3130e-14 1.3130e-14 [ 3.9046e-25 1.3130e-14 ] 1.0000e+00
 9.089e+01 1.2404e-14 1.2404e-14 [ 3.5404e-25 1.2404e-14 ] 1.0000e+00
 9.101e+01 1.1718e-14 1.1718e-14 [ 3.2098e-25 1.1718e-14 ] 1.0000e+00
 9.112e+01 1.1070e-14 1.1070e-14 [ 2.9098e-25 1.1070e-14 ] 1.0000e+00
 9.123e+01 1.0457e-14 1.0457e-14 [ 2.6375e-25 1.0457e-14 ] 1.0000e+00
 9.135e+01 9.8779e-15 9.8779e-15 [ 2.3905e-25 9.8779e-15 ] 1.0000e+00
 9.146e+01 9.3308e-15 9.3308e-15 [ 2.1663e-25 9.3308e-15 ] 1.0000e+00
 9.157e+01 8.8138e-15 8.8138e-15 [ 1.9629e-25 8.8138e-15 ] 1.0000e+00
 9.169e+01 8.3253e-15 8.3253e-15 [ 1.7785e-25 8.3253e-15 ] 1.0000e+00
 9.180e+01 7.8638e-15 7.8638e-15 [ 1.6111e-25 7.8638e-15 ] 1.0000e+00
 9.191e+01 7.4276e-15 7.4276e-15 [ 1.4594e-25 7.4276e-15 ] 1.0000e+00
 9.203e+01 7.0155e-15 7.0155e-15 [ 1.3218e-25 7.0155e-15 ] 1.0000e+00
 9.214e+01 6.6262e-15 6.6262e-15 [ 1.1971e-25 6.6262e-15 ] 1.0000e+00
 9.225e+01 6.2583e-15 6.2583e-15 [ 1.0840e-25 6.2583e-15 ] 1.0000e+00
 9.237e+01 5.9108e-15 5.9108e-15 [ 9.8143e-26 5.9108e-15 ] 1.0000e+00
 9.248e+01 5.5824e-15 5.5824e-15 [ 8.8850e-26 5.5824e-15 ] 1.0000e+00
 9.259e+01 5.2722e-15 5.2722e-15 [ 8.0428e-26 5.2722e-15 ] 1.0000e+00
 9.271e+01 4.9791e-15 4.9791e-15 [ 7.2796e-26 4.9791e-15 ] 1.0000e+00
 9.282e+01 4.7022e-15 4.7022e-15 [ 6.5882e-26 4.7022e-15 ] 1.0000e+00
 9.293e+01 4.4407e-15 4.4407e-15 [ 5.9617e-26 4.4407e-15 ] 1.0000e+00
 9.305e+01 4.1936e-15 4.1936e-15 [ 5.3942e-26 4.1936e-15 ] 1.0000e+00
 9.316e+01 3.9601e-15 3.9601e-15 [ 4.8802e-26 3.9601e-15 ] 1.0000e+00
 9.327e+01 3.7396e-15 3.7396e-15 [ 4.4146e-26 3.7396e-15 ] 1.0000e+00
 9.339e+01 3.5313e-15 3.5313e-15 [ 3.9930e-26 3.5313e-15 ] 1.0000e+00
 9.350e+01 3.3346e-15 3.3346e-15 [ 3.6113e-26 3.3346e-15 ] 1.0000e+00
 9.361e+01 3.1487e-15 3.1487e-15 [ 3.2657e-26 3.1487e-15 ] 1.0000e+00
 9.373e+01 2.9731e-15 2.9731e-15 [ 2.9529e-26 2.9731e-15 ] 1.0000e+00
 9.384e+01 2.8073e-15 2.8073e-15 [ 2.6697e-26 2.8073e-15 ] 1.0000e+00
 9.395e+01 2.6507e-15 2.6507e-15 [ 2.4134e-26 2.6507e-15 ] 1.0000e+00
 9.407e+01 2.5028e-15 2.5028e-15 [ 2.1815e-26 2.5028e-15 ] 1.0000e+00
 9.418e+01 2.3630e-15 2.3630e-15 [ 1.9716e-26 2.3630e-15 ] 1.0000e+00
 9.429e+01 2.2311e-15 2.2311e-15 [ 1.7817e-26 2.2311e-15 ] 1.0000e+00
 9.441e+01 2.1064e-15 2.1064e-15 [ 1.6100e-26 2.1064e-15 ] 1.0000e+00
 9.452e+01 1.9887e-15 1.9887e-15 [ 1.4546e-26 1.9887e-15 ] 1.0000e+00
 9.463e+01 1.8776e-15 1.8776e-15 [ 1.3141e-26 1.8776e-15 ] 1.0000e+00
 9.475e+01 1.7726e-15 1.7726e-15 [ 1.1870e-26 1.7726e-15 ] 1.0000e+00
 9.486e+01 1.6734e-15 1.6734e-15 [ 1.0721e-26 1.6734e-15 ] 1.0000e+00
 9.497e+01 1.5798e-15 1.5798e-15 [ 9.6816e-27 1.5798e-15 ] 1.0000e+00
 9.509e+01 1.4913e-15 1.4913e-15 [ 8.7423e-27 1.4913e-15 ] 1.0000e+00
 9.520e+01 1.4078e-15 1.4078e-15 [ 7.8933e-27 1.4078e-15 ] 1.0000e+00
 9.531e+01 1.3290e-15 1.3290e-15 [ 7.1259e-27 1.3290e-15 ] 1.0000e+00
 9.543e+01 1.2545e-15 1.2545e-15 [ 6.4325e-27 1.2545e-15 ] 1.0000e+00
 9.554e+01 1.1842e-15 1.1842e-15 [ 5.8058e-27 1.1842e-15 ] 1.0000e+00
 9.565e+01 1.1178e-15 1.1178e-15 [ 5.2396e-27 1.1178e-15 ] 1.0000e+00
 9.577e+01 1.0551e-15 1.0551e-15 [ 4.7281e-27 1.0551e-15 ] 1.0000e+00
 9.588e+01 9.9593e-16 9.9593e-16 [ 4.2661e-27 9.9593e-16 ] 1.0000e+00
 9.599e+01 9.4004e-16 9.4004e-16 [ 3.8487e-27 9.4004e-16 ] 1.0000e+00
 9.611e+01 8.8727e-16 8.8727e-16 [ 3.4718e-27 8.8727e-16 ] 1.0000e+00
 9.622e+01 8.3744e-16 8.3744e-16 [ 3.1315e-27 8.3744e-16 ] 1.0000e+00
 9.633e+01 7.9040e-16 7.9040e-16 [ 2.8242e-27 7.9040e-16 ] 1.0000e+00
 9.645e+01 7.4598e-16 7.4598e-16 [ 2.5468e-27 7.4598e-16 ] 1.0000e+00
 9.656e+01 7.0405e-16 7.0405e-16 [ 2.2963e-27 7.0405e-16 ] 1.0000e+00
 9.667e+01 6.6446e-16 6.6446e-16 [ 2.0703e-27 6.6446e-16 ] 1.0000e+00
 9.679e+01 6.2708e-16 6.2708e-16 [ 1.8663e-27 6.2708e-16 ] 1.0000e+00
 9.690e+01 5.9180e-16 5.9180e-16 [ 1.6822e-27 5.9180e-16 ] 1.0000e+00
 9.701e+01 5.5849e-16 5.5849e-16 [ 1.5161e-27 5.5849e-16 ] 1.0000e+00
 9.713e+01 5.2704e-16 5.2704e-16 [ 1.3663e-27 5.2704e-16 ] 1.0000e+00
 9.724e+01 4.9736e-16 4.9736e-16 [ 1.2311e-27 4.9736e-16 ] 1.0000e+00
 9.735e+01 4.6933e-16 4.6933e-16 [ 1.1092e-27 4.6933e-16 ] 1.0000e+00
 9.747e+01 4.4288e-16 4.4288e-16 [ 9.9918e-28 4.4288e-16 ] 1.0000e+00
 9.758e+01 4.1791e-16 4.1791e-16 [ 9.0002e-28 4.1791e-16 ] 1.0000e+00
 9.769e+01 3.9434e-16 3.9434e-16 [ 8.1060e-28 3.9434e-16 ] 1.0000e+00
 9.781e+01 3.7209e-16 3.7209e-16 [ 7.2999e-28 3.7209e-16 ] 1.0000e+00
 9.792e+01 3.5109e-16 3.5109e-16 [ 6.5732e-28 3.5109e-16 ] 1.0000e+00
 9.803e+01 3.3127e-16 3.3127e-16 [ 5.9182e-28 3.3127e-16 ] 1.0000e+00
 9.815e+01 3.1256e-16 3.1256e-16 [ 5.3278e-28 3.1256e-16 ] 1.0000e+00
 9.826e+01 2.9491e-16 2.9491e-16 [ 4.7958e-28 2.9491e-16 ] 1.0000e+00
 9.837e+01 2.7824e-16 2.7824e-16 [ 4.3164e-28 2.7824e-16 ] 1.0000e+00
 9.849e+01 2.6251e-16 2.6251e-16 [ 3.8845e-28 2.6251e-16 ] 1.0000e+00
 9.860e+01 2.4767e-16 2.4767e-16 [ 3.4955e-28 2.4767e-16 ] 1.0000e+00
 9.871e+01 2.3365e-16 2.3365e-16 [ 3.1450e-28 2.3365e-16 ] 1.0000e+00
 9.883e+01 2.2043e-16 2.2043e-16 [ 2.8294e-28 2.2043e-16 ] 1.0000e+00
 9.894e+01 2.0795e-16 2.0795e-16 [ 2.5451e-28 2.0795e-16 ] 1.0000e+00
 9.905e+01 1.9618e-16 1.9618e-16 [ 2.2892e-28 1.9618e-16 ] 1.0000e+00
 9.917e+01 1.8506e-16 1.8506e-16 [ 2.0587e-28 1.8506e-16 ] 1.0000e+00
 9.928e+01 1.7458e-16 1.7458e-16 [ 1.8513e-28 1.7458e-16 ] 1.0000e+00
 9.939e+01 1.6468e-16 1.6468e-16 [ 1.6645e-28 1.6468e-16 ] 1.0000e+00
 9.951e+01 1.5534e-16 1.5534e-16 [ 1.4965e-28 1.5534e-16 ] 1.0000e+00
 9.962e+01 1.4653e-16 1.4653e-16 [ 1.3452e-28 1.4653e-16 ] 1.0000e+00
 9.973e+01 1.3822e-16 1.3822e-16 [ 1.2091e-28 1.3822e-16 ] 1.0000e+00
 9.985e+01 1.3037e-16 1.3037e-16 [ 1.0866e-28 1.3037e-16 ] 1.0000e+00
 9.996e+01 1.2297e-16 1.2297e-16 [ 9.7649e-29 1.2297e-16 ] 1.0000e+00
 1.001e+02 1.1598e-16 1.1598e-16 [ 8.7739e-29 1.1598e-16 ] 1.0000e+00
 1.002e+02 1.0939e-16 1.0939e-16 [ 7.8827e-29 1.0939e-16 ] 1.0000e+00
 1.003e+02 1.0317e-16 1.0317e-16 [ 7.0811e-29 1.0317e-16 ] 1.0000e+00
 1.004e+02 9.7306e-17 9.7306e-17 [ 6.3604e-29 9.7306e-17 ] 1.0000e+00
 1.005e+02 9.1771e-17 9.1771e-17 [ 5.7124e-29 9.1771e-17 ] 1.0000e+00
 1.006e+02 8.6548e-17 8.6548e-17 [ 5.1298e-29 8.6548e-17 ] 1.0000e+00
 1.008e+02 8.1622e-17 8.1622e-17 [ 4.6061e-29 8.1622e-17 ] 1.0000e+00
 1.009e+02 7.6973e-17 7.6973e-17 [ 4.1354e-29 7.6973e-17 ] 1.0000e+00
 1.010e+02 7.2589e-17 7.2589e-17 [ 3.7124e-29 7.2589e-17 ] 1.0000e+00
 1.011e+02 6.8452e-17 6.8452e-17 [ 3.3322e-29 6.8452e-17 ] 1.0000e+00
 1.012e+02 6.4550e-17 6.4550e-17 [ 2.9907e-29 6.4550e-17 ] 1.0000e+00
 1.013e+02 6.0869e-17 6.0869e-17 [ 2.6839e-29 6.0869e-17 ] 1.0000e+00
 1.014e+02 5.7396e-17 5.7396e-17 [ 2.4082e-29 5.7396e-17 ] 1.0000e+00
 1.015e+02 5.4120e-17 5.4120e-17 [ 2.1607e-29 5.4120e-17 ] 1.0000e+00
 1.017e+02 5.1031e-17 5.1031e-17 [ 1.9383e-29 5.1031e-17 ] 1.0000e+00
 1.018e+02 4.8116e-17 4.8116e-17 [ 1.7387e-29 4.8116e-17 ] 1.0000e+00
 1.019e+02 4.5367e-17 4.5367e-17 [ 1.5594e-29 4.5367e-17 ] 1.0000e+00
 1.020e+02 4.2774e-17 4.2774e-17 [ 1.3985e-29 4.2774e-17 ] 1.0000e+00
 1.021e+02 4.0329e-17 4.0329e-17 [ 1.2540e-29 4.0329e-17 ] 1.0000e+00
 1.022e+02 3.8022e-17 3.8022e-17 [ 1.1243e-29 3.8022e-17 ] 1.0000e+00
 1.023e+02 3.5847e-17 3.5847e-17 [ 1.0080e-29 3.5847e-17 ] 1.0000e+00
 1.025e+02 3.3795e-17 3.3795e-17 [ 9.0352e-30 3.3795e-17 ] 1.0000e+00
 1.026e+02 3.1860e-17 3.1860e-17 [ 8.0981e-30 3.1860e-17 ] 1.0000e+00
 1.027e+02 3.0035e-17 3.0035e-17 [ 7.2574e-30 3.0035e-17 ] 1.0000e+00
 1.028e+02 2.8314e-17 2.8314e-17 [ 6.5032e-30 2.8314e-17 ] 1.0000e+00
 1.029e+02 2.6691e-17 2.6691e-17 [ 5.8268e-30 2.6691e-17 ] 1.0000e+00
 1.030e+02 2.5160e-17 2.5160e-17 [ 5.2201e-30 2.5160e-17 ] 1.0000e+00
 1.031e+02 2.3717e-17 2.3717e-17 [ 4.6760e-30 2.3717e-17 ] 1.0000e+00
 1.032e+02 2.2356e-17 2.2356e-17 [ 4.1882e-30 2.2356e-17 ] 1.0000e+00
 1.034e+02 2.1072e-17 2.1072e-17 [ 3.7509e-30 2.1072e-17 ] 1.0000e+00
 1.035e+02 1.9862e-17 1.9862e-17 [ 3.3588e-30 1.9862e-17 ] 1.0000e+00
 1.036e+02 1.8721e-17 1.8721e-17 [ 3.0074e-30 1.8721e-17 ] 1.0000e+00
 1.037e+02 1.7645e-17 1.7645e-17 [ 2.6924e-30 1.7645e-17 ] 1.0000e+00
 1.038e+02 1.6630e-17 1.6630e-17 [ 2.4102e-30 1.6630e-17 ] 1.0000e+00
 1.039e+02 1.5673e-17 1.5673e-17 [ 2.1573e-30 1.5673e-17 ] 1.0000e+00
 1.040e+02 1.4772e-17 1.4772e-17 [ 1.9307e-30 1.4772e-17 ] 1.0000e+00
 1.042e+02 1.3921e-17 1.3921e-17 [ 1.7277e-30 1.3921e-17 ] 1.0000e+00
 1.043e+02 1.3119e-17 1.3119e-17 [ 1.5459e-30 1.3119e-17 ] 1.0000e+00
 1.044e+02 1.2364e-17 1.2364e-17 [ 1.3830e-30 1.2364e-17 ] 1.0000e+00
 1.045e+02 1.1651e-17 1.1651e-17 [ 1.2372e-30 1.1651e-17 ] 1.0000e+00
 1.046e+02 1.0979e-17 1.0979e-17 [ 1.1066e-30 1.0979e-17 ] 1.0000e+00
 1.047e+02 1.0346e-17 1.0346e-17 [ 9.8973e-31 1.0346e-17 ] 1.0000e+00
 1.048e+02 9.7489e-18 9.7489e-18 [ 8.8507e-31 9.7489e-18 ] 1.0000e+00
 1.049e+02 9.1861e-18 9.1861e-18 [ 7.9139e-31 9.1861e-18 ] 1.0000e+00
 1.051e+02 8.6556e-18 8.6556e-18 [ 7.0754e-31 8.6556e-18 ] 1.0000e+00
 1.052e+02 8.1555e-18 8.1555e-18 [ 6.3251e-31 8.1555e-18 ] 1.0000e+00
 1.053e+02 7.6841e-18 7.6841e-18 [ 5.6537e-31 7.6841e-18 ] 1.0000e+00
 1.054e+02 7.2398e-18 7.2398e-18 [ 5.0529e-31 7.2398e-18 ] 1.0000e+00
 1.055e+02 6.8210e-18 6.8210e-18 [ 4.5155e-31 6.8210e-18 ] 1.0000e+00
 1.056e+02 6.4263e-18 6.4263e-18 [ 4.0348e-31 6.4263e-18 ] 1.0000e+00
 1.057e+02 6.0543e-18 6.0543e-18 [ 3.6049e-31 6.0543e-18 ] 1.0000e+00
 1.059e+02 5.7036e-18 5.7036e-18 [ 3.2204e-31 5.7036e-18 ] 1.0000e+00
 1.060e+02 5.3731e-18 5.3731e-18 [ 2.8766e-31 5.3731e-18 ] 1.0000e+00
 1.061e+02 5.0617e-18 5.0617e-18 [ 2.5692e-31 5.0617e-18 ] 1.0000e+00
 1.062e+02 4.7682e-18 4.7682e-18 [ 2.2944e-31 4.7682e-18 ] 1.0000e+00
 1.063e+02 4.4916e-18 4.4916e-18 [ 2.0487e-31 4.4916e-18 ] 1.0000e+00
 1.064e+02 4.2309e-18 4.2309e-18 [ 1.8292e-31 4.2309e-18 ] 1.0000e+00
 1.065e+02 3.9852e-18 3.9852e-18 [ 1.6330e-31 3.9852e-18 ] 1.0000e+00
 1.066e+02 3.7537e-18 3.7537e-18 [ 1.4576e-31 3.7537e-18 ] 1.0000e+00
 1.068e+02 3.5356e-18 3.5356e-18 [ 1.3010e-31 3.5356e-18 ] 1.0000e+00
 1.069e+02 3.3301e-18 3.3301e-18 [ 1.1610e-31 3.3301e-18 ] 1.0000e+00
 1.070e+02 3.1364e-18 3.1364e-18 [ 1.0360e-31 3.1364e-18 ] 1.0000e+00
 1.071e+02 2.9539e-18 2.9539e-18 [ 9.2436e-32 2.9539e-18 ] 1.0000e+00
 1.072e+02 2.7819e-18 2.7819e-18 [ 8.2464e-32 2.7819e-18 ] 1.0000e+00
 1.073e+02 2.6199e-18 2.6199e-18 [ 7.3560e-32 2.6199e-18 ] 1.0000e+00
 1.074e+02 2.4673e-18 2.4673e-18 [ 6.5609e-32 2.4673e-18 ] 1.0000e+00
 1.076e+02 2.3235e-18 2.3235e-18 [ 5.8511e-32 2.3235e-18 ] 1.0000e+00
 1.077e+02 2.1880e-18 2.1880e-18 [ 5.2176e-32 2.1880e-18 ] 1.0000e+00
 1.078e+02 2.0604e-18 2.0604e-18 [ 4.6520e-32 2.0604e-18 ] 1.0000e+00
 1.079e+02 1.9401e-18 1.9401e-18 [ 4.1474e-32 1.9401e-18 ] 1.0000e+00
 1.080e+02 1.8268e-18 1.8268e-18 [ 3.6970e-32 1.8268e-18 ] 1.0000e+00
 1.081e+02 1.7201e-18 1.7201e-18 [ 3.2952e-32 1.7201e-18 ] 1.0000e+00
 1.082e+02 1.6196e-18 1.6196e-18 [ 2.9367e-32 1.6196e-18 ] 1.0000e+00
 1.083e+02 1.5249e-18 1.5249e-18 [ 2.6169e-32 1.5249e-18 ] 1.0000e+00
 1.085e+02 1.4357e-18 1.4357e-18 [ 2.3317e-32 1.4357e-18 ] 1.0000e+00
 1.086e+02 1.3517e-18 1.3517e-18 [ 2.0773e-32 1.3517e-18 ] 1.0000e+00
 1.087e+02 1.2726e-18 1.2726e-18 [ 1.8505e-32 1.2726e-18 ] 1.0000e+00
 1.088e+02 1.1980e-18 1.1980e-18 [ 1.6482e-32 1.1980e-18 ] 1.0000e+00
 1.089e+02 1.1278e-18 1.1278e-18 [ 1.4679e-32 1.1278e-18 ] 1.0000e+00
 1.090e+02 1.0617e-18 1.0617e-18 [ 1.3071e-32 1.0617e-18 ] 1.0000e+00
 1.091e+02 9.9945e-19 9.9945e-19 [ 1.1639e-32 9.9945e-19 ] 1.0000e+00
 1.093e+02 9.4081e-19 9.4081e-19 [ 1.0362e-32 9.4081e-19 ] 1.0000e+00
 1.094e+02 8.8558e-19 8.8558e-19 [ 9.2241e-33 8.8558e-19 ] 1.0000e+00
 1.095e+02 8.3357e-19 8.3357e-19 [ 8.2102e-33 8.3357e-19 ] 1.0000e+00
 1.096e+02 7.8460e-19 7.8460e-19 [ 7.3070e-33 7.8460e-19 ] 1.0000e+00
 1.097e+02 7.3848e-19 7.3848e-19 [ 6.5024e-33 7.3848e-19 ] 1.0000e+00
 1.098e+02 6.9505e-19 6.9505e-19 [ 5.7858e-33 6.9505e-19 ] 1.0000e+00
 1.099e+02 6.5415e-19 6.5415e-19 [ 5.1475e-33 6.5415e-19 ] 1.0000e+00
 1.100e+02 6.1565e-19 6.1565e-19 [ 4.5791e-33 6.1565e-19 ] 1.0000e+00
 1.102e+02 5.7939e-19 5.7939e-19 [ 4.0730e-33 5.7939e-19 ] 1.0000e+00
 1.103e+02 5.4525e-19 5.4525e-19 [ 3.6225e-33 5.4525e-19 ] 1.0000e+00
 1.104e+02 5.1311e-19 5.1311e-19 [ 3.2214e-33 5.1311e-19 ] 1.0000e+00
 1.105e+02 4.8285e-19 4.8285e-19 [ 2.8644e-33 4.8285e-19 ] 1.0000e+00
 1.106e+02 4.5436e-19 4.5436e-19 [ 2.5466e-33 4.5436e-19 ] 1.0000e+00
 1.107e+02 4.2754e-19 4.2754e-19 [ 2.2639e-33 4.2754e-19 ] 1.0000e+00
 1.108e+02 4.0229e-19 4.0229e-19 [ 2.0123e-33 4.0229e-19 ] 1.0000e+00
 1.110e+02 3.7852e-19 3.7852e-19 [ 1.7885e-33 3.7852e-19 ] 1.0000e+00
 1.111e+02 3.5615e-19 3.5615e-19 [ 1.5893e-33 3.5615e-19 ] 1.0000e+00
 1.112e+02 3.3508e-19 3.3508e-19 [ 1.4122e-33 3.3508e-19 ] 1.0000e+00
 1.113e+02 3.1526e-19 3.1526e-19 [ 1.2547e-33 3.1526e-19 ] 1.0000e+00
 1.114e+02 2.9659e-19 2.9659e-19 [ 1.1146e-33 2.9659e-19 ] 1.0000e+00
 1.115e+02 2.7903e-19 2.7903e-19 [ 9.9008e-34 2.7903e-19 ] 1.0000e+00
 1.116e+02 2.6249e-19 2.6249e-19 [ 8.7935e-34 2.6249e-19 ] 1.0000e+00
 1.117e+02 2.4693e-19 2.4693e-19 [ 7.8091e-34 2.4693e-19 ] 1.0000e+00
 1.119e+02 2.3229e-19 2.3229e-19 [ 6.9341e-34 2.3229e-19 ] 1.0000e+00
 1.120e+02 2.1850e-19 2.1850e-19 [ 6.1565e-34 2.1850e-19 ] 1.0000e+00
 1.121e+02 2.0553e-19 2.0553e-19 [ 5.4654e-34 2.0553e-19 ] 1.0000e+00
 1.122e+02 1.9332e-19 1.9332e-19 [ 4.8513e-34 1.9332e-19 ] 1.0000e+00
 1.123e+02 1.8183e-19 1.8183e-19 [ 4.3058e-34 1.8183e-19 ] 1.0000e+00
 1.124e+02 1.7102e-19 1.7102e-19 [ 3.8211e-34 1.7102e-19 ] 1.0000e+00
 1.125e+02 1.6085e-19 1.6085e-19 [ 3.3906e-34 1.6085e-19 ] 1.0000e+00
 1.127e+02 1.5127e-19 1.5127e-19 [ 3.0083e-34 1.5127e-19 ] 1.0000e+00
 1.128e+02 1.4227e-19 1.4227e-19 [ 2.6688e-34 1.4227e-19 ] 1.0000e+00
 1.129e+02 1.3379e-19 1.3379e-19 [ 2.3673e-34 1.3379e-19 ] 1.0000e+00
 1.130e+02 1.2582e-19 1.2582e-19 [ 2.0996e-34 1.2582e-19 ] 1.0000e+00
 1.131e+02 1.1831e-19 1.1831e-19 [ 1.8620e-34 1.1831e-19 ] 1.0000e+00
 1.132e+02 1.1125e-19 1.1125e-19 [ 1.6511e-34 1.1125e-19 ] 1.0000e+00
 1.133e+02 1.0461e-19 1.0461e-19 [ 1.4639e-34 1.0461e-19 ] 1.0000e+00
 1.134e+02 9.8365e-20 9.8365e-20 [ 1.2978e-34 9.8365e-20 ] 1.0000e+00
 1.136e+02 9.2487e-20 9.2487e-20 [ 1.1504e-34 9.2487e-20 ] 1.0000e+00
 1.137e+02 8.6958e-20 8.6958e-20 [ 1.0196e-34 8.6958e-20 ] 1.0000e+00
 1.138e+02 8.1756e-20 8.1756e-20 [ 9.0361e-35 8.1756e-20 ] 1.0000e+00
 1.139e+02 7.6864e-20 7.6864e-20 [ 8.0070e-35 7.6864e-20 ] 1.0000e+00
 1.140e+02 7.2261e-20 7.2261e-20 [ 7.0943e-35 7.2261e-20 ] 1.0000e+00
 1.141e+02 6.7932e-20 6.7932e-20 [ 6.2849e-35 6.7932e-20 ] 1.0000e+00
 1.142e+02 6.3861e-20 6.3861e-20 [ 5.5672e-35 6.3861e-20 ] 1.0000e+00
 1.144e+02 6.0031e-20 6.0031e-20 [ 4.9309e-35 6.0031e-20 ] 1.0000e+00
 1.145e+02 5.6430e-20 5.6430e-20 [ 4.3668e-35 5.6430e-20 ] 1.0000e+00
 1.146e+02 5.3042e-20 5.3042e-20 [ 3.8668e-35 5.3042e-20 ] 1.0000e+00
 1.147e+02 4.9856e-20 4.9856e-20 [ 3.4237e-35 4.9856e-20 ] 1.0000e+00
 1.148e+02 4.6860e-20 4.6860e-20 [ 3.0310e-35 4.6860e-20 ] 1.0000e+00
 1.149e+02 4.4043e-20 4.4043e-20 [ 2.6830e-35 4.4043e-20 ] 1.0000e+00
 1.150e+02 4.1394e-20 4.1394e-20 [ 2.3747e-35 4.1394e-20 ] 1.0000e+00
 1.151e+02 3.8903e-20 3.8903e-20 [ 2.1016e-35 3.8903e-20 ] 1.0000e+00
 1.153e+02 3.6560e-20 3.6560e-20 [ 1.8597e-35 3.6560e-20 ] 1.0000e+00
 1.154e+02 3.4357e-20 3.4357e-20 [ 1.6454e-35 3.4357e-20 ] 1.0000e+00
 1.155e+02 3.2286e-20 3.2286e-20 [ 1.4556e-35 3.2286e-20 ] 1.0000e+00
 1.156e+02 3.0339e-20 3.0339e-20 [ 1.2876e-35 3.0339e-20 ] 1.0000e+00
 1.157e+02 2.8508e-20 2.8508e-20 [ 1.1389e-35 2.8508e-20 ] 1.0000e+00
 1.158e+02 2.6787e-20 2.6787e-20 [ 1.0072e-35 2.6787e-20 ] 1.0000e+00
 1.159e+02 2.5169e-20 2.5169e-20 [ 8.9062e-36 2.5169e-20 ] 1.0000e+00
 1.161e+02 2.3648e-20 2.3648e-20 [ 7.8745e-36 2.3648e-20 ] 1.0000e+00
 1.162e+02 2.2218e-20 2.2218e-20 [ 6.9616e-36 2.2218e-20 ] 1.0000e+00
 1.163e+02 2.0874e-20 2.0874e-20 [ 6.1538e-36 2.0874e-20 ] 1.0000e+00
 1.164e+02 1.9610e-20 1.9610e-20 [ 5.4390e-36 1.9610e-20 ] 1.0000e+00
 1.165e+02 1.8422e-20 1.8422e-20 [ 4.8067e-36 1.8422e-20 ] 1.0000e+00
 1.166e+02 1.7306e-20 1.7306e-20 [ 4.2475e-36 1.7306e-20 ] 1.0000e+00
 1.167e+02 1.6257e-20 1.6257e-20 [ 3.7528e-36 1.6257e-20 ] 1.0000e+00
 1.168e+02 1.5271e-20 1.5271e-20 [ 3.3154e-36 1.5271e-20 ] 1.0000e+00
 1.170e+02 1.4344e-20 1.4344e-20 [ 2.9286e-36 1.4344e-20 ] 1.0000e+00
 1.171e+02 1.3473e-20 1.3473e-20 [ 2.5867e-36 1.3473e-20 ] 1.0000e+00
 1.172e+02 1.2654e-20 1.2654e-20 [ 2.2844e-36 1.2654e-20 ] 1.0000e+00
 1.173e+02 1.1885e-20 1.1885e-20 [ 2.0172e-36 1.1885e-20 ] 1.0000e+00
 1.174e+02 1.1162e-20 1.1162e-20 [ 1.7810e-36 1.1162e-20 ] 1.0000e+00
 1.175e+02 1.0483e-20 1.0483e-20 [ 1.5723e-36 1.0483e-20 ] 1.0000e+00
 1.176e+02 9.8442e-21 9.8442e-21 [ 1.3879e-36 9.8442e-21 ] 1.0000e+00
 1.178e+02 9.2445e-21 9.2445e-21 [ 1.2250e-36 9.2445e-21 ] 1.0000e+00
 1.179e+02 8.6809e-21 8.6809e-21 [ 1.0810e-36 8.6809e-21 ] 1.0000e+00
 1.180e+02 8.1514e-21 8.1514e-21 [ 9.5392e-37 8.1514e-21 ] 1.0000e+00
 1.181e+02 7.6540e-21 7.6540e-21 [ 8.4164e-37 7.6540e-21 ] 1.0000e+00
 1.182e+02 7.1866e-21 7.1866e-21 [ 7.4249e-37 7.1866e-21 ] 1.0000e+00
 1.183e+02 6.7476e-21 6.7476e-21 [ 6.5495e-37 6.7476e-21 ] 1.0000e+00
 1.184e+02 6.3351e-21 6.3351e-21 [ 5.7765e-37 6.3351e-21 ] 1.0000e+00
 1.185e+02 5.9477e-21 5.9477e-21 [ 5.0942e-37 5.9477e-21 ] 1.0000e+00
 1.187e+02 5.5837e-21 5.5837e-21 [ 4.4920e-37 5.5837e-21 ] 1.0000e+00
 1.188e+02 5.2418e-21 5.2418e-21 [ 3.9604e-37 5.2418e-21 ] 1.0000e+00
 1.189e+02 4.9207e-21 4.9207e-21 [ 3.4914e-37 4.9207e-21 ] 1.0000e+00
 1.190e+02 4.6191e-21 4.6191e-21 [ 3.0775e-37 4.6191e-21 ] 1.0000e+00
 1.191e+02 4.3358e-21 4.3358e-21 [ 2.7124e-37 4.3358e-21 ] 1.0000e+00
 1.192e+02 4.0697e-21 4.0697e-21 [ 2.3903e-37 4.0697e-21 ] 1.0000e+00
 1.193e+02 3.8199e-21 3.8199e-21 [ 2.1062e-37 3.8199e-21 ] 1.0000e+00
 1.195e+02 3.5852e-21 3.5852e-21 [ 1.8557e-37 3.5852e-21 ] 1.0000e+00
 1.196e+02 3.3648e-21 3.3648e-21 [ 1.6347e-37 3.3648e-21 ] 1.0000e+00
 1.197e+02 3.1579e-21 3.1579e-21 [ 1.4399e-37 3.1579e-21 ] 1.0000e+00
 1.198e+02 2.9636e-21 2.9636e-21 [ 1.2682e-37 2.9636e-21 ] 1.0000e+00
 1.199e+02 2.7811e-21 2.7811e-21 [ 1.1168e-37 2.7811e-21 ] 1.0000e+00
 1.200e+02 2.6098e-21 2.6098e-21 [ 9.8334e-38 2.6098e-21 ] 1.0000e+00
 1.201e+02 2.4489e-21 2.4489e-21 [ 8.6574e-38 2.4489e-21 ] 1.0000e+00
 1.202e+02 2.2979e-21 2.2979e-21 [ 7.6211e-38 2.2979e-21 ] 1.0000e+00
 1.204e+02 2.1561e-21 2.1561e-21 [ 6.7081e-38 2.1561e-21 ] 1.0000e+00
 1.205e+02 2.0229e-21 2.0229e-21 [ 5.9037e-38 2.0229e-21 ] 1.0000e+00
 1.206e+02 1.8980e-21 1.8980e-21 [ 5.1951e-38 1.8980e-21 ] 1.0000e+00
 1.207e+02 1.7806e-21 1.7806e-21 [ 4.5711e-38 1.7806e-21 ] 1.0000e+00
 1.208e+02 1.6705e-21 1.6705e-21 [ 4.0215e-38 1.6705e-21 ] 1.0000e+00
 1.209e+02 1.5671e-21 1.5671e-21 [ 3.5376e-38 1.5671e-21 ] 1.0000e+00
 1.210e+02 1.4701e-21 1.4701e-21 [ 3.1115e-38 1.4701e-21 ] 1.0000e+00
 1.212e+02 1.3790e-21 1.3790e-21 [ 2.7364e-38 1.3790e-21 ] 1.0000e+00
 1.213e+02 1.2935e-21 1.2935e-21 [ 2.4062e-38 1.2935e-21 ] 1.0000e+00
 1.214e+02 1.2133e-21 1.2133e-21 [ 2.1156e-38 1.2133e-21 ] 1.0000e+00
 1.215e+02 1.1380e-21 1.1380e-21 [ 1.8599e-38 1.1380e-21 ] 1.0000e+00
 1.216e+02 1.0673e-21 1.0673e-21 [ 1.6349e-38 1.0673e-21 ] 1.0000e+00
 1.217e+02 1.0010e-21 1.0010e-21 [ 1.4369e-38 1.0010e-21 ] 1.0000e+00
 1.218e+02 9.3877e-22 9.3877e-22 [ 1.2628e-38 9.3877e-22 ] 1.0000e+00
 1.219e+02 8.8038e-22 8.8038e-22 [ 1.1096e-38 8.8038e-22 ] 1.0000e+00
 1.221e+02 8.2558e-22 8.2558e-22 [ 9.7487e-39 8.2558e-22 ] 1.0000e+00
 1.222e+02 7.7417e-22 7.7417e-22 [ 8.5640e-39 7.7417e-22 ] 1.0000e+00
 1.223e+02 7.2592e-22 7.2592e-22 [ 7.5223e-39 7.2592e-22 ] 1.0000e+00
 1.224e+02 6.8066e-22 6.8066e-22 [ 6.6066e-39 6.8066e-22 ] 1.0000e+00
 1.225e+02 6.3820e-22 6.3820e-22 [ 5.8015e-39 6.3820e-22 ] 1.0000e+00
 1.226e+02 5.9836e-22 5.9836e-22 [ 5.0940e-39 5.9836e-22 ] 1.0000e+00
 1.227e+02 5.6099e-22 5.6099e-22 [ 4.4722e-39 5.6099e-22 ] 1.0000e+00
 1.229e+02 5.2593e-22 5.2593e-22 [ 3.9258e-39 5.2593e-22 ] 1.0000e+00
 1.230e+02 4.9304e-22 4.9304e-22 [ 3.4457e-39 4.9304e-22 ] 1.0000e+00
 1.231e+02 4.6220e-22 4.6220e-22 [ 3.0240e-39 4.6220e-22 ] 1.0000e+00
 1.232e+02 4.3326e-22 4.3326e-22 [ 2.6535e-39 4.3326e-22 ] 1.0000e+00
 1.233e+02 4.0612e-22 4.0612e-22 [ 2.3281e-39 4.0612e-22 ] 1.0000e+00
 1.234e+02 3.8067e-22 3.8067e-22 [ 2.0424e-39 3.8067e-22 ] 1.0000e+00
 1.235e+02 3.5679e-22 3.5679e-22 [ 1.7915e-39 3.5679e-22 ] 1.0000e+00
 1.236e+02 3.3440e-22 3.3440e-22 [ 1.5712e-39 3.3440e-22 ] 1.0000e+00
 1.238e+02 3.1341e-22 3.1341e-22 [ 1.3779e-39 3.1341e-22 ] 1.0000e+00
 1.239e+02 2.9372e-22 2.9372e-22 [ 1.2082e-39 2.9372e-22 ] 1.0000e+00
 1.240e+02 2.7525e-22 2.7525e-22 [ 1.0592e-39 2.7525e-22 ] 1.0000e+00
 1.241e+02 2.5794e-22 2.5794e-22 [ 9.2852e-40 2.5794e-22 ] 1.0000e+00
 1.242e+02 2.4171e-22 2.4171e-22 [ 8.1384e-40 2.4171e-22 ] 1.0000e+00
 1.243e+02 2.2649e-22 2.2649e-22 [ 7.1323e-40 2.2649e-22 ] 1.0000e+00
 1.244e+02 2.1222e-22 2.1222e-22 [ 6.2498e-40 2.1222e-22 ] 1.0000e+00
 1.246e+02 1.9884e-22 1.9884e-22 [ 5.4758e-40 1.9884e-22 ] 1.0000e+00
 1.247e+02 1.8629e-22 1.8629e-22 [ 4.7970e-40 1.8629e-22 ] 1.0000e+00
 1.248e+02 1.7453e-22 1.7453e-22 [ 4.2018e-40 1.7453e-22 ] 1.0000e+00
 1.249e+02 1.6351e-22 1.6351e-22 [ 3.6800e-40 1.6351e-22 ] 1.0000e+00
 1.250e+02 1.5318e-22 1.5318e-22 [ 3.2226e-40 1.5318e-22 ] 1.0000e+00
 1.251e+02 1.4349e-22 1.4349e-22 [ 2.8217e-40 1.4349e-22 ] 1.0000e+00
 1.252e+02 1.3441e-22 1.3441e-22 [ 2.4703e-40 1.3441e-22 ] 1.0000e+00
 1.253e+02 1.2590e-22 1.2590e-22 [ 2.1624e-40 1.2590e-22 ] 1.0000e+00
 1.255e+02 1.1793e-22 1.1793e-22 [ 1.8926e-40 1.1793e-22 ] 1.0000e+00
 1.256e+02 1.1045e-22 1.1045e-22 [ 1.6563e-40 1.1045e-22 ] 1.0000e+00
 1.257e+02 1.0345e-22 1.0345e-22 [ 1.4493e-40 1.0345e-22 ] 1.0000e+00
 1.258e+02 9.6881e-23 9.6881e-23 [ 1.2680e-40 9.6881e-23 ] 1.0000e+00
 1.259e+02 9.0729e-23 9.0729e-23 [ 1.1092e-40 9.0729e-23 ] 1.0000e+00
 1.260e+02 8.4964e-23 8.4964e-23 [ 9.7016e-41 8.4964e-23 ] 1.0000e+00
 1.261e+02 7.9563e-23 7.9563e-23 [ 8.4846e-41 7.9563e-23 ] 1.0000e+00
 1.263e+02 7.4501e-23 7.4501e-23 [ 7.4192e-41 7.4501e-23 ] 1.0000e+00
 1.264e+02 6.9759e-23 6.9759e-23 [ 6.4867e-41 6.9759e-23 ] 1.0000e+00
 1.265e+02 6.5316e-23 6.5316e-23 [ 5.6706e-41 6.5316e-23 ] 1.0000e+00
 1.266e+02 6.1153e-23 6.1153e-23 [ 4.9566e-41 6.1153e-23 ] 1.0000e+00
 1.267e+02 5.7254e-23 5.7254e-23 [ 4.3319e-41 5.7254e-23 ] 1.0000e+00
 1.268e+02 5.3601e-23 5.3601e-23 [ 3.7854e-41 5.3601e-23 ] 1.0000e+00
 1.269e+02 5.0179e-23 5.0179e-23 [ 3.3074e-41 5.0179e-23 ] 1.0000e+00
 1.270e+02 4.6973e-23 4.6973e-23 [ 2.8893e-41 4.6973e-23 ] 1.0000e+00
 1.272e+02 4.3970e-23 4.3970e-23 [ 2.5238e-41 4.3970e-23 ] 1.0000e+00
 1.273e+02 4.1158e-23 4.1158e-23 [ 2.2042e-41 4.1158e-23 ] 1.0000e+00
 1.274e+02 3.8524e-23 3.8524e-23 [ 1.9248e-41 3.8524e-23 ] 1.0000e+00
 1.275e+02 3.6057e-23 3.6057e-23 [ 1.6806e-41 3.6057e-23 ] 1.0000e+00
 1.276e+02 3.3747e-23 3.3747e-23 [ 1.4672e-41 3.3747e-23 ] 1.0000e+00
 1.277e+02 3.1583e-23 3.1583e-23 [ 1.2807e-41 3.1583e-23 ] 1.0000e+00
 1.278e+02 2.9557e-23 2.9557e-23 [ 1.1177e-41 2.9557e-23 ] 1.0000e+00
 1.280e+02 2.7659e-23 2.7659e-23 [ 9.7537e-42 2.7659e-23 ] 1.0000e+00
 1.281e+02 2.5883e-23 2.5883e-23 [ 8.5103e-42 2.5883e-23 ] 1.0000e+00
 1.282e+02 2.4219e-23 2.4219e-23 [ 7.4243e-42 2.4219e-23 ] 1.0000e+00
 1.283e+02 2.2662e-23 2.2662e-23 [ 6.4760e-42 2.2662e-23 ] 1.0000e+00
 1.284e+02 2.1203e-23 2.1203e-23 [ 5.6481e-42 2.1203e-23 ] 1.0000e+00
 1.285e+02 1.9838e-23 1.9838e-23 [ 4.9253e-42 1.9838e-23 ] 1.0000e+00
 1.286e+02 1.8560e-23 1.8560e-23 [ 4.2944e-42 1.8560e-23 ] 1.0000e+00
 1.287e+02 1.7363e-23 1.7363e-23 [ 3.7437e-42 1.7363e-23 ] 1.0000e+00
 1.289e+02 1.6243e-23 1.6243e-23 [ 3.2632e-42 1.6243e-23 ] 1.0000e+00
 1.290e+02 1.5195e-23 1.5195e-23 [ 2.8440e-42 1.5195e-23 ] 1.0000e+00
 1.291e+02 1.4213e-23 1.4213e-23 [ 2.4783e-42 1.4213e-23 ] 1.0000e+00
 1.292e+02 1.3295e-23 1.3295e-23 [ 2.1592e-42 1.3295e-23 ] 1.0000e+00
 1.293e+02 1.2435e-23 1.2435e-23 [ 1.8810e-42 1.2435e-23 ] 1.0000e+00
 1.294e+02 1.1630e-23 1.1630e-23 [ 1.6384e-42 1.1630e-23 ] 1.0000e+00
 1.295e+02 1.0877e-23 1.0877e-23 [ 1.4269e-42 1.0877e-23 ] 1.0000e+00
 1.297e+02 1.0173e-23 1.0173e-23 [ 1.2425e-42 1.0173e-23 ] 1.0000e+00
 1.298e+02 9.5133e-24 9.5133e-24 [ 1.0818e-42 9.5133e-24 ] 1.0000e+00
 1.299e+02 8.8962e-24 8.8962e-24 [ 9.4168e-43 8.8962e-24 ] 1.0000e+00
 1.300e+02 8.3188e-24 8.3188e-24 [ 8.1962e-43 8.3188e-24 ] 1.0000e+00
 1.301e+02 7.7786e-24 7.7786e-24 [ 7.1327e-43 7.7786e-24 ] 1.0000e+00
 1.302e+02 7.2731e-24 7.2731e-24 [ 6.2063e-43 7.2731e-24 ] 1.0000e+00
 1.303e+02 6.8001e-24 6.8001e-24 [ 5.3994e-43 6.8001e-24 ] 1.0000e+00
 1.304e+02 6.3577e-24 6.3577e-24 [ 4.6967e-43 6.3577e-24 ] 1.0000e+00
 1.306e+02 5.9438e-24 5.9438e-24 [ 4.0849e-43 5.9438e-24 ] 1.0000e+00
 1.307e+02 5.5566e-24 5.5566e-24 [ 3.5522e-43 5.5566e-24 ] 1.0000e+00
 1.308e+02 5.1943e-24 5.1943e-24 [ 3.0885e-43 5.1943e-24 ] 1.0000e+00
 1.309e+02 4.8555e-24 4.8555e-24 [ 2.6849e-43 4.8555e-24 ] 1.0000e+00
 1.310e+02 4.5386e-24 4.5386e-24 [ 2.3337e-43 4.5386e-24 ] 1.0000e+00
 1.311e+02 4.2422e-24 4.2422e-24 [ 2.0281e-43 4.2422e-24 ] 1.0000e+00
 1.312e+02 3.9650e-24 3.9650e-24 [ 1.7623e-43 3.9650e-24 ] 1.0000e+00
 1.314e+02 3.7057e-24 3.7057e-24 [ 1.5311e-43 3.7057e-24 ] 1.0000e+00
 1.315e+02 3.4633e-24 3.4633e-24 [ 1.3300e-43 3.4633e-24 ] 1.0000e+00
 1.316e+02 3.2365e-24 3.2365e-24 [ 1.1551e-43 3.2365e-24 ] 1.0000e+00
 1.317e+02 3.0245e-24 3.0245e-24 [ 1.0031e-43 3.0245e-24 ] 1.0000e+00
 1.318e+02 2.8263e-24 2.8263e-24 [ 8.7089e-44 2.8263e-24 ] 1.0000e+00
 1.319e+02 2.6409e-24 2.6409e-24 [ 7.5602e-44 2.6409e-24 ] 1.0000e+00
 1.320e+02 2.4676e-24 2.4676e-24 [ 6.5620e-44 2.4676e-24 ] 1.0000e+00
 1.321e+02 2.3055e-24 2.3055e-24 [ 5.6947e-44 2.3055e-24 ] 1.0000e+00
 1.323e+02 2.1540e-24 2.1540e-24 [ 4.9412e-44 2.1540e-24 ] 1.0000e+00
 1.324e+02 2.0124e-24 2.0124e-24 [ 4.2867e-44 2.0124e-24 ] 1.0000e+00
 1.325e+02 1.8800e-24 1.8800e-24 [ 3.7183e-44 1.8800e-24 ] 1.0000e+00
 1.326e+02 1.7562e-24 1.7562e-24 [ 3.2247e-44 1.7562e-24 ] 1.0000e+00
 1.327e+02 1.6405e-24 1.6405e-24 [ 2.7962e-44 1.6405e-24 ] 1.0000e+00
 1.328e+02 1.5324e-24 1.5324e-24 [ 2.4242e-44 1.5324e-24 ] 1.0000e+00
 1.329e+02 1.4313e-24 1.4313e-24 [ 2.1014e-44 1.4313e-24 ] 1.0000e+00
 1.331e+02 1.3368e-24 1.3368e-24 [ 1.8213e-44 1.3368e-24 ] 1.0000e+00
 1.332e+02 1.2485e-24 1.2485e-24 [ 1.5782e-44 1.2485e-24 ] 1.0000e+00
 1.333e+02 1.1660e-24 1.1660e-24 [ 1.3673e-44 1.1660e-24 ] 1.0000e+00
 1.334e+02 1.0889e-24 1.0889e-24 [ 1.1844e-44 1.0889e-24 ] 1.0000e+00
 1.335e+02 1.0169e-24 1.0169e-24 [ 1.0258e-44 1.0169e-24 ] 1.0000e+00
 1.336e+02 9.4955e-25 9.4955e-25 [ 8.8833e-45 9.4955e-25 ] 1.0000e+00
 1.337e+02 8.8664e-25 8.8664e-25 [ 7.6912e-45 8.8664e-25 ] 1.0000e+00
 1.338e+02 8.2787e-25 8.2787e-25 [ 6.6579e-45 8.2787e-25 ] 1.0000e+00
 1.340e+02 7.7295e-25 7.7295e-25 [ 5.7624e-45 7.7295e-25 ] 1.0000e+00
 1.341e+02 7.2165e-25 7.2165e-25 [ 4.9865e-45 7.2165e-25 ] 1.0000e+00
 1.342e+02 6.7372e-25 6.7372e-25 [ 4.3143e-45 6.7372e-25 ] 1.0000e+00
 1.343e+02 6.2895e-25 6.2895e-25 [ 3.7320e-45 6.2895e-25 ] 1.0000e+00
 1.344e+02 5.8712e-25 5.8712e-25 [ 3.2278e-45 5.8712e-25 ] 1.0000e+00
 1.345e+02 5.4805e-25 5.4805e-25 [ 2.7912e-45 5.4805e-25 ] 1.0000e+00
 1.346e+02 5.1156e-25 5.1156e-25 [ 2.4132e-45 5.1156e-25 ] 1.0000e+00
 1.348e+02 4.7748e-25 4.7748e-25 [ 2.0860e-45 4.7748e-25 ] 1.0000e+00
 1.349e+02 4.4565e-25 4.4565e-25 [ 1.8029e-45 4.4565e-25 ] 1.0000e+00
 1.350e+02 4.1592e-25 4.1592e-25 [ 1.5579e-45 4.1592e-25 ] 1.0000e+00
 1.351e+02 3.8816e-25 3.8816e-25 [ 1.3459e-45 3.8816e-25 ] 1.0000e+00
 1.352e+02 3.6223e-25 3.6223e-25 [ 1.1626e-45 3.6223e-25 ] 1.0000e+00
 1.353e+02 3.3802e-25 3.3802e-25 [ 1.0041e-45 3.3802e-25 ] 1.0000e+00
 1.354e+02 3.1541e-25 3.1541e-25 [ 8.6696e-46 3.1541e-25 ] 1.0000e+00
 1.355e+02 2.9431e-25 2.9431e-25 [ 7.4845e-46 2.9431e-25 ] 1.0000e+00
 1.357e+02 2.7460e-25 2.7460e-25 [ 6.4602e-46 2.7460e-25 ] 1.0000e+00
 1.358e+02 2.5620e-25 2.5620e-25 [ 5.5749e-46 2.5620e-25 ] 1.0000e+00
 1.359e+02 2.3902e-25 2.3902e-25 [ 4.8101e-46 2.3902e-25 ] 1.0000e+00
 1.360e+02 2.2299e-25 2.2299e-25 [ 4.1494e-46 2.2299e-25 ] 1.0000e+00
 1.361e+02 2.0802e-25 2.0802e-25 [ 3.5787e-46 2.0802e-25 ] 1.0000e+00
 1.362e+02 1.9404e-25 1.9404e-25 [ 3.0859e-46 1.9404e-25 ] 1.0000e+00
 1.363e+02 1.8100e-25 1.8100e-25 [ 2.6605e-46 1.8100e-25 ] 1.0000e+00
 1.365e+02 1.6882e-25 1.6882e-25 [ 2.2932e-46 1.6882e-25 ] 1.0000e+00
 1.366e+02 1.5746e-25 1.5746e-25 [ 1.9763e-46 1.5746e-25 ] 1.0000e+00
 1.367e+02 1.4686e-25 1.4686e-25 [ 1.7028e-46 1.4686e-25 ] 1.0000e+00
 1.368e+02 1.3696e-25 1.3696e-25 [ 1.4668e-46 1.3696e-25 ] 1.0000e+00
 1.369e+02 1.2772e-25 1.2772e-25 [ 1.2633e-46 1.2772e-25 ] 1.0000e+00
 1.370e+02 1.1911e-25 1.1911e-25 [ 1.0878e-46 1.1911e-25 ] 1.0000e+00
 1.371e+02 1.1106e-25 1.1106e-25 [ 9.3652e-47 1.1106e-25 ] 1.0000e+00
 1.372e+02 1.0356e-25 1.0356e-25 [ 8.0608e-47 1.0356e-25 ] 1.0000e+00
 1.374e+02 9.6557e-26 9.6557e-26 [ 6.9367e-47 9.6557e-26 ] 1.0000e+00
 1.375e+02 9.0025e-26 9.0025e-26 [ 5.9680e-47 9.0025e-26 ] 1.0000e+00
 1.376e+02 8.3930e-26 8.3930e-26 [ 5.1335e-47 8.3930e-26 ] 1.0000e+00
 1.377e+02 7.8245e-26 7.8245e-26 [ 4.4148e-47 7.8245e-26 ] 1.0000e+00
 1.378e+02 7.2941e-26 7.2941e-26 [ 3.7958e-47 7.2941e-26 ] 1.0000e+00
 1.379e+02 6.7993e-26 6.7993e-26 [ 3.2629e-47 6.7993e-26 ] 1.0000e+00
 1.380e+02 6.3378e-26 6.3378e-26 [ 2.8042e-47 6.3378e-26 ] 1.0000e+00
 1.382e+02 5.9073e-26 5.9073e-26 [ 2.4095e-47 5.9073e-26 ] 1.0000e+00
 1.383e+02 5.5058e-26 5.5058e-26 [ 2.0698e-47 5.5058e-26 ] 1.0000e+00
 1.384e+02 5.1314e-26 5.1314e-26 [ 1.7776e-47 5.1314e-26 ] 1.0000e+00
 1.385e+02 4.7821e-26 4.7821e-26 [ 1.5264e-47 4.7821e-26 ] 1.0000e+00
 1.386e+02 4.4565e-26 4.4565e-26 [ 1.3103e-47 4.4565e-26 ] 1.0000e+00
 1.387e+02 4.1528e-26 4.1528e-26 [ 1.1245e-47 4.1528e-26 ] 1.0000e+00
 1.388e+02 3.8696e-26 3.8696e-26 [ 9.6490e-48 3.8696e-26 ] 1.0000e+00
 1.389e+02 3.6055e-26 3.6055e-26 [ 8.2773e-48 3.6055e-26 ] 1.0000e+00
 1.391e+02 3.3593e-26 3.3593e-26 [ 7.0988e-48 3.3593e-26 ] 1.0000e+00
 1.392e+02 3.1297e-26 3.1297e-26 [ 6.0866e-48 3.1297e-26 ] 1.0000e+00
 1.393e+02 2.9157e-26 2.9157e-26 [ 5.2175e-48 2.9157e-26 ] 1.0000e+00
 1.394e+02 2.7162e-26 2.7162e-26 [ 4.4714e-48 2.7162e-26 ] 1.0000e+00
 1.395e+02 2.5302e-26 2.5302e-26 [ 3.8310e-48 2.5302e-26 ] 1.0000e+00
 1.396e+02 2.3568e-26 2.3568e-26 [ 3.2815e-48 2.3568e-26 ] 1.0000e+00
 1.397e+02 2.1952e-26 2.1952e-26 [ 2.8100e-48 2.1952e-26 ] 1.0000e+00
 1.399e+02 2.0445e-26 2.0445e-26 [ 2.4057e-48 2.0445e-26 ] 1.0000e+00
 1.400e+02 1.9041e-26 1.9041e-26 [ 2.0590e-48 1.9041e-26 ] 1.0000e+00
 1.401e+02 1.7732e-26 1.7732e-26 [ 1.7619e-48 1.7732e-26 ] 1.0000e+00
 1.402e+02 1.6513e-26 1.6513e-26 [ 1.5072e-48 1.6513e-26 ] 1.0000e+00
 1.403e+02 1.5376e-26 1.5376e-26 [ 1.2889e-48 1.5376e-26 ] 1.0000e+00
 1.404e+02 1.4317e-26 1.4317e-26 [ 1.1020e-48 1.4317e-26 ] 1.0000e+00
 1.405e+02 1.3330e-26 1.3330e-26 [ 9.4190e-49 1.3330e-26 ] 1.0000e+00
 1.406e+02 1.2410e-26 1.2410e-26 [ 8.0484e-49 1.2410e-26 ] 1.0000e+00
 1.408e+02 1.1553e-26 1.1553e-26 [ 6.8753e-49 1.1553e-26 ] 1.0000e+00
 1.409e+02 1.0755e-26 1.0755e-26 [ 5.8714e-49 1.0755e-26 ] 1.0000e+00
 1.410e+02 1.0011e-26 1.0011e-26 [ 5.0127e-49 1.0011e-26 ] 1.0000e+00
 1.411e+02 9.3183e-27 9.3183e-27 [ 4.2783e-49 9.3183e-27 ] 1.0000e+00
 1.412e+02 8.6727e-27 8.6727e-27 [ 3.6504e-49 8.6727e-27 ] 1.0000e+00
 1.413e+02 8.0714e-27 8.0714e-27 [ 3.1136e-49 8.0714e-27 ] 1.0000e+00
 1.414e+02 7.5112e-27 7.5112e-27 [ 2.6550e-49 7.5112e-27 ] 1.0000e+00
 1.416e+02 6.9895e-27 6.9895e-27 [ 2.2632e-49 6.9895e-27 ] 1.0000e+00
 1.417e+02 6.5035e-27 6.5035e-27 [ 1.9286e-49 6.5035e-27 ] 1.0000e+00
 1.418e+02 6.0509e-27 6.0509e-27 [ 1.6429e-49 6.0509e-27 ] 1.0000e+00
 1.419e+02 5.6294e-27 5.6294e-27 [ 1.3991e-49 5.6294e-27 ] 1.0000e+00
 1.420e+02 5.2369e-27 5.2369e-27 [ 1.1911e-49 5.2369e-27 ] 1.0000e+00
 1.421e+02 4.8713e-27 4.8713e-27 [ 1.0136e-49 4.8713e-27 ] 1.0000e+00
 1.422e+02 4.5309e-27 4.5309e-27 [ 8.6230e-50 4.5309e-27 ] 1.0000e+00
 1.423e+02 4.2140e-27 4.2140e-27 [ 7.3331e-50 4.2140e-27 ] 1.0000e+00
 1.425e+02 3.9188e-27 3.9188e-27 [ 6.2339e-50 3.9188e-27 ] 1.0000e+00
 1.426e+02 3.6441e-27 3.6441e-27 [ 5.2975e-50 3.6441e-27 ] 1.0000e+00
 1.427e+02 3.3882e-27 3.3882e-27 [ 4.5001e-50 3.3882e-27 ] 1.0000e+00
 1.428e+02 3.1501e-27 3.1501e-27 [ 3.8212e-50 3.1501e-27 ] 1.0000e+00
 1.429e+02 2.9284e-27 2.9284e-27 [ 3.2434e-50 2.9284e-27 ] 1.0000e+00
 1.430e+02 2.7220e-27 2.7220e-27 [ 2.7520e-50 2.7220e-27 ] 1.0000e+00
 1.431e+02 2.5299e-27 2.5299e-27 [ 2.3340e-50 2.5299e-27 ] 1.0000e+00
 1.433e+02 2.3511e-27 2.3511e-27 [ 1.9787e-50 2.3511e-27 ] 1.0000e+00
 1.434e+02 2.1846e-27 2.1846e-27 [ 1.6767e-50 2.1846e-27 ] 1.0000e+00
 1.435e+02 2.0297e-27 2.0297e-27 [ 1.4202e-50 2.0297e-27 ] 1.0000e+00
 1.436e+02 1.8855e-27 1.8855e-27 [ 1.2024e-50 1.8855e-27 ] 1.0000e+00
 1.437e+02 1.7514e-27 1.7514e-27 [ 1.0176e-50 1.7514e-27 ] 1.0000e+00
 1.438e+02 1.6265e-27 1.6265e-27 [ 8.6072e-51 1.6265e-27 ] 1.0000e+00
 1.439e+02 1.5103e-27 1.5103e-27 [ 7.2769e-51 1.5103e-27 ] 1.0000e+00
 1.440e+02 1.4022e-27 1.4022e-27 [ 6.1492e-51 1.4022e-27 ] 1.0000e+00
 1.442e+02 1.3016e-27 1.3016e-27 [ 5.1935e-51 1.3016e-27 ] 1.0000e+00
 1.443e+02 1.2080e-27 1.2080e-27 [ 4.3841e-51 1.2080e-27 ] 1.0000e+00
 1.444e+02 1.1209e-27 1.1209e-27 [ 3.6988e-51 1.1209e-27 ] 1.0000e+00
 1.445e+02 1.0399e-27 1.0399e-27 [ 3.1189e-51 1.0399e-27 ] 1.0000e+00
 1.446e+02 9.6447e-28 9.6447e-28 [ 2.6284e-51 9.6447e-28 ] 1.0000e+00
 1.447e+02 8.9434e-28 8.9434e-28 [ 2.2137e-51 8.9434e-28 ] 1.0000e+00
 1.448e+02 8.2909e-28 8.2909e-28 [ 1.8633e-51 8.2909e-28 ] 1.0000e+00
 1.450e+02 7.6840e-28 7.6840e-28 [ 1.5674e-51 7.6840e-28 ] 1.0000e+00
 1.451e+02 7.1193e-28 7.1193e-28 [ 1.3176e-51 7.1193e-28 ] 1.0000e+00
 1.452e+02 6.5941e-28 6.5941e-28 [ 1.1068e-51 6.5941e-28 ] 1.0000e+00
 1.453e+02 6.1055e-28 6.1055e-28 [ 9.2910e-52 6.1055e-28 ] 1.0000e+00
 1.454e+02 5.6510e-28 5.6510e-28 [ 7.7935e-52 5.6510e-28 ] 1.0000e+00
 1.455e+02 5.2282e-28 5.2282e-28 [ 6.5324e-52 5.2282e-28 ] 1.0000e+00
 1.456e+02 4.8349e-28 4.8349e-28 [ 5.4709e-52 4.8349e-28 ] 1.0000e+00
 1.457e+02 4.4691e-28 4.4691e-28 [ 4.5781e-52 4.4691e-28 ] 1.0000e+00
 1.459e+02 4.1288e-28 4.1288e-28 [ 3.8276e-52 4.1288e-28 ] 1.0000e+00
 1.460e+02 3.8123e-28 3.8123e-28 [ 3.1973e-52 3.8123e-28 ] 1.0000e+00
 1.461e+02 3.5178e-28 3.5178e-28 [ 2.6681e-52 3.5178e-28 ] 1.0000e+00
 1.462e+02 3.2438e-28 3.2438e-28 [ 2.2243e-52 3.2438e-28 ] 1.0000e+00
 1.463e+02 2.9889e-28 2.9889e-28 [ 1.8523e-52 2.9889e-28 ] 1.0000e+00
 1.464e+02 2.7518e-28 2.7518e-28 [ 1.5408e-52 2.7518e-28 ] 1.0000e+00
 1.465e+02 2.5311e-28 2.5311e-28 [ 1.2802e-52 2.5311e-28 ] 1.0000e+00
 1.467e+02 2.3258e-28 2.3258e-28 [ 1.0623e-52 2.3258e-28 ] 1.0000e+00
 1.468e+02 2.1347e-28 2.1347e-28 [ 8.8030e-53 2.1347e-28 ] 1.0000e+00
 1.469e+02 1.9569e-28 1.9569e-28 [ 7.2844e-53 1.9569e-28 ] 1.0000e+00
 1.470e+02 1.7913e-28 1.7913e-28 [ 6.0185e-53 1.7913e-28 ] 1.0000e+00
 1.471e+02 1.6372e-28 1.6372e-28 [ 4.9644e-53 1.6372e-28 ] 1.0000e+00
 1.472e+02 1.4937e-28 1.4937e-28 [ 4.0876e-53 1.4937e-28 ] 1.0000e+00
 1.473e+02 1.3601e-28 1.3601e-28 [ 3.3591e-53 1.3601e-28 ] 1.0000e+00
 1.474e+02 1.2356e-28 1.2356e-28 [ 2.7547e-53 1.2356e-28 ] 1.0000e+00
 1.476e+02 1.1197e-28 1.1197e-28 [ 2.2538e-53 1.1197e-28 ] 1.0000e+00
 1.477e+02 1.0118e-28 1.0118e-28 [ 1.8392e-53 1.0118e-28 ] 1.0000e+00
 1.478e+02 9.1126e-29 9.1126e-29 [ 1.4967e-53 9.1126e-29 ] 1.0000e+00
 1.479e+02 8.1762e-29 8.1762e-29 [ 1.2141e-53 8.1762e-29 ] 1.0000e+00
 1.480e+02 7.3043e-29 7.3043e-29 [ 9.8134e-54 7.3043e-29 ] 1.0000e+00
 1.481e+02 6.4927e-29 6.4927e-29 [ 7.8995e-54 6.4927e-29 ] 1.0000e+00
 1.482e+02 5.7377e-29 5.7377e-29 [ 6.3290e-54 5.7377e-29 ] 1.0000e+00
 1.484e+02 5.0359e-29 5.0359e-29 [ 5.0428e-54 5.0359e-29 ] 1.0000e+00
 1.485e+02 4.3844e-29 4.3844e-29 [ 3.9919e-54 4.3844e-29 ] 1.0000e+00
 1.486e+02 3.7806e-29 3.7806e-29 [ 3.1354e-54 3.7806e-29 ] 1.0000e+00
 1.487e+02 3.2226e-29 3.2226e-29 [ 2.4393e-54 3.2226e-29 ] 1.0000e+00
 1.488e+02 2.7086e-29 2.7086e-29 [ 1.8755e-54 2.7086e-29 ] 1.0000e+00
 1.489e+02 2.2373e-29 2.2373e-29 [ 1.4206e-54 2.2373e-29 ] 1.0000e+00
 1.490e+02 1.8082e-29 1.8082e-29 [ 1.0556e-54 1.8082e-29 ] 1.0000e+00
 1.491e+02 1.4208e-29 1.4208e-29 [ 7.6460e-55 1.4208e-29 ] 1.0000e+00
 1.493e+02 1.0757e-29 1.0757e-29 [ 5.3487e-55 1.0757e-29 ] 1.0000e+00
 1.494e+02 7.7385e-30 7.7385e-30 [ 3.5607e-55 7.7385e-30 ] 1.0000e+00
 1.495e+02 5.1681e-30 5.1681e-30 [ 2.2003e-55 5.1681e-30 ] 1.0000e+00
 1.496e+02 3.0710e-30 3.0710e-30 [ 1.2039e-55 3.0710e-30 ] 1.0000e+00
 1.497e+02 1.4801e-30 1.4801e-30 [ 5.2450e-56 1.4801e-30 ] 1.0000e+00
 1.498e+02 4.3837e-31 4.3837e-31 [ 1.2956e-56 4.3837e-31 ] 1.0000e+00
 1.499e+02 0.0000e+00 0.0000e+00 [ 0.0000e+00 0.0000e+00 ] 1.0000e+00
