 0.000e+00 0.0000e+00 0.0000e+00 [ 0.0000e+00 ] 1.0000e+00
 1.133e-01 1.7070e-03 1.7070e-03 [ 1.7070e-03 ] 9.9829e-01
 2.267e-01 3.6943e-03 3.6943e-03 [ 3.6943e-03 ] 9.9631e-01
 3.400e-01 5.4007e-03 5.4007e-03 [ 5.4007e-03 ] 9.9460e-01
 4.533e-01 7.0399e-03 7.0399e-03 [ 7.0399e-03 ] 9.9296e-01
 5.667e-01 8.6306e-03 8.6306e-03 [ 8.6306e-03 ] 9.9137e-01
 6.800e-01 1.0191e-02 1.0191e-02 [ 1.0191e-02 ] 9.8981e-01
 7.933e-01 1.1738e-02 1.1738e-02 [ 1.1738e-02 ] 9.8826e-01
 9.067e-01 1.3289e-02 1.3289e-02 [ 1.3289e-02 ] 9.8671e-01
 1.020e+00 1.4861e-02 1.4861e-02 [ 1.4861e-02 ] 9.8514e-01
 1.133e+00 1.6471e-02 1.6471e-02 [ 1.6471e-02 ] 9.8353e-01
 1.247e+00 1.8137e-02 1.8137e-02 [ 1.8137e-02 ] 9.8186e-01
 1.360e+00 1.9878e-02 1.9878e-02 [ 1.9878e-02 ] 9.8012e-01
 1.473e+00 2.1712e-02 2.1712e-02 [ 2.1712e-02 ] 9.7829e-01
 1.587e+00 2.3659e-02 2.3659e-02 [ 2.3659e-02 ] 9.7634e-01
 1.700e+00 2.5742e-02 2.5742e-02 [ 2.5742e-02 ] 9.7426e-01
 1.813e+00 2.7981e-02 2.7981e-02 [ 2.7981e-02 ] 9.7202e-01
 1.927e+00 3.0403e-02 3.0403e-02 [ 3.0403e-02 ] 9.6960e-01
 2.040e+00 3.3032e-02 3.3032e-02 [ 3.3032e-02 ] 9.6697e-01
 2.153e+00 3.5897e-02 3.5897e-02 [ 3.5897e-02 ] 9.6410e-01
 2.267e+00 3.9029e-02 3.9029e-02 [ 3.9029e-02 ] 9.6097e-01
 2.380e+00 4.2460e-02 4.2460e-02 [ 4.2460e-02 ] 9.5754e-01
 2.493e+00 4.6226e-02 4.6226e-02 [ 4.6226e-02 ] 9.5377e-01
 2.607e+00 5.0366e-02 5.0366e-02 [ 5.0366e-02 ] 9.4963e-01
 2.720e+00 5.4919e-02 5.4919e-02 [ 5.4919e-02 ] 9.4508e-01
 2.833e+00 5.9930e-02 5.9930e-02 [ 5.9930e-02 ] 9.4007e-01
 2.947e+00 6.5446e-02 6.5446e-02 [ 6.5446e-02 ] 9.3455e-01
 3.060e+00 7.1515e-02 7.1515e-02 [ 7.1515e-02 ] 9.2848e-01
 3.173e+00 7.8191e-02 7.8191e-02 [ 7.8191e-02 ] 9.2181e-01
 3.287e+00 8.5527e-02 8.5527e-02 [ 8.5527e-02 ] 9.1447e-01
 3.400e+00 9.3577e-02 9.3577e-02 [ 9.3577e-02 ] 9.0642e-01
 3.513e+00 1.0240e-01 1.0240e-01 [ 1.0240e-01 ] 8.9760e-01
 3.627e+00 1.1204e-01 1.1204e-01 [ 1.1204e-01 ] 8.8796e-01
 3.740e+00 1.2257e-01 1.2257e-01 [ 1.2257e-01 ] 8.7743e-01
 3.853e+00 1.3401e-01 1.3401e-01 [ 1.3401e-01 ] 8.6599e-01
 3.967e+00 1.4643e-01 1.4643e-01 [ 1.4643e-01 ] 8.5357e-01
 4.080e+00 1.5984e-01 1.5984e-01 [ 1.5984e-01 ] 8.4016e-01
 4.193e+00 1.7427e-01 1.7427e-01 [ 1.7427e-01 ] 8.2573e-01
 4.307e+00 1.8971e-01 1.8971e-01 [ 1.8971e-01 ] 8.1029e-01
 4.420e+00 2.0616e-01 2.0616e-01 [ 2.0616e-01 ] 7.9384e-01
 4.533e+00 2.2357e-01 2.2357e-01 [ 2.2357e-01 ] 7.7642e-01
 4.647e+00 2.4188e-01 2.4188e-01 [ 2.4188e-01 ] 7.5812e-01
 4.760e+00 2.6097e-01 2.6097e-01 [ 2.6097e-01 ] 7.3903e-01
 4.873e+00 2.8072e-01 2.8072e-01 [ 2.8072e-01 ] 7.1928e-01
 4.987e+00 3.0095e-01 3.0095e-01 [ 3.0095e-01 ] 6.9905e-01
 5.100e+00 3.2145e-01 3.2145e-01 [ 3.2145e-01 ] 6.7855e-01
 5.213e+00 3.4199e-01 3.4199e-01 [ 3.4199e-01 ] 6.5801e-01
 5.327e+00 3.6228e-01 3.6228e-01 [ 3.6228e-01 ] 6.3772e-01
 5.440e+00 3.8203e-01 3.8203e-01 [ 3.8203e-01 ] 6.1797e-01
 5.553e+00 4.0091e-01 4.0091e-01 [ 4.0091e-01 ] 5.9909e-01
 5.667e+00 4.1860e-01 4.1860e-01 [ 4.1860e-01 ] 5.8140e-01
 5.780e+00 4.3476e-01 4.3476e-01 [ 4.3476e-01 ] 5.6524e-01
 5.893e+00 4.4909e-01 4.4909e-01 [ 4.4909e-01 ] 5.5091e-01
 6.007e+00 4.6129e-01 4.6129e-01 [ 4.6129e-01 ] 5.3871e-01
 6.120e+00 4.7110e-01 4.7110e-01 [ 4.7110e-01 ] 5.2890e-01
 6.233e+00 4.7833e-01 4.7833e-01 [ 4.7833e-01 ] 5.2167e-01
 6.347e+00 4.8279e-01 4.8279e-01 [ 4.8279e-01 ] 5.1721e-01
 6.460e+00 4.8441e-01 4.8441e-01 [ 4.8441e-01 ] 5.1559e-01
 6.573e+00 4.8314e-01 4.8314e-01 [ 4.8314e-01 ] 5.1686e-01
 6.687e+00 4.7900e-01 4.7900e-01 [ 4.7900e-01 ] 5.2100e-01
 6.800e+00 4.7209e-01 4.7209e-01 [ 4.7209e-01 ] 5.2791e-01
 6.913e+00 4.6255e-01 4.6255e-01 [ 4.6255e-01 ] 5.3745e-01
 7.027e+00 4.5059e-01 4.5059e-01 [ 4.5059e-01 ] 5.4941e-01
 7.140e+00 4.3644e-01 4.3644e-01 [ 4.3644e-01 ] 5.6356e-01
 7.253e+00 4.2040e-01 4.2040e-01 [ 4.2040e-01 ] 5.7960e-01
 7.367e+00 4.0278e-01 4.0278e-01 [ 4.0278e-01 ] 5.9722e-01
 7.480e+00 3.8390e-01 3.8390e-01 [ 3.8390e-01 ] 6.1610e-01
 7.593e+00 3.6410e-01 3.6410e-01 [ 3.6410e-01 ] 6.3590e-01
 7.707e+00 3.4370e-01 3.4370e-01 [ 3.4370e-01 ] 6.5630e-01
 7.820e+00 3.2300e-01 3.2300e-01 [ 3.2300e-01 ] 6.7700e-01
 7.933e+00 3.0230e-01 3.0230e-01 [ 3.0230e-01 ] 6.9770e-01
 8.047e+00 2.8183e-01 2.8183e-01 [ 2.8183e-01 ] 7.1817e-01
 8.160e+00 2.6181e-01 2.6181e-01 [ 2.6181e-01 ] 7.3819e-01
 8.273e+00 2.4243e-01 2.4243e-01 [ 2.4243e-01 ] 7.5757e-01
 8.387e+00 2.2382e-01 2.2382e-01 [ 2.2382e-01 ] 7.7618e-01
 8.500e+00 2.0609e-01 2.0609e-01 [ 2.0609e-01 ] 7.9391e-01
 8.613e+00 1.8931e-01 1.8931e-01 [ 1.8931e-01 ] 8.1069e-01
 8.727e+00 1.7354e-01 1.7354e-01 [ 1.7354e-01 ] 8.2646e-01
 8.840e+00 1.5880e-01 1.5880e-01 [ 1.5880e-01 ] 8.4120e-01
 8.953e+00 1.4508e-01 1.4508e-01 [ 1.4508e-01 ] 8.5492e-01
 9.067e+00 1.3237e-01 1.3237e-01 [ 1.3237e-01 ] 8.6764e-01
 9.180e+00 1.2063e-01 1.2063e-01 [ 1.2063e-01 ] 8.7937e-01
 9.293e+00 1.0984e-01 1.0984e-01 [ 1.0984e-01 ] 8.9016e-01
 9.407e+00 9.9939e-02 9.9939e-02 [ 9.9939e-02 ] 9.0006e-01
 9.520e+00 9.0881e-02 9.0881e-02 [ 9.0881e-02 ] 9.0912e-01
 9.633e+00 8.2612e-02 8.2612e-02 [ 8.2612e-02 ] 9.1739e-01
 9.747e+00 7.5076e-02 7.5076e-02 [ 7.5076e-02 ] 9.2492e-01
 9.860e+00 6.8221e-02 6.8221e-02 [ 6.8221e-02 ] 9.3178e-01
 9.973e+00 6.1991e-02 6.1991e-02 [ 6.1991e-02 ] 9.3801e-01
 1.009e+01 5.6337e-02 5.6337e-02 [ 5.6337e-02 ] 9.4366e-01
 1.020e+01 5.1210e-02 5.1210e-02 [ 5.1210e-02 ] 9.4879e-01
 1.031e+01 4.6563e-02 4.6563e-02 [ 4.6563e-02 ] 9.5344e-01
 1.043e+01 4.2354e-02 4.2354e-02 [ 4.2354e-02 ] 9.5765e-01
 1.054e+01 3.8543e-02 3.8543e-02 [ 3.8543e-02 ] 9.6146e-01
 1.065e+01 3.5093e-02 3.5093e-02 [ 3.5093e-02 ] 9.6491e-01
 1.077e+01 3.1971e-02 3.1971e-02 [ 3.1971e-02 ] 9.6803e-01
 1.088e+01 2.9144e-02 2.9144e-02 [ 2.9144e-02 ] 9.7086e-01
 1.099e+01 2.6586e-02 2.6586e-02 [ 2.6586e-02 ] 9.7341e-01
 1.111e+01 2.4269e-02 2.4269e-02 [ 2.4269e-02 ] 9.7573e-01
 1.122e+01 2.2171e-02 2.2171e-02 [ 2.2171e-02 ] 9.7783e-01
 1.133e+01 2.0271e-02 2.0271e-02 [ 2.0271e-02 ] 9.7973e-01
 1.145e+01 1.8548e-02 1.8548e-02 [ 1.8548e-02 ] 9.8145e-01
 1.156e+01 1.6987e-02 1.6987e-02 [ 1.6987e-02 ] 9.8301e-01
 1.167e+01 1.5570e-02 1.5570e-02 [ 1.5570e-02 ] 9.8443e-01
 1.179e+01 1.4284e-02 1.4284e-02 [ 1.4284e-02 ] 9.8572e-01
 1.190e+01 1.3117e-02 1.3117e-02 [ 1.3117e-02 ] 9.8688e-01
 1.201e+01 1.2056e-02 1.2056e-02 [ 1.2056e-02 ] 9.8794e-01
 1.213e+01 1.1091e-02 1.1091e-02 [ 1.1091e-02 ] 9.8891e-01
 1.224e+01 1.0213e-02 1.0213e-02 [ 1.0213e-02 ] 9.8979e-01
 1.235e+01 9.4140e-03 9.4140e-03 [ 9.4140e-03 ] 9.9059e-01
 1.247e+01 8.6857e-03 8.6857e-03 [ 8.6857e-03 ] 9.9131e-01
 1.258e+01 8.0216e-03 8.0216e-03 [ 8.0216e-03 ] 9.9198e-01
 1.269e+01 7.4156e-03 7.4156e-03 [ 7.4156e-03 ] 9.9258e-01
 1.281e+01 6.8622e-03 6.8622e-03 [ 6.8622e-03 ] 9.9314e-01
 1.292e+01 6.3564e-03 6.3564e-03 [ 6.3564e-03 ] 9.9364e-01
 1.303e+01 5.8937e-03 5.8937e-03 [ 5.8937e-03 ] 9.9411e-01
 1.315e+01 5.4701e-03 5.4701e-03 [ 5.4701e-03 ] 9.9453e-01
 1.326e+01 5.0821e-03 5.0821e-03 [ 5.0821e-03 ] 9.9492e-01
 1.337e+01 4.7262e-03 4.7262e-03 [ 4.7262e-03 ] 9.9527e-01
 1.349e+01 4.3996e-03 4.3996e-03 [ 4.3996e-03 ] 9.9560e-01
 1.360e+01 4.0996e-03 4.0996e-03 [ 4.0996e-03 ] 9.9590e-01
 1.371e+01 3.8239e-03 3.8239e-03 [ 3.8239e-03 ] 9.9618e-01
 1.383e+01 3.5701e-03 3.5701e-03 [ 3.5701e-03 ] 9.9643e-01
 1.394e+01 3.3364e-03 3.3364e-03 [ 3.3364e-03 ] 9.9666e-01
 1.405e+01 3.1210e-03 3.1210e-03 [ 3.1210e-03 ] 9.9688e-01
 1.417e+01 2.9223e-03 2.9223e-03 [ 2.9223e-03 ] 9.9708e-01
 1.428e+01 2.7388e-03 2.7388e-03 [ 2.7388e-03 ] 9.9726e-01
 1.439e+01 2.5692e-03 2.5692e-03 [ 2.5692e-03 ] 9.9743e-01
 1.451e+01 2.4123e-03 2.4123e-03 [ 2.4123e-03 ] 9.9759e-01
 1.462e+01 2.2670e-03 2.2670e-03 [ 2.2670e-03 ] 9.9773e-01
 1.473e+01 2.1324e-03 2.1324e-03 [ 2.1324e-03 ] 9.9787e-01
 1.485e+01 2.0075e-03 2.0075e-03 [ 2.0075e-03 ] 9.9799e-01
 1.496e+01 1.8916e-03 1.8916e-03 [ 1.8916e-03 ] 9.9811e-01
 1.507e+01 1.7839e-03 1.7839e-03 [ 1.7839e-03 ] 9.9822e-01
 1.519e+01 1.6837e-03 1.6837e-03 [ 1.6837e-03 ] 9.9832e-01
 1.530e+01 1.5904e-03 1.5904e-03 [ 1.5904e-03 ] 9.9841e-01
 1.541e+01 1.5035e-03 1.5035e-03 [ 1.5035e-03 ] 9.9850e-01
 1.553e+01 1.4224e-03 1.4224e-03 [ 1.4224e-03 ] 9.9858e-01
 1.564e+01 1.3468e-03 1.3468e-03 [ 1.3468e-03 ] 9.9865e-01
 1.575e+01 1.2761e-03 1.2761e-03 [ 1.2761e-03 ] 9.9872e-01
 1.587e+01 1.2100e-03 1.2100e-03 [ 1.2100e-03 ] 9.9879e-01
 1.598e+01 1.1481e-03 1.1481e-03 [ 1.1481e-03 ] 9.9885e-01
 1.609e+01 1.0902e-03 1.0902e-03 [ 1.0902e-03 ] 9.9891e-01
 1.621e+01 1.0358e-03 1.0358e-03 [ 1.0358e-03 ] 9.9896e-01
 1.632e+01 9.8486e-04 9.8486e-04 [ 9.8486e-04 ] 9.9902e-01
 1.643e+01 9.3698e-04 9.3698e-04 [ 9.3698e-04 ] 9.9906e-01
 1.655e+01 8.9197e-04 8.9197e-04 [ 8.9197e-04 ] 9.9911e-01
 1.666e+01 8.4963e-04 8.4963e-04 [ 8.4963e-04 ] 9.9915e-01
 1.677e+01 8.0977e-04 8.0977e-04 [ 8.0977e-04 ] 9.9919e-01
 1.689e+01 7.7221e-04 7.7221e-04 [ 7.7221e-04 ] 9.9923e-01
 1.700e+01 7.3679e-04 7.3679e-04 [ 7.3679e-04 ] 9.9926e-01
 1.711e+01 7.0336e-04 7.0336e-04 [ 7.0336e-04 ] 9.9930e-01
 1.723e+01 6.7178e-04 6.7178e-04 [ 6.7178e-04 ] 9.9933e-01
 1.734e+01 6.4193e-04 6.4193e-04 [ 6.4193e-04 ] 9.9936e-01
 1.745e+01 6.1370e-04 6.1370e-04 [ 6.1370e-04 ] 9.9939e-01
 1.757e+01 5.8697e-04 5.8697e-04 [ 5.8697e-04 ] 9.9941e-01
 1.768e+01 5.6166e-04 5.6166e-04 [ 5.6166e-04 ] 9.9944e-01
 1.779e+01 5.3766e-04 5.3766e-04 [ 5.3766e-04 ] 9.9946e-01
 1.791e+01 5.1489e-04 5.1489e-04 [ 5.1489e-04 ] 9.9949e-01
 1.802e+01 4.9327e-04 4.9327e-04 [ 4.9327e-04 ] 9.9951e-01
 1.813e+01 4.7274e-04 4.7274e-04 [ 4.7274e-04 ] 9.9953e-01
 1.825e+01 4.5323e-04 4.5323e-04 [ 4.5323e-04 ] 9.9955e-01
 1.836e+01 4.3467e-04 4.3467e-04 [ 4.3467e-04 ] 9.9957e-01
 1.847e+01 4.1701e-04 4.1701e-04 [ 4.1701e-04 ] 9.9958e-01
 1.859e+01 4.0019e-04 4.0019e-04 [ 4.0019e-04 ] 9.9960e-01
 1.870e+01 3.8417e-04 3.8417e-04 [ 3.8417e-04 ] 9.9962e-01
 1.881e+01 3.6889e-04 3.6889e-04 [ 3.6889e-04 ] 9.9963e-01
 1.893e+01 3.5432e-04 3.5432e-04 [ 3.5432e-04 ] 9.9965e-01
 1.904e+01 3.4041e-04 3.4041e-04 [ 3.4041e-04 ] 9.9966e-01
 1.915e+01 3.2713e-04 3.2713e-04 [ 3.2713e-04 ] 9.9967e-01
 1.927e+01 3.1445e-04 3.1445e-04 [ 3.1445e-04 ] 9.9969e-01
 1.938e+01 3.0233e-04 3.0233e-04 [ 3.0233e-04 ] 9.9970e-01
 1.949e+01 2.9074e-04 2.9074e-04 [ 2.9074e-04 ] 9.9971e-01
 1.961e+01 2.7965e-04 2.7965e-04 [ 2.7965e-04 ] 9.9972e-01
 1.972e+01 2.6904e-04 2.6904e-04 [ 2.6904e-04 ] 9.9973e-01
 1.983e+01 2.5888e-04 2.5888e-04 [ 2.5888e-04 ] 9.9974e-01
 1.995e+01 2.4915e-04 2.4915e-04 [ 2.4915e-04 ] 9.9975e-01
 2.006e+01 2.3983e-04 2.3983e-04 [ 2.3983e-04 ] 9.9976e-01
 2.017e+01 2.3089e-04 2.3089e-04 [ 2.3089e-04 ] 9.9977e-01
 2.029e+01 2.2232e-04 2.2232e-04 [ 2.2232e-04 ] 9.9978e-01
 2.040e+01 2.1410e-04 2.1410e-04 [ 2.1410e-04 ] 9.9979e-01
 2.051e+01 2.0622e-04 2.0622e-04 [ 2.0622e-04 ] 9.9979e-01
 2.063e+01 1.9865e-04 1.9865e-04 [ 1.9865e-04 ] 9.9980e-01
 2.074e+01 1.9138e-04 1.9138e-04 [ 1.9138e-04 ] 9.9981e-01
 2.085e+01 1.8441e-04 1.8441e-04 [ 1.8441e-04 ] 9.9982e-01
 2.097e+01 1.7770e-04 1.7770e-04 [ 1.7770e-04 ] 9.9982e-01
 2.108e+01 1.7126e-04 1.7126e-04 [ 1.7126e-04 ] 9.9983e-01
 2.119e+01 1.6507e-04 1.6507e-04 [ 1.6507e-04 ] 9.9983e-01
 2.131e+01 1.5912e-04 1.5912e-04 [ 1.5912e-04 ] 9.9984e-01
 2.142e+01 1.5340e-04 1.5340e-04 [ 1.5340e-04 ] 9.9985e-01
 2.153e+01 1.4790e-04 1.4790e-04 [ 1.4790e-04 ] 9.9985e-01
 2.165e+01 1.4261e-04 1.4261e-04 [ 1.4261e-04 ] 9.9986e-01
 2.176e+01 1.3751e-04 1.3751e-04 [ 1.3751e-04 ] 9.9986e-01
 2.187e+01 1.3261e-04 1.3261e-04 [ 1.3261e-04 ] 9.9987e-01
 2.199e+01 1.2789e-04 1.2789e-04 [ 1.2789e-04 ] 9.9987e-01
 2.210e+01 1.2335e-04 1.2335e-04 [ 1.2335e-04 ] 9.9988e-01
 2.221e+01 1.1898e-04 1.1898e-04 [ 1.1898e-04 ] 9.9988e-01
 2.233e+01 1.1477e-04 1.1477e-04 [ 1.1477e-04 ] 9.9989e-01
 2.244e+01 1.1071e-04 1.1071e-04 [ 1.1071e-04 ] 9.9989e-01
 2.255e+01 1.0681e-04 1.0681e-04 [ 1.0681e-04 ] 9.9989e-01
 2.267e+01 1.0304e-04 1.0304e-04 [ 1.0304e-04 ] 9.9990e-01
 2.278e+01 9.9416e-05 9.9416e-05 [ 9.9416e-05 ] 9.9990e-01
 2.289e+01 9.5921e-05 9.5921e-05 [ 9.5921e-05 ] 9.9990e-01
 2.301e+01 9.2553e-05 9.2553e-05 [ 9.2553e-05 ] 9.9991e-01
 2.312e+01 8.9306e-05 8.9306e-05 [ 8.9306e-05 ] 9.9991e-01
 2.323e+01 8.6177e-05 8.6177e-05 [ 8.6177e-05 ] 9.9991e-01
 2.335e+01 8.3160e-05 8.3160e-05 [ 8.3160e-05 ] 9.9992e-01
 2.346e+01 8.0251e-05 8.0251e-05 [ 8.0251e-05 ] 9.9992e-01
 2.357e+01 7.7447e-05 7.7447e-05 [ 7.7447e-05 ] 9.9992e-01
 2.369e+01 7.4742e-05 7.4742e-05 [ 7.4742e-05 ] 9.9993e-01
 2.380e+01 7.2134e-05 7.2134e-05 [ 7.2134e-05 ] 9.9993e-01
 2.391e+01 6.9618e-05 6.9618e-05 [ 6.9618e-05 ] 9.9993e-01
 2.403e+01 6.7192e-05 6.7192e-05 [ 6.7192e-05 ] 9.9993e-01
 2.414e+01 6.4851e-05 6.4851e-05 [ 6.4851e-05 ] 9.9994e-01
 2.425e+01 6.2593e-05 6.2593e-05 [ 6.2593e-05 ] 9.9994e-01
 2.437e+01 6.0415e-05 6.0415e-05 [ 6.0415e-05 ] 9.9994e-01
 2.448e+01 5.8314e-05 5.8314e-05 [ 5.8314e-05 ] 9.9994e-01
 2.459e+01 5.6286e-05 5.6286e-05 [ 5.6286e-05 ] 9.9994e-01
 2.471e+01 5.4330e-05 5.4330e-05 [ 5.4330e-05 ] 9.9995e-01
 2.482e+01 5.2443e-05 5.2443e-05 [ 5.2443e-05 ] 9.9995e-01
 2.493e+01 5.0621e-05 5.0621e-05 [ 5.0621e-05 ] 9.9995e-01
 2.505e+01 4.8864e-05 4.8864e-05 [ 4.8864e-05 ] 9.9995e-01
 2.516e+01 4.7168e-05 4.7168e-05 [ 4.7168e-05 ] 9.9995e-01
 2.527e+01 4.5531e-05 4.5531e-05 [ 4.5531e-05 ] 9.9995e-01
 2.539e+01 4.3951e-05 4.3951e-05 [ 4.3951e-05 ] 9.9996e-01
 2.550e+01 4.2427e-05 4.2427e-05 [ 4.2427e-05 ] 9.9996e-01
 2.561e+01 4.0955e-05 4.0955e-05 [ 4.0955e-05 ] 9.9996e-01
 2.573e+01 3.9535e-05 3.9535e-05 [ 3.9535e-05 ] 9.9996e-01
 2.584e+01 3.8164e-05 3.8164e-05 [ 3.8164e-05 ] 9.9996e-01
 2.595e+01 3.6841e-05 3.6841e-05 [ 3.6841e-05 ] 9.9996e-01
 2.607e+01 3.5564e-05 3.5564e-05 [ 3.5564e-05 ] 9.9996e-01
 2.618e+01 3.4331e-05 3.4331e-05 [ 3.4331e-05 ] 9.9997e-01
 2.629e+01 3.3141e-05 3.3141e-05 [ 3.3141e-05 ] 9.9997e-01
 2.641e+01 3.1993e-05 3.1993e-05 [ 3.1993e-05 ] 9.9997e-01
 2.652e+01 3.0884e-05 3.0884e-05 [ 3.0884e-05 ] 9.9997e-01
 2.663e+01 2.9814e-05 2.9814e-05 [ 2.9814e-05 ] 9.9997e-01
 2.675e+01 2.8780e-05 2.8780e-05 [ 2.8780e-05 ] 9.9997e-01
 2.686e+01 2.7783e-05 2.7783e-05 [ 2.7783e-05 ] 9.9997e-01
 2.697e+01 2.6820e-05 2.6820e-05 [ 2.6820e-05 ] 9.9997e-01
 2.709e+01 2.5891e-05 2.5891e-05 [ 2.5891e-05 ] 9.9997e-01
 2.720e+01 2.4993e-05 2.4993e-05 [ 2.4993e-05 ] 9.9998e-01
 2.731e+01 2.4127e-05 2.4127e-05 [ 2.4127e-05 ] 9.9998e-01
 2.743e+01 2.3291e-05 2.3291e-05 [ 2.3291e-05 ] 9.9998e-01
 2.754e+01 2.2484e-05 2.2484e-05 [ 2.2484e-05 ] 9.9998e-01
 2.765e+01 2.1704e-05 2.1704e-05 [ 2.1704e-05 ] 9.9998e-01
 2.777e+01 2.0952e-05 2.0952e-05 [ 2.0952e-05 ] 9.9998e-01
 2.788e+01 2.0226e-05 2.0226e-05 [ 2.0226e-05 ] 9.9998e-01
 2.799e+01 1.9524e-05 1.9524e-05 [ 1.9524e-05 ] 9.9998e-01
 2.811e+01 1.8847e-05 1.8847e-05 [ 1.8847e-05 ] 9.9998e-01
 2.822e+01 1.8194e-05 1.8194e-05 [ 1.8194e-05 ] 9.9998e-01
 2.833e+01 1.7563e-05 1.7563e-05 [ 1.7563e-05 ] 9.9998e-01
 2.845e+01 1.6954e-05 1.6954e-05 [ 1.6954e-05 ] 9.9998e-01
 2.856e+01 1.6366e-05 1.6366e-05 [ 1.6366e-05 ] 9.9998e-01
 2.867e+01 1.5798e-05 1.5798e-05 [ 1.5798e-05 ] 9.9998e-01
 2.879e+01 1.5250e-05 1.5250e-05 [ 1.5250e-05 ] 9.9998e-01
 2.890e+01 1.4721e-05 1.4721e-05 [ 1.4721e-05 ] 9.9999e-01
 2.901e+01 1.4210e-05 1.4210e-05 [ 1.4210e-05 ] 9.9999e-01
 2.913e+01 1.3717e-05 1.3717e-05 [ 1.3717e-05 ] 9.9999e-01
 2.924e+01 1.3241e-05 1.3241e-05 [ 1.3241e-05 ] 9.9999e-01
 2.935e+01 1.2781e-05 1.2781e-05 [ 1.2781e-05 ] 9.9999e-01
 2.947e+01 1.2337e-05 1.2337e-05 [ 1.2337e-05 ] 9.9999e-01
 2.958e+01 1.1909e-05 1.1909e-05 [ 1.1909e-05 ] 9.9999e-01
 2.969e+01 1.1495e-05 1.1495e-05 [ 1.1495e-05 ] 9.9999e-01
 2.981e+01 1.1096e-05 1.1096e-05 [ 1.1096e-05 ] 9.9999e-01
 2.992e+01 1.0711e-05 1.0711e-05 [ 1.0711e-05 ] 9.9999e-01
 3.003e+01 1.0339e-05 1.0339e-05 [ 1.0339e-05 ] 9.9999e-01
 3.015e+01 9.9795e-06 9.9795e-06 [ 9.9795e-06 ] 9.9999e-01
 3.026e+01 9.6328e-06 9.6328e-06 [ 9.6328e-06 ] 9.9999e-01
 3.037e+01 9.2980e-06 9.2980e-06 [ 9.2980e-06 ] 9.9999e-01
 3.049e+01 8.9749e-06 8.9749e-06 [ 8.9749e-06 ] 9.9999e-01
 3.060e+01 8.6629e-06 8.6629e-06 [ 8.6629e-06 ] 9.9999e-01
 3.071e+01 8.3618e-06 8.3618e-06 [ 8.3618e-06 ] 9.9999e-01
 3.083e+01 8.0710e-06 8.0710e-06 [ 8.0710e-06 ] 9.9999e-01
 3.094e+01 7.7904e-06 7.7904e-06 [ 7.7904e-06 ] 9.9999e-01
 3.105e+01 7.5195e-06 7.5195e-06 [ 7.5195e-06 ] 9.9999e-01
 3.117e+01 7.2579e-06 7.2579e-06 [ 7.2579e-06 ] 9.9999e-01
 3.128e+01 7.0055e-06 7.0055e-06 [ 7.0055e-06 ] 9.9999e-01
 3.139e+01 6.7617e-06 6.7617e-06 [ 6.7617e-06 ] 9.9999e-01
 3.151e+01 6.5265e-06 6.5265e-06 [ 6.5265e-06 ] 9.9999e-01
 3.162e+01 6.2993e-06 6.2993e-06 [ 6.2993e-06 ] 9.9999e-01
 3.173e+01 6.0801e-06 6.0801e-06 [ 6.0801e-06 ] 9.9999e-01
 3.185e+01 5.8685e-06 5.8685e-06 [ 5.8685e-06 ] 9.9999e-01
 3.196e+01 5.6642e-06 5.6642e-06 [ 5.6642e-06 ] 9.9999e-01
 3.207e+01 5.4670e-06 5.4670e-06 [ 5.4670e-06 ] 9.9999e-01
 3.219e+01 5.2766e-06 5.2766e-06 [ 5.2766e-06 ] 9.9999e-01
 3.230e+01 5.0929e-06 5.0929e-06 [ 5.0929e-06 ] 9.9999e-01
 3.241e+01 4.9155e-06 4.9155e-06 [ 4.9155e-06 ] 1.0000e+00
 3.253e+01 4.7443e-06 4.7443e-06 [ 4.7443e-06 ] 1.0000e+00
 3.264e+01 4.5790e-06 4.5790e-06 [ 4.5790e-06 ] 1.0000e+00
 3.275e+01 4.4194e-06 4.4194e-06 [ 4.4194e-06 ] 1.0000e+00
 3.287e+01 4.2654e-06 4.2654e-06 [ 4.2654e-06 ] 1.0000e+00
 3.298e+01 4.1168e-06 4.1168e-06 [ 4.1168e-06 ] 1.0000e+00
 3.309e+01 3.9733e-06 3.9733e-06 [ 3.9733e-06 ] 1.0000e+00
 3.321e+01 3.8348e-06 3.8348e-06 [ 3.8348e-06 ] 1.0000e+00
 3.332e+01 3.7011e-06 3.7011e-06 [ 3.7011e-06 ] 1.0000e+00
 3.343e+01 3.5721e-06 3.5721e-06 [ 3.5721e-06 ] 1.0000e+00
 3.355e+01 3.4475e-06 3.4475e-06 [ 3.4475e-06 ] 1.0000e+00
 3.366e+01 3.3273e-06 3.3273e-06 [ 3.3273e-06 ] 1.0000e+00
 3.377e+01 3.2112e-06 3.2112e-06 [ 3.2112e-06 ] 1.0000e+00
 3.389e+01 3.0992e-06 3.0992e-06 [ 3.0992e-06 ] 1.0000e+00
 3.400e+01 2.9911e-06 2.9911e-06 [ 2.9911e-06 ] 1.0000e+00
 3.411e+01 2.8867e-06 2.8867e-06 [ 2.8867e-06 ] 1.0000e+00
 3.423e+01 2.7860e-06 2.7860e-06 [ 2.7860e-06 ] 1.0000e+00
 3.434e+01 2.6888e-06 2.6888e-06 [ 2.6888e-06 ] 1.0000e+00
 3.445e+01 2.5949e-06 2.5949e-06 [ 2.5949e-06 ] 1.0000e+00
 3.457e+01 2.5043e-06 2.5043e-06 [ 2.5043e-06 ] 1.0000e+00
 3.468e+01 2.4169e-06 2.4169e-06 [ 2.4169e-06 ] 1.0000e+00
 3.479e+01 2.3325e-06 2.3325e-06 [ 2.3325e-06 ] 1.0000e+00
 3.491e+01 2.2511e-06 2.2511e-06 [ 2.2511e-06 ] 1.0000e+00
 3.502e+01 2.1725e-06 2.1725e-06 [ 2.1725e-06 ] 1.0000e+00
 3.513e+01 2.0966e-06 2.0966e-06 [ 2.0966e-06 ] 1.0000e+00
 3.525e+01 2.0233e-06 2.0233e-06 [ 2.0233e-06 ] 1.0000e+00
 3.536e+01 1.9527e-06 1.9527e-06 [ 1.9527e-06 ] 1.0000e+00
 3.547e+01 1.8844e-06 1.8844e-06 [ 1.8844e-06 ] 1.0000e+00
 3.559e+01 1.8186e-06 1.8186e-06 [ 1.8186e-06 ] 1.0000e+00
 3.570e+01 1.7550e-06 1.7550e-06 [ 1.7550e-06 ] 1.0000e+00
 3.581e+01 1.6937e-06 1.6937e-06 [ 1.6937e-06 ] 1.0000e+00
 3.593e+01 1.6345e-06 1.6345e-06 [ 1.6345e-06 ] 1.0000e+00
 3.604e+01 1.5774e-06 1.5774e-06 [ 1.5774e-06 ] 1.0000e+00
 3.615e+01 1.5222e-06 1.5222e-06 [ 1.5222e-06 ] 1.0000e+00
 3.627e+01 1.4690e-06 1.4690e-06 [ 1.4690e-06 ] 1.0000e+00
 3.638e+01 1.4176e-06 1.4176e-06 [ 1.4176e-06 ] 1.0000e+00
 3.649e+01 1.3680e-06 1.3680e-06 [ 1.3680e-06 ] 1.0000e+00
 3.661e+01 1.3202e-06 1.3202e-06 [ 1.3202e-06 ] 1.0000e+00
 3.672e+01 1.2740e-06 1.2740e-06 [ 1.2740e-06 ] 1.0000e+00
 3.683e+01 1.2294e-06 1.2294e-06 [ 1.2294e-06 ] 1.0000e+00
 3.695e+01 1.1864e-06 1.1864e-06 [ 1.1864e-06 ] 1.0000e+00
 3.706e+01 1.1449e-06 1.1449e-06 [ 1.1449e-06 ] 1.0000e+00
 3.717e+01 1.1048e-06 1.1048e-06 [ 1.1048e-06 ] 1.0000e+00
 3.729e+01 1.0662e-06 1.0662e-06 [ 1.0662e-06 ] 1.0000e+00
 3.740e+01 1.0289e-06 1.0289e-06 [ 1.0289e-06 ] 1.0000e+00
 3.751e+01 9.9284e-07 9.9284e-07 [ 9.9284e-07 ] 1.0000e+00
 3.763e+01 9.5808e-07 9.5808e-07 [ 9.5808e-07 ] 1.0000e+00
 3.774e+01 9.2453e-07 9.2453e-07 [ 9.2453e-07 ] 1.0000e+00
 3.785e+01 8.9215e-07 8.9215e-07 [ 8.9215e-07 ] 1.0000e+00
 3.797e+01 8.6091e-07 8.6091e-07 [ 8.6091e-07 ] 1.0000e+00
 3.808e+01 8.3075e-07 8.3075e-07 [ 8.3075e-07 ] 1.0000e+00
 3.819e+01 8.0165e-07 8.0165e-07 [ 8.0165e-07 ] 1.0000e+00
 3.831e+01 7.7356e-07 7.7356e-07 [ 7.7356e-07 ] 1.0000e+00
 3.842e+01 7.4646e-07 7.4646e-07 [ 7.4646e-07 ] 1.0000e+00
 3.853e+01 7.2030e-07 7.2030e-07 [ 7.2030e-07 ] 1.0000e+00
 3.865e+01 6.9506e-07 6.9506e-07 [ 6.9506e-07 ] 1.0000e+00
 3.876e+01 6.7069e-07 6.7069e-07 [ 6.7069e-07 ] 1.0000e+00
 3.887e+01 6.4718e-07 6.4718e-07 [ 6.4718e-07 ] 1.0000e+00
 3.899e+01 6.2449e-07 6.2449e-07 [ 6.2449e-07 ] 1.0000e+00
 3.910e+01 6.0259e-07 6.0259e-07 [ 6.0259e-07 ] 1.0000e+00
 3.921e+01 5.8146e-07 5.8146e-07 [ 5.8146e-07 ] 1.0000e+00
 3.933e+01 5.6107e-07 5.6107e-07 [ 5.6107e-07 ] 1.0000e+00
 3.944e+01 5.4139e-07 5.4139e-07 [ 5.4139e-07 ] 1.0000e+00
 3.955e+01 5.2240e-07 5.2240e-07 [ 5.2240e-07 ] 1.0000e+00
 3.967e+01 5.0407e-07 5.0407e-07 [ 5.0407e-07 ] 1.0000e+00
 3.978e+01 4.8638e-07 4.8638e-07 [ 4.8638e-07 ] 1.0000e+00
 3.989e+01 4.6931e-07 4.6931e-07 [ 4.6931e-07 ] 1.0000e+00
 4.001e+01 4.5284e-07 4.5284e-07 [ 4.5284e-07 ] 1.0000e+00
 4.012e+01 4.3694e-07 4.3694e-07 [ 4.3694e-07 ] 1.0000e+00
 4.023e+01 4.2160e-07 4.2160e-07 [ 4.2160e-07 ] 1.0000e+00
 4.035e+01 4.0680e-07 4.0680e-07 [ 4.0680e-07 ] 1.0000e+00
 4.046e+01 3.9252e-07 3.9252e-07 [ 3.9252e-07 ] 1.0000e+00
 4.057e+01 3.7873e-07 3.7873e-07 [ 3.7873e-07 ] 1.0000e+00
 4.069e+01 3.6543e-07 3.6543e-07 [ 3.6543e-07 ] 1.0000e+00
 4.080e+01 3.5259e-07 3.5259e-07 [ 3.5259e-07 ] 1.0000e+00
 4.091e+01 3.4020e-07 3.4020e-07 [ 3.4020e-07 ] 1.0000e+00
 4.103e+01 3.2825e-07 3.2825e-07 [ 3.2825e-07 ] 1.0000e+00
 4.114e+01 3.1671e-07 3.1671e-07 [ 3.1671e-07 ] 1.0000e+00
 4.125e+01 3.0558e-07 3.0558e-07 [ 3.0558e-07 ] 1.0000e+00
 4.137e+01 2.9484e-07 2.9484e-07 [ 2.9484e-07 ] 1.0000e+00
 4.148e+01 2.8447e-07 2.8447e-07 [ 2.8447e-07 ] 1.0000e+00
 4.159e+01 2.7447e-07 2.7447e-07 [ 2.7447e-07 ] 1.0000e+00
 4.171e+01 2.6481e-07 2.6481e-07 [ 2.6481e-07 ] 1.0000e+00
 4.182e+01 2.5550e-07 2.5550e-07 [ 2.5550e-07 ] 1.0000e+00
 4.193e+01 2.4651e-07 2.4651e-07 [ 2.4651e-07 ] 1.0000e+00
 4.205e+01 2.3784e-07 2.3784e-07 [ 2.3784e-07 ] 1.0000e+00
 4.216e+01 2.2947e-07 2.2947e-07 [ 2.2947e-07 ] 1.0000e+00
 4.227e+01 2.2139e-07 2.2139e-07 [ 2.2139e-07 ] 1.0000e+00
 4.239e+01 2.1360e-07 2.1360e-07 [ 2.1360e-07 ] 1.0000e+00
 4.250e+01 2.0608e-07 2.0608e-07 [ 2.0608e-07 ] 1.0000e+00
 4.261e+01 1.9882e-07 1.9882e-07 [ 1.9882e-07 ] 1.0000e+00
 4.273e+01 1.9182e-07 1.9182e-07 [ 1.9182e-07 ] 1.0000e+00
 4.284e+01 1.8507e-07 1.8507e-07 [ 1.8507e-07 ] 1.0000e+00
 4.295e+01 1.7855e-07 1.7855e-07 [ 1.7855e-07 ] 1.0000e+00
 4.307e+01 1.7226e-07 1.7226e-07 [ 1.7226e-07 ] 1.0000e+00
 4.318e+01 1.6619e-07 1.6619e-07 [ 1.6619e-07 ] 1.0000e+00
 4.329e+01 1.6033e-07 1.6033e-07 [ 1.6033e-07 ] 1.0000e+00
 4.341e+01 1.5468e-07 1.5468e-07 [ 1.5468e-07 ] 1.0000e+00
 4.352e+01 1.4922e-07 1.4922e-07 [ 1.4922e-07 ] 1.0000e+00
 4.363e+01 1.4396e-07 1.4396e-07 [ 1.4396e-07 ] 1.0000e+00
 4.375e+01 1.3889e-07 1.3889e-07 [ 1.3889e-07 ] 1.0000e+00
 4.386e+01 1.3399e-07 1.3399e-07 [ 1.3399e-07 ] 1.0000e+00
 4.397e+01 1.2926e-07 1.2926e-07 [ 1.2926e-07 ] 1.0000e+00
 4.409e+01 1.2470e-07 1.2470e-07 [ 1.2470e-07 ] 1.0000e+00
 4.420e+01 1.2030e-07 1.2030e-07 [ 1.2030e-07 ] 1.0000e+00
 4.431e+01 1.1605e-07 1.1605e-07 [ 1.1605e-07 ] 1.0000e+00
 4.443e+01 1.1195e-07 1.1195e-07 [ 1.1195e-07 ] 1.0000e+00
 4.454e+01 1.0800e-07 1.0800e-07 [ 1.0800e-07 ] 1.0000e+00
 4.465e+01 1.0419e-07 1.0419e-07 [ 1.0419e-07 ] 1.0000e+00
 4.477e+01 1.0051e-07 1.0051e-07 [ 1.0051e-07 ] 1.0000e+00
 4.488e+01 9.6955e-08 9.6955e-08 [ 9.6955e-08 ] 1.0000e+00
 4.499e+01 9.3529e-08 9.3529e-08 [ 9.3529e-08 ] 1.0000e+00
 4.511e+01 9.0224e-08 9.0224e-08 [ 9.0224e-08 ] 1.0000e+00
 4.522e+01 8.7034e-08 8.7034e-08 [ 8.7034e-08 ] 1.0000e+00
 4.533e+01 8.3957e-08 8.3957e-08 [ 8.3957e-08 ] 1.0000e+00
 4.545e+01 8.0988e-08 8.0988e-08 [ 8.0988e-08 ] 1.0000e+00
 4.556e+01 7.8123e-08 7.8123e-08 [ 7.8123e-08 ] 1.0000e+00
 4.567e+01 7.5359e-08 7.5359e-08 [ 7.5359e-08 ] 1.0000e+00
 4.579e+01 7.2692e-08 7.2692e-08 [ 7.2692e-08 ] 1.0000e+00
 4.590e+01 7.0120e-08 7.0120e-08 [ 7.0120e-08 ] 1.0000e+00
 4.601e+01 6.7637e-08 6.7637e-08 [ 6.7637e-08 ] 1.0000e+00
 4.613e+01 6.5242e-08 6.5242e-08 [ 6.5242e-08 ] 1.0000e+00
 4.624e+01 6.2932e-08 6.2932e-08 [ 6.2932e-08 ] 1.0000e+00
 4.635e+01 6.0702e-08 6.0702e-08 [ 6.0702e-08 ] 1.0000e+00
 4.647e+01 5.8552e-08 5.8552e-08 [ 5.8552e-08 ] 1.0000e+00
 4.658e+01 5.6477e-08 5.6477e-08 [ 5.6477e-08 ] 1.0000e+00
 4.669e+01 5.4475e-08 5.4475e-08 [ 5.4475e-08 ] 1.0000e+00
 4.681e+01 5.2543e-08 5.2543e-08 [ 5.2543e-08 ] 1.0000e+00
 4.692e+01 5.0680e-08 5.0680e-08 [ 5.0680e-08 ] 1.0000e+00
 4.703e+01 4.8882e-08 4.8882e-08 [ 4.8882e-08 ] 1.0000e+00
 4.715e+01 4.7148e-08 4.7148e-08 [ 4.7148e-08 ] 1.0000e+00
 4.726e+01 4.5475e-08 4.5475e-08 [ 4.5475e-08 ] 1.0000e+00
 4.737e+01 4.3861e-08 4.3861e-08 [ 4.3861e-08 ] 1.0000e+00
 4.749e+01 4.2304e-08 4.2304e-08 [ 4.2304e-08 ] 1.0000e+00
 4.760e+01 4.0801e-08 4.0801e-08 [ 4.0801e-08 ] 1.0000e+00
 4.771e+01 3.9352e-08 3.9352e-08 [ 3.9352e-08 ] 1.0000e+00
 4.783e+01 3.7954e-08 3.7954e-08 [ 3.7954e-08 ] 1.0000e+00
 4.794e+01 3.6605e-08 3.6605e-08 [ 3.6605e-08 ] 1.0000e+00
 4.805e+01 3.5304e-08 3.5304e-08 [ 3.5304e-08 ] 1.0000e+00
 4.817e+01 3.4049e-08 3.4049e-08 [ 3.4049e-08 ] 1.0000e+00
 4.828e+01 3.2838e-08 3.2838e-08 [ 3.2838e-08 ] 1.0000e+00
 4.839e+01 3.1670e-08 3.1670e-08 [ 3.1670e-08 ] 1.0000e+00
 4.851e+01 3.0543e-08 3.0543e-08 [ 3.0543e-08 ] 1.0000e+00
 4.862e+01 2.9456e-08 2.9456e-08 [ 2.9456e-08 ] 1.0000e+00
 4.873e+01 2.8407e-08 2.8407e-08 [ 2.8407e-08 ] 1.0000e+00
 4.885e+01 2.7395e-08 2.7395e-08 [ 2.7395e-08 ] 1.0000e+00
 4.896e+01 2.6419e-08 2.6419e-08 [ 2.6419e-08 ] 1.0000e+00
 4.907e+01 2.5478e-08 2.5478e-08 [ 2.5478e-08 ] 1.0000e+00
 4.919e+01 2.4570e-08 2.4570e-08 [ 2.4570e-08 ] 1.0000e+00
 4.930e+01 2.3694e-08 2.3694e-08 [ 2.3694e-08 ] 1.0000e+00
 4.941e+01 2.2849e-08 2.2849e-08 [ 2.2849e-08 ] 1.0000e+00
 4.953e+01 2.2034e-08 2.2034e-08 [ 2.2034e-08 ] 1.0000e+00
 4.964e+01 2.1248e-08 2.1248e-08 [ 2.1248e-08 ] 1.0000e+00
 4.975e+01 2.0490e-08 2.0490e-08 [ 2.0490e-08 ] 1.0000e+00
 4.987e+01 1.9758e-08 1.9758e-08 [ 1.9758e-08 ] 1.0000e+00
 4.998e+01 1.9053e-08 1.9053e-08 [ 1.9053e-08 ] 1.0000e+00
 5.009e+01 1.8372e-08 1.8372e-08 [ 1.8372e-08 ] 1.0000e+00
 5.021e+01 1.7716e-08 1.7716e-08 [ 1.7716e-08 ] 1.0000e+00
 5.032e+01 1.7082e-08 1.7082e-08 [ 1.7082e-08 ] 1.0000e+00
 5.043e+01 1.6472e-08 1.6472e-08 [ 1.6472e-08 ] 1.0000e+00
 5.055e+01 1.5882e-08 1.5882e-08 [ 1.5882e-08 ] 1.0000e+00
 5.066e+01 1.5314e-08 1.5314e-08 [ 1.5314e-08 ] 1.0000e+00
 5.077e+01 1.4766e-08 1.4766e-08 [ 1.4766e-08 ] 1.0000e+00
 5.089e+01 1.4238e-08 1.4238e-08 [ 1.4238e-08 ] 1.0000e+00
 5.100e+01 1.3728e-08 1.3728e-08 [ 1.3728e-08 ] 1.0000e+00
 5.111e+01 1.3236e-08 1.3236e-08 [ 1.3236e-08 ] 1.0000e+00
 5.123e+01 1.2762e-08 1.2762e-08 [ 1.2762e-08 ] 1.0000e+00
 5.134e+01 1.2304e-08 1.2304e-08 [ 1.2304e-08 ] 1.0000e+00
 5.145e+01 1.1863e-08 1.1863e-08 [ 1.1863e-08 ] 1.0000e+00
 5.157e+01 1.1438e-08 1.1438e-08 [ 1.1438e-08 ] 1.0000e+00
 5.168e+01 1.1027e-08 1.1027e-08 [ 1.1027e-08 ] 1.0000e+00
 5.179e+01 1.0632e-08 1.0632e-08 [ 1.0632e-08 ] 1.0000e+00
 5.191e+01 1.0250e-08 1.0250e-08 [ 1.0250e-08 ] 1.0000e+00
 5.202e+01 9.8817e-09 9.8817e-09 [ 9.8817e-09 ] 1.0000e+00
 5.213e+01 9.5267e-09 9.5267e-09 [ 9.5267e-09 ] 1.0000e+00
 5.225e+01 9.1843e-09 9.1843e-09 [ 9.1843e-09 ] 1.0000e+00
 5.236e+01 8.8541e-09 8.8541e-09 [ 8.8541e-09 ] 1.0000e+00
 5.247e+01 8.5357e-09 8.5357e-09 [ 8.5357e-09 ] 1.0000e+00
 5.259e+01 8.2286e-09 8.2286e-09 [ 8.2286e-09 ] 1.0000e+00
 5.270e+01 7.9324e-09 7.9324e-09 [ 7.9324e-09 ] 1.0000e+00
 5.281e+01 7.6468e-09 7.6468e-09 [ 7.6468e-09 ] 1.0000e+00
 5.293e+01 7.3714e-09 7.3714e-09 [ 7.3714e-09 ] 1.0000e+00
 5.304e+01 7.1058e-09 7.1058e-09 [ 7.1058e-09 ] 1.0000e+00
 5.315e+01 6.8497e-09 6.8497e-09 [ 6.8497e-09 ] 1.0000e+00
 5.327e+01 6.6027e-09 6.6027e-09 [ 6.6027e-09 ] 1.0000e+00
 5.338e+01 6.3646e-09 6.3646e-09 [ 6.3646e-09 ] 1.0000e+00
 5.349e+01 6.1349e-09 6.1349e-09 [ 6.1349e-09 ] 1.0000e+00
 5.361e+01 5.9135e-09 5.9135e-09 [ 5.9135e-09 ] 1.0000e+00
 5.372e+01 5.6999e-09 5.6999e-09 [ 5.6999e-09 ] 1.0000e+00
 5.383e+01 5.4940e-09 5.4940e-09 [ 5.4940e-09 ] 1.0000e+00
 5.395e+01 5.2955e-09 5.2955e-09 [ 5.2955e-09 ] 1.0000e+00
 5.406e+01 5.1040e-09 5.1040e-09 [ 5.1040e-09 ] 1.0000e+00
 5.417e+01 4.9194e-09 4.9194e-09 [ 4.9194e-09 ] 1.0000e+00
 5.429e+01 4.7414e-09 4.7414e-09 [ 4.7414e-09 ] 1.0000e+00
 5.440e+01 4.5698e-09 4.5698e-09 [ 4.5698e-09 ] 1.0000e+00
 5.451e+01 4.4043e-09 4.4043e-09 [ 4.4043e-09 ] 1.0000e+00
 5.463e+01 4.2448e-09 4.2448e-09 [ 4.2448e-09 ] 1.0000e+00
 5.474e+01 4.0910e-09 4.0910e-09 [ 4.0910e-09 ] 1.0000e+00
 5.485e+01 3.9426e-09 3.9426e-09 [ 3.9426e-09 ] 1.0000e+00
 5.497e+01 3.7996e-09 3.7996e-09 [ 3.7996e-09 ] 1.0000e+00
 5.508e+01 3.6618e-09 3.6618e-09 [ 3.6618e-09 ] 1.0000e+00
 5.519e+01 3.5288e-09 3.5288e-09 [ 3.5288e-09 ] 1.0000e+00
 5.531e+01 3.4007e-09 3.4007e-09 [ 3.4007e-09 ] 1.0000e+00
 5.542e+01 3.2771e-09 3.2771e-09 [ 3.2771e-09 ] 1.0000e+00
 5.553e+01 3.1580e-09 3.1580e-09 [ 3.1580e-09 ] 1.0000e+00
 5.565e+01 3.0432e-09 3.0432e-09 [ 3.0432e-09 ] 1.0000e+00
 5.576e+01 2.9325e-09 2.9325e-09 [ 2.9325e-09 ] 1.0000e+00
 5.587e+01 2.8258e-09 2.8258e-09 [ 2.8258e-09 ] 1.0000e+00
 5.599e+01 2.7229e-09 2.7229e-09 [ 2.7229e-09 ] 1.0000e+00
 5.610e+01 2.6237e-09 2.6237e-09 [ 2.6237e-09 ] 1.0000e+00
 5.621e+01 2.5281e-09 2.5281e-09 [ 2.5281e-09 ] 1.0000e+00
 5.633e+01 2.4359e-09 2.4359e-09 [ 2.4359e-09 ] 1.0000e+00
 5.644e+01 2.3470e-09 2.3470e-09 [ 2.3470e-09 ] 1.0000e+00
 5.655e+01 2.2614e-09 2.2614e-09 [ 2.2614e-09 ] 1.0000e+00
 5.667e+01 2.1788e-09 2.1788e-09 [ 2.1788e-09 ] 1.0000e+00
 5.678e+01 2.0992e-09 2.0992e-09 [ 2.0992e-09 ] 1.0000e+00
 5.689e+01 2.0225e-09 2.0225e-09 [ 2.0225e-09 ] 1.0000e+00
 5.701e+01 1.9486e-09 1.9486e-09 [ 1.9486e-09 ] 1.0000e+00
 5.712e+01 1.8773e-09 1.8773e-09 [ 1.8773e-09 ] 1.0000e+00
 5.723e+01 1.8086e-09 1.8086e-09 [ 1.8086e-09 ] 1.0000e+00
 5.735e+01 1.7424e-09 1.7424e-09 [ 1.7424e-09 ] 1.0000e+00
 5.746e+01 1.6786e-09 1.6786e-09 [ 1.6786e-09 ] 1.0000e+00
 5.757e+01 1.6171e-09 1.6171e-09 [ 1.6171e-09 ] 1.0000e+00
 5.769e+01 1.5578e-09 1.5578e-09 [ 1.5578e-09 ] 1.0000e+00
 5.780e+01 1.5006e-09 1.5006e-09 [ 1.5006e-09 ] 1.0000e+00
 5.791e+01 1.4455e-09 1.4455e-09 [ 1.4455e-09 ] 1.0000e+00
 5.803e+01 1.3925e-09 1.3925e-09 [ 1.3925e-09 ] 1.0000e+00
 5.814e+01 1.3413e-09 1.3413e-09 [ 1.3413e-09 ] 1.0000e+00
 5.825e+01 1.2920e-09 1.2920e-09 [ 1.2920e-09 ] 1.0000e+00
 5.837e+01 1.2445e-09 1.2445e-09 [ 1.2445e-09 ] 1.0000e+00
 5.848e+01 1.1987e-09 1.1987e-09 [ 1.1987e-09 ] 1.0000e+00
 5.859e+01 1.1546e-09 1.1546e-09 [ 1.1546e-09 ] 1.0000e+00
 5.871e+01 1.1121e-09 1.1121e-09 [ 1.1121e-09 ] 1.0000e+00
 5.882e+01 1.0711e-09 1.0711e-09 [ 1.0711e-09 ] 1.0000e+00
 5.893e+01 1.0316e-09 1.0316e-09 [ 1.0316e-09 ] 1.0000e+00
 5.905e+01 9.9353e-10 9.9353e-10 [ 9.9353e-10 ] 1.0000e+00
 5.916e+01 9.5686e-10 9.5686e-10 [ 9.5686e-10 ] 1.0000e+00
 5.927e+01 9.2153e-10 9.2153e-10 [ 9.2153e-10 ] 1.0000e+00
 5.939e+01 8.8748e-10 8.8748e-10 [ 8.8748e-10 ] 1.0000e+00
 5.950e+01 8.5467e-10 8.5467e-10 [ 8.5467e-10 ] 1.0000e+00
 5.961e+01 8.2306e-10 8.2306e-10 [ 8.2306e-10 ] 1.0000e+00
 5.973e+01 7.9261e-10 7.9261e-10 [ 7.9261e-10 ] 1.0000e+00
 5.984e+01 7.6326e-10 7.6326e-10 [ 7.6326e-10 ] 1.0000e+00
 5.995e+01 7.3498e-10 7.3498e-10 [ 7.3498e-10 ] 1.0000e+00
 6.007e+01 7.0774e-10 7.0774e-10 [ 7.0774e-10 ] 1.0000e+00
 6.018e+01 6.8149e-10 6.8149e-10 [ 6.8149e-10 ] 1.0000e+00
 6.029e+01 6.5620e-10 6.5620e-10 [ 6.5620e-10 ] 1.0000e+00
 6.041e+01 6.3184e-10 6.3184e-10 [ 6.3184e-10 ] 1.0000e+00
 6.052e+01 6.0837e-10 6.0837e-10 [ 6.0837e-10 ] 1.0000e+00
 6.063e+01 5.8576e-10 5.8576e-10 [ 5.8576e-10 ] 1.0000e+00
 6.075e+01 5.6397e-10 5.6397e-10 [ 5.6397e-10 ] 1.0000e+00
 6.086e+01 5.4299e-10 5.4299e-10 [ 5.4299e-10 ] 1.0000e+00
 6.097e+01 5.2277e-10 5.2277e-10 [ 5.2277e-10 ] 1.0000e+00
 6.109e+01 5.0329e-10 5.0329e-10 [ 5.0329e-10 ] 1.0000e+00
 6.120e+01 4.8453e-10 4.8453e-10 [ 4.8453e-10 ] 1.0000e+00
 6.131e+01 4.6646e-10 4.6646e-10 [ 4.6646e-10 ] 1.0000e+00
 6.143e+01 4.4905e-10 4.4905e-10 [ 4.4905e-10 ] 1.0000e+00
 6.154e+01 4.3229e-10 4.3229e-10 [ 4.3229e-10 ] 1.0000e+00
 6.165e+01 4.1614e-10 4.1614e-10 [ 4.1614e-10 ] 1.0000e+00
 6.177e+01 4.0058e-10 4.0058e-10 [ 4.0058e-10 ] 1.0000e+00
 6.188e+01 3.8559e-10 3.8559e-10 [ 3.8559e-10 ] 1.0000e+00
 6.199e+01 3.7116e-10 3.7116e-10 [ 3.7116e-10 ] 1.0000e+00
 6.211e+01 3.5726e-10 3.5726e-10 [ 3.5726e-10 ] 1.0000e+00
 6.222e+01 3.4387e-10 3.4387e-10 [ 3.4387e-10 ] 1.0000e+00
 6.233e+01 3.3098e-10 3.3098e-10 [ 3.3098e-10 ] 1.0000e+00
 6.245e+01 3.1856e-10 3.1856e-10 [ 3.1856e-10 ] 1.0000e+00
 6.256e+01 3.0660e-10 3.0660e-10 [ 3.0660e-10 ] 1.0000e+00
 6.267e+01 2.9509e-10 2.9509e-10 [ 2.9509e-10 ] 1.0000e+00
 6.279e+01 2.8399e-10 2.8399e-10 [ 2.8399e-10 ] 1.0000e+00
 6.290e+01 2.7331e-10 2.7331e-10 [ 2.7331e-10 ] 1.0000e+00
 6.301e+01 2.6303e-10 2.6303e-10 [ 2.6303e-10 ] 1.0000e+00
 6.313e+01 2.5312e-10 2.5312e-10 [ 2.5312e-10 ] 1.0000e+00
 6.324e+01 2.4359e-10 2.4359e-10 [ 2.4359e-10 ] 1.0000e+00
 6.335e+01 2.3440e-10 2.3440e-10 [ 2.3440e-10 ] 1.0000e+00
 6.347e+01 2.2556e-10 2.2556e-10 [ 2.2556e-10 ] 1.0000e+00
 6.358e+01 2.1704e-10 2.1704e-10 [ 2.1704e-10 ] 1.0000e+00
 6.369e+01 2.0884e-10 2.0884e-10 [ 2.0884e-10 ] 1.0000e+00
 6.381e+01 2.0095e-10 2.0095e-10 [ 2.0095e-10 ] 1.0000e+00
 6.392e+01 1.9335e-10 1.9335e-10 [ 1.9335e-10 ] 1.0000e+00
 6.403e+01 1.8603e-10 1.8603e-10 [ 1.8603e-10 ] 1.0000e+00
 6.415e+01 1.7899e-10 1.7899e-10 [ 1.7899e-10 ] 1.0000e+00
 6.426e+01 1.7220e-10 1.7220e-10 [ 1.7220e-10 ] 1.0000e+00
 6.437e+01 1.6567e-10 1.6567e-10 [ 1.6567e-10 ] 1.0000e+00
 6.449e+01 1.5939e-10 1.5939e-10 [ 1.5939e-10 ] 1.0000e+00
 6.460e+01 1.5333e-10 1.5333e-10 [ 1.5333e-10 ] 1.0000e+00
 6.471e+01 1.4751e-10 1.4751e-10 [ 1.4751e-10 ] 1.0000e+00
 6.483e+01 1.4190e-10 1.4190e-10 [ 1.4190e-10 ] 1.0000e+00
 6.494e+01 1.3650e-10 1.3650e-10 [ 1.3650e-10 ] 1.0000e+00
 6.505e+01 1.3130e-10 1.3130e-10 [ 1.3130e-10 ] 1.0000e+00
 6.517e+01 1.2630e-10 1.2630e-10 [ 1.2630e-10 ] 1.0000e+00
 6.528e+01 1.2149e-10 1.2149e-10 [ 1.2149e-10 ] 1.0000e+00
 6.539e+01 1.1685e-10 1.1685e-10 [ 1.1685e-10 ] 1.0000e+00
 6.551e+01 1.1239e-10 1.1239e-10 [ 1.1239e-10 ] 1.0000e+00
 6.562e+01 1.0810e-10 1.0810e-10 [ 1.0810e-10 ] 1.0000e+00
 6.573e+01 1.0396e-10 1.0396e-10 [ 1.0396e-10 ] 1.0000e+00
 6.585e+01 9.9988e-11 9.9988e-11 [ 9.9988e-11 ] 1.0000e+00
 6.596e+01 9.6161e-11 9.6161e-11 [ 9.6161e-11 ] 1.0000e+00
 6.607e+01 9.2477e-11 9.2477e-11 [ 9.2477e-11 ] 1.0000e+00
 6.619e+01 8.8932e-11 8.8932e-11 [ 8.8932e-11 ] 1.0000e+00
 6.630e+01 8.5521e-11 8.5521e-11 [ 8.5521e-11 ] 1.0000e+00
 6.641e+01 8.2239e-11 8.2239e-11 [ 8.2239e-11 ] 1.0000e+00
 6.653e+01 7.9080e-11 7.9080e-11 [ 7.9080e-11 ] 1.0000e+00
 6.664e+01 7.6040e-11 7.6040e-11 [ 7.6040e-11 ] 1.0000e+00
 6.675e+01 7.3115e-11 7.3115e-11 [ 7.3115e-11 ] 1.0000e+00
 6.687e+01 7.0301e-11 7.0301e-11 [ 7.0301e-11 ] 1.0000e+00
 6.698e+01 6.7593e-11 6.7593e-11 [ 6.7593e-11 ] 1.0000e+00
 6.709e+01 6.4987e-11 6.4987e-11 [ 6.4987e-11 ] 1.0000e+00
 6.721e+01 6.2481e-11 6.2481e-11 [ 6.2481e-11 ] 1.0000e+00
 6.732e+01 6.0069e-11 6.0069e-11 [ 6.0069e-11 ] 1.0000e+00
 6.743e+01 5.7748e-11 5.7748e-11 [ 5.7748e-11 ] 1.0000e+00
 6.755e+01 5.5516e-11 5.5516e-11 [ 5.5516e-11 ] 1.0000e+00
 6.766e+01 5.3368e-11 5.3368e-11 [ 5.3368e-11 ] 1.0000e+00
 6.777e+01 5.1302e-11 5.1302e-11 [ 5.1302e-11 ] 1.0000e+00
 6.789e+01 4.9315e-11 4.9315e-11 [ 4.9315e-11 ] 1.0000e+00
 6.800e+01 4.7403e-11 4.7403e-11 [ 4.7403e-11 ] 1.0000e+00
 6.811e+01 4.5564e-11 4.5564e-11 [ 4.5564e-11 ] 1.0000e+00
 6.823e+01 4.3795e-11 4.3795e-11 [ 4.3795e-11 ] 1.0000e+00
 6.834e+01 4.2093e-11 4.2093e-11 [ 4.2093e-11 ] 1.0000e+00
 6.845e+01 4.0457e-11 4.0457e-11 [ 4.0457e-11 ] 1.0000e+00
 6.857e+01 3.8882e-11 3.8882e-11 [ 3.8882e-11 ] 1.0000e+00
 6.868e+01 3.7368e-11 3.7368e-11 [ 3.7368e-11 ] 1.0000e+00
 6.879e+01 3.5912e-11 3.5912e-11 [ 3.5912e-11 ] 1.0000e+00
 6.891e+01 3.4512e-11 3.4512e-11 [ 3.4512e-11 ] 1.0000e+00
 6.902e+01 3.3165e-11 3.3165e-11 [ 3.3165e-11 ] 1.0000e+00
 6.913e+01 3.1870e-11 3.1870e-11 [ 3.1870e-11 ] 1.0000e+00
 6.925e+01 3.0624e-11 3.0624e-11 [ 3.0624e-11 ] 1.0000e+00
 6.936e+01 2.9426e-11 2.9426e-11 [ 2.9426e-11 ] 1.0000e+00
 6.947e+01 2.8274e-11 2.8274e-11 [ 2.8274e-11 ] 1.0000e+00
 6.959e+01 2.7167e-11 2.7167e-11 [ 2.7167e-11 ] 1.0000e+00
 6.970e+01 2.6102e-11 2.6102e-11 [ 2.6102e-11 ] 1.0000e+00
 6.981e+01 2.5078e-11 2.5078e-11 [ 2.5078e-11 ] 1.0000e+00
 6.993e+01 2.4093e-11 2.4093e-11 [ 2.4093e-11 ] 1.0000e+00
 7.004e+01 2.3146e-11 2.3146e-11 [ 2.3146e-11 ] 1.0000e+00
 7.015e+01 2.2236e-11 2.2236e-11 [ 2.2236e-11 ] 1.0000e+00
 7.027e+01 2.1361e-11 2.1361e-11 [ 2.1361e-11 ] 1.0000e+00
 7.038e+01 2.0520e-11 2.0520e-11 [ 2.0520e-11 ] 1.0000e+00
 7.049e+01 1.9711e-11 1.9711e-11 [ 1.9711e-11 ] 1.0000e+00
 7.061e+01 1.8934e-11 1.8934e-11 [ 1.8934e-11 ] 1.0000e+00
 7.072e+01 1.8186e-11 1.8186e-11 [ 1.8186e-11 ] 1.0000e+00
 7.083e+01 1.7468e-11 1.7468e-11 [ 1.7468e-11 ] 1.0000e+00
 7.095e+01 1.6777e-11 1.6777e-11 [ 1.6777e-11 ] 1.0000e+00
 7.106e+01 1.6113e-11 1.6113e-11 [ 1.6113e-11 ] 1.0000e+00
 7.117e+01 1.5475e-11 1.5475e-11 [ 1.5475e-11 ] 1.0000e+00
 7.129e+01 1.4862e-11 1.4862e-11 [ 1.4862e-11 ] 1.0000e+00
 7.140e+01 1.4273e-11 1.4273e-11 [ 1.4273e-11 ] 1.0000e+00
 7.151e+01 1.3706e-11 1.3706e-11 [ 1.3706e-11 ] 1.0000e+00
 7.163e+01 1.3162e-11 1.3162e-11 [ 1.3162e-11 ] 1.0000e+00
 7.174e+01 1.2638e-11 1.2638e-11 [ 1.2638e-11 ] 1.0000e+00
 7.185e+01 1.2136e-11 1.2136e-11 [ 1.2136e-11 ] 1.0000e+00
 7.197e+01 1.1652e-11 1.1652e-11 [ 1.1652e-11 ] 1.0000e+00
 7.208e+01 1.1188e-11 1.1188e-11 [ 1.1188e-11 ] 1.0000e+00
 7.219e+01 1.0742e-11 1.0742e-11 [ 1.0742e-11 ] 1.0000e+00
 7.231e+01 1.0313e-11 1.0313e-11 [ 1.0313e-11 ] 1.0000e+00
 7.242e+01 9.9012e-12 9.9012e-12 [ 9.9012e-12 ] 1.0000e+00
 7.253e+01 9.5054e-12 9.5054e-12 [ 9.5054e-12 ] 1.0000e+00
 7.265e+01 9.1251e-12 9.1251e-12 [ 9.1251e-12 ] 1.0000e+00
 7.276e+01 8.7597e-12 8.7597e-12 [ 8.7597e-12 ] 1.0000e+00
 7.287e+01 8.4087e-12 8.4087e-12 [ 8.4087e-12 ] 1.0000e+00
 7.299e+01 8.0714e-12 8.0714e-12 [ 8.0714e-12 ] 1.0000e+00
 7.310e+01 7.7474e-12 7.7474e-12 [ 7.7474e-12 ] 1.0000e+00
 7.321e+01 7.4362e-12 7.4362e-12 [ 7.4362e-12 ] 1.0000e+00
 7.333e+01 7.1373e-12 7.1373e-12 [ 7.1373e-12 ] 1.0000e+00
 7.344e+01 6.8501e-12 6.8501e-12 [ 6.8501e-12 ] 1.0000e+00
 7.355e+01 6.5742e-12 6.5742e-12 [ 6.5742e-12 ] 1.0000e+00
 7.367e+01 6.3093e-12 6.3093e-12 [ 6.3093e-12 ] 1.0000e+00
 7.378e+01 6.0548e-12 6.0548e-12 [ 6.0548e-12 ] 1.0000e+00
 7.389e+01 5.8104e-12 5.8104e-12 [ 5.8104e-12 ] 1.0000e+00
 7.401e+01 5.5756e-12 5.5756e-12 [ 5.5756e-12 ] 1.0000e+00
 7.412e+01 5.3502e-12 5.3502e-12 [ 5.3502e-12 ] 1.0000e+00
 7.423e+01 5.1336e-12 5.1336e-12 [ 5.1336e-12 ] 1.0000e+00
 7.435e+01 4.9257e-12 4.9257e-12 [ 4.9257e-12 ] 1.0000e+00
 7.446e+01 4.7261e-12 4.7261e-12 [ 4.7261e-12 ] 1.0000e+00
 7.457e+01 4.5343e-12 4.5343e-12 [ 4.5343e-12 ] 1.0000e+00
 7.469e+01 4.3502e-12 4.3502e-12 [ 4.3502e-12 ] 1.0000e+00
 7.480e+01 4.1734e-12 4.1734e-12 [ 4.1734e-12 ] 1.0000e+00
 7.491e+01 4.0037e-12 4.0037e-12 [ 4.0037e-12 ] 1.0000e+00
 7.503e+01 3.8407e-12 3.8407e-12 [ 3.8407e-12 ] 1.0000e+00
 7.514e+01 3.6843e-12 3.6843e-12 [ 3.6843e-12 ] 1.0000e+00
 7.525e+01 3.5340e-12 3.5340e-12 [ 3.5340e-12 ] 1.0000e+00
 7.537e+01 3.3898e-12 3.3898e-12 [ 3.3898e-12 ] 1.0000e+00
 7.548e+01 3.2514e-12 3.2514e-12 [ 3.2514e-12 ] 1.0000e+00
 7.559e+01 3.1185e-12 3.1185e-12 [ 3.1185e-12 ] 1.0000e+00
 7.571e+01 2.9909e-12 2.9909e-12 [ 2.9909e-12 ] 1.0000e+00
 7.582e+01 2.8684e-12 2.8684e-12 [ 2.8684e-12 ] 1.0000e+00
 7.593e+01 2.7509e-12 2.7509e-12 [ 2.7509e-12 ] 1.0000e+00
 7.605e+01 2.6381e-12 2.6381e-12 [ 2.6381e-12 ] 1.0000e+00
 7.616e+01 2.5298e-12 2.5298e-12 [ 2.5298e-12 ] 1.0000e+00
 7.627e+01 2.4258e-12 2.4258e-12 [ 2.4258e-12 ] 1.0000e+00
 7.639e+01 2.3261e-12 2.3261e-12 [ 2.3261e-12 ] 1.0000e+00
 7.650e+01 2.2303e-12 2.2303e-12 [ 2.2303e-12 ] 1.0000e+00
 7.661e+01 2.1385e-12 2.1385e-12 [ 2.1385e-12 ] 1.0000e+00
 7.673e+01 2.0503e-12 2.0503e-12 [ 2.0503e-12 ] 1.0000e+00
 7.684e+01 1.9657e-12 1.9657e-12 [ 1.9657e-12 ] 1.0000e+00
 7.695e+01 1.8845e-12 1.8845e-12 [ 1.8845e-12 ] 1.0000e+00
 7.707e+01 1.8067e-12 1.8067e-12 [ 1.8067e-12 ] 1.0000e+00
 7.718e+01 1.7319e-12 1.7319e-12 [ 1.7319e-12 ] 1.0000e+00
 7.729e+01 1.6602e-12 1.6602e-12 [ 1.6602e-12 ] 1.0000e+00
 7.741e+01 1.5914e-12 1.5914e-12 [ 1.5914e-12 ] 1.0000e+00
 7.752e+01 1.5254e-12 1.5254e-12 [ 1.5254e-12 ] 1.0000e+00
 7.763e+01 1.4621e-12 1.4621e-12 [ 1.4621e-12 ] 1.0000e+00
 7.775e+01 1.4013e-12 1.4013e-12 [ 1.4013e-12 ] 1.0000e+00
 7.786e+01 1.3431e-12 1.3431e-12 [ 1.3431e-12 ] 1.0000e+00
 7.797e+01 1.2872e-12 1.2872e-12 [ 1.2872e-12 ] 1.0000e+00
 7.809e+01 1.2336e-12 1.2336e-12 [ 1.2336e-12 ] 1.0000e+00
 7.820e+01 1.1821e-12 1.1821e-12 [ 1.1821e-12 ] 1.0000e+00
 7.831e+01 1.1328e-12 1.1328e-12 [ 1.1328e-12 ] 1.0000e+00
 7.843e+01 1.0855e-12 1.0855e-12 [ 1.0855e-12 ] 1.0000e+00
 7.854e+01 1.0401e-12 1.0401e-12 [ 1.0401e-12 ] 1.0000e+00
 7.865e+01 9.9661e-13 9.9661e-13 [ 9.9661e-13 ] 1.0000e+00
 7.877e+01 9.5488e-13 9.5488e-13 [ 9.5488e-13 ] 1.0000e+00
 7.888e+01 9.1486e-13 9.1486e-13 [ 9.1486e-13 ] 1.0000e+00
 7.899e+01 8.7648e-13 8.7648e-13 [ 8.7648e-13 ] 1.0000e+00
 7.911e+01 8.3968e-13 8.3968e-13 [ 8.3968e-13 ] 1.0000e+00
 7.922e+01 8.0440e-13 8.0440e-13 [ 8.0440e-13 ] 1.0000e+00
 7.933e+01 7.7057e-13 7.7057e-13 [ 7.7057e-13 ] 1.0000e+00
 7.945e+01 7.3813e-13 7.3813e-13 [ 7.3813e-13 ] 1.0000e+00
 7.956e+01 7.0703e-13 7.0703e-13 [ 7.0703e-13 ] 1.0000e+00
 7.967e+01 6.7722e-13 6.7722e-13 [ 6.7722e-13 ] 1.0000e+00
 7.979e+01 6.4864e-13 6.4864e-13 [ 6.4864e-13 ] 1.0000e+00
 7.990e+01 6.2124e-13 6.2124e-13 [ 6.2124e-13 ] 1.0000e+00
 8.001e+01 5.9497e-13 5.9497e-13 [ 5.9497e-13 ] 1.0000e+00
 8.013e+01 5.6979e-13 5.6979e-13 [ 5.6979e-13 ] 1.0000e+00
 8.024e+01 5.4566e-13 5.4566e-13 [ 5.4566e-13 ] 1.0000e+00
 8.035e+01 5.2252e-13 5.2252e-13 [ 5.2252e-13 ] 1.0000e+00
 8.047e+01 5.0035e-13 5.0035e-13 [ 5.0035e-13 ] 1.0000e+00
 8.058e+01 4.7910e-13 4.7910e-13 [ 4.7910e-13 ] 1.0000e+00
 8.069e+01 4.5874e-13 4.5874e-13 [ 4.5874e-13 ] 1.0000e+00
 8.081e+01 4.3922e-13 4.3922e-13 [ 4.3922e-13 ] 1.0000e+00
 8.092e+01 4.2052e-13 4.2052e-13 [ 4.2052e-13 ] 1.0000e+00
 8.103e+01 4.0260e-13 4.0260e-13 [ 4.0260e-13 ] 1.0000e+00
 8.115e+01 3.8542e-13 3.8542e-13 [ 3.8542e-13 ] 1.0000e+00
 8.126e+01 3.6897e-13 3.6897e-13 [ 3.6897e-13 ] 1.0000e+00
 8.137e+01 3.5320e-13 3.5320e-13 [ 3.5320e-13 ] 1.0000e+00
 8.149e+01 3.3809e-13 3.3809e-13 [ 3.3809e-13 ] 1.0000e+00
 8.160e+01 3.2362e-13 3.2362e-13 [ 3.2362e-13 ] 1.0000e+00
 8.171e+01 3.0975e-13 3.0975e-13 [ 3.0975e-13 ] 1.0000e+00
 8.183e+01 2.9646e-13 2.9646e-13 [ 2.9646e-13 ] 1.0000e+00
 8.194e+01 2.8374e-13 2.8374e-13 [ 2.8374e-13 ] 1.0000e+00
 8.205e+01 2.7155e-13 2.7155e-13 [ 2.7155e-13 ] 1.0000e+00
 8.217e+01 2.5987e-13 2.5987e-13 [ 2.5987e-13 ] 1.0000e+00
 8.228e+01 2.4868e-13 2.4868e-13 [ 2.4868e-13 ] 1.0000e+00
 8.239e+01 2.3797e-13 2.3797e-13 [ 2.3797e-13 ] 1.0000e+00
 8.251e+01 2.2771e-13 2.2771e-13 [ 2.2771e-13 ] 1.0000e+00
 8.262e+01 2.1788e-13 2.1788e-13 [ 2.1788e-13 ] 1.0000e+00
 8.273e+01 2.0847e-13 2.0847e-13 [ 2.0847e-13 ] 1.0000e+00
 8.285e+01 1.9945e-13 1.9945e-13 [ 1.9945e-13 ] 1.0000e+00
 8.296e+01 1.9082e-13 1.9082e-13 [ 1.9082e-13 ] 1.0000e+00
 8.307e+01 1.8256e-13 1.8256e-13 [ 1.8256e-13 ] 1.0000e+00
 8.319e+01 1.7464e-13 1.7464e-13 [ 1.7464e-13 ] 1.0000e+00
 8.330e+01 1.6706e-13 1.6706e-13 [ 1.6706e-13 ] 1.0000e+00
 8.341e+01 1.5981e-13 1.5981e-13 [ 1.5981e-13 ] 1.0000e+00
 8.353e+01 1.5286e-13 1.5286e-13 [ 1.5286e-13 ] 1.0000e+00
 8.364e+01 1.4621e-13 1.4621e-13 [ 1.4621e-13 ] 1.0000e+00
 8.375e+01 1.3984e-13 1.3984e-13 [ 1.3984e-13 ] 1.0000e+00
 8.387e+01 1.3374e-13 1.3374e-13 [ 1.3374e-13 ] 1.0000e+00
 8.398e+01 1.2791e-13 1.2791e-13 [ 1.2791e-13 ] 1.0000e+00
 8.409e+01 1.2232e-13 1.2232e-13 [ 1.2232e-13 ] 1.0000e+00
 8.421e+01 1.1698e-13 1.1698e-13 [ 1.1698e-13 ] 1.0000e+00
 8.432e+01 1.1186e-13 1.1186e-13 [ 1.1186e-13 ] 1.0000e+00
 8.443e+01 1.0696e-13 1.0696e-13 [ 1.0696e-13 ] 1.0000e+00
 8.455e+01 1.0227e-13 1.0227e-13 [ 1.0227e-13 ] 1.0000e+00
 8.466e+01 9.7785e-14 9.7785e-14 [ 9.7785e-14 ] 1.0000e+00
 8.477e+01 9.3492e-14 9.3492e-14 [ 9.3492e-14 ] 1.0000e+00
 8.489e+01 8.9383e-14 8.9383e-14 [ 8.9383e-14 ] 1.0000e+00
 8.500e+01 8.5451e-14 8.5451e-14 [ 8.5451e-14 ] 1.0000e+00
 8.511e+01 8.1688e-14 8.1688e-14 [ 8.1688e-14 ] 1.0000e+00
 8.523e+01 7.8088e-14 7.8088e-14 [ 7.8088e-14 ] 1.0000e+00
 8.534e+01 7.4643e-14 7.4643e-14 [ 7.4643e-14 ] 1.0000e+00
 8.545e+01 7.1348e-14 7.1348e-14 [ 7.1348e-14 ] 1.0000e+00
 8.557e+01 6.8195e-14 6.8195e-14 [ 6.8195e-14 ] 1.0000e+00
 8.568e+01 6.5178e-14 6.5178e-14 [ 6.5178e-14 ] 1.0000e+00
 8.579e+01 6.2293e-14 6.2293e-14 [ 6.2293e-14 ] 1.0000e+00
 8.591e+01 5.9532e-14 5.9532e-14 [ 5.9532e-14 ] 1.0000e+00
 8.602e+01 5.6892e-14 5.6892e-14 [ 5.6892e-14 ] 1.0000e+00
 8.613e+01 5.4366e-14 5.4366e-14 [ 5.4366e-14 ] 1.0000e+00
 8.625e+01 5.1950e-14 5.1950e-14 [ 5.1950e-14 ] 1.0000e+00
 8.636e+01 4.9639e-14 4.9639e-14 [ 4.9639e-14 ] 1.0000e+00
 8.647e+01 4.7430e-14 4.7430e-14 [ 4.7430e-14 ] 1.0000e+00
 8.659e+01 4.5316e-14 4.5316e-14 [ 4.5316e-14 ] 1.0000e+00
 8.670e+01 4.3295e-14 4.3295e-14 [ 4.3295e-14 ] 1.0000e+00
 8.681e+01 4.1362e-14 4.1362e-14 [ 4.1362e-14 ] 1.0000e+00
 8.693e+01 3.9514e-14 3.9514e-14 [ 3.9514e-14 ] 1.0000e+00
 8.704e+01 3.7747e-14 3.7747e-14 [ 3.7747e-14 ] 1.0000e+00
 8.715e+01 3.6057e-14 3.6057e-14 [ 3.6057e-14 ] 1.0000e+00
 8.727e+01 3.4442e-14 3.4442e-14 [ 3.4442e-14 ] 1.0000e+00
 8.738e+01 3.2897e-14 3.2897e-14 [ 3.2897e-14 ] 1.0000e+00
 8.749e+01 3.1420e-14 3.1420e-14 [ 3.1420e-14 ] 1.0000e+00
 8.761e+01 3.0009e-14 3.0009e-14 [ 3.0009e-14 ] 1.0000e+00
 8.772e+01 2.8659e-14 2.8659e-14 [ 2.8659e-14 ] 1.0000e+00
 8.783e+01 2.7369e-14 2.7369e-14 [ 2.7369e-14 ] 1.0000e+00
 8.795e+01 2.6136e-14 2.6136e-14 [ 2.6136e-14 ] 1.0000e+00
 8.806e+01 2.4957e-14 2.4957e-14 [ 2.4957e-14 ] 1.0000e+00
 8.817e+01 2.3831e-14 2.3831e-14 [ 2.3831e-14 ] 1.0000e+00
 8.829e+01 2.2754e-14 2.2754e-14 [ 2.2754e-14 ] 1.0000e+00
 8.840e+01 2.1725e-14 2.1725e-14 [ 2.1725e-14 ] 1.0000e+00
 8.851e+01 2.0742e-14 2.0742e-14 [ 2.0742e-14 ] 1.0000e+00
 8.863e+01 1.9802e-14 1.9802e-14 [ 1.9802e-14 ] 1.0000e+00
 8.874e+01 1.8904e-14 1.8904e-14 [ 1.8904e-14 ] 1.0000e+00
 8.885e+01 1.8046e-14 1.8046e-14 [ 1.8046e-14 ] 1.0000e+00
 8.897e+01 1.7227e-14 1.7227e-14 [ 1.7227e-14 ] 1.0000e+00
 8.908e+01 1.6443e-14 1.6443e-14 [ 1.6443e-14 ] 1.0000e+00
 8.919e+01 1.5695e-14 1.5695e-14 [ 1.5695e-14 ] 1.0000e+00
 8.931e+01 1.4980e-14 1.4980e-14 [ 1.4980e-14 ] 1.0000e+00
 8.942e+01 1.4297e-14 1.4297e-14 [ 1.4297e-14 ] 1.0000e+00
 8.953e+01 1.3644e-14 1.3644e-14 [ 1.3644e-14 ] 1.0000e+00
 8.965e+01 1.3021e-14 1.3021e-14 [ 1.3021e-14 ] 1.0000e+00
 8.976e+01 1.2426e-14 1.2426e-14 [ 1.2426e-14 ] 1.0000e+00
 8.987e+01 1.1857e-14 1.1857e-14 [ 1.1857e-14 ] 1.0000e+00
 8.999e+01 1.1314e-14 1.1314e-14 [ 1.1314e-14 ] 1.0000e+00
 9.010e+01 1.0795e-14 1.0795e-14 [ 1.0795e-14 ] 1.0000e+00
 9.021e+01 1.0300e-14 1.0300e-14 [ 1.0300e-14 ] 1.0000e+00
 9.033e+01 9.8265e-15 9.8265e-15 [ 9.8265e-15 ] 1.0000e+00
 9.044e+01 9.3747e-15 9.3747e-15 [ 9.3747e-15 ] 1.0000e+00
 9.055e+01 8.9432e-15 8.9432e-15 [ 8.9432e-15 ] 1.0000e+00
 9.067e+01 8.5313e-15 8.5313e-15 [ 8.5313e-15 ] 1.0000e+00
 9.078e+01 8.1379e-15 8.1379e-15 [ 8.1379e-15 ] 1.0000e+00
 9.089e+01 7.7624e-15 7.7624e-15 [ 7.7624e-15 ] 1.0000e+00
 9.101e+01 7.4038e-15 7.4038e-15 [ 7.4038e-15 ] 1.0000e+00
 9.112e+01 7.0615e-15 7.0615e-15 [ 7.0615e-15 ] 1.0000e+00
 9.123e+01 6.7347e-15 6.7347e-15 [ 6.7347e-15 ] 1.0000e+00
 9.135e+01 6.4228e-15 6.4228e-15 [ 6.4228e-15 ] 1.0000e+00
 9.146e+01 6.1250e-15 6.1250e-15 [ 6.1250e-15 ] 1.0000e+00
 9.157e+01 5.8407e-15 5.8407e-15 [ 5.8407e-15 ] 1.0000e+00
 9.169e+01 5.5694e-15 5.5694e-15 [ 5.5694e-15 ] 1.0000e+00
 9.180e+01 5.3105e-15 5.3105e-15 [ 5.3105e-15 ] 1.0000e+00
 9.191e+01 5.0634e-15 5.0634e-15 [ 5.0634e-15 ] 1.0000e+00
 9.203e+01 4.8275e-15 4.8275e-15 [ 4.8275e-15 ] 1.0000e+00
 9.214e+01 4.6025e-15 4.6025e-15 [ 4.6025e-15 ] 1.0000e+00
 9.225e+01 4.3877e-15 4.3877e-15 [ 4.3877e-15 ] 1.0000e+00
 9.237e+01 4.1828e-15 4.1828e-15 [ 4.1828e-15 ] 1.0000e+00
 9.248e+01 3.9872e-15 3.9872e-15 [ 3.9872e-15 ] 1.0000e+00
 9.259e+01 3.8006e-15 3.8006e-15 [ 3.8006e-15 ] 1.0000e+00
 9.271e+01 3.6226e-15 3.6226e-15 [ 3.6226e-15 ] 1.0000e+00
 9.282e+01 3.4528e-15 3.4528e-15 [ 3.4528e-15 ] 1.0000e+00
 9.293e+01 3.2908e-15 3.2908e-15 [ 3.2908e-15 ] 1.0000e+00
 9.305e+01 3.1362e-15 3.1362e-15 [ 3.1362e-15 ] 1.0000e+00
 9.316e+01 2.9888e-15 2.9888e-15 [ 2.9888e-15 ] 1.0000e+00
 9.327e+01 2.8481e-15 2.8481e-15 [ 2.8481e-15 ] 1.0000e+00
 9.339e+01 2.7140e-15 2.7140e-15 [ 2.7140e-15 ] 1.0000e+00
 9.350e+01 2.5860e-15 2.5860e-15 [ 2.5860e-15 ] 1.0000e+00
 9.361e+01 2.4640e-15 2.4640e-15 [ 2.4640e-15 ] 1.0000e+00
 9.373e+01 2.3476e-15 2.3476e-15 [ 2.3476e-15 ] 1.0000e+00
 9.384e+01 2.2367e-15 2.2367e-15 [ 2.2367e-15 ] 1.0000e+00
 9.395e+01 2.1308e-15 2.1308e-15 [ 2.1308e-15 ] 1.0000e+00
 9.407e+01 2.0299e-15 2.0299e-15 [ 2.0299e-15 ] 1.0000e+00
 9.418e+01 1.9337e-15 1.9337e-15 [ 1.9337e-15 ] 1.0000e+00
 9.429e+01 1.8419e-15 1.8419e-15 [ 1.8419e-15 ] 1.0000e+00
 9.441e+01 1.7545e-15 1.7545e-15 [ 1.7545e-15 ] 1.0000e+00
 9.452e+01 1.6711e-15 1.6711e-15 [ 1.6711e-15 ] 1.0000e+00
 9.463e+01 1.5915e-15 1.5915e-15 [ 1.5915e-15 ] 1.0000e+00
 9.475e+01 1.5158e-15 1.5158e-15 [ 1.5158e-15 ] 1.0000e+00
 9.486e+01 1.4435e-15 1.4435e-15 [ 1.4435e-15 ] 1.0000e+00
 9.497e+01 1.3746e-15 1.3746e-15 [ 1.3746e-15 ] 1.0000e+00
 9.509e+01 1.3090e-15 1.3090e-15 [ 1.3090e-15 ] 1.0000e+00
 9.520e+01 1.2464e-15 1.2464e-15 [ 1.2464e-15 ] 1.0000e+00
 9.531e+01 1.1868e-15 1.1868e-15 [ 1.1868e-15 ] 1.0000e+00
 9.543e+01 1.1299e-15 1.1299e-15 [ 1.1299e-15 ] 1.0000e+00
 9.554e+01 1.0758e-15 1.0758e-15 [ 1.0758e-15 ] 1.0000e+00
 9.565e+01 1.0242e-15 1.0242e-15 [ 1.0242e-15 ] 1.0000e+00
 9.577e+01 9.7499e-16 9.7499e-16 [ 9.7499e-16 ] 1.0000e+00
 9.588e+01 9.2812e-16 9.2812e-16 [ 9.2812e-16 ] 1.0000e+00
 9.599e+01 8.8347e-16 8.8347e-16 [ 8.8347e-16 ] 1.0000e+00
 9.611e+01 8.4093e-16 8.4093e-16 [ 8.4093e-16 ] 1.0000e+00
 9.622e+01 8.0040e-16 8.0040e-16 [ 8.0040e-16 ] 1.0000e+00
 9.633e+01 7.6178e-16 7.6178e-16 [ 7.6178e-16 ] 1.0000e+00
 9.645e+01 7.2500e-16 7.2500e-16 [ 7.2500e-16 ] 1.0000e+00
 9.656e+01 6.8996e-16 6.8996e-16 [ 6.8996e-16 ] 1.0000e+00
 9.667e+01 6.5658e-16 6.5658e-16 [ 6.5658e-16 ] 1.0000e+00
 9.679e+01 6.2479e-16 6.2479e-16 [ 6.2479e-16 ] 1.0000e+00
 9.690e+01 5.9450e-16 5.9450e-16 [ 5.9450e-16 ] 1.0000e+00
 9.701e+01 5.6566e-16 5.6566e-16 [ 5.6566e-16 ] 1.0000e+00
 9.713e+01 5.3820e-16 5.3820e-16 [ 5.3820e-16 ] 1.0000e+00
 9.724e+01 5.1204e-16 5.1204e-16 [ 5.1204e-16 ] 1.0000e+00
 9.735e+01 4.8713e-16 4.8713e-16 [ 4.8713e-16 ] 1.0000e+00
 9.747e+01 4.6341e-16 4.6341e-16 [ 4.6341e-16 ] 1.0000e+00
 9.758e+01 4.4083e-16 4.4083e-16 [ 4.4083e-16 ] 1.0000e+00
 9.769e+01 4.1933e-16 4.1933e-16 [ 4.1933e-16 ] 1.0000e+00
 9.781e+01 3.9885e-16 3.9885e-16 [ 3.9885e-16 ] 1.0000e+00
 9.792e+01 3.7936e-16 3.7936e-16 [ 3.7936e-16 ] 1.0000e+00
 9.803e+01 3.6081e-16 3.6081e-16 [ 3.6081e-16 ] 1.0000e+00
 9.815e+01 3.4314e-16 3.4314e-16 [ 3.4314e-16 ] 1.0000e+00
 9.826e+01 3.2633e-16 3.2633e-16 [ 3.2633e-16 ] 1.0000e+00
 9.837e+01 3.1032e-16 3.1032e-16 [ 3.1032e-16 ] 1.0000e+00
 9.849e+01 2.9508e-16 2.9508e-16 [ 2.9508e-16 ] 1.0000e+00
 9.860e+01 2.8058e-16 2.8058e-16 [ 2.8058e-16 ] 1.0000e+00
 9.871e+01 2.6678e-16 2.6678e-16 [ 2.6678e-16 ] 1.0000e+00
 9.883e+01 2.5365e-16 2.5365e-16 [ 2.5365e-16 ] 1.0000e+00
 9.894e+01 2.4115e-16 2.4115e-16 [ 2.4115e-16 ] 1.0000e+00
 9.905e+01 2.2926e-16 2.2926e-16 [ 2.2926e-16 ] 1.0000e+00
 9.917e+01 2.1794e-16 2.1794e-16 [ 2.1794e-16 ] 1.0000e+00
 9.928e+01 2.0717e-16 2.0717e-16 [ 2.0717e-16 ] 1.0000e+00
 9.939e+01 1.9693e-16 1.9693e-16 [ 1.9693e-16 ] 1.0000e+00
 9.951e+01 1.8718e-16 1.8718e-16 [ 1.8718e-16 ] 1.0000e+00
 9.962e+01 1.7790e-16 1.7790e-16 [ 1.7790e-16 ] 1.0000e+00
 9.973e+01 1.6908e-16 1.6908e-16 [ 1.6908e-16 ] 1.0000e+00
 9.985e+01 1.6069e-16 1.6069e-16 [ 1.6069e-16 ] 1.0000e+00
 9.996e+01 1.5271e-16 1.5271e-16 [ 1.5271e-16 ] 1.0000e+00
 1.001e+02 1.4511e-16 1.4511e-16 [ 1.4511e-16 ] 1.0000e+00
 1.002e+02 1.3789e-16 1.3789e-16 [ 1.3789e-16 ] 1.0000e+00
 1.003e+02 1.3102e-16 1.3102e-16 [ 1.3102e-16 ] 1.0000e+00
 1.004e+02 1.2449e-16 1.2449e-16 [ 1.2449e-16 ] 1.0000e+00
 1.005e+02 1.1827e-16 1.1827e-16 [ 1.1827e-16 ] 1.0000e+00
 1.006e+02 1.1237e-16 1.1237e-16 [ 1.1237e-16 ] 1.0000e+00
 1.008e+02 1.0675e-16 1.0675e-16 [ 1.0675e-16 ] 1.0000e+00
 1.009e+02 1.0141e-16 1.0141e-16 [ 1.0141e-16 ] 1.0000e+00
 1.010e+02 9.6326e-17 9.6326e-17 [ 9.6326e-17 ] 1.0000e+00
 1.011e+02 9.1496e-17 9.1496e-17 [ 9.1496e-17 ] 1.0000e+00
 1.012e+02 8.6904e-17 8.6904e-17 [ 8.6904e-17 ] 1.0000e+00
 1.013e+02 8.2539e-17 8.2539e-17 [ 8.2539e-17 ] 1.0000e+00
 1.014e+02 7.8390e-17 7.8390e-17 [ 7.8390e-17 ] 1.0000e+00
 1.015e+02 7.4445e-17 7.4445e-17 [ 7.4445e-17 ] 1.0000e+00
 1.017e+02 7.0696e-17 7.0696e-17 [ 7.0696e-17 ] 1.0000e+00
 1.018e+02 6.7132e-17 6.7132e-17 [ 6.7132e-17 ] 1.0000e+00
 1.019e+02 6.3744e-17 6.3744e-17 [ 6.3744e-17 ] 1.0000e+00
 1.020e+02 6.0525e-17 6.0525e-17 [ 6.0525e-17 ] 1.0000e+00
 1.021e+02 5.7465e-17 5.7465e-17 [ 5.7465e-17 ] 1.0000e+00
 1.022e+02 5.4558e-17 5.4558e-17 [ 5.4558e-17 ] 1.0000e+00
 1.023e+02 5.1795e-17 5.1795e-17 [ 5.1795e-17 ] 1.0000e+00
 1.025e+02 4.9170e-17 4.9170e-17 [ 4.9170e-17 ] 1.0000e+00
 1.026e+02 4.6675e-17 4.6675e-17 [ 4.6675e-17 ] 1.0000e+00
 1.027e+02 4.4305e-17 4.4305e-17 [ 4.4305e-17 ] 1.0000e+00
 1.028e+02 4.2053e-17 4.2053e-17 [ 4.2053e-17 ] 1.0000e+00
 1.029e+02 3.9914e-17 3.9914e-17 [ 3.9914e-17 ] 1.0000e+00
 1.030e+02 3.7882e-17 3.7882e-17 [ 3.7882e-17 ] 1.0000e+00
 1.031e+02 3.5951e-17 3.5951e-17 [ 3.5951e-17 ] 1.0000e+00
 1.032e+02 3.4117e-17 3.4117e-17 [ 3.4117e-17 ] 1.0000e+00
 1.034e+02 3.2375e-17 3.2375e-17 [ 3.2375e-17 ] 1.0000e+00
 1.035e+02 3.0721e-17 3.0721e-17 [ 3.0721e-17 ] 1.0000e+00
 1.036e+02 2.9150e-17 2.9150e-17 [ 2.9150e-17 ] 1.0000e+00
 1.037e+02 2.7657e-17 2.7657e-17 [ 2.7657e-17 ] 1.0000e+00
 1.038e+02 2.6240e-17 2.6240e-17 [ 2.6240e-17 ] 1.0000e+00
 1.039e+02 2.4894e-17 2.4894e-17 [ 2.4894e-17 ] 1.0000e+00
 1.040e+02 2.3616e-17 2.3616e-17 [ 2.3616e-17 ] 1.0000e+00
 1.042e+02 2.2403e-17 2.2403e-17 [ 2.2403e-17 ] 1.0000e+00
 1.043e+02 2.1251e-17 2.1251e-17 [ 2.1251e-17 ] 1.0000e+00
 1.044e+02 2.0157e-17 2.0157e-17 [ 2.0157e-17 ] 1.0000e+00
 1.045e+02 1.9119e-17 1.9119e-17 [ 1.9119e-17 ] 1.0000e+00
 1.046e+02 1.8133e-17 1.8133e-17 [ 1.8133e-17 ] 1.0000e+00
 1.047e+02 1.7197e-17 1.7197e-17 [ 1.7197e-17 ] 1.0000e+00
 1.048e+02 1.6309e-17 1.6309e-17 [ 1.6309e-17 ] 1.0000e+00
 1.049e+02 1.5465e-17 1.5465e-17 [ 1.5465e-17 ] 1.0000e+00
 1.051e+02 1.4665e-17 1.4665e-17 [ 1.4665e-17 ] 1.0000e+00
 1.052e+02 1.3905e-17 1.3905e-17 [ 1.3905e-17 ] 1.0000e+00
 1.053e+02 1.3185e-17 1.3185e-17 [ 1.3185e-17 ] 1.0000e+00
 1.054e+02 1.2500e-17 1.2500e-17 [ 1.2500e-17 ] 1.0000e+00
 1.055e+02 1.1851e-17 1.1851e-17 [ 1.1851e-17 ] 1.0000e+00
 1.056e+02 1.1235e-17 1.1235e-17 [ 1.1235e-17 ] 1.0000e+00
 1.057e+02 1.0651e-17 1.0651e-17 [ 1.0651e-17 ] 1.0000e+00
 1.059e+02 1.0096e-17 1.0096e-17 [ 1.0096e-17 ] 1.0000e+00
 1.060e+02 9.5697e-18 9.5697e-18 [ 9.5697e-18 ] 1.0000e+00
 1.061e+02 9.0704e-18 9.0704e-18 [ 9.0704e-18 ] 1.0000e+00
 1.062e+02 8.5968e-18 8.5968e-18 [ 8.5968e-18 ] 1.0000e+00
 1.063e+02 8.1475e-18 8.1475e-18 [ 8.1475e-18 ] 1.0000e+00
 1.064e+02 7.7213e-18 7.7213e-18 [ 7.7213e-18 ] 1.0000e+00
 1.065e+02 7.3171e-18 7.3171e-18 [ 7.3171e-18 ] 1.0000e+00
 1.066e+02 6.9336e-18 6.9336e-18 [ 6.9336e-18 ] 1.0000e+00
 1.068e+02 6.5700e-18 6.5700e-18 [ 6.5700e-18 ] 1.0000e+00
 1.069e+02 6.2251e-18 6.2251e-18 [ 6.2251e-18 ] 1.0000e+00
 1.070e+02 5.8980e-18 5.8980e-18 [ 5.8980e-18 ] 1.0000e+00
 1.071e+02 5.5878e-18 5.5878e-18 [ 5.5878e-18 ] 1.0000e+00
 1.072e+02 5.2937e-18 5.2937e-18 [ 5.2937e-18 ] 1.0000e+00
 1.073e+02 5.0148e-18 5.0148e-18 [ 5.0148e-18 ] 1.0000e+00
 1.074e+02 4.7503e-18 4.7503e-18 [ 4.7503e-18 ] 1.0000e+00
 1.076e+02 4.4996e-18 4.4996e-18 [ 4.4996e-18 ] 1.0000e+00
 1.077e+02 4.2619e-18 4.2619e-18 [ 4.2619e-18 ] 1.0000e+00
 1.078e+02 4.0366e-18 4.0366e-18 [ 4.0366e-18 ] 1.0000e+00
 1.079e+02 3.8230e-18 3.8230e-18 [ 3.8230e-18 ] 1.0000e+00
 1.080e+02 3.6205e-18 3.6205e-18 [ 3.6205e-18 ] 1.0000e+00
 1.081e+02 3.4286e-18 3.4286e-18 [ 3.4286e-18 ] 1.0000e+00
 1.082e+02 3.2467e-18 3.2467e-18 [ 3.2467e-18 ] 1.0000e+00
 1.083e+02 3.0742e-18 3.0742e-18 [ 3.0742e-18 ] 1.0000e+00
 1.085e+02 2.9108e-18 2.9108e-18 [ 2.9108e-18 ] 1.0000e+00
 1.086e+02 2.7560e-18 2.7560e-18 [ 2.7560e-18 ] 1.0000e+00
 1.087e+02 2.6092e-18 2.6092e-18 [ 2.6092e-18 ] 1.0000e+00
 1.088e+02 2.4702e-18 2.4702e-18 [ 2.4702e-18 ] 1.0000e+00
 1.089e+02 2.3384e-18 2.3384e-18 [ 2.3384e-18 ] 1.0000e+00
 1.090e+02 2.2136e-18 2.2136e-18 [ 2.2136e-18 ] 1.0000e+00
 1.091e+02 2.0953e-18 2.0953e-18 [ 2.0953e-18 ] 1.0000e+00
 1.093e+02 1.9832e-18 1.9832e-18 [ 1.9832e-18 ] 1.0000e+00
 1.094e+02 1.8771e-18 1.8771e-18 [ 1.8771e-18 ] 1.0000e+00
 1.095e+02 1.7765e-18 1.7765e-18 [ 1.7765e-18 ] 1.0000e+00
 1.096e+02 1.6812e-18 1.6812e-18 [ 1.6812e-18 ] 1.0000e+00
 1.097e+02 1.5910e-18 1.5910e-18 [ 1.5910e-18 ] 1.0000e+00
 1.098e+02 1.5055e-18 1.5055e-18 [ 1.5055e-18 ] 1.0000e+00
 1.099e+02 1.4246e-18 1.4246e-18 [ 1.4246e-18 ] 1.0000e+00
 1.100e+02 1.3479e-18 1.3479e-18 [ 1.3479e-18 ] 1.0000e+00
 1.102e+02 1.2753e-18 1.2753e-18 [ 1.2753e-18 ] 1.0000e+00
 1.103e+02 1.2066e-18 1.2066e-18 [ 1.2066e-18 ] 1.0000e+00
 1.104e+02 1.1415e-18 1.1415e-18 [ 1.1415e-18 ] 1.0000e+00
 1.105e+02 1.0798e-18 1.0798e-18 [ 1.0798e-18 ] 1.0000e+00
 1.106e+02 1.0215e-18 1.0215e-18 [ 1.0215e-18 ] 1.0000e+00
 1.107e+02 9.6621e-19 9.6621e-19 [ 9.6621e-19 ] 1.0000e+00
 1.108e+02 9.1389e-19 9.1389e-19 [ 9.1389e-19 ] 1.0000e+00
 1.110e+02 8.6437e-19 8.6437e-19 [ 8.6437e-19 ] 1.0000e+00
 1.111e+02 8.1748e-19 8.1748e-19 [ 8.1748e-19 ] 1.0000e+00
 1.112e+02 7.7310e-19 7.7310e-19 [ 7.7310e-19 ] 1.0000e+00
 1.113e+02 7.3110e-19 7.3110e-19 [ 7.3110e-19 ] 1.0000e+00
 1.114e+02 6.9134e-19 6.9134e-19 [ 6.9134e-19 ] 1.0000e+00
 1.115e+02 6.5371e-19 6.5371e-19 [ 6.5371e-19 ] 1.0000e+00
 1.116e+02 6.1810e-19 6.1810e-19 [ 6.1810e-19 ] 1.0000e+00
 1.117e+02 5.8440e-19 5.8440e-19 [ 5.8440e-19 ] 1.0000e+00
 1.119e+02 5.5251e-19 5.5251e-19 [ 5.5251e-19 ] 1.0000e+00
 1.120e+02 5.2233e-19 5.2233e-19 [ 5.2233e-19 ] 1.0000e+00
 1.121e+02 4.9377e-19 4.9377e-19 [ 4.9377e-19 ] 1.0000e+00
 1.122e+02 4.6676e-19 4.6676e-19 [ 4.6676e-19 ] 1.0000e+00
 1.123e+02 4.4120e-19 4.4120e-19 [ 4.4120e-19 ] 1.0000e+00
 1.124e+02 4.1702e-19 4.1702e-19 [ 4.1702e-19 ] 1.0000e+00
 1.125e+02 3.9414e-19 3.9414e-19 [ 3.9414e-19 ] 1.0000e+00
 1.127e+02 3.7250e-19 3.7250e-19 [ 3.7250e-19 ] 1.0000e+00
 1.128e+02 3.5203e-19 3.5203e-19 [ 3.5203e-19 ] 1.0000e+00
 1.129e+02 3.3267e-19 3.3267e-19 [ 3.3267e-19 ] 1.0000e+00
 1.130e+02 3.1436e-19 3.1436e-19 [ 3.1436e-19 ] 1.0000e+00
 1.131e+02 2.9704e-19 2.9704e-19 [ 2.9704e-19 ] 1.0000e+00
 1.132e+02 2.8066e-19 2.8066e-19 [ 2.8066e-19 ] 1.0000e+00
 1.133e+02 2.6517e-19 2.6517e-19 [ 2.6517e-19 ] 1.0000e+00
 1.134e+02 2.5052e-19 2.5052e-19 [ 2.5052e-19 ] 1.0000e+00
 1.136e+02 2.3667e-19 2.3667e-19 [ 2.3667e-19 ] 1.0000e+00
 1.137e+02 2.2357e-19 2.2357e-19 [ 2.2357e-19 ] 1.0000e+00
 1.138e+02 2.1119e-19 2.1119e-19 [ 2.1119e-19 ] 1.0000e+00
 1.139e+02 1.9949e-19 1.9949e-19 [ 1.9949e-19 ] 1.0000e+00
 1.140e+02 1.8842e-19 1.8842e-19 [ 1.8842e-19 ] 1.0000e+00
 1.141e+02 1.7796e-19 1.7796e-19 [ 1.7796e-19 ] 1.0000e+00
 1.142e+02 1.6807e-19 1.6807e-19 [ 1.6807e-19 ] 1.0000e+00
 1.144e+02 1.5872e-19 1.5872e-19 [ 1.5872e-19 ] 1.0000e+00
 1.145e+02 1.4988e-19 1.4988e-19 [ 1.4988e-19 ] 1.0000e+00
 1.146e+02 1.4153e-19 1.4153e-19 [ 1.4153e-19 ] 1.0000e+00
 1.147e+02 1.3364e-19 1.3364e-19 [ 1.3364e-19 ] 1.0000e+00
 1.148e+02 1.2618e-19 1.2618e-19 [ 1.2618e-19 ] 1.0000e+00
 1.149e+02 1.1913e-19 1.1913e-19 [ 1.1913e-19 ] 1.0000e+00
 1.150e+02 1.1247e-19 1.1247e-19 [ 1.1247e-19 ] 1.0000e+00
 1.151e+02 1.0618e-19 1.0618e-19 [ 1.0618e-19 ] 1.0000e+00
 1.153e+02 1.0023e-19 1.0023e-19 [ 1.0023e-19 ] 1.0000e+00
 1.154e+02 9.4616e-20 9.4616e-20 [ 9.4616e-20 ] 1.0000e+00
 1.155e+02 8.9308e-20 8.9308e-20 [ 8.9308e-20 ] 1.0000e+00
 1.156e+02 8.4293e-20 8.4293e-20 [ 8.4293e-20 ] 1.0000e+00
 1.157e+02 7.9557e-20 7.9557e-20 [ 7.9557e-20 ] 1.0000e+00
 1.158e+02 7.5082e-20 7.5082e-20 [ 7.5082e-20 ] 1.0000e+00
 1.159e+02 7.0856e-20 7.0856e-20 [ 7.0856e-20 ] 1.0000e+00
 1.161e+02 6.6864e-20 6.6864e-20 [ 6.6864e-20 ] 1.0000e+00
 1.162e+02 6.3094e-20 6.3094e-20 [ 6.3094e-20 ] 1.0000e+00
 1.163e+02 5.9533e-20 5.9533e-20 [ 5.9533e-20 ] 1.0000e+00
 1.164e+02 5.6170e-20 5.6170e-20 [ 5.6170e-20 ] 1.0000e+00
 1.165e+02 5.2995e-20 5.2995e-20 [ 5.2995e-20 ] 1.0000e+00
 1.166e+02 4.9997e-20 4.9997e-20 [ 4.9997e-20 ] 1.0000e+00
 1.167e+02 4.7166e-20 4.7166e-20 [ 4.7166e-20 ] 1.0000e+00
 1.168e+02 4.4492e-20 4.4492e-20 [ 4.4492e-20 ] 1.0000e+00
 1.170e+02 4.1969e-20 4.1969e-20 [ 4.1969e-20 ] 1.0000e+00
 1.171e+02 3.9586e-20 3.9586e-20 [ 3.9586e-20 ] 1.0000e+00
 1.172e+02 3.7337e-20 3.7337e-20 [ 3.7337e-20 ] 1.0000e+00
 1.173e+02 3.5214e-20 3.5214e-20 [ 3.5214e-20 ] 1.0000e+00
 1.174e+02 3.3209e-20 3.3209e-20 [ 3.3209e-20 ] 1.0000e+00
 1.175e+02 3.1318e-20 3.1318e-20 [ 3.1318e-20 ] 1.0000e+00
 1.176e+02 2.9532e-20 2.9532e-20 [ 2.9532e-20 ] 1.0000e+00
 1.178e+02 2.7847e-20 2.7847e-20 [ 2.7847e-20 ] 1.0000e+00
 1.179e+02 2.6257e-20 2.6257e-20 [ 2.6257e-20 ] 1.0000e+00
 1.180e+02 2.4756e-20 2.4756e-20 [ 2.4756e-20 ] 1.0000e+00
 1.181e+02 2.3340e-20 2.3340e-20 [ 2.3340e-20 ] 1.0000e+00
 1.182e+02 2.2004e-20 2.2004e-20 [ 2.2004e-20 ] 1.0000e+00
 1.183e+02 2.0743e-20 2.0743e-20 [ 2.0743e-20 ] 1.0000e+00
 1.184e+02 1.9553e-20 1.9553e-20 [ 1.9553e-20 ] 1.0000e+00
 1.185e+02 1.8431e-20 1.8431e-20 [ 1.8431e-20 ] 1.0000e+00
 1.187e+02 1.7372e-20 1.7372e-20 [ 1.7372e-20 ] 1.0000e+00
 1.188e+02 1.6373e-20 1.6373e-20 [ 1.6373e-20 ] 1.0000e+00
 1.189e+02 1.5431e-20 1.5431e-20 [ 1.5431e-20 ] 1.0000e+00
 1.190e+02 1.4543e-20 1.4543e-20 [ 1.4543e-20 ] 1.0000e+00
 1.191e+02 1.3704e-20 1.3704e-20 [ 1.3704e-20 ] 1.0000e+00
 1.192e+02 1.2914e-20 1.2914e-20 [ 1.2914e-20 ] 1.0000e+00
 1.193e+02 1.2168e-20 1.2168e-20 [ 1.2168e-20 ] 1.0000e+00
 1.195e+02 1.1465e-20 1.1465e-20 [ 1.1465e-20 ] 1.0000e+00
 1.196e+02 1.0802e-20 1.0802e-20 [ 1.0802e-20 ] 1.0000e+00
 1.197e+02 1.0177e-20 1.0177e-20 [ 1.0177e-20 ] 1.0000e+00
 1.198e+02 9.5874e-21 9.5874e-21 [ 9.5874e-21 ] 1.0000e+00
 1.199e+02 9.0315e-21 9.0315e-21 [ 9.0315e-21 ] 1.0000e+00
 1.200e+02 8.5075e-21 8.5075e-21 [ 8.5075e-21 ] 1.0000e+00
 1.201e+02 8.0134e-21 8.0134e-21 [ 8.0134e-21 ] 1.0000e+00
 1.202e+02 7.5477e-21 7.5477e-21 [ 7.5477e-21 ] 1.0000e+00
 1.204e+02 7.1086e-21 7.1086e-21 [ 7.1086e-21 ] 1.0000e+00
 1.205e+02 6.6948e-21 6.6948e-21 [ 6.6948e-21 ] 1.0000e+00
 1.206e+02 6.3047e-21 6.3047e-21 [ 6.3047e-21 ] 1.0000e+00
 1.207e+02 5.9370e-21 5.9370e-21 [ 5.9370e-21 ] 1.0000e+00
 1.208e+02 5.5905e-21 5.5905e-21 [ 5.5905e-21 ] 1.0000e+00
 1.209e+02 5.2640e-21 5.2640e-21 [ 5.2640e-21 ] 1.0000e+00
 1.210e+02 4.9563e-21 4.9563e-21 [ 4.9563e-21 ] 1.0000e+00
 1.212e+02 4.6663e-21 4.6663e-21 [ 4.6663e-21 ] 1.0000e+00
 1.213e+02 4.3930e-21 4.3930e-21 [ 4.3930e-21 ] 1.0000e+00
 1.214e+02 4.1356e-21 4.1356e-21 [ 4.1356e-21 ] 1.0000e+00
 1.215e+02 3.8930e-21 3.8930e-21 [ 3.8930e-21 ] 1.0000e+00
 1.216e+02 3.6645e-21 3.6645e-21 [ 3.6645e-21 ] 1.0000e+00
 1.217e+02 3.4492e-21 3.4492e-21 [ 3.4492e-21 ] 1.0000e+00
 1.218e+02 3.2464e-21 3.2464e-21 [ 3.2464e-21 ] 1.0000e+00
 1.219e+02 3.0553e-21 3.0553e-21 [ 3.0553e-21 ] 1.0000e+00
 1.221e+02 2.8754e-21 2.8754e-21 [ 2.8754e-21 ] 1.0000e+00
 1.222e+02 2.7059e-21 2.7059e-21 [ 2.7059e-21 ] 1.0000e+00
 1.223e+02 2.5463e-21 2.5463e-21 [ 2.5463e-21 ] 1.0000e+00
 1.224e+02 2.3959e-21 2.3959e-21 [ 2.3959e-21 ] 1.0000e+00
 1.225e+02 2.2544e-21 2.2544e-21 [ 2.2544e-21 ] 1.0000e+00
 1.226e+02 2.1210e-21 2.1210e-21 [ 2.1210e-21 ] 1.0000e+00
 1.227e+02 1.9955e-21 1.9955e-21 [ 1.9955e-21 ] 1.0000e+00
 1.229e+02 1.8773e-21 1.8773e-21 [ 1.8773e-21 ] 1.0000e+00
 1.230e+02 1.7660e-21 1.7660e-21 [ 1.7660e-21 ] 1.0000e+00
 1.231e+02 1.6612e-21 1.6612e-21 [ 1.6612e-21 ] 1.0000e+00
 1.232e+02 1.5626e-21 1.5626e-21 [ 1.5626e-21 ] 1.0000e+00
 1.233e+02 1.4697e-21 1.4697e-21 [ 1.4697e-21 ] 1.0000e+00
 1.234e+02 1.3823e-21 1.3823e-21 [ 1.3823e-21 ] 1.0000e+00
 1.235e+02 1.3000e-21 1.3000e-21 [ 1.3000e-21 ] 1.0000e+00
 1.236e+02 1.2226e-21 1.2226e-21 [ 1.2226e-21 ] 1.0000e+00
 1.238e+02 1.1497e-21 1.1497e-21 [ 1.1497e-21 ] 1.0000e+00
 1.239e+02 1.0811e-21 1.0811e-21 [ 1.0811e-21 ] 1.0000e+00
 1.240e+02 1.0165e-21 1.0165e-21 [ 1.0165e-21 ] 1.0000e+00
 1.241e+02 9.5573e-22 9.5573e-22 [ 9.5573e-22 ] 1.0000e+00
 1.242e+02 8.9856e-22 8.9856e-22 [ 8.9856e-22 ] 1.0000e+00
 1.243e+02 8.4477e-22 8.4477e-22 [ 8.4477e-22 ] 1.0000e+00
 1.244e+02 7.9415e-22 7.9415e-22 [ 7.9415e-22 ] 1.0000e+00
 1.246e+02 7.4653e-22 7.4653e-22 [ 7.4653e-22 ] 1.0000e+00
 1.247e+02 7.0173e-22 7.0173e-22 [ 7.0173e-22 ] 1.0000e+00
 1.248e+02 6.5958e-22 6.5958e-22 [ 6.5958e-22 ] 1.0000e+00
 1.249e+02 6.1993e-22 6.1993e-22 [ 6.1993e-22 ] 1.0000e+00
 1.250e+02 5.8264e-22 5.8264e-22 [ 5.8264e-22 ] 1.0000e+00
 1.251e+02 5.4756e-22 5.4756e-22 [ 5.4756e-22 ] 1.0000e+00
 1.252e+02 5.1456e-22 5.1456e-22 [ 5.1456e-22 ] 1.0000e+00
 1.253e+02 4.8353e-22 4.8353e-22 [ 4.8353e-22 ] 1.0000e+00
 1.255e+02 4.5435e-22 4.5435e-22 [ 4.5435e-22 ] 1.0000e+00
 1.256e+02 4.2690e-22 4.2690e-22 [ 4.2690e-22 ] 1.0000e+00
 1.257e+02 4.0110e-22 4.0110e-22 [ 4.0110e-22 ] 1.0000e+00
 1.258e+02 3.7683e-22 3.7683e-22 [ 3.7683e-22 ] 1.0000e+00
 1.259e+02 3.5401e-22 3.5401e-22 [ 3.5401e-22 ] 1.0000e+00
 1.260e+02 3.3256e-22 3.3256e-22 [ 3.3256e-22 ] 1.0000e+00
 1.261e+02 3.1239e-22 3.1239e-22 [ 3.1239e-22 ] 1.0000e+00
 1.263e+02 2.9343e-22 2.9343e-22 [ 2.9343e-22 ] 1.0000e+00
 1.264e+02 2.7561e-22 2.7561e-22 [ 2.7561e-22 ] 1.0000e+00
 1.265e+02 2.5885e-22 2.5885e-22 [ 2.5885e-22 ] 1.0000e+00
 1.266e+02 2.4310e-22 2.4310e-22 [ 2.4310e-22 ] 1.0000e+00
 1.267e+02 2.2830e-22 2.2830e-22 [ 2.2830e-22 ] 1.0000e+00
 1.268e+02 2.1439e-22 2.1439e-22 [ 2.1439e-22 ] 1.0000e+00
 1.269e+02 2.0131e-22 2.0131e-22 [ 2.0131e-22 ] 1.0000e+00
 1.270e+02 1.8902e-22 1.8902e-22 [ 1.8902e-22 ] 1.0000e+00
 1.272e+02 1.7748e-22 1.7748e-22 [ 1.7748e-22 ] 1.0000e+00
 1.273e+02 1.6663e-22 1.6663e-22 [ 1.6663e-22 ] 1.0000e+00
 1.274e+02 1.5643e-22 1.5643e-22 [ 1.5643e-22 ] 1.0000e+00
 1.275e+02 1.4685e-22 1.4685e-22 [ 1.4685e-22 ] 1.0000e+00
 1.276e+02 1.3785e-22 1.3785e-22 [ 1.3785e-22 ] 1.0000e+00
 1.277e+02 1.2940e-22 1.2940e-22 [ 1.2940e-22 ] 1.0000e+00
 1.278e+02 1.2146e-22 1.2146e-22 [ 1.2146e-22 ] 1.0000e+00
 1.280e+02 1.1399e-22 1.1399e-22 [ 1.1399e-22 ] 1.0000e+00
 1.281e+02 1.0699e-22 1.0699e-22 [ 1.0699e-22 ] 1.0000e+00
 1.282e+02 1.0040e-22 1.0040e-22 [ 1.0040e-22 ] 1.0000e+00
 1.283e+02 9.4222e-23 9.4222e-23 [ 9.4222e-23 ] 1.0000e+00
 1.284e+02 8.8415e-23 8.8415e-23 [ 8.8415e-23 ] 1.0000e+00
 1.285e+02 8.2962e-23 8.2962e-23 [ 8.2962e-23 ] 1.0000e+00
 1.286e+02 7.7842e-23 7.7842e-23 [ 7.7842e-23 ] 1.0000e+00
 1.287e+02 7.3033e-23 7.3033e-23 [ 7.3033e-23 ] 1.0000e+00
 1.289e+02 6.8518e-23 6.8518e-23 [ 6.8518e-23 ] 1.0000e+00
 1.290e+02 6.4279e-23 6.4279e-23 [ 6.4279e-23 ] 1.0000e+00
 1.291e+02 6.0299e-23 6.0299e-23 [ 6.0299e-23 ] 1.0000e+00
 1.292e+02 5.6563e-23 5.6563e-23 [ 5.6563e-23 ] 1.0000e+00
 1.293e+02 5.3055e-23 5.3055e-23 [ 5.3055e-23 ] 1.0000e+00
 1.294e+02 4.9762e-23 4.9762e-23 [ 4.9762e-23 ] 1.0000e+00
 1.295e+02 4.6671e-23 4.6671e-23 [ 4.6671e-23 ] 1.0000e+00
 1.297e+02 4.3770e-23 4.3770e-23 [ 4.3770e-23 ] 1.0000e+00
 1.298e+02 4.1047e-23 4.1047e-23 [ 4.1047e-23 ] 1.0000e+00
 1.299e+02 3.8491e-23 3.8491e-23 [ 3.8491e-23 ] 1.0000e+00
 1.300e+02 3.6093e-23 3.6093e-23 [ 3.6093e-23 ] 1.0000e+00
 1.301e+02 3.3842e-23 3.3842e-23 [ 3.3842e-23 ] 1.0000e+00
 1.302e+02 3.1730e-23 3.1730e-23 [ 3.1730e-23 ] 1.0000e+00
 1.303e+02 2.9748e-23 2.9748e-23 [ 2.9748e-23 ] 1.0000e+00
 1.304e+02 2.7889e-23 2.7889e-23 [ 2.7889e-23 ] 1.0000e+00
 1.306e+02 2.6144e-23 2.6144e-23 [ 2.6144e-23 ] 1.0000e+00
 1.307e+02 2.4508e-23 2.4508e-23 [ 2.4508e-23 ] 1.0000e+00
 1.308e+02 2.2972e-23 2.2972e-23 [ 2.2972e-23 ] 1.0000e+00
 1.309e+02 2.1532e-23 2.1532e-23 [ 2.1532e-23 ] 1.0000e+00
 1.310e+02 2.0181e-23 2.0181e-23 [ 2.0181e-23 ] 1.0000e+00
 1.311e+02 1.8913e-23 1.8913e-23 [ 1.8913e-23 ] 1.0000e+00
 1.312e+02 1.7725e-23 1.7725e-23 [ 1.7725e-23 ] 1.0000e+00
 1.314e+02 1.6610e-23 1.6610e-23 [ 1.6610e-23 ] 1.0000e+00
 1.315e+02 1.5564e-23 1.5564e-23 [ 1.5564e-23 ] 1.0000e+00
 1.316e+02 1.4584e-23 1.4584e-23 [ 1.4584e-23 ] 1.0000e+00
 1.317e+02 1.3664e-23 1.3664e-23 [ 1.3664e-23 ] 1.0000e+00
 1.318e+02 1.2802e-23 1.2802e-23 [ 1.2802e-23 ] 1.0000e+00
 1.319e+02 1.1994e-23 1.1994e-23 [ 1.1994e-23 ] 1.0000e+00
 1.320e+02 1.1236e-23 1.1236e-23 [ 1.1236e-23 ] 1.0000e+00
 1.321e+02 1.0525e-23 1.0525e-23 [ 1.0525e-23 ] 1.0000e+00
 1.323e+02 9.8591e-24 9.8591e-24 [ 9.8591e-24 ] 1.0000e+00
 1.324e+02 9.2346e-24 9.2346e-24 [ 9.2346e-24 ] 1.0000e+00
 1.325e+02 8.6493e-24 8.6493e-24 [ 8.6493e-24 ] 1.0000e+00
 1.326e+02 8.1006e-24 8.1006e-24 [ 8.1006e-24 ] 1.0000e+00
 1.327e+02 7.5863e-24 7.5863e-24 [ 7.5863e-24 ] 1.0000e+00
 1.328e+02 7.1043e-24 7.1043e-24 [ 7.1043e-24 ] 1.0000e+00
 1.329e+02 6.6525e-24 6.6525e-24 [ 6.6525e-24 ] 1.0000e+00
 1.331e+02 6.2292e-24 6.2292e-24 [ 6.2292e-24 ] 1.0000e+00
 1.332e+02 5.8325e-24 5.8325e-24 [ 5.8325e-24 ] 1.0000e+00
 1.333e+02 5.4608e-24 5.4608e-24 [ 5.4608e-24 ] 1.0000e+00
 1.334e+02 5.1125e-24 5.1125e-24 [ 5.1125e-24 ] 1.0000e+00
 1.335e+02 4.7861e-24 4.7861e-24 [ 4.7861e-24 ] 1.0000e+00
 1.336e+02 4.4804e-24 4.4804e-24 [ 4.4804e-24 ] 1.0000e+00
 1.337e+02 4.1939e-24 4.1939e-24 [ 4.1939e-24 ] 1.0000e+00
 1.338e+02 3.9256e-24 3.9256e-24 [ 3.9256e-24 ] 1.0000e+00
 1.340e+02 3.6743e-24 3.6743e-24 [ 3.6743e-24 ] 1.0000e+00
 1.341e+02 3.4388e-24 3.4388e-24 [ 3.4388e-24 ] 1.0000e+00
 1.342e+02 3.2183e-24 3.2183e-24 [ 3.2183e-24 ] 1.0000e+00
 1.343e+02 3.0118e-24 3.0118e-24 [ 3.0118e-24 ] 1.0000e+00
 1.344e+02 2.8183e-24 2.8183e-24 [ 2.8183e-24 ] 1.0000e+00
 1.345e+02 2.6372e-24 2.6372e-24 [ 2.6372e-24 ] 1.0000e+00
 1.346e+02 2.4675e-24 2.4675e-24 [ 2.4675e-24 ] 1.0000e+00
 1.348e+02 2.3087e-24 2.3087e-24 [ 2.3087e-24 ] 1.0000e+00
 1.349e+02 2.1599e-24 2.1599e-24 [ 2.1599e-24 ] 1.0000e+00
 1.350e+02 2.0207e-24 2.0207e-24 [ 2.0207e-24 ] 1.0000e+00
 1.351e+02 1.8903e-24 1.8903e-24 [ 1.8903e-24 ] 1.0000e+00
 1.352e+02 1.7682e-24 1.7682e-24 [ 1.7682e-24 ] 1.0000e+00
 1.353e+02 1.6540e-24 1.6540e-24 [ 1.6540e-24 ] 1.0000e+00
 1.354e+02 1.5470e-24 1.5470e-24 [ 1.5470e-24 ] 1.0000e+00
 1.355e+02 1.4469e-24 1.4469e-24 [ 1.4469e-24 ] 1.0000e+00
 1.357e+02 1.3532e-24 1.3532e-24 [ 1.3532e-24 ] 1.0000e+00
 1.358e+02 1.2654e-24 1.2654e-24 [ 1.2654e-24 ] 1.0000e+00
 1.359e+02 1.1833e-24 1.1833e-24 [ 1.1833e-24 ] 1.0000e+00
 1.360e+02 1.1065e-24 1.1065e-24 [ 1.1065e-24 ] 1.0000e+00
 1.361e+02 1.0346e-24 1.0346e-24 [ 1.0346e-24 ] 1.0000e+00
 1.362e+02 9.6736e-25 9.6736e-25 [ 9.6736e-25 ] 1.0000e+00
 1.363e+02 9.0441e-25 9.0441e-25 [ 9.0441e-25 ] 1.0000e+00
 1.365e+02 8.4551e-25 8.4551e-25 [ 8.4551e-25 ] 1.0000e+00
 1.366e+02 7.9041e-25 7.9041e-25 [ 7.9041e-25 ] 1.0000e+00
 1.367e+02 7.3886e-25 7.3886e-25 [ 7.3886e-25 ] 1.0000e+00
 1.368e+02 6.9063e-25 6.9063e-25 [ 6.9063e-25 ] 1.0000e+00
 1.369e+02 6.4552e-25 6.4552e-25 [ 6.4552e-25 ] 1.0000e+00
 1.370e+02 6.0332e-25 6.0332e-25 [ 6.0332e-25 ] 1.0000e+00
 1.371e+02 5.6384e-25 5.6384e-25 [ 5.6384e-25 ] 1.0000e+00
 1.372e+02 5.2693e-25 5.2693e-25 [ 5.2693e-25 ] 1.0000e+00
 1.374e+02 4.9240e-25 4.9240e-25 [ 4.9240e-25 ] 1.0000e+00
 1.375e+02 4.6011e-25 4.6011e-25 [ 4.6011e-25 ] 1.0000e+00
 1.376e+02 4.2991e-25 4.2991e-25 [ 4.2991e-25 ] 1.0000e+00
 1.377e+02 4.0168e-25 4.0168e-25 [ 4.0168e-25 ] 1.0000e+00
 1.378e+02 3.7528e-25 3.7528e-25 [ 3.7528e-25 ] 1.0000e+00
 1.379e+02 3.5059e-25 3.5059e-25 [ 3.5059e-25 ] 1.0000e+00
 1.380e+02 3.2751e-25 3.2751e-25 [ 3.2751e-25 ] 1.0000e+00
 1.382e+02 3.0593e-25 3.0593e-25 [ 3.0593e-25 ] 1.0000e+00
 1.383e+02 2.8576e-25 2.8576e-25 [ 2.8576e-25 ] 1.0000e+00
 1.384e+02 2.6690e-25 2.6690e-25 [ 2.6690e-25 ] 1.0000e+00
 1.385e+02 2.4928e-25 2.4928e-25 [ 2.4928e-25 ] 1.0000e+00
 1.386e+02 2.3280e-25 2.3280e-25 [ 2.3280e-25 ] 1.0000e+00
 1.387e+02 2.1740e-25 2.1740e-25 [ 2.1740e-25 ] 1.0000e+00
 1.388e+02 2.0301e-25 2.0301e-25 [ 2.0301e-25 ] 1.0000e+00
 1.389e+02 1.8956e-25 1.8956e-25 [ 1.8956e-25 ] 1.0000e+00
 1.391e+02 1.7699e-25 1.7699e-25 [ 1.7699e-25 ] 1.0000e+00
 1.392e+02 1.6524e-25 1.6524e-25 [ 1.6524e-25 ] 1.0000e+00
 1.393e+02 1.5427e-25 1.5427e-25 [ 1.5427e-25 ] 1.0000e+00
 1.394e+02 1.4402e-25 1.4402e-25 [ 1.4402e-25 ] 1.0000e+00
 1.395e+02 1.3444e-25 1.3444e-25 [ 1.3444e-25 ] 1.0000e+00
 1.396e+02 1.2548e-25 1.2548e-25 [ 1.2548e-25 ] 1.0000e+00
 1.397e+02 1.1712e-25 1.1712e-25 [ 1.1712e-25 ] 1.0000e+00
 1.399e+02 1.0931e-25 1.0931e-25 [ 1.0931e-25 ] 1.0000e+00
 1.400e+02 1.0201e-25 1.0201e-25 [ 1.0201e-25 ] 1.0000e+00
 1.401e+02 9.5199e-26 9.5199e-26 [ 9.5199e-26 ] 1.0000e+00
 1.402e+02 8.8834e-26 8.8834e-26 [ 8.8834e-26 ] 1.0000e+00
 1.403e+02 8.2888e-26 8.2888e-26 [ 8.2888e-26 ] 1.0000e+00
 1.404e+02 7.7336e-26 7.7336e-26 [ 7.7336e-26 ] 1.0000e+00
 1.405e+02 7.2151e-26 7.2151e-26 [ 7.2151e-26 ] 1.0000e+00
 1.406e+02 6.7309e-26 6.7309e-26 [ 6.7309e-26 ] 1.0000e+00
 1.408e+02 6.2788e-26 6.2788e-26 [ 6.2788e-26 ] 1.0000e+00
 1.409e+02 5.8567e-26 5.8567e-26 [ 5.8567e-26 ] 1.0000e+00
 1.410e+02 5.4626e-26 5.4626e-26 [ 5.4626e-26 ] 1.0000e+00
 1.411e+02 5.0946e-26 5.0946e-26 [ 5.0946e-26 ] 1.0000e+00
 1.412e+02 4.7511e-26 4.7511e-26 [ 4.7511e-26 ] 1.0000e+00
 1.413e+02 4.4304e-26 4.4304e-26 [ 4.4304e-26 ] 1.0000e+00
 1.414e+02 4.1311e-26 4.1311e-26 [ 4.1311e-26 ] 1.0000e+00
 1.416e+02 3.8517e-26 3.8517e-26 [ 3.8517e-26 ] 1.0000e+00
 1.417e+02 3.5909e-26 3.5909e-26 [ 3.5909e-26 ] 1.0000e+00
 1.418e+02 3.3475e-26 3.3475e-26 [ 3.3475e-26 ] 1.0000e+00
 1.419e+02 3.1204e-26 3.1204e-26 [ 3.1204e-26 ] 1.0000e+00
 1.420e+02 2.9084e-26 2.9084e-26 [ 2.9084e-26 ] 1.0000e+00
 1.421e+02 2.7106e-26 2.7106e-26 [ 2.7106e-26 ] 1.0000e+00
 1.422e+02 2.5260e-26 2.5260e-26 [ 2.5260e-26 ] 1.0000e+00
 1.423e+02 2.3538e-26 2.3538e-26 [ 2.3538e-26 ] 1.0000e+00
 1.425e+02 2.1931e-26 2.1931e-26 [ 2.1931e-26 ] 1.0000e+00
 1.426e+02 2.0432e-26 2.0432e-26 [ 2.0432e-26 ] 1.0000e+00
 1.427e+02 1.9033e-26 1.9033e-26 [ 1.9033e-26 ] 1.0000e+00
 1.428e+02 1.7728e-26 1.7728e-26 [ 1.7728e-26 ] 1.0000e+00
 1.429e+02 1.6511e-26 1.6511e-26 [ 1.6511e-26 ] 1.0000e+00
 1.430e+02 1.5376e-26 1.5376e-26 [ 1.5376e-26 ] 1.0000e+00
 1.431e+02 1.4317e-26 1.4317e-26 [ 1.4317e-26 ] 1.0000e+00
 1.433e+02 1.3330e-26 1.3330e-26 [ 1.3330e-26 ] 1.0000e+00
 1.434e+02 1.2408e-26 1.2408e-26 [ 1.2408e-26 ] 1.0000e+00
 1.435e+02 1.1549e-26 1.1549e-26 [ 1.1549e-26 ] 1.0000e+00
 1.436e+02 1.0748e-26 1.0748e-26 [ 1.0748e-26 ] 1.0000e+00
 1.437e+02 1.0002e-26 1.0002e-26 [ 1.0002e-26 ] 1.0000e+00
 1.438e+02 9.3050e-27 9.3050e-27 [ 9.3050e-27 ] 1.0000e+00
 1.439e+02 8.6556e-27 8.6556e-27 [ 8.6556e-27 ] 1.0000e+00
 1.440e+02 8.0501e-27 8.0501e-27 [ 8.0501e-27 ] 1.0000e+00
 1.442e+02 7.4856e-27 7.4856e-27 [ 7.4856e-27 ] 1.0000e+00
 1.443e+02 6.9593e-27 6.9593e-27 [ 6.9593e-27 ] 1.0000e+00
 1.444e+02 6.4686e-27 6.4686e-27 [ 6.4686e-27 ] 1.0000e+00
 1.445e+02 6.0113e-27 6.0113e-27 [ 6.0113e-27 ] 1.0000e+00
 1.446e+02 5.5849e-27 5.5849e-27 [ 5.5849e-27 ] 1.0000e+00
 1.447e+02 5.1875e-27 5.1875e-27 [ 5.1875e-27 ] 1.0000e+00
 1.448e+02 4.8170e-27 4.8170e-27 [ 4.8170e-27 ] 1.0000e+00
 1.450e+02 4.4718e-27 4.4718e-27 [ 4.4718e-27 ] 1.0000e+00
 1.451e+02 4.1499e-27 4.1499e-27 [ 4.1499e-27 ] 1.0000e+00
 1.452e+02 3.8500e-27 3.8500e-27 [ 3.8500e-27 ] 1.0000e+00
 1.453e+02 3.5704e-27 3.5704e-27 [ 3.5704e-27 ] 1.0000e+00
 1.454e+02 3.3099e-27 3.3099e-27 [ 3.3099e-27 ] 1.0000e+00
 1.455e+02 3.0670e-27 3.0670e-27 [ 3.0670e-27 ] 1.0000e+00
 1.456e+02 2.8407e-27 2.8407e-27 [ 2.8407e-27 ] 1.0000e+00
 1.457e+02 2.6298e-27 2.6298e-27 [ 2.6298e-27 ] 1.0000e+00
 1.459e+02 2.4332e-27 2.4332e-27 [ 2.4332e-27 ] 1.0000e+00
 1.460e+02 2.2499e-27 2.2499e-27 [ 2.2499e-27 ] 1.0000e+00
 1.461e+02 2.0791e-27 2.0791e-27 [ 2.0791e-27 ] 1.0000e+00
 1.462e+02 1.9200e-27 1.9200e-27 [ 1.9200e-27 ] 1.0000e+00
 1.463e+02 1.7716e-27 1.7716e-27 [ 1.7716e-27 ] 1.0000e+00
 1.464e+02 1.6333e-27 1.6333e-27 [ 1.6333e-27 ] 1.0000e+00
 1.465e+02 1.5043e-27 1.5043e-27 [ 1.5043e-27 ] 1.0000e+00
 1.467e+02 1.3841e-27 1.3841e-27 [ 1.3841e-27 ] 1.0000e+00
 1.468e+02 1.2720e-27 1.2720e-27 [ 1.2720e-27 ] 1.0000e+00
 1.469e+02 1.1674e-27 1.1674e-27 [ 1.1674e-27 ] 1.0000e+00
 1.470e+02 1.0700e-27 1.0700e-27 [ 1.0700e-27 ] 1.0000e+00
 1.471e+02 9.7903e-28 9.7903e-28 [ 9.7903e-28 ] 1.0000e+00
 1.472e+02 8.9422e-28 8.9422e-28 [ 8.9422e-28 ] 1.0000e+00
 1.473e+02 8.1509e-28 8.1509e-28 [ 8.1509e-28 ] 1.0000e+00
 1.474e+02 7.4127e-28 7.4127e-28 [ 7.4127e-28 ] 1.0000e+00
 1.476e+02 6.7239e-28 6.7239e-28 [ 6.7239e-28 ] 1.0000e+00
 1.477e+02 6.0813e-28 6.0813e-28 [ 6.0813e-28 ] 1.0000e+00
 1.478e+02 5.4816e-28 5.4816e-28 [ 5.4816e-28 ] 1.0000e+00
 1.479e+02 4.9222e-28 4.9222e-28 [ 4.9222e-28 ] 1.0000e+00
 1.480e+02 4.4005e-28 4.4005e-28 [ 4.4005e-28 ] 1.0000e+00
 1.481e+02 3.9141e-28 3.9141e-28 [ 3.9141e-28 ] 1.0000e+00
 1.482e+02 3.4609e-28 3.4609e-28 [ 3.4609e-28 ] 1.0000e+00
 1.484e+02 3.0391e-28 3.0391e-28 [ 3.0391e-28 ] 1.0000e+00
 1.485e+02 2.6470e-28 2.6470e-28 [ 2.6470e-28 ] 1.0000e+00
 1.486e+02 2.2833e-28 2.2833e-28 [ 2.2833e-28 ] 1.0000e+00
 1.487e+02 1.9467e-28 1.9467e-28 [ 1.9467e-28 ] 1.0000e+00
 1.488e+02 1.6364e-28 1.6364e-28 [ 1.6364e-28 ] 1.0000e+00
 1.489e+02 1.3518e-28 1.3518e-28 [ 1.3518e-28 ] 1.0000e+00
 1.490e+02 1.0924e-28 1.0924e-28 [ 1.0924e-28 ] 1.0000e+00
 1.491e+02 8.5821e-29 8.5821e-29 [ 8.5821e-29 ] 1.0000e+00
 1.493e+02 6.4953e-29 6.4953e-29 [ 6.4953e-29 ] 1.0000e+00
 1.494e+02 4.6700e-29 4.6700e-29 [ 4.6700e-29 ] 1.0000e+00
 1.495e+02 3.1166e-29 3.1166e-29 [ 3.1166e-29 ] 1.0000e+00
 1.496e+02 1.8499e-29 1.8499e-29 [ 1.8499e-29 ] 1.0000e+00
 1.497e+02 8.9010e-30 8.9010e-30 [ 8.9010e-30 ] 1.0000e+00
 1.498e+02 2.6275e-30 2.6275e-30 [ 2.6275e-30 ] 1.0000e+00
 1.499e+02 0.0000e+00 0.0000e+00 [ 0.0000e+00 ] 1.0000e+00
