4002  4.500e+00 -8.64114e+01 2.41882e-10 7.76102e-07 3.36332e-06
 4.300e+00 8.5581e-09 8.5581e-09 [ 9.1159e-16 8.5581e-09 ] 0.0000e+00 [ 0.0000e+00 ] 1.0000e+00
4154  4.500e+00 -8.64002e+01 3.68284e-10 1.99938e-06 7.94661e-06
 4.300e+00 1.0986e-08 1.0986e-08 [ 1.3442e-15 1.0986e-08 ] 0.0000e+00 [ 0.0000e+00 ] 1.0000e+00
5002  4.500e+00 -8.64794e+01 1.16041e-10 4.92355e-07 3.97140e-06
 4.300e+00 1.6036e-08 1.6036e-08 [ 2.4021e-15 1.6036e-08 ] 0.0000e+00 [ 0.0000e+00 ] 1.0000e+00
4601  4.500e+00 -8.70007e+01 3.71252e-10 1.99916e-06 3.26046e-06
 4.300e+00 2.8825e-08 2.8825e-08 [ 5.8508e-15 2.8825e-08 ] 0.0000e+00 [ 0.0000e+00 ] 1.0000e+00
5510  4.500e+00 -8.85482e+01 9.84364e-11 1.99778e-06 1.46316e-06
 4.300e+00 4.5825e-08 4.5825e-08 [ 1.1832e-14 4.5825e-08 ] 0.0000e+00 [ 0.0000e+00 ] 1.0000e+00
4955  4.500e+00 -9.29749e+01 3.37636e-10 1.99688e-06 3.09443e-06
 4.300e+00 6.3294e-08 6.3294e-08 [ 1.9403e-14 6.3293e-08 ] 0.0000e+00 [ 0.0000e+00 ] 1.0000e+00
7135  4.500e+00 -1.68370e+02 1.39446e-10 1.99897e-06 3.69243e-06
 4.300e+00 9.0796e-08 9.0796e-08 [ 3.3898e-14 9.0796e-08 ] 0.0000e+00 [ 0.0000e+00 ] 1.0000e+00
4861  4.500e+00 -1.72602e+03 1.88037e-11 1.99802e-06 3.17195e-06
 4.300e+00 1.0902e-07 1.0902e-07 [ 4.5088e-14 1.0902e-07 ] 0.0000e+00 [ 0.0000e+00 ] 1.0000e+00
